STARTPROP
MASSES:  4.500000e-02   4.200000e-03
SOURCE: GAM_1
SINKS: GAM_1
0  1.172585e+06  1.703135e+04
1  1.900877e+06  1.700541e+04
2  8.773178e+05  8.575923e+03
3  4.661556e+05  6.848587e+03
4  2.430203e+05  5.795592e+03
5  1.247288e+05  -5.068066e+02
6  6.553421e+04  -9.625863e+02
7  3.264762e+04  6.926513e+02
8  1.651459e+04  1.343835e+03
9  8.138080e+03  2.020412e+03
10  4.297846e+03  1.302935e+03
11  1.864439e+03  6.554571e+02
12  1.464635e+03  3.892091e+02
13  8.248256e+02  5.127081e+02
14  4.916407e+02  5.959978e+02
15  2.749654e+02  5.797892e+02
16  6.229611e+01  4.381061e+02
17  7.264773e+01  3.345860e+02
18  -5.455744e+00  1.800338e+02
19  -7.130332e+01  7.283021e+01
20  -1.558558e+01  3.985797e+01
21  2.730994e+01  1.137368e+01
22  2.846429e+01  -4.986506e+00
23  1.779489e+01  -8.021517e+00
24  1.015555e+01  -9.047621e+00
25  3.787688e+00  -5.580092e+00
26  1.389673e+00  -2.298681e-01
27  -4.605746e+00  3.307266e+00
28  -4.712477e+00  4.642706e+00
29  -3.690982e+00  1.353819e+00
30  -4.277729e+00  -1.825526e-01
31  -4.118889e+00  -6.673338e-01
32  -2.577974e+00  -4.261288e-01
33  -1.190737e+00  6.085602e-01
34  -1.074505e-02  1.474472e+00
35  1.036144e+00  2.431888e+00
36  2.143897e+00  1.563626e+00
37  2.402082e+00  3.191217e+00
38  3.390935e+00  9.204300e+00
39  4.734398e+00  1.285485e+01
40  1.313752e+01  1.432143e+01
41  2.566031e+01  1.410560e+01
42  2.854918e+01  2.392829e+01
43  5.910954e+01  3.283617e+01
44  8.193132e+01  2.838419e+01
45  9.450361e+01  4.658870e+01
46  1.190742e+02  5.097478e+01
47  2.846236e+02  1.138970e+02
48  5.139246e+02  2.427519e+02
49  1.120982e+03  5.891680e+02
50  1.883478e+03  9.559425e+02
51  2.521732e+03  1.324728e+03
52  3.639568e+03  1.679372e+03
53  4.824643e+03  2.261766e+03
54  7.380258e+03  2.706637e+03
55  1.328923e+04  1.342370e+03
56  2.180090e+04  -1.940606e+03
57  3.885855e+04  -1.365745e+03
58  7.103713e+04  1.757260e+03
59  1.251211e+05  3.004957e+03
60  2.273792e+05  6.767793e+03
61  4.318440e+05  3.925509e+03
62  8.405726e+05  -4.481483e+02
63  1.856640e+06  3.337001e+03
ENDPROP
STARTPROP
MASSES:  4.500000e-02   4.200000e-03
SOURCE: GAM_2
SINKS: GAM_2
0  1.242555e+06  -2.063739e+04
1  1.956077e+06  6.508658e+02
2  9.028190e+05  5.273385e+03
3  4.716427e+05  9.029741e+03
4  2.486533e+05  3.030362e+03
5  1.279664e+05  1.271217e+02
6  6.350947e+04  -1.917681e+03
7  3.127559e+04  -2.154399e+03
8  1.605969e+04  -8.122737e+02
9  7.754399e+03  -3.687892e+02
10  4.032731e+03  7.335865e+02
11  2.332637e+03  7.999437e+02
12  1.084410e+03  8.456528e+02
13  7.095999e+02  4.205893e+02
14  5.878477e+02  2.591725e+02
15  4.881525e+02  1.787687e+02
16  3.875132e+02  9.833277e+01
17  2.445905e+02  6.808502e+01
18  1.068037e+02  5.138031e+01
19  -1.998578e+01  4.301216e+01
20  -1.629063e+01  2.344364e+00
21  -1.696771e+01  -7.771602e+00
22  4.003530e-01  6.311564e+00
23  6.882905e+00  2.376832e+01
24  1.006977e-01  2.048325e+01
25  -1.652013e+00  1.868540e+01
26  -4.340148e-01  1.247822e+01
27  2.596459e+00  6.176923e+00
28  5.104202e+00  1.191991e+00
29  5.168416e+00  -5.588237e-01
30  4.239525e+00  -1.192628e+00
31  4.405532e+00  -3.288768e-01
32  3.841668e+00  -3.270318e-01
33  1.957150e+00  -3.507206e-01
34  1.603521e+00  -9.644233e-01
35  2.383986e+00  -3.586564e+00
36  2.759470e+00  -5.660732e+00
37  4.941104e+00  -1.062719e+01
38  5.931056e+00  -2.041715e+01
39  3.804379e+00  -2.689664e+01
40  -3.594936e+00  -3.519960e+01
41  2.434965e+00  -4.204267e+01
42  2.842465e+01  -6.274532e+01
43  5.465489e+01  -8.399896e+01
44  7.778588e+01  -8.373039e+01
45  1.323302e+02  -7.508320e+01
46  2.338391e+02  1.264511e+01
47  1.967023e+02  3.427237e+01
48  2.485730e+02  -5.489605e+00
49  4.418385e+02  8.304011e+01
50  7.598091e+02  2.062167e+02
51  1.524519e+03  2.027792e+02
52  1.656569e+03  -2.683548e+01
53  1.580694e+03  -1.061870e+02
54  3.621680e+03  3.187940e+02
55  7.777346e+03  1.078034e+03
56  1.611453e+04  1.342970e+03
57  3.131859e+04  3.770832e+03
58  6.049876e+04  5.969614e+03
59  1.204346e+05  7.016539e+03
60  2.307078e+05  3.568151e+03
61  4.562032e+05  -2.819703e+03
62  8.847637e+05  -1.306617e+04
63  1.917194e+06  -1.667210e+04
ENDPROP
STARTPROP
MASSES:  4.500000e-02   4.200000e-03
SOURCE: GAM_3
SINKS: GAM_3
0  1.298789e+06  7.323429e+03
1  1.979349e+06  1.524096e+04
2  8.983894e+05  1.215833e+04
3  4.594661e+05  7.293877e+03
4  2.270449e+05  5.263240e+03
5  1.110075e+05  7.073260e+03
6  5.496586e+04  7.206015e+03
7  2.885260e+04  6.168714e+03
8  1.730936e+04  3.815458e+03
9  9.642598e+03  8.403188e+02
10  5.320566e+03  7.870540e+02
11  2.875684e+03  9.649704e+02
12  9.704001e+02  4.733638e+02
13  2.431211e+02  3.898141e+02
14  -1.699306e+02  3.207027e+02
15  -1.711993e+02  2.272844e+02
16  -1.960818e+02  -4.666636e-01
17  -1.695463e+02  -4.060221e+01
18  -1.705959e+02  3.526336e+01
19  -8.500350e+01  6.232997e+01
20  -6.608057e+01  4.416295e+01
21  -2.123347e+01  4.585214e+01
22  -9.635903e+00  3.110644e+01
23  -2.601714e+01  2.740132e+01
24  -1.538259e+01  2.046590e+01
25  -8.376208e+00  1.116349e+01
26  -6.039990e+00  6.917326e+00
27  -3.041136e+00  4.410975e+00
28  -4.180283e-01  4.317724e+00
29  -2.005221e+00  3.988684e+00
30  -4.428091e+00  2.632551e+00
31  -5.185196e+00  2.112349e+00
32  -3.894073e+00  1.868117e+00
33  -3.548172e+00  2.743797e+00
34  -2.907787e+00  1.510939e+00
35  -4.281517e+00  -2.288028e-01
36  -4.968750e+00  -4.639256e+00
37  -7.321369e+00  -7.360835e+00
38  -1.427304e+01  -1.085191e+01
39  -3.085091e+01  -1.447642e+01
40  -5.049050e+01  -5.902640e+00
41  -6.246596e+01  2.609444e+00
42  -5.954998e+01  9.839624e+00
43  -5.495733e+01  1.600946e+01
44  -4.588366e+01  1.586704e+01
45  -4.835614e+01  2.068843e+01
46  -9.992891e+01  3.665824e+01
47  -2.248823e+02  2.114045e+01
48  -4.358850e+02  9.536432e+01
49  -6.449503e+02  1.714751e+02
50  -7.889723e+02  2.448294e+02
51  -8.282178e+02  2.598608e+02
52  -8.296098e+01  6.187853e+02
53  8.564250e+02  3.575027e+02
54  3.756298e+03  4.872948e+02
55  1.032961e+04  2.041088e+03
56  2.121779e+04  1.682415e+03
57  3.748778e+04  -6.754638e+02
58  6.870888e+04  -1.666308e+03
59  1.289477e+05  -3.538932e+03
60  2.434952e+05  -8.123561e+03
61  4.619569e+05  -6.660705e+03
62  8.983139e+05  -6.124785e+03
63  1.968819e+06  -9.406357e+02
ENDPROP
STARTPROP
MASSES:  4.500000e-02   4.200000e-03
SOURCE: GAM_4
SINKS: GAM_4
0  2.134053e+06  -2.335231e+04
1  -2.967955e+05  -3.127044e+04
2  -9.200268e+03  -2.503991e+04
3  -7.129601e+03  -2.534334e+04
4  -1.488894e+02  -2.318223e+04
5  3.031204e+03  -1.691593e+04
6  2.546136e+03  -1.205409e+04
7  2.443625e+03  -8.734885e+03
8  2.601805e+03  -6.263883e+03
9  1.827758e+03  -4.548673e+03
10  1.193493e+03  -2.760009e+03
11  8.343067e+02  -1.607919e+03
12  6.305077e+02  -9.062735e+02
13  3.847874e+02  -6.176883e+02
14  2.705697e+02  -3.223702e+02
15  1.267555e+02  -2.273976e+02
16  7.302831e+01  -1.223283e+02
17  5.086496e+01  -1.376579e+02
18  5.148485e+01  -9.203714e+01
19  4.221461e+01  -6.877458e+01
20  2.507074e+01  -5.158512e+01
21  1.629529e+01  -2.962408e+01
22  3.613202e+00  -2.608291e+01
23  -1.981209e+00  -1.388325e+01
24  -1.719340e+00  -1.140676e+01
25  -2.589624e+00  -8.761390e+00
26  -2.464219e+00  -3.591071e+00
27  -7.238742e-01  -3.706381e+00
28  -1.544544e+00  -2.391038e+00
29  -8.726870e-01  -3.874888e+00
30  -8.259945e-01  -3.272876e+00
31  -7.604414e-01  -2.600541e+00
32  -4.871701e-01  -2.457946e+00
33  -7.485013e-01  -1.940438e+00
34  -1.925288e-01  -2.505511e+00
35  -7.450662e-01  -2.990557e+00
36  -4.545432e-01  -4.193670e+00
37  -6.252425e-01  -5.219899e+00
38  -4.686068e-01  -7.179842e+00
39  -4.528882e-01  -8.975563e+00
40  7.076150e-01  -8.007431e+00
41  2.822954e+00  -1.415584e+01
42  8.039017e+00  -1.866127e+01
43  1.080871e+01  -2.149148e+01
44  1.650233e+01  -2.257724e+01
45  8.267261e+00  -1.630882e+01
46  1.595643e+01  -1.134674e+01
47  4.122105e+01  3.474361e+01
48  8.723155e+01  9.764233e+01
49  7.611789e+01  1.939720e+02
50  -1.911407e+01  2.119431e+02
51  -6.979016e+01  3.446847e+02
52  -4.961633e+02  4.454526e+02
53  -5.799486e+02  3.394846e+02
54  -1.107094e+03  1.332976e+02
55  -1.935252e+03  -2.376621e+02
56  -2.069597e+03  -9.677478e+02
57  -3.619741e+03  -6.498469e+02
58  -4.611197e+03  -1.482960e+03
59  -5.807596e+03  -2.711317e+03
60  -7.217222e+03  -3.227732e+03
61  -1.030909e+04  -8.253175e+03
62  -1.606253e+04  -1.038486e+04
63  -2.898214e+05  -1.307015e+04
ENDPROP
STARTPROP
MASSES:  4.500000e-02   4.200000e-03
SOURCE: GAM_5
SINKS: GAM_5
0  7.213400e+06  -1.458591e+04
1  6.982945e+06  6.357717e+03
2  4.817767e+06  2.594680e+04
3  3.390267e+06  3.255006e+04
4  2.339554e+06  2.906613e+04
5  1.649858e+06  2.538823e+04
6  1.153406e+06  2.338269e+04
7  7.972009e+05  1.980106e+04
8  5.603088e+05  1.257288e+04
9  3.911054e+05  7.487566e+03
10  2.742274e+05  4.829232e+03
11  1.938702e+05  4.026783e+03
12  1.358671e+05  4.136306e+03
13  9.247844e+04  3.057621e+03
14  6.335604e+04  2.310657e+03
15  4.420858e+04  1.672846e+03
16  3.042879e+04  1.281367e+03
17  2.078082e+04  1.164303e+03
18  1.432031e+04  8.706140e+02
19  9.903831e+03  5.708832e+02
20  6.927051e+03  3.404672e+02
21  4.780717e+03  1.487174e+02
22  3.386575e+03  6.811539e+01
23  2.400501e+03  2.779211e+01
24  1.623473e+03  1.283916e+01
25  1.089761e+03  2.212469e+01
26  7.390437e+02  1.767781e+01
27  5.051100e+02  2.776767e+00
28  3.497955e+02  -1.264178e+00
29  2.527984e+02  8.823451e-01
30  1.983613e+02  1.689215e+00
31  1.728558e+02  1.499481e+00
32  1.689583e+02  2.455197e+00
33  1.834300e+02  5.062315e+00
34  2.158690e+02  7.995603e+00
35  2.788752e+02  7.959647e+00
36  3.792812e+02  1.044195e+01
37  5.156331e+02  1.832434e+01
38  7.102638e+02  2.784477e+01
39  1.010902e+03  2.695796e+01
40  1.466889e+03  -8.966522e-02
41  2.129604e+03  -3.519062e+01
42  3.096697e+03  -5.508851e+01
43  4.553689e+03  -9.753054e+01
44  6.718030e+03  -1.629971e+02
45  1.008958e+04  -3.621472e+02
46  1.499331e+04  -5.832475e+02
47  2.185235e+04  -7.028489e+02
48  3.106361e+04  -7.566788e+02
49  4.320733e+04  -6.752585e+02
50  6.030583e+04  -7.826461e+02
51  8.594467e+04  -1.461484e+03
52  1.217247e+05  -1.094053e+03
53  1.735306e+05  -4.039168e+02
54  2.533301e+05  -6.538253e+02
55  3.701976e+05  -4.527622e+03
56  5.392380e+05  -8.960106e+03
57  7.796561e+05  -1.274843e+04
58  1.129874e+06  -1.363097e+04
59  1.621350e+06  -2.050098e+04
60  2.309714e+06  -3.223578e+04
61  3.360736e+06  -4.144737e+04
62  4.819431e+06  -4.272875e+04
63  6.992556e+06  -3.414925e+04
ENDPROP
STARTPROP
MASSES:  4.500000e-02   4.200000e-03
SOURCE: GAM_12
SINKS: GAM_12
0  8.385174e+05  -9.182168e+03
1  -7.035967e+05  -2.435183e+04
2  -1.730725e+05  -1.623818e+04
3  -6.048559e+04  -1.219841e+04
4  -1.423364e+04  -9.235694e+03
5  -2.076609e+03  -7.059987e+03
6  1.573510e+03  -5.438410e+03
7  2.523435e+03  -2.777058e+03
8  1.471361e+03  -2.980273e+03
9  1.028158e+03  -2.200901e+03
10  7.784627e+02  -5.493581e+02
11  4.807446e+02  -2.947711e+02
12  -1.507430e+02  -9.539351e+01
13  2.380602e+02  2.761256e-01
14  2.974059e+02  3.747317e+01
15  1.007659e+02  7.857455e+01
16  -1.084505e+02  -1.215032e+01
17  -1.169599e+02  8.265767e+00
18  -7.358171e+01  5.495885e+00
19  1.152525e+00  8.726920e+00
20  1.269155e+01  6.283128e+00
21  1.644247e+01  6.923762e+00
22  2.621462e+01  -7.679876e+00
23  2.615694e+01  -8.907014e+00
24  2.027679e+01  -1.842496e+00
25  1.523327e+01  -1.639640e+00
26  7.828936e+00  -9.569882e-02
27  1.597523e+00  1.140294e+00
28  1.114380e+00  1.073663e+00
29  5.872878e-01  -1.062574e+00
30  8.294789e-02  -5.032266e-01
31  -3.889380e-01  -2.330784e-01
32  -1.338217e+00  7.895188e-02
33  -3.255280e-01  1.392539e-01
34  -8.392636e-01  -5.294977e-01
35  -1.993666e+00  -2.338397e+00
36  -3.470186e+00  -2.528378e+00
37  -5.519265e+00  -1.438762e-02
38  -4.715704e+00  5.898724e+00
39  -5.526969e+00  1.038707e+01
40  -9.732709e+00  1.384057e+01
41  -1.932911e+01  1.689734e+01
42  -1.979787e+01  2.424091e+01
43  -1.015891e+01  2.706361e+01
44  -1.705190e+01  3.439696e+01
45  -4.293590e+01  2.630238e+01
46  -1.320393e+01  -1.358618e+01
47  -3.769499e+01  -9.970087e+01
48  -4.930375e+01  -2.275608e+02
49  -1.251659e+02  -2.673271e+02
50  -3.676893e+02  -2.724943e+02
51  -3.811045e+02  -2.536348e+02
52  -1.368611e+02  -7.455563e+01
53  3.532708e+02  7.418140e+02
54  6.171804e+02  8.726002e+02
55  -7.620982e+01  1.242806e+03
56  -2.960495e+03  3.136617e+02
57  -5.594948e+03  1.023800e+03
58  -6.707938e+03  1.147337e+03
59  -1.157642e+04  2.170877e+03
60  -2.328896e+04  3.635790e+03
61  -6.869457e+04  4.485632e+03
62  -1.801937e+05  1.591503e+03
63  -6.912848e+05  6.548342e+03
ENDPROP
STARTPROP
MASSES:  4.500000e-02   4.200000e-03
SOURCE: GAM_21
SINKS: GAM_21
0  8.385174e+05  -9.182168e+03
1  -7.035967e+05  -2.435183e+04
2  -1.730725e+05  -1.623818e+04
3  -6.048559e+04  -1.219841e+04
4  -1.423364e+04  -9.235694e+03
5  -2.076609e+03  -7.059987e+03
6  1.573510e+03  -5.438410e+03
7  2.523435e+03  -2.777058e+03
8  1.471361e+03  -2.980273e+03
9  1.028158e+03  -2.200901e+03
10  7.784627e+02  -5.493581e+02
11  4.807446e+02  -2.947711e+02
12  -1.507430e+02  -9.539351e+01
13  2.380602e+02  2.761256e-01
14  2.974059e+02  3.747317e+01
15  1.007659e+02  7.857455e+01
16  -1.084505e+02  -1.215032e+01
17  -1.169599e+02  8.265767e+00
18  -7.358171e+01  5.495885e+00
19  1.152525e+00  8.726920e+00
20  1.269155e+01  6.283128e+00
21  1.644247e+01  6.923762e+00
22  2.621462e+01  -7.679876e+00
23  2.615694e+01  -8.907014e+00
24  2.027679e+01  -1.842496e+00
25  1.523327e+01  -1.639640e+00
26  7.828936e+00  -9.569882e-02
27  1.597523e+00  1.140294e+00
28  1.114380e+00  1.073663e+00
29  5.872878e-01  -1.062574e+00
30  8.294789e-02  -5.032266e-01
31  -3.889380e-01  -2.330784e-01
32  -1.338217e+00  7.895188e-02
33  -3.255280e-01  1.392539e-01
34  -8.392636e-01  -5.294977e-01
35  -1.993666e+00  -2.338397e+00
36  -3.470186e+00  -2.528378e+00
37  -5.519265e+00  -1.438762e-02
38  -4.715704e+00  5.898724e+00
39  -5.526969e+00  1.038707e+01
40  -9.732709e+00  1.384057e+01
41  -1.932911e+01  1.689734e+01
42  -1.979787e+01  2.424091e+01
43  -1.015891e+01  2.706361e+01
44  -1.705190e+01  3.439696e+01
45  -4.293590e+01  2.630238e+01
46  -1.320393e+01  -1.358618e+01
47  -3.769499e+01  -9.970087e+01
48  -4.930375e+01  -2.275608e+02
49  -1.251659e+02  -2.673271e+02
50  -3.676893e+02  -2.724943e+02
51  -3.811045e+02  -2.536348e+02
52  -1.368611e+02  -7.455563e+01
53  3.532708e+02  7.418140e+02
54  6.171804e+02  8.726002e+02
55  -7.620982e+01  1.242806e+03
56  -2.960495e+03  3.136617e+02
57  -5.594948e+03  1.023800e+03
58  -6.707938e+03  1.147337e+03
59  -1.157642e+04  2.170877e+03
60  -2.328896e+04  3.635790e+03
61  -6.869457e+04  4.485632e+03
62  -1.801937e+05  1.591503e+03
63  -6.912848e+05  6.548342e+03
ENDPROP
STARTPROP
MASSES:  4.500000e-02   4.200000e-03
SOURCE: GAM_13
SINKS: GAM_13
0  8.138916e+05  -2.719006e+04
1  -7.103841e+05  -1.699159e+04
2  -1.710887e+05  -1.248237e+04
3  -5.664560e+04  -8.365184e+03
4  -2.299904e+04  -7.338064e+03
5  -1.463492e+04  -5.276607e+03
6  -8.297687e+03  -3.729790e+03
7  -4.862453e+03  -3.376293e+03
8  -2.344420e+03  -1.201696e+03
9  -1.176658e+03  -4.268006e+02
10  3.075347e+02  3.723680e+02
11  1.472664e+02  6.530961e+02
12  1.258637e+02  5.622086e+02
13  1.237814e+02  4.584401e+02
14  1.470127e+02  2.803220e+02
15  -8.254034e+00  1.037687e+02
16  -1.245740e+02  -1.159543e+00
17  -8.116124e+01  -9.468965e+01
18  -4.134915e+01  -5.964292e+01
19  -1.275910e+01  -5.176377e+01
20  -1.384257e+01  -5.160976e+01
21  -1.116039e+00  -2.696823e+01
22  -1.153471e+01  -1.787242e+01
23  -7.243602e+00  -1.071837e+01
24  -6.153111e+00  -2.368526e+00
25  -7.867928e-01  -1.453312e+00
26  -1.435518e+00  -3.878480e+00
27  -3.087780e+00  -4.246346e+00
28  -2.550911e+00  -2.731763e+00
29  -3.344116e+00  -1.676404e+00
30  -1.912056e+00  -1.067727e+00
31  -5.013580e-01  -2.077464e+00
32  7.491145e-01  -1.595001e+00
33  6.498722e-01  -8.721699e-01
34  -2.300305e-01  -4.424924e-01
35  -1.124108e+00  -1.763787e+00
36  1.656087e-01  -2.522248e+00
37  -7.314894e-01  -5.167493e+00
38  -3.096540e+00  -5.753940e+00
39  -5.923642e+00  -3.848875e+00
40  -7.523456e+00  -7.836619e-01
41  -1.526643e+01  -4.584248e+00
42  -1.840568e+01  -1.545773e+01
43  -1.854271e+01  -2.824454e+01
44  -1.109323e+01  -2.024944e+01
45  -2.514139e+01  -2.171548e+01
46  -2.866157e+01  -1.481646e+01
47  3.101914e+01  2.128055e+01
48  -4.271366e-01  1.525313e+02
49  1.567143e+02  2.757193e+02
50  2.940721e+02  2.531935e+02
51  6.422589e+02  3.934295e+01
52  8.480413e+02  1.227351e+01
53  7.697113e+02  -4.736031e+00
54  1.114816e+03  -1.954802e+02
55  1.972469e+03  -1.685554e+03
56  2.127288e+03  -2.489422e+03
57  -1.088778e+02  -8.203550e+02
58  -3.401896e+03  -2.034174e+02
59  -1.109600e+04  -1.938313e+03
60  -2.506152e+04  -6.823408e+03
61  -7.052477e+04  -1.439542e+04
62  -1.754895e+05  -2.318010e+04
63  -6.996839e+05  -2.772140e+04
ENDPROP
STARTPROP
MASSES:  4.500000e-02   4.200000e-03
SOURCE: GAM_31
SINKS: GAM_31
0  8.138916e+05  -2.719006e+04
1  -7.103841e+05  -1.699159e+04
2  -1.710887e+05  -1.248237e+04
3  -5.664560e+04  -8.365184e+03
4  -2.299904e+04  -7.338064e+03
5  -1.463492e+04  -5.276607e+03
6  -8.297687e+03  -3.729790e+03
7  -4.862453e+03  -3.376293e+03
8  -2.344420e+03  -1.201696e+03
9  -1.176658e+03  -4.268006e+02
10  3.075347e+02  3.723680e+02
11  1.472664e+02  6.530961e+02
12  1.258637e+02  5.622086e+02
13  1.237814e+02  4.584401e+02
14  1.470127e+02  2.803220e+02
15  -8.254034e+00  1.037687e+02
16  -1.245740e+02  -1.159543e+00
17  -8.116124e+01  -9.468965e+01
18  -4.134915e+01  -5.964292e+01
19  -1.275910e+01  -5.176377e+01
20  -1.384257e+01  -5.160976e+01
21  -1.116039e+00  -2.696823e+01
22  -1.153471e+01  -1.787242e+01
23  -7.243602e+00  -1.071837e+01
24  -6.153111e+00  -2.368526e+00
25  -7.867928e-01  -1.453312e+00
26  -1.435518e+00  -3.878480e+00
27  -3.087780e+00  -4.246346e+00
28  -2.550911e+00  -2.731763e+00
29  -3.344116e+00  -1.676404e+00
30  -1.912056e+00  -1.067727e+00
31  -5.013580e-01  -2.077464e+00
32  7.491145e-01  -1.595001e+00
33  6.498722e-01  -8.721699e-01
34  -2.300305e-01  -4.424924e-01
35  -1.124108e+00  -1.763787e+00
36  1.656087e-01  -2.522248e+00
37  -7.314894e-01  -5.167493e+00
38  -3.096540e+00  -5.753940e+00
39  -5.923642e+00  -3.848875e+00
40  -7.523456e+00  -7.836619e-01
41  -1.526643e+01  -4.584248e+00
42  -1.840568e+01  -1.545773e+01
43  -1.854271e+01  -2.824454e+01
44  -1.109323e+01  -2.024944e+01
45  -2.514139e+01  -2.171548e+01
46  -2.866157e+01  -1.481646e+01
47  3.101914e+01  2.128055e+01
48  -4.271366e-01  1.525313e+02
49  1.567143e+02  2.757193e+02
50  2.940721e+02  2.531935e+02
51  6.422589e+02  3.934295e+01
52  8.480413e+02  1.227351e+01
53  7.697113e+02  -4.736031e+00
54  1.114816e+03  -1.954802e+02
55  1.972469e+03  -1.685554e+03
56  2.127288e+03  -2.489422e+03
57  -1.088778e+02  -8.203550e+02
58  -3.401896e+03  -2.034174e+02
59  -1.109600e+04  -1.938313e+03
60  -2.506152e+04  -6.823408e+03
61  -7.052477e+04  -1.439542e+04
62  -1.754895e+05  -2.318010e+04
63  -6.996839e+05  -2.772140e+04
ENDPROP
STARTPROP
MASSES:  4.500000e-02   4.200000e-03
SOURCE: GAM_14
SINKS: GAM_14
0  8.080579e+04  -1.053904e+03
1  1.370437e+06  1.108922e+04
2  5.684283e+05  1.684477e+04
3  2.907013e+05  1.408307e+04
4  1.448302e+05  9.344197e+03
5  7.522295e+04  7.446322e+03
6  3.850756e+04  7.789551e+03
7  1.865754e+04  5.962714e+03
8  7.411878e+03  4.167767e+03
9  3.147033e+03  1.762669e+03
10  7.668196e+02  1.135677e+03
11  4.092320e+01  1.102416e+03
12  9.179388e+01  6.764142e+02
13  3.862942e+01  3.692779e+02
14  9.050783e+01  6.748886e+01
15  1.407388e+02  5.260513e+01
16  7.386598e+01  -2.459473e+01
17  6.825206e+01  -9.763972e+01
18  -1.483983e+01  -7.040254e+01
19  -2.459061e+00  -2.464014e+01
20  1.038532e+01  -7.631790e+00
21  3.450684e+01  -8.519577e+00
22  2.516128e+01  -1.131600e+01
23  1.547839e+01  3.825525e+00
24  1.029754e+01  1.049143e+01
25  3.879613e+00  1.027403e+01
26  1.506648e+00  7.053533e+00
27  -5.791564e-01  5.322071e+00
28  -1.685488e+00  4.817929e+00
29  -2.142019e+00  2.907879e+00
30  -7.448580e-01  2.143941e+00
31  -9.305873e-01  7.325154e-01
32  -1.116460e+00  1.217078e+00
33  -3.237452e-01  2.476178e+00
34  8.853894e-01  2.660905e+00
35  2.172981e-01  3.875083e+00
36  4.714520e-01  3.061886e+00
37  1.865633e-01  -3.961308e-01
38  2.018713e+00  -8.127201e-01
39  5.612899e-01  5.022006e+00
40  4.739920e+00  1.174842e+01
41  1.373321e+01  2.460987e+01
42  1.846317e+01  4.121942e+01
43  2.752032e+01  5.526866e+01
44  2.581208e+01  5.013734e+01
45  5.898080e+01  8.136454e+01
46  1.046525e+02  1.262462e+02
47  1.822728e+02  1.994882e+02
48  2.699387e+02  2.681540e+02
49  4.650440e+02  3.157614e+02
50  5.566496e+02  3.619426e+02
51  7.438062e+02  4.658136e+02
52  1.287336e+03  6.744146e+02
53  2.011460e+03  7.795103e+02
54  3.303900e+03  1.152554e+03
55  6.132193e+03  1.481394e+03
56  1.142265e+04  7.433915e+02
57  2.135735e+04  2.016433e+03
58  3.710032e+04  4.441247e+02
59  6.929414e+04  -1.812594e+02
60  1.345724e+05  -3.376223e+03
61  2.767202e+05  -4.489320e+03
62  5.693974e+05  -9.365737e+03
63  1.356073e+06  8.025725e+02
ENDPROP
STARTPROP
MASSES:  4.500000e-02   4.200000e-03
SOURCE: GAM_41
SINKS: GAM_41
0  8.080579e+04  -1.053904e+03
1  1.370437e+06  1.108922e+04
2  5.684283e+05  1.684477e+04
3  2.907013e+05  1.408307e+04
4  1.448302e+05  9.344197e+03
5  7.522295e+04  7.446322e+03
6  3.850756e+04  7.789551e+03
7  1.865754e+04  5.962714e+03
8  7.411878e+03  4.167767e+03
9  3.147033e+03  1.762669e+03
10  7.668196e+02  1.135677e+03
11  4.092320e+01  1.102416e+03
12  9.179388e+01  6.764142e+02
13  3.862942e+01  3.692779e+02
14  9.050783e+01  6.748886e+01
15  1.407388e+02  5.260513e+01
16  7.386598e+01  -2.459473e+01
17  6.825206e+01  -9.763972e+01
18  -1.483983e+01  -7.040254e+01
19  -2.459061e+00  -2.464014e+01
20  1.038532e+01  -7.631790e+00
21  3.450684e+01  -8.519577e+00
22  2.516128e+01  -1.131600e+01
23  1.547839e+01  3.825525e+00
24  1.029754e+01  1.049143e+01
25  3.879613e+00  1.027403e+01
26  1.506648e+00  7.053533e+00
27  -5.791564e-01  5.322071e+00
28  -1.685488e+00  4.817929e+00
29  -2.142019e+00  2.907879e+00
30  -7.448580e-01  2.143941e+00
31  -9.305873e-01  7.325154e-01
32  -1.116460e+00  1.217078e+00
33  -3.237452e-01  2.476178e+00
34  8.853894e-01  2.660905e+00
35  2.172981e-01  3.875083e+00
36  4.714520e-01  3.061886e+00
37  1.865633e-01  -3.961308e-01
38  2.018713e+00  -8.127201e-01
39  5.612899e-01  5.022006e+00
40  4.739920e+00  1.174842e+01
41  1.373321e+01  2.460987e+01
42  1.846317e+01  4.121942e+01
43  2.752032e+01  5.526866e+01
44  2.581208e+01  5.013734e+01
45  5.898080e+01  8.136454e+01
46  1.046525e+02  1.262462e+02
47  1.822728e+02  1.994882e+02
48  2.699387e+02  2.681540e+02
49  4.650440e+02  3.157614e+02
50  5.566496e+02  3.619426e+02
51  7.438062e+02  4.658136e+02
52  1.287336e+03  6.744146e+02
53  2.011460e+03  7.795103e+02
54  3.303900e+03  1.152554e+03
55  6.132193e+03  1.481394e+03
56  1.142265e+04  7.433915e+02
57  2.135735e+04  2.016433e+03
58  3.710032e+04  4.441247e+02
59  6.929414e+04  -1.812594e+02
60  1.345724e+05  -3.376223e+03
61  2.767202e+05  -4.489320e+03
62  5.693974e+05  -9.365737e+03
63  1.356073e+06  8.025725e+02
ENDPROP
STARTPROP
MASSES:  4.500000e-02   4.200000e-03
SOURCE: GAM_23
SINKS: GAM_23
0  7.694197e+05  3.359218e+03
1  -7.316136e+05  -1.830198e+03
2  -1.787351e+05  -3.926234e+03
3  -6.946995e+04  -8.493529e+03
4  -2.241996e+04  -9.677265e+03
5  -3.151764e+03  -7.577091e+03
6  2.588473e+03  -3.725914e+03
7  1.862954e+03  -1.578167e+03
8  3.240372e+03  -1.187790e+03
9  2.150489e+03  -1.049086e+03
10  1.945283e+03  -7.344637e+02
11  1.272071e+03  -3.001836e+02
12  1.095832e+03  -8.903768e+01
13  7.404225e+02  6.467271e+01
14  3.231445e+02  1.171335e+02
15  1.253055e+02  1.294254e+02
16  7.863202e+01  5.229135e+00
17  1.271154e+02  1.150398e+01
18  1.032730e+02  -2.591572e+00
19  3.820141e+01  -2.714794e+01
20  1.761000e+01  -4.531091e+01
21  -1.415001e+01  -3.192113e+01
22  -5.766987e+00  -2.621659e+01
23  1.634317e+00  -1.679737e+01
24  -1.348860e+00  -1.256363e+01
25  2.397985e+00  -3.501325e+00
26  4.388991e+00  -3.238689e-01
27  3.497296e+00  -7.853339e-01
28  6.532316e-01  9.544142e-01
29  1.555802e-01  1.311884e+00
30  -5.867378e-01  1.449620e+00
31  -6.111478e-01  7.382670e-01
32  3.097568e-01  5.632214e-02
33  -3.672710e-02  -2.566959e-02
34  -1.731427e-01  -5.901450e-01
35  -1.396623e+00  -5.666194e-01
36  -2.438927e+00  -3.441428e-01
37  -2.194747e+00  -9.555239e-01
38  -1.215547e+00  -1.348720e-02
39  5.846431e+00  2.320592e+00
40  1.352311e+01  3.937539e+00
41  1.891531e+01  8.044553e+00
42  2.358497e+01  1.872442e+01
43  4.153214e+01  2.643274e+01
44  4.207164e+01  1.688868e+01
45  6.168128e+01  9.691686e+00
46  1.406109e+02  -1.168498e+01
47  2.155123e+02  -1.426859e+01
48  3.334264e+02  -1.546203e+01
49  4.169388e+02  -1.573534e+02
50  3.416324e+02  -9.909628e+01
51  2.449381e+02  -3.293053e+00
52  -1.371735e+02  2.722242e+02
53  -6.182466e+02  4.675367e+02
54  -1.009983e+03  4.405623e+02
55  -1.073538e+03  7.616893e+02
56  -4.711007e+02  1.515480e+03
57  -1.461729e+03  1.838536e+03
58  -2.767969e+03  1.116256e+03
59  -6.555444e+03  2.772508e+03
60  -1.922167e+04  1.777292e+03
61  -6.321159e+04  -3.913444e+02
62  -1.758410e+05  -1.573357e+03
63  -7.171173e+05  4.424676e+03
ENDPROP
STARTPROP
MASSES:  4.500000e-02   4.200000e-03
SOURCE: GAM_32
SINKS: GAM_32
0  7.694197e+05  3.359218e+03
1  -7.316136e+05  -1.830198e+03
2  -1.787351e+05  -3.926234e+03
3  -6.946995e+04  -8.493529e+03
4  -2.241996e+04  -9.677265e+03
5  -3.151764e+03  -7.577091e+03
6  2.588473e+03  -3.725914e+03
7  1.862954e+03  -1.578167e+03
8  3.240372e+03  -1.187790e+03
9  2.150489e+03  -1.049086e+03
10  1.945283e+03  -7.344637e+02
11  1.272071e+03  -3.001836e+02
12  1.095832e+03  -8.903768e+01
13  7.404225e+02  6.467271e+01
14  3.231445e+02  1.171335e+02
15  1.253055e+02  1.294254e+02
16  7.863202e+01  5.229135e+00
17  1.271154e+02  1.150398e+01
18  1.032730e+02  -2.591572e+00
19  3.820141e+01  -2.714794e+01
20  1.761000e+01  -4.531091e+01
21  -1.415001e+01  -3.192113e+01
22  -5.766987e+00  -2.621659e+01
23  1.634317e+00  -1.679737e+01
24  -1.348860e+00  -1.256363e+01
25  2.397985e+00  -3.501325e+00
26  4.388991e+00  -3.238689e-01
27  3.497296e+00  -7.853339e-01
28  6.532316e-01  9.544142e-01
29  1.555802e-01  1.311884e+00
30  -5.867378e-01  1.449620e+00
31  -6.111478e-01  7.382670e-01
32  3.097568e-01  5.632214e-02
33  -3.672710e-02  -2.566959e-02
34  -1.731427e-01  -5.901450e-01
35  -1.396623e+00  -5.666194e-01
36  -2.438927e+00  -3.441428e-01
37  -2.194747e+00  -9.555239e-01
38  -1.215547e+00  -1.348720e-02
39  5.846431e+00  2.320592e+00
40  1.352311e+01  3.937539e+00
41  1.891531e+01  8.044553e+00
42  2.358497e+01  1.872442e+01
43  4.153214e+01  2.643274e+01
44  4.207164e+01  1.688868e+01
45  6.168128e+01  9.691686e+00
46  1.406109e+02  -1.168498e+01
47  2.155123e+02  -1.426859e+01
48  3.334264e+02  -1.546203e+01
49  4.169388e+02  -1.573534e+02
50  3.416324e+02  -9.909628e+01
51  2.449381e+02  -3.293053e+00
52  -1.371735e+02  2.722242e+02
53  -6.182466e+02  4.675367e+02
54  -1.009983e+03  4.405623e+02
55  -1.073538e+03  7.616893e+02
56  -4.711007e+02  1.515480e+03
57  -1.461729e+03  1.838536e+03
58  -2.767969e+03  1.116256e+03
59  -6.555444e+03  2.772508e+03
60  -1.922167e+04  1.777292e+03
61  -6.321159e+04  -3.913444e+02
62  -1.758410e+05  -1.573357e+03
63  -7.171173e+05  4.424676e+03
ENDPROP
STARTPROP
MASSES:  4.500000e-02   4.200000e-03
SOURCE: GAM_24
SINKS: GAM_24
0  -8.248332e+03  3.240495e+03
1  1.317970e+06  5.979172e+03
2  5.437056e+05  -4.105940e+03
3  2.825767e+05  -6.376207e+03
4  1.372991e+05  -7.785775e+03
5  7.042782e+04  -4.600981e+03
6  3.851759e+04  -3.864678e+02
7  1.815356e+04  -7.700733e+02
8  8.895420e+03  -9.095159e+02
9  2.880946e+03  -9.441330e+02
10  1.219075e+03  -1.003132e+02
11  9.289834e+02  -1.676469e+02
12  7.432456e+02  -1.516481e+02
13  1.960382e+02  2.715330e+01
14  -1.064522e+02  7.297940e+01
15  -1.965825e+02  -1.180538e+02
16  -1.029293e+02  -1.258684e+02
17  2.987518e+00  -7.491489e+01
18  1.661742e+01  -9.899895e+00
19  -1.924993e+01  2.166384e+01
20  -1.628203e+01  3.156741e+01
21  -1.246774e+01  1.804563e+01
22  8.637805e-01  2.319939e+01
23  4.638447e-01  1.796538e+01
24  3.934131e+00  1.330436e+01
25  2.140269e+00  5.047875e+00
26  3.533044e+00  -3.198754e+00
27  4.289877e+00  -4.323845e+00
28  3.717197e+00  -2.731285e+00
29  3.035799e+00  1.870894e-01
30  1.845849e+00  3.660676e-01
31  1.550509e+00  -3.889413e-01
32  1.882517e+00  -4.943675e-01
33  -3.180943e-01  8.281177e-02
34  -1.315301e+00  2.031379e-01
35  -1.371916e+00  -8.007714e-01
36  -1.581725e-01  2.951606e-01
37  -2.495137e-01  1.144172e-01
38  -2.714852e+00  -1.606002e+00
39  -3.910208e+00  -1.184305e+00
40  -2.614742e+00  -2.120387e+00
41  -9.689747e+00  -7.210214e+00
42  1.440081e+00  -6.534838e+00
43  6.350204e+00  -1.227141e+01
44  -3.269713e+00  -1.513264e+01
45  1.235092e+01  -1.303887e+01
46  5.160241e+01  3.167443e+01
47  9.311492e+01  -1.488644e+01
48  1.642420e+02  -5.583893e+01
49  1.638650e+02  -7.134560e+00
50  1.283851e+02  6.015108e+01
51  3.592665e+02  3.881997e+02
52  6.866350e+01  5.173309e+02
53  1.499450e+02  6.895459e+02
54  9.895878e+02  5.428345e+02
55  2.446415e+03  1.558123e+02
56  8.514073e+03  -1.290533e+03
57  1.961653e+04  -2.694340e+03
58  3.854744e+04  -5.361850e+03
59  7.293047e+04  -8.081308e+03
60  1.478577e+05  -1.128820e+04
61  2.728273e+05  -1.479620e+04
62  5.276557e+05  -1.403483e+04
63  1.283050e+06  -5.641046e+03
ENDPROP
STARTPROP
MASSES:  4.500000e-02   4.200000e-03
SOURCE: GAM_42
SINKS: GAM_42
0  -8.248332e+03  3.240495e+03
1  1.317970e+06  5.979172e+03
2  5.437056e+05  -4.105940e+03
3  2.825767e+05  -6.376207e+03
4  1.372991e+05  -7.785775e+03
5  7.042782e+04  -4.600981e+03
6  3.851759e+04  -3.864678e+02
7  1.815356e+04  -7.700733e+02
8  8.895420e+03  -9.095159e+02
9  2.880946e+03  -9.441330e+02
10  1.219075e+03  -1.003132e+02
11  9.289834e+02  -1.676469e+02
12  7.432456e+02  -1.516481e+02
13  1.960382e+02  2.715330e+01
14  -1.064522e+02  7.297940e+01
15  -1.965825e+02  -1.180538e+02
16  -1.029293e+02  -1.258684e+02
17  2.987518e+00  -7.491489e+01
18  1.661742e+01  -9.899895e+00
19  -1.924993e+01  2.166384e+01
20  -1.628203e+01  3.156741e+01
21  -1.246774e+01  1.804563e+01
22  8.637805e-01  2.319939e+01
23  4.638447e-01  1.796538e+01
24  3.934131e+00  1.330436e+01
25  2.140269e+00  5.047875e+00
26  3.533044e+00  -3.198754e+00
27  4.289877e+00  -4.323845e+00
28  3.717197e+00  -2.731285e+00
29  3.035799e+00  1.870894e-01
30  1.845849e+00  3.660676e-01
31  1.550509e+00  -3.889413e-01
32  1.882517e+00  -4.943675e-01
33  -3.180943e-01  8.281177e-02
34  -1.315301e+00  2.031379e-01
35  -1.371916e+00  -8.007714e-01
36  -1.581725e-01  2.951606e-01
37  -2.495137e-01  1.144172e-01
38  -2.714852e+00  -1.606002e+00
39  -3.910208e+00  -1.184305e+00
40  -2.614742e+00  -2.120387e+00
41  -9.689747e+00  -7.210214e+00
42  1.440081e+00  -6.534838e+00
43  6.350204e+00  -1.227141e+01
44  -3.269713e+00  -1.513264e+01
45  1.235092e+01  -1.303887e+01
46  5.160241e+01  3.167443e+01
47  9.311492e+01  -1.488644e+01
48  1.642420e+02  -5.583893e+01
49  1.638650e+02  -7.134560e+00
50  1.283851e+02  6.015108e+01
51  3.592665e+02  3.881997e+02
52  6.866350e+01  5.173309e+02
53  1.499450e+02  6.895459e+02
54  9.895878e+02  5.428345e+02
55  2.446415e+03  1.558123e+02
56  8.514073e+03  -1.290533e+03
57  1.961653e+04  -2.694340e+03
58  3.854744e+04  -5.361850e+03
59  7.293047e+04  -8.081308e+03
60  1.478577e+05  -1.128820e+04
61  2.728273e+05  -1.479620e+04
62  5.276557e+05  -1.403483e+04
63  1.283050e+06  -5.641046e+03
ENDPROP
STARTPROP
MASSES:  4.500000e-02   4.200000e-03
SOURCE: GAM_34
SINKS: GAM_34
0  -1.731153e+04  5.310032e+03
1  1.300382e+06  7.868020e+03
2  5.234204e+05  -4.650854e+02
3  2.612510e+05  2.535886e+03
4  1.293613e+05  -3.323603e+03
5  6.653845e+04  -2.680872e+03
6  3.087534e+04  -1.448104e+03
7  1.640233e+04  -4.703669e+02
8  1.143965e+04  -3.204075e+01
9  7.148523e+03  -3.834160e+02
10  2.717884e+03  -1.306154e+02
11  6.464455e+02  6.170362e+02
12  -3.637284e+01  1.338470e+02
13  -5.170252e+02  1.526622e+02
14  -5.880362e+02  1.525338e+02
15  -3.954254e+02  5.465228e+01
16  -3.445816e+02  4.911271e+01
17  -1.688489e+02  2.785109e+01
18  -8.558033e+01  2.776010e+01
19  -4.522141e+01  3.653514e+01
20  1.184488e+01  3.990807e+01
21  2.489471e+01  3.310731e+01
22  3.911925e+01  1.712927e+01
23  2.381143e+01  7.672405e+00
24  8.442950e+00  1.094441e+01
25  3.578892e-02  3.630040e+00
26  -1.681018e+00  5.456664e-01
27  -3.002384e+00  1.727570e-02
28  -3.570980e+00  1.166302e-02
29  -4.329670e+00  1.968314e+00
30  -3.638298e+00  2.033422e+00
31  -3.609624e+00  2.012340e+00
32  -3.627297e+00  1.896517e+00
33  -3.555274e+00  1.457934e+00
34  -3.114960e+00  4.633959e-02
35  -4.361545e+00  -7.971666e-01
36  -3.947834e+00  -2.631288e+00
37  -3.184219e+00  -3.049258e+00
38  -5.131145e+00  -1.146158e+00
39  -8.727779e+00  -6.710195e+00
40  -1.540278e+01  -1.044782e+01
41  -2.007518e+01  -1.883149e+01
42  -2.604124e+01  -2.615478e+01
43  -2.720929e+01  -5.521316e+01
44  -1.666366e+01  -6.813488e+01
45  6.942225e+00  -4.199392e+01
46  8.218909e+01  -1.672312e+01
47  1.022859e+02  -1.276099e+01
48  5.962570e+01  3.873279e+01
49  -1.869843e+02  4.400758e+01
50  -5.833778e+02  2.648341e+02
51  -6.778985e+02  3.135481e+02
52  -3.529101e+01  1.429588e+02
53  7.389938e+02  1.518384e+02
54  2.737376e+03  3.650238e+01
55  6.421854e+03  -2.719674e+02
56  1.190016e+04  -7.264782e+02
57  2.401266e+04  -2.652895e+03
58  4.824543e+04  -2.401848e+03
59  8.827588e+04  -2.195200e+02
60  1.590337e+05  1.900597e+03
61  2.935318e+05  4.273461e+02
62  5.668120e+05  -5.844067e+03
63  1.316614e+06  3.449548e+03
ENDPROP
STARTPROP
MASSES:  4.500000e-02   4.200000e-03
SOURCE: GAM_43
SINKS: GAM_43
0  -1.731153e+04  5.310032e+03
1  1.300382e+06  7.868020e+03
2  5.234204e+05  -4.650854e+02
3  2.612510e+05  2.535886e+03
4  1.293613e+05  -3.323603e+03
5  6.653845e+04  -2.680872e+03
6  3.087534e+04  -1.448104e+03
7  1.640233e+04  -4.703669e+02
8  1.143965e+04  -3.204075e+01
9  7.148523e+03  -3.834160e+02
10  2.717884e+03  -1.306154e+02
11  6.464455e+02  6.170362e+02
12  -3.637284e+01  1.338470e+02
13  -5.170252e+02  1.526622e+02
14  -5.880362e+02  1.525338e+02
15  -3.954254e+02  5.465228e+01
16  -3.445816e+02  4.911271e+01
17  -1.688489e+02  2.785109e+01
18  -8.558033e+01  2.776010e+01
19  -4.522141e+01  3.653514e+01
20  1.184488e+01  3.990807e+01
21  2.489471e+01  3.310731e+01
22  3.911925e+01  1.712927e+01
23  2.381143e+01  7.672405e+00
24  8.442950e+00  1.094441e+01
25  3.578892e-02  3.630040e+00
26  -1.681018e+00  5.456664e-01
27  -3.002384e+00  1.727570e-02
28  -3.570980e+00  1.166302e-02
29  -4.329670e+00  1.968314e+00
30  -3.638298e+00  2.033422e+00
31  -3.609624e+00  2.012340e+00
32  -3.627297e+00  1.896517e+00
33  -3.555274e+00  1.457934e+00
34  -3.114960e+00  4.633959e-02
35  -4.361545e+00  -7.971666e-01
36  -3.947834e+00  -2.631288e+00
37  -3.184219e+00  -3.049258e+00
38  -5.131145e+00  -1.146158e+00
39  -8.727779e+00  -6.710195e+00
40  -1.540278e+01  -1.044782e+01
41  -2.007518e+01  -1.883149e+01
42  -2.604124e+01  -2.615478e+01
43  -2.720929e+01  -5.521316e+01
44  -1.666366e+01  -6.813488e+01
45  6.942225e+00  -4.199392e+01
46  8.218909e+01  -1.672312e+01
47  1.022859e+02  -1.276099e+01
48  5.962570e+01  3.873279e+01
49  -1.869843e+02  4.400758e+01
50  -5.833778e+02  2.648341e+02
51  -6.778985e+02  3.135481e+02
52  -3.529101e+01  1.429588e+02
53  7.389938e+02  1.518384e+02
54  2.737376e+03  3.650238e+01
55  6.421854e+03  -2.719674e+02
56  1.190016e+04  -7.264782e+02
57  2.401266e+04  -2.652895e+03
58  4.824543e+04  -2.401848e+03
59  8.827588e+04  -2.195200e+02
60  1.590337e+05  1.900597e+03
61  2.935318e+05  4.273461e+02
62  5.668120e+05  -5.844067e+03
63  1.316614e+06  3.449548e+03
ENDPROP
STARTPROP
MASSES:  4.500000e-02   4.200000e-03
SOURCE: GAM_15
SINKS: GAM_15
0  -2.212861e+04  -1.518479e+04
1  -9.910106e+05  -2.994187e+04
2  -2.782874e+05  -2.999329e+04
3  -9.676386e+04  -2.472693e+04
4  -2.955081e+04  -1.631835e+04
5  -5.537955e+03  -1.280690e+04
6  8.283480e+02  -8.059102e+03
7  -2.912613e+03  -3.812785e+03
8  -5.387098e+03  -1.971437e+03
9  -4.424649e+03  -9.621172e+02
10  -2.317657e+03  -4.562218e+02
11  -1.165644e+03  -3.215809e+02
12  -7.699536e+02  -2.097174e+01
13  -4.461726e+02  3.194869e+01
14  -2.282305e+02  -4.699787e+01
15  -5.109117e+01  2.621808e+01
16  9.391865e+01  3.016506e+01
17  2.162906e+02  8.074369e+01
18  2.164868e+02  7.394155e+01
19  1.358605e+02  6.563136e+01
20  6.161730e+01  3.547547e+01
21  1.963412e+01  2.324639e+01
22  -5.692155e+00  1.492901e+01
23  -1.943227e+01  3.282883e+00
24  -1.704974e+01  -6.108625e+00
25  -1.251839e+01  -2.985730e+00
26  -5.347091e+00  7.228745e+00
27  9.566913e-01  7.446383e+00
28  6.184985e-01  6.848976e+00
29  1.152954e-01  2.799166e+00
30  5.949984e-02  1.676439e+00
31  -1.332828e+00  1.171018e+00
32  -2.462190e+00  6.538025e-01
33  -2.266952e+00  -5.254223e-01
34  -5.808909e-02  -5.993208e-01
35  6.865237e-01  -5.219402e-01
36  2.993945e+00  1.493492e+00
37  2.045538e+00  1.727259e+00
38  1.131701e+00  2.692241e+00
39  1.391555e+00  4.046459e+00
40  6.156720e+00  8.236767e+00
41  1.117043e+01  1.638785e+01
42  5.377163e-01  2.491281e+01
43  -1.086199e+01  4.191137e+01
44  -6.401514e+00  7.102713e+01
45  -9.463524e+00  9.919554e+01
46  -2.035868e-01  1.627948e+02
47  -1.630012e+01  1.652712e+02
48  -8.818974e+01  1.369730e+02
49  -3.944190e+01  3.992118e+01
50  3.633762e+01  -1.719290e+02
51  1.477581e+02  -4.362894e+02
52  9.329881e+02  -7.180260e+02
53  1.713004e+03  -8.825277e+02
54  1.787492e+03  -1.745651e+02
55  2.125994e+03  1.013373e+03
56  3.041395e+03  3.037499e+03
57  6.315211e+02  3.755516e+03
58  -6.654728e+03  5.872641e+03
59  -2.276883e+04  4.849496e+03
60  -5.218460e+04  1.479450e+03
61  -1.299899e+05  2.359261e+03
62  -3.259954e+05  -5.278461e+02
63  -1.016852e+06  -5.096748e+02
ENDPROP
STARTPROP
MASSES:  4.500000e-02   4.200000e-03
SOURCE: GAM_25
SINKS: GAM_25
0  -4.562014e+04  8.324817e+03
1  -1.018473e+06  -1.417330e+03
2  -3.054087e+05  -8.214004e+02
3  -1.107708e+05  -4.347865e+03
4  -3.255142e+04  -6.481581e+03
5  -6.778760e+03  -6.779472e+03
6  2.730824e+02  -5.735649e+03
7  1.678392e+03  -5.270877e+03
8  2.853532e+03  -3.480086e+03
9  1.458780e+03  -2.018937e+03
10  5.984215e+02  -1.111884e+03
11  -5.270613e+01  2.321998e+01
12  -7.845161e+01  3.324928e+02
13  -2.656575e+02  3.831729e+02
14  -1.741663e+02  1.223000e+02
15  8.370148e+01  -1.113064e+02
16  1.134346e+02  -8.269093e+01
17  9.220545e+01  -2.301340e+01
18  5.971727e+01  -3.409295e+01
19  3.313352e+01  -6.388449e+01
20  4.306446e+00  -5.863896e+01
21  -4.227451e+00  -3.299653e+01
22  -1.302585e+01  -3.252641e+01
23  -1.588404e+01  -3.028757e+01
24  -1.708971e+01  -1.817702e+01
25  -8.873426e+00  -1.110013e+01
26  -5.695275e+00  -6.601695e+00
27  -4.549165e+00  -4.331934e-01
28  -3.019949e+00  -1.837414e+00
29  -2.645815e+00  -3.203826e+00
30  -2.831837e+00  -2.321368e+00
31  -2.750093e+00  -2.588054e+00
32  -3.003849e+00  -2.414016e+00
33  -2.693633e+00  -6.436402e-01
34  -1.431785e+00  -1.293044e-01
35  -5.498258e-01  -7.499452e-01
36  2.230398e+00  -1.660333e+00
37  6.655347e+00  -3.558413e+00
38  6.160327e+00  -3.039280e+00
39  -6.670464e+00  -5.708283e+00
40  -1.881059e+01  -7.042187e+00
41  -2.263954e+01  -4.411723e+00
42  -2.657204e+01  -2.861218e-01
43  -1.393340e+01  1.131353e+01
44  -1.434988e+01  1.258523e+01
45  -1.450629e+01  -2.126418e+01
46  3.306704e-01  -2.988820e+01
47  -1.659886e+00  -8.668949e+00
48  -8.603107e+01  -6.136448e+01
49  -8.828219e+01  -1.580407e+02
50  4.850585e+01  -2.022525e+02
51  4.888250e+02  1.208711e+01
52  5.638153e+02  -2.476316e+01
53  8.922197e+02  -5.220996e+02
54  1.453364e+03  -8.364903e+02
55  1.455634e+03  -1.207108e+03
56  3.065268e+03  -6.124240e+02
57  2.231769e+03  1.763529e+02
58  -4.120079e+03  9.230951e+02
59  -2.190675e+04  3.193169e+03
60  -4.981910e+04  3.023487e+03
61  -1.374468e+05  4.347623e+03
62  -3.351916e+05  1.054568e+04
63  -1.019099e+06  1.346703e+04
ENDPROP
STARTPROP
MASSES:  4.500000e-02   4.200000e-03
SOURCE: GAM_35
SINKS: GAM_35
0  -5.529063e+04  -2.511447e+04
1  -1.016099e+06  -1.982087e+04
2  -2.943061e+05  -5.642716e+03
3  -1.083843e+05  -3.248558e+03
4  -4.142053e+04  -5.789714e+03
5  -1.780367e+04  -6.069381e+03
6  -8.114294e+03  -5.965579e+03
7  -3.083714e+03  -5.334516e+03
8  1.056844e+03  -4.162252e+03
9  3.331335e+03  -3.178626e+03
10  2.756690e+03  -1.844765e+03
11  1.927255e+03  -1.183093e+03
12  1.204239e+03  -4.313581e+02
13  5.040468e+02  -8.023127e+01
14  2.984753e+02  -1.441828e+02
15  2.386444e+02  -2.314430e+02
16  1.134317e+02  -1.209710e+02
17  7.792989e+00  1.051292e+01
18  -6.268920e+01  3.003249e+01
19  -2.779544e+01  6.650558e+01
20  -1.179105e+01  5.121857e+01
21  -4.756625e+00  4.283503e+01
22  -6.382311e+00  2.922005e+01
23  -9.586583e-01  1.272116e+01
24  1.513363e+00  7.564059e+00
25  4.766027e-01  4.380724e+00
26  -2.003775e+00  -1.562404e-01
27  -8.087548e-01  1.014306e+00
28  1.717804e+00  1.869610e+00
29  3.042201e+00  1.452331e+00
30  3.359666e+00  1.467700e+00
31  2.442768e+00  7.061539e-01
32  4.624375e-01  -2.830469e-01
33  -9.877545e-01  -9.971449e-01
34  -3.621972e+00  -5.055325e-01
35  -6.033424e+00  -2.511156e+00
36  -8.473310e+00  -4.050191e+00
37  -9.400092e+00  -2.954474e+00
38  -1.054212e+01  -4.907553e+00
39  -4.768714e+00  -6.072133e+00
40  2.545718e+00  -5.020683e+00
41  -2.964231e+00  -2.787102e+00
42  -1.187811e+01  8.267330e+00
43  -3.923217e+01  1.751766e+01
44  -8.757238e+01  4.986541e+00
45  -1.162386e+02  -5.094711e+01
46  -1.111475e+02  -6.890553e+01
47  -2.532955e+01  -3.491279e+01
48  1.125432e+02  -2.436165e+01
49  1.768056e+02  -7.474230e+01
50  4.309590e+02  -1.146657e+02
51  6.005485e+02  -4.935337e+01
52  5.304921e+02  -5.932439e+01
53  2.495410e+02  -7.963168e+02
54  -9.091170e+02  -2.309457e+03
55  -2.226613e+03  -3.063639e+03
56  -1.228228e+03  -3.871121e+03
57  -1.107311e+02  -6.754935e+03
58  -2.087094e+03  -8.948423e+03
59  -1.205057e+04  -1.062153e+04
60  -3.851581e+04  -8.446173e+03
61  -9.858811e+04  -1.125628e+04
62  -2.850813e+05  -1.911465e+04
63  -1.006578e+06  -1.758693e+04
ENDPROP
STARTPROP
MASSES:  4.500000e-02   4.200000e-03
SOURCE: GAM_45
SINKS: GAM_45
0  -1.312934e+06  -5.710162e+03
1  9.484181e+05  3.985387e+03
2  4.771495e+05  8.100447e+03
3  3.415015e+05  3.932994e+03
4  2.357850e+05  3.258192e+03
5  1.630836e+05  9.227417e+02
6  1.138151e+05  2.434822e+02
7  7.822654e+04  -4.599436e+02
8  5.565458e+04  -4.056739e+02
9  3.964644e+04  2.902201e+02
10  2.784915e+04  1.197248e+02
11  1.956329e+04  3.378743e+02
12  1.349653e+04  4.814270e+02
13  9.434654e+03  3.211772e+02
14  6.659872e+03  3.625666e+02
15  4.672896e+03  2.402037e+02
16  3.306743e+03  1.834400e+02
17  2.331154e+03  1.279083e+02
18  1.636490e+03  1.160132e+02
19  1.165115e+03  6.706791e+01
20  8.183324e+02  5.455655e+01
21  5.624677e+02  3.659032e+01
22  3.988884e+02  3.065596e+01
23  2.722815e+02  2.299189e+01
24  1.789538e+02  1.540127e+01
25  1.239342e+02  9.796911e+00
26  8.145861e+01  4.302900e+00
27  5.693419e+01  -4.973392e-01
28  3.820026e+01  -1.051302e+00
29  2.792771e+01  -1.594741e+00
30  2.141409e+01  -2.608618e+00
31  1.776803e+01  -2.142072e+00
32  1.682604e+01  -2.121281e+00
33  1.913346e+01  -2.784476e+00
34  2.297233e+01  -2.201699e+00
35  2.960179e+01  -3.563615e+00
36  3.937355e+01  -3.660608e+00
37  5.585373e+01  -3.569345e+00
38  7.868123e+01  -3.225171e+00
39  1.098845e+02  -2.487189e+00
40  1.627264e+02  4.794401e-01
41  2.322013e+02  -1.045097e+01
42  3.442397e+02  -9.013971e+00
43  4.899379e+02  -2.173144e+01
44  7.246145e+02  -2.939955e+01
45  1.034805e+03  -5.859370e+01
46  1.473865e+03  -1.093357e+02
47  2.172222e+03  -2.057601e+02
48  3.179827e+03  -3.056147e+02
49  4.587043e+03  -4.742369e+02
50  6.374536e+03  -6.541190e+02
51  9.222395e+03  -1.012598e+03
52  1.298790e+04  -1.532423e+03
53  1.841941e+04  -1.782527e+03
54  2.573563e+04  -2.246743e+03
55  3.708851e+04  -3.381385e+03
56  5.450991e+04  -4.672075e+03
57  7.859610e+04  -6.893599e+03
58  1.125074e+05  -7.749178e+03
59  1.648479e+05  -9.628424e+03
60  2.382364e+05  -9.568412e+03
61  3.371167e+05  -6.781910e+03
62  4.736257e+05  -1.340752e+04
63  9.363748e+05  -8.267922e+03
ENDPROP
STARTPROP
MASSES:  4.500000e-02   4.200000e-03
SOURCE: PSAX4
SINKS: GAM_4
0  5.668465e+03  1.351348e+04
1  1.653249e+06  1.287161e+04
2  1.024587e+06  1.623816e+04
3  7.175214e+05  1.378804e+04
4  4.969706e+05  1.003193e+04
5  3.452119e+05  8.188623e+03
6  2.413102e+05  6.470521e+03
7  1.680239e+05  4.045174e+03
8  1.189467e+05  2.754706e+03
9  8.345471e+04  2.492241e+03
10  5.781760e+04  1.649185e+03
11  4.010845e+04  1.434402e+03
12  2.740085e+04  9.868102e+02
13  1.897258e+04  6.987962e+02
14  1.312809e+04  5.238358e+02
15  8.966080e+03  4.231436e+02
16  6.302632e+03  2.980421e+02
17  4.277815e+03  2.281715e+02
18  2.974468e+03  1.659378e+02
19  2.074796e+03  8.076911e+01
20  1.432853e+03  4.875791e+01
21  9.853456e+02  1.680606e+01
22  6.925775e+02  6.583797e+00
23  4.701421e+02  4.870684e+00
24  3.126914e+02  4.219173e+00
25  2.127220e+02  3.724259e+00
26  1.420931e+02  1.073827e+00
27  9.700396e+01  -2.571397e-01
28  6.381076e+01  1.808481e-01
29  4.178380e+01  7.274060e-01
30  2.508763e+01  5.220812e-01
31  9.900660e+00  8.224242e-01
32  -2.617888e+00  3.572616e-01
33  -1.653942e+01  3.922306e-01
34  -3.091714e+01  -1.553847e-01
35  -5.059406e+01  1.213859e-01
36  -7.527194e+01  -7.032923e-01
37  -1.081171e+02  -1.199541e+00
38  -1.546515e+02  -3.926665e+00
39  -2.192177e+02  -5.810930e+00
40  -3.140892e+02  -8.741279e+00
41  -4.472750e+02  -3.927872e+00
42  -6.528216e+02  -1.760892e+00
43  -9.401948e+02  4.747160e+00
44  -1.378342e+03  1.234758e+01
45  -2.009109e+03  2.553183e+01
46  -2.874296e+03  6.672902e+01
47  -4.251592e+03  1.238548e+02
48  -6.256546e+03  1.842030e+02
49  -9.116919e+03  2.312850e+02
50  -1.284065e+04  3.137335e+02
51  -1.860128e+04  5.007088e+02
52  -2.640158e+04  6.890532e+02
53  -3.783789e+04  6.628546e+02
54  -5.320621e+04  4.232723e+02
55  -7.609854e+04  9.069832e+02
56  -1.107861e+05  1.304040e+03
57  -1.588129e+05  2.514895e+03
58  -2.294184e+05  3.842517e+03
59  -3.362738e+05  4.987145e+03
60  -4.820449e+05  6.306784e+03
61  -6.958505e+05  5.676030e+03
62  -1.006587e+06  1.511081e+04
63  -1.628861e+06  1.697689e+04
ENDPROP
STARTPROP
MASSES:  4.500000e-02   4.200000e-03
SOURCE: WWPSAX4
SINKS: GAM_4
0  2.045200e+08  1.533055e+07
1  1.872874e+09  -1.074692e+08
2  8.394427e+08  -3.346645e+07
3  4.491772e+08  2.361068e+07
4  2.895805e+08  4.864646e+07
5  2.498335e+08  -4.521164e+07
6  9.077889e+07  2.577553e+07
7  9.330470e+07  -1.522155e+07
8  3.168185e+07  9.422709e+06
9  3.079075e+07  -1.529752e+06
10  3.017438e+07  -3.049455e+06
11  2.616141e+07  -3.243096e+05
12  7.127818e+06  -3.405421e+05
13  8.711995e+06  -1.608589e+06
14  8.472169e+06  -6.271648e+05
15  6.624026e+06  -1.334614e+06
16  4.283310e+06  7.730455e+04
17  1.825955e+06  -1.206989e+05
18  1.165005e+06  -2.687220e+05
19  1.231594e+06  -6.530160e+04
20  7.956650e+05  3.038771e+04
21  3.857156e+05  -6.551683e+04
22  2.514771e+05  9.324914e+04
23  3.070498e+05  -1.757983e+05
24  1.622130e+05  -1.390793e+04
25  1.390897e+05  6.004214e+04
26  1.106028e+05  1.633553e+04
27  5.489243e+04  -3.304080e+04
28  1.011985e+03  -5.927292e+02
29  3.601158e+04  1.535834e+03
30  2.315124e+04  -5.922228e+03
31  1.412083e+03  1.661156e+03
32  -6.852065e+03  6.289419e+03
33  -4.650993e+03  -1.767389e+04
34  3.348485e+03  5.587595e+03
35  -4.442786e+04  4.585950e+03
36  -1.486340e+04  1.024790e+04
37  -2.378670e+04  -1.102407e+03
38  -8.419234e+04  1.063352e+04
39  -5.586666e+04  -3.177278e+04
40  -1.654588e+05  -6.746771e+04
41  -2.411568e+05  5.560915e+04
42  -5.247872e+05  -4.624227e+04
43  -5.058473e+05  -3.183335e+05
44  -9.058151e+05  2.969074e+05
45  -9.217813e+05  1.153601e+05
46  -1.626932e+06  -1.758856e+05
47  -2.553865e+06  3.650052e+05
48  -3.842285e+06  3.055172e+04
49  -4.322037e+06  -1.064507e+06
50  -7.676849e+06  6.351256e+05
51  -1.216996e+07  1.622131e+06
52  -1.359814e+07  -2.414884e+06
53  -1.493761e+07  -2.217604e+06
54  -3.095635e+07  1.229329e+07
55  -4.379318e+07  -4.515736e+05
56  -6.113486e+07  3.226622e+06
57  -9.226933e+07  -7.158217e+06
58  -1.012089e+08  1.299634e+07
59  -3.393193e+08  -2.086024e+06
60  -2.313943e+08  -2.963246e+07
61  -5.180709e+08  9.505795e+07
62  -1.315765e+09  1.698840e+07
63  -1.997173e+09  -7.278991e+07
ENDPROP
STARTPROP
MASSES:  4.500000e-02   4.200000e-03
SOURCE: WWGAM_5
SINKS: GAM_5
0  1.727922e+10  -4.252069e+00
1  2.722508e+09  -1.733958e+08
2  1.420024e+09  7.118098e+06
3  8.101235e+08  4.610558e+07
4  6.211161e+08  3.648332e+07
5  3.955647e+08  -2.557088e+07
6  2.377804e+08  3.265608e+06
7  1.950565e+08  -1.225621e+07
8  1.467478e+08  2.651852e+07
9  6.862759e+07  4.893662e+06
10  6.982130e+07  -3.357447e+06
11  5.328900e+07  2.347982e+06
12  2.864177e+07  1.249946e+06
13  1.816422e+07  -2.657745e+06
14  1.725997e+07  1.167316e+06
15  1.039168e+07  -1.122244e+06
16  7.371003e+06  1.505740e+05
17  4.636160e+06  -7.019211e+05
18  3.727970e+06  -2.949178e+05
19  2.089620e+06  5.650425e+04
20  1.502747e+06  -1.205876e+05
21  9.555469e+05  -8.408754e+04
22  5.933725e+05  3.777967e+04
23  6.185905e+05  -4.466760e+04
24  3.688846e+05  1.542346e+04
25  3.068168e+05  1.207255e+05
26  1.571508e+05  1.428542e+02
27  1.011593e+05  -3.443027e+04
28  7.611126e+04  4.882435e+03
29  6.206538e+04  -2.361806e+03
30  5.472175e+04  -1.000295e+03
31  4.338696e+04  -3.405825e+02
32  4.780631e+04  -1.170143e+04
33  3.442769e+04  3.554359e+03
34  4.025414e+04  6.612001e+03
35  8.712109e+04  2.799891e+03
36  8.005629e+04  3.566338e+03
37  8.082752e+04  -1.929434e+04
38  1.907085e+05  1.609547e+04
39  1.982616e+05  1.155231e+04
40  2.890195e+05  7.871053e+04
41  4.914119e+05  -4.634262e+04
42  1.021349e+06  1.027174e+05
43  1.079512e+06  4.159789e+05
44  1.614743e+06  -7.058148e+04
45  2.412987e+06  -1.644276e+05
46  3.264686e+06  8.401514e+04
47  5.902490e+06  -9.261117e+05
48  7.821824e+06  6.499771e+05
49  9.281936e+06  8.389773e+05
50  1.619978e+07  -1.252443e+06
51  2.356901e+07  1.232399e+06
52  2.715115e+07  1.830733e+06
53  3.262783e+07  2.515264e+05
54  6.066885e+07  -7.230390e+06
55  8.196044e+07  6.693885e+06
56  1.430983e+08  -8.663861e+06
57  1.972404e+08  -1.001630e+07
58  2.267367e+08  -2.665075e+07
59  5.409456e+08  1.681439e+07
60  5.631772e+08  -6.822151e+06
61  9.784234e+08  -2.171944e+07
62  1.915666e+09  -4.521349e+06
63  2.898574e+09  4.833165e+07
ENDPROP
