STARTPROP
MASSES:  4.500000e-02   4.500000e-02
SOURCE: GAM_1
SINKS: GAM_1
0  1.315114e+06  -9.658072e+01
1  1.939983e+06  -3.596552e+02
2  8.673645e+05  -8.785308e+02
3  4.422010e+05  -1.012909e+03
4  2.203728e+05  -6.438694e+02
5  1.080081e+05  -5.050057e+02
6  5.052063e+04  -3.543460e+02
7  2.369235e+04  -1.718832e+02
8  1.114493e+04  -1.174349e+02
9  5.107356e+03  -8.306212e+01
10  2.358504e+03  -5.388685e+01
11  1.030652e+03  -3.089855e+01
12  4.363551e+02  -1.635002e+01
13  2.200531e+02  -9.661329e+00
14  9.418679e+01  -4.400769e+00
15  5.841531e+01  -1.295865e+00
16  3.906058e+01  -2.080227e-01
17  2.291306e+01  1.517782e-01
18  1.228866e+01  4.192255e-02
19  8.034352e+00  -3.572083e-01
20  4.488466e+00  -2.329408e-01
21  2.247724e+00  -1.441299e-01
22  6.543060e-01  -5.058208e-02
23  2.580718e-01  -3.896014e-02
24  2.723749e-01  -7.170966e-03
25  1.825081e-01  -5.360861e-03
26  3.044690e-02  -3.293305e-03
27  -3.906171e-03  6.251036e-03
28  1.536699e-02  7.000725e-03
29  1.058841e-02  4.825210e-03
30  2.056386e-03  3.404692e-03
31  6.270260e-03  1.134067e-03
32  5.982468e-03  -7.316135e-04
33  -3.937399e-03  -3.327822e-03
34  -1.757652e-02  -8.017974e-03
35  -3.240912e-02  -1.187128e-02
36  -2.827956e-02  -1.231646e-02
37  -3.480266e-02  -1.374452e-02
38  -5.038449e-02  -1.636166e-02
39  -1.229761e-01  -1.353106e-02
40  -2.027100e-01  -1.469097e-02
41  -2.470944e-01  -3.873743e-02
42  -7.238442e-01  9.508122e-02
43  -1.486386e+00  2.627343e-01
44  -1.399086e+00  4.341378e-01
45  -1.367067e-01  8.191845e-01
46  5.693389e+00  8.368807e-01
47  1.689119e+01  9.829469e-01
48  2.888762e+01  6.378202e-01
49  7.164751e+01  -1.793709e+00
50  1.484555e+02  -4.219366e+00
51  3.216515e+02  -6.263389e+00
52  6.567679e+02  -4.133676e+00
53  1.209125e+03  5.441336e+00
54  2.206160e+03  -4.725700e+00
55  4.391169e+03  6.667572e+00
56  9.434731e+03  1.047761e+02
57  2.096292e+04  3.023934e+02
58  4.486713e+04  5.261126e+02
59  9.660024e+04  8.764610e+02
60  2.056215e+05  1.226582e+03
61  4.230754e+05  1.100186e+03
62  8.629597e+05  3.805465e+02
63  1.957096e+06  -4.808592e+02
ENDPROP
STARTPROP
MASSES:  4.500000e-02   4.500000e-02
SOURCE: GAM_2
SINKS: GAM_2
0  1.325520e+06  -1.606977e+03
1  1.945633e+06  -6.617759e+02
2  8.581190e+05  -7.810392e+02
3  4.321235e+05  -1.030080e+03
4  2.110179e+05  -6.740784e+02
5  1.052189e+05  -3.160925e+02
6  4.948899e+04  -2.132019e+02
7  2.272786e+04  -1.665272e+02
8  1.016540e+04  -1.296054e+02
9  4.717214e+03  -2.144288e+01
10  2.252862e+03  4.377462e+00
11  1.107853e+03  9.026752e-01
12  5.197635e+02  -5.675279e+00
13  2.281363e+02  -4.480249e+00
14  1.292344e+02  -4.792424e+00
15  8.181706e+01  -2.532889e+00
16  4.757751e+01  1.228519e-01
17  2.689038e+01  8.416666e-01
18  9.188355e+00  6.629312e-01
19  4.107681e+00  6.003500e-01
20  3.466064e+00  2.872622e-01
21  2.217012e+00  5.591930e-02
22  9.359927e-01  -6.921835e-03
23  2.227639e-01  -5.897023e-02
24  -3.195097e-02  -3.468578e-02
25  -2.502518e-01  -1.805498e-02
26  -2.493336e-01  -6.538093e-03
27  -2.101274e-01  -8.388583e-03
28  -1.531930e-01  -7.641112e-03
29  -1.159240e-01  -3.553134e-03
30  -7.125345e-02  -1.235107e-04
31  -5.018679e-02  6.326223e-05
32  -4.177349e-02  1.518636e-03
33  -3.504502e-02  3.832613e-03
34  -1.971665e-02  7.598282e-03
35  -1.447009e-02  1.145577e-02
36  2.541677e-02  2.037241e-02
37  5.264755e-02  3.152775e-02
38  7.364627e-02  4.737233e-02
39  2.444780e-01  8.145856e-02
40  4.737612e-01  1.215274e-01
41  9.505165e-01  1.250317e-01
42  1.250621e+00  7.585663e-02
43  2.737980e+00  -1.329951e-03
44  5.670973e+00  -1.084531e-01
45  1.015795e+01  -6.074415e-02
46  1.945861e+01  2.432837e-01
47  3.176672e+01  1.362570e+00
48  5.235603e+01  2.122663e+00
49  9.525184e+01  3.236998e+00
50  1.477077e+02  9.741332e+00
51  3.001467e+02  1.935863e+01
52  5.740132e+02  2.748523e+01
53  1.026256e+03  4.817262e+01
54  2.168410e+03  5.017345e+01
55  4.787784e+03  7.173982e+01
56  1.068818e+04  1.345281e+02
57  2.298905e+04  2.850556e+02
58  4.784527e+04  4.463866e+02
59  1.001290e+05  5.362816e+02
60  2.066438e+05  7.381440e+02
61  4.198328e+05  2.453324e+02
62  8.507374e+05  -2.656152e+02
63  1.947741e+06  -1.240819e+03
ENDPROP
STARTPROP
MASSES:  4.500000e-02   4.500000e-02
SOURCE: GAM_3
SINKS: GAM_3
0  1.281310e+06  1.088173e+03
1  1.919352e+06  9.258068e+02
2  8.560702e+05  6.100797e+02
3  4.331815e+05  1.537352e+02
4  2.124278e+05  -4.555327e+02
5  1.019547e+05  -4.957697e+02
6  4.724938e+04  -3.228735e+02
7  2.175920e+04  -1.933838e+02
8  1.017952e+04  -1.396690e+02
9  4.945879e+03  -7.214843e+01
10  2.172298e+03  -3.633938e+01
11  9.891499e+02  -3.779610e+01
12  4.164616e+02  -1.937514e+01
13  2.097323e+02  -8.597618e+00
14  9.686241e+01  -4.504972e+00
15  2.381757e+01  -2.678259e+00
16  5.064486e+00  -7.787236e-01
17  9.771602e-01  1.764412e-02
18  3.191850e+00  3.778049e-01
19  4.908150e+00  6.339087e-01
20  2.924552e+00  6.811150e-01
21  2.179058e+00  3.534347e-01
22  9.536588e-01  1.699977e-01
23  2.416124e-01  2.919391e-02
24  -6.423922e-02  -1.602240e-03
25  -1.445900e-01  -8.380810e-03
26  -8.792533e-02  -1.380456e-02
27  -5.388586e-02  -9.842863e-03
28  -1.801162e-02  1.398547e-03
29  -3.659904e-03  3.784457e-03
30  -1.264298e-02  2.446126e-03
31  -1.336645e-02  8.915343e-05
32  -1.907215e-02  -3.764712e-04
33  -2.966333e-02  -1.021898e-03
34  -4.909797e-02  -1.134021e-03
35  -8.516362e-02  -6.009498e-04
36  -9.656169e-02  -2.390903e-03
37  -1.146417e-01  2.048628e-03
38  -1.575015e-01  2.054705e-02
39  -3.362994e-01  3.314836e-02
40  -2.908614e-01  4.004950e-02
41  -3.115185e-02  1.065962e-02
42  5.264859e-01  -2.371119e-03
43  1.263909e+00  2.212017e-02
44  3.002562e+00  2.877479e-01
45  6.412976e+00  2.325010e-01
46  1.250345e+01  -2.826908e-01
47  1.743262e+01  -1.690125e+00
48  2.693592e+01  -2.961721e+00
49  4.440961e+01  -2.596978e+00
50  8.934252e+01  1.640011e-01
51  2.229553e+02  6.154533e+00
52  3.740021e+02  1.299086e+01
53  6.202395e+02  1.966454e+01
54  1.623306e+03  3.467387e+01
55  4.101017e+03  5.838677e+01
56  9.204672e+03  1.139271e+02
57  2.094273e+04  1.184524e+02
58  4.521753e+04  1.346494e+02
59  9.823913e+04  2.685482e+02
60  2.107904e+05  5.119706e+02
61  4.348677e+05  5.636472e+02
62  8.599001e+05  1.137378e+03
63  1.937051e+06  1.156550e+03
ENDPROP
STARTPROP
MASSES:  4.500000e-02   4.500000e-02
SOURCE: GAM_4
SINKS: GAM_4
0  2.143854e+06  6.274493e+02
1  -2.671126e+05  3.927622e+02
2  -2.353918e+02  -1.796189e+02
3  -1.586431e+03  -4.662548e+01
4  5.337044e+02  -9.538127e+01
5  -4.190296e+02  -5.717390e+01
6  -1.100374e+02  3.296637e+01
7  -7.738814e+01  2.648310e+01
8  1.171433e+02  6.323249e+00
9  8.574662e+00  1.212910e+01
10  -2.600614e+01  2.347250e+00
11  2.115425e+01  6.646498e-01
12  1.417502e+01  -9.466516e-02
13  6.500096e+00  -1.041195e+00
14  2.598551e+00  -2.745315e-01
15  -2.040635e-01  -5.144825e-01
16  -8.207578e-01  -7.270766e-01
17  -4.884856e-01  -3.531917e-01
18  2.096489e-01  -1.132100e-01
19  4.474085e-01  -9.543091e-02
20  -9.487699e-02  8.642541e-03
21  -3.489862e-02  1.349760e-02
22  4.675032e-02  2.278989e-02
23  1.307385e-02  1.219386e-02
24  3.229072e-02  4.811401e-03
25  -3.070801e-02  -6.762014e-03
26  -2.106389e-02  -4.873106e-03
27  -1.179633e-02  -2.600036e-03
28  -1.547025e-02  7.940749e-04
29  -1.863245e-02  1.000474e-03
30  -1.764801e-02  1.948252e-03
31  -1.637835e-02  1.738364e-03
32  -1.547308e-02  2.739256e-03
33  -2.003508e-02  3.198207e-03
34  -1.632587e-02  3.635484e-03
35  -1.932595e-02  3.395369e-03
36  -1.478801e-02  4.316152e-03
37  -3.391743e-02  5.366489e-03
38  3.819319e-03  3.256946e-03
39  -2.284845e-02  2.343935e-04
40  7.688645e-03  -3.437688e-03
41  -2.312171e-03  -5.561984e-03
42  -2.024123e-02  -1.201655e-02
43  5.614623e-02  -6.358843e-02
44  1.494008e-02  -1.001624e-01
45  1.169930e-01  -1.627159e-01
46  3.403441e-01  -6.344421e-02
47  -1.197103e+00  2.336479e-02
48  -2.099682e+00  4.801863e-01
49  3.020801e+00  5.120904e-01
50  -1.164088e-01  2.128827e+00
51  1.450099e+01  2.922531e+00
52  -3.324550e+00  1.127492e+00
53  -1.850225e+01  1.783484e+00
54  -1.769769e+01  -1.851245e+00
55  5.672080e+01  -1.363248e+01
56  3.865537e+01  1.421608e+00
57  1.325644e+02  1.386699e+01
58  -7.516307e+01  3.964336e+01
59  2.033133e+02  1.057439e+02
60  2.416822e+02  2.161614e+02
61  -2.421381e+03  3.536165e+02
62  -2.852478e+02  1.923293e+02
63  -2.715491e+05  4.532611e+02
ENDPROP
STARTPROP
MASSES:  4.500000e-02   4.500000e-02
SOURCE: GAM_5
SINKS: GAM_5
0  5.330144e+06  3.964636e+00
1  5.202397e+06  5.853229e+02
2  3.240250e+06  -2.614187e+03
3  2.067830e+06  -4.410833e+03
4  1.295630e+06  -4.626225e+03
5  8.038996e+05  -4.131351e+03
6  4.964241e+05  -3.108560e+03
7  3.042904e+05  -2.089548e+03
8  1.808104e+05  -1.682606e+03
9  1.084261e+05  -1.157218e+03
10  6.605434e+04  -7.523313e+02
11  4.089033e+04  -5.828276e+02
12  2.543450e+04  -4.081314e+02
13  1.582058e+04  -2.670182e+02
14  9.537763e+03  -1.482281e+02
15  5.726707e+03  -9.401780e+01
16  3.472056e+03  -5.779987e+01
17  2.108038e+03  -3.419715e+01
18  1.276214e+03  -1.895572e+01
19  7.804604e+02  -1.146710e+01
20  4.793194e+02  -6.391128e+00
21  2.911683e+02  -3.065878e+00
22  1.757880e+02  -1.748777e+00
23  1.063342e+02  -1.036027e+00
24  6.552625e+01  -7.232150e-01
25  4.064021e+01  -4.172520e-01
26  2.485595e+01  -2.271575e-01
27  1.510228e+01  -9.902145e-02
28  9.263939e+00  -5.676871e-02
29  5.813740e+00  -3.587012e-02
30  3.851777e+00  -1.386249e-02
31  2.865119e+00  -1.727101e-03
32  2.646164e+00  6.282575e-03
33  3.020958e+00  7.216933e-03
34  4.163864e+00  5.280652e-03
35  6.478835e+00  4.081404e-03
36  1.044855e+01  -2.435637e-02
37  1.680579e+01  -4.689979e-02
38  2.720723e+01  -8.600026e-02
39  4.381202e+01  -1.959853e-01
40  7.106994e+01  -4.168549e-01
41  1.159588e+02  -6.433494e-01
42  1.922799e+02  -9.000280e-01
43  3.141954e+02  -1.477708e+00
44  5.124131e+02  -1.935629e+00
45  8.378172e+02  -2.861966e+00
46  1.367972e+03  -2.425915e+00
47  2.194024e+03  -3.549769e+00
48  3.592042e+03  -8.581081e+00
49  5.836596e+03  -1.709950e+01
50  9.402485e+03  -1.037842e+01
51  1.525589e+04  2.067735e+01
52  2.466202e+04  8.436297e+01
53  4.036222e+04  2.082457e+02
54  6.634677e+04  2.559373e+02
55  1.102507e+05  2.562994e+02
56  1.805575e+05  4.544436e+02
57  2.962432e+05  8.428227e+02
58  4.883323e+05  1.576159e+03
59  7.939303e+05  2.737590e+03
60  1.294227e+06  3.539558e+03
61  2.080245e+06  2.398822e+03
62  3.281274e+06  7.280839e+02
63  5.239721e+06  -1.859662e+02
ENDPROP
STARTPROP
MASSES:  4.500000e-02   4.500000e-02
SOURCE: GAM_12
SINKS: GAM_12
0  9.138863e+05  1.348047e+03
1  -6.193235e+05  8.171999e+02
2  -1.332742e+05  7.867334e+02
3  -4.829671e+04  2.415359e+02
4  -1.716804e+04  1.335760e+02
5  -6.451689e+03  1.613431e+01
6  -3.014754e+03  -4.865460e+01
7  -1.575506e+03  -9.105915e+01
8  -4.790964e+02  -6.089892e+01
9  -1.737946e+02  -3.913386e+01
10  -1.267208e+02  -1.078953e+01
11  -6.557786e+01  -5.691093e+00
12  -3.834082e+01  -4.654918e+00
13  -4.949531e+01  -2.617718e+00
14  -3.524832e+01  -8.869990e-02
15  -1.533628e+01  8.635731e-02
16  -3.175445e+00  -3.382966e-01
17  1.733190e+00  -1.975981e-01
18  3.676633e+00  -3.381643e-02
19  2.812155e+00  -1.664553e-02
20  2.009375e+00  2.276063e-02
21  6.573812e-01  2.855543e-02
22  9.502932e-02  2.269248e-02
23  -4.345015e-02  1.466172e-02
24  1.271013e-02  1.663098e-02
25  1.764164e-02  9.479204e-03
26  -2.849681e-03  2.695851e-03
27  -2.811896e-03  5.373208e-04
28  -3.019856e-03  -9.880641e-04
29  -4.220003e-03  8.006697e-04
30  4.919683e-03  -1.189709e-04
31  3.745175e-03  2.004606e-04
32  -3.269005e-03  -4.100820e-04
33  -7.306162e-03  -5.398442e-04
34  -5.051391e-03  1.803163e-04
35  7.224224e-03  -1.315961e-03
36  2.929870e-02  -2.252325e-03
37  3.103497e-02  -3.611983e-03
38  -1.518230e-02  -1.996074e-03
39  -5.174191e-02  -1.593257e-03
40  -1.356046e-01  -3.569886e-03
41  -2.093095e-01  -3.145372e-02
42  2.283994e-02  -3.479965e-02
43  3.801498e-02  -7.343539e-03
44  1.250636e+00  -2.865780e-03
45  2.039913e+00  2.229388e-01
46  2.632262e+00  5.520119e-01
47  4.819574e+00  5.483860e-01
48  3.692874e+00  1.241494e+00
49  7.169749e+00  1.273440e+00
50  2.861611e+01  1.659926e+00
51  6.968840e+01  4.487208e+00
52  1.061145e+02  4.732347e+00
53  9.700553e+01  7.256255e+00
54  1.566520e+02  4.999984e+00
55  1.505603e+02  -8.710514e+00
56  -2.008847e+02  7.606167e+00
57  -1.144802e+03  1.562733e+01
58  -2.660679e+03  2.039798e+00
59  -5.704615e+03  5.716024e+01
60  -1.623244e+04  2.710235e+02
61  -4.753680e+04  4.732899e+02
62  -1.301355e+05  5.709247e+02
63  -6.233938e+05  1.134046e+03
ENDPROP
STARTPROP
MASSES:  4.500000e-02   4.500000e-02
SOURCE: GAM_21
SINKS: GAM_21
0  9.138863e+05  1.348047e+03
1  -6.193235e+05  8.171999e+02
2  -1.332742e+05  7.867334e+02
3  -4.829671e+04  2.415359e+02
4  -1.716804e+04  1.335760e+02
5  -6.451689e+03  1.613431e+01
6  -3.014754e+03  -4.865460e+01
7  -1.575506e+03  -9.105915e+01
8  -4.790964e+02  -6.089892e+01
9  -1.737946e+02  -3.913386e+01
10  -1.267208e+02  -1.078953e+01
11  -6.557786e+01  -5.691093e+00
12  -3.834082e+01  -4.654918e+00
13  -4.949531e+01  -2.617718e+00
14  -3.524832e+01  -8.869990e-02
15  -1.533628e+01  8.635731e-02
16  -3.175445e+00  -3.382966e-01
17  1.733190e+00  -1.975981e-01
18  3.676633e+00  -3.381643e-02
19  2.812155e+00  -1.664553e-02
20  2.009375e+00  2.276063e-02
21  6.573812e-01  2.855543e-02
22  9.502932e-02  2.269248e-02
23  -4.345015e-02  1.466172e-02
24  1.271013e-02  1.663098e-02
25  1.764164e-02  9.479204e-03
26  -2.849681e-03  2.695851e-03
27  -2.811896e-03  5.373208e-04
28  -3.019856e-03  -9.880641e-04
29  -4.220003e-03  8.006697e-04
30  4.919683e-03  -1.189709e-04
31  3.745175e-03  2.004606e-04
32  -3.269005e-03  -4.100820e-04
33  -7.306162e-03  -5.398442e-04
34  -5.051391e-03  1.803163e-04
35  7.224224e-03  -1.315961e-03
36  2.929870e-02  -2.252325e-03
37  3.103497e-02  -3.611983e-03
38  -1.518230e-02  -1.996074e-03
39  -5.174191e-02  -1.593257e-03
40  -1.356046e-01  -3.569886e-03
41  -2.093095e-01  -3.145372e-02
42  2.283994e-02  -3.479965e-02
43  3.801498e-02  -7.343539e-03
44  1.250636e+00  -2.865780e-03
45  2.039913e+00  2.229388e-01
46  2.632262e+00  5.520119e-01
47  4.819574e+00  5.483860e-01
48  3.692874e+00  1.241494e+00
49  7.169749e+00  1.273440e+00
50  2.861611e+01  1.659926e+00
51  6.968840e+01  4.487208e+00
52  1.061145e+02  4.732347e+00
53  9.700553e+01  7.256255e+00
54  1.566520e+02  4.999984e+00
55  1.505603e+02  -8.710514e+00
56  -2.008847e+02  7.606167e+00
57  -1.144802e+03  1.562733e+01
58  -2.660679e+03  2.039798e+00
59  -5.704615e+03  5.716024e+01
60  -1.623244e+04  2.710235e+02
61  -4.753680e+04  4.732899e+02
62  -1.301355e+05  5.709247e+02
63  -6.233938e+05  1.134046e+03
ENDPROP
STARTPROP
MASSES:  4.500000e-02   4.500000e-02
SOURCE: GAM_13
SINKS: GAM_13
0  9.038282e+05  6.927761e+01
1  -6.381499e+05  6.992945e+02
2  -1.428376e+05  5.543962e+02
3  -4.992152e+04  5.861690e+02
4  -1.709002e+04  2.114516e+02
5  -5.464211e+03  -3.511246e+01
6  -1.473787e+03  6.262380e+01
7  -6.552555e+02  7.833683e+01
8  -3.416708e+02  2.619280e+01
9  -1.481362e+02  1.147710e+01
10  -7.233106e+01  1.016522e+01
11  -4.187607e+01  6.944136e+00
12  -2.583564e+01  -5.851907e-01
13  1.334197e+01  2.131626e+00
14  8.447806e+00  1.546379e+00
15  7.005095e+00  2.011678e+00
16  3.054946e+00  7.139615e-01
17  3.228382e+00  1.493413e-01
18  3.560478e+00  -8.185633e-03
19  2.485817e+00  1.248862e-01
20  1.021154e+00  1.304791e-01
21  3.343477e-01  8.099929e-02
22  3.742212e-01  5.138998e-02
23  1.400540e-01  5.181847e-02
24  2.848593e-02  2.734699e-02
25  8.706766e-03  1.874404e-02
26  6.524493e-04  1.083305e-02
27  6.422808e-03  1.157122e-03
28  -6.949536e-03  1.418142e-03
29  -3.131624e-04  6.754692e-04
30  7.027617e-03  -1.943334e-04
31  1.302203e-02  -7.666224e-07
32  1.054884e-02  4.228656e-04
33  1.383977e-02  1.760035e-03
34  1.326915e-02  2.164470e-03
35  5.419979e-03  7.481862e-04
36  1.524728e-03  1.534443e-03
37  -3.050012e-02  3.440968e-03
38  -4.450396e-02  8.367959e-03
39  -6.340295e-02  2.208538e-02
40  2.632437e-02  3.303406e-02
41  -2.775328e-02  5.014611e-02
42  -1.273546e-01  7.894450e-02
43  -5.374947e-01  1.049627e-01
44  -1.318947e+00  8.017715e-02
45  -1.690109e+00  8.251043e-03
46  -2.484692e+00  -2.185732e-02
47  -4.796447e+00  -2.667660e-02
48  -3.895063e+00  8.116781e-02
49  -3.247678e+00  1.850258e+00
50  -4.904516e+00  2.829148e+00
51  -2.917551e+01  4.821256e+00
52  -2.132099e+01  5.283787e+00
53  4.422599e+01  1.121562e+01
54  1.237085e+02  1.177610e+00
55  4.930433e+01  -6.890234e+00
56  -3.437999e+02  -6.167791e+00
57  -1.124485e+03  -4.633647e+01
58  -3.014290e+03  -8.124050e+01
59  -6.954884e+03  -1.021218e+02
60  -2.018621e+04  -9.534242e+01
61  -5.745881e+04  -9.348035e+01
62  -1.501351e+05  1.213058e+02
63  -6.441365e+05  9.007648e+01
ENDPROP
STARTPROP
MASSES:  4.500000e-02   4.500000e-02
SOURCE: GAM_31
SINKS: GAM_31
0  9.038282e+05  6.927761e+01
1  -6.381499e+05  6.992945e+02
2  -1.428376e+05  5.543962e+02
3  -4.992152e+04  5.861690e+02
4  -1.709002e+04  2.114516e+02
5  -5.464211e+03  -3.511246e+01
6  -1.473787e+03  6.262380e+01
7  -6.552555e+02  7.833683e+01
8  -3.416708e+02  2.619280e+01
9  -1.481362e+02  1.147710e+01
10  -7.233106e+01  1.016522e+01
11  -4.187607e+01  6.944136e+00
12  -2.583564e+01  -5.851907e-01
13  1.334197e+01  2.131626e+00
14  8.447806e+00  1.546379e+00
15  7.005095e+00  2.011678e+00
16  3.054946e+00  7.139615e-01
17  3.228382e+00  1.493413e-01
18  3.560478e+00  -8.185633e-03
19  2.485817e+00  1.248862e-01
20  1.021154e+00  1.304791e-01
21  3.343477e-01  8.099929e-02
22  3.742212e-01  5.138998e-02
23  1.400540e-01  5.181847e-02
24  2.848593e-02  2.734699e-02
25  8.706766e-03  1.874404e-02
26  6.524493e-04  1.083305e-02
27  6.422808e-03  1.157122e-03
28  -6.949536e-03  1.418142e-03
29  -3.131624e-04  6.754692e-04
30  7.027617e-03  -1.943334e-04
31  1.302203e-02  -7.666224e-07
32  1.054884e-02  4.228656e-04
33  1.383977e-02  1.760035e-03
34  1.326915e-02  2.164470e-03
35  5.419979e-03  7.481862e-04
36  1.524728e-03  1.534443e-03
37  -3.050012e-02  3.440968e-03
38  -4.450396e-02  8.367959e-03
39  -6.340295e-02  2.208538e-02
40  2.632437e-02  3.303406e-02
41  -2.775328e-02  5.014611e-02
42  -1.273546e-01  7.894450e-02
43  -5.374947e-01  1.049627e-01
44  -1.318947e+00  8.017715e-02
45  -1.690109e+00  8.251043e-03
46  -2.484692e+00  -2.185732e-02
47  -4.796447e+00  -2.667660e-02
48  -3.895063e+00  8.116781e-02
49  -3.247678e+00  1.850258e+00
50  -4.904516e+00  2.829148e+00
51  -2.917551e+01  4.821256e+00
52  -2.132099e+01  5.283787e+00
53  4.422599e+01  1.121562e+01
54  1.237085e+02  1.177610e+00
55  4.930433e+01  -6.890234e+00
56  -3.437999e+02  -6.167791e+00
57  -1.124485e+03  -4.633647e+01
58  -3.014290e+03  -8.124050e+01
59  -6.954884e+03  -1.021218e+02
60  -2.018621e+04  -9.534242e+01
61  -5.745881e+04  -9.348035e+01
62  -1.501351e+05  1.213058e+02
63  -6.441365e+05  9.007648e+01
ENDPROP
STARTPROP
MASSES:  4.500000e-02   4.500000e-02
SOURCE: GAM_14
SINKS: GAM_14
0  1.482114e+05  -6.618765e+02
1  1.366544e+06  -1.962546e+02
2  5.518046e+05  -1.114421e+02
3  2.738650e+05  -4.716154e+02
4  1.308358e+05  -2.703770e+02
5  6.210394e+04  -2.268208e+02
6  2.917055e+04  -1.470156e+02
7  1.371061e+04  -1.242937e+02
8  6.246696e+03  -1.073065e+02
9  2.482861e+03  -6.932107e+01
10  1.050635e+03  -4.418051e+01
11  4.406847e+02  -2.399214e+01
12  1.777771e+02  -5.781384e+00
13  6.745842e+01  2.845363e+00
14  2.885369e+01  2.402537e+00
15  1.501257e+01  -7.249019e-02
16  1.195607e+01  -1.096012e+00
17  1.152348e+01  -1.021098e+00
18  2.805942e+00  -7.015501e-01
19  -3.474513e-01  -5.526508e-02
20  3.419424e-01  -3.468694e-02
21  2.657534e-01  -1.689725e-02
22  7.517536e-03  1.064851e-02
23  3.102013e-01  1.114615e-02
24  2.354443e-01  2.747460e-02
25  1.779049e-01  1.970555e-02
26  1.022426e-01  1.444100e-02
27  4.555325e-02  7.108350e-03
28  2.360947e-02  3.350771e-03
29  2.777576e-02  3.739847e-03
30  2.354925e-02  1.848909e-03
31  1.279591e-02  4.656190e-04
32  8.081517e-03  -2.798732e-04
33  2.136578e-03  -2.718100e-03
34  1.562312e-03  -6.777597e-03
35  -2.043877e-02  -1.337534e-02
36  -2.704094e-02  -2.244335e-02
37  -5.064753e-02  -1.973524e-02
38  -1.296063e-01  -1.523770e-02
39  -1.436893e-01  1.859100e-03
40  -3.101371e-02  1.862443e-02
41  9.352762e-02  -1.790250e-03
42  9.868342e-03  1.415763e-02
43  -8.741035e-01  1.457412e-02
44  -1.304863e+00  2.122398e-02
45  -2.119808e-01  -3.854411e-02
46  6.057085e-01  7.880212e-02
47  7.090274e+00  -4.445023e-01
48  1.626273e+01  2.079257e-01
49  5.226163e+01  -4.865439e-01
50  1.293486e+02  1.352634e-01
51  2.629091e+02  3.226717e+00
52  4.636869e+02  4.770326e+00
53  8.905851e+02  5.138186e-01
54  1.730118e+03  -2.251041e+01
55  3.672557e+03  -4.063506e+01
56  7.183028e+03  -7.740323e+00
57  1.465365e+04  1.397758e+02
58  2.935471e+04  2.787303e+02
59  6.073919e+04  3.905454e+02
60  1.307727e+05  6.515659e+02
61  2.708521e+05  3.368653e+02
62  5.522730e+05  2.847253e+02
63  1.376650e+06  -3.674281e+02
ENDPROP
STARTPROP
MASSES:  4.500000e-02   4.500000e-02
SOURCE: GAM_41
SINKS: GAM_41
0  1.482114e+05  -6.618765e+02
1  1.366544e+06  -1.962546e+02
2  5.518046e+05  -1.114421e+02
3  2.738650e+05  -4.716154e+02
4  1.308358e+05  -2.703770e+02
5  6.210394e+04  -2.268208e+02
6  2.917055e+04  -1.470156e+02
7  1.371061e+04  -1.242937e+02
8  6.246696e+03  -1.073065e+02
9  2.482861e+03  -6.932107e+01
10  1.050635e+03  -4.418051e+01
11  4.406847e+02  -2.399214e+01
12  1.777771e+02  -5.781384e+00
13  6.745842e+01  2.845363e+00
14  2.885369e+01  2.402537e+00
15  1.501257e+01  -7.249019e-02
16  1.195607e+01  -1.096012e+00
17  1.152348e+01  -1.021098e+00
18  2.805942e+00  -7.015501e-01
19  -3.474513e-01  -5.526508e-02
20  3.419424e-01  -3.468694e-02
21  2.657534e-01  -1.689725e-02
22  7.517536e-03  1.064851e-02
23  3.102013e-01  1.114615e-02
24  2.354443e-01  2.747460e-02
25  1.779049e-01  1.970555e-02
26  1.022426e-01  1.444100e-02
27  4.555325e-02  7.108350e-03
28  2.360947e-02  3.350771e-03
29  2.777576e-02  3.739847e-03
30  2.354925e-02  1.848909e-03
31  1.279591e-02  4.656190e-04
32  8.081517e-03  -2.798732e-04
33  2.136578e-03  -2.718100e-03
34  1.562312e-03  -6.777597e-03
35  -2.043877e-02  -1.337534e-02
36  -2.704094e-02  -2.244335e-02
37  -5.064753e-02  -1.973524e-02
38  -1.296063e-01  -1.523770e-02
39  -1.436893e-01  1.859100e-03
40  -3.101371e-02  1.862443e-02
41  9.352762e-02  -1.790250e-03
42  9.868342e-03  1.415763e-02
43  -8.741035e-01  1.457412e-02
44  -1.304863e+00  2.122398e-02
45  -2.119808e-01  -3.854411e-02
46  6.057085e-01  7.880212e-02
47  7.090274e+00  -4.445023e-01
48  1.626273e+01  2.079257e-01
49  5.226163e+01  -4.865439e-01
50  1.293486e+02  1.352634e-01
51  2.629091e+02  3.226717e+00
52  4.636869e+02  4.770326e+00
53  8.905851e+02  5.138186e-01
54  1.730118e+03  -2.251041e+01
55  3.672557e+03  -4.063506e+01
56  7.183028e+03  -7.740323e+00
57  1.465365e+04  1.397758e+02
58  2.935471e+04  2.787303e+02
59  6.073919e+04  3.905454e+02
60  1.307727e+05  6.515659e+02
61  2.708521e+05  3.368653e+02
62  5.522730e+05  2.847253e+02
63  1.376650e+06  -3.674281e+02
ENDPROP
STARTPROP
MASSES:  4.500000e-02   4.500000e-02
SOURCE: GAM_23
SINKS: GAM_23
0  9.240206e+05  5.801788e+02
1  -6.223618e+05  -1.950987e+02
2  -1.314878e+05  -4.959315e+02
3  -4.770899e+04  -3.022292e+02
4  -1.512177e+04  -1.452147e+02
5  -5.596979e+03  -1.238214e+02
6  -2.084895e+03  2.589545e+01
7  -2.842958e+02  -9.433835e+00
8  1.984306e+02  -1.405152e+01
9  2.459969e+02  -2.565833e-01
10  2.155064e+02  9.713766e+00
11  1.617080e+02  1.112406e+01
12  8.058597e+01  7.361101e+00
13  1.471846e+01  3.748300e+00
14  -4.159184e+00  3.154551e+00
15  2.560418e+00  1.031086e+00
16  -4.614945e+00  6.543693e-01
17  -4.444615e+00  3.361627e-01
18  -9.901725e-01  -4.502487e-02
19  4.739000e-01  1.672553e-01
20  9.118875e-01  1.252939e-01
21  8.056506e-01  4.000688e-02
22  4.078947e-01  1.643120e-02
23  3.485873e-01  1.458679e-02
24  1.664907e-01  2.079687e-02
25  6.963338e-02  7.516222e-04
26  1.668112e-02  6.065866e-03
27  2.493068e-02  8.056648e-03
28  2.196036e-03  4.546917e-03
29  -3.737533e-03  1.601819e-03
30  -6.858630e-03  1.568537e-03
31  -9.027316e-03  1.235094e-03
32  -3.421774e-03  4.630671e-04
33  7.193033e-03  5.487759e-04
34  1.629986e-02  -9.315505e-04
35  2.047521e-02  -1.804533e-03
36  -8.485515e-04  -5.698934e-03
37  2.526644e-02  -6.894954e-03
38  2.397814e-02  -1.419787e-02
39  1.208843e-02  -3.054744e-02
40  -1.677920e-02  -1.900926e-02
41  -3.464492e-03  -2.916482e-02
42  1.936677e-01  -2.416348e-02
43  4.825298e-01  -3.631289e-02
44  1.190894e+00  -1.647105e-01
45  1.098041e+00  -3.253845e-01
46  1.453629e+00  -3.616190e-01
47  2.733082e+00  3.091670e-01
48  -2.895066e+00  5.329862e-01
49  -5.351849e-01  9.951533e-01
50  5.372889e+00  3.071636e+00
51  2.816599e+01  5.683161e+00
52  3.585445e+01  6.113937e+00
53  1.012883e+02  8.656092e+00
54  8.886424e+01  -6.834284e+00
55  4.009470e+01  -2.509594e+01
56  -1.651532e+02  -2.000881e+01
57  -8.844818e+02  6.775269e+00
58  -2.799818e+03  4.607971e+01
59  -7.106439e+03  1.856387e+02
60  -1.653008e+04  2.844538e+02
61  -4.746515e+04  5.887500e+02
62  -1.338889e+05  3.975107e+02
63  -6.214881e+05  7.845260e+02
ENDPROP
STARTPROP
MASSES:  4.500000e-02   4.500000e-02
SOURCE: GAM_32
SINKS: GAM_32
0  9.240206e+05  5.801788e+02
1  -6.223618e+05  -1.950987e+02
2  -1.314878e+05  -4.959315e+02
3  -4.770899e+04  -3.022292e+02
4  -1.512177e+04  -1.452147e+02
5  -5.596979e+03  -1.238214e+02
6  -2.084895e+03  2.589545e+01
7  -2.842958e+02  -9.433835e+00
8  1.984306e+02  -1.405152e+01
9  2.459969e+02  -2.565833e-01
10  2.155064e+02  9.713766e+00
11  1.617080e+02  1.112406e+01
12  8.058597e+01  7.361101e+00
13  1.471846e+01  3.748300e+00
14  -4.159184e+00  3.154551e+00
15  2.560418e+00  1.031086e+00
16  -4.614945e+00  6.543693e-01
17  -4.444615e+00  3.361627e-01
18  -9.901725e-01  -4.502487e-02
19  4.739000e-01  1.672553e-01
20  9.118875e-01  1.252939e-01
21  8.056506e-01  4.000688e-02
22  4.078947e-01  1.643120e-02
23  3.485873e-01  1.458679e-02
24  1.664907e-01  2.079687e-02
25  6.963338e-02  7.516222e-04
26  1.668112e-02  6.065866e-03
27  2.493068e-02  8.056648e-03
28  2.196036e-03  4.546917e-03
29  -3.737533e-03  1.601819e-03
30  -6.858630e-03  1.568537e-03
31  -9.027316e-03  1.235094e-03
32  -3.421774e-03  4.630671e-04
33  7.193033e-03  5.487759e-04
34  1.629986e-02  -9.315505e-04
35  2.047521e-02  -1.804533e-03
36  -8.485515e-04  -5.698934e-03
37  2.526644e-02  -6.894954e-03
38  2.397814e-02  -1.419787e-02
39  1.208843e-02  -3.054744e-02
40  -1.677920e-02  -1.900926e-02
41  -3.464492e-03  -2.916482e-02
42  1.936677e-01  -2.416348e-02
43  4.825298e-01  -3.631289e-02
44  1.190894e+00  -1.647105e-01
45  1.098041e+00  -3.253845e-01
46  1.453629e+00  -3.616190e-01
47  2.733082e+00  3.091670e-01
48  -2.895066e+00  5.329862e-01
49  -5.351849e-01  9.951533e-01
50  5.372889e+00  3.071636e+00
51  2.816599e+01  5.683161e+00
52  3.585445e+01  6.113937e+00
53  1.012883e+02  8.656092e+00
54  8.886424e+01  -6.834284e+00
55  4.009470e+01  -2.509594e+01
56  -1.651532e+02  -2.000881e+01
57  -8.844818e+02  6.775269e+00
58  -2.799818e+03  4.607971e+01
59  -7.106439e+03  1.856387e+02
60  -1.653008e+04  2.844538e+02
61  -4.746515e+04  5.887500e+02
62  -1.338889e+05  3.975107e+02
63  -6.214881e+05  7.845260e+02
ENDPROP
STARTPROP
MASSES:  4.500000e-02   4.500000e-02
SOURCE: GAM_24
SINKS: GAM_24
0  1.676290e+05  2.500857e+02
1  1.385829e+06  -6.178089e+02
2  5.692120e+05  -4.830510e+02
3  2.849411e+05  -6.071716e+02
4  1.400479e+05  -5.058708e+02
5  6.885654e+04  -4.338936e+02
6  3.147425e+04  -2.483957e+02
7  1.466847e+04  -7.139312e+01
8  6.901773e+03  1.366753e+01
9  3.493956e+03  1.518129e+01
10  1.703576e+03  1.028241e+01
11  8.451876e+02  8.939786e-01
12  3.830084e+02  5.194989e+00
13  1.835077e+02  5.128853e+00
14  1.213785e+02  2.197205e+00
15  7.148855e+01  1.303129e+00
16  3.044817e+01  7.392198e-01
17  4.864103e+00  9.099342e-01
18  -2.209156e+00  6.064525e-01
19  -2.121296e+00  3.495912e-01
20  -7.296570e-01  1.765158e-01
21  5.355394e-01  -1.436497e-02
22  6.079834e-02  -1.965165e-02
23  -3.607563e-02  -2.895162e-02
24  5.082583e-03  -2.903388e-02
25  -1.168233e-01  -6.018430e-03
26  -1.242804e-01  -1.052876e-02
27  -9.433277e-02  -1.358684e-02
28  -5.328494e-02  -1.322870e-02
29  -4.849664e-02  -4.840270e-03
30  -3.739430e-02  -1.269293e-03
31  -2.232835e-02  1.314997e-04
32  -9.685258e-03  4.400295e-04
33  -5.136599e-03  9.178498e-05
34  2.377354e-03  1.537501e-03
35  1.814670e-03  2.942913e-03
36  8.540790e-03  4.774715e-03
37  5.425746e-02  7.901905e-03
38  8.509430e-02  1.802696e-02
39  1.999591e-01  3.945120e-02
40  3.891243e-01  5.446573e-02
41  5.750762e-01  6.133139e-02
42  7.376244e-01  2.110825e-02
43  1.378937e+00  -1.159598e-01
44  3.368823e+00  1.524095e-02
45  7.243975e+00  3.809470e-01
46  1.338410e+01  2.388691e-01
47  1.785393e+01  1.028680e+00
48  2.903350e+01  1.080290e+00
49  5.805952e+01  1.567315e+00
50  1.273598e+02  8.797797e+00
51  2.696825e+02  1.807246e+01
52  4.538594e+02  2.152205e+01
53  8.122526e+02  2.028351e+01
54  1.460193e+03  2.738511e+01
55  2.871743e+03  3.930889e+01
56  6.549032e+03  2.297136e+01
57  1.440336e+04  2.691785e+01
58  3.047678e+04  5.678040e+01
59  6.453348e+04  8.683646e+01
60  1.333187e+05  3.302086e+02
61  2.776541e+05  2.227306e+02
62  5.685591e+05  2.660687e+02
63  1.395721e+06  4.720341e+02
ENDPROP
STARTPROP
MASSES:  4.500000e-02   4.500000e-02
SOURCE: GAM_42
SINKS: GAM_42
0  1.676290e+05  2.500857e+02
1  1.385829e+06  -6.178089e+02
2  5.692120e+05  -4.830510e+02
3  2.849411e+05  -6.071716e+02
4  1.400479e+05  -5.058708e+02
5  6.885654e+04  -4.338936e+02
6  3.147425e+04  -2.483957e+02
7  1.466847e+04  -7.139312e+01
8  6.901773e+03  1.366753e+01
9  3.493956e+03  1.518129e+01
10  1.703576e+03  1.028241e+01
11  8.451876e+02  8.939786e-01
12  3.830084e+02  5.194989e+00
13  1.835077e+02  5.128853e+00
14  1.213785e+02  2.197205e+00
15  7.148855e+01  1.303129e+00
16  3.044817e+01  7.392198e-01
17  4.864103e+00  9.099342e-01
18  -2.209156e+00  6.064525e-01
19  -2.121296e+00  3.495912e-01
20  -7.296570e-01  1.765158e-01
21  5.355394e-01  -1.436497e-02
22  6.079834e-02  -1.965165e-02
23  -3.607563e-02  -2.895162e-02
24  5.082583e-03  -2.903388e-02
25  -1.168233e-01  -6.018430e-03
26  -1.242804e-01  -1.052876e-02
27  -9.433277e-02  -1.358684e-02
28  -5.328494e-02  -1.322870e-02
29  -4.849664e-02  -4.840270e-03
30  -3.739430e-02  -1.269293e-03
31  -2.232835e-02  1.314997e-04
32  -9.685258e-03  4.400295e-04
33  -5.136599e-03  9.178498e-05
34  2.377354e-03  1.537501e-03
35  1.814670e-03  2.942913e-03
36  8.540790e-03  4.774715e-03
37  5.425746e-02  7.901905e-03
38  8.509430e-02  1.802696e-02
39  1.999591e-01  3.945120e-02
40  3.891243e-01  5.446573e-02
41  5.750762e-01  6.133139e-02
42  7.376244e-01  2.110825e-02
43  1.378937e+00  -1.159598e-01
44  3.368823e+00  1.524095e-02
45  7.243975e+00  3.809470e-01
46  1.338410e+01  2.388691e-01
47  1.785393e+01  1.028680e+00
48  2.903350e+01  1.080290e+00
49  5.805952e+01  1.567315e+00
50  1.273598e+02  8.797797e+00
51  2.696825e+02  1.807246e+01
52  4.538594e+02  2.152205e+01
53  8.122526e+02  2.028351e+01
54  1.460193e+03  2.738511e+01
55  2.871743e+03  3.930889e+01
56  6.549032e+03  2.297136e+01
57  1.440336e+04  2.691785e+01
58  3.047678e+04  5.678040e+01
59  6.453348e+04  8.683646e+01
60  1.333187e+05  3.302086e+02
61  2.776541e+05  2.227306e+02
62  5.685591e+05  2.660687e+02
63  1.395721e+06  4.720341e+02
ENDPROP
STARTPROP
MASSES:  4.500000e-02   4.500000e-02
SOURCE: GAM_34
SINKS: GAM_34
0  1.696874e+05  -1.843600e+03
1  1.376207e+06  -9.524191e+02
2  5.512037e+05  -1.069292e+03
3  2.737763e+05  -1.029386e+03
4  1.331047e+05  -8.730702e+02
5  6.415987e+04  -4.982767e+02
6  3.088168e+04  -2.083473e+02
7  1.398291e+04  -1.119413e+02
8  6.545003e+03  -8.820274e+01
9  3.251556e+03  -5.605799e+01
10  1.542431e+03  -3.754081e+01
11  6.547502e+02  -2.422192e+01
12  2.341317e+02  -4.896017e+00
13  1.016172e+02  4.581290e-01
14  3.708523e+01  2.600502e+00
15  2.490641e+01  6.782235e-01
16  1.343177e+01  -2.937963e-01
17  5.674062e+00  -5.601642e-02
18  4.748609e+00  -4.574900e-01
19  3.983084e+00  -1.502900e-01
20  1.748216e+00  4.231095e-03
21  5.463811e-01  -7.741405e-04
22  -6.510963e-02  -2.126148e-04
23  -2.814720e-01  1.706046e-02
24  -1.492392e-01  2.162549e-03
25  -5.235688e-02  1.117718e-02
26  1.874095e-02  3.893639e-03
27  4.271312e-02  -1.610340e-03
28  3.725372e-02  -9.623122e-04
29  3.165426e-02  -1.152890e-03
30  7.976228e-03  -2.718498e-04
31  -8.864330e-03  1.130136e-03
32  -7.887271e-03  1.720124e-03
33  -1.158976e-02  2.404235e-04
34  -1.651028e-02  -9.622417e-05
35  -2.860510e-02  -8.735544e-04
36  -2.991936e-02  -2.289439e-03
37  -1.960404e-02  3.816979e-04
38  -3.629969e-02  6.896759e-03
39  -2.788661e-01  2.372947e-02
40  -6.996586e-01  1.679533e-02
41  -6.362208e-01  1.531547e-03
42  -4.641513e-01  2.024970e-03
43  -3.232460e-01  2.803116e-02
44  2.311178e+00  9.774770e-02
45  6.835767e+00  -1.723980e-01
46  1.246304e+01  -4.586131e-01
47  2.299593e+01  -1.718624e+00
48  4.655138e+01  -2.841278e+00
49  8.612483e+01  -3.512547e+00
50  1.487400e+02  -1.628954e+00
51  2.566786e+02  3.499847e+00
52  4.562525e+02  1.092666e+01
53  5.981698e+02  1.717873e+01
54  1.079016e+03  2.127047e+01
55  2.308435e+03  1.469886e+01
56  5.400941e+03  4.423729e+01
57  1.319126e+04  1.470144e+02
58  2.787653e+04  3.712680e+02
59  5.934008e+04  6.178380e+02
60  1.292165e+05  8.055288e+02
61  2.739475e+05  7.939251e+02
62  5.587866e+05  2.391120e+02
63  1.386095e+06  -1.112375e+03
ENDPROP
STARTPROP
MASSES:  4.500000e-02   4.500000e-02
SOURCE: GAM_43
SINKS: GAM_43
0  1.696874e+05  -1.843600e+03
1  1.376207e+06  -9.524191e+02
2  5.512037e+05  -1.069292e+03
3  2.737763e+05  -1.029386e+03
4  1.331047e+05  -8.730702e+02
5  6.415987e+04  -4.982767e+02
6  3.088168e+04  -2.083473e+02
7  1.398291e+04  -1.119413e+02
8  6.545003e+03  -8.820274e+01
9  3.251556e+03  -5.605799e+01
10  1.542431e+03  -3.754081e+01
11  6.547502e+02  -2.422192e+01
12  2.341317e+02  -4.896017e+00
13  1.016172e+02  4.581290e-01
14  3.708523e+01  2.600502e+00
15  2.490641e+01  6.782235e-01
16  1.343177e+01  -2.937963e-01
17  5.674062e+00  -5.601642e-02
18  4.748609e+00  -4.574900e-01
19  3.983084e+00  -1.502900e-01
20  1.748216e+00  4.231095e-03
21  5.463811e-01  -7.741405e-04
22  -6.510963e-02  -2.126148e-04
23  -2.814720e-01  1.706046e-02
24  -1.492392e-01  2.162549e-03
25  -5.235688e-02  1.117718e-02
26  1.874095e-02  3.893639e-03
27  4.271312e-02  -1.610340e-03
28  3.725372e-02  -9.623122e-04
29  3.165426e-02  -1.152890e-03
30  7.976228e-03  -2.718498e-04
31  -8.864330e-03  1.130136e-03
32  -7.887271e-03  1.720124e-03
33  -1.158976e-02  2.404235e-04
34  -1.651028e-02  -9.622417e-05
35  -2.860510e-02  -8.735544e-04
36  -2.991936e-02  -2.289439e-03
37  -1.960404e-02  3.816979e-04
38  -3.629969e-02  6.896759e-03
39  -2.788661e-01  2.372947e-02
40  -6.996586e-01  1.679533e-02
41  -6.362208e-01  1.531547e-03
42  -4.641513e-01  2.024970e-03
43  -3.232460e-01  2.803116e-02
44  2.311178e+00  9.774770e-02
45  6.835767e+00  -1.723980e-01
46  1.246304e+01  -4.586131e-01
47  2.299593e+01  -1.718624e+00
48  4.655138e+01  -2.841278e+00
49  8.612483e+01  -3.512547e+00
50  1.487400e+02  -1.628954e+00
51  2.566786e+02  3.499847e+00
52  4.562525e+02  1.092666e+01
53  5.981698e+02  1.717873e+01
54  1.079016e+03  2.127047e+01
55  2.308435e+03  1.469886e+01
56  5.400941e+03  4.423729e+01
57  1.319126e+04  1.470144e+02
58  2.787653e+04  3.712680e+02
59  5.934008e+04  6.178380e+02
60  1.292165e+05  8.055288e+02
61  2.739475e+05  7.939251e+02
62  5.587866e+05  2.391120e+02
63  1.386095e+06  -1.112375e+03
ENDPROP
STARTPROP
MASSES:  4.500000e-02   4.500000e-02
SOURCE: GAM_15
SINKS: GAM_15
0  7.464533e+04  6.759182e+02
1  -9.209737e+05  7.165715e+02
2  -2.587570e+05  8.904162e+02
3  -9.621824e+04  7.203740e+02
4  -3.835895e+04  1.051515e+02
5  -1.625109e+04  8.447287e+01
6  -6.653589e+03  2.232418e+01
7  -2.316659e+03  -3.562893e+01
8  -1.044209e+03  -1.771942e+01
9  -3.002434e+02  -5.412648e-01
10  -1.357118e+02  -5.518894e+00
11  -6.854851e+01  -1.024578e+01
12  3.321322e+01  -7.429291e+00
13  2.868584e+01  -5.656506e+00
14  1.506788e+01  -4.778460e+00
15  9.322811e+00  -2.792190e+00
16  1.159793e+00  -1.266357e+00
17  -3.287358e+00  -9.621775e-01
18  -4.582635e+00  7.225268e-03
19  -2.909579e+00  2.944220e-01
20  -1.078899e+00  2.174688e-01
21  2.724962e-01  1.045424e-01
22  3.158639e-01  -6.768249e-03
23  -3.336179e-02  -1.301713e-02
24  -1.184831e-01  -8.338170e-03
25  1.008065e-02  -1.706969e-02
26  2.977303e-02  -1.876429e-02
27  2.300471e-02  -7.664379e-03
28  -4.826774e-03  -7.977264e-04
29  -2.272593e-03  -8.518441e-04
30  -5.581485e-03  5.159742e-04
31  -6.229714e-03  1.427885e-03
32  3.539780e-03  2.016277e-03
33  1.119128e-02  2.144286e-03
34  2.132233e-02  2.798462e-03
35  2.980303e-02  2.837253e-03
36  2.240829e-02  3.188327e-03
37  1.324867e-02  6.254952e-04
38  3.870185e-03  -6.016502e-03
39  -1.137792e-01  -4.124540e-03
40  -3.301736e-01  -1.623766e-02
41  -3.098355e-01  -5.196318e-02
42  -1.469018e-01  -7.986954e-02
43  3.622851e-01  -1.253915e-01
44  2.565380e-01  -1.940784e-01
45  -1.578813e+00  -7.416859e-01
46  -2.777202e+00  -1.642416e+00
47  -2.452738e+00  -1.878709e+00
48  5.559805e+00  -1.095649e+00
49  1.523476e+01  2.774804e-01
50  7.170983e+00  1.954625e+00
51  -3.479974e+01  1.549180e+00
52  -1.311404e+02  -1.241153e+00
53  -2.920276e+02  3.127649e+00
54  -6.618489e+02  1.191956e+01
55  -1.149481e+03  1.157178e+01
56  -2.200052e+03  -9.493584e+00
57  -4.423263e+03  -7.140935e+01
58  -9.267200e+03  -1.080166e+02
59  -2.019174e+04  -9.787094e+01
60  -4.571529e+04  7.116708e+01
61  -1.076486e+05  1.196026e+02
62  -2.712969e+05  4.702979e+02
63  -9.285797e+05  7.441532e+02
ENDPROP
STARTPROP
MASSES:  4.500000e-02   4.500000e-02
SOURCE: GAM_25
SINKS: GAM_25
0  1.307272e+05  -2.301825e+01
1  -8.785586e+05  -5.707484e+02
2  -2.361089e+05  -3.173315e+02
3  -8.916920e+04  -3.737613e+02
4  -3.405203e+04  -2.678867e+02
5  -1.409403e+04  -1.701050e+02
6  -5.901219e+03  -3.795253e+01
7  -2.289128e+03  6.898444e+01
8  -1.204052e+03  1.042994e+02
9  -4.747803e+02  6.912702e+01
10  -1.541662e+02  3.977301e+01
11  -5.797597e+01  1.980980e+01
12  -3.520206e+01  5.435790e+00
13  8.668209e+00  6.606409e-01
14  2.423459e+01  1.400070e+00
15  2.704768e+01  1.387655e+00
16  9.736812e+00  9.133511e-01
17  3.356546e+00  8.434533e-02
18  1.409173e+00  -1.093692e-01
19  6.987687e-01  -2.873809e-01
20  1.654907e+00  -1.957115e-01
21  2.210859e+00  -7.899411e-02
22  1.270353e+00  -3.017241e-02
23  4.059049e-01  -3.562523e-02
24  1.499311e-01  -1.535905e-02
25  3.855547e-02  1.368961e-03
26  -3.210757e-02  3.741802e-03
27  -3.864173e-02  -3.639870e-03
28  -6.468401e-03  -2.528306e-03
29  9.361969e-03  -6.371073e-04
30  2.631971e-02  1.664439e-03
31  2.992001e-02  2.975503e-03
32  2.674388e-02  3.644183e-03
33  2.146455e-02  2.345187e-03
34  1.761684e-02  1.012535e-03
35  7.750623e-03  -2.523176e-03
36  1.617429e-02  -1.477010e-03
37  5.189169e-02  4.908124e-04
38  1.690674e-01  9.841958e-03
39  2.613561e-01  1.132488e-02
40  3.214232e-01  -5.713536e-03
41  4.985389e-01  -3.440015e-02
42  7.251288e-01  -2.291416e-03
43  9.727570e-01  5.939232e-02
44  1.098651e-01  9.233178e-02
45  -3.253062e+00  5.504655e-02
46  -9.446837e+00  1.400816e-01
47  -1.485275e+01  2.715309e-01
48  -1.732111e+01  7.010769e-01
49  -2.133328e+01  8.191840e-01
50  -3.235423e+01  1.327948e+00
51  -5.430452e+01  -3.156904e+00
52  -8.778977e+01  -6.004161e+00
53  -1.200888e+02  2.527322e+00
54  -2.276806e+02  1.203188e+01
55  -4.159750e+02  3.764527e+01
56  -5.373768e+02  4.011240e+01
57  -1.568285e+03  -2.064085e+01
58  -3.008664e+03  -2.598442e+01
59  -7.462716e+03  9.623560e+01
60  -2.405338e+04  1.797908e+02
61  -7.787677e+04  3.720438e+02
62  -2.318419e+05  1.624806e+02
63  -8.867691e+05  -7.011755e+01
ENDPROP
STARTPROP
MASSES:  4.500000e-02   4.500000e-02
SOURCE: GAM_35
SINKS: GAM_35
0  1.211465e+05  -1.003002e+03
1  -8.954177e+05  -9.804884e+02
2  -2.440574e+05  -9.588681e+02
3  -8.926641e+04  -6.170797e+02
4  -3.184155e+04  -2.244883e+02
5  -1.027302e+04  1.391467e+01
6  -2.172189e+03  1.330201e+02
7  -3.941111e+02  1.406636e+02
8  1.440323e+02  9.487636e+01
9  3.507931e+02  3.023350e+01
10  4.497618e+02  1.864369e+00
11  1.977338e+02  6.636725e+00
12  1.055267e+02  5.870183e+00
13  7.141599e+01  3.433708e+00
14  4.199320e+01  1.419837e+00
15  2.817626e+01  -1.885703e+00
16  1.709437e+01  -1.711326e+00
17  1.112100e+01  -7.120506e-01
18  6.139930e+00  -1.452013e-01
19  2.184260e+00  -2.087800e-02
20  2.707056e-01  8.451403e-02
21  1.130915e-01  1.418638e-01
22  3.759062e-01  1.233150e-01
23  3.861494e-01  9.548051e-02
24  2.729976e-01  6.447087e-02
25  4.942214e-02  3.921704e-02
26  -4.827054e-02  1.932523e-02
27  -1.069301e-02  1.443887e-02
28  -9.381631e-03  4.354985e-03
29  2.417049e-04  1.362872e-03
30  6.495231e-04  8.326430e-04
31  1.149076e-03  1.386850e-03
32  -9.261180e-03  2.902131e-03
33  -1.326699e-02  4.099435e-03
34  -1.421226e-02  3.084255e-03
35  -1.366110e-02  9.208199e-04
36  -2.101926e-03  1.310243e-03
37  3.654812e-02  -1.390017e-03
38  1.375260e-01  -6.150417e-04
39  3.039862e-01  2.418492e-03
40  5.478661e-01  1.234860e-02
41  8.303598e-01  7.925677e-02
42  1.335217e+00  1.363606e-01
43  2.728486e+00  1.336801e-01
44  5.080520e+00  2.179778e-01
45  7.377768e+00  2.901986e-01
46  9.643809e+00  -6.615875e-02
47  9.201648e+00  -8.859529e-01
48  1.445529e+01  -2.913968e+00
49  1.521195e+01  -6.800184e+00
50  5.491812e+00  -1.322035e+01
51  -1.506273e+01  -2.025543e+01
52  -7.645672e+01  -2.499365e+01
53  -1.268388e+02  -2.597455e+01
54  -7.330421e+01  -3.511174e+01
55  -1.145470e+02  -2.408989e+01
56  -4.354398e+02  -8.297387e+00
57  -1.170724e+03  -6.124527e+01
58  -3.216247e+03  -8.655044e+01
59  -1.062843e+04  -6.072169e+01
60  -3.394563e+04  -5.391330e+01
61  -9.257376e+04  -4.046776e+01
62  -2.471779e+05  1.507461e+02
63  -8.987154e+05  5.020120e+00
ENDPROP
STARTPROP
MASSES:  4.500000e-02   4.500000e-02
SOURCE: GAM_45
SINKS: GAM_45
0  -1.004590e+06  -1.098715e+03
1  1.105579e+06  -1.566634e+03
2  5.296554e+05  -1.342449e+03
3  3.390854e+05  -1.403679e+03
4  2.073390e+05  -1.170264e+03
5  1.262696e+05  -8.140206e+02
6  7.681916e+04  -6.741430e+02
7  4.659573e+04  -5.159103e+02
8  2.792804e+04  -3.769280e+02
9  1.734418e+04  -2.478662e+02
10  1.081888e+04  -1.795731e+02
11  6.778076e+03  -1.289084e+02
12  4.154399e+03  -7.220425e+01
13  2.539290e+03  -4.145146e+01
14  1.547136e+03  -2.312068e+01
15  9.491804e+02  -1.448137e+01
16  5.771186e+02  -8.535382e+00
17  3.541558e+02  -5.066343e+00
18  2.149860e+02  -3.215164e+00
19  1.305925e+02  -1.815090e+00
20  7.995234e+01  -1.054314e+00
21  4.799220e+01  -5.291751e-01
22  2.916384e+01  -3.533480e-01
23  1.775096e+01  -2.216138e-01
24  1.079524e+01  -1.433436e-01
25  6.533554e+00  -7.616667e-02
26  3.996502e+00  -5.110203e-02
27  2.408898e+00  -2.920959e-02
28  1.478217e+00  -1.740319e-02
29  9.262886e-01  -1.125437e-02
30  6.153154e-01  -5.340666e-03
31  4.605289e-01  -2.327505e-03
32  4.304975e-01  -1.481944e-03
33  5.080224e-01  -2.701784e-03
34  7.119432e-01  -4.528025e-03
35  1.114514e+00  -3.080047e-03
36  1.803418e+00  -1.093422e-02
37  2.915135e+00  -1.415144e-02
38  4.833794e+00  -3.612787e-02
39  7.780006e+00  -5.307311e-02
40  1.262836e+01  -1.166839e-01
41  2.021694e+01  -1.796032e-01
42  3.367669e+01  -2.898797e-01
43  5.461591e+01  -4.207361e-01
44  8.876711e+01  -5.471877e-01
45  1.466840e+02  -8.352679e-01
46  2.426084e+02  -9.184833e-01
47  3.879435e+02  -1.294059e+00
48  6.220739e+02  -2.521575e+00
49  1.007116e+03  -4.733639e+00
50  1.650063e+03  -5.464031e+00
51  2.640387e+03  -6.177422e+00
52  4.234925e+03  -9.638239e-01
53  6.831946e+03  1.689398e+01
54  1.111954e+04  3.672389e+01
55  1.810143e+04  5.854827e+01
56  2.971796e+04  1.155147e+02
57  4.856526e+04  1.627919e+02
58  7.917633e+04  2.330607e+02
59  1.290806e+05  3.632486e+02
60  2.108878e+05  5.273763e+02
61  3.414692e+05  4.093896e+02
62  5.412355e+05  -6.000925e+01
63  1.119210e+06  -9.115852e+02
ENDPROP
STARTPROP
MASSES:  4.500000e-02   4.500000e-02
SOURCE: PSAX4
SINKS: GAM_4
0  -2.797982e+03  -4.107099e+02
1  1.683923e+06  -1.780072e+03
2  9.316270e+05  -1.745023e+03
3  5.845335e+05  -1.530895e+03
4  3.579109e+05  -1.230253e+03
5  2.186235e+05  -9.555910e+02
6  1.326945e+05  -8.684382e+02
7  8.054187e+04  -6.718199e+02
8  4.812923e+04  -5.019411e+02
9  2.950970e+04  -3.429659e+02
10  1.822237e+04  -2.452035e+02
11  1.129642e+04  -1.761476e+02
12  6.895409e+03  -9.834914e+01
13  4.206938e+03  -6.162178e+01
14  2.534787e+03  -3.712760e+01
15  1.541451e+03  -2.405669e+01
16  9.322618e+02  -1.416683e+01
17  5.684537e+02  -8.593604e+00
18  3.446567e+02  -5.171652e+00
19  2.106529e+02  -2.921577e+00
20  1.292165e+02  -1.555849e+00
21  7.827583e+01  -7.149587e-01
22  4.767864e+01  -4.636827e-01
23  2.925716e+01  -2.474533e-01
24  1.778511e+01  -1.469844e-01
25  1.081196e+01  -6.572197e-02
26  6.605510e+00  -4.081884e-02
27  3.928429e+00  -2.242274e-02
28  2.362937e+00  -1.195249e-02
29  1.387565e+00  -6.509096e-03
30  7.570176e-01  -8.864359e-04
31  3.161388e-01  1.725435e-03
32  -4.143668e-02  1.452945e-03
33  -4.174643e-01  1.704923e-03
34  -8.794056e-01  2.457129e-03
35  -1.588640e+00  -1.757799e-03
36  -2.687305e+00  6.685120e-03
37  -4.432946e+00  8.378739e-03
38  -7.388330e+00  2.417798e-02
39  -1.197505e+01  4.336403e-02
40  -1.953293e+01  1.063850e-01
41  -3.144923e+01  1.824294e-01
42  -5.216979e+01  3.473454e-01
43  -8.475882e+01  5.375668e-01
44  -1.378718e+02  5.820965e-01
45  -2.274280e+02  9.183838e-01
46  -3.758308e+02  8.328258e-01
47  -6.034729e+02  9.136355e-01
48  -9.749036e+02  2.061958e+00
49  -1.582973e+03  4.743998e+00
50  -2.593707e+03  6.327293e+00
51  -4.206156e+03  8.519371e+00
52  -6.766521e+03  -2.189141e+00
53  -1.100113e+04  -3.549600e+01
54  -1.804284e+04  -7.244837e+01
55  -2.952514e+04  -1.064780e+02
56  -4.856500e+04  -1.746242e+02
57  -7.983174e+04  -2.701643e+02
58  -1.308211e+05  -4.386493e+02
59  -2.143377e+05  -8.765624e+02
60  -3.543455e+05  -1.401432e+03
61  -5.778351e+05  -1.563448e+03
62  -9.388369e+05  -1.150852e+03
63  -1.700424e+06  -8.551108e+02
ENDPROP
STARTPROP
MASSES:  4.500000e-02   4.500000e-02
SOURCE: WWPSAX4
SINKS: GAM_4
0  -3.867296e+07  -4.674476e+06
1  1.638731e+09  7.314359e+06
2  7.005090e+08  1.304202e+06
3  3.517969e+08  -1.438996e+06
4  1.932029e+08  -3.757618e+06
5  1.122793e+08  -8.482163e+05
6  5.661457e+07  -5.503023e+05
7  3.055185e+07  6.265856e+05
8  1.809082e+07  -2.296088e+05
9  1.837148e+07  -3.785558e+05
10  1.048041e+07  -1.533139e+05
11  6.211572e+06  -7.093723e+04
12  3.442534e+06  -2.492515e+04
13  1.992051e+06  -4.874984e+04
14  1.315062e+06  -1.595653e+04
15  7.046390e+05  -4.258845e+03
16  3.781623e+05  -1.262105e+04
17  2.999257e+05  -6.657968e+03
18  1.611795e+05  -5.262376e+03
19  1.123151e+05  1.375717e+03
20  5.779498e+04  -1.564217e+03
21  4.357405e+04  -1.227242e+03
22  2.933847e+04  2.488087e+02
23  2.181383e+04  -3.977655e+02
24  9.354022e+03  2.152070e+01
25  4.473176e+03  -2.478026e+02
26  3.749743e+03  -1.634770e+02
27  2.129209e+03  -2.347122e+01
28  1.049618e+03  4.785157e+01
29  4.540675e+02  2.986525e+01
30  3.550110e+02  9.286383e+00
31  9.752217e-01  1.353853e+01
32  -6.543431e+00  -2.825898e+00
33  -2.139172e+02  6.812971e+00
34  -4.567274e+02  9.417996e+00
35  -8.560870e+02  2.560717e+01
36  -1.420390e+03  3.550425e+01
37  -2.453558e+03  6.078986e+01
38  -2.136775e+03  3.311731e+01
39  -5.368620e+03  -3.291519e+02
40  -7.987678e+03  1.351208e+02
41  -2.146179e+04  8.892018e+02
42  -3.254604e+04  1.264667e+03
43  -5.122761e+04  -1.118461e+03
44  -9.146325e+04  -1.681260e+03
45  -6.510540e+04  -3.515272e+02
46  -2.397850e+05  7.539799e+03
47  -3.634320e+05  -7.347694e+03
48  -4.828406e+05  -4.649711e+03
49  -8.083817e+05  2.026433e+04
50  -2.015456e+06  1.353647e+03
51  -1.984771e+06  2.537882e+04
52  -2.960747e+06  -9.648950e+04
53  -6.723860e+06  5.625806e+04
54  -6.672758e+06  1.492468e+05
55  -1.752105e+07  -1.229295e+04
56  -2.455076e+07  -2.595117e+05
57  -3.731450e+07  -3.346380e+05
58  -7.118109e+07  -7.220508e+05
59  -8.724210e+07  -2.761775e+06
60  -1.458439e+08  7.982852e+05
61  -2.944442e+08  -3.792670e+05
62  -4.648464e+08  -6.378416e+06
63  -1.629277e+09  7.685075e+06
ENDPROP
STARTPROP
MASSES:  4.500000e-02   4.500000e-02
SOURCE: WWGAM_5
SINKS: GAM_5
0  2.036546e+10  -3.202727e-01
1  2.151471e+09  8.811551e+06
2  9.719643e+08  -1.007078e+06
3  4.963573e+08  -2.563743e+06
4  3.032696e+08  -3.423672e+06
5  1.895024e+08  -1.049669e+06
6  1.004942e+08  -5.957847e+05
7  6.129800e+07  -4.112066e+05
8  3.324984e+07  -4.498156e+05
9  2.587223e+07  -4.399211e+05
10  1.559947e+07  -2.594708e+05
11  8.923240e+06  -1.364493e+05
12  5.604413e+06  -3.009374e+04
13  3.422717e+06  -8.085709e+04
14  2.073325e+06  -2.460656e+04
15  1.302626e+06  -1.584019e+04
16  6.589168e+05  -1.503792e+04
17  4.490152e+05  -7.831205e+03
18  2.741665e+05  -8.744110e+03
19  1.738773e+05  -1.207098e+03
20  1.064081e+05  -3.385019e+03
21  7.031527e+04  -1.777251e+03
22  4.467492e+04  1.300293e+02
23  3.246913e+04  -3.484036e+02
24  1.504228e+04  -1.437285e+01
25  9.296173e+03  -2.971205e+02
26  6.096321e+03  -1.929190e+02
27  3.208116e+03  -1.958638e+01
28  2.126689e+03  4.360405e+01
29  1.080121e+03  2.048492e+01
30  9.278900e+02  6.799327e+00
31  5.851546e+02  -4.820959e+00
32  5.820762e+02  -3.805873e-01
33  6.484066e+02  -1.321534e+01
34  9.726331e+02  -1.340099e+01
35  1.409308e+03  -8.319463e+00
36  2.136965e+03  -3.522193e+01
37  3.521547e+03  -6.585694e+01
38  4.709885e+03  -1.150558e+01
39  9.136610e+03  2.463233e+02
40  1.391174e+04  -2.262846e+02
41  3.006481e+04  -9.709415e+02
42  4.921810e+04  -9.230732e+02
43  8.004418e+04  1.361393e+03
44  1.345290e+05  1.816706e+03
45  1.370431e+05  2.091371e+01
46  3.469409e+05  -7.821708e+03
47  5.236937e+05  4.718073e+03
48  7.555434e+05  1.985338e+03
49  1.372551e+06  -2.856298e+04
50  2.978318e+06  6.427641e+03
51  3.440142e+06  -1.438915e+02
52  5.408362e+06  3.914070e+04
53  1.052588e+07  -8.294402e+03
54  1.255569e+07  -1.479736e+05
55  2.840622e+07  1.664769e+03
56  4.414531e+07  2.589632e+04
57  6.773471e+07  4.358606e+05
58  1.087671e+08  1.080167e+06
59  1.541082e+08  2.446016e+06
60  2.917422e+08  -1.948343e+05
61  5.312827e+08  2.812034e+05
62  7.252907e+08  3.054034e+06
63  2.184878e+09  -7.426685e+06
ENDPROP
