STARTPROP
MASSES:  4.500000e-02   4.500000e-02
SOURCE: GAM_1
SINKS: GAM_1
0  1.278973e+06  5.618581e+02
1  1.908184e+06  -8.376016e+01
2  8.301547e+05  1.975137e+02
3  4.104030e+05  6.538707e+02
4  2.074450e+05  4.598230e+02
5  1.059381e+05  2.534542e+02
6  5.439346e+04  1.175922e+02
7  2.594923e+04  5.807850e+01
8  1.159587e+04  3.199748e+01
9  5.390949e+03  1.307739e+01
10  2.456771e+03  -4.754917e+00
11  1.234357e+03  -8.780668e+00
12  6.178298e+02  -6.346267e+00
13  2.946737e+02  -2.106896e+00
14  1.381355e+02  1.136047e+00
15  8.111109e+01  2.220616e+00
16  4.040824e+01  1.574771e+00
17  2.029896e+01  7.522583e-01
18  1.103549e+01  9.070775e-02
19  5.501908e+00  -1.701867e-01
20  4.307927e+00  -1.266058e-01
21  2.993516e+00  -1.104851e-01
22  1.672964e+00  -6.180776e-02
23  1.177761e+00  -1.582012e-02
24  6.644992e-01  -5.852788e-03
25  3.520269e-01  -2.775331e-03
26  9.330028e-02  1.036209e-03
27  1.934645e-04  -1.593734e-03
28  -4.492017e-02  -3.772995e-03
29  -4.015825e-02  -3.158882e-03
30  -2.742624e-02  -1.872124e-03
31  -1.029293e-02  -8.771755e-04
32  3.643127e-03  -3.395449e-04
33  6.741246e-03  -2.780583e-05
34  7.094842e-03  -7.702109e-04
35  -7.966745e-03  -3.118506e-03
36  -1.326658e-02  -5.103828e-03
37  -2.258862e-03  -9.082236e-03
38  -4.641184e-03  -6.115869e-03
39  5.204278e-02  3.095391e-03
40  3.894471e-02  1.658879e-02
41  5.415966e-02  3.384588e-02
42  -5.000320e-01  5.845237e-02
43  -1.976575e+00  1.195439e-01
44  -4.622698e+00  1.575021e-01
45  -6.343904e+00  2.216778e-02
46  -5.238597e+00  -4.765211e-02
47  8.224577e-01  -4.423026e-01
48  1.118064e+01  -1.255799e+00
49  2.745697e+01  -1.569288e+00
50  8.392109e+01  -3.708367e+00
51  1.914587e+02  -7.173104e+00
52  3.389120e+02  -1.109247e+01
53  1.009214e+03  -1.318916e+01
54  2.613311e+03  -1.388739e+01
55  5.542327e+03  -2.022888e+01
56  1.113958e+04  -2.410393e+01
57  2.199477e+04  1.829396e+01
58  4.498713e+04  1.254627e+02
59  9.249186e+04  1.774425e+02
60  1.910704e+05  9.023992e+01
61  3.969808e+05  1.948769e+02
62  8.230671e+05  3.098163e+02
63  1.905749e+06  3.895719e+00
ENDPROP
STARTPROP
MASSES:  4.500000e-02   4.500000e-02
SOURCE: GAM_2
SINKS: GAM_2
0  1.334863e+06  -3.808732e+02
1  1.938431e+06  -3.143129e+02
2  8.401885e+05  8.029447e+00
3  4.190421e+05  2.709656e+02
4  2.075495e+05  2.612239e+02
5  1.006443e+05  6.802027e+01
6  5.036881e+04  9.609096e+00
7  2.493594e+04  2.835258e+01
8  1.146269e+04  1.546118e+00
9  5.125153e+03  7.244919e-01
10  2.251816e+03  5.162650e+00
11  1.056824e+03  4.901378e+00
12  4.557731e+02  1.535012e+00
13  2.235318e+02  -1.970884e+00
14  1.061565e+02  -2.720669e+00
15  5.856672e+01  -1.241206e+00
16  3.070196e+01  -6.522486e-01
17  1.219128e+01  -1.074802e-01
18  5.316642e+00  -1.761033e-01
19  -1.398353e+00  -2.681099e-01
20  -6.891952e-01  -1.731815e-01
21  -6.872141e-02  -1.131399e-01
22  -3.422505e-01  -9.136617e-02
23  6.248729e-02  -5.905107e-02
24  8.081904e-02  -2.987478e-02
25  7.234564e-02  -1.028791e-02
26  6.674831e-02  6.951901e-03
27  1.010878e-02  1.076348e-02
28  1.311543e-02  3.765570e-03
29  1.196032e-02  -6.638559e-04
30  1.232426e-02  -1.786991e-03
31  1.094928e-02  -1.343270e-03
32  1.314141e-02  -4.973245e-04
33  2.053995e-02  4.336338e-04
34  2.634760e-02  9.095098e-04
35  3.965220e-02  1.299595e-03
36  4.337812e-02  -6.857425e-04
37  5.636981e-02  -2.736868e-03
38  1.373072e-01  -3.161984e-03
39  1.968673e-01  -1.057550e-02
40  1.842122e-01  -2.044284e-02
41  4.539290e-01  -2.907731e-02
42  7.793176e-01  -1.602589e-02
43  2.731543e+00  -1.260073e-02
44  7.424093e+00  -9.202294e-02
45  1.347412e+01  -1.888012e-01
46  2.476533e+01  -7.283733e-02
47  5.123443e+01  1.043854e-01
48  1.050619e+02  -2.299135e-01
49  1.792902e+02  -2.364487e-03
50  2.790326e+02  8.005525e-01
51  4.743367e+02  -1.664306e-01
52  7.367176e+02  -2.597059e+00
53  1.417371e+03  -5.539350e+00
54  2.962338e+03  -8.718643e+00
55  6.107155e+03  1.217648e+01
56  1.224120e+04  2.465137e+01
57  2.357741e+04  1.985551e+01
58  4.641181e+04  -1.545176e+01
59  9.604220e+04  -1.753678e+02
60  1.994474e+05  -2.250458e+02
61  4.206305e+05  -2.863952e+02
62  8.651629e+05  -2.810957e+02
63  1.965000e+06  -3.009150e+02
ENDPROP
STARTPROP
MASSES:  4.500000e-02   4.500000e-02
SOURCE: GAM_3
SINKS: GAM_3
0  1.328956e+06  2.985290e+02
1  1.936064e+06  7.879758e+02
2  8.422641e+05  1.122852e+03
3  4.198326e+05  1.135009e+03
4  2.074995e+05  6.458304e+02
5  1.030821e+05  2.346547e+02
6  5.152886e+04  8.159701e+01
7  2.478009e+04  -1.410047e+01
8  1.229046e+04  6.256302e+00
9  6.384471e+03  -5.759909e+00
10  3.224022e+03  4.378422e+00
11  1.605140e+03  8.135456e+00
12  8.516668e+02  8.052336e+00
13  4.027580e+02  6.323047e+00
14  2.070134e+02  3.859272e+00
15  1.016145e+02  1.293988e+00
16  3.669446e+01  2.925334e-02
17  1.163720e+01  -4.417572e-01
18  -4.166676e-01  -4.761514e-01
19  -1.476638e+00  -4.628931e-01
20  -8.317962e-01  -2.760382e-01
21  6.386708e-01  -1.294190e-01
22  5.372534e-01  -6.838012e-02
23  -1.287305e-01  -3.740537e-02
24  -5.410814e-02  -2.218736e-02
25  -1.292572e-01  -1.401622e-02
26  -1.017104e-01  -8.833687e-03
27  -1.713700e-02  -3.915770e-03
28  -3.934425e-02  -5.120100e-03
29  -4.301244e-02  -4.667833e-03
30  -4.287741e-02  -4.033640e-03
31  -2.807222e-02  -2.483854e-03
32  -2.116118e-02  -1.014557e-03
33  -1.137774e-02  -3.371908e-04
34  -4.185903e-03  -8.843462e-05
35  -1.347785e-02  1.018331e-04
36  -3.415103e-02  -1.337369e-04
37  -5.961145e-02  4.218016e-04
38  -7.601846e-02  4.363785e-03
39  -1.661020e-01  1.344648e-02
40  -2.454220e-01  2.097163e-02
41  -2.089607e-01  4.060026e-02
42  4.883326e-01  3.867779e-02
43  6.548637e-01  2.071535e-02
44  1.442633e+00  -8.689154e-02
45  2.683510e+00  -1.670808e-01
46  2.999050e+00  -7.812534e-02
47  3.009183e+00  2.075830e-01
48  6.516320e+00  5.277301e-01
49  2.894696e+01  3.341538e-01
50  8.310253e+01  -1.923716e+00
51  2.261777e+02  -6.353740e+00
52  4.774925e+02  -1.484084e+01
53  1.028520e+03  -1.971910e+01
54  2.359758e+03  -9.671292e+00
55  5.165255e+03  2.069485e-01
56  1.072293e+04  -9.367494e+00
57  2.238834e+04  -2.267306e+01
58  4.587366e+04  1.955825e+01
59  9.565849e+04  3.893671e+01
60  1.976878e+05  -1.452247e+01
61  4.148053e+05  -6.028243e+01
62  8.488752e+05  1.407861e+02
63  1.945345e+06  2.650798e+02
ENDPROP
STARTPROP
MASSES:  4.500000e-02   4.500000e-02
SOURCE: GAM_4
SINKS: GAM_4
0  2.130173e+06  -4.135839e+02
1  -2.681177e+05  2.046497e+02
2  1.818257e+02  3.911905e+02
3  -4.041924e+03  2.213932e+02
4  7.601481e+02  6.249599e+01
5  -7.918881e+01  1.773669e+01
6  1.495788e+01  2.227497e+01
7  1.990276e+01  1.762764e+01
8  -1.250617e+02  1.166415e+00
9  4.068761e+00  6.311527e-01
10  -8.128770e+00  -8.966121e-02
11  -1.526422e+00  1.839909e-01
12  8.316462e+00  4.520383e-01
13  3.764084e+00  2.515680e-01
14  -1.132249e+00  -5.453299e-01
15  -1.244156e+00  3.184431e-02
16  1.414182e-01  9.183457e-02
17  -6.852578e-02  2.744456e-01
18  1.059733e-01  2.080249e-01
19  -2.548432e-01  5.624743e-02
20  4.273534e-01  -9.743182e-03
21  -9.293966e-02  7.829204e-03
22  -4.548001e-02  3.884422e-04
23  -4.807919e-02  -8.830428e-03
24  -6.572644e-02  -6.632519e-03
25  1.550936e-02  -3.382075e-03
26  -6.818560e-03  -4.346610e-03
27  -1.116616e-02  -1.991230e-03
28  -3.073391e-02  -4.976614e-04
29  -2.171551e-02  6.881498e-05
30  -2.198137e-02  -1.179033e-04
31  -2.029646e-02  -1.115974e-04
32  -1.931698e-02  -1.938710e-04
33  -2.248671e-02  -1.834167e-05
34  -2.286277e-02  3.212942e-04
35  -2.675696e-02  9.726187e-05
36  -2.373289e-02  1.540866e-04
37  -2.572408e-02  -1.097917e-03
38  -2.138693e-02  -3.717721e-04
39  -9.852715e-03  -3.888492e-03
40  -1.842077e-02  -3.669815e-03
41  -4.231540e-02  1.304696e-04
42  1.346555e-01  7.172568e-03
43  2.876202e-01  -7.809764e-05
44  -2.080247e-01  -1.560551e-02
45  -1.481432e-01  -9.286821e-02
46  -1.228976e+00  -1.901299e-01
47  -1.593763e+00  -2.752955e-01
48  1.778165e+00  -4.009474e-01
49  -3.985786e+00  -8.545886e-01
50  -7.687753e-01  -9.996414e-01
51  -1.225015e+01  -2.883948e+00
52  9.734692e+00  -7.327509e+00
53  7.433716e+00  -1.108312e+01
54  3.255378e-02  -1.828034e+01
55  4.291267e+01  -2.086305e+01
56  1.320289e+02  -1.418531e+01
57  1.153008e+02  -1.064046e+01
58  -1.620743e+02  -6.360856e+01
59  1.157226e+02  -8.742264e+01
60  -1.325160e+02  -2.215345e+02
61  -1.381869e+03  -3.128983e+02
62  -1.646466e+03  -3.237189e+02
63  -2.738564e+05  -1.228373e+02
ENDPROP
STARTPROP
MASSES:  4.500000e-02   4.500000e-02
SOURCE: GAM_5
SINKS: GAM_5
0  5.424576e+06  1.032598e+03
1  5.344898e+06  2.391919e+03
2  3.310427e+06  1.508247e+03
3  2.075676e+06  2.098054e+03
4  1.299436e+06  2.068131e+03
5  8.107427e+05  1.710338e+03
6  5.051201e+05  1.009099e+03
7  3.182496e+05  5.928891e+02
8  1.953751e+05  3.586805e+02
9  1.183597e+05  2.137759e+02
10  7.097281e+04  1.773990e+02
11  4.224019e+04  9.363144e+01
12  2.538067e+04  3.280875e+01
13  1.530833e+04  2.644467e+01
14  9.213541e+03  1.366991e+01
15  5.666440e+03  7.339727e+00
16  3.491685e+03  3.834624e+00
17  2.135382e+03  4.000659e+00
18  1.281859e+03  3.789812e+00
19  7.682215e+02  3.506644e+00
20  4.669527e+02  2.252589e+00
21  2.842572e+02  1.342301e+00
22  1.756240e+02  8.046896e-01
23  1.084476e+02  4.010541e-01
24  6.684227e+01  1.531892e-01
25  4.145389e+01  7.775022e-02
26  2.538021e+01  2.535960e-02
27  1.575893e+01  9.834923e-03
28  9.980101e+00  6.208454e-03
29  6.336954e+00  2.579588e-03
30  4.114882e+00  -8.874376e-05
31  2.905237e+00  -6.936910e-04
32  2.466758e+00  -4.144816e-04
33  2.668543e+00  2.466527e-04
34  3.615663e+00  -1.272590e-03
35  5.457483e+00  -4.121032e-04
36  8.574261e+00  -8.441888e-04
37  1.394772e+01  -1.856165e-02
38  2.306809e+01  -4.816286e-02
39  3.794322e+01  -9.190832e-02
40  6.391009e+01  -2.000559e-01
41  1.078540e+02  -3.816998e-01
42  1.775717e+02  -7.016650e-01
43  2.921003e+02  -1.190306e+00
44  4.785438e+02  -1.645861e+00
45  7.854892e+02  -1.672438e+00
46  1.273001e+03  -2.670651e+00
47  2.085008e+03  -5.466581e+00
48  3.437151e+03  -8.070718e+00
49  5.692251e+03  -1.110410e+01
50  9.298374e+03  -1.008444e+01
51  1.516264e+04  -1.444825e+01
52  2.512149e+04  -4.636299e+01
53  4.113426e+04  -1.059981e+02
54  6.716254e+04  -1.510197e+02
55  1.094722e+05  -1.121307e+02
56  1.782554e+05  -7.323492e+01
57  2.848357e+05  -1.022648e+01
58  4.648684e+05  5.447646e+01
59  7.708941e+05  4.392952e+01
60  1.268204e+06  -2.974534e+02
61  2.049649e+06  1.236743e+01
62  3.246641e+06  5.402523e+02
63  5.274479e+06  6.306851e+02
ENDPROP
STARTPROP
MASSES:  4.500000e-02   4.500000e-02
SOURCE: GAM_12
SINKS: GAM_12
0  9.304526e+05  -2.380269e+02
1  -6.060028e+05  3.631849e+02
2  -1.253875e+05  1.613785e+02
3  -4.753793e+04  1.580271e+01
4  -1.877341e+04  -1.164297e+02
5  -7.632410e+03  -9.065565e+01
6  -2.684843e+03  -3.033939e+01
7  -1.166416e+03  -1.447214e+01
8  -3.300662e+02  -3.297110e+00
9  -2.740463e+02  -1.064786e+01
10  -1.820684e+02  -1.243349e+01
11  1.885674e+01  -8.814343e+00
12  2.384455e+01  -4.121962e+00
13  1.091567e+01  -2.447914e+00
14  1.544008e+01  -1.334233e+00
15  1.088706e+01  -7.917737e-01
16  5.239426e+00  -2.855992e-01
17  5.110516e-01  7.433928e-02
18  -1.251394e+00  -4.889191e-02
19  -6.619405e-01  1.939672e-02
20  -7.101623e-01  -1.246774e-02
21  -4.968047e-01  -4.096943e-02
22  1.303459e-01  -2.602813e-02
23  -5.856268e-03  -8.657437e-03
24  1.562693e-01  -2.697153e-03
25  1.107078e-01  9.580658e-04
26  6.140288e-02  1.613550e-03
27  6.275760e-03  3.040186e-03
28  -1.225155e-02  1.103537e-03
29  -9.650575e-03  7.637961e-05
30  -9.892709e-03  -6.478216e-04
31  -3.870765e-03  -4.106944e-04
32  4.904045e-03  -5.090168e-04
33  8.484211e-03  -3.128078e-04
34  5.740922e-03  -2.314829e-04
35  -3.121494e-04  -9.857432e-04
36  -1.206228e-02  -6.020021e-04
37  8.556964e-03  -6.937699e-04
38  2.428115e-02  -4.858961e-03
39  9.947511e-03  -9.863138e-03
40  -4.645680e-02  -2.217504e-02
41  6.575122e-02  -3.848857e-02
42  2.188190e-02  -6.545310e-02
43  -4.882754e-02  -2.735577e-02
44  -1.213458e-01  2.010432e-02
45  5.765994e-01  5.201722e-02
46  1.795613e+00  9.116607e-02
47  2.540278e+00  7.676557e-02
48  1.458663e+00  -4.108834e-01
49  2.520140e+00  -1.241560e+00
50  1.138865e+01  -1.756216e+00
51  1.923212e+00  -1.817676e+00
52  4.863184e+00  -2.054262e+00
53  -8.384535e-01  -1.433172e+00
54  -1.051575e+02  -4.906246e+00
55  -3.262110e+02  -6.946791e+00
56  -7.498202e+02  -1.464640e+00
57  -1.750088e+03  -3.416975e+01
58  -3.472717e+03  -4.950855e+01
59  -6.743852e+03  -6.174050e+01
60  -1.773255e+04  -1.207010e+01
61  -4.866699e+04  -7.070300e+01
62  -1.315697e+05  2.102713e+01
63  -6.149213e+05  2.203725e+02
ENDPROP
STARTPROP
MASSES:  4.500000e-02   4.500000e-02
SOURCE: GAM_21
SINKS: GAM_21
0  9.304526e+05  -2.380269e+02
1  -6.060028e+05  3.631849e+02
2  -1.253875e+05  1.613785e+02
3  -4.753793e+04  1.580271e+01
4  -1.877341e+04  -1.164297e+02
5  -7.632410e+03  -9.065565e+01
6  -2.684843e+03  -3.033939e+01
7  -1.166416e+03  -1.447214e+01
8  -3.300662e+02  -3.297110e+00
9  -2.740463e+02  -1.064786e+01
10  -1.820684e+02  -1.243349e+01
11  1.885674e+01  -8.814343e+00
12  2.384455e+01  -4.121962e+00
13  1.091567e+01  -2.447914e+00
14  1.544008e+01  -1.334233e+00
15  1.088706e+01  -7.917737e-01
16  5.239426e+00  -2.855992e-01
17  5.110516e-01  7.433928e-02
18  -1.251394e+00  -4.889191e-02
19  -6.619405e-01  1.939672e-02
20  -7.101623e-01  -1.246774e-02
21  -4.968047e-01  -4.096943e-02
22  1.303459e-01  -2.602813e-02
23  -5.856268e-03  -8.657437e-03
24  1.562693e-01  -2.697153e-03
25  1.107078e-01  9.580658e-04
26  6.140288e-02  1.613550e-03
27  6.275760e-03  3.040186e-03
28  -1.225155e-02  1.103537e-03
29  -9.650575e-03  7.637961e-05
30  -9.892709e-03  -6.478216e-04
31  -3.870765e-03  -4.106944e-04
32  4.904045e-03  -5.090168e-04
33  8.484211e-03  -3.128078e-04
34  5.740922e-03  -2.314829e-04
35  -3.121494e-04  -9.857432e-04
36  -1.206228e-02  -6.020021e-04
37  8.556964e-03  -6.937699e-04
38  2.428115e-02  -4.858961e-03
39  9.947511e-03  -9.863138e-03
40  -4.645680e-02  -2.217504e-02
41  6.575122e-02  -3.848857e-02
42  2.188190e-02  -6.545310e-02
43  -4.882754e-02  -2.735577e-02
44  -1.213458e-01  2.010432e-02
45  5.765994e-01  5.201722e-02
46  1.795613e+00  9.116607e-02
47  2.540278e+00  7.676557e-02
48  1.458663e+00  -4.108834e-01
49  2.520140e+00  -1.241560e+00
50  1.138865e+01  -1.756216e+00
51  1.923212e+00  -1.817676e+00
52  4.863184e+00  -2.054262e+00
53  -8.384535e-01  -1.433172e+00
54  -1.051575e+02  -4.906246e+00
55  -3.262110e+02  -6.946791e+00
56  -7.498202e+02  -1.464640e+00
57  -1.750088e+03  -3.416975e+01
58  -3.472717e+03  -4.950855e+01
59  -6.743852e+03  -6.174050e+01
60  -1.773255e+04  -1.207010e+01
61  -4.866699e+04  -7.070300e+01
62  -1.315697e+05  2.102713e+01
63  -6.149213e+05  2.203725e+02
ENDPROP
STARTPROP
MASSES:  4.500000e-02   4.500000e-02
SOURCE: GAM_13
SINKS: GAM_13
0  9.017798e+05  -2.283527e+02
1  -6.211381e+05  2.100170e+02
2  -1.228701e+05  -9.189807e+01
3  -4.214383e+04  -9.377384e+01
4  -1.199432e+04  5.571573e-01
5  -3.883381e+03  -2.421838e+01
6  -1.646366e+03  8.847366e+00
7  -1.350034e+03  -1.190598e+01
8  -9.350544e+02  -6.541436e+00
9  -5.155208e+02  -9.796091e+00
10  -2.713827e+02  -1.164019e+01
11  -1.032805e+02  -3.503431e+00
12  3.318651e+01  -3.054769e-01
13  9.117285e+00  -1.393374e-01
14  -1.522349e+00  6.841479e-01
15  1.365113e+01  1.176901e+00
16  8.830010e+00  7.847477e-01
17  2.485744e+00  4.273865e-01
18  2.242186e+00  1.392215e-01
19  2.084413e+00  -2.135649e-02
20  1.380356e+00  -7.924626e-02
21  1.092580e+00  -5.818098e-02
22  8.818632e-01  -2.977019e-02
23  5.542323e-01  -1.562233e-02
24  4.627175e-01  -5.554954e-03
25  1.978545e-01  2.620711e-03
26  1.286172e-01  -1.191326e-03
27  6.484058e-02  -2.365655e-03
28  4.663059e-02  -2.581085e-04
29  2.599034e-02  1.552210e-04
30  2.323416e-02  4.059694e-04
31  2.496174e-02  -1.883092e-04
32  1.502115e-02  -5.491038e-06
33  7.760750e-03  1.694048e-04
34  1.522323e-02  8.169266e-04
35  1.435796e-02  5.426889e-04
36  6.391522e-03  -7.190561e-04
37  1.999264e-02  -6.161821e-04
38  1.602957e-02  -1.154331e-03
39  -5.866174e-02  -1.963325e-03
40  -1.841345e-01  1.031510e-03
41  -2.846454e-01  1.496617e-02
42  -9.425617e-02  1.790167e-02
43  2.932578e-01  1.696182e-02
44  1.093987e+00  6.767594e-02
45  2.638868e+00  1.484809e-01
46  3.845560e+00  1.425572e-01
47  4.518168e+00  4.700593e-02
48  2.406705e+00  1.685008e-01
49  1.363978e+00  5.106687e-01
50  1.563052e+00  -1.743942e-01
51  -1.930285e+01  6.248323e-01
52  -2.838196e+01  4.563866e-01
53  -1.922453e+01  -1.166691e+00
54  -2.298784e+01  -2.407923e+00
55  -1.205960e+02  4.452793e+00
56  -2.676091e+02  2.296650e+00
57  -1.422981e+03  1.414744e+01
58  -3.759116e+03  1.791241e+01
59  -8.210002e+03  2.412154e+01
60  -2.100799e+04  -6.585680e+00
61  -5.279847e+04  -1.951110e+02
62  -1.360855e+05  -2.443353e+02
63  -6.313861e+05  -1.456855e+02
ENDPROP
STARTPROP
MASSES:  4.500000e-02   4.500000e-02
SOURCE: GAM_31
SINKS: GAM_31
0  9.017798e+05  -2.283527e+02
1  -6.211381e+05  2.100170e+02
2  -1.228701e+05  -9.189807e+01
3  -4.214383e+04  -9.377384e+01
4  -1.199432e+04  5.571573e-01
5  -3.883381e+03  -2.421838e+01
6  -1.646366e+03  8.847366e+00
7  -1.350034e+03  -1.190598e+01
8  -9.350544e+02  -6.541436e+00
9  -5.155208e+02  -9.796091e+00
10  -2.713827e+02  -1.164019e+01
11  -1.032805e+02  -3.503431e+00
12  3.318651e+01  -3.054769e-01
13  9.117285e+00  -1.393374e-01
14  -1.522349e+00  6.841479e-01
15  1.365113e+01  1.176901e+00
16  8.830010e+00  7.847477e-01
17  2.485744e+00  4.273865e-01
18  2.242186e+00  1.392215e-01
19  2.084413e+00  -2.135649e-02
20  1.380356e+00  -7.924626e-02
21  1.092580e+00  -5.818098e-02
22  8.818632e-01  -2.977019e-02
23  5.542323e-01  -1.562233e-02
24  4.627175e-01  -5.554954e-03
25  1.978545e-01  2.620711e-03
26  1.286172e-01  -1.191326e-03
27  6.484058e-02  -2.365655e-03
28  4.663059e-02  -2.581085e-04
29  2.599034e-02  1.552210e-04
30  2.323416e-02  4.059694e-04
31  2.496174e-02  -1.883092e-04
32  1.502115e-02  -5.491038e-06
33  7.760750e-03  1.694048e-04
34  1.522323e-02  8.169266e-04
35  1.435796e-02  5.426889e-04
36  6.391522e-03  -7.190561e-04
37  1.999264e-02  -6.161821e-04
38  1.602957e-02  -1.154331e-03
39  -5.866174e-02  -1.963325e-03
40  -1.841345e-01  1.031510e-03
41  -2.846454e-01  1.496617e-02
42  -9.425617e-02  1.790167e-02
43  2.932578e-01  1.696182e-02
44  1.093987e+00  6.767594e-02
45  2.638868e+00  1.484809e-01
46  3.845560e+00  1.425572e-01
47  4.518168e+00  4.700593e-02
48  2.406705e+00  1.685008e-01
49  1.363978e+00  5.106687e-01
50  1.563052e+00  -1.743942e-01
51  -1.930285e+01  6.248323e-01
52  -2.838196e+01  4.563866e-01
53  -1.922453e+01  -1.166691e+00
54  -2.298784e+01  -2.407923e+00
55  -1.205960e+02  4.452793e+00
56  -2.676091e+02  2.296650e+00
57  -1.422981e+03  1.414744e+01
58  -3.759116e+03  1.791241e+01
59  -8.210002e+03  2.412154e+01
60  -2.100799e+04  -6.585680e+00
61  -5.279847e+04  -1.951110e+02
62  -1.360855e+05  -2.443353e+02
63  -6.313861e+05  -1.456855e+02
ENDPROP
STARTPROP
MASSES:  4.500000e-02   4.500000e-02
SOURCE: GAM_14
SINKS: GAM_14
0  1.924954e+05  -2.640066e+02
1  1.391669e+06  -3.577472e+02
2  5.552522e+05  -1.380690e+01
3  2.780767e+05  1.434795e+02
4  1.386102e+05  2.462620e+02
5  6.843299e+04  1.733932e+02
6  3.303442e+04  9.656053e+01
7  1.587467e+04  1.320412e+01
8  7.404089e+03  7.985762e+00
9  3.148150e+03  1.073831e+01
10  1.183445e+03  -1.964670e+00
11  4.708098e+02  3.417428e-01
12  1.741280e+02  -1.342401e+00
13  7.110206e+01  1.708151e+00
14  2.137804e+01  1.501064e+00
15  -1.503656e+00  9.799420e-01
16  -6.801702e+00  2.316734e-01
17  -2.702932e+00  2.585283e-01
18  4.470736e+00  2.377001e-01
19  2.510710e+00  4.473063e-02
20  2.069051e+00  3.233668e-02
21  9.640904e-01  -3.436547e-02
22  2.879074e-01  -3.913165e-02
23  4.240006e-01  -1.195429e-02
24  4.228710e-01  4.942772e-03
25  2.139482e-01  5.710660e-04
26  3.741970e-02  -1.279906e-03
27  -6.754220e-03  -1.441683e-03
28  -3.178837e-02  -3.369499e-03
29  -2.780818e-02  -3.317551e-03
30  -2.243832e-02  -1.028088e-03
31  -1.288413e-02  -2.447366e-04
32  -4.912199e-03  1.776206e-05
33  -1.476660e-03  -5.892839e-05
34  -7.736585e-03  -1.109716e-03
35  -1.616849e-02  -1.580780e-03
36  -3.281979e-02  3.926198e-04
37  -7.780291e-02  -4.395519e-04
38  -1.871943e-01  -1.112102e-03
39  -2.615391e-01  -2.726663e-04
40  -3.038345e-01  -6.816850e-03
41  -4.235997e-01  -8.364024e-03
42  -5.855518e-01  1.210315e-02
43  -1.249012e+00  -3.248827e-03
44  -1.559345e+00  -5.939188e-02
45  -2.686626e+00  6.259176e-02
46  -4.649460e+00  9.859800e-02
47  -5.714410e+00  -1.802931e-01
48  -9.091271e+00  -1.178330e+00
49  1.088797e+00  -2.153328e+00
50  8.096053e+00  -3.867917e+00
51  6.924407e+01  -4.906265e+00
52  1.268279e+02  -6.536147e+00
53  3.464107e+02  -3.027683e+00
54  1.041545e+03  5.725723e+00
55  2.726096e+03  1.465819e+01
56  6.310886e+03  2.172878e+01
57  1.357293e+04  1.321785e+01
58  2.953424e+04  1.246431e+01
59  6.266747e+04  6.108060e+01
60  1.277584e+05  4.035935e+01
61  2.665209e+05  6.984164e+01
62  5.596123e+05  -2.772530e+01
63  1.395116e+06  -3.662878e+02
ENDPROP
STARTPROP
MASSES:  4.500000e-02   4.500000e-02
SOURCE: GAM_41
SINKS: GAM_41
0  1.924954e+05  -2.640066e+02
1  1.391669e+06  -3.577472e+02
2  5.552522e+05  -1.380690e+01
3  2.780767e+05  1.434795e+02
4  1.386102e+05  2.462620e+02
5  6.843299e+04  1.733932e+02
6  3.303442e+04  9.656053e+01
7  1.587467e+04  1.320412e+01
8  7.404089e+03  7.985762e+00
9  3.148150e+03  1.073831e+01
10  1.183445e+03  -1.964670e+00
11  4.708098e+02  3.417428e-01
12  1.741280e+02  -1.342401e+00
13  7.110206e+01  1.708151e+00
14  2.137804e+01  1.501064e+00
15  -1.503656e+00  9.799420e-01
16  -6.801702e+00  2.316734e-01
17  -2.702932e+00  2.585283e-01
18  4.470736e+00  2.377001e-01
19  2.510710e+00  4.473063e-02
20  2.069051e+00  3.233668e-02
21  9.640904e-01  -3.436547e-02
22  2.879074e-01  -3.913165e-02
23  4.240006e-01  -1.195429e-02
24  4.228710e-01  4.942772e-03
25  2.139482e-01  5.710660e-04
26  3.741970e-02  -1.279906e-03
27  -6.754220e-03  -1.441683e-03
28  -3.178837e-02  -3.369499e-03
29  -2.780818e-02  -3.317551e-03
30  -2.243832e-02  -1.028088e-03
31  -1.288413e-02  -2.447366e-04
32  -4.912199e-03  1.776206e-05
33  -1.476660e-03  -5.892839e-05
34  -7.736585e-03  -1.109716e-03
35  -1.616849e-02  -1.580780e-03
36  -3.281979e-02  3.926198e-04
37  -7.780291e-02  -4.395519e-04
38  -1.871943e-01  -1.112102e-03
39  -2.615391e-01  -2.726663e-04
40  -3.038345e-01  -6.816850e-03
41  -4.235997e-01  -8.364024e-03
42  -5.855518e-01  1.210315e-02
43  -1.249012e+00  -3.248827e-03
44  -1.559345e+00  -5.939188e-02
45  -2.686626e+00  6.259176e-02
46  -4.649460e+00  9.859800e-02
47  -5.714410e+00  -1.802931e-01
48  -9.091271e+00  -1.178330e+00
49  1.088797e+00  -2.153328e+00
50  8.096053e+00  -3.867917e+00
51  6.924407e+01  -4.906265e+00
52  1.268279e+02  -6.536147e+00
53  3.464107e+02  -3.027683e+00
54  1.041545e+03  5.725723e+00
55  2.726096e+03  1.465819e+01
56  6.310886e+03  2.172878e+01
57  1.357293e+04  1.321785e+01
58  2.953424e+04  1.246431e+01
59  6.266747e+04  6.108060e+01
60  1.277584e+05  4.035935e+01
61  2.665209e+05  6.984164e+01
62  5.596123e+05  -2.772530e+01
63  1.395116e+06  -3.662878e+02
ENDPROP
STARTPROP
MASSES:  4.500000e-02   4.500000e-02
SOURCE: GAM_23
SINKS: GAM_23
0  8.999380e+05  4.048333e+02
1  -6.178657e+05  5.398997e+02
2  -1.282423e+05  5.054567e+02
3  -4.428208e+04  2.532062e+02
4  -1.512606e+04  1.276649e+02
5  -5.163763e+03  3.065957e+01
6  -1.680608e+03  5.670480e+01
7  -1.165390e+03  5.034764e+01
8  -4.063019e+02  2.704369e+01
9  -1.555561e+01  1.010977e+01
10  -2.130863e-01  -9.849324e-01
11  -5.180180e+01  8.502008e-01
12  -5.399581e+01  -2.325695e+00
13  -5.722116e+01  -2.296941e+00
14  -2.789172e+01  -4.327353e-01
15  -8.915766e+00  5.722714e-01
16  -4.935628e+00  7.375440e-01
17  -1.365858e+00  4.662798e-01
18  6.243810e-01  3.122356e-01
19  5.061783e-01  2.112444e-01
20  -8.570163e-01  1.059045e-01
21  -1.290016e+00  8.067347e-02
22  -1.184528e+00  3.440307e-02
23  -6.610811e-01  -1.205471e-02
24  -2.380610e-01  -9.149763e-03
25  -1.122156e-01  -8.065433e-03
26  -4.120065e-02  -5.062954e-03
27  -9.314566e-03  -1.989350e-03
28  -6.081635e-03  -9.654934e-04
29  1.280510e-04  -9.991545e-04
30  -2.816300e-03  -7.572994e-04
31  -5.821082e-04  -2.201330e-04
32  -1.216655e-03  8.829980e-05
33  1.340123e-03  -4.211746e-04
34  3.297788e-03  2.432099e-04
35  1.216204e-02  -1.729465e-04
36  8.965110e-03  4.893434e-04
37  -1.519268e-02  2.946728e-03
38  -2.103612e-02  9.986037e-03
39  -3.528061e-02  1.424689e-02
40  -1.150170e-02  2.072275e-02
41  -6.938031e-02  2.503140e-02
42  -3.800569e-01  3.435607e-02
43  -1.467715e-01  2.518127e-02
44  1.218334e-02  2.538985e-02
45  1.009613e+00  1.006930e-01
46  1.114733e+00  2.100248e-01
47  2.657579e+00  8.127837e-02
48  1.274495e+00  1.648093e-01
49  5.088286e-01  -9.463514e-02
50  8.601131e+00  -2.288195e-01
51  1.460024e+01  -9.831889e-01
52  4.595464e+01  1.170203e+00
53  6.745088e+01  5.652465e-01
54  8.520811e+01  -1.407101e+00
55  -4.727303e+01  -8.251127e+00
56  -6.187001e+02  -2.645638e+01
57  -1.284522e+03  -4.685101e+01
58  -2.902944e+03  -3.885230e+01
59  -5.667634e+03  -6.595756e+01
60  -1.741398e+04  -1.529732e+02
61  -4.871745e+04  -9.443774e+01
62  -1.415562e+05  6.381042e+01
63  -6.370638e+05  3.158845e+02
ENDPROP
STARTPROP
MASSES:  4.500000e-02   4.500000e-02
SOURCE: GAM_32
SINKS: GAM_32
0  8.999380e+05  4.048333e+02
1  -6.178657e+05  5.398997e+02
2  -1.282423e+05  5.054567e+02
3  -4.428208e+04  2.532062e+02
4  -1.512606e+04  1.276649e+02
5  -5.163763e+03  3.065957e+01
6  -1.680608e+03  5.670480e+01
7  -1.165390e+03  5.034764e+01
8  -4.063019e+02  2.704369e+01
9  -1.555561e+01  1.010977e+01
10  -2.130863e-01  -9.849324e-01
11  -5.180180e+01  8.502008e-01
12  -5.399581e+01  -2.325695e+00
13  -5.722116e+01  -2.296941e+00
14  -2.789172e+01  -4.327353e-01
15  -8.915766e+00  5.722714e-01
16  -4.935628e+00  7.375440e-01
17  -1.365858e+00  4.662798e-01
18  6.243810e-01  3.122356e-01
19  5.061783e-01  2.112444e-01
20  -8.570163e-01  1.059045e-01
21  -1.290016e+00  8.067347e-02
22  -1.184528e+00  3.440307e-02
23  -6.610811e-01  -1.205471e-02
24  -2.380610e-01  -9.149763e-03
25  -1.122156e-01  -8.065433e-03
26  -4.120065e-02  -5.062954e-03
27  -9.314566e-03  -1.989350e-03
28  -6.081635e-03  -9.654934e-04
29  1.280510e-04  -9.991545e-04
30  -2.816300e-03  -7.572994e-04
31  -5.821082e-04  -2.201330e-04
32  -1.216655e-03  8.829980e-05
33  1.340123e-03  -4.211746e-04
34  3.297788e-03  2.432099e-04
35  1.216204e-02  -1.729465e-04
36  8.965110e-03  4.893434e-04
37  -1.519268e-02  2.946728e-03
38  -2.103612e-02  9.986037e-03
39  -3.528061e-02  1.424689e-02
40  -1.150170e-02  2.072275e-02
41  -6.938031e-02  2.503140e-02
42  -3.800569e-01  3.435607e-02
43  -1.467715e-01  2.518127e-02
44  1.218334e-02  2.538985e-02
45  1.009613e+00  1.006930e-01
46  1.114733e+00  2.100248e-01
47  2.657579e+00  8.127837e-02
48  1.274495e+00  1.648093e-01
49  5.088286e-01  -9.463514e-02
50  8.601131e+00  -2.288195e-01
51  1.460024e+01  -9.831889e-01
52  4.595464e+01  1.170203e+00
53  6.745088e+01  5.652465e-01
54  8.520811e+01  -1.407101e+00
55  -4.727303e+01  -8.251127e+00
56  -6.187001e+02  -2.645638e+01
57  -1.284522e+03  -4.685101e+01
58  -2.902944e+03  -3.885230e+01
59  -5.667634e+03  -6.595756e+01
60  -1.741398e+04  -1.529732e+02
61  -4.871745e+04  -9.443774e+01
62  -1.415562e+05  6.381042e+01
63  -6.370638e+05  3.158845e+02
ENDPROP
STARTPROP
MASSES:  4.500000e-02   4.500000e-02
SOURCE: GAM_24
SINKS: GAM_24
0  1.578836e+05  4.585121e+02
1  1.367440e+06  1.500784e+02
2  5.376618e+05  2.144333e+02
3  2.703583e+05  2.138701e+02
4  1.324920e+05  2.873594e+02
5  6.425141e+04  2.064044e+02
6  3.233402e+04  1.112653e+02
7  1.582560e+04  4.083831e+01
8  7.257682e+03  2.622658e+01
9  3.350729e+03  2.303070e+01
10  1.364463e+03  1.304670e+01
11  5.685614e+02  3.741778e+00
12  2.754705e+02  1.324155e+00
13  1.252050e+02  3.326334e-01
14  6.293041e+01  6.084841e-02
15  2.699615e+01  6.626250e-01
16  7.911960e-01  -5.060766e-02
17  8.289182e+00  -1.883019e-01
18  7.513567e+00  -8.540860e-02
19  3.238791e+00  -2.784366e-01
20  1.272644e+00  -1.331121e-01
21  5.322942e-01  -9.341303e-02
22  -3.258999e-01  -1.047475e-01
23  -2.908994e-01  -4.975699e-02
24  3.373331e-02  -3.621796e-02
25  8.531125e-02  -1.970051e-02
26  1.102432e-01  -5.209446e-03
27  9.873274e-02  1.069653e-03
28  2.948767e-02  9.026360e-04
29  6.401840e-03  1.810704e-04
30  -1.897572e-03  4.249405e-04
31  -1.683784e-03  -2.420983e-05
32  -3.276811e-03  -9.477891e-04
33  -1.229637e-03  -6.432543e-04
34  9.183453e-03  9.195598e-05
35  1.936236e-02  6.708167e-04
36  4.250980e-02  -8.606759e-04
37  9.684382e-02  -2.331344e-03
38  1.780541e-01  -6.159525e-03
39  2.745223e-01  -1.649771e-02
40  1.948506e-01  -3.755796e-02
41  2.170912e-01  -7.561729e-02
42  1.693177e-01  -9.039937e-02
43  1.202569e+00  -1.733739e-01
44  3.245851e+00  -1.961103e-01
45  9.265343e+00  -3.244199e-01
46  1.748784e+01  -3.318457e-01
47  3.655750e+01  -4.327367e-01
48  6.067770e+01  -3.387498e-01
49  1.113906e+02  -7.208998e-01
50  1.752161e+02  2.317478e-01
51  3.222221e+02  -5.315600e-01
52  5.843197e+02  -1.321828e+00
53  1.217416e+03  -3.463776e+00
54  2.240291e+03  -7.674129e+00
55  4.216403e+03  4.994331e+00
56  8.233787e+03  2.369546e+01
57  1.536583e+04  9.170464e+00
58  3.011729e+04  9.233363e+01
59  5.852209e+04  1.742100e+02
60  1.245586e+05  3.301545e+02
61  2.617724e+05  4.580898e+02
62  5.406298e+05  5.596718e+02
63  1.370851e+06  3.665951e+02
ENDPROP
STARTPROP
MASSES:  4.500000e-02   4.500000e-02
SOURCE: GAM_42
SINKS: GAM_42
0  1.578836e+05  4.585121e+02
1  1.367440e+06  1.500784e+02
2  5.376618e+05  2.144333e+02
3  2.703583e+05  2.138701e+02
4  1.324920e+05  2.873594e+02
5  6.425141e+04  2.064044e+02
6  3.233402e+04  1.112653e+02
7  1.582560e+04  4.083831e+01
8  7.257682e+03  2.622658e+01
9  3.350729e+03  2.303070e+01
10  1.364463e+03  1.304670e+01
11  5.685614e+02  3.741778e+00
12  2.754705e+02  1.324155e+00
13  1.252050e+02  3.326334e-01
14  6.293041e+01  6.084841e-02
15  2.699615e+01  6.626250e-01
16  7.911960e-01  -5.060766e-02
17  8.289182e+00  -1.883019e-01
18  7.513567e+00  -8.540860e-02
19  3.238791e+00  -2.784366e-01
20  1.272644e+00  -1.331121e-01
21  5.322942e-01  -9.341303e-02
22  -3.258999e-01  -1.047475e-01
23  -2.908994e-01  -4.975699e-02
24  3.373331e-02  -3.621796e-02
25  8.531125e-02  -1.970051e-02
26  1.102432e-01  -5.209446e-03
27  9.873274e-02  1.069653e-03
28  2.948767e-02  9.026360e-04
29  6.401840e-03  1.810704e-04
30  -1.897572e-03  4.249405e-04
31  -1.683784e-03  -2.420983e-05
32  -3.276811e-03  -9.477891e-04
33  -1.229637e-03  -6.432543e-04
34  9.183453e-03  9.195598e-05
35  1.936236e-02  6.708167e-04
36  4.250980e-02  -8.606759e-04
37  9.684382e-02  -2.331344e-03
38  1.780541e-01  -6.159525e-03
39  2.745223e-01  -1.649771e-02
40  1.948506e-01  -3.755796e-02
41  2.170912e-01  -7.561729e-02
42  1.693177e-01  -9.039937e-02
43  1.202569e+00  -1.733739e-01
44  3.245851e+00  -1.961103e-01
45  9.265343e+00  -3.244199e-01
46  1.748784e+01  -3.318457e-01
47  3.655750e+01  -4.327367e-01
48  6.067770e+01  -3.387498e-01
49  1.113906e+02  -7.208998e-01
50  1.752161e+02  2.317478e-01
51  3.222221e+02  -5.315600e-01
52  5.843197e+02  -1.321828e+00
53  1.217416e+03  -3.463776e+00
54  2.240291e+03  -7.674129e+00
55  4.216403e+03  4.994331e+00
56  8.233787e+03  2.369546e+01
57  1.536583e+04  9.170464e+00
58  3.011729e+04  9.233363e+01
59  5.852209e+04  1.742100e+02
60  1.245586e+05  3.301545e+02
61  2.617724e+05  4.580898e+02
62  5.406298e+05  5.596718e+02
63  1.370851e+06  3.665951e+02
ENDPROP
STARTPROP
MASSES:  4.500000e-02   4.500000e-02
SOURCE: GAM_34
SINKS: GAM_34
0  1.535269e+05  4.844314e+01
1  1.358893e+06  -9.438992e+01
2  5.323546e+05  2.524808e+02
3  2.648352e+05  3.854305e+02
4  1.331330e+05  2.912431e+02
5  6.629552e+04  1.696500e+02
6  3.354230e+04  1.085120e+02
7  1.637764e+04  8.406919e+01
8  7.506313e+03  5.399812e+01
9  3.502939e+03  3.334171e+00
10  1.751680e+03  -6.338196e+00
11  8.979375e+02  -7.005450e+00
12  4.841522e+02  -4.716373e+00
13  2.234758e+02  -1.181908e+00
14  1.019754e+02  -9.773567e-01
15  5.487501e+01  -9.579445e-01
16  2.509416e+01  -7.170665e-01
17  1.421617e+01  -8.698323e-01
18  4.179461e+00  -4.593804e-01
19  1.917966e+00  -3.139373e-01
20  9.943870e-01  -1.778507e-01
21  5.708961e-01  -8.845092e-02
22  6.475568e-01  -1.786731e-02
23  9.180931e-02  -1.358097e-02
24  -1.911493e-01  -9.037619e-03
25  -2.517317e-01  -5.270890e-03
26  -1.465684e-01  -1.799039e-03
27  -4.841497e-02  -2.300831e-03
28  -4.804759e-02  -1.409622e-04
29  -4.713701e-02  -4.069698e-04
30  -2.520903e-02  -3.152765e-04
31  -1.038917e-02  -1.690982e-04
32  -7.534381e-03  -1.806699e-04
33  2.473593e-03  -2.073841e-04
34  4.536429e-03  -8.880199e-04
35  -6.814523e-03  -1.457222e-03
36  -1.617338e-02  -7.413796e-04
37  -1.847186e-02  3.108903e-04
38  -1.786311e-02  -2.150345e-03
39  -7.469354e-02  -8.767219e-04
40  -9.679652e-02  2.839484e-04
41  -2.963553e-01  -1.055223e-02
42  -3.143420e-01  -5.281774e-02
43  -3.882775e-02  -1.122976e-01
44  -1.551465e-01  -2.188369e-01
45  -2.383001e+00  -2.832929e-01
46  -3.005565e+00  -4.338673e-01
47  -6.422255e+00  -3.092512e-01
48  -5.308072e+00  -3.530072e-01
49  -1.503020e-02  4.674397e-01
50  4.050890e+01  -3.604234e-01
51  1.445644e+02  -1.037307e+00
52  2.920243e+02  -1.995498e+00
53  6.040495e+02  -1.015491e+01
54  1.308305e+03  -5.586071e+00
55  3.160570e+03  -3.702971e+00
56  6.896118e+03  1.027624e+01
57  1.427617e+04  2.330232e+01
58  2.871246e+04  6.966243e+01
59  5.986196e+04  1.509616e+02
60  1.270779e+05  1.154070e+02
61  2.675981e+05  9.134290e+01
62  5.512511e+05  2.419547e+02
63  1.373551e+06  -1.463883e+02
ENDPROP
STARTPROP
MASSES:  4.500000e-02   4.500000e-02
SOURCE: GAM_43
SINKS: GAM_43
0  1.535269e+05  4.844314e+01
1  1.358893e+06  -9.438992e+01
2  5.323546e+05  2.524808e+02
3  2.648352e+05  3.854305e+02
4  1.331330e+05  2.912431e+02
5  6.629552e+04  1.696500e+02
6  3.354230e+04  1.085120e+02
7  1.637764e+04  8.406919e+01
8  7.506313e+03  5.399812e+01
9  3.502939e+03  3.334171e+00
10  1.751680e+03  -6.338196e+00
11  8.979375e+02  -7.005450e+00
12  4.841522e+02  -4.716373e+00
13  2.234758e+02  -1.181908e+00
14  1.019754e+02  -9.773567e-01
15  5.487501e+01  -9.579445e-01
16  2.509416e+01  -7.170665e-01
17  1.421617e+01  -8.698323e-01
18  4.179461e+00  -4.593804e-01
19  1.917966e+00  -3.139373e-01
20  9.943870e-01  -1.778507e-01
21  5.708961e-01  -8.845092e-02
22  6.475568e-01  -1.786731e-02
23  9.180931e-02  -1.358097e-02
24  -1.911493e-01  -9.037619e-03
25  -2.517317e-01  -5.270890e-03
26  -1.465684e-01  -1.799039e-03
27  -4.841497e-02  -2.300831e-03
28  -4.804759e-02  -1.409622e-04
29  -4.713701e-02  -4.069698e-04
30  -2.520903e-02  -3.152765e-04
31  -1.038917e-02  -1.690982e-04
32  -7.534381e-03  -1.806699e-04
33  2.473593e-03  -2.073841e-04
34  4.536429e-03  -8.880199e-04
35  -6.814523e-03  -1.457222e-03
36  -1.617338e-02  -7.413796e-04
37  -1.847186e-02  3.108903e-04
38  -1.786311e-02  -2.150345e-03
39  -7.469354e-02  -8.767219e-04
40  -9.679652e-02  2.839484e-04
41  -2.963553e-01  -1.055223e-02
42  -3.143420e-01  -5.281774e-02
43  -3.882775e-02  -1.122976e-01
44  -1.551465e-01  -2.188369e-01
45  -2.383001e+00  -2.832929e-01
46  -3.005565e+00  -4.338673e-01
47  -6.422255e+00  -3.092512e-01
48  -5.308072e+00  -3.530072e-01
49  -1.503020e-02  4.674397e-01
50  4.050890e+01  -3.604234e-01
51  1.445644e+02  -1.037307e+00
52  2.920243e+02  -1.995498e+00
53  6.040495e+02  -1.015491e+01
54  1.308305e+03  -5.586071e+00
55  3.160570e+03  -3.702971e+00
56  6.896118e+03  1.027624e+01
57  1.427617e+04  2.330232e+01
58  2.871246e+04  6.966243e+01
59  5.986196e+04  1.509616e+02
60  1.270779e+05  1.154070e+02
61  2.675981e+05  9.134290e+01
62  5.512511e+05  2.419547e+02
63  1.373551e+06  -1.463883e+02
ENDPROP
STARTPROP
MASSES:  4.500000e-02   4.500000e-02
SOURCE: GAM_15
SINKS: GAM_15
0  1.505648e+05  1.671677e+01
1  -8.630361e+05  4.770226e+02
2  -2.247522e+05  2.983125e+02
3  -8.313249e+04  -1.436845e+01
4  -2.702246e+04  -1.676221e+02
5  -6.083274e+03  -8.048052e+01
6  -1.710926e+02  -3.661422e+01
7  1.349638e+03  -1.369585e+01
8  1.057044e+03  -2.164027e+01
9  7.635981e+02  -1.120825e+01
10  3.720952e+02  -1.251846e+01
11  8.624993e+01  -1.378221e+01
12  -3.744966e+00  -7.438548e+00
13  -3.263045e+01  -4.680702e+00
14  -2.209020e+01  -2.030762e+00
15  -1.484372e+01  -1.204305e+00
16  -7.331242e+00  -1.109904e+00
17  -7.994632e+00  -8.751939e-01
18  -7.096792e+00  -4.409956e-01
19  -1.339327e+00  -7.034428e-02
20  -1.042859e-01  9.000899e-02
21  4.737404e-02  8.549518e-02
22  -8.313711e-04  7.202392e-02
23  -2.230288e-01  6.523489e-02
24  -2.408578e-01  3.078798e-02
25  -1.444897e-01  1.372577e-02
26  -5.242316e-02  8.752412e-03
27  -9.907366e-03  5.545543e-03
28  2.458976e-03  3.931640e-03
29  1.166428e-02  3.591529e-03
30  1.516153e-02  2.628384e-03
31  3.675752e-03  1.386714e-03
32  -5.140356e-03  4.309314e-04
33  -1.480028e-05  -1.659464e-04
34  -6.247712e-03  -7.456100e-04
35  -1.592992e-02  -1.325813e-03
36  -5.052420e-02  -2.894316e-03
37  -8.800112e-02  -2.957215e-03
38  -1.279344e-01  -4.225836e-03
39  -1.790626e-01  -5.266312e-03
40  -2.788940e-01  -1.701426e-02
41  -3.362588e-01  -3.231662e-02
42  -2.069351e-01  -4.216157e-02
43  3.844389e-01  -4.688864e-02
44  1.903196e-01  -9.470319e-02
45  -1.041419e-01  -1.322015e-02
46  1.837748e+00  2.252253e-01
47  5.993290e+00  5.288552e-01
48  1.520213e+01  8.620938e-01
49  3.141713e+01  8.030094e-01
50  3.613484e+01  -1.058317e-01
51  4.412552e+01  -3.247996e+00
52  6.293963e+01  -8.940481e+00
53  6.386021e+01  -1.159099e+01
54  -4.228063e+01  -1.464357e+01
55  -2.522482e+02  -1.564646e+01
56  -8.806664e+02  -1.969336e+01
57  -2.121193e+03  -1.191821e+01
58  -5.513450e+03  -5.421099e+00
59  -1.308693e+04  5.615389e+01
60  -2.814319e+04  1.019754e+02
61  -7.898900e+04  -1.825712e+02
62  -2.242701e+05  -1.873246e+01
63  -8.608671e+05  1.529119e+02
ENDPROP
STARTPROP
MASSES:  4.500000e-02   4.500000e-02
SOURCE: GAM_25
SINKS: GAM_25
0  1.228390e+05  8.413046e+02
1  -8.876699e+05  8.733172e+02
2  -2.433059e+05  3.509234e+02
3  -9.043625e+04  1.861255e+02
4  -3.667892e+04  1.290714e+02
5  -1.417183e+04  1.621181e+02
6  -5.524033e+03  1.031983e+02
7  -2.759160e+03  4.550588e+01
8  -1.702482e+03  3.282248e+01
9  -6.395743e+02  2.657481e+01
10  -2.540905e+02  1.582796e+01
11  -6.741080e+01  4.713110e+00
12  -4.057126e+01  8.451845e-01
13  -3.370742e+01  -1.741027e+00
14  4.638845e-01  -5.640908e-01
15  1.665620e+00  2.297988e-01
16  3.105067e+00  -3.973231e-02
17  4.984707e+00  -2.339842e-01
18  5.353544e+00  1.005116e-02
19  2.220205e+00  8.153726e-02
20  1.432601e+00  2.819619e-02
21  6.406425e-01  6.539434e-02
22  -3.668489e-01  7.474725e-02
23  -3.528859e-01  5.993939e-02
24  -1.623284e-01  4.294810e-02
25  -1.068521e-01  2.401932e-02
26  -9.313790e-03  1.515567e-02
27  4.408374e-02  7.213632e-03
28  5.634833e-02  1.998421e-03
29  3.979866e-02  6.971802e-04
30  2.797034e-02  5.532780e-04
31  1.520564e-02  5.627395e-04
32  9.102567e-03  -1.469132e-05
33  -1.576879e-04  -2.590255e-04
34  -9.175502e-04  6.021191e-05
35  -5.606560e-03  2.122181e-04
36  -7.470665e-03  8.374737e-04
37  -2.254926e-02  5.273736e-03
38  -1.537320e-02  9.132901e-03
39  -4.515562e-02  1.734386e-02
40  -2.540466e-02  2.330953e-02
41  2.368624e-02  3.687309e-02
42  -6.209478e-02  5.783190e-02
43  6.653031e-01  8.522231e-02
44  1.069488e+00  1.268643e-01
45  1.587789e+00  2.546259e-01
46  1.566191e+00  3.553122e-01
47  1.195576e+00  6.143486e-02
48  4.345205e+00  -3.754430e-01
49  -1.346417e+01  -7.770378e-01
50  -4.283112e+01  -1.171128e+00
51  -6.016119e+01  -1.520228e+00
52  -6.174700e+01  -3.877439e+00
53  -2.659584e+01  -4.232220e+00
54  -1.943639e+02  -9.977532e+00
55  -6.938811e+02  -1.333314e+01
56  -1.327817e+03  -1.383485e+01
57  -2.438881e+03  -2.845029e+01
58  -4.281265e+03  -5.766663e+01
59  -1.095008e+04  -4.546374e+01
60  -3.110305e+04  -1.013853e+01
61  -9.216046e+04  -3.891088e+01
62  -2.529393e+05  8.891548e+01
63  -8.907952e+05  6.868584e+02
ENDPROP
STARTPROP
MASSES:  4.500000e-02   4.500000e-02
SOURCE: GAM_35
SINKS: GAM_35
0  9.571230e+04  1.869821e+02
1  -8.962470e+05  -3.816769e+02
2  -2.389840e+05  -6.356260e+02
3  -8.597152e+04  -4.905286e+02
4  -3.099505e+04  -2.396613e+02
5  -1.116075e+04  -8.190982e+01
6  -4.178122e+03  -3.542835e+01
7  -1.577275e+03  -4.110918e+01
8  -4.323502e+02  -4.132736e+01
9  -6.416717e+01  -2.046816e+01
10  -1.127722e+02  -2.006837e+00
11  -9.870216e+01  1.253527e+00
12  -5.331219e+01  5.912481e-01
13  -3.932154e+01  -1.780638e+00
14  -3.477953e+01  -1.770774e+00
15  -2.421514e+01  -1.517127e+00
16  -1.854685e+01  -6.762658e-01
17  -8.728748e+00  -3.648516e-01
18  -2.582934e+00  -9.163261e-02
19  4.864795e-02  -1.050764e-01
20  -4.728735e-01  -1.468169e-01
21  -1.107086e+00  -1.323707e-01
22  -7.232173e-01  -8.701261e-02
23  -4.287892e-01  -5.565404e-02
24  -1.443500e-01  -3.423034e-02
25  -3.930951e-02  -1.889249e-02
26  1.264809e-01  -9.766433e-03
27  1.541764e-01  -2.216862e-03
28  9.162981e-02  -1.774208e-04
29  5.465721e-02  6.980126e-04
30  3.294855e-02  -4.703860e-04
31  9.672413e-03  -9.401758e-04
32  2.471966e-03  -1.112123e-03
33  5.384649e-03  -1.174961e-03
34  1.086074e-02  -1.112052e-03
35  1.037730e-02  -1.894353e-03
36  1.710520e-02  -2.934494e-03
37  3.655103e-02  -3.060790e-03
38  8.363300e-02  -1.460006e-03
39  2.307249e-01  7.561575e-04
40  3.012751e-01  6.993638e-03
41  3.876401e-01  1.785948e-02
42  5.013820e-01  4.494000e-02
43  -6.149871e-02  8.377947e-02
44  -1.070685e+00  1.098965e-01
45  -1.050112e+00  2.513226e-02
46  -2.470669e+00  -1.515776e-01
47  -1.014370e+01  -3.725570e-01
48  -1.808311e+01  -8.579641e-01
49  -2.728277e+01  -1.417764e+00
50  -3.619940e+01  -1.960397e+00
51  -3.773000e+01  -1.281726e+00
52  -8.468959e+01  -2.683476e+00
53  -8.441562e+01  -1.035490e+01
54  -1.905475e+02  -2.167990e+01
55  -1.352122e+02  -2.535169e+01
56  -4.314654e+02  -1.966196e+01
57  -1.589993e+03  1.135496e+01
58  -5.157779e+03  1.179273e+01
59  -1.241082e+04  2.543584e+01
60  -3.455525e+04  1.582979e+02
61  -9.597939e+04  1.231980e+02
62  -2.562476e+05  -4.538630e+01
63  -9.111891e+05  -1.989915e+02
ENDPROP
STARTPROP
MASSES:  4.500000e-02   4.500000e-02
SOURCE: GAM_45
SINKS: GAM_45
0  -1.004093e+06  3.762872e+02
1  1.112209e+06  -2.404099e+02
2  5.329356e+05  -3.716952e+02
3  3.456226e+05  -5.639573e+01
4  2.170328e+05  7.578625e+01
5  1.363795e+05  2.051190e+02
6  8.414168e+04  1.158009e+02
7  5.210182e+04  2.998590e+01
8  3.114114e+04  1.483154e+01
9  1.895831e+04  -4.276841e+00
10  1.146471e+04  3.836899e+00
11  6.884528e+03  2.805468e+00
12  4.187380e+03  2.221689e-01
13  2.567989e+03  -1.833594e-01
14  1.568414e+03  -1.779726e+00
15  9.620145e+02  -7.526015e-01
16  5.874657e+02  1.628950e-01
17  3.536076e+02  4.002813e-01
18  2.090807e+02  7.197527e-02
19  1.271707e+02  1.607127e-01
20  7.915632e+01  4.403809e-02
21  4.847237e+01  3.801366e-02
22  3.041407e+01  3.103210e-02
23  1.854745e+01  -1.029177e-02
24  1.149951e+01  -2.479016e-02
25  7.094357e+00  -2.070553e-02
26  4.385556e+00  -1.617151e-02
27  2.707637e+00  -9.642601e-03
28  1.701575e+00  -5.966608e-03
29  1.053866e+00  -3.834792e-03
30  6.707502e-01  -2.261423e-03
31  4.694428e-01  -1.100847e-03
32  3.849642e-01  -2.248008e-04
33  4.027344e-01  1.047079e-03
34  5.164325e-01  2.172430e-03
35  7.593803e-01  3.450924e-03
36  1.201180e+00  6.256506e-03
37  1.932887e+00  7.483306e-03
38  3.224645e+00  1.199716e-02
39  5.298998e+00  1.605873e-02
40  8.666414e+00  2.187255e-02
41  1.475005e+01  -4.621783e-03
42  2.444756e+01  -1.766065e-03
43  4.065928e+01  -1.729413e-02
44  6.764780e+01  -2.290718e-02
45  1.141743e+02  -1.053451e-02
46  1.849011e+02  -1.831344e-02
47  3.055170e+02  -3.955528e-01
48  5.081153e+02  -1.194351e-01
49  8.499371e+02  6.539752e-01
50  1.406264e+03  2.330036e+00
51  2.318881e+03  3.403657e+00
52  3.796150e+03  3.067756e+00
53  6.331718e+03  -4.014641e+00
54  1.040473e+04  -1.097745e+01
55  1.714628e+04  -5.212656e+00
56  2.842906e+04  1.947692e+01
57  4.607847e+04  2.458058e+01
58  7.505618e+04  2.904154e+01
59  1.225801e+05  3.349388e+01
60  2.009456e+05  1.159790e+02
61  3.264973e+05  1.529920e+02
62  5.208284e+05  3.438335e+02
63  1.103218e+06  1.640753e+01
ENDPROP
STARTPROP
MASSES:  4.500000e-02   4.500000e-02
SOURCE: PSAX4
SINKS: GAM_4
0  2.794227e+04  6.361974e+02
1  1.718801e+06  9.040918e+02
2  9.341471e+05  5.138989e+02
3  5.836069e+05  6.637515e+02
4  3.624298e+05  6.579127e+02
5  2.252847e+05  6.040482e+02
6  1.384846e+05  3.937701e+02
7  8.542968e+04  2.286402e+02
8  5.101866e+04  1.408144e+02
9  3.106948e+04  7.462512e+01
10  1.870826e+04  5.288229e+01
11  1.119098e+04  2.753849e+01
12  6.758206e+03  1.443671e+01
13  4.128255e+03  9.814028e+00
14  2.510869e+03  3.887219e+00
15  1.532625e+03  3.108572e+00
16  9.363317e+02  2.520309e+00
17  5.677140e+02  2.106335e+00
18  3.385464e+02  1.200183e+00
19  2.050041e+02  9.417497e-01
20  1.270536e+02  5.108751e-01
21  7.745964e+01  3.246612e-01
22  4.849092e+01  2.022656e-01
23  2.968013e+01  8.583162e-02
24  1.829335e+01  2.985954e-02
25  1.131076e+01  1.533132e-02
26  6.967080e+00  2.708203e-03
27  4.257452e+00  1.227480e-03
28  2.624351e+00  8.233213e-04
29  1.541165e+00  8.885772e-04
30  8.509072e-01  6.373977e-04
31  3.932033e-01  7.392643e-04
32  3.790663e-02  2.846839e-04
33  -2.919431e-01  -3.202875e-04
34  -6.968883e-01  3.097568e-05
35  -1.282898e+00  -1.408823e-05
36  -2.204123e+00  1.676461e-04
37  -3.662373e+00  3.583925e-03
38  -6.131846e+00  4.248483e-03
39  -1.004132e+01  1.290882e-02
40  -1.652099e+01  2.808380e-02
41  -2.794319e+01  1.081655e-01
42  -4.631310e+01  1.544970e-01
43  -7.673151e+01  2.433814e-01
44  -1.275607e+02  3.929640e-01
45  -2.119460e+02  5.329922e-01
46  -3.429137e+02  9.117106e-01
47  -5.612334e+02  1.587335e+00
48  -9.206357e+02  1.970926e+00
49  -1.519722e+03  2.550667e+00
50  -2.496407e+03  2.994398e+00
51  -4.091792e+03  3.287956e+00
52  -6.673016e+03  1.071805e+01
53  -1.104227e+04  2.425234e+01
54  -1.803462e+04  4.094103e+01
55  -2.949650e+04  4.390458e+01
56  -4.882367e+04  2.611133e+01
57  -7.852388e+04  1.012354e+00
58  -1.279346e+05  -6.021003e+00
59  -2.092282e+05  1.489055e+01
60  -3.427657e+05  7.967690e+01
61  -5.614139e+05  -1.285187e+02
62  -9.109263e+05  -4.050745e+02
63  -1.672565e+06  -1.362336e+02
ENDPROP
STARTPROP
MASSES:  4.500000e-02   4.500000e-02
SOURCE: WWPSAX4
SINKS: GAM_4
0  6.358785e+06  1.638914e+06
1  3.575701e+09  -7.245855e+06
2  5.276257e+08  7.245506e+05
3  3.455794e+08  -1.130621e+06
4  1.619693e+08  7.155262e+05
5  1.222774e+08  3.497165e+05
6  8.457767e+07  2.609955e+05
7  4.572410e+07  -1.605145e+05
8  2.035590e+07  -1.227000e+05
9  1.528543e+07  9.748729e+04
10  9.011875e+06  1.104515e+05
11  5.134005e+06  3.411662e+04
12  2.720178e+06  6.130783e+04
13  2.660631e+06  2.741560e+04
14  1.234368e+06  -2.388489e+04
15  6.040453e+05  -9.917856e+03
16  4.966455e+05  1.294016e+04
17  3.370024e+05  4.543737e+03
18  1.492645e+05  -1.237746e+03
19  1.003215e+05  1.157967e+03
20  6.119713e+04  -1.043366e+03
21  3.479501e+04  5.054821e+02
22  2.677531e+04  2.081483e+02
23  1.848909e+04  1.722478e+02
24  5.919142e+03  5.012260e+01
25  6.376393e+03  1.091959e+01
26  3.766646e+03  -1.848974e+01
27  1.660643e+03  -8.179500e+00
28  1.731772e+03  -9.021321e+00
29  7.257323e+02  7.851004e+00
30  2.817413e+02  -3.141870e+00
31  1.672974e+02  -5.638258e-01
32  -1.506144e+02  1.409442e+00
33  -2.134720e+02  -2.539426e+00
34  -3.689426e+02  -9.281919e-01
35  -7.606479e+02  -1.257191e+01
36  -9.827410e+02  6.081413e+00
37  -1.529350e+03  1.444993e+01
38  -4.678172e+03  2.089310e+00
39  -5.395825e+03  -8.357358e+00
40  -1.137698e+04  -1.385033e+01
41  -1.420041e+04  3.686063e+02
42  -3.105267e+04  -9.065548e+01
43  -3.235671e+04  1.065809e+02
44  -6.441682e+04  2.337492e+03
45  -1.549563e+05  -4.144453e+02
46  -1.286188e+05  -1.735305e+03
47  -3.285295e+05  -1.780981e+03
48  -4.775658e+05  -2.902937e+03
49  -1.144162e+06  -4.214415e+03
50  -1.489556e+06  1.810151e+03
51  -2.694717e+06  8.226620e+03
52  -4.999278e+06  1.907281e+03
53  -7.710975e+06  -5.537462e+04
54  -7.683080e+06  4.062340e+04
55  -1.309039e+07  -2.528828e+02
56  -2.784478e+07  7.655775e+04
57  -5.650974e+07  -2.042983e+05
58  -9.487914e+07  8.819266e+04
59  -1.083374e+08  3.280539e+05
60  -1.635086e+08  6.044220e+05
61  -2.172623e+08  1.255366e+06
62  -4.389288e+08  -1.685675e+05
63  -1.473026e+09  1.116856e+04
ENDPROP
STARTPROP
MASSES:  4.500000e-02   4.500000e-02
SOURCE: WWGAM_5
SINKS: GAM_5
0  2.065608e+10  1.194574e+00
1  4.226920e+09  -4.514126e+06
2  8.263926e+08  3.785630e+04
3  5.679269e+08  -8.635080e+05
4  2.891220e+08  8.550812e+05
5  1.895491e+08  4.527464e+05
6  1.212136e+08  3.446865e+05
7  7.334932e+07  -1.614077e+05
8  3.868007e+07  2.074371e+04
9  2.592471e+07  1.323808e+04
10  1.510428e+07  6.521900e+04
11  8.985952e+06  1.040391e+04
12  4.551348e+06  8.235854e+04
13  3.883859e+06  1.811983e+04
14  1.959899e+06  -2.234824e+04
15  1.232111e+06  -7.325150e+03
16  7.571224e+05  9.396598e+03
17  5.047180e+05  3.983539e+03
18  2.498594e+05  -5.547485e+00
19  1.843662e+05  1.074217e+03
20  9.973916e+04  -3.149246e+02
21  5.906063e+04  4.450170e+02
22  3.792907e+04  2.879820e+02
23  2.872251e+04  1.746926e+02
24  1.172413e+04  -6.284148e+01
25  9.586739e+03  6.362587e+00
26  5.824112e+03  1.497825e+01
27  3.150821e+03  1.575679e+01
28  2.570244e+03  2.512251e+00
29  1.305363e+03  4.490310e+00
30  8.736474e+02  -3.740429e+00
31  6.372725e+02  -1.672374e+00
32  5.561297e+02  2.341830e+00
33  7.376417e+02  7.316009e+00
34  8.534297e+02  -2.091436e+00
35  1.368724e+03  2.257964e+01
36  1.936896e+03  -9.769954e+00
37  2.539307e+03  1.119853e+01
38  6.202334e+03  -3.031023e+01
39  8.791514e+03  -3.612095e+01
40  1.467952e+04  -2.231252e+01
41  2.616508e+04  -4.686514e+02
42  4.649492e+04  -2.940835e+02
43  5.760685e+04  -4.220756e+02
44  1.194746e+05  -1.819038e+03
45  2.201120e+05  -5.165111e+02
46  2.249821e+05  7.558765e+02
47  5.519900e+05  3.549903e+03
48  8.257683e+05  3.058571e+03
49  1.579767e+06  -6.514418e+02
50  2.134062e+06  -1.817611e+03
51  4.142128e+06  -3.457593e+03
52  7.200253e+06  5.505451e+03
53  1.111107e+07  3.785457e+04
54  1.364560e+07  -2.983676e+04
55  2.461875e+07  -1.152153e+04
56  4.732198e+07  -4.077506e+04
57  8.349869e+07  1.036559e+05
58  1.367874e+08  -2.715073e+05
59  1.855049e+08  3.298273e+05
60  2.821869e+08  -4.863550e+05
61  4.590467e+08  -2.284917e+06
62  7.691835e+08  2.083256e+03
63  2.115454e+09  -3.839867e+06
ENDPROP
