STARTPROP
MASSES:  4.500000e-02   4.200000e-03
SOURCE: GAM_1
SINKS: GAM_1
0  1.323622e+06  -6.444704e+03
1  2.003260e+06  -5.925006e+04
2  9.369818e+05  -3.721040e+04
3  4.994063e+05  -2.063482e+04
4  2.572411e+05  -1.181814e+04
5  1.360166e+05  -5.886831e+03
6  7.538712e+04  -2.509197e+03
7  4.015818e+04  -4.595962e+02
8  1.826671e+04  1.271473e+02
9  6.884413e+03  4.082834e+02
10  1.504303e+03  1.470701e+03
11  -1.898551e+02  1.592622e+03
12  -7.496498e+01  1.743609e+03
13  6.318569e+02  1.502734e+03
14  8.499213e+02  1.022047e+03
15  7.101435e+02  6.603496e+02
16  4.336324e+02  3.478862e+02
17  2.764129e+02  1.993436e+02
18  1.874201e+02  1.179093e+02
19  1.529921e+02  4.033320e+01
20  9.678751e+01  -2.215972e+01
21  5.158638e+01  -3.706085e+01
22  2.090610e+01  -2.759312e+01
23  5.356389e+00  -1.999826e+01
24  -3.710039e+00  -1.475364e+01
25  -2.623682e+00  -1.052466e+01
26  4.636273e+00  -6.406850e+00
27  4.608925e+00  -2.208896e+00
28  5.561467e+00  -1.220666e+00
29  4.454197e+00  -9.982791e-01
30  4.311247e+00  -9.667444e-01
31  3.567098e+00  -6.733364e-01
32  2.768780e+00  -1.619254e+00
33  8.305070e-01  -2.998320e+00
34  -1.759415e+00  -2.975112e+00
35  -4.182618e+00  -3.635897e+00
36  -9.289532e+00  -5.122905e+00
37  -1.306984e+01  -8.138838e+00
38  -1.605121e+01  -9.622010e+00
39  -1.724727e+01  -9.905834e+00
40  -1.406303e+01  -7.032951e+00
41  -1.049999e+01  -3.534712e+00
42  -6.828871e+00  8.582770e+00
43  -1.471687e+01  2.138621e+01
44  -3.695875e+01  2.591025e+01
45  -4.905092e+01  4.381359e+01
46  -6.449329e+01  9.204176e+01
47  6.774521e-01  8.745834e+01
48  2.401579e+01  -1.514596e+01
49  -2.740646e+01  -1.614302e+02
50  -1.422109e+02  2.896428e+02
51  1.074550e+02  8.016751e+02
52  1.514325e+03  1.099336e+03
53  4.352889e+03  1.767153e+03
54  7.347428e+03  2.924564e+03
55  1.105788e+04  3.792290e+03
56  1.946948e+04  3.367313e+03
57  3.271213e+04  1.783103e+03
58  6.298162e+04  5.624970e+02
59  1.322075e+05  3.890876e+03
60  2.769504e+05  6.896123e+03
61  5.492325e+05  1.176614e+04
62  9.974919e+05  2.324673e+04
63  2.055852e+06  3.164658e+04
ENDPROP
STARTPROP
MASSES:  4.500000e-02   4.200000e-03
SOURCE: GAM_2
SINKS: GAM_2
0  1.249725e+06  -1.287699e+04
1  1.955442e+06  -5.033094e+04
2  9.030121e+05  -3.323562e+04
3  4.781569e+05  -2.173914e+04
4  2.466973e+05  -1.327168e+04
5  1.332217e+05  -8.303680e+03
6  7.386811e+04  -1.928966e+03
7  3.739880e+04  1.653141e+03
8  1.847260e+04  2.181105e+03
9  8.721317e+03  1.095067e+03
10  4.167589e+03  9.618037e+01
11  2.025662e+03  -2.410496e+02
12  6.353362e+02  -1.010404e+01
13  4.451371e+02  -3.440214e+02
14  -4.354597e+01  -1.739143e+02
15  -3.595716e-01  -9.873232e+01
16  -6.311662e+01  -4.053036e+00
17  -9.888764e+01  -2.483699e+00
18  -3.784821e+01  2.020705e+00
19  -1.735395e+01  -2.045954e+01
20  -1.830622e+01  -1.243651e+01
21  -2.052910e+01  7.378578e+00
22  -5.101962e+01  2.670038e+01
23  -4.922280e+01  1.790608e+01
24  -3.046434e+01  9.857981e+00
25  -1.709823e+01  1.162672e+01
26  -1.102739e+01  6.048643e+00
27  -7.182372e+00  3.266111e+00
28  -6.416511e+00  9.429276e-01
29  -5.514186e+00  1.264899e-01
30  -2.677707e+00  2.383839e-01
31  -8.809697e-01  8.014312e-01
32  -9.248643e-01  3.629850e-01
33  -1.542853e+00  5.427052e-01
34  -2.284161e+00  1.889054e-01
35  -3.203885e+00  -2.865709e-01
36  -4.958990e+00  -5.767217e-01
37  -6.069700e+00  -6.537245e+00
38  -3.868963e+00  -1.220063e+01
39  -9.900464e+00  -2.214996e+01
40  -2.220869e+01  -3.666097e+01
41  -4.120703e+01  -4.730480e+01
42  -6.422546e+01  -4.316252e+01
43  -9.590753e+01  -4.285245e+01
44  -1.253582e+02  -3.945415e+01
45  -1.969326e+02  -2.386587e+01
46  -2.464790e+02  -4.453552e+00
47  -2.261527e+02  4.692034e+01
48  -1.809566e+02  1.655099e+02
49  -1.008567e+02  1.146197e+02
50  2.764072e+02  -3.402265e+01
51  1.124168e+03  -4.232904e+02
52  1.921060e+03  -1.263088e+03
53  1.956265e+03  -2.139177e+03
54  2.669735e+03  -1.809273e+03
55  5.283600e+03  -1.936056e+02
56  1.186772e+04  -3.721892e+02
57  2.924344e+04  -1.189465e+03
58  6.095849e+04  -1.507200e+03
59  1.275093e+05  -8.312024e+02
60  2.549959e+05  3.041447e+03
61  5.104872e+05  8.911781e+03
62  9.550197e+05  1.495646e+04
63  1.999346e+06  1.794704e+04
ENDPROP
STARTPROP
MASSES:  4.500000e-02   4.200000e-03
SOURCE: GAM_3
SINKS: GAM_3
0  1.313457e+06  1.042844e+04
1  2.021143e+06  -3.528233e+04
2  9.425537e+05  -2.689536e+04
3  4.967352e+05  -2.178073e+04
4  2.580745e+05  -1.801406e+04
5  1.354964e+05  -1.214066e+04
6  7.062259e+04  -9.604520e+03
7  3.669092e+04  -5.511842e+03
8  2.050583e+04  -3.745932e+03
9  1.058876e+04  -1.872470e+03
10  5.954982e+03  3.027919e+01
11  3.955035e+03  3.873917e+02
12  2.011085e+03  4.561785e+02
13  1.046666e+03  5.172221e+02
14  7.708124e+02  2.913061e+02
15  4.945478e+02  3.851478e+01
16  4.753945e+02  7.702257e+01
17  3.863649e+02  1.131785e+02
18  3.054263e+02  6.277008e+01
19  2.035168e+02  2.558426e+01
20  1.063618e+02  -1.150535e-02
21  4.518166e+01  -2.967000e+00
22  1.330009e+01  1.118125e-01
23  4.891127e+00  1.299741e+00
24  7.134460e+00  2.804099e+00
25  3.181301e+00  5.598007e+00
26  1.867730e+00  4.584825e+00
27  -4.200251e-01  3.769231e+00
28  -2.534862e+00  2.719145e+00
29  -4.139445e+00  4.123517e-01
30  -3.893326e+00  4.130371e-01
31  -2.505904e+00  1.309285e+00
32  -1.302360e+00  2.574130e+00
33  -1.344619e+00  2.461837e+00
34  8.960389e-03  3.647968e+00
35  6.604183e-01  4.299554e+00
36  -1.172556e+00  4.037374e+00
37  -2.433054e+00  1.599251e+00
38  -5.765898e-02  -3.838845e-01
39  -1.405160e+00  -6.917033e+00
40  -7.271661e-01  -1.010658e+01
41  1.143260e+01  -1.231649e+01
42  -6.106820e+00  -1.920749e+01
43  -5.219096e+01  -1.047133e+01
44  -1.079942e+02  6.604390e+00
45  -1.797279e+02  3.029977e+01
46  -2.124458e+02  9.746926e+01
47  -1.672185e+02  2.001712e+02
48  -7.583994e+01  1.416969e+02
49  -1.955551e+01  2.874401e+02
50  1.302931e+02  5.308148e+02
51  3.355334e+02  7.731198e+02
52  1.097218e+03  1.139932e+03
53  1.827722e+03  1.963880e+03
54  4.696638e+03  2.483965e+03
55  1.020243e+04  2.691600e+03
56  1.935719e+04  1.408345e+03
57  3.992823e+04  -1.144605e+03
58  8.260775e+04  -2.076899e+03
59  1.517182e+05  -1.152803e+03
60  2.838632e+05  -7.160757e+02
61  5.506421e+05  5.776740e+03
62  1.017280e+06  1.370473e+04
63  2.068400e+06  2.554629e+04
ENDPROP
STARTPROP
MASSES:  4.500000e-02   4.200000e-03
SOURCE: GAM_4
SINKS: GAM_4
0  2.154630e+06  2.661234e+03
1  -2.835897e+05  4.252130e+04
2  4.230932e+03  2.745094e+04
3  1.844180e+03  1.887029e+04
4  2.446639e+03  1.085671e+04
5  2.538717e+03  5.123961e+03
6  9.379622e+02  4.077932e+02
7  1.438086e+03  4.332813e+02
8  6.932440e+02  2.936246e+01
9  5.582252e+02  -3.186035e+02
10  3.338945e+02  -6.534428e+02
11  2.605555e+02  -2.859133e+02
12  1.544925e+02  -3.030434e+02
13  -4.264965e+01  -4.010254e+01
14  -5.288789e+01  -4.197913e+01
15  -1.597511e+02  -4.412925e+01
16  -1.667094e+02  -2.511146e+01
17  -1.453134e+02  1.927392e+00
18  -1.081870e+02  8.964031e+00
19  -9.289812e+01  7.219724e+00
20  -7.104199e+01  3.179769e+01
21  -4.670821e+01  3.407726e+01
22  -3.570290e+01  2.705449e+01
23  -1.850765e+01  1.916808e+01
24  -1.013228e+01  1.061650e+01
25  -9.394025e+00  4.942820e+00
26  -6.179440e+00  3.072084e+00
27  -5.145303e+00  9.369736e-01
28  -4.020830e+00  1.880447e+00
29  -3.260556e+00  2.280163e+00
30  -2.876197e+00  1.923037e+00
31  -1.867748e+00  1.961055e+00
32  -1.920964e+00  1.275714e+00
33  -1.075533e+00  7.527796e-01
34  -1.980967e-01  2.379711e-01
35  8.275310e-01  -1.313458e+00
36  2.318973e+00  -2.696527e+00
37  4.318873e+00  -5.289380e+00
38  4.419560e+00  -8.197116e+00
39  7.403912e+00  -1.387317e+01
40  1.073602e+01  -2.486181e+01
41  5.657819e+00  -3.352306e+01
42  8.886309e+00  -5.038475e+01
43  1.390356e+01  -6.797771e+01
44  1.672174e+01  -8.909039e+01
45  4.147498e+01  -1.088960e+02
46  2.394708e+01  -1.491266e+02
47  5.553034e+01  -1.755513e+02
48  6.182021e+01  -1.513655e+02
49  -7.311409e+01  -1.940624e+02
50  -5.290527e+00  -2.052793e+02
51  2.163643e+01  -2.070996e+02
52  2.688019e+01  -1.859435e+02
53  1.473219e+02  -2.401968e+02
54  3.517729e+02  -4.001950e+02
55  6.919371e+02  -6.482336e+02
56  1.537892e+03  -6.058052e+02
57  1.651427e+03  -1.030992e+03
58  3.518308e+02  -3.295103e+03
59  1.689174e+03  -4.544339e+03
60  2.344772e+03  -7.867738e+03
61  -8.249838e+01  -1.752842e+04
62  8.785463e+01  -2.464777e+04
63  -2.872863e+05  -4.268353e+04
ENDPROP
STARTPROP
MASSES:  4.500000e-02   4.200000e-03
SOURCE: GAM_5
SINKS: GAM_5
0  7.333153e+06  3.527351e+04
1  7.247286e+06  -3.657336e+04
2  5.128237e+06  -4.022135e+04
3  3.635632e+06  -3.057633e+04
4  2.509138e+06  -2.671046e+04
5  1.756961e+06  -2.681575e+04
6  1.210434e+06  -2.642030e+04
7  8.288412e+05  -2.340462e+04
8  5.795250e+05  -1.887839e+04
9  4.041217e+05  -1.436995e+04
10  2.804940e+05  -1.046570e+04
11  1.947136e+05  -8.306777e+03
12  1.355860e+05  -6.076039e+03
13  9.223386e+04  -3.753312e+03
14  6.332533e+04  -2.408439e+03
15  4.340842e+04  -1.129462e+03
16  2.924435e+04  -2.105825e+02
17  1.993163e+04  3.961639e+01
18  1.371815e+04  1.113730e+02
19  9.343316e+03  6.586385e+01
20  6.392736e+03  -2.405539e+00
21  4.517683e+03  2.415955e+01
22  3.233009e+03  8.255120e+01
23  2.263057e+03  1.008348e+02
24  1.550016e+03  6.528252e+01
25  1.078604e+03  4.671922e+01
26  7.313714e+02  4.167904e+01
27  4.900253e+02  3.071364e+01
28  3.376157e+02  2.090259e+01
29  2.434696e+02  1.834618e+01
30  1.913230e+02  1.608464e+01
31  1.668947e+02  1.189868e+01
32  1.597760e+02  8.621684e+00
33  1.653429e+02  9.641003e+00
34  1.961385e+02  1.774299e+01
35  2.609079e+02  3.126653e+01
36  3.577078e+02  4.258791e+01
37  5.068946e+02  5.303498e+01
38  7.377124e+02  5.624897e+01
39  1.068573e+03  6.271223e+01
40  1.553033e+03  6.849442e+01
41  2.230300e+03  9.024775e+01
42  3.174590e+03  1.500724e+02
43  4.559141e+03  2.334221e+02
44  6.598652e+03  3.918329e+02
45  9.659150e+03  5.723674e+02
46  1.394571e+04  7.329401e+02
47  2.041430e+04  9.747241e+02
48  3.013428e+04  1.399043e+03
49  4.550972e+04  1.801481e+03
50  6.783530e+04  2.063911e+03
51  9.965814e+04  2.511654e+03
52  1.414710e+05  2.535068e+03
53  2.002683e+05  2.529893e+03
54  2.873002e+05  3.769066e+03
55  4.149972e+05  5.385332e+03
56  6.038197e+05  4.930530e+03
57  8.787992e+05  1.458154e+03
58  1.269391e+06  -3.535406e+03
59  1.817457e+06  -3.522240e+03
60  2.630609e+06  8.400872e+03
61  3.765531e+06  3.583975e+04
62  5.232813e+06  7.453988e+04
63  7.277558e+06  9.484821e+04
ENDPROP
STARTPROP
MASSES:  4.500000e-02   4.200000e-03
SOURCE: GAM_12
SINKS: GAM_12
0  8.099078e+05  1.567774e+04
1  -7.005160e+05  3.848975e+04
2  -1.510988e+05  2.096826e+04
3  -4.853358e+04  1.248699e+04
4  -1.826489e+04  7.749800e+03
5  -1.189649e+04  2.394057e+03
6  -7.995642e+03  -7.671435e+02
7  -5.408049e+03  -1.710067e+03
8  -2.940763e+03  -8.930943e+02
9  -2.814921e+03  -6.149908e+02
10  -8.415131e+02  -2.548518e+02
11  -5.285258e+02  -1.660215e+02
12  -4.399500e+02  -3.436084e+02
13  -2.690597e+02  -1.818002e+02
14  -1.772363e+02  -1.933872e+02
15  -9.974496e+01  -5.198743e+01
16  1.372026e+01  1.528920e+01
17  5.566964e+01  8.250158e+01
18  4.777331e+01  6.344303e+01
19  6.047850e+01  5.964505e+01
20  5.884266e+01  4.116852e+01
21  4.398255e+01  2.753928e+01
22  3.491585e+01  9.914926e+00
23  2.446573e+01  1.573583e+01
24  8.137423e+00  1.193304e+01
25  3.500622e+00  1.343099e+01
26  1.059867e+00  1.210540e+01
27  1.252295e+00  8.082507e+00
28  3.993605e+00  6.679528e+00
29  3.014865e+00  3.585843e+00
30  2.212299e+00  2.260634e+00
31  2.441285e+00  1.116448e+00
32  1.443572e+00  1.641734e-01
33  1.882180e+00  -1.276434e+00
34  1.115614e+00  -2.044650e+00
35  6.215871e-01  -1.387670e+00
36  8.765357e-01  -1.318132e+00
37  1.520283e+00  -3.370325e-02
38  2.633428e-01  -8.314034e-01
39  -4.499825e+00  -2.209994e-01
40  -1.093568e+01  9.723707e-01
41  -9.657103e+00  -7.869522e+00
42  -3.647008e+00  -1.707301e+01
43  -9.186325e+00  -1.324350e+01
44  8.651092e+00  -7.726432e+00
45  -3.974154e+00  -5.232770e+00
46  -4.069801e+00  -2.114988e+01
47  -4.253616e+01  -1.282857e+02
48  -1.093679e+02  -1.963719e+02
49  -3.128627e+02  -2.741394e+02
50  -3.398741e+02  -4.141612e+02
51  -6.906552e+02  -3.471200e+02
52  -1.396579e+03  -3.879157e+02
53  -1.542775e+03  -5.207134e+02
54  -2.392499e+03  -1.156356e+03
55  -2.092301e+03  -1.589421e+03
56  -1.715312e+03  -1.708151e+03
57  -1.736774e+03  -1.503213e+03
58  -1.115103e+04  -6.746445e+02
59  -1.898300e+04  2.715649e+02
60  -2.831623e+04  1.683216e+03
61  -6.499411e+04  6.969224e+03
62  -1.590362e+05  4.656803e+03
63  -7.020872e+05  -9.758067e+03
ENDPROP
STARTPROP
MASSES:  4.500000e-02   4.200000e-03
SOURCE: GAM_21
SINKS: GAM_21
0  8.099078e+05  1.567774e+04
1  -7.005160e+05  3.848975e+04
2  -1.510988e+05  2.096826e+04
3  -4.853358e+04  1.248699e+04
4  -1.826489e+04  7.749800e+03
5  -1.189649e+04  2.394057e+03
6  -7.995642e+03  -7.671435e+02
7  -5.408049e+03  -1.710067e+03
8  -2.940763e+03  -8.930943e+02
9  -2.814921e+03  -6.149908e+02
10  -8.415131e+02  -2.548518e+02
11  -5.285258e+02  -1.660215e+02
12  -4.399500e+02  -3.436084e+02
13  -2.690597e+02  -1.818002e+02
14  -1.772363e+02  -1.933872e+02
15  -9.974496e+01  -5.198743e+01
16  1.372026e+01  1.528920e+01
17  5.566964e+01  8.250158e+01
18  4.777331e+01  6.344303e+01
19  6.047850e+01  5.964505e+01
20  5.884266e+01  4.116852e+01
21  4.398255e+01  2.753928e+01
22  3.491585e+01  9.914926e+00
23  2.446573e+01  1.573583e+01
24  8.137423e+00  1.193304e+01
25  3.500622e+00  1.343099e+01
26  1.059867e+00  1.210540e+01
27  1.252295e+00  8.082507e+00
28  3.993605e+00  6.679528e+00
29  3.014865e+00  3.585843e+00
30  2.212299e+00  2.260634e+00
31  2.441285e+00  1.116448e+00
32  1.443572e+00  1.641734e-01
33  1.882180e+00  -1.276434e+00
34  1.115614e+00  -2.044650e+00
35  6.215871e-01  -1.387670e+00
36  8.765357e-01  -1.318132e+00
37  1.520283e+00  -3.370325e-02
38  2.633428e-01  -8.314034e-01
39  -4.499825e+00  -2.209994e-01
40  -1.093568e+01  9.723707e-01
41  -9.657103e+00  -7.869522e+00
42  -3.647008e+00  -1.707301e+01
43  -9.186325e+00  -1.324350e+01
44  8.651092e+00  -7.726432e+00
45  -3.974154e+00  -5.232770e+00
46  -4.069801e+00  -2.114988e+01
47  -4.253616e+01  -1.282857e+02
48  -1.093679e+02  -1.963719e+02
49  -3.128627e+02  -2.741394e+02
50  -3.398741e+02  -4.141612e+02
51  -6.906552e+02  -3.471200e+02
52  -1.396579e+03  -3.879157e+02
53  -1.542775e+03  -5.207134e+02
54  -2.392499e+03  -1.156356e+03
55  -2.092301e+03  -1.589421e+03
56  -1.715312e+03  -1.708151e+03
57  -1.736774e+03  -1.503213e+03
58  -1.115103e+04  -6.746445e+02
59  -1.898300e+04  2.715649e+02
60  -2.831623e+04  1.683216e+03
61  -6.499411e+04  6.969224e+03
62  -1.590362e+05  4.656803e+03
63  -7.020872e+05  -9.758067e+03
ENDPROP
STARTPROP
MASSES:  4.500000e-02   4.200000e-03
SOURCE: GAM_13
SINKS: GAM_13
0  8.286859e+05  -8.093852e+03
1  -7.105167e+05  2.815253e+04
2  -1.720515e+05  2.119379e+04
3  -5.843691e+04  1.455018e+04
4  -1.757390e+04  5.676082e+03
5  -2.466315e+03  1.991037e+03
6  -1.533045e+02  -1.305553e+03
7  -9.994769e+02  -2.714938e+03
8  -7.294690e+02  -4.150935e+02
9  1.342956e+03  -1.968399e+02
10  1.084976e+03  -6.041346e+02
11  1.199076e+03  -5.447972e+02
12  9.705004e+02  -5.718760e+02
13  1.419157e+02  -2.846747e+02
14  -2.808766e+02  7.763715e+01
15  -1.628361e+02  2.673264e+02
16  -1.152186e+02  1.558642e+02
17  -2.688993e+01  4.885887e+01
18  -3.929392e+01  1.508896e+01
19  -5.101990e+01  -4.874924e+01
20  -4.072042e+01  -2.548345e+01
21  -3.416544e+01  -1.093891e+01
22  -3.076929e+01  -2.770548e+00
23  -2.285987e+01  -2.604346e+00
24  -1.049856e+01  1.799652e+00
25  -6.203993e+00  5.672917e+00
26  -1.977297e+00  3.712142e+00
27  -2.411632e+00  4.163823e+00
28  -2.721179e+00  1.394867e+00
29  -3.878544e+00  -6.041477e-01
30  -2.180489e+00  -1.442930e+00
31  -1.350093e+00  -1.854038e+00
32  4.472309e-01  -1.006693e+00
33  5.682267e-01  -2.951283e-01
34  6.876214e-02  -5.073371e-02
35  -9.188485e-01  8.608232e-01
36  -8.624193e-01  1.043222e+00
37  -1.071261e+00  -1.617564e+00
38  -2.856267e+00  -3.532994e+00
39  -3.012238e+00  -9.370132e+00
40  1.802104e+00  -7.837490e+00
41  9.437984e+00  1.106224e+00
42  4.082706e+00  1.605140e+01
43  -1.136254e+01  2.970708e+01
44  -2.186706e+01  4.378466e+01
45  -1.782176e+01  6.166535e+01
46  3.135995e+00  4.807153e+01
47  3.208179e+00  5.463722e+01
48  1.359836e+02  1.360397e+02
49  3.009304e+02  1.984892e+02
50  4.085175e+02  2.295091e+02
51  3.605068e+02  1.148317e+02
52  3.164615e+02  -1.039819e+02
53  2.465352e+02  -3.923526e+02
54  5.799733e+02  2.031950e+02
55  1.289167e+02  1.723483e+02
56  -5.135872e+02  1.945443e+02
57  8.840081e+01  -9.008008e+01
58  1.289186e+02  -5.002483e+02
59  -3.077267e+03  -2.033652e+03
60  -2.098227e+04  -4.024128e+03
61  -6.533797e+04  -4.315907e+03
62  -1.806862e+05  -1.329292e+04
63  -7.103054e+05  -3.626118e+04
ENDPROP
STARTPROP
MASSES:  4.500000e-02   4.200000e-03
SOURCE: GAM_31
SINKS: GAM_31
0  8.286859e+05  -8.093852e+03
1  -7.105167e+05  2.815253e+04
2  -1.720515e+05  2.119379e+04
3  -5.843691e+04  1.455018e+04
4  -1.757390e+04  5.676082e+03
5  -2.466315e+03  1.991037e+03
6  -1.533045e+02  -1.305553e+03
7  -9.994769e+02  -2.714938e+03
8  -7.294690e+02  -4.150935e+02
9  1.342956e+03  -1.968399e+02
10  1.084976e+03  -6.041346e+02
11  1.199076e+03  -5.447972e+02
12  9.705004e+02  -5.718760e+02
13  1.419157e+02  -2.846747e+02
14  -2.808766e+02  7.763715e+01
15  -1.628361e+02  2.673264e+02
16  -1.152186e+02  1.558642e+02
17  -2.688993e+01  4.885887e+01
18  -3.929392e+01  1.508896e+01
19  -5.101990e+01  -4.874924e+01
20  -4.072042e+01  -2.548345e+01
21  -3.416544e+01  -1.093891e+01
22  -3.076929e+01  -2.770548e+00
23  -2.285987e+01  -2.604346e+00
24  -1.049856e+01  1.799652e+00
25  -6.203993e+00  5.672917e+00
26  -1.977297e+00  3.712142e+00
27  -2.411632e+00  4.163823e+00
28  -2.721179e+00  1.394867e+00
29  -3.878544e+00  -6.041477e-01
30  -2.180489e+00  -1.442930e+00
31  -1.350093e+00  -1.854038e+00
32  4.472309e-01  -1.006693e+00
33  5.682267e-01  -2.951283e-01
34  6.876214e-02  -5.073371e-02
35  -9.188485e-01  8.608232e-01
36  -8.624193e-01  1.043222e+00
37  -1.071261e+00  -1.617564e+00
38  -2.856267e+00  -3.532994e+00
39  -3.012238e+00  -9.370132e+00
40  1.802104e+00  -7.837490e+00
41  9.437984e+00  1.106224e+00
42  4.082706e+00  1.605140e+01
43  -1.136254e+01  2.970708e+01
44  -2.186706e+01  4.378466e+01
45  -1.782176e+01  6.166535e+01
46  3.135995e+00  4.807153e+01
47  3.208179e+00  5.463722e+01
48  1.359836e+02  1.360397e+02
49  3.009304e+02  1.984892e+02
50  4.085175e+02  2.295091e+02
51  3.605068e+02  1.148317e+02
52  3.164615e+02  -1.039819e+02
53  2.465352e+02  -3.923526e+02
54  5.799733e+02  2.031950e+02
55  1.289167e+02  1.723483e+02
56  -5.135872e+02  1.945443e+02
57  8.840081e+01  -9.008008e+01
58  1.289186e+02  -5.002483e+02
59  -3.077267e+03  -2.033652e+03
60  -2.098227e+04  -4.024128e+03
61  -6.533797e+04  -4.315907e+03
62  -1.806862e+05  -1.329292e+04
63  -7.103054e+05  -3.626118e+04
ENDPROP
STARTPROP
MASSES:  4.500000e-02   4.200000e-03
SOURCE: GAM_14
SINKS: GAM_14
0  7.122604e+04  3.852807e+03
1  1.369667e+06  -1.724023e+04
2  5.814812e+05  -9.182272e+03
3  3.012295e+05  -9.386630e+03
4  1.561164e+05  -1.124837e+04
5  8.035136e+04  -6.753853e+03
6  4.019967e+04  -2.328321e+03
7  1.961297e+04  1.058113e+03
8  9.181406e+03  1.612710e+03
9  3.143156e+03  1.283071e+02
10  1.267326e+03  -2.421930e+02
11  1.218201e+03  -5.323006e+02
12  1.402395e+03  -1.695134e+02
13  1.473180e+03  -2.235163e+02
14  1.273051e+03  2.032408e+01
15  8.838774e+02  1.006863e+02
16  4.382753e+02  1.369125e+02
17  1.904898e+02  8.134557e+01
18  1.047203e+02  6.185939e+01
19  4.689717e+01  6.750206e+01
20  1.261466e+01  4.789253e+01
21  1.452273e+01  2.225880e+01
22  1.196863e+01  2.074183e+01
23  1.224161e+00  1.131824e+01
24  6.484236e+00  -1.439483e+00
25  4.519968e+00  -2.399816e+00
26  -5.151739e-01  -5.117543e+00
27  2.181209e+00  -5.102185e+00
28  2.985638e+00  -3.260473e+00
29  2.819424e+00  -3.773424e+00
30  2.717929e+00  -3.465627e+00
31  2.276888e+00  -2.316611e+00
32  7.414357e-01  -2.549048e+00
33  -1.832612e-01  -3.649371e+00
34  -6.931091e-01  -5.349814e+00
35  -2.135167e+00  -6.734452e+00
36  -5.533760e+00  -8.148035e+00
37  -8.173033e+00  -9.363463e+00
38  -1.135707e+01  -8.461874e+00
39  -1.314769e+01  -1.274720e+00
40  -1.158892e+01  2.281711e+00
41  -1.503435e+01  1.455972e+01
42  1.281840e+01  1.459122e+01
43  4.376288e+01  -1.104519e+01
44  4.502966e+01  -2.997643e+01
45  1.158214e+01  -5.191360e+01
46  -2.169394e+01  -5.441213e+01
47  5.835715e+01  -4.432161e+01
48  8.990353e+01  -3.757557e+01
49  1.479057e+02  1.655774e+01
50  2.565877e+02  -9.609103e+00
51  4.415811e+02  8.046373e+01
52  9.154782e+02  1.291661e+02
53  2.388663e+03  1.187805e+02
54  5.589706e+03  6.067687e+02
55  8.916779e+03  9.794137e+02
56  1.404872e+04  1.071254e+03
57  2.529522e+04  5.131980e+02
58  4.283072e+04  1.744853e+02
59  8.486921e+04  3.412355e+03
60  1.689155e+05  7.728915e+03
61  3.369053e+05  1.504827e+04
62  6.373946e+05  2.468164e+04
63  1.437543e+06  2.935840e+04
ENDPROP
STARTPROP
MASSES:  4.500000e-02   4.200000e-03
SOURCE: GAM_41
SINKS: GAM_41
0  7.122604e+04  3.852807e+03
1  1.369667e+06  -1.724023e+04
2  5.814812e+05  -9.182272e+03
3  3.012295e+05  -9.386630e+03
4  1.561164e+05  -1.124837e+04
5  8.035136e+04  -6.753853e+03
6  4.019967e+04  -2.328321e+03
7  1.961297e+04  1.058113e+03
8  9.181406e+03  1.612710e+03
9  3.143156e+03  1.283071e+02
10  1.267326e+03  -2.421930e+02
11  1.218201e+03  -5.323006e+02
12  1.402395e+03  -1.695134e+02
13  1.473180e+03  -2.235163e+02
14  1.273051e+03  2.032408e+01
15  8.838774e+02  1.006863e+02
16  4.382753e+02  1.369125e+02
17  1.904898e+02  8.134557e+01
18  1.047203e+02  6.185939e+01
19  4.689717e+01  6.750206e+01
20  1.261466e+01  4.789253e+01
21  1.452273e+01  2.225880e+01
22  1.196863e+01  2.074183e+01
23  1.224161e+00  1.131824e+01
24  6.484236e+00  -1.439483e+00
25  4.519968e+00  -2.399816e+00
26  -5.151739e-01  -5.117543e+00
27  2.181209e+00  -5.102185e+00
28  2.985638e+00  -3.260473e+00
29  2.819424e+00  -3.773424e+00
30  2.717929e+00  -3.465627e+00
31  2.276888e+00  -2.316611e+00
32  7.414357e-01  -2.549048e+00
33  -1.832612e-01  -3.649371e+00
34  -6.931091e-01  -5.349814e+00
35  -2.135167e+00  -6.734452e+00
36  -5.533760e+00  -8.148035e+00
37  -8.173033e+00  -9.363463e+00
38  -1.135707e+01  -8.461874e+00
39  -1.314769e+01  -1.274720e+00
40  -1.158892e+01  2.281711e+00
41  -1.503435e+01  1.455972e+01
42  1.281840e+01  1.459122e+01
43  4.376288e+01  -1.104519e+01
44  4.502966e+01  -2.997643e+01
45  1.158214e+01  -5.191360e+01
46  -2.169394e+01  -5.441213e+01
47  5.835715e+01  -4.432161e+01
48  8.990353e+01  -3.757557e+01
49  1.479057e+02  1.655774e+01
50  2.565877e+02  -9.609103e+00
51  4.415811e+02  8.046373e+01
52  9.154782e+02  1.291661e+02
53  2.388663e+03  1.187805e+02
54  5.589706e+03  6.067687e+02
55  8.916779e+03  9.794137e+02
56  1.404872e+04  1.071254e+03
57  2.529522e+04  5.131980e+02
58  4.283072e+04  1.744853e+02
59  8.486921e+04  3.412355e+03
60  1.689155e+05  7.728915e+03
61  3.369053e+05  1.504827e+04
62  6.373946e+05  2.468164e+04
63  1.437543e+06  2.935840e+04
ENDPROP
STARTPROP
MASSES:  4.500000e-02   4.200000e-03
SOURCE: GAM_23
SINKS: GAM_23
0  8.842884e+05  -1.105102e+04
1  -6.584250e+05  1.190576e+04
2  -1.449186e+05  -8.592278e+02
3  -4.958323e+04  -4.716786e+03
4  -2.132096e+04  -1.686549e+03
5  -1.412698e+04  -1.979733e+03
6  -8.912941e+03  -5.133026e+02
7  -2.867754e+03  -4.834812e+02
8  -9.353182e+02  -9.163065e+02
9  2.894314e+02  -9.642626e+02
10  7.223058e+02  -1.678347e+03
11  7.950075e+02  -1.309595e+03
12  2.684662e+02  -4.688088e+02
13  2.626106e+02  -8.233495e+01
14  -9.102496e+01  6.525666e+00
15  -4.073176e+01  5.338376e+01
16  1.321734e+01  1.202085e+01
17  -2.792190e+01  -6.242399e+01
18  5.899264e+00  -6.415098e+01
19  -3.781727e+00  -2.494245e+01
20  -1.941369e+01  -4.130256e+00
21  -7.795588e+00  -4.555855e+00
22  -1.187820e+01  8.979884e+00
23  -2.330884e+00  1.280327e+01
24  8.111755e+00  5.689435e+00
25  7.392656e+00  1.256863e+00
26  5.501229e+00  3.733856e-01
27  3.074697e+00  -7.095584e-01
28  3.257329e+00  -5.438651e-01
29  2.099987e+00  1.046412e+00
30  1.575598e+00  2.071627e-01
31  1.556298e+00  4.239793e-01
32  5.630543e-01  1.603238e+00
33  3.289546e-01  2.725695e+00
34  1.549967e+00  2.719266e+00
35  1.224892e+00  2.803763e+00
36  -2.994032e-02  2.066957e+00
37  -1.014613e+00  1.910915e+00
38  3.619471e+00  6.281272e-01
39  3.995091e+00  3.088622e+00
40  7.312720e+00  7.677949e+00
41  1.337668e+01  1.549517e+01
42  2.024802e+01  1.804721e+01
43  1.642372e+01  2.035592e+01
44  -1.645599e+01  7.840667e+00
45  -7.162221e+01  -2.348470e+01
46  -1.305100e+02  -3.364492e+01
47  -1.448435e+02  -3.119620e+01
48  4.875862e-01  -3.369945e+01
49  2.118104e+02  -1.090944e+02
50  2.715464e+02  -3.843406e+01
51  2.566537e+02  -1.429109e+02
52  1.826902e+02  -2.271785e+02
53  -2.064644e+02  1.427165e+02
54  1.971226e+02  2.202795e+02
55  5.226888e+02  -5.432364e+02
56  -1.246343e+02  -1.784946e+03
57  -2.553192e+03  -2.851519e+03
58  -7.717390e+03  -5.634504e+03
59  -1.265965e+04  -7.296010e+03
60  -2.098477e+04  -1.313217e+04
61  -6.259833e+04  -1.476948e+04
62  -1.643548e+05  -2.292812e+04
63  -6.793090e+05  -3.881117e+04
ENDPROP
STARTPROP
MASSES:  4.500000e-02   4.200000e-03
SOURCE: GAM_32
SINKS: GAM_32
0  8.842884e+05  -1.105102e+04
1  -6.584250e+05  1.190576e+04
2  -1.449186e+05  -8.592278e+02
3  -4.958323e+04  -4.716786e+03
4  -2.132096e+04  -1.686549e+03
5  -1.412698e+04  -1.979733e+03
6  -8.912941e+03  -5.133026e+02
7  -2.867754e+03  -4.834812e+02
8  -9.353182e+02  -9.163065e+02
9  2.894314e+02  -9.642626e+02
10  7.223058e+02  -1.678347e+03
11  7.950075e+02  -1.309595e+03
12  2.684662e+02  -4.688088e+02
13  2.626106e+02  -8.233495e+01
14  -9.102496e+01  6.525666e+00
15  -4.073176e+01  5.338376e+01
16  1.321734e+01  1.202085e+01
17  -2.792190e+01  -6.242399e+01
18  5.899264e+00  -6.415098e+01
19  -3.781727e+00  -2.494245e+01
20  -1.941369e+01  -4.130256e+00
21  -7.795588e+00  -4.555855e+00
22  -1.187820e+01  8.979884e+00
23  -2.330884e+00  1.280327e+01
24  8.111755e+00  5.689435e+00
25  7.392656e+00  1.256863e+00
26  5.501229e+00  3.733856e-01
27  3.074697e+00  -7.095584e-01
28  3.257329e+00  -5.438651e-01
29  2.099987e+00  1.046412e+00
30  1.575598e+00  2.071627e-01
31  1.556298e+00  4.239793e-01
32  5.630543e-01  1.603238e+00
33  3.289546e-01  2.725695e+00
34  1.549967e+00  2.719266e+00
35  1.224892e+00  2.803763e+00
36  -2.994032e-02  2.066957e+00
37  -1.014613e+00  1.910915e+00
38  3.619471e+00  6.281272e-01
39  3.995091e+00  3.088622e+00
40  7.312720e+00  7.677949e+00
41  1.337668e+01  1.549517e+01
42  2.024802e+01  1.804721e+01
43  1.642372e+01  2.035592e+01
44  -1.645599e+01  7.840667e+00
45  -7.162221e+01  -2.348470e+01
46  -1.305100e+02  -3.364492e+01
47  -1.448435e+02  -3.119620e+01
48  4.875862e-01  -3.369945e+01
49  2.118104e+02  -1.090944e+02
50  2.715464e+02  -3.843406e+01
51  2.566537e+02  -1.429109e+02
52  1.826902e+02  -2.271785e+02
53  -2.064644e+02  1.427165e+02
54  1.971226e+02  2.202795e+02
55  5.226888e+02  -5.432364e+02
56  -1.246343e+02  -1.784946e+03
57  -2.553192e+03  -2.851519e+03
58  -7.717390e+03  -5.634504e+03
59  -1.265965e+04  -7.296010e+03
60  -2.098477e+04  -1.313217e+04
61  -6.259833e+04  -1.476948e+04
62  -1.643548e+05  -2.292812e+04
63  -6.793090e+05  -3.881117e+04
ENDPROP
STARTPROP
MASSES:  4.500000e-02   4.200000e-03
SOURCE: GAM_24
SINKS: GAM_24
0  1.080789e+05  1.281378e+04
1  1.395835e+06  -2.259213e+04
2  5.827128e+05  -1.390817e+04
3  2.948759e+05  -1.051293e+04
4  1.515702e+05  -5.801846e+03
5  8.178608e+04  -5.305918e+03
6  4.415326e+04  -5.908716e+03
7  2.346204e+04  -4.947933e+03
8  1.233160e+04  -3.916519e+03
9  6.531710e+03  -2.705008e+03
10  3.178983e+03  -1.464674e+03
11  1.171003e+03  -5.172934e+02
12  1.902977e+02  -3.671021e+02
13  -1.660744e+02  -3.786080e+02
14  -3.747746e+02  -9.689896e+01
15  -2.570249e+02  -8.650700e+01
16  -2.757469e+02  -1.314969e+02
17  -2.725443e+02  -1.141482e+02
18  -1.485871e+02  -5.479645e+01
19  -1.139336e+02  2.464884e+01
20  -8.626689e+01  6.599283e+01
21  -6.651331e+01  5.442063e+01
22  -6.493446e+01  2.622432e+01
23  -4.000578e+01  6.401775e+00
24  -2.309772e+01  3.707461e+00
25  -2.280043e+01  4.644914e+00
26  -1.652284e+01  2.008546e+00
27  -1.114976e+01  -1.829589e+00
28  -6.509614e+00  -5.993022e-01
29  -2.915075e+00  -6.419910e-03
30  -2.002698e+00  -4.694317e-01
31  -2.526818e+00  -1.571376e+00
32  -1.497880e+00  -1.137077e+00
33  -2.975345e-02  1.001970e-01
34  -7.785041e-01  3.607554e-01
35  6.384831e-01  -3.526051e-01
36  -1.013660e-03  -8.440051e-01
37  -1.297235e+00  -3.696455e+00
38  -1.493121e+00  -7.702475e+00
39  -1.694946e+00  -1.223996e+01
40  -1.495374e+01  -1.318179e+01
41  -2.782123e+01  -1.961978e+01
42  -5.768096e+01  -3.975638e+01
43  -8.255073e+01  -5.101371e+01
44  -1.036056e+02  -4.253004e+01
45  -1.623847e+02  -1.524614e+01
46  -2.315399e+02  8.151359e+00
47  -2.464085e+02  1.784673e+01
48  -1.866791e+02  -2.619579e+01
49  1.742946e+02  -2.663704e+02
50  5.123943e+02  -4.890097e+02
51  1.291448e+03  -6.720733e+02
52  2.065111e+03  -9.243929e+02
53  3.596505e+03  -1.333358e+03
54  4.977076e+03  -2.068453e+03
55  6.853851e+03  -2.610510e+03
56  1.176779e+04  -3.279122e+03
57  1.785890e+04  -4.531218e+03
58  3.721012e+04  -5.417197e+03
59  7.959864e+04  -2.390890e+03
60  1.550104e+05  5.773234e+02
61  3.201927e+05  2.822365e+03
62  6.221648e+05  1.501293e+04
63  1.432316e+06  3.609949e+04
ENDPROP
STARTPROP
MASSES:  4.500000e-02   4.200000e-03
SOURCE: GAM_42
SINKS: GAM_42
0  1.080789e+05  1.281378e+04
1  1.395835e+06  -2.259213e+04
2  5.827128e+05  -1.390817e+04
3  2.948759e+05  -1.051293e+04
4  1.515702e+05  -5.801846e+03
5  8.178608e+04  -5.305918e+03
6  4.415326e+04  -5.908716e+03
7  2.346204e+04  -4.947933e+03
8  1.233160e+04  -3.916519e+03
9  6.531710e+03  -2.705008e+03
10  3.178983e+03  -1.464674e+03
11  1.171003e+03  -5.172934e+02
12  1.902977e+02  -3.671021e+02
13  -1.660744e+02  -3.786080e+02
14  -3.747746e+02  -9.689896e+01
15  -2.570249e+02  -8.650700e+01
16  -2.757469e+02  -1.314969e+02
17  -2.725443e+02  -1.141482e+02
18  -1.485871e+02  -5.479645e+01
19  -1.139336e+02  2.464884e+01
20  -8.626689e+01  6.599283e+01
21  -6.651331e+01  5.442063e+01
22  -6.493446e+01  2.622432e+01
23  -4.000578e+01  6.401775e+00
24  -2.309772e+01  3.707461e+00
25  -2.280043e+01  4.644914e+00
26  -1.652284e+01  2.008546e+00
27  -1.114976e+01  -1.829589e+00
28  -6.509614e+00  -5.993022e-01
29  -2.915075e+00  -6.419910e-03
30  -2.002698e+00  -4.694317e-01
31  -2.526818e+00  -1.571376e+00
32  -1.497880e+00  -1.137077e+00
33  -2.975345e-02  1.001970e-01
34  -7.785041e-01  3.607554e-01
35  6.384831e-01  -3.526051e-01
36  -1.013660e-03  -8.440051e-01
37  -1.297235e+00  -3.696455e+00
38  -1.493121e+00  -7.702475e+00
39  -1.694946e+00  -1.223996e+01
40  -1.495374e+01  -1.318179e+01
41  -2.782123e+01  -1.961978e+01
42  -5.768096e+01  -3.975638e+01
43  -8.255073e+01  -5.101371e+01
44  -1.036056e+02  -4.253004e+01
45  -1.623847e+02  -1.524614e+01
46  -2.315399e+02  8.151359e+00
47  -2.464085e+02  1.784673e+01
48  -1.866791e+02  -2.619579e+01
49  1.742946e+02  -2.663704e+02
50  5.123943e+02  -4.890097e+02
51  1.291448e+03  -6.720733e+02
52  2.065111e+03  -9.243929e+02
53  3.596505e+03  -1.333358e+03
54  4.977076e+03  -2.068453e+03
55  6.853851e+03  -2.610510e+03
56  1.176779e+04  -3.279122e+03
57  1.785890e+04  -4.531218e+03
58  3.721012e+04  -5.417197e+03
59  7.959864e+04  -2.390890e+03
60  1.550104e+05  5.773234e+02
61  3.201927e+05  2.822365e+03
62  6.221648e+05  1.501293e+04
63  1.432316e+06  3.609949e+04
ENDPROP
STARTPROP
MASSES:  4.500000e-02   4.200000e-03
SOURCE: GAM_34
SINKS: GAM_34
0  1.210143e+05  -1.529428e+04
1  1.389576e+06  -3.236479e+04
2  5.771319e+05  -1.466501e+04
3  2.875122e+05  -9.281456e+03
4  1.452792e+05  -3.536721e+03
5  7.698073e+04  -3.506370e+03
6  4.301028e+04  -1.091663e+03
7  2.387349e+04  1.953255e+02
8  1.443652e+04  -5.554254e+02
9  9.272597e+03  -2.915897e+02
10  4.288444e+03  -1.254489e+02
11  2.685186e+03  -2.617811e+02
12  1.929499e+03  -1.783847e+02
13  1.066651e+03  -7.333745e+01
14  6.002317e+02  -1.203721e+02
15  4.893922e+02  -2.320875e+02
16  3.016363e+02  -2.076540e+02
17  1.431604e+02  -2.109920e+02
18  2.820870e+01  -1.572806e+02
19  1.166921e+00  -9.860055e+01
20  -5.184257e+01  -3.551596e+01
21  -6.105824e+01  -2.497522e+01
22  -3.980872e+01  -1.718684e+01
23  -1.831238e+01  -1.694243e+01
24  -7.128982e+00  -8.014080e+00
25  -7.928844e+00  -2.797041e+00
26  -6.947912e+00  -2.795402e-01
27  -6.310543e+00  2.140022e+00
28  -8.001708e+00  2.198287e+00
29  -6.997336e+00  1.860739e+00
30  -4.607498e+00  1.475685e+00
31  -1.556376e+00  8.292191e-01
32  -3.163505e-02  1.296161e+00
33  4.402960e-02  4.919077e-01
34  -1.157147e+00  1.463848e-01
35  -2.168927e+00  3.132726e-02
36  -3.665890e+00  1.607608e+00
37  -1.041578e+00  3.516612e+00
38  6.461179e+00  4.770079e+00
39  3.622921e+00  8.048768e+00
40  3.582223e+00  8.843541e+00
41  4.541850e+00  5.258503e+00
42  -2.267638e+01  -4.355107e-01
43  -4.436341e+01  1.222288e+00
44  -3.697054e+01  5.121178e+00
45  -4.466285e+01  1.558723e+01
46  -9.868344e+01  9.801252e+00
47  -1.125312e+02  8.103625e-01
48  1.143343e+02  5.512597e+01
49  3.340345e+02  2.219311e+02
50  4.892411e+02  5.976432e+02
51  4.167729e+02  9.051351e+02
52  3.764002e+02  1.408469e+03
53  9.050352e+02  1.574220e+03
54  1.994973e+03  1.734873e+03
55  5.177698e+03  2.396347e+03
56  1.067858e+04  1.882318e+03
57  2.347134e+04  -2.190317e+02
58  4.719748e+04  -3.077810e+03
59  9.344927e+04  -6.987920e+03
60  1.764404e+05  -1.041345e+04
61  3.338764e+05  -7.077876e+03
62  6.359408e+05  1.584348e+03
63  1.432540e+06  1.651610e+04
ENDPROP
STARTPROP
MASSES:  4.500000e-02   4.200000e-03
SOURCE: GAM_43
SINKS: GAM_43
0  1.210143e+05  -1.529428e+04
1  1.389576e+06  -3.236479e+04
2  5.771319e+05  -1.466501e+04
3  2.875122e+05  -9.281456e+03
4  1.452792e+05  -3.536721e+03
5  7.698073e+04  -3.506370e+03
6  4.301028e+04  -1.091663e+03
7  2.387349e+04  1.953255e+02
8  1.443652e+04  -5.554254e+02
9  9.272597e+03  -2.915897e+02
10  4.288444e+03  -1.254489e+02
11  2.685186e+03  -2.617811e+02
12  1.929499e+03  -1.783847e+02
13  1.066651e+03  -7.333745e+01
14  6.002317e+02  -1.203721e+02
15  4.893922e+02  -2.320875e+02
16  3.016363e+02  -2.076540e+02
17  1.431604e+02  -2.109920e+02
18  2.820870e+01  -1.572806e+02
19  1.166921e+00  -9.860055e+01
20  -5.184257e+01  -3.551596e+01
21  -6.105824e+01  -2.497522e+01
22  -3.980872e+01  -1.718684e+01
23  -1.831238e+01  -1.694243e+01
24  -7.128982e+00  -8.014080e+00
25  -7.928844e+00  -2.797041e+00
26  -6.947912e+00  -2.795402e-01
27  -6.310543e+00  2.140022e+00
28  -8.001708e+00  2.198287e+00
29  -6.997336e+00  1.860739e+00
30  -4.607498e+00  1.475685e+00
31  -1.556376e+00  8.292191e-01
32  -3.163505e-02  1.296161e+00
33  4.402960e-02  4.919077e-01
34  -1.157147e+00  1.463848e-01
35  -2.168927e+00  3.132726e-02
36  -3.665890e+00  1.607608e+00
37  -1.041578e+00  3.516612e+00
38  6.461179e+00  4.770079e+00
39  3.622921e+00  8.048768e+00
40  3.582223e+00  8.843541e+00
41  4.541850e+00  5.258503e+00
42  -2.267638e+01  -4.355107e-01
43  -4.436341e+01  1.222288e+00
44  -3.697054e+01  5.121178e+00
45  -4.466285e+01  1.558723e+01
46  -9.868344e+01  9.801252e+00
47  -1.125312e+02  8.103625e-01
48  1.143343e+02  5.512597e+01
49  3.340345e+02  2.219311e+02
50  4.892411e+02  5.976432e+02
51  4.167729e+02  9.051351e+02
52  3.764002e+02  1.408469e+03
53  9.050352e+02  1.574220e+03
54  1.994973e+03  1.734873e+03
55  5.177698e+03  2.396347e+03
56  1.067858e+04  1.882318e+03
57  2.347134e+04  -2.190317e+02
58  4.719748e+04  -3.077810e+03
59  9.344927e+04  -6.987920e+03
60  1.764404e+05  -1.041345e+04
61  3.338764e+05  -7.077876e+03
62  6.359408e+05  1.584348e+03
63  1.432540e+06  1.651610e+04
ENDPROP
STARTPROP
MASSES:  4.500000e-02   4.200000e-03
SOURCE: GAM_15
SINKS: GAM_15
0  -2.057759e+04  -4.442611e+03
1  -9.888899e+05  2.612267e+04
2  -2.839325e+05  1.580219e+04
3  -1.090319e+05  1.525504e+04
4  -4.678257e+04  8.598581e+03
5  -1.919710e+04  1.989776e+03
6  -8.314142e+03  9.219228e+01
7  -4.995672e+03  -1.082860e+02
8  -1.410351e+03  -1.671920e+03
9  -1.065898e+02  -1.769262e+03
10  4.855876e+02  -2.008990e+03
11  2.558562e+02  -1.738690e+03
12  4.064469e+01  -1.340609e+03
13  -1.622881e+02  -1.072853e+03
14  -1.240274e+02  -6.403981e+02
15  -3.052615e+01  -5.136936e+02
16  4.618829e+01  -3.480768e+02
17  2.338035e+01  -2.302875e+02
18  -3.774334e+01  -1.194656e+02
19  -5.601287e+01  -8.361315e+01
20  -5.245151e+01  -3.293081e+01
21  -3.975844e+01  -2.387287e+01
22  -1.443762e+01  -3.016550e+01
23  -7.245304e+00  -2.161262e+01
24  -1.047803e+01  -7.194146e+00
25  -5.670735e+00  5.089820e+00
26  -2.616312e+00  4.401720e+00
27  -4.556829e-02  2.361816e+00
28  1.295602e+00  -8.774219e-02
29  1.096377e+00  -8.687792e-01
30  5.207201e-02  1.818989e+00
31  -2.398602e-01  1.833410e+00
32  3.817341e-01  1.543505e+00
33  2.326648e-01  1.094643e+00
34  -5.494443e-01  1.342687e+00
35  -1.850191e+00  8.224637e-01
36  -3.312113e+00  3.580214e-01
37  -2.812558e+00  2.350323e+00
38  -3.785860e+00  6.970685e+00
39  -1.037710e+01  9.617815e+00
40  -2.947802e+01  9.913510e+00
41  -4.597605e+01  1.861093e+01
42  -4.495094e+01  2.672462e+01
43  -4.074378e+01  -6.853054e+00
44  -5.894194e+01  -7.066198e+01
45  -1.165507e+02  -9.062971e+01
46  -1.545212e+02  -3.005539e+01
47  -1.955853e+02  8.594084e+01
48  -2.693024e+02  2.516702e+02
49  -3.584018e+02  4.360159e+02
50  -3.386656e+02  5.243528e+02
51  2.041925e+02  9.191047e+02
52  5.748287e+02  1.104311e+03
53  6.208026e+02  1.678566e+03
54  1.329406e+01  2.009350e+03
55  -2.882499e+03  2.510629e+03
56  -5.212003e+03  2.640808e+03
57  -5.628530e+03  3.435646e+03
58  -8.183792e+03  3.963036e+03
59  -1.367014e+04  6.643818e+03
60  -3.836541e+04  5.549048e+03
61  -1.099750e+05  1.948123e+03
62  -2.944088e+05  -7.276667e+03
63  -1.008239e+06  -2.780825e+04
ENDPROP
STARTPROP
MASSES:  4.500000e-02   4.200000e-03
SOURCE: GAM_25
SINKS: GAM_25
0  -3.188225e+03  1.792986e+04
1  -1.005517e+06  3.607161e+04
2  -2.925685e+05  1.761156e+04
3  -1.088059e+05  1.757349e+04
4  -4.506505e+04  7.625182e+03
5  -1.836198e+04  1.331294e+03
6  -6.299337e+03  4.671410e+02
7  -1.122743e+03  1.761763e+03
8  1.032520e+03  7.047390e+02
9  2.591330e+02  1.383395e+02
10  -1.212632e+03  -4.111795e+02
11  -7.365700e+02  -5.087677e+02
12  -4.646550e+02  -5.220783e+02
13  -5.134174e+02  -2.233075e+02
14  -4.901072e+02  8.579966e+01
15  -3.567650e+02  7.721291e+01
16  -1.691975e+02  -3.868677e+01
17  -3.355475e+01  -3.367208e-01
18  5.732596e+01  -9.760996e+00
19  7.168078e+01  -4.071896e+01
20  6.323098e+01  -5.234435e+01
21  2.816657e+01  -2.364253e+01
22  4.086288e+00  -1.050550e+01
23  -9.520501e+00  -1.460684e+01
24  -1.394028e+01  -1.814572e+01
25  -6.043738e+00  -1.062574e+01
26  -1.160823e+00  -3.065268e+00
27  2.373449e+00  3.036834e+00
28  1.808216e+00  4.063724e+00
29  -8.498725e-01  2.323487e+00
30  -1.843921e+00  4.311464e-01
31  -2.159452e+00  -2.940193e-01
32  -1.512209e+00  -1.570590e+00
33  -1.382515e-01  -3.116935e+00
34  -1.410919e-01  -1.965086e+00
35  -2.458132e-01  2.351610e-01
36  -6.836371e-01  1.255406e+00
37  -4.924498e+00  3.879943e+00
38  -1.302432e+01  6.985874e+00
39  -2.695166e+01  6.674672e+00
40  -4.031979e+01  7.869500e+00
41  -5.495010e+01  1.661978e+01
42  -6.368441e+01  1.341638e+01
43  -4.059382e+01  7.219156e+00
44  -1.609984e+01  2.715656e+01
45  2.195693e+01  1.305669e+01
46  4.311064e+01  -5.837132e+01
47  -6.664580e+01  -1.463889e+02
48  -1.235924e+02  -1.990959e+02
49  -6.870057e+01  -4.135321e+02
50  1.474261e+01  -5.956340e+02
51  -2.590470e+02  -8.124474e+02
52  -5.720832e+02  -8.045468e+02
53  3.679290e+00  -5.953549e+02
54  -3.368782e+02  -1.080786e+03
55  -6.139977e+02  -9.103675e+02
56  -9.548471e+02  4.702942e+02
57  2.780746e+03  2.689830e+03
58  5.970074e+02  3.057246e+03
59  -1.173235e+04  2.223923e+03
60  -4.538761e+04  5.257973e+03
61  -1.209997e+05  8.583295e+03
62  -2.803677e+05  2.675629e+03
63  -9.736975e+05  -1.574004e+04
ENDPROP
STARTPROP
MASSES:  4.500000e-02   4.200000e-03
SOURCE: GAM_35
SINKS: GAM_35
0  9.012199e+04  -1.709870e+04
1  -9.377036e+05  2.100430e+04
2  -2.534854e+05  1.592611e+04
3  -9.016647e+04  1.667878e+04
4  -3.294660e+04  1.053159e+04
5  -1.358759e+04  2.086850e+03
6  -4.260646e+03  -1.968544e+03
7  1.215112e+03  -1.147382e+01
8  3.341257e+03  9.154844e+02
9  2.883694e+03  9.523882e+02
10  5.489738e+02  3.246293e+01
11  -9.848767e+02  -6.049869e+02
12  -8.974151e+02  -3.130361e+02
13  -7.971436e+02  -1.387615e+02
14  -4.225314e+02  -4.526750e+00
15  -2.557181e+02  3.723191e+01
16  -1.060240e+02  1.198602e+02
17  1.667346e+01  1.805218e+02
18  7.625634e+01  1.571607e+02
19  9.615288e+01  8.163676e+01
20  5.559663e+01  5.485806e+01
21  2.566826e+01  5.531793e+01
22  1.254652e+01  6.054667e+01
23  5.491273e+00  5.171006e+01
24  4.797525e+00  3.235847e+01
25  4.373205e+00  2.064393e+01
26  2.890496e+00  1.012995e+01
27  3.727827e+00  4.367453e+00
28  3.205152e+00  3.373772e+00
29  4.341643e+00  3.086315e+00
30  4.580511e+00  1.206294e+00
31  3.075027e+00  -1.015254e-01
32  1.474183e+00  2.122324e-01
33  8.593712e-01  4.747066e-01
34  2.343796e+00  9.954883e-01
35  3.863701e+00  2.543665e+00
36  3.531409e+00  2.126235e+00
37  1.096860e+00  3.521825e+00
38  -2.222113e+00  3.828081e+00
39  -2.944619e+00  3.093982e+00
40  -9.446961e+00  8.876108e+00
41  -2.605252e+01  6.928315e+00
42  -3.417763e+01  -1.275137e+01
43  -2.144656e+00  -3.436315e+01
44  1.554381e+01  -3.925662e+01
45  -4.341356e+00  -3.575377e+01
46  -3.545802e+01  -2.985993e+01
47  -8.030022e+01  -4.000435e+01
48  -1.896567e+02  2.678208e+01
49  -4.169876e+02  9.232818e+01
50  -5.115252e+02  1.107396e+02
51  -6.987609e+02  -1.839171e+01
52  -2.075816e+02  -1.268084e+02
53  8.829357e+02  -4.179759e+02
54  1.722235e+03  -2.449447e+02
55  1.690099e+03  4.709840e+01
56  8.598309e+02  1.559173e+02
57  -2.009324e+03  -9.721404e+02
58  -3.981848e+03  -3.365097e+03
59  -6.706998e+03  -5.839857e+03
60  -3.534201e+04  -8.018884e+03
61  -1.068603e+05  -7.736382e+03
62  -2.624601e+05  -1.749769e+04
63  -9.238142e+05  -4.315717e+04
ENDPROP
STARTPROP
MASSES:  4.500000e-02   4.200000e-03
SOURCE: GAM_45
SINKS: GAM_45
0  -1.228614e+06  -6.004740e+03
1  1.033711e+06  -4.991000e+04
2  5.379736e+05  -3.540473e+04
3  3.920166e+05  -2.742655e+04
4  2.726328e+05  -2.103484e+04
5  1.911580e+05  -1.883965e+04
6  1.338330e+05  -1.281937e+04
7  9.232612e+04  -8.803868e+03
8  6.435964e+04  -6.051310e+03
9  4.377255e+04  -3.612134e+03
10  3.013045e+04  -2.365342e+03
11  2.027767e+04  -1.643584e+03
12  1.405932e+04  -9.680887e+02
13  9.556534e+03  -4.397342e+02
14  6.542712e+03  -1.115210e+02
15  4.400110e+03  3.326105e+01
16  2.969924e+03  4.233171e+01
17  2.058986e+03  1.671888e+01
18  1.450795e+03  4.864968e+01
19  9.855368e+02  5.304316e+00
20  6.790804e+02  6.611923e+00
21  4.649105e+02  1.917817e+01
22  3.261666e+02  2.111497e+01
23  2.283352e+02  1.636626e+01
24  1.570617e+02  1.473102e+01
25  1.053948e+02  1.176945e+01
26  6.972565e+01  7.247850e+00
27  4.847193e+01  4.932493e+00
28  3.472811e+01  4.122258e+00
29  2.540897e+01  3.052569e+00
30  1.976414e+01  2.115865e+00
31  1.669206e+01  2.175538e+00
32  1.585012e+01  1.954077e+00
33  1.644036e+01  2.600169e+00
34  1.922697e+01  4.735989e+00
35  2.584242e+01  7.319476e+00
36  3.580337e+01  9.451629e+00
37  4.942421e+01  1.471587e+01
38  6.992767e+01  1.814425e+01
39  1.001427e+02  2.783720e+01
40  1.499453e+02  3.913406e+01
41  2.201126e+02  4.848963e+01
42  3.175308e+02  6.748283e+01
43  4.676999e+02  9.518098e+01
44  6.719593e+02  1.281735e+02
45  9.663029e+02  1.585299e+02
46  1.369118e+03  1.800228e+02
47  2.045236e+03  2.392159e+02
48  2.877739e+03  2.975436e+02
49  4.406452e+03  3.491508e+02
50  6.559964e+03  5.057143e+02
51  9.707909e+03  6.041343e+02
52  1.429888e+04  8.019539e+02
53  2.072404e+04  9.857459e+02
54  2.944377e+04  1.335537e+03
55  4.155935e+04  1.396407e+03
56  6.042262e+04  2.530167e+03
57  8.639101e+04  3.046604e+03
58  1.254543e+05  2.004959e+03
59  1.809888e+05  2.349646e+03
60  2.644958e+05  5.181176e+03
61  3.865239e+05  1.010455e+04
62  5.487786e+05  1.707843e+04
63  1.045746e+06  2.772853e+04
ENDPROP
STARTPROP
MASSES:  4.500000e-02   4.200000e-03
SOURCE: PSAX4
SINKS: GAM_4
0  -1.542757e+04  -2.424711e+04
1  1.753946e+06  -1.804468e+04
2  1.090414e+06  -1.847558e+04
3  7.623216e+05  -1.326655e+04
4  5.175898e+05  -1.199350e+04
5  3.602525e+05  -1.250710e+04
6  2.512723e+05  -8.081316e+03
7  1.720870e+05  -5.985003e+03
8  1.201486e+05  -4.397488e+03
9  8.237093e+04  -2.861512e+03
10  5.680829e+04  -1.985000e+03
11  3.852083e+04  -1.522616e+03
12  2.681638e+04  -8.786208e+02
13  1.814614e+04  -3.769158e+02
14  1.252549e+04  -5.876962e+01
15  8.527705e+03  6.783824e+01
16  5.835402e+03  6.807086e+01
17  4.067997e+03  5.722995e+00
18  2.856449e+03  6.745446e+01
19  1.936897e+03  1.976804e+01
20  1.348292e+03  2.378604e+01
21  9.395889e+02  3.933932e+01
22  6.519237e+02  3.434193e+01
23  4.513243e+02  2.403487e+01
24  3.095218e+02  1.778069e+01
25  2.100314e+02  1.302516e+01
26  1.406265e+02  8.009939e+00
27  9.470407e+01  6.506065e+00
28  6.356983e+01  4.578307e+00
29  4.132154e+01  3.357381e+00
30  2.548020e+01  1.731602e+00
31  1.220238e+01  9.424975e-01
32  -4.533527e-01  4.518947e-02
33  -1.294412e+01  -4.198693e-01
34  -2.633757e+01  -1.766032e+00
35  -4.349605e+01  -4.029799e+00
36  -6.641697e+01  -5.617883e+00
37  -9.872924e+01  -1.091523e+01
38  -1.449807e+02  -1.342453e+01
39  -2.083422e+02  -1.840907e+01
40  -3.120123e+02  -2.404866e+01
41  -4.523001e+02  -2.608591e+01
42  -6.509903e+02  -3.804252e+01
43  -9.501469e+02  -5.706139e+01
44  -1.351293e+03  -8.605870e+01
45  -1.951478e+03  -1.234768e+02
46  -2.797772e+03  -1.696412e+02
47  -4.108762e+03  -2.375861e+02
48  -5.924675e+03  -3.186112e+02
49  -8.825028e+03  -4.273972e+02
50  -1.301811e+04  -6.439836e+02
51  -1.930262e+04  -8.008950e+02
52  -2.833357e+04  -8.905305e+02
53  -4.095681e+04  -1.124429e+03
54  -5.917987e+04  -1.199295e+03
55  -8.456803e+04  -1.427699e+03
56  -1.238646e+05  -2.401322e+03
57  -1.777001e+05  -2.772851e+03
58  -2.590156e+05  -2.642581e+03
59  -3.727972e+05  -7.539946e+02
60  -5.433456e+05  -2.126337e+03
61  -7.903864e+05  -5.128989e+03
62  -1.127022e+06  -9.182822e+03
63  -1.797814e+06  -1.052901e+04
ENDPROP
STARTPROP
MASSES:  4.500000e-02   4.200000e-03
SOURCE: WWPSAX4
SINKS: GAM_4
0  2.576474e+08  -8.568521e+08
1  2.367783e+09  3.125581e+07
2  6.951291e+08  -9.960060e+07
3  3.447057e+08  5.714582e+07
4  2.382911e+08  -2.944528e+06
5  1.688901e+08  3.370212e+07
6  1.167946e+08  -1.220827e+07
7  8.849222e+07  -1.438459e+07
8  6.603300e+07  2.958732e+04
9  4.804016e+07  4.907493e+06
10  2.725193e+07  -1.644034e+06
11  1.254600e+07  3.321375e+05
12  2.031210e+07  7.573164e+05
13  7.333488e+06  -3.043687e+05
14  5.451938e+06  -1.514863e+06
15  2.068385e+06  -8.578480e+05
16  2.392351e+06  1.042852e+05
17  1.568020e+06  -1.208555e+06
18  1.074246e+06  -1.330158e+06
19  8.743526e+05  -1.980839e+05
20  6.469861e+05  -1.090624e+05
21  6.775104e+05  -9.647520e+04
22  2.619591e+05  5.990241e+04
23  4.742213e+05  4.485008e+04
24  8.268813e+04  6.453546e+03
25  1.902527e+05  -1.079060e+05
26  4.783980e+04  4.639314e+04
27  4.427423e+04  2.164398e+04
28  4.485265e+04  4.403376e+03
29  1.243707e+04  -1.324380e+04
30  1.966105e+04  5.868629e+03
31  -3.514433e+02  -2.108980e+03
32  -2.704468e+03  3.891027e+03
33  -1.589378e+04  2.289685e+02
34  -1.440534e+04  9.529109e+03
35  -8.449665e+03  -5.879140e+02
36  -3.866609e+04  -1.841039e+04
37  -4.413208e+04  -1.035928e+04
38  -3.188634e+04  -1.373867e+04
39  -5.538352e+04  3.157397e+04
40  -2.175864e+05  -1.771968e+04
41  -2.837907e+05  -9.569015e+04
42  -4.333051e+05  8.447083e+04
43  -4.540325e+05  -4.937592e+04
44  -6.854154e+05  -1.446953e+05
45  -1.803059e+06  -1.145867e+05
46  -1.786801e+06  5.531510e+04
47  -4.453371e+06  -1.161830e+06
48  -3.038745e+06  1.797799e+06
49  -5.137860e+06  -7.848505e+03
50  -1.048025e+07  -2.540015e+06
51  -1.167375e+07  1.693973e+06
52  -2.350675e+07  2.010993e+06
53  -2.501041e+07  5.514678e+05
54  -3.310138e+07  7.194871e+06
55  -5.647027e+07  -5.293939e+05
56  -6.114898e+07  -1.797815e+07
57  -5.250175e+07  1.099485e+07
58  -1.769171e+08  2.243174e+07
59  -2.993392e+08  -1.388974e+07
60  -3.380163e+08  3.530396e+07
61  -6.333320e+08  3.618567e+07
62  -4.267127e+08  1.458661e+08
63  -1.912302e+09  1.772439e+08
ENDPROP
STARTPROP
MASSES:  4.500000e-02   4.200000e-03
SOURCE: WWGAM_5
SINKS: GAM_5
0  1.926808e+10  -3.279907e+01
1  3.573339e+09  9.619488e+07
2  1.262955e+09  -9.527995e+07
3  7.907621e+08  4.759863e+07
4  6.031816e+08  -2.500849e+06
5  4.056418e+08  1.088573e+07
6  2.319295e+08  -1.177897e+07
7  1.787148e+08  -1.803675e+07
8  1.273248e+08  -4.425676e+06
9  9.725927e+07  8.003838e+06
10  6.105262e+07  3.320026e+06
11  3.081306e+07  4.684220e+06
12  3.533634e+07  -8.640419e+05
13  1.932866e+07  -2.404337e+06
14  1.280972e+07  -3.057906e+06
15  5.501285e+06  -6.494930e+04
16  5.993635e+06  -5.813440e+05
17  4.236437e+06  -4.293593e+05
18  2.704015e+06  -1.102736e+06
19  2.010644e+06  2.323249e+05
20  1.362253e+06  1.049660e+05
21  1.173304e+06  1.889148e+05
22  6.265303e+05  -1.867541e+04
23  8.187101e+05  1.365272e+05
24  3.101924e+05  3.390007e+04
25  3.100339e+05  -2.175930e+04
26  1.779180e+05  2.303056e+04
27  1.176582e+05  2.073860e+04
28  1.006518e+05  3.042577e+04
29  3.907241e+04  -1.909460e+04
30  4.844136e+04  1.068439e+04
31  2.477430e+04  -9.186901e+03
32  3.876548e+04  2.303224e+03
33  4.924359e+04  -3.577539e+03
34  3.299630e+04  -4.532274e+03
35  4.927320e+04  1.051483e+04
36  7.693027e+04  3.817534e+04
37  1.365511e+05  3.965860e+03
38  1.106934e+05  -7.746440e+03
39  2.574051e+05  -5.654978e+04
40  4.425396e+05  2.539335e+04
41  5.505137e+05  8.096729e+04
42  9.285759e+05  -1.170733e+04
43  1.584174e+06  9.381438e+04
44  1.757322e+06  3.054766e+05
45  3.006398e+06  1.618851e+05
46  3.503575e+06  -1.825591e+05
47  5.896357e+06  1.148948e+06
48  7.242792e+06  -7.393906e+05
49  1.116805e+07  5.732167e+05
50  1.518753e+07  2.027040e+06
51  2.320456e+07  -2.003922e+06
52  4.762238e+07  9.139979e+05
53  6.541568e+07  -4.386578e+06
54  7.420105e+07  -8.967762e+06
55  1.137327e+08  1.116706e+06
56  1.359750e+08  5.530816e+06
57  2.040355e+08  -2.350823e+07
58  3.500820e+08  -1.037618e+07
59  4.935502e+08  4.262151e+06
60  6.178055e+08  -2.861195e+07
61  1.052651e+09  -2.201993e+07
62  9.727869e+08  -1.271631e+08
63  2.937994e+09  -7.537191e+07
ENDPROP
