STARTPROP
MASSES:  4.200000e-03   4.500000e-02
SOURCE: GAM_1
SINKS: GAM_1
0  1.271674e+06  -6.224165e+03
1  1.984649e+06  -1.925905e+04
2  9.239295e+05  -9.037886e+03
3  4.926384e+05  -8.875684e+03
4  2.592174e+05  -2.861722e+03
5  1.384447e+05  1.619670e+03
6  7.174349e+04  2.966080e+03
7  3.315731e+04  5.931663e+02
8  1.461112e+04  9.988398e+01
9  6.173199e+03  -1.527890e+01
10  3.375455e+03  -1.614808e+02
11  2.579575e+03  -1.321262e+03
12  1.489075e+03  -1.731553e+03
13  8.959464e+02  -1.326293e+03
14  6.085789e+02  -8.225449e+02
15  3.854650e+02  -4.043176e+02
16  2.454977e+02  -2.232975e+02
17  2.007326e+02  -2.179649e+02
18  7.079708e+01  -1.744144e+02
19  -2.279260e+01  -1.281477e+02
20  -5.774103e+01  -6.341678e+01
21  -4.447043e+01  -3.491232e+01
22  -2.503175e+01  -1.577057e+01
23  -2.602555e+01  -1.462113e+01
24  -1.832238e+01  -9.678906e+00
25  -7.423955e+00  -3.757477e+00
26  -3.037633e+00  -5.278839e+00
27  -6.193389e+00  -5.689547e+00
28  -5.287054e+00  -5.837182e+00
29  -1.979943e+00  -4.897730e+00
30  -1.097529e+00  -3.515961e+00
31  -1.092667e+00  -2.412227e+00
32  -4.177946e-01  -1.942182e+00
33  -5.638690e-01  -1.311913e+00
34  -1.202486e+00  -1.999280e+00
35  6.845244e-01  -1.943846e+00
36  3.880699e+00  -4.356820e+00
37  4.491238e+00  -1.187312e+01
38  -1.664250e+00  -1.915403e+01
39  -4.929253e+00  -1.952064e+01
40  -4.910184e+00  -1.680272e+01
41  -1.224990e+01  -1.728102e+01
42  -2.468648e+00  -1.852561e+01
43  -2.704547e+00  -1.402652e+01
44  -1.937921e+00  -8.200848e+00
45  -3.521078e+01  9.907013e+00
46  -7.609973e+01  3.640861e+01
47  -1.177365e+02  9.951601e+01
48  -3.527489e+02  1.397419e+02
49  -6.765596e+02  2.549919e+02
50  -3.688987e+02  4.819601e+02
51  1.287673e+02  3.618331e+02
52  1.033647e+03  3.643296e+02
53  3.207477e+03  6.376320e+02
54  7.711846e+03  1.329205e+03
55  1.259992e+04  1.686430e+03
56  2.069585e+04  3.916220e+02
57  3.727046e+04  -4.583616e+03
58  6.905609e+04  -8.968429e+03
59  1.365830e+05  -7.573322e+03
60  2.671348e+05  -2.031056e+02
61  5.073401e+05  5.229475e+03
62  9.654914e+05  8.073198e+03
63  2.038292e+06  1.749115e+04
ENDPROP
STARTPROP
MASSES:  4.200000e-03   4.500000e-02
SOURCE: GAM_2
SINKS: GAM_2
0  1.236213e+06  3.676482e+04
1  1.972837e+06  -7.054382e+03
2  9.450908e+05  -1.564493e+04
3  5.224679e+05  -1.465152e+04
4  2.906081e+05  -4.075417e+03
5  1.608178e+05  2.306909e+03
6  8.693789e+04  5.347920e+03
7  4.304128e+04  5.279217e+03
8  1.972417e+04  3.608915e+03
9  7.659642e+03  1.775693e+03
10  3.328366e+03  3.629546e+02
11  1.690999e+03  -1.102094e+03
12  1.372352e+03  -9.811712e+02
13  8.164923e+02  -4.890275e+02
14  2.469463e+02  -2.559685e+02
15  -2.280724e+02  8.370067e+01
16  -4.048677e+02  1.064356e+02
17  -2.693390e+02  8.670874e+01
18  -1.493495e+02  -3.692449e+01
19  -5.168770e+01  -1.323535e+02
20  -6.234027e+01  -1.162092e+02
21  -5.151035e+01  -5.300356e+01
22  -5.585567e+01  -3.301776e+01
23  -4.687998e+01  -1.863382e+01
24  -2.397456e+01  -6.580478e+00
25  -1.538247e+01  1.903940e+00
26  -1.332754e+01  4.262616e+00
27  -9.723334e+00  4.522960e+00
28  -4.579348e+00  4.935974e+00
29  -1.880782e+00  4.563422e+00
30  -5.164519e-01  4.432031e+00
31  -2.532977e-01  3.331957e+00
32  8.491718e-01  1.429736e+00
33  4.877909e-01  1.663022e-01
34  6.290626e-01  -1.378516e+00
35  1.898926e-01  -2.103436e+00
36  1.364113e+00  -1.425036e+00
37  3.065144e+00  -1.834140e+00
38  4.009788e+00  -4.661837e+00
39  5.238437e+00  -5.451306e+00
40  1.828497e+00  -1.539113e+01
41  -1.466480e+01  -3.912538e+01
42  -2.503474e+01  -3.680621e+01
43  -2.295212e+01  -2.679832e+01
44  -4.090025e+01  -7.095751e+01
45  -8.985634e+01  -1.094541e+02
46  -1.612302e+02  -8.774886e+01
47  -1.787499e+02  -1.573261e+01
48  -9.243319e+00  6.753970e+01
49  3.552054e+01  7.043492e+01
50  2.049639e+01  2.758518e+02
51  4.141282e+02  5.565501e+02
52  4.791418e+02  9.925070e+02
53  1.075940e+03  1.192830e+03
54  4.489678e+03  2.212122e+03
55  1.043684e+04  3.583591e+03
56  2.274070e+04  2.712831e+03
57  4.293222e+04  8.505735e+02
58  7.724423e+04  2.471926e+03
59  1.392316e+05  6.694551e+03
60  2.600570e+05  9.516182e+03
61  4.985750e+05  2.017517e+04
62  9.411269e+05  3.395119e+04
63  1.993149e+06  5.701012e+04
ENDPROP
STARTPROP
MASSES:  4.200000e-03   4.500000e-02
SOURCE: GAM_3
SINKS: GAM_3
0  1.271668e+06  -1.839874e+04
1  1.974528e+06  -4.488252e+04
2  9.138506e+05  -2.740802e+04
3  4.798649e+05  -1.557161e+04
4  2.545172e+05  -6.049381e+03
5  1.330567e+05  -3.827894e+03
6  7.265797e+04  -2.522892e+03
7  3.924185e+04  -1.846721e+03
8  2.083275e+04  -1.805334e+03
9  1.003230e+04  -1.469624e+03
10  2.055607e+03  -4.750433e+02
11  9.368529e+01  -2.277881e+02
12  5.699282e+02  -2.822144e+01
13  1.984131e+02  -2.598395e+01
14  4.570802e+02  -1.913878e+02
15  1.907917e+02  -2.474282e+02
16  -2.365563e+02  -2.710412e+02
17  -3.277679e+02  -1.945162e+02
18  -3.112635e+02  -9.936244e+01
19  -2.726219e+02  -2.092062e+01
20  -1.561455e+02  -1.231380e+00
21  -8.195746e+01  1.523740e+00
22  -5.513870e+01  2.802637e+01
23  -2.802244e+01  2.278140e+01
24  -1.884333e+01  1.474776e+01
25  -1.557030e+01  8.943001e+00
26  -9.501922e+00  1.063993e+01
27  -9.792335e+00  8.826530e+00
28  -5.949602e+00  2.496515e+00
29  -2.980211e+00  4.719480e-01
30  -1.097224e+00  -5.529024e-01
31  -8.156123e-01  6.455600e-01
32  -1.916423e+00  6.458035e-01
33  -2.360234e+00  2.636514e-01
34  -1.962834e+00  7.625633e-01
35  -3.851015e+00  1.470493e+00
36  -8.162458e+00  2.164907e+00
37  -1.391294e+01  3.421616e+00
38  -1.475446e+01  4.817651e+00
39  -1.210259e+01  1.037194e+01
40  -1.443550e+01  7.281379e+00
41  -3.009652e+01  3.777196e-01
42  -4.420995e+01  -2.182756e+01
43  -2.929728e+01  -4.078886e+01
44  -5.135253e+01  -2.320389e+01
45  -6.233008e+01  2.785526e+01
46  -7.215549e+01  1.129292e+01
47  -2.199273e+01  7.352529e-01
48  6.007248e+01  -1.438292e+01
49  1.959393e+02  1.339525e+02
50  3.257647e+02  1.400382e+02
51  1.252928e+03  2.726150e+02
52  2.648774e+03  4.643195e+02
53  4.728088e+03  5.005505e+02
54  7.714330e+03  2.020132e+03
55  1.335735e+04  4.007169e+03
56  2.190812e+04  6.195686e+03
57  3.676372e+04  6.729598e+03
58  6.865212e+04  5.338128e+03
59  1.295313e+05  2.175688e+03
60  2.515545e+05  1.646944e+03
61  4.955670e+05  -4.805416e+03
62  9.445302e+05  -1.088211e+04
63  2.042658e+06  2.367191e+03
ENDPROP
STARTPROP
MASSES:  4.200000e-03   4.500000e-02
SOURCE: GAM_4
SINKS: GAM_4
0  2.110002e+06  5.126974e+03
1  -3.079348e+05  2.897047e+04
2  -2.231593e+04  2.025104e+04
3  -1.083967e+04  1.495164e+04
4  -4.644385e+03  8.584948e+03
5  -3.688549e+03  5.434180e+03
6  -4.159629e+02  2.462031e+03
7  2.974085e+01  3.799914e+02
8  2.717382e+02  3.196014e+02
9  -1.078195e+02  -3.122383e+02
10  6.286805e+02  -6.030059e+02
11  3.394268e+02  -2.682139e+02
12  2.663149e+02  -1.150597e+02
13  2.492383e+02  7.820391e+01
14  1.568286e+02  4.481694e+01
15  1.908767e+02  -1.033132e+01
16  1.735601e+02  2.279456e+01
17  9.817921e+01  -1.336825e+01
18  1.014186e+02  -3.072321e+01
19  8.070503e+01  -1.212162e+01
20  6.486881e+01  -8.902345e+00
21  4.253604e+01  -1.371930e+01
22  3.318402e+01  -1.189332e+01
23  1.784352e+01  -7.361476e+00
24  9.091493e+00  -6.634891e+00
25  2.441125e+00  -2.428450e+00
26  1.072842e+00  -5.228500e-01
27  -1.283571e-01  -6.725927e-01
28  -1.637163e+00  -4.679643e-02
29  -1.557339e+00  3.800474e-01
30  -1.357479e+00  5.612642e-01
31  -1.575206e+00  2.093286e-01
32  -1.534399e+00  -4.089287e-02
33  -2.063363e+00  -5.403253e-01
34  -1.912429e+00  -8.235844e-01
35  -1.929964e+00  -5.742378e-01
36  -9.220344e-01  -1.576664e+00
37  -7.367217e-01  -3.107465e+00
38  -4.293924e-01  -5.542214e+00
39  3.450195e+00  -8.824993e+00
40  6.238843e+00  -1.514408e+01
41  1.275737e+01  -2.742220e+01
42  2.857074e+01  -3.127063e+01
43  4.475398e+01  -5.118948e+01
44  6.861716e+01  -8.124386e+01
45  9.165683e+01  -1.072728e+02
46  1.352237e+02  -1.238985e+02
47  1.601776e+02  -1.617725e+02
48  1.841245e+02  -2.045168e+02
49  2.031436e+02  -2.400562e+02
50  3.623969e+02  -3.277222e+02
51  2.260577e+02  -4.182160e+02
52  9.396015e+00  -4.092325e+02
53  -2.629776e+01  -6.299401e+02
54  -7.337382e+01  -3.257078e+02
55  6.657927e+02  -3.539889e+02
56  2.270896e+02  1.356357e+02
57  1.402064e+03  -4.624193e+01
58  -4.270721e+02  -1.290711e+03
59  3.426106e+01  -2.944394e+03
60  -1.140708e+03  -5.178518e+03
61  -8.409476e+03  -8.367289e+03
62  -1.520385e+04  -1.543839e+04
63  -3.141065e+05  -2.178130e+04
ENDPROP
STARTPROP
MASSES:  4.200000e-03   4.500000e-02
SOURCE: GAM_5
SINKS: GAM_5
0  7.071040e+06  -4.699500e+04
1  7.038563e+06  -6.435023e+04
2  4.936713e+06  -3.994136e+04
3  3.514161e+06  -1.914733e+04
4  2.486467e+06  -3.028380e+03
5  1.736190e+06  6.877615e+03
6  1.203311e+06  1.707208e+04
7  8.367807e+05  2.284564e+04
8  5.866684e+05  2.019956e+04
9  4.051347e+05  1.439804e+04
10  2.794548e+05  8.732414e+03
11  1.945355e+05  3.747804e+03
12  1.374155e+05  5.400250e+02
13  9.751530e+04  -8.025118e+02
14  6.907491e+04  -9.826513e+02
15  4.848219e+04  -1.148916e+03
16  3.291315e+04  -9.682144e+02
17  2.180886e+04  -6.250613e+02
18  1.476195e+04  -4.068172e+02
19  1.032406e+04  -2.344265e+02
20  7.427257e+03  -1.861909e+02
21  5.351355e+03  -1.756267e+02
22  3.747876e+03  -1.545238e+02
23  2.543850e+03  -7.881823e+01
24  1.788689e+03  -2.476196e+01
25  1.222864e+03  -3.649733e+01
26  8.520340e+02  -4.168652e+01
27  6.139320e+02  -3.660373e+01
28  4.408117e+02  -2.859254e+01
29  3.145835e+02  -1.608522e+01
30  2.284305e+02  -7.058058e+00
31  1.788598e+02  -6.817359e+00
32  1.622634e+02  -8.964377e+00
33  1.712901e+02  -1.238294e+01
34  2.049303e+02  -1.669713e+01
35  2.688120e+02  -2.060965e+01
36  3.665129e+02  -2.297727e+01
37  4.943326e+02  -2.659800e+01
38  6.986209e+02  -2.121527e+01
39  1.036061e+03  -1.489949e+01
40  1.536878e+03  1.203934e+01
41  2.280264e+03  7.966770e+01
42  3.332461e+03  1.603853e+02
43  4.840777e+03  2.725761e+02
44  6.955912e+03  4.207637e+02
45  9.855442e+03  5.183218e+02
46  1.407335e+04  7.105929e+02
47  2.072375e+04  8.867592e+02
48  3.061537e+04  1.007644e+03
49  4.493868e+04  9.964188e+02
50  6.462814e+04  1.154612e+03
51  9.497442e+04  1.623684e+03
52  1.395550e+05  2.893962e+03
53  2.040089e+05  2.792718e+03
54  2.923105e+05  1.123398e+03
55  4.168835e+05  -1.071480e+03
56  5.902648e+05  2.080734e+01
57  8.516468e+05  7.540734e+02
58  1.211527e+06  1.998179e+03
59  1.736774e+06  2.734048e+03
60  2.456004e+06  1.217948e+04
61  3.457091e+06  2.150114e+04
62  4.898986e+06  1.108318e+04
63  7.052199e+06  -2.466709e+03
ENDPROP
STARTPROP
MASSES:  4.200000e-03   4.500000e-02
SOURCE: GAM_12
SINKS: GAM_12
0  8.122120e+05  -1.195265e+04
1  -7.072518e+05  1.166599e+04
2  -1.710925e+05  5.176669e+03
3  -6.531322e+04  4.213715e+03
4  -3.076800e+04  -1.386180e+03
5  -1.160671e+04  -2.629089e+03
6  -6.245785e+03  -1.722145e+03
7  -9.861521e+02  -2.647248e+03
8  1.054281e+03  -2.312210e+03
9  1.535841e+03  -1.892458e+03
10  1.919104e+03  -9.874482e+02
11  1.533765e+03  -8.615995e+02
12  1.184203e+03  -5.781182e+02
13  1.966436e+02  -4.138357e+02
14  -2.155200e+02  -2.781643e+02
15  -1.745735e+02  -1.864624e+02
16  -1.792563e+02  -1.046005e+02
17  -9.870492e+01  5.055994e+01
18  -7.621892e+01  8.528427e+01
19  -7.079091e+01  4.925164e+01
20  -2.881315e+01  3.569766e+01
21  -1.057095e+01  1.340148e+01
22  5.335199e+00  1.145468e+01
23  9.029494e+00  -3.478077e-01
24  7.938630e-02  1.278400e+00
25  -4.068577e+00  4.748998e+00
26  -7.484511e+00  1.206157e+00
27  -2.393388e+00  6.608739e-02
28  -1.166263e+00  -1.052978e+00
29  -2.185854e+00  -4.783963e-01
30  3.136221e-02  5.051413e-01
31  -1.592016e-01  -8.456158e-01
32  2.493620e-01  -1.366991e+00
33  -2.674660e-01  -1.481119e+00
34  -5.654785e-03  -2.578978e+00
35  1.201451e-01  -1.983813e+00
36  -2.718965e-01  -1.153096e+00
37  -4.541230e-01  -1.813878e+00
38  -9.072350e-01  -7.389187e+00
39  -1.037821e+00  -1.136867e+01
40  9.445969e-01  -4.819941e+00
41  4.122339e+00  5.053890e+00
42  2.390669e+00  8.355952e+00
43  5.455784e+00  1.375683e+01
44  4.695294e+01  4.632383e+01
45  1.398427e+02  3.739959e+01
46  1.852363e+02  5.593990e+01
47  1.543767e+02  4.448955e+01
48  7.718882e+01  4.019098e+01
49  6.163059e+01  3.242280e+01
50  6.765501e+01  -1.581341e+02
51  2.139634e+02  -4.542818e+02
52  3.094920e+02  -6.719275e+02
53  2.936715e+02  -1.067190e+03
54  1.086442e+03  -1.753994e+03
55  7.152430e+02  -1.958471e+03
56  -8.919448e+02  -3.256139e+03
57  -1.847091e+02  -3.597070e+03
58  -3.129804e+02  -2.539219e+03
59  -5.250731e+03  -2.991391e+03
60  -2.835390e+04  -4.790126e+03
61  -7.898826e+04  -1.076284e+04
62  -1.904676e+05  -2.159695e+04
63  -7.253237e+05  -3.535738e+04
ENDPROP
STARTPROP
MASSES:  4.200000e-03   4.500000e-02
SOURCE: GAM_21
SINKS: GAM_21
0  8.122120e+05  -1.195265e+04
1  -7.072518e+05  1.166599e+04
2  -1.710925e+05  5.176669e+03
3  -6.531322e+04  4.213715e+03
4  -3.076800e+04  -1.386180e+03
5  -1.160671e+04  -2.629089e+03
6  -6.245785e+03  -1.722145e+03
7  -9.861521e+02  -2.647248e+03
8  1.054281e+03  -2.312210e+03
9  1.535841e+03  -1.892458e+03
10  1.919104e+03  -9.874482e+02
11  1.533765e+03  -8.615995e+02
12  1.184203e+03  -5.781182e+02
13  1.966436e+02  -4.138357e+02
14  -2.155200e+02  -2.781643e+02
15  -1.745735e+02  -1.864624e+02
16  -1.792563e+02  -1.046005e+02
17  -9.870492e+01  5.055994e+01
18  -7.621892e+01  8.528427e+01
19  -7.079091e+01  4.925164e+01
20  -2.881315e+01  3.569766e+01
21  -1.057095e+01  1.340148e+01
22  5.335199e+00  1.145468e+01
23  9.029494e+00  -3.478077e-01
24  7.938630e-02  1.278400e+00
25  -4.068577e+00  4.748998e+00
26  -7.484511e+00  1.206157e+00
27  -2.393388e+00  6.608739e-02
28  -1.166263e+00  -1.052978e+00
29  -2.185854e+00  -4.783963e-01
30  3.136221e-02  5.051413e-01
31  -1.592016e-01  -8.456158e-01
32  2.493620e-01  -1.366991e+00
33  -2.674660e-01  -1.481119e+00
34  -5.654785e-03  -2.578978e+00
35  1.201451e-01  -1.983813e+00
36  -2.718965e-01  -1.153096e+00
37  -4.541230e-01  -1.813878e+00
38  -9.072350e-01  -7.389187e+00
39  -1.037821e+00  -1.136867e+01
40  9.445969e-01  -4.819941e+00
41  4.122339e+00  5.053890e+00
42  2.390669e+00  8.355952e+00
43  5.455784e+00  1.375683e+01
44  4.695294e+01  4.632383e+01
45  1.398427e+02  3.739959e+01
46  1.852363e+02  5.593990e+01
47  1.543767e+02  4.448955e+01
48  7.718882e+01  4.019098e+01
49  6.163059e+01  3.242280e+01
50  6.765501e+01  -1.581341e+02
51  2.139634e+02  -4.542818e+02
52  3.094920e+02  -6.719275e+02
53  2.936715e+02  -1.067190e+03
54  1.086442e+03  -1.753994e+03
55  7.152430e+02  -1.958471e+03
56  -8.919448e+02  -3.256139e+03
57  -1.847091e+02  -3.597070e+03
58  -3.129804e+02  -2.539219e+03
59  -5.250731e+03  -2.991391e+03
60  -2.835390e+04  -4.790126e+03
61  -7.898826e+04  -1.076284e+04
62  -1.904676e+05  -2.159695e+04
63  -7.253237e+05  -3.535738e+04
ENDPROP
STARTPROP
MASSES:  4.200000e-03   4.500000e-02
SOURCE: GAM_13
SINKS: GAM_13
0  8.120848e+05  2.990893e+04
1  -7.205496e+05  4.365592e+04
2  -1.787525e+05  2.397123e+04
3  -7.971948e+04  1.166790e+04
4  -3.345314e+04  3.678742e+03
5  -1.478373e+04  3.000399e+03
6  -8.128933e+03  7.917962e+02
7  -4.667063e+03  6.102783e+02
8  -2.435331e+03  5.044838e+02
9  -2.497788e+03  1.995325e+02
10  -1.149422e+03  6.156799e+01
11  -1.928566e+02  1.603748e+02
12  2.034922e+02  -7.271338e+01
13  1.580353e+02  -2.484422e+02
14  -2.654853e+01  -2.938862e+02
15  -5.213954e+01  -2.269834e+02
16  -1.436413e+01  -1.143337e+02
17  -5.974140e+01  -6.401710e+01
18  -4.605155e+01  -4.843635e+01
19  -2.466065e+01  -3.437278e+01
20  -7.942912e+00  -2.184940e+01
21  -2.961636e+01  -1.284900e+01
22  -3.172780e+01  -8.617016e+00
23  -2.842048e+01  -1.162246e+01
24  -1.494022e+01  -1.853565e-02
25  -6.133213e+00  8.075632e+00
26  -4.267589e+00  9.133318e+00
27  -1.850043e+00  6.046107e+00
28  2.500703e-01  4.429158e+00
29  2.939535e+00  1.836421e+00
30  2.830132e+00  8.959672e-01
31  2.102321e+00  1.161544e+00
32  1.766148e+00  9.015038e-01
33  2.035741e+00  6.064954e-01
34  3.047343e+00  -1.184000e-01
35  1.525587e+00  -1.346829e+00
36  -3.990964e-01  -2.772515e+00
37  -3.076487e+00  -4.937241e+00
38  -3.360853e+00  -7.842237e+00
39  -5.806308e+00  -6.143620e+00
40  -5.283691e+00  -7.548102e+00
41  -5.384875e+00  -5.916689e+00
42  -5.414601e+00  -9.836359e+00
43  -2.392293e+01  -1.930694e+01
44  -4.226382e+01  -2.360552e+01
45  -2.991970e+01  -1.744413e+01
46  1.029742e+01  3.219848e+01
47  2.848207e+01  6.058477e+01
48  1.400801e+02  2.400483e+01
49  2.314355e+02  6.361687e+00
50  1.015661e+02  8.632940e+01
51  -4.128711e+01  -3.504758e+01
52  1.144797e+02  -2.344427e+02
53  2.384208e+02  -2.944652e+02
54  3.480376e+02  4.944639e+02
55  1.475282e+03  1.878110e+03
56  3.404508e+03  2.892944e+03
57  3.703587e+03  3.434125e+03
58  1.634618e+03  3.720982e+03
59  -4.588843e+02  5.954666e+03
60  -1.366673e+04  2.486941e+03
61  -5.530663e+04  -1.069425e+04
62  -1.655641e+05  -1.113450e+04
63  -7.198798e+05  -4.870983e+03
ENDPROP
STARTPROP
MASSES:  4.200000e-03   4.500000e-02
SOURCE: GAM_31
SINKS: GAM_31
0  8.120848e+05  2.990893e+04
1  -7.205496e+05  4.365592e+04
2  -1.787525e+05  2.397123e+04
3  -7.971948e+04  1.166790e+04
4  -3.345314e+04  3.678742e+03
5  -1.478373e+04  3.000399e+03
6  -8.128933e+03  7.917962e+02
7  -4.667063e+03  6.102783e+02
8  -2.435331e+03  5.044838e+02
9  -2.497788e+03  1.995325e+02
10  -1.149422e+03  6.156799e+01
11  -1.928566e+02  1.603748e+02
12  2.034922e+02  -7.271338e+01
13  1.580353e+02  -2.484422e+02
14  -2.654853e+01  -2.938862e+02
15  -5.213954e+01  -2.269834e+02
16  -1.436413e+01  -1.143337e+02
17  -5.974140e+01  -6.401710e+01
18  -4.605155e+01  -4.843635e+01
19  -2.466065e+01  -3.437278e+01
20  -7.942912e+00  -2.184940e+01
21  -2.961636e+01  -1.284900e+01
22  -3.172780e+01  -8.617016e+00
23  -2.842048e+01  -1.162246e+01
24  -1.494022e+01  -1.853565e-02
25  -6.133213e+00  8.075632e+00
26  -4.267589e+00  9.133318e+00
27  -1.850043e+00  6.046107e+00
28  2.500703e-01  4.429158e+00
29  2.939535e+00  1.836421e+00
30  2.830132e+00  8.959672e-01
31  2.102321e+00  1.161544e+00
32  1.766148e+00  9.015038e-01
33  2.035741e+00  6.064954e-01
34  3.047343e+00  -1.184000e-01
35  1.525587e+00  -1.346829e+00
36  -3.990964e-01  -2.772515e+00
37  -3.076487e+00  -4.937241e+00
38  -3.360853e+00  -7.842237e+00
39  -5.806308e+00  -6.143620e+00
40  -5.283691e+00  -7.548102e+00
41  -5.384875e+00  -5.916689e+00
42  -5.414601e+00  -9.836359e+00
43  -2.392293e+01  -1.930694e+01
44  -4.226382e+01  -2.360552e+01
45  -2.991970e+01  -1.744413e+01
46  1.029742e+01  3.219848e+01
47  2.848207e+01  6.058477e+01
48  1.400801e+02  2.400483e+01
49  2.314355e+02  6.361687e+00
50  1.015661e+02  8.632940e+01
51  -4.128711e+01  -3.504758e+01
52  1.144797e+02  -2.344427e+02
53  2.384208e+02  -2.944652e+02
54  3.480376e+02  4.944639e+02
55  1.475282e+03  1.878110e+03
56  3.404508e+03  2.892944e+03
57  3.703587e+03  3.434125e+03
58  1.634618e+03  3.720982e+03
59  -4.588843e+02  5.954666e+03
60  -1.366673e+04  2.486941e+03
61  -5.530663e+04  -1.069425e+04
62  -1.655641e+05  -1.113450e+04
63  -7.198798e+05  -4.870983e+03
ENDPROP
STARTPROP
MASSES:  4.200000e-03   4.500000e-02
SOURCE: GAM_14
SINKS: GAM_14
0  2.757077e+04  2.615965e+04
1  1.345622e+06  -1.113837e+03
2  5.771278e+05  -6.437184e+03
3  3.041580e+05  -6.461122e+03
4  1.622527e+05  -4.129097e+03
5  8.559098e+04  -1.556729e+03
6  4.518336e+04  1.118793e+03
7  2.335908e+04  3.100078e+03
8  1.201982e+04  1.762954e+03
9  4.698513e+03  1.098064e+03
10  1.938418e+03  -1.428745e+02
11  4.517673e+02  -8.355332e+02
12  7.845136e+01  -1.226218e+03
13  -1.796635e+02  -7.904795e+02
14  -1.278504e+02  -5.178237e+02
15  8.599712e+01  -2.302857e+02
16  -1.300449e+02  -1.877202e+02
17  -1.200278e+01  -1.934037e+02
18  5.803540e+01  -1.398234e+02
19  2.379385e+01  -1.137750e+02
20  1.819265e+01  -8.567689e+01
21  3.659409e+01  -5.349991e+01
22  1.997690e+01  -4.203017e+01
23  5.255429e+00  -3.416696e+01
24  6.421000e+00  -1.742781e+01
25  5.209665e+00  -4.939643e+00
26  -1.298547e+00  1.748153e+00
27  -3.958324e-01  3.803268e+00
28  -8.436088e-01  3.081559e+00
29  -2.671149e-01  1.880166e+00
30  1.157626e-02  1.391957e+00
31  8.079024e-01  1.570479e+00
32  1.288026e+00  4.694002e-01
33  1.494976e+00  -8.576695e-01
34  1.831399e+00  -2.044689e+00
35  -2.830305e-01  -2.760669e+00
36  8.988093e-03  -3.474917e+00
37  -5.929760e-01  -3.071053e+00
38  1.150053e+00  -7.026226e+00
39  4.697437e+00  -6.229865e+00
40  2.376303e+00  -9.700838e+00
41  -1.018462e+00  -1.538884e+01
42  -1.471182e+01  -4.535341e+00
43  -3.404756e+01  5.676952e+00
44  -4.230244e+01  1.971176e+01
45  -2.426138e+01  3.904992e+01
46  2.144386e+01  9.990626e+01
47  6.582361e+01  3.240957e+01
48  1.867444e+02  2.611656e+01
49  6.067798e+01  3.080654e+01
50  -1.178316e+02  -2.226503e+00
51  1.409087e+02  -2.547082e+02
52  7.745071e+02  -7.402308e+02
53  2.216530e+03  -1.304249e+03
54  3.280673e+03  -1.279030e+03
55  4.830952e+03  -2.150033e+03
56  1.040993e+04  -1.718249e+03
57  2.173191e+04  -2.595909e+03
58  4.095906e+04  -1.763986e+03
59  7.758928e+04  9.309482e+02
60  1.476273e+05  4.336103e+03
61  2.890890e+05  7.818550e+03
62  5.628087e+05  1.656650e+04
63  1.363857e+06  2.924329e+04
ENDPROP
STARTPROP
MASSES:  4.200000e-03   4.500000e-02
SOURCE: GAM_41
SINKS: GAM_41
0  2.757077e+04  2.615965e+04
1  1.345622e+06  -1.113837e+03
2  5.771278e+05  -6.437184e+03
3  3.041580e+05  -6.461122e+03
4  1.622527e+05  -4.129097e+03
5  8.559098e+04  -1.556729e+03
6  4.518336e+04  1.118793e+03
7  2.335908e+04  3.100078e+03
8  1.201982e+04  1.762954e+03
9  4.698513e+03  1.098064e+03
10  1.938418e+03  -1.428745e+02
11  4.517673e+02  -8.355332e+02
12  7.845136e+01  -1.226218e+03
13  -1.796635e+02  -7.904795e+02
14  -1.278504e+02  -5.178237e+02
15  8.599712e+01  -2.302857e+02
16  -1.300449e+02  -1.877202e+02
17  -1.200278e+01  -1.934037e+02
18  5.803540e+01  -1.398234e+02
19  2.379385e+01  -1.137750e+02
20  1.819265e+01  -8.567689e+01
21  3.659409e+01  -5.349991e+01
22  1.997690e+01  -4.203017e+01
23  5.255429e+00  -3.416696e+01
24  6.421000e+00  -1.742781e+01
25  5.209665e+00  -4.939643e+00
26  -1.298547e+00  1.748153e+00
27  -3.958324e-01  3.803268e+00
28  -8.436088e-01  3.081559e+00
29  -2.671149e-01  1.880166e+00
30  1.157626e-02  1.391957e+00
31  8.079024e-01  1.570479e+00
32  1.288026e+00  4.694002e-01
33  1.494976e+00  -8.576695e-01
34  1.831399e+00  -2.044689e+00
35  -2.830305e-01  -2.760669e+00
36  8.988093e-03  -3.474917e+00
37  -5.929760e-01  -3.071053e+00
38  1.150053e+00  -7.026226e+00
39  4.697437e+00  -6.229865e+00
40  2.376303e+00  -9.700838e+00
41  -1.018462e+00  -1.538884e+01
42  -1.471182e+01  -4.535341e+00
43  -3.404756e+01  5.676952e+00
44  -4.230244e+01  1.971176e+01
45  -2.426138e+01  3.904992e+01
46  2.144386e+01  9.990626e+01
47  6.582361e+01  3.240957e+01
48  1.867444e+02  2.611656e+01
49  6.067798e+01  3.080654e+01
50  -1.178316e+02  -2.226503e+00
51  1.409087e+02  -2.547082e+02
52  7.745071e+02  -7.402308e+02
53  2.216530e+03  -1.304249e+03
54  3.280673e+03  -1.279030e+03
55  4.830952e+03  -2.150033e+03
56  1.040993e+04  -1.718249e+03
57  2.173191e+04  -2.595909e+03
58  4.095906e+04  -1.763986e+03
59  7.758928e+04  9.309482e+02
60  1.476273e+05  4.336103e+03
61  2.890890e+05  7.818550e+03
62  5.628087e+05  1.656650e+04
63  1.363857e+06  2.924329e+04
ENDPROP
STARTPROP
MASSES:  4.200000e-03   4.500000e-02
SOURCE: GAM_23
SINKS: GAM_23
0  8.271401e+05  -2.132172e+04
1  -6.921324e+05  -5.190254e+01
2  -1.660163e+05  -4.284282e+03
3  -6.789351e+04  -1.751975e+03
4  -2.277281e+04  6.333627e+02
5  -1.293053e+04  3.553930e+03
6  -5.038061e+03  4.000747e+03
7  -3.189279e+03  2.308108e+03
8  -2.320442e+03  4.278619e+02
9  5.183330e+01  5.011360e+02
10  1.720376e+02  1.544763e+02
11  -2.134729e+02  4.938550e+02
12  -1.777337e+02  5.414394e+02
13  -5.422091e+02  1.380811e+02
14  -5.071693e+02  1.219125e+02
15  -3.482654e+02  1.627158e+02
16  -1.327651e+02  1.322755e+02
17  -6.035792e+01  4.721224e+01
18  -2.491764e+01  4.239773e+01
19  -9.068182e+00  4.815174e+00
20  -4.790964e+00  2.238200e+01
21  -1.734080e+01  1.857746e+01
22  -2.326517e+01  6.860125e+00
23  -1.478006e+01  6.718661e+00
24  -6.446563e+00  2.783194e+00
25  -3.735796e+00  9.588370e-02
26  -1.104936e+00  -4.253019e+00
27  -9.534450e-01  -3.206905e+00
28  -3.864896e-01  -4.088355e+00
29  -2.788323e-01  -1.661690e+00
30  -1.856656e+00  -1.529035e-01
31  -2.472939e+00  6.791435e-01
32  -1.860280e+00  2.425417e+00
33  -4.263809e-01  3.639350e+00
34  -1.293199e+00  2.713422e+00
35  -3.067597e+00  1.072897e+00
36  -3.924031e+00  1.588740e+00
37  -2.148378e+00  2.965139e+00
38  -9.230951e-01  1.011392e+00
39  2.524325e+00  6.984233e-01
40  5.478263e+00  2.483865e+00
41  1.186837e+01  1.644784e+00
42  2.696200e+01  4.027046e+00
43  2.366109e+01  7.555614e+00
44  8.136762e+00  -1.542697e+01
45  -2.933640e+00  -1.928097e+01
46  -3.679923e+01  1.970241e+01
47  2.384381e+01  1.134703e+02
48  1.972657e+02  2.163623e+02
49  3.142260e+02  3.179264e+02
50  4.219430e+02  3.765033e+02
51  5.841180e+02  3.982406e+02
52  5.362602e+02  5.008595e+02
53  3.611268e+02  5.898393e+02
54  1.132399e+02  3.693105e+02
55  -1.115517e+03  2.749153e+02
56  8.519659e+01  5.766977e+02
57  1.622233e+03  1.681266e+03
58  4.026107e+03  -6.006654e+02
59  2.700208e+03  -3.088124e+03
60  -4.701591e+03  -7.133969e+03
61  -4.020289e+04  -1.469200e+04
62  -1.565769e+05  -2.258582e+04
63  -7.042933e+05  -3.393406e+04
ENDPROP
STARTPROP
MASSES:  4.200000e-03   4.500000e-02
SOURCE: GAM_32
SINKS: GAM_32
0  8.271401e+05  -2.132172e+04
1  -6.921324e+05  -5.190254e+01
2  -1.660163e+05  -4.284282e+03
3  -6.789351e+04  -1.751975e+03
4  -2.277281e+04  6.333627e+02
5  -1.293053e+04  3.553930e+03
6  -5.038061e+03  4.000747e+03
7  -3.189279e+03  2.308108e+03
8  -2.320442e+03  4.278619e+02
9  5.183330e+01  5.011360e+02
10  1.720376e+02  1.544763e+02
11  -2.134729e+02  4.938550e+02
12  -1.777337e+02  5.414394e+02
13  -5.422091e+02  1.380811e+02
14  -5.071693e+02  1.219125e+02
15  -3.482654e+02  1.627158e+02
16  -1.327651e+02  1.322755e+02
17  -6.035792e+01  4.721224e+01
18  -2.491764e+01  4.239773e+01
19  -9.068182e+00  4.815174e+00
20  -4.790964e+00  2.238200e+01
21  -1.734080e+01  1.857746e+01
22  -2.326517e+01  6.860125e+00
23  -1.478006e+01  6.718661e+00
24  -6.446563e+00  2.783194e+00
25  -3.735796e+00  9.588370e-02
26  -1.104936e+00  -4.253019e+00
27  -9.534450e-01  -3.206905e+00
28  -3.864896e-01  -4.088355e+00
29  -2.788323e-01  -1.661690e+00
30  -1.856656e+00  -1.529035e-01
31  -2.472939e+00  6.791435e-01
32  -1.860280e+00  2.425417e+00
33  -4.263809e-01  3.639350e+00
34  -1.293199e+00  2.713422e+00
35  -3.067597e+00  1.072897e+00
36  -3.924031e+00  1.588740e+00
37  -2.148378e+00  2.965139e+00
38  -9.230951e-01  1.011392e+00
39  2.524325e+00  6.984233e-01
40  5.478263e+00  2.483865e+00
41  1.186837e+01  1.644784e+00
42  2.696200e+01  4.027046e+00
43  2.366109e+01  7.555614e+00
44  8.136762e+00  -1.542697e+01
45  -2.933640e+00  -1.928097e+01
46  -3.679923e+01  1.970241e+01
47  2.384381e+01  1.134703e+02
48  1.972657e+02  2.163623e+02
49  3.142260e+02  3.179264e+02
50  4.219430e+02  3.765033e+02
51  5.841180e+02  3.982406e+02
52  5.362602e+02  5.008595e+02
53  3.611268e+02  5.898393e+02
54  1.132399e+02  3.693105e+02
55  -1.115517e+03  2.749153e+02
56  8.519659e+01  5.766977e+02
57  1.622233e+03  1.681266e+03
58  4.026107e+03  -6.006654e+02
59  2.700208e+03  -3.088124e+03
60  -4.701591e+03  -7.133969e+03
61  -4.020289e+04  -1.469200e+04
62  -1.565769e+05  -2.258582e+04
63  -7.042933e+05  -3.393406e+04
ENDPROP
STARTPROP
MASSES:  4.200000e-03   4.500000e-02
SOURCE: GAM_24
SINKS: GAM_24
0  7.422997e+04  -2.270592e+04
1  1.376816e+06  -3.123078e+04
2  5.828904e+05  -1.645355e+04
3  3.098132e+05  -1.197358e+04
4  1.647539e+05  -4.768336e+03
5  8.622971e+04  1.940493e+03
6  4.671068e+04  3.878049e+03
7  2.355534e+04  2.579491e+03
8  9.838865e+03  1.595997e+02
9  1.748532e+03  -4.659080e+02
10  8.729011e+01  -4.196061e+02
11  -4.511831e+02  -7.791080e+02
12  -2.308670e+02  -1.960467e+02
13  -1.505714e+02  -1.669885e+02
14  -1.724306e+02  -3.310355e+02
15  -2.115701e+02  -3.233949e+02
16  -1.467945e+02  -2.495742e+02
17  -1.117012e+02  -1.207950e+02
18  -1.026169e+02  -3.130924e+01
19  -3.498787e+01  -4.867837e+01
20  -4.902977e+00  -5.707715e+01
21  -1.772005e+01  -3.013012e+01
22  -3.370631e+01  -1.547330e+01
23  -2.729764e+01  -4.964219e+00
24  -1.399963e+01  8.781890e+00
25  -2.086217e+00  1.243021e+01
26  -1.960144e+00  9.851287e+00
27  -4.736373e+00  7.682598e+00
28  -3.154352e+00  3.649458e+00
29  -2.374815e+00  2.127606e+00
30  -1.660951e+00  2.340790e+00
31  -2.471915e-01  1.410823e+00
32  2.062164e-01  -5.124468e-01
33  -7.464765e-01  -1.508221e+00
34  -1.172514e+00  -1.249674e+00
35  1.463181e-01  -2.539067e+00
36  1.957978e+00  -4.249103e+00
37  1.569998e+00  -6.842297e+00
38  5.135911e+00  -7.616892e+00
39  7.234307e+00  -7.874326e+00
40  1.102822e+01  -1.245096e+01
41  1.440225e+01  -2.185957e+01
42  2.283096e+01  -4.243117e+01
43  2.441549e+01  -6.245145e+01
44  1.894409e+01  -1.061007e+02
45  -6.200214e+00  -1.402138e+02
46  -8.898096e+01  -2.068387e+02
47  -1.923907e+02  -2.103998e+02
48  -2.141271e+02  -1.219486e+02
49  -3.434813e+02  -5.425294e+01
50  -5.441729e+02  1.062474e+02
51  -5.101142e+02  -7.510460e+01
52  -2.896359e+02  1.392408e+02
53  6.385577e+02  4.722491e+02
54  2.999715e+03  9.791687e+02
55  5.408878e+03  1.279065e+03
56  1.067129e+04  1.032644e+03
57  2.303870e+04  7.303144e+02
58  4.071751e+04  4.130306e+03
59  7.904694e+04  7.353300e+03
60  1.567232e+05  7.670441e+03
61  3.167557e+05  7.654035e+03
62  6.152732e+05  4.358044e+03
63  1.421691e+06  6.007125e+03
ENDPROP
STARTPROP
MASSES:  4.200000e-03   4.500000e-02
SOURCE: GAM_42
SINKS: GAM_42
0  7.422997e+04  -2.270592e+04
1  1.376816e+06  -3.123078e+04
2  5.828904e+05  -1.645355e+04
3  3.098132e+05  -1.197358e+04
4  1.647539e+05  -4.768336e+03
5  8.622971e+04  1.940493e+03
6  4.671068e+04  3.878049e+03
7  2.355534e+04  2.579491e+03
8  9.838865e+03  1.595997e+02
9  1.748532e+03  -4.659080e+02
10  8.729011e+01  -4.196061e+02
11  -4.511831e+02  -7.791080e+02
12  -2.308670e+02  -1.960467e+02
13  -1.505714e+02  -1.669885e+02
14  -1.724306e+02  -3.310355e+02
15  -2.115701e+02  -3.233949e+02
16  -1.467945e+02  -2.495742e+02
17  -1.117012e+02  -1.207950e+02
18  -1.026169e+02  -3.130924e+01
19  -3.498787e+01  -4.867837e+01
20  -4.902977e+00  -5.707715e+01
21  -1.772005e+01  -3.013012e+01
22  -3.370631e+01  -1.547330e+01
23  -2.729764e+01  -4.964219e+00
24  -1.399963e+01  8.781890e+00
25  -2.086217e+00  1.243021e+01
26  -1.960144e+00  9.851287e+00
27  -4.736373e+00  7.682598e+00
28  -3.154352e+00  3.649458e+00
29  -2.374815e+00  2.127606e+00
30  -1.660951e+00  2.340790e+00
31  -2.471915e-01  1.410823e+00
32  2.062164e-01  -5.124468e-01
33  -7.464765e-01  -1.508221e+00
34  -1.172514e+00  -1.249674e+00
35  1.463181e-01  -2.539067e+00
36  1.957978e+00  -4.249103e+00
37  1.569998e+00  -6.842297e+00
38  5.135911e+00  -7.616892e+00
39  7.234307e+00  -7.874326e+00
40  1.102822e+01  -1.245096e+01
41  1.440225e+01  -2.185957e+01
42  2.283096e+01  -4.243117e+01
43  2.441549e+01  -6.245145e+01
44  1.894409e+01  -1.061007e+02
45  -6.200214e+00  -1.402138e+02
46  -8.898096e+01  -2.068387e+02
47  -1.923907e+02  -2.103998e+02
48  -2.141271e+02  -1.219486e+02
49  -3.434813e+02  -5.425294e+01
50  -5.441729e+02  1.062474e+02
51  -5.101142e+02  -7.510460e+01
52  -2.896359e+02  1.392408e+02
53  6.385577e+02  4.722491e+02
54  2.999715e+03  9.791687e+02
55  5.408878e+03  1.279065e+03
56  1.067129e+04  1.032644e+03
57  2.303870e+04  7.303144e+02
58  4.071751e+04  4.130306e+03
59  7.904694e+04  7.353300e+03
60  1.567232e+05  7.670441e+03
61  3.167557e+05  7.654035e+03
62  6.152732e+05  4.358044e+03
63  1.421691e+06  6.007125e+03
ENDPROP
STARTPROP
MASSES:  4.200000e-03   4.500000e-02
SOURCE: GAM_34
SINKS: GAM_34
0  4.755587e+04  -2.695867e+03
1  1.353039e+06  -3.256572e+04
2  5.782555e+05  -2.412401e+04
3  3.080022e+05  -2.212152e+04
4  1.641277e+05  -1.286262e+04
5  8.589786e+04  -8.395481e+03
6  4.327235e+04  -4.816435e+03
7  2.284316e+04  -3.022878e+03
8  1.159866e+04  -1.223072e+03
9  6.550071e+03  -2.636005e+02
10  2.740128e+03  -8.578158e+01
11  1.370008e+03  -4.082059e+02
12  9.234407e+02  -7.647449e+02
13  2.122405e+02  -9.056230e+02
14  1.649707e+02  -7.799725e+02
15  1.231441e+02  -4.007675e+02
16  5.186374e+01  -2.515176e+02
17  -6.416301e+01  -1.319328e+02
18  -6.262154e+01  -7.897662e+01
19  -5.216821e+01  -2.051141e+01
20  -1.989573e+01  1.467819e+01
21  -1.020472e+01  3.080876e+01
22  -3.368405e+00  2.021748e+01
23  -1.093256e+01  4.699382e+00
24  -1.402865e+01  2.353032e+00
25  -1.104091e+01  2.095439e+00
26  -4.590367e+00  -4.022900e-01
27  7.199844e-01  -6.078742e+00
28  2.994420e+00  -7.849828e+00
29  1.702762e+00  -5.059811e+00
30  1.795439e+00  -1.926766e+00
31  1.832896e+00  -2.883215e-01
32  1.623112e+00  3.134694e-01
33  8.627005e-01  6.542154e-01
34  8.432695e-01  3.543982e-01
35  2.110971e+00  -2.857491e-02
36  2.674087e+00  1.993339e+00
37  1.399732e+00  2.483975e+00
38  1.047135e+00  8.029324e-01
39  2.361676e+00  -1.379029e+00
40  1.893794e+00  -1.216654e+01
41  1.204323e+01  -2.458536e+01
42  1.158558e+01  -4.432688e+01
43  3.016899e+01  -5.129753e+01
44  3.536420e+01  -2.785214e+01
45  7.139257e+01  -5.781714e+00
46  4.992473e+01  -2.976407e+01
47  1.239090e+02  -1.022698e+02
48  1.808217e+02  -1.465134e+02
49  3.574947e+01  -1.383709e+02
50  -1.522504e+02  -9.536258e+01
51  1.251896e+02  1.081065e+02
52  -9.971915e+01  8.124799e+01
53  4.823314e+02  -1.477482e+02
54  2.532155e+03  -1.951518e+02
55  5.565882e+03  4.531822e+02
56  1.063354e+04  1.569273e+03
57  2.026552e+04  3.291050e+03
58  3.826007e+04  4.899590e+03
59  7.443244e+04  5.697730e+03
60  1.510577e+05  8.556391e+03
61  2.990269e+05  1.347348e+04
62  5.913081e+05  2.065647e+04
63  1.392080e+06  2.760662e+04
ENDPROP
STARTPROP
MASSES:  4.200000e-03   4.500000e-02
SOURCE: GAM_43
SINKS: GAM_43
0  4.755587e+04  -2.695867e+03
1  1.353039e+06  -3.256572e+04
2  5.782555e+05  -2.412401e+04
3  3.080022e+05  -2.212152e+04
4  1.641277e+05  -1.286262e+04
5  8.589786e+04  -8.395481e+03
6  4.327235e+04  -4.816435e+03
7  2.284316e+04  -3.022878e+03
8  1.159866e+04  -1.223072e+03
9  6.550071e+03  -2.636005e+02
10  2.740128e+03  -8.578158e+01
11  1.370008e+03  -4.082059e+02
12  9.234407e+02  -7.647449e+02
13  2.122405e+02  -9.056230e+02
14  1.649707e+02  -7.799725e+02
15  1.231441e+02  -4.007675e+02
16  5.186374e+01  -2.515176e+02
17  -6.416301e+01  -1.319328e+02
18  -6.262154e+01  -7.897662e+01
19  -5.216821e+01  -2.051141e+01
20  -1.989573e+01  1.467819e+01
21  -1.020472e+01  3.080876e+01
22  -3.368405e+00  2.021748e+01
23  -1.093256e+01  4.699382e+00
24  -1.402865e+01  2.353032e+00
25  -1.104091e+01  2.095439e+00
26  -4.590367e+00  -4.022900e-01
27  7.199844e-01  -6.078742e+00
28  2.994420e+00  -7.849828e+00
29  1.702762e+00  -5.059811e+00
30  1.795439e+00  -1.926766e+00
31  1.832896e+00  -2.883215e-01
32  1.623112e+00  3.134694e-01
33  8.627005e-01  6.542154e-01
34  8.432695e-01  3.543982e-01
35  2.110971e+00  -2.857491e-02
36  2.674087e+00  1.993339e+00
37  1.399732e+00  2.483975e+00
38  1.047135e+00  8.029324e-01
39  2.361676e+00  -1.379029e+00
40  1.893794e+00  -1.216654e+01
41  1.204323e+01  -2.458536e+01
42  1.158558e+01  -4.432688e+01
43  3.016899e+01  -5.129753e+01
44  3.536420e+01  -2.785214e+01
45  7.139257e+01  -5.781714e+00
46  4.992473e+01  -2.976407e+01
47  1.239090e+02  -1.022698e+02
48  1.808217e+02  -1.465134e+02
49  3.574947e+01  -1.383709e+02
50  -1.522504e+02  -9.536258e+01
51  1.251896e+02  1.081065e+02
52  -9.971915e+01  8.124799e+01
53  4.823314e+02  -1.477482e+02
54  2.532155e+03  -1.951518e+02
55  5.565882e+03  4.531822e+02
56  1.063354e+04  1.569273e+03
57  2.026552e+04  3.291050e+03
58  3.826007e+04  4.899590e+03
59  7.443244e+04  5.697730e+03
60  1.510577e+05  8.556391e+03
61  2.990269e+05  1.347348e+04
62  5.913081e+05  2.065647e+04
63  1.392080e+06  2.760662e+04
ENDPROP
STARTPROP
MASSES:  4.200000e-03   4.500000e-02
SOURCE: GAM_15
SINKS: GAM_15
0  -2.493500e+04  7.626093e+03
1  -1.020660e+06  2.156319e+04
2  -3.127168e+05  6.421561e+03
3  -1.283321e+05  6.317806e+03
4  -5.367619e+04  7.992961e+03
5  -2.753970e+04  8.553287e+03
6  -1.618504e+04  8.869943e+03
7  -8.905561e+03  4.026838e+03
8  -5.336313e+03  1.269778e+03
9  -2.707653e+03  3.215370e+02
10  -1.577716e+03  -1.664062e+02
11  -5.588397e+02  -6.392747e+02
12  -4.845344e+01  -5.552640e+02
13  -1.047480e+02  -2.222505e+02
14  -2.411233e+02  -4.563383e+01
15  -3.735407e+02  2.839411e+01
16  -3.367532e+02  4.377215e+00
17  -2.556215e+02  3.830208e+01
18  -1.415188e+02  2.471411e+01
19  -4.631981e+01  4.024970e+01
20  1.984878e+01  5.298971e+01
21  4.823536e+01  5.384702e+01
22  3.526471e+01  2.965544e+01
23  1.606693e+01  1.708148e+01
24  8.941680e+00  -2.073968e+00
25  -2.759381e+00  -7.626628e+00
26  -8.252839e+00  -7.537160e+00
27  -1.066145e+01  -4.990834e+00
28  -5.153804e+00  -3.585169e+00
29  -1.030691e+00  -2.021223e+00
30  -1.067422e+00  -9.479495e-01
31  -9.987908e-01  -1.017431e+00
32  -4.528638e-01  -2.589445e-01
33  -5.554479e-01  4.364456e-01
34  -1.378145e+00  7.327026e-01
35  -1.935157e+00  4.552717e-01
36  -1.284679e+00  1.066704e+00
37  -5.129883e-01  3.227579e+00
38  -2.270062e+00  7.535827e+00
39  -3.364211e+00  1.528180e+01
40  -5.352176e+00  2.528510e+01
41  1.978462e+00  2.857324e+01
42  8.840875e+00  1.301933e+01
43  2.702863e+01  7.955475e+00
44  7.155782e+01  1.778166e+01
45  1.111188e+02  3.752072e+01
46  1.611549e+02  9.090740e+01
47  1.946085e+02  1.293213e+02
48  2.376400e+02  8.038985e+01
49  4.369815e+02  5.850985e+01
50  6.528022e+02  -2.592230e+01
51  6.844968e+02  -1.194621e+02
52  8.383915e+02  -9.981148e+01
53  1.030075e+03  1.169652e+02
54  1.907369e+03  2.167226e+02
55  5.467766e+03  3.920128e+02
56  8.752268e+03  8.614620e+02
57  9.420819e+03  1.507934e+03
58  6.162562e+03  6.833812e+02
59  -2.731776e+03  2.479990e+03
60  -3.214209e+04  7.186077e+02
61  -1.221149e+05  -6.178812e+03
62  -3.178416e+05  -1.397377e+04
63  -1.035758e+06  -2.009091e+04
ENDPROP
STARTPROP
MASSES:  4.200000e-03   4.500000e-02
SOURCE: GAM_25
SINKS: GAM_25
0  -9.143882e+03  -2.613926e+04
1  -9.866453e+05  7.131305e+03
2  -2.959657e+05  6.984676e+03
3  -1.194780e+05  6.493189e+03
4  -4.798854e+04  2.768475e+03
5  -1.763220e+04  -5.268973e+02
6  -8.782857e+03  -9.911053e+02
7  -5.031238e+03  -6.353087e+02
8  -2.044602e+03  5.086258e+02
9  -9.432632e+01  1.133664e+03
10  -2.438312e+02  9.062747e+02
11  -2.311290e+02  4.572637e+02
12  -1.142448e+02  4.169000e+02
13  1.852908e+02  1.591987e+02
14  4.559762e+02  -2.522956e+02
15  6.701742e+02  -2.919547e+02
16  4.522445e+02  -7.847996e+01
17  2.177157e+02  7.542994e+01
18  3.728760e+00  1.058383e+02
19  -7.507759e+01  5.130656e+01
20  -8.782657e+01  2.458804e+01
21  -4.985150e+01  2.198281e+01
22  -2.128011e+01  2.252589e+01
23  -9.497842e+00  9.077321e+00
24  -2.635221e+00  -2.380412e-01
25  -2.127128e+00  5.699470e+00
26  -3.402010e+00  8.643823e+00
27  -2.130056e+00  6.997396e+00
28  -2.952112e-01  4.770999e+00
29  -5.618600e-01  1.224233e+00
30  -1.702494e+00  -2.671392e-01
31  -1.648925e+00  7.295690e-03
32  -1.912982e-01  1.415122e+00
33  8.107065e-01  2.422844e+00
34  8.671326e-01  2.360916e+00
35  -7.303569e-01  2.269556e+00
36  -2.413668e+00  2.195413e+00
37  -3.581855e+00  5.290795e+00
38  -4.789706e+00  6.017100e+00
39  -5.877508e+00  4.662433e+00
40  -5.790161e+00  -2.691293e+00
41  -5.005951e+00  -4.659904e+00
42  -1.601177e+01  -1.532315e+01
43  -2.687678e+01  -3.569018e+01
44  -2.907890e+01  -6.595941e+01
45  -3.351551e+01  -8.601560e+01
46  -4.918775e+00  -1.003812e+02
47  9.716506e+00  -6.785379e+01
48  3.256778e+01  2.760826e+00
49  -1.847128e+01  1.106340e+02
50  1.628516e+02  2.143593e+02
51  4.717543e+02  -8.166466e+01
52  3.076393e+02  -3.248244e+02
53  -3.507480e+02  -1.551104e+02
54  -3.596217e+02  -8.522310e+01
55  1.377074e+02  1.546794e+02
56  1.524524e+03  5.021066e+02
57  3.970129e+03  9.204456e+02
58  5.971743e+03  8.910411e+02
59  1.399436e+03  4.410675e+02
60  -2.666815e+04  -2.070116e+03
61  -1.127701e+05  -1.779022e+04
62  -3.014313e+05  -3.568227e+04
63  -1.009240e+06  -5.044801e+04
ENDPROP
STARTPROP
MASSES:  4.200000e-03   4.500000e-02
SOURCE: GAM_35
SINKS: GAM_35
0  1.674545e+04  4.293310e+03
1  -9.681878e+05  1.536975e+04
2  -2.846741e+05  8.372345e+03
3  -1.113541e+05  1.316775e+04
4  -3.841971e+04  8.987413e+03
5  -1.305031e+04  6.319870e+03
6  -3.211162e+03  3.206844e+03
7  -6.621114e+02  -6.488435e+02
8  -4.955632e+02  -2.882444e+03
9  -2.138398e+03  -3.124734e+03
10  -2.090820e+03  -1.375815e+03
11  -1.160497e+03  -2.931500e+02
12  -2.649055e+02  -3.375556e+02
13  2.702343e+02  -4.228028e+02
14  3.977484e+02  -3.477463e+02
15  3.292508e+02  -2.798379e+02
16  1.154491e+02  -1.571383e+02
17  6.951564e+01  -6.735416e+01
18  6.332625e+01  -3.869742e-01
19  7.189477e+00  6.055912e+01
20  -1.202886e+01  5.283052e+01
21  -1.734584e+01  4.551512e+01
22  -1.820420e+00  3.744672e+01
23  1.541452e+01  2.799956e+01
24  1.233334e+01  2.363143e+01
25  9.079839e+00  1.457278e+01
26  7.932262e+00  7.649713e+00
27  3.732527e+00  4.035807e+00
28  3.550339e+00  3.522568e+00
29  3.498187e+00  1.893672e+00
30  2.696619e+00  1.301904e+00
31  1.763276e+00  -4.001365e-01
32  7.390242e-01  -7.935121e-01
33  -4.109103e-01  -1.422821e+00
34  -1.596642e+00  -3.015453e+00
35  -2.976027e+00  -4.119167e+00
36  -4.398798e+00  -5.101420e+00
37  -7.171738e+00  -5.433241e+00
38  -7.378154e+00  -6.088648e+00
39  -3.093487e+00  -8.076730e+00
40  4.114287e+00  -5.285139e+00
41  9.497655e+00  7.579448e+00
42  2.032759e+01  2.337797e+01
43  3.212276e+01  2.888316e+01
44  1.590591e+01  1.594613e+01
45  7.519553e+00  2.204986e+01
46  5.054959e+01  1.668261e+01
47  9.870391e+01  -4.796096e+01
48  6.223849e+01  -1.382316e+02
49  -8.057254e+01  -2.055054e+02
50  -1.176452e+00  -3.094872e+02
51  1.368109e+02  -4.682756e+02
52  -3.467783e+02  -7.764044e+02
53  -6.079581e+02  -7.835352e+02
54  -8.095755e+02  -8.428536e+02
55  -1.866341e+03  -7.290644e+02
56  -3.470312e+03  -1.616551e+03
57  -5.641086e+03  -1.768640e+03
58  -1.274483e+04  -7.008774e+02
59  -2.585534e+04  -5.955542e+02
60  -5.376381e+04  2.650424e+03
61  -1.237479e+05  -3.357820e+03
62  -3.009835e+05  -7.386729e+03
63  -1.011016e+06  -1.231790e+04
ENDPROP
STARTPROP
MASSES:  4.200000e-03   4.500000e-02
SOURCE: GAM_45
SINKS: GAM_45
0  -1.272362e+06  3.953544e+03
1  9.751263e+05  -2.029439e+04
2  4.915382e+05  -1.665659e+04
3  3.487898e+05  -1.027809e+04
4  2.472903e+05  -6.968679e+03
5  1.690996e+05  -3.490423e+03
6  1.188769e+05  -3.061713e+03
7  8.102981e+04  -1.980897e+03
8  5.711869e+04  -2.446644e+03
9  3.992375e+04  -2.371533e+03
10  2.728825e+04  -2.251144e+03
11  1.927665e+04  -2.073409e+03
12  1.356068e+04  -1.691443e+03
13  9.391292e+03  -1.354500e+03
14  6.287758e+03  -9.206172e+02
15  4.362642e+03  -7.247128e+02
16  3.046139e+03  -5.286909e+02
17  2.053265e+03  -3.986158e+02
18  1.421814e+03  -3.003012e+02
19  1.005767e+03  -2.176663e+02
20  7.047149e+02  -1.682933e+02
21  4.920861e+02  -1.194436e+02
22  3.599433e+02  -9.437850e+01
23  2.366201e+02  -6.980587e+01
24  1.653449e+02  -5.329840e+01
25  1.144833e+02  -4.215203e+01
26  7.679633e+01  -2.908295e+01
27  5.556863e+01  -1.993059e+01
28  3.758279e+01  -1.282571e+01
29  2.655958e+01  -7.754643e+00
30  1.893060e+01  -4.945298e+00
31  1.626672e+01  -3.326249e+00
32  1.544381e+01  -2.215660e+00
33  1.711155e+01  -1.944148e+00
34  2.025311e+01  -2.379599e+00
35  2.716680e+01  -3.984921e+00
36  3.728021e+01  -5.928817e+00
37  5.195910e+01  -8.225697e+00
38  7.411750e+01  -1.103219e+01
39  1.093980e+02  -1.513621e+01
40  1.574026e+02  -1.666191e+01
41  2.327236e+02  -1.449024e+01
42  3.336752e+02  -3.629818e+00
43  4.820996e+02  2.330191e+01
44  7.084421e+02  6.670443e+01
45  9.952569e+02  1.142750e+02
46  1.416902e+03  1.808909e+02
47  2.052057e+03  2.598260e+02
48  3.006888e+03  4.169850e+02
49  4.578701e+03  5.403695e+02
50  6.524117e+03  7.642538e+02
51  9.572721e+03  9.970126e+02
52  1.374194e+04  1.420731e+03
53  2.002442e+04  2.092229e+03
54  2.884877e+04  2.747700e+03
55  4.180683e+04  3.302754e+03
56  6.065685e+04  3.833496e+03
57  8.777782e+04  4.602876e+03
58  1.261051e+05  7.118538e+03
59  1.825290e+05  8.455053e+03
60  2.584104e+05  1.199880e+04
61  3.726609e+05  1.891605e+04
62  5.189537e+05  2.574298e+04
63  1.008314e+06  2.873092e+04
ENDPROP
STARTPROP
MASSES:  4.200000e-03   4.500000e-02
SOURCE: PSAX4
SINKS: GAM_4
0  2.704106e+03  -4.169444e+03
1  1.707654e+06  2.910018e+02
2  1.067713e+06  1.870250e+03
3  7.454187e+05  5.459770e+03
4  5.212000e+05  8.473923e+03
5  3.604813e+05  5.661176e+03
6  2.521872e+05  5.216335e+03
7  1.742023e+05  4.422816e+03
8  1.226174e+05  2.437891e+03
9  8.576836e+04  1.406572e+03
10  5.886849e+04  5.502565e+02
11  4.165380e+04  -2.292898e+02
12  2.926533e+04  -2.364804e+02
13  2.039607e+04  -2.813669e+02
14  1.380090e+04  -2.493352e+02
15  9.543973e+03  -2.571972e+02
16  6.571655e+03  -2.204280e+02
17  4.506096e+03  -1.630033e+02
18  3.157001e+03  -1.085774e+02
19  2.245869e+03  -7.942659e+01
20  1.574497e+03  -6.748547e+01
21  1.090698e+03  -3.659921e+01
22  7.738654e+02  -3.553106e+01
23  5.144053e+02  -2.657351e+01
24  3.656399e+02  -1.840220e+01
25  2.551729e+02  -1.669934e+01
26  1.738326e+02  -1.355897e+01
27  1.214095e+02  -1.042345e+01
28  8.085702e+01  -6.839852e+00
29  5.193896e+01  -5.059906e+00
30  3.089862e+01  -4.302292e+00
31  1.546539e+01  -3.625585e+00
32  2.589642e+00  -3.275878e+00
33  -9.474122e+00  -2.342882e+00
34  -2.383111e+01  -9.306135e-01
35  -4.159875e+01  8.952980e-01
36  -6.531595e+01  2.472727e+00
37  -9.677480e+01  5.161728e+00
38  -1.406457e+02  6.216010e+00
39  -2.098833e+02  7.992623e+00
40  -3.010837e+02  1.152950e+01
41  -4.516759e+02  7.843345e+00
42  -6.583916e+02  -4.875246e+00
43  -9.650272e+02  -2.135959e+01
44  -1.420684e+03  -4.700003e+01
45  -2.024304e+03  -8.579070e+01
46  -2.896441e+03  -1.276397e+02
47  -4.196791e+03  -1.928207e+02
48  -6.160402e+03  -2.825732e+02
49  -9.169839e+03  -3.501596e+02
50  -1.327045e+04  -4.031895e+02
51  -1.940726e+04  -4.504959e+02
52  -2.801656e+04  -7.383851e+02
53  -4.114600e+04  -9.550888e+02
54  -6.018670e+04  -1.345164e+03
55  -8.691188e+04  -1.310658e+03
56  -1.243189e+05  -1.090353e+03
57  -1.799089e+05  -7.765352e+02
58  -2.577493e+05  -1.912414e+03
59  -3.697251e+05  -9.956069e+02
60  -5.245987e+05  -9.607978e+02
61  -7.531490e+05  -4.914698e+03
62  -1.070500e+06  -5.360562e+03
63  -1.718389e+06  -7.174624e+03
ENDPROP
STARTPROP
MASSES:  4.200000e-03   4.500000e-02
SOURCE: WWPSAX4
SINKS: GAM_4
0  -1.337665e+08  -5.143412e+08
1  1.398938e+09  -1.338768e+08
2  6.130474e+08  -2.764943e+07
3  4.802867e+08  4.434115e+07
4  2.317769e+08  1.004692e+07
5  1.228097e+08  -1.814734e+07
6  1.592653e+08  -2.981018e+07
7  1.277963e+08  -2.301596e+06
8  9.136770e+07  -9.532184e+06
9  3.697577e+07  -5.240669e+06
10  4.385143e+07  2.506922e+06
11  2.675848e+07  3.106844e+06
12  2.275524e+07  -3.438094e+06
13  1.182622e+07  -3.664582e+06
14  4.411731e+06  -7.944469e+05
15  6.929592e+06  4.400231e+05
16  3.535021e+06  2.113137e+05
17  1.888072e+06  1.611055e+06
18  1.860523e+06  -2.943972e+05
19  2.338339e+06  3.175736e+05
20  1.091978e+06  -2.843407e+05
21  8.845539e+05  -1.706703e+05
22  4.810567e+05  -1.201001e+04
23  1.790579e+05  -1.305905e+05
24  2.167297e+05  2.953016e+04
25  9.037436e+04  1.883831e+04
26  1.270478e+05  -5.584896e+04
27  2.922097e+04  2.490322e+04
28  4.245176e+04  -2.780471e+04
29  1.822543e+04  -3.404513e+03
30  4.206058e+04  -7.581847e+03
31  4.171120e+03  8.191899e+02
32  -3.069149e+03  -6.794748e+02
33  -9.087211e+03  3.845242e+02
34  -1.989116e+04  5.135562e+02
35  -3.115310e+04  4.780234e+03
36  -6.781548e+04  1.746023e+03
37  -6.562062e+04  -1.081467e+04
38  -1.243882e+05  -3.324559e+04
39  -2.016201e+05  -4.131682e+04
40  -1.334336e+05  -2.339381e+04
41  -8.643150e+04  -7.056048e+04
42  -4.880603e+05  7.558967e+04
43  -1.055051e+05  1.262253e+05
44  -2.875448e+05  -9.355854e+04
45  -1.395802e+06  2.222967e+04
46  -1.515958e+06  -1.930925e+05
47  -2.958242e+06  -3.813391e+05
48  -5.612694e+06  1.029930e+06
49  -6.270800e+06  3.753481e+05
50  -4.413913e+06  2.919744e+05
51  -1.052879e+07  3.298966e+06
52  -1.508254e+07  4.350912e+06
53  -1.023545e+07  2.764036e+06
54  -2.694653e+07  -1.602069e+07
55  -5.706878e+07  -1.063100e+07
56  -3.394513e+07  6.822393e+06
57  -5.294511e+07  2.084173e+07
58  -1.531305e+08  -8.555988e+06
59  -2.480705e+08  2.657446e+06
60  -3.820549e+08  1.855263e+07
61  -2.282174e+08  2.370132e+07
62  -6.566907e+08  -3.512304e+07
63  -2.378612e+09  3.365711e+08
ENDPROP
STARTPROP
MASSES:  4.200000e-03   4.500000e-02
SOURCE: WWGAM_5
SINKS: GAM_5
0  1.780795e+10  1.496340e+01
1  2.364875e+09  -4.054502e+07
2  1.146952e+09  -1.235227e+08
3  8.405531e+08  7.376977e+06
4  4.643827e+08  1.984010e+05
5  3.473302e+08  -2.735068e+07
6  3.098301e+08  -1.076929e+07
7  2.187493e+08  -1.131371e+07
8  1.520087e+08  -4.380619e+06
9  1.049946e+08  1.186542e+06
10  7.753551e+07  7.265411e+06
11  4.691004e+07  9.876405e+05
12  3.764929e+07  -3.418280e+06
13  2.583741e+07  -1.803587e+06
14  1.455000e+07  -3.695460e+05
15  1.208884e+07  -2.072848e+06
16  8.146444e+06  -7.072374e+05
17  5.002987e+06  1.067851e+06
18  3.995674e+06  -2.752825e+05
19  3.341970e+06  1.661608e+05
20  1.859352e+06  -1.564834e+05
21  1.525535e+06  -5.085145e+05
22  1.112256e+06  -9.787840e+04
23  5.108893e+05  -7.715593e+04
24  5.349360e+05  2.666491e+03
25  2.702880e+05  5.316127e+04
26  2.322765e+05  -4.719489e+04
27  1.062762e+05  2.469057e+04
28  1.042630e+05  -3.704484e+04
29  6.358477e+04  -2.428461e+04
30  6.659088e+04  5.463181e+03
31  3.802878e+04  -1.241307e+03
32  3.270476e+04  -1.240290e+04
33  4.210905e+04  5.065329e+03
34  4.651781e+04  -7.816295e+03
35  7.286265e+04  3.284916e+03
36  8.223443e+04  7.227118e+03
37  1.322212e+05  -1.271251e+04
38  2.064978e+05  3.185928e+03
39  2.614134e+05  3.709747e+04
40  3.456950e+05  4.302470e+04
41  4.612711e+05  2.793565e+04
42  8.432980e+05  1.425816e+04
43  7.446904e+05  -1.109863e+05
44  9.311158e+05  1.910713e+05
45  2.926914e+06  3.525940e+05
46  3.156449e+06  6.828496e+05
47  5.228955e+06  1.074709e+06
48  8.091372e+06  5.885954e+05
49  1.078524e+07  -3.666638e+05
50  1.322976e+07  1.042101e+06
51  2.153899e+07  -3.420685e+06
52  3.665878e+07  -3.468851e+06
53  3.484488e+07  -7.719754e+06
54  6.037255e+07  1.513699e+07
55  1.115566e+08  2.054956e+06
56  1.264496e+08  9.243826e+06
57  1.691081e+08  -8.382985e+06
58  2.825340e+08  7.107863e+06
59  4.499308e+08  1.398678e+07
60  6.585115e+08  2.619021e+07
61  5.823555e+08  4.062409e+07
62  1.181492e+09  1.076007e+08
63  3.182702e+09  -2.229411e+08
ENDPROP
