STARTPROP
MASSES:  4.200000e-03   4.200000e-03
SOURCE: GAM_1
SINKS: GAM_1
0  1.245842e+06  -1.162340e+03
1  2.089764e+06  1.738391e+03
2  1.067925e+06  3.088317e+03
3  6.230415e+05  9.943865e+02
4  3.293438e+05  -1.662767e+03
5  1.602089e+05  -3.235788e+03
6  7.890864e+04  -3.101465e+03
7  3.840162e+04  -3.401212e+03
8  2.101821e+04  -1.992378e+03
9  1.090613e+04  -1.717606e+03
10  1.263171e+04  -1.758516e+03
11  1.578536e+04  -8.846680e+02
12  5.486386e+03  -3.621325e+01
13  -2.721722e+03  7.642946e+02
14  -5.050144e+03  7.661221e+02
15  -6.812069e+03  2.594253e+02
16  -4.600409e+03  -5.060078e+02
17  -1.332969e+03  -6.831524e+02
18  1.219631e+03  -6.213395e+02
19  5.319133e+03  -4.217841e+02
20  5.706810e+03  -2.005918e+02
21  4.092661e+03  1.725833e+02
22  2.535084e+03  3.958886e+02
23  -1.046572e+02  2.508359e+02
24  -8.088097e+02  9.702739e+01
25  -1.377575e+03  7.209920e+01
26  -1.183715e+03  7.560658e+01
27  -1.443318e+02  1.370117e+01
28  5.343178e+02  -9.417962e+01
29  8.782077e+02  -8.035358e+01
30  6.182191e+02  -1.615135e+02
31  1.788111e+02  -1.711052e+02
32  -1.260001e+02  -1.298805e+02
33  -2.003843e+02  -6.735448e+01
34  -3.093443e+02  -5.788545e+01
35  -2.476961e+02  -1.193250e+02
36  7.275088e+01  -9.730243e+01
37  3.268461e+02  -6.550454e+01
38  2.583967e+02  -2.737746e+01
39  2.622363e+02  -3.506737e+00
40  5.219331e+02  -1.027832e+02
41  8.068149e+02  -1.189544e+02
42  5.629756e+02  -5.035925e+01
43  -4.595774e+02  2.769565e+01
44  -1.440378e+03  3.654636e+02
45  -1.327910e+03  6.126111e+02
46  4.376217e+02  9.108856e+02
47  2.377692e+03  7.535415e+02
48  9.001321e+02  5.497336e+02
49  -5.908288e+02  5.796077e+02
50  -1.083391e+03  6.432821e+02
51  -3.532853e+03  7.346487e+02
52  -6.093322e+03  5.368256e+02
53  -1.105506e+04  -1.089953e+02
54  -1.218170e+04  -8.021260e+02
55  -5.799022e+03  -6.271973e+02
56  2.234779e+03  -1.407785e+02
57  1.981527e+04  -5.497984e+02
58  4.687646e+04  -1.426898e+03
59  8.249435e+04  -3.804650e+03
60  1.654766e+05  -4.343514e+03
61  4.205109e+05  -8.790182e+03
62  8.762752e+05  -7.998180e+03
63  1.960499e+06  -2.459881e+03
ENDPROP
STARTPROP
MASSES:  4.200000e-03   4.200000e-03
SOURCE: GAM_2
SINKS: GAM_2
0  1.152803e+06  1.251360e+03
1  1.908435e+06  -1.955016e+03
2  9.283556e+05  2.084665e+03
3  5.302776e+05  3.106316e+03
4  2.735426e+05  3.436693e+03
5  1.454200e+05  4.785810e+03
6  6.627996e+04  5.177729e+03
7  4.298828e+04  2.896183e+03
8  2.439893e+04  3.559224e+03
9  1.402312e+04  2.013199e+03
10  9.768946e+03  1.253769e+03
11  4.368865e+03  2.136984e+02
12  -2.890158e+01  -5.317746e+01
13  -7.185528e+03  -1.082504e+03
14  -9.287883e+03  -9.750553e+02
15  -1.024437e+04  -6.204834e+02
16  -6.982407e+03  -3.455206e+02
17  -4.315927e+03  -5.842732e+02
18  9.964150e+02  -5.280672e+02
19  4.629462e+03  -4.610729e+02
20  5.656492e+03  -3.566996e+02
21  5.532167e+03  -2.018062e+02
22  3.824550e+03  -6.067286e+01
23  2.180358e+03  -7.487408e+01
24  1.365261e+03  5.800903e+01
25  1.061081e+03  1.952199e+02
26  9.726538e+02  3.157633e+02
27  -4.327256e+01  2.522152e+02
28  -5.375972e+02  1.172866e+02
29  -7.099442e+02  3.307969e+01
30  -7.974501e+02  3.144987e+00
31  -5.052139e+02  -3.817770e+01
32  -2.382917e+02  -1.079133e+02
33  -8.614038e+01  -7.639196e+01
34  1.580800e+02  -4.836533e+01
35  3.131414e+02  -3.739562e+01
36  1.894895e+02  -9.651169e+01
37  -1.765851e+02  -1.372357e+02
38  -3.720607e+02  -1.577959e+02
39  -7.366342e+02  -1.813820e+02
40  -9.383638e+02  -1.903798e+02
41  -4.872335e+02  -1.249884e+02
42  -9.935381e+02  -1.057287e+02
43  -1.413363e+03  8.719613e+01
44  -1.754621e+03  2.064974e+02
45  -3.634339e+02  1.699149e+02
46  5.724288e+02  1.707162e+02
47  -8.663706e+00  4.209848e+02
48  3.330580e+02  -4.889641e+01
49  1.766916e+03  -6.915661e+02
50  -3.690011e+02  -7.296632e+02
51  -2.310676e+03  -3.549895e+02
52  -8.598048e+03  -1.839089e+02
53  -1.508716e+04  7.317511e+02
54  -1.450267e+04  1.257020e+03
55  -3.008940e+03  1.715363e+03
56  1.257987e+04  2.693059e+03
57  3.774063e+04  1.394700e+03
58  9.498100e+04  3.384994e+03
59  1.877304e+05  2.808830e+03
60  3.313700e+05  3.315612e+03
61  5.896798e+05  7.350826e+03
62  9.796796e+05  8.865142e+03
63  1.970791e+06  6.337590e+03
ENDPROP
STARTPROP
MASSES:  4.200000e-03   4.200000e-03
SOURCE: GAM_3
SINKS: GAM_3
0  1.213681e+06  8.139228e+02
1  2.035005e+06  -8.910329e+03
2  1.034965e+06  -6.090950e+03
3  5.667139e+05  -3.379084e+03
4  2.800706e+05  -4.139463e+03
5  1.086463e+05  -1.554934e+03
6  3.459339e+04  -1.490757e+03
7  5.884490e+03  -1.724672e+02
8  3.293009e+03  4.814481e+02
9  5.492310e+03  -1.848394e+03
10  9.350898e+03  -1.826684e+03
11  1.584512e+03  -4.696502e+02
12  -7.038105e+03  -2.990287e+02
13  -4.571169e+03  -1.043407e+03
14  -2.320857e+03  -7.350819e+02
15  -1.404942e+03  -9.383259e+02
16  -1.251745e+03  -9.147148e+02
17  -5.395289e+03  1.209693e+02
18  -5.709702e+03  7.548811e+02
19  -2.330225e+03  5.217967e+02
20  -3.883472e+02  1.544462e+02
21  -8.240227e+01  -3.140476e+01
22  1.707976e+03  7.922083e+01
23  1.842755e+03  9.499631e+01
24  8.382369e+02  7.915325e+01
25  4.815173e+02  4.951234e+01
26  6.612588e+02  -3.448153e+01
27  5.525724e+02  1.149209e+01
28  1.193829e+03  5.190071e+01
29  1.411292e+03  -1.790448e+00
30  1.378253e+03  2.168942e+01
31  1.317069e+03  -1.361449e+01
32  1.274420e+03  -6.948894e+01
33  1.139039e+03  -1.394522e+01
34  1.295362e+03  7.225494e+01
35  1.372566e+03  1.032546e+02
36  1.053270e+03  1.508918e+02
37  1.003769e+03  1.535174e+02
38  1.267528e+03  7.620580e+01
39  2.305967e+03  5.008632e+01
40  2.887157e+03  7.228644e+01
41  2.920448e+03  7.923638e+01
42  1.961730e+03  -5.640206e+00
43  2.079658e+03  2.375956e+01
44  2.561298e+03  6.195684e+01
45  3.090041e+03  1.040394e+02
46  2.684791e+03  -9.870863e+01
47  2.141110e+03  7.223363e+01
48  2.145298e+03  1.565541e+02
49  -2.362012e+02  5.000479e+02
50  7.424281e+02  4.905197e+02
51  6.983068e+03  3.419053e+02
52  1.510893e+04  -1.186974e+02
53  1.697537e+04  -3.799755e+02
54  2.155084e+04  -1.417855e+03
55  2.750389e+04  -3.187628e+03
56  3.006505e+04  -4.127467e+03
57  4.591667e+04  -4.878992e+03
58  8.458369e+04  -5.186027e+03
59  1.657799e+05  -4.564943e+03
60  2.818237e+05  -2.364117e+03
61  5.407298e+05  2.511909e+03
62  9.823944e+05  3.683986e+03
63  1.979664e+06  7.124068e+03
ENDPROP
STARTPROP
MASSES:  4.200000e-03   4.200000e-03
SOURCE: GAM_4
SINKS: GAM_4
0  2.157965e+06  9.028695e+01
1  -2.957740e+05  3.513327e+03
2  -7.734257e+03  1.016810e+03
3  -1.079008e+04  -1.805606e+02
4  2.943960e+03  1.162830e+03
5  -1.196429e+03  1.309639e+03
6  1.055804e+03  -2.012708e+02
7  2.039082e+03  -1.396390e+03
8  -1.016639e+03  -1.560208e+03
9  -3.036742e+03  -8.087512e+02
10  1.528388e+03  -5.299018e+02
11  -1.601186e+03  3.801280e+02
12  -4.311332e+02  5.969246e+02
13  -7.614978e+02  8.191903e+02
14  2.217685e+02  4.928637e+02
15  -4.557259e+02  2.610690e+02
16  -1.152762e+03  3.882485e+01
17  -3.062524e+02  6.954291e+01
18  -5.509376e+02  -1.473663e+01
19  -3.152711e+02  -7.865703e+01
20  -2.433535e+02  -2.002024e+02
21  -4.628990e+01  -1.351532e+02
22  -3.875042e+02  -8.115172e+01
23  -1.108698e+02  -6.994567e+01
24  -3.010950e+02  -3.575139e+00
25  -2.624517e+02  -4.583611e+01
26  -2.742227e+02  -6.041085e+01
27  -1.957853e+02  -1.452324e+02
28  -2.311554e+02  -1.669612e+02
29  -2.671958e+02  -1.306124e+02
30  -2.981393e+02  -1.397226e+02
31  -3.090631e+02  -1.174029e+02
32  -1.754010e+02  -1.139671e+02
33  -2.389702e+02  -6.232349e+01
34  -2.792711e+02  -5.222218e+01
35  -1.365237e+02  -7.093656e+01
36  -2.206150e+02  -8.121653e+01
37  -2.498077e+02  -9.183865e+01
38  -3.121227e+02  -9.881861e+01
39  -1.961311e+02  -6.798667e+01
40  -3.672289e+02  -4.063452e+01
41  -3.157029e+02  -4.377384e+01
42  -2.565534e+02  -6.054875e+01
43  -3.642696e+02  3.216353e+00
44  -5.357459e+02  2.439849e+01
45  -5.366621e+02  4.754600e+01
46  2.184151e+02  1.365024e+02
47  -3.617114e+02  1.409148e+02
48  4.224535e+02  8.185953e+01
49  -5.687590e+02  -8.130666e+01
50  3.969186e+02  5.809198e+01
51  9.626373e+02  -1.220492e+02
52  -6.502649e+02  -1.460945e+02
53  -1.211630e+03  -5.085186e+02
54  -6.161328e+02  -3.761478e+02
55  -1.055588e+03  -5.758000e+02
56  9.031362e+02  -5.282009e+02
57  -3.582404e+03  -1.147569e+03
58  -1.231448e+03  -1.546961e+03
59  1.403201e+03  -9.262338e+02
60  -8.478125e+02  -6.374274e+02
61  4.063307e+03  -1.584696e+03
62  -5.333178e+03  -3.298444e+03
63  -2.806348e+05  -5.711649e+03
ENDPROP
STARTPROP
MASSES:  4.200000e-03   4.200000e-03
SOURCE: GAM_5
SINKS: GAM_5
0  1.603353e+07  -2.949019e+04
1  1.549431e+07  -5.088879e+04
2  1.287324e+07  -4.824673e+04
3  1.114427e+07  -6.150604e+04
4  9.550718e+06  -5.819679e+04
5  8.032087e+06  -4.415152e+04
6  7.043373e+06  -3.252751e+04
7  5.816140e+06  -1.131803e+04
8  4.768013e+06  1.313897e+03
9  3.923458e+06  -1.273848e+03
10  3.297557e+06  5.730690e+03
11  2.773885e+06  1.153033e+04
12  2.333792e+06  1.034285e+04
13  1.924270e+06  6.561292e+03
14  1.552552e+06  3.860765e+03
15  1.279339e+06  4.025635e+03
16  1.048341e+06  5.496535e+03
17  8.638719e+05  3.863168e+03
18  7.223687e+05  3.110366e+03
19  6.021375e+05  3.277933e+03
20  4.980616e+05  4.274169e+03
21  4.246434e+05  4.433239e+03
22  3.658675e+05  3.400535e+03
23  3.061412e+05  2.187886e+03
24  2.562672e+05  2.162983e+03
25  2.156562e+05  2.017624e+03
26  1.835980e+05  1.960808e+03
27  1.593329e+05  1.958612e+03
28  1.427317e+05  1.694635e+03
29  1.292270e+05  1.404288e+03
30  1.151814e+05  9.160227e+02
31  1.039004e+05  4.191889e+02
32  9.836277e+04  4.155649e+01
33  9.891549e+04  -9.203726e+01
34  1.021878e+05  -3.916959e+01
35  1.067537e+05  -1.708548e+02
36  1.150042e+05  -6.781622e+02
37  1.275866e+05  -1.318488e+03
38  1.454416e+05  -1.855823e+03
39  1.684271e+05  -1.764708e+03
40  1.976681e+05  -1.897397e+03
41  2.393652e+05  -2.378181e+03
42  2.926048e+05  -3.453339e+03
43  3.538340e+05  -4.821879e+03
44  4.216537e+05  -6.057508e+03
45  5.007720e+05  -6.513413e+03
46  6.001595e+05  -5.678295e+03
47  7.191714e+05  -4.060356e+03
48  8.716122e+05  -3.607252e+03
49  1.082715e+06  -2.334746e+03
50  1.340306e+06  -2.007291e+03
51  1.626610e+06  -2.530420e+03
52  1.930824e+06  3.364770e+03
53  2.279701e+06  6.779238e+03
54  2.800211e+06  9.507846e+03
55  3.435423e+06  1.209219e+04
56  4.136597e+06  3.514743e+03
57  4.937231e+06  -1.005686e+04
58  6.043604e+06  -1.919015e+04
59  7.580237e+06  -2.926583e+04
60  9.342000e+06  -3.004689e+04
61  1.132828e+07  -2.830373e+04
62  1.339062e+07  -2.277603e+04
63  1.601177e+07  -1.462571e+04
ENDPROP
STARTPROP
MASSES:  4.200000e-03   4.200000e-03
SOURCE: GAM_12
SINKS: GAM_12
0  6.585473e+05  3.855530e+03
1  -8.935419e+05  7.037076e+03
2  -3.090843e+05  5.116657e+03
3  -1.580118e+05  3.175885e+03
4  -9.846773e+04  1.412033e+03
5  -6.774960e+04  3.084447e+03
6  -3.282797e+04  2.442243e+03
7  -9.439996e+03  4.046090e+03
8  -8.378773e+03  2.493410e+03
9  -8.903969e+03  1.328330e+03
10  -8.603325e+03  1.737287e+03
11  -5.259721e+03  7.590426e+02
12  -6.276790e+03  1.393956e+02
13  -4.945003e+03  6.873693e+02
14  -3.996530e+03  3.134788e+02
15  -1.604090e+02  4.396381e+02
16  8.274506e+02  3.222053e+02
17  5.889928e+02  2.860303e+02
18  4.702864e+02  2.334087e+02
19  5.592534e+02  2.693095e+01
20  4.605925e+02  1.418365e+02
21  3.653248e+01  2.205251e+02
22  -6.887583e+01  4.007255e+02
23  2.300637e+02  1.573129e+02
24  4.228942e+02  -1.314535e+01
25  5.358425e+02  -1.402532e+02
26  2.340377e+02  -1.286091e+02
27  -1.806930e+02  -1.990184e+02
28  -3.838354e+02  -1.840458e+02
29  2.314760e+02  -9.447009e+01
30  4.496186e+02  -3.493384e+01
31  3.753772e+02  2.405377e+00
32  3.766454e+02  -4.498471e+00
33  4.340592e+02  -3.978839e+00
34  4.370858e+01  -4.618220e+01
35  3.450099e+01  -6.708920e+00
36  -7.609689e+01  -3.415127e+01
37  -2.788266e+01  -3.381742e+01
38  9.603310e+01  -2.759652e+01
39  2.671761e+01  -4.286378e+00
40  4.421740e+02  3.300510e+01
41  7.223691e+02  1.117166e+02
42  1.014942e+03  1.841186e+01
43  1.582736e+03  -1.797191e+01
44  1.831530e+03  -4.396750e+01
45  1.374149e+03  1.714251e+02
46  2.157979e+03  5.753247e+02
47  3.147274e+03  7.223058e+02
48  2.752639e+03  4.586131e+02
49  2.604469e+03  -7.087038e+00
50  1.223884e+03  4.991670e+00
51  2.026277e+03  3.360080e+02
52  1.573892e+03  3.624736e+02
53  -5.558718e+02  3.114323e+02
54  -4.377434e+03  4.657416e+01
55  -8.240440e+03  2.387674e+01
56  -6.484612e+03  1.032558e+03
57  -1.130259e+04  1.887489e+03
58  -8.022479e+03  2.598699e+03
59  -8.628135e+03  1.121947e+03
60  -2.273742e+04  1.180855e+03
61  -6.273929e+04  1.095391e+03
62  -2.082047e+05  -8.400820e+02
63  -8.199590e+05  -2.419160e+03
ENDPROP
STARTPROP
MASSES:  4.200000e-03   4.200000e-03
SOURCE: GAM_21
SINKS: GAM_21
0  6.585473e+05  3.855530e+03
1  -8.935419e+05  7.037076e+03
2  -3.090843e+05  5.116657e+03
3  -1.580118e+05  3.175885e+03
4  -9.846773e+04  1.412033e+03
5  -6.774960e+04  3.084447e+03
6  -3.282797e+04  2.442243e+03
7  -9.439996e+03  4.046090e+03
8  -8.378773e+03  2.493410e+03
9  -8.903969e+03  1.328330e+03
10  -8.603325e+03  1.737287e+03
11  -5.259721e+03  7.590426e+02
12  -6.276790e+03  1.393956e+02
13  -4.945003e+03  6.873693e+02
14  -3.996530e+03  3.134788e+02
15  -1.604090e+02  4.396381e+02
16  8.274506e+02  3.222053e+02
17  5.889928e+02  2.860303e+02
18  4.702864e+02  2.334087e+02
19  5.592534e+02  2.693095e+01
20  4.605925e+02  1.418365e+02
21  3.653248e+01  2.205251e+02
22  -6.887583e+01  4.007255e+02
23  2.300637e+02  1.573129e+02
24  4.228942e+02  -1.314535e+01
25  5.358425e+02  -1.402532e+02
26  2.340377e+02  -1.286091e+02
27  -1.806930e+02  -1.990184e+02
28  -3.838354e+02  -1.840458e+02
29  2.314760e+02  -9.447009e+01
30  4.496186e+02  -3.493384e+01
31  3.753772e+02  2.405377e+00
32  3.766454e+02  -4.498471e+00
33  4.340592e+02  -3.978839e+00
34  4.370858e+01  -4.618220e+01
35  3.450099e+01  -6.708920e+00
36  -7.609689e+01  -3.415127e+01
37  -2.788266e+01  -3.381742e+01
38  9.603310e+01  -2.759652e+01
39  2.671761e+01  -4.286378e+00
40  4.421740e+02  3.300510e+01
41  7.223691e+02  1.117166e+02
42  1.014942e+03  1.841186e+01
43  1.582736e+03  -1.797191e+01
44  1.831530e+03  -4.396750e+01
45  1.374149e+03  1.714251e+02
46  2.157979e+03  5.753247e+02
47  3.147274e+03  7.223058e+02
48  2.752639e+03  4.586131e+02
49  2.604469e+03  -7.087038e+00
50  1.223884e+03  4.991670e+00
51  2.026277e+03  3.360080e+02
52  1.573892e+03  3.624736e+02
53  -5.558718e+02  3.114323e+02
54  -4.377434e+03  4.657416e+01
55  -8.240440e+03  2.387674e+01
56  -6.484612e+03  1.032558e+03
57  -1.130259e+04  1.887489e+03
58  -8.022479e+03  2.598699e+03
59  -8.628135e+03  1.121947e+03
60  -2.273742e+04  1.180855e+03
61  -6.273929e+04  1.095391e+03
62  -2.082047e+05  -8.400820e+02
63  -8.199590e+05  -2.419160e+03
ENDPROP
STARTPROP
MASSES:  4.200000e-03   4.200000e-03
SOURCE: GAM_13
SINKS: GAM_13
0  7.748306e+05  -2.526486e+03
1  -7.895099e+05  2.108725e+03
2  -2.318264e+05  1.771606e+03
3  -1.077736e+05  5.676432e+02
4  -5.653566e+04  -4.778445e+02
5  -3.848622e+04  -1.582072e+02
6  -3.283326e+04  8.133934e+02
7  -1.459767e+04  1.259676e+03
8  -3.772942e+03  1.623108e+03
9  3.852464e+02  9.967773e+01
10  -1.592285e+03  5.193118e+02
11  -4.304416e+03  3.196709e+02
12  -1.327464e+04  4.085524e+02
13  -1.244726e+04  -1.446844e+02
14  -5.616803e+03  -3.625865e+02
15  -2.498897e+03  -1.702156e+02
16  -1.401725e+03  -2.098425e+02
17  -3.152453e+02  -1.762370e+01
18  -1.085348e+03  1.191271e+02
19  -2.291528e+02  -1.219143e+01
20  -2.991851e+02  3.226168e+01
21  -1.363267e+03  -1.476974e+02
22  -1.500542e+03  -3.094474e+02
23  -1.339836e+03  -2.182014e+02
24  -9.735615e+02  -3.249262e+00
25  -5.675597e+02  1.177687e+02
26  -2.708457e+02  5.046336e+01
27  -4.618523e+02  -5.911967e+01
28  -3.777963e+02  -4.103383e+01
29  1.140247e+02  3.668393e+00
30  2.133413e+02  1.322369e+02
31  2.741142e+01  1.406710e+02
32  -6.833342e+01  9.581662e+01
33  -2.083422e+02  1.624309e+01
34  -3.454375e+02  2.039294e+00
35  -2.610444e+02  9.072955e+00
36  -8.801306e+01  8.714277e+00
37  3.399798e+01  1.304307e+01
38  -2.502361e+01  -2.026827e+01
39  -2.053188e+02  -5.318048e+00
40  -5.207280e+02  -5.603416e+01
41  2.921632e+02  -1.299728e+02
42  1.297726e+03  -2.512528e+02
43  2.016364e+03  -2.890995e+02
44  2.144439e+03  -3.685957e+02
45  1.885656e+03  -3.840314e+02
46  2.050818e+03  -1.610361e+02
47  9.949628e+02  8.506273e+01
48  -5.561687e+02  -4.031666e+01
49  -2.201662e+03  1.567877e+02
50  -4.966691e+02  7.163891e+02
51  5.318321e+03  1.284829e+03
52  4.834074e+03  1.770621e+03
53  1.876474e+03  1.382172e+03
54  2.805423e+03  9.678291e+02
55  8.618293e+03  1.310286e+03
56  1.732731e+04  1.003845e+03
57  1.451924e+04  1.449680e+03
58  1.286312e+04  1.538758e+03
59  -4.239735e+03  -2.203953e+03
60  7.104784e+03  -3.617197e+03
61  -1.744787e+04  -4.010272e+03
62  -1.260478e+05  -1.389942e+03
63  -6.835783e+05  -2.071913e+03
ENDPROP
STARTPROP
MASSES:  4.200000e-03   4.200000e-03
SOURCE: GAM_31
SINKS: GAM_31
0  7.748306e+05  -2.526486e+03
1  -7.895099e+05  2.108725e+03
2  -2.318264e+05  1.771606e+03
3  -1.077736e+05  5.676432e+02
4  -5.653566e+04  -4.778445e+02
5  -3.848622e+04  -1.582072e+02
6  -3.283326e+04  8.133934e+02
7  -1.459767e+04  1.259676e+03
8  -3.772942e+03  1.623108e+03
9  3.852464e+02  9.967773e+01
10  -1.592285e+03  5.193118e+02
11  -4.304416e+03  3.196709e+02
12  -1.327464e+04  4.085524e+02
13  -1.244726e+04  -1.446844e+02
14  -5.616803e+03  -3.625865e+02
15  -2.498897e+03  -1.702156e+02
16  -1.401725e+03  -2.098425e+02
17  -3.152453e+02  -1.762370e+01
18  -1.085348e+03  1.191271e+02
19  -2.291528e+02  -1.219143e+01
20  -2.991851e+02  3.226168e+01
21  -1.363267e+03  -1.476974e+02
22  -1.500542e+03  -3.094474e+02
23  -1.339836e+03  -2.182014e+02
24  -9.735615e+02  -3.249262e+00
25  -5.675597e+02  1.177687e+02
26  -2.708457e+02  5.046336e+01
27  -4.618523e+02  -5.911967e+01
28  -3.777963e+02  -4.103383e+01
29  1.140247e+02  3.668393e+00
30  2.133413e+02  1.322369e+02
31  2.741142e+01  1.406710e+02
32  -6.833342e+01  9.581662e+01
33  -2.083422e+02  1.624309e+01
34  -3.454375e+02  2.039294e+00
35  -2.610444e+02  9.072955e+00
36  -8.801306e+01  8.714277e+00
37  3.399798e+01  1.304307e+01
38  -2.502361e+01  -2.026827e+01
39  -2.053188e+02  -5.318048e+00
40  -5.207280e+02  -5.603416e+01
41  2.921632e+02  -1.299728e+02
42  1.297726e+03  -2.512528e+02
43  2.016364e+03  -2.890995e+02
44  2.144439e+03  -3.685957e+02
45  1.885656e+03  -3.840314e+02
46  2.050818e+03  -1.610361e+02
47  9.949628e+02  8.506273e+01
48  -5.561687e+02  -4.031666e+01
49  -2.201662e+03  1.567877e+02
50  -4.966691e+02  7.163891e+02
51  5.318321e+03  1.284829e+03
52  4.834074e+03  1.770621e+03
53  1.876474e+03  1.382172e+03
54  2.805423e+03  9.678291e+02
55  8.618293e+03  1.310286e+03
56  1.732731e+04  1.003845e+03
57  1.451924e+04  1.449680e+03
58  1.286312e+04  1.538758e+03
59  -4.239735e+03  -2.203953e+03
60  7.104784e+03  -3.617197e+03
61  -1.744787e+04  -4.010272e+03
62  -1.260478e+05  -1.389942e+03
63  -6.835783e+05  -2.071913e+03
ENDPROP
STARTPROP
MASSES:  4.200000e-03   4.200000e-03
SOURCE: GAM_14
SINKS: GAM_14
0  -6.614883e+04  4.087859e+03
1  1.334052e+06  -1.906297e+03
2  6.113646e+05  9.538005e+02
3  3.283494e+05  2.774894e+03
4  1.948012e+05  6.519213e+02
5  9.920697e+04  -9.493095e+02
6  5.093327e+04  -2.492162e+03
7  2.999040e+04  -1.935032e+03
8  1.673926e+04  -3.862747e+02
9  1.507900e+04  5.156237e+02
10  1.602409e+04  -4.630638e+02
11  6.326885e+03  1.430077e+02
12  5.377196e+03  -5.978231e+02
13  3.729000e+03  -1.872115e+03
14  3.638632e+03  -9.004196e+02
15  2.159586e+03  -9.234187e+02
16  -3.375058e+00  -5.783448e+02
17  -2.624700e+03  -3.026346e+02
18  -3.232591e+03  -1.375077e+02
19  -3.434541e+03  -2.483592e+02
20  -2.931363e+03  -5.294851e+02
21  -1.517493e+03  -4.617806e+02
22  -4.393216e+02  -1.870455e+02
23  -4.068958e+02  -8.049323e+01
24  -2.378358e+02  5.040972e+01
25  -5.369661e+02  8.615029e+01
26  -1.394260e+03  2.990508e+01
27  -1.423242e+03  -9.961433e+00
28  -9.183190e+02  1.957116e+01
29  -4.341198e+02  6.365489e+01
30  -4.119191e+02  2.848417e+01
31  -7.269250e+02  2.123113e+01
32  -6.907350e+02  1.962245e+01
33  -4.226677e+02  -1.613152e+01
34  -4.351448e+02  -1.412963e+01
35  -4.942309e+02  -4.054282e+01
36  -5.664995e+02  -7.868761e+01
37  -6.231298e+02  -1.164239e+02
38  -8.580023e+02  -8.142875e+01
39  -8.840480e+02  9.311386e+00
40  -1.027202e+03  5.262560e+01
41  -7.739370e+02  8.513767e+01
42  -9.296816e+02  1.595893e+02
43  -1.313069e+03  1.434760e+02
44  -1.049672e+03  -6.936870e-01
45  -1.294408e+03  -6.600153e+01
46  -7.085380e+01  -1.557752e+02
47  1.566647e+03  -1.307999e+02
48  -1.266079e+03  4.781199e+01
49  -4.885626e+03  1.328953e+02
50  -9.253567e+03  6.236863e+01
51  -6.058073e+03  7.048379e+02
52  -5.148355e+03  7.537318e+02
53  2.375251e+03  4.515022e+02
54  8.870743e+03  1.164342e+03
55  6.967306e+03  1.999564e+03
56  8.979446e+03  2.305490e+03
57  1.514573e+04  2.911815e+03
58  4.337435e+04  1.605431e+03
59  8.996619e+04  -4.843369e+02
60  1.648280e+05  -1.077881e+03
61  3.066921e+05  1.042599e+03
62  5.746618e+05  1.999140e+03
63  1.333194e+06  6.946865e+03
ENDPROP
STARTPROP
MASSES:  4.200000e-03   4.200000e-03
SOURCE: GAM_41
SINKS: GAM_41
0  -6.614883e+04  4.087859e+03
1  1.334052e+06  -1.906297e+03
2  6.113646e+05  9.538005e+02
3  3.283494e+05  2.774894e+03
4  1.948012e+05  6.519213e+02
5  9.920697e+04  -9.493095e+02
6  5.093327e+04  -2.492162e+03
7  2.999040e+04  -1.935032e+03
8  1.673926e+04  -3.862747e+02
9  1.507900e+04  5.156237e+02
10  1.602409e+04  -4.630638e+02
11  6.326885e+03  1.430077e+02
12  5.377196e+03  -5.978231e+02
13  3.729000e+03  -1.872115e+03
14  3.638632e+03  -9.004196e+02
15  2.159586e+03  -9.234187e+02
16  -3.375058e+00  -5.783448e+02
17  -2.624700e+03  -3.026346e+02
18  -3.232591e+03  -1.375077e+02
19  -3.434541e+03  -2.483592e+02
20  -2.931363e+03  -5.294851e+02
21  -1.517493e+03  -4.617806e+02
22  -4.393216e+02  -1.870455e+02
23  -4.068958e+02  -8.049323e+01
24  -2.378358e+02  5.040972e+01
25  -5.369661e+02  8.615029e+01
26  -1.394260e+03  2.990508e+01
27  -1.423242e+03  -9.961433e+00
28  -9.183190e+02  1.957116e+01
29  -4.341198e+02  6.365489e+01
30  -4.119191e+02  2.848417e+01
31  -7.269250e+02  2.123113e+01
32  -6.907350e+02  1.962245e+01
33  -4.226677e+02  -1.613152e+01
34  -4.351448e+02  -1.412963e+01
35  -4.942309e+02  -4.054282e+01
36  -5.664995e+02  -7.868761e+01
37  -6.231298e+02  -1.164239e+02
38  -8.580023e+02  -8.142875e+01
39  -8.840480e+02  9.311386e+00
40  -1.027202e+03  5.262560e+01
41  -7.739370e+02  8.513767e+01
42  -9.296816e+02  1.595893e+02
43  -1.313069e+03  1.434760e+02
44  -1.049672e+03  -6.936870e-01
45  -1.294408e+03  -6.600153e+01
46  -7.085380e+01  -1.557752e+02
47  1.566647e+03  -1.307999e+02
48  -1.266079e+03  4.781199e+01
49  -4.885626e+03  1.328953e+02
50  -9.253567e+03  6.236863e+01
51  -6.058073e+03  7.048379e+02
52  -5.148355e+03  7.537318e+02
53  2.375251e+03  4.515022e+02
54  8.870743e+03  1.164342e+03
55  6.967306e+03  1.999564e+03
56  8.979446e+03  2.305490e+03
57  1.514573e+04  2.911815e+03
58  4.337435e+04  1.605431e+03
59  8.996619e+04  -4.843369e+02
60  1.648280e+05  -1.077881e+03
61  3.066921e+05  1.042599e+03
62  5.746618e+05  1.999140e+03
63  1.333194e+06  6.946865e+03
ENDPROP
STARTPROP
MASSES:  4.200000e-03   4.200000e-03
SOURCE: GAM_23
SINKS: GAM_23
0  8.375026e+05  -2.461116e+03
1  -7.127468e+05  5.011719e+03
2  -1.711964e+05  2.713477e+03
3  -6.800011e+04  1.139482e+03
4  1.554601e+04  2.392662e+03
5  3.179231e+04  2.227932e+03
6  4.252018e+04  2.367505e+03
7  3.357358e+04  1.057696e+03
8  2.214465e+04  1.359408e+03
9  9.213196e+03  2.548450e+03
10  3.689321e+03  1.697322e+03
11  3.145167e+03  5.574474e+02
12  -4.969898e+02  -4.033763e+02
13  -1.515827e+03  -6.402584e+02
14  1.445901e+02  -8.821801e+02
15  -2.196767e+02  -1.008607e+03
16  -1.210397e+03  -9.001506e+02
17  -5.051058e+02  -7.487726e+02
18  -2.501440e+02  -5.837653e+02
19  -7.249732e+02  -4.779104e+01
20  -4.260455e+02  9.291869e+01
21  3.608472e+02  -6.807187e+01
22  -1.538271e+02  1.672862e+02
23  -8.725211e+02  1.468002e+02
24  -7.874781e+02  1.424131e+02
25  -6.556911e+02  8.131744e+01
26  -3.610088e+02  1.812867e+01
27  -3.768001e+02  5.013136e+01
28  -4.181449e+02  3.933992e+01
29  -4.291818e+02  5.439016e+01
30  -3.817733e+01  1.071342e+02
31  1.660907e+02  1.462922e+02
32  -4.569168e+00  1.067032e+02
33  -5.722722e+01  1.025655e+02
34  -1.116074e+02  8.304550e+01
35  -2.915334e+01  3.467358e+01
36  -3.139980e+01  5.859281e+01
37  -9.060675e+01  8.271389e+01
38  -3.298553e+02  1.080793e+02
39  -7.727403e+02  6.794589e+01
40  -3.318781e+02  1.396762e+02
41  -9.728094e+01  1.128959e+02
42  -1.562455e+02  1.158134e+02
43  3.666548e+02  1.651478e+02
44  1.339061e+03  1.981965e+02
45  2.635707e+03  4.496706e+02
46  4.652458e+03  5.077871e+02
47  5.329514e+03  5.988101e+02
48  4.326309e+03  5.254006e+02
49  7.905242e+02  8.164543e+01
50  4.794390e+02  4.949578e+02
51  -1.952651e+03  7.147231e+02
52  -8.050558e+03  9.291721e+02
53  -9.367816e+03  1.008248e+03
54  -7.306597e+03  1.559317e+03
55  -5.600025e+02  1.356210e+03
56  -4.073180e+03  8.202547e+02
57  -1.755211e+03  -4.561692e+01
58  1.365520e+03  -1.149726e+03
59  8.760971e+03  -2.399076e+03
60  -1.597675e+03  -4.565539e+03
61  -4.638404e+04  -8.201531e+03
62  -1.589987e+05  -8.145616e+03
63  -7.138813e+05  -7.998059e+03
ENDPROP
STARTPROP
MASSES:  4.200000e-03   4.200000e-03
SOURCE: GAM_32
SINKS: GAM_32
0  8.375026e+05  -2.461116e+03
1  -7.127468e+05  5.011719e+03
2  -1.711964e+05  2.713477e+03
3  -6.800011e+04  1.139482e+03
4  1.554601e+04  2.392662e+03
5  3.179231e+04  2.227932e+03
6  4.252018e+04  2.367505e+03
7  3.357358e+04  1.057696e+03
8  2.214465e+04  1.359408e+03
9  9.213196e+03  2.548450e+03
10  3.689321e+03  1.697322e+03
11  3.145167e+03  5.574474e+02
12  -4.969898e+02  -4.033763e+02
13  -1.515827e+03  -6.402584e+02
14  1.445901e+02  -8.821801e+02
15  -2.196767e+02  -1.008607e+03
16  -1.210397e+03  -9.001506e+02
17  -5.051058e+02  -7.487726e+02
18  -2.501440e+02  -5.837653e+02
19  -7.249732e+02  -4.779104e+01
20  -4.260455e+02  9.291869e+01
21  3.608472e+02  -6.807187e+01
22  -1.538271e+02  1.672862e+02
23  -8.725211e+02  1.468002e+02
24  -7.874781e+02  1.424131e+02
25  -6.556911e+02  8.131744e+01
26  -3.610088e+02  1.812867e+01
27  -3.768001e+02  5.013136e+01
28  -4.181449e+02  3.933992e+01
29  -4.291818e+02  5.439016e+01
30  -3.817733e+01  1.071342e+02
31  1.660907e+02  1.462922e+02
32  -4.569168e+00  1.067032e+02
33  -5.722722e+01  1.025655e+02
34  -1.116074e+02  8.304550e+01
35  -2.915334e+01  3.467358e+01
36  -3.139980e+01  5.859281e+01
37  -9.060675e+01  8.271389e+01
38  -3.298553e+02  1.080793e+02
39  -7.727403e+02  6.794589e+01
40  -3.318781e+02  1.396762e+02
41  -9.728094e+01  1.128959e+02
42  -1.562455e+02  1.158134e+02
43  3.666548e+02  1.651478e+02
44  1.339061e+03  1.981965e+02
45  2.635707e+03  4.496706e+02
46  4.652458e+03  5.077871e+02
47  5.329514e+03  5.988101e+02
48  4.326309e+03  5.254006e+02
49  7.905242e+02  8.164543e+01
50  4.794390e+02  4.949578e+02
51  -1.952651e+03  7.147231e+02
52  -8.050558e+03  9.291721e+02
53  -9.367816e+03  1.008248e+03
54  -7.306597e+03  1.559317e+03
55  -5.600025e+02  1.356210e+03
56  -4.073180e+03  8.202547e+02
57  -1.755211e+03  -4.561692e+01
58  1.365520e+03  -1.149726e+03
59  8.760971e+03  -2.399076e+03
60  -1.597675e+03  -4.565539e+03
61  -4.638404e+04  -8.201531e+03
62  -1.589987e+05  -8.145616e+03
63  -7.138813e+05  -7.998059e+03
ENDPROP
STARTPROP
MASSES:  4.200000e-03   4.200000e-03
SOURCE: GAM_24
SINKS: GAM_24
0  -8.611919e+04  -1.510632e+03
1  1.290339e+06  1.041696e+03
2  5.388249e+05  5.257115e+03
3  2.860327e+05  1.817606e+03
4  1.359252e+05  -9.212382e+02
5  6.008556e+04  -2.008034e+03
6  3.776446e+04  -3.986438e+02
7  2.073668e+04  -2.914116e+03
8  2.093990e+04  -7.217984e+02
9  1.387311e+04  1.154186e+01
10  1.116230e+04  2.159855e+03
11  7.667345e+03  1.261322e+03
12  -5.933384e+03  5.645904e+02
13  -6.253792e+03  1.008847e+03
14  -5.232237e+03  1.768224e+02
15  -3.592273e+03  6.982469e+02
16  -4.544412e+03  5.756183e+02
17  -4.090544e+03  4.679038e+02
18  -3.019185e+03  3.236060e+02
19  -1.698630e+03  -4.545579e+01
20  -1.084603e+03  -2.235072e+02
21  -1.919446e+03  -6.472723e+01
22  -1.654343e+03  -9.671989e+01
23  -8.034559e+02  -1.487652e+02
24  4.974450e+02  -1.937735e+02
25  5.641280e+02  -1.079817e+02
26  -2.619789e+02  -1.313973e+01
27  -4.409773e+02  -1.866142e+01
28  3.653254e+02  -1.387029e+02
29  6.587412e+02  -2.085215e+02
30  4.026446e+02  -1.883290e+02
31  2.422053e+02  -1.687186e+02
32  2.691391e+02  -9.662220e+01
33  2.428952e+02  -5.933164e+01
34  1.852924e+01  -4.138275e+01
35  -2.201025e+02  -5.324543e+01
36  1.709591e+02  -7.525024e+01
37  4.155403e+02  -3.015687e+01
38  7.001355e+02  -5.243594e+01
39  7.702391e+02  -5.494888e+01
40  5.224458e+02  -1.298811e+02
41  -1.921218e+02  -5.275646e+01
42  1.696965e+02  6.801930e+01
43  -1.973255e+02  2.292015e+00
44  -1.214400e+03  2.119688e+02
45  -1.056649e+03  4.907674e+01
46  -7.012944e+02  -7.103898e+01
47  -7.760016e+02  2.136554e+02
48  3.161229e+02  7.561057e+02
49  3.434280e+03  8.307952e+02
50  7.243124e+03  3.054082e+02
51  4.962752e+03  4.381172e+02
52  9.337796e+02  7.770341e+02
53  -1.107851e+03  1.204803e+03
54  -3.443888e+02  1.682595e+03
55  -7.407054e+03  2.604956e+03
56  -3.740828e+03  3.534100e+03
57  1.377892e+04  3.400032e+03
58  3.561815e+04  1.527075e+03
59  6.810277e+04  -2.507266e+03
60  1.658182e+05  -2.689369e+03
61  2.983249e+05  -3.178482e+03
62  5.553150e+05  -3.371147e+03
63  1.304812e+06  -4.574276e+03
ENDPROP
STARTPROP
MASSES:  4.200000e-03   4.200000e-03
SOURCE: GAM_42
SINKS: GAM_42
0  -8.611919e+04  -1.510632e+03
1  1.290339e+06  1.041696e+03
2  5.388249e+05  5.257115e+03
3  2.860327e+05  1.817606e+03
4  1.359252e+05  -9.212382e+02
5  6.008556e+04  -2.008034e+03
6  3.776446e+04  -3.986438e+02
7  2.073668e+04  -2.914116e+03
8  2.093990e+04  -7.217984e+02
9  1.387311e+04  1.154186e+01
10  1.116230e+04  2.159855e+03
11  7.667345e+03  1.261322e+03
12  -5.933384e+03  5.645904e+02
13  -6.253792e+03  1.008847e+03
14  -5.232237e+03  1.768224e+02
15  -3.592273e+03  6.982469e+02
16  -4.544412e+03  5.756183e+02
17  -4.090544e+03  4.679038e+02
18  -3.019185e+03  3.236060e+02
19  -1.698630e+03  -4.545579e+01
20  -1.084603e+03  -2.235072e+02
21  -1.919446e+03  -6.472723e+01
22  -1.654343e+03  -9.671989e+01
23  -8.034559e+02  -1.487652e+02
24  4.974450e+02  -1.937735e+02
25  5.641280e+02  -1.079817e+02
26  -2.619789e+02  -1.313973e+01
27  -4.409773e+02  -1.866142e+01
28  3.653254e+02  -1.387029e+02
29  6.587412e+02  -2.085215e+02
30  4.026446e+02  -1.883290e+02
31  2.422053e+02  -1.687186e+02
32  2.691391e+02  -9.662220e+01
33  2.428952e+02  -5.933164e+01
34  1.852924e+01  -4.138275e+01
35  -2.201025e+02  -5.324543e+01
36  1.709591e+02  -7.525024e+01
37  4.155403e+02  -3.015687e+01
38  7.001355e+02  -5.243594e+01
39  7.702391e+02  -5.494888e+01
40  5.224458e+02  -1.298811e+02
41  -1.921218e+02  -5.275646e+01
42  1.696965e+02  6.801930e+01
43  -1.973255e+02  2.292015e+00
44  -1.214400e+03  2.119688e+02
45  -1.056649e+03  4.907674e+01
46  -7.012944e+02  -7.103898e+01
47  -7.760016e+02  2.136554e+02
48  3.161229e+02  7.561057e+02
49  3.434280e+03  8.307952e+02
50  7.243124e+03  3.054082e+02
51  4.962752e+03  4.381172e+02
52  9.337796e+02  7.770341e+02
53  -1.107851e+03  1.204803e+03
54  -3.443888e+02  1.682595e+03
55  -7.407054e+03  2.604956e+03
56  -3.740828e+03  3.534100e+03
57  1.377892e+04  3.400032e+03
58  3.561815e+04  1.527075e+03
59  6.810277e+04  -2.507266e+03
60  1.658182e+05  -2.689369e+03
61  2.983249e+05  -3.178482e+03
62  5.553150e+05  -3.371147e+03
63  1.304812e+06  -4.574276e+03
ENDPROP
STARTPROP
MASSES:  4.200000e-03   4.200000e-03
SOURCE: GAM_34
SINKS: GAM_34
0  -9.597923e+04  1.605228e+03
1  1.338006e+06  -3.526321e+03
2  6.164050e+05  -1.100479e+03
3  3.658754e+05  -4.259068e+01
4  2.000805e+05  -2.453745e+03
5  1.169967e+05  -4.595249e+03
6  6.010642e+04  -3.616913e+03
7  4.894698e+04  -3.020817e+03
8  3.552857e+04  -5.012308e+02
9  1.467740e+04  3.145497e+02
10  3.381850e+03  8.625642e+02
11  -5.652961e+02  2.421711e+02
12  -7.128464e+03  3.362903e+02
13  -8.759527e+03  -2.720570e+02
14  -1.053390e+04  -7.533635e+02
15  -1.010657e+04  -9.228655e+02
16  -7.318178e+03  -5.820564e+02
17  -3.791224e+03  -2.678653e+02
18  -4.375381e+03  -2.267899e+02
19  -2.777401e+03  -2.219582e+02
20  -9.655533e+02  1.130610e+01
21  -8.975855e+02  2.160073e+02
22  -5.916091e+02  2.214709e+02
23  -1.176577e+02  1.186785e+02
24  4.252527e+02  1.065931e+02
25  6.248072e+02  4.603077e+01
26  3.452569e+02  1.422563e+02
27  1.991332e+02  7.777555e+01
28  1.401239e+02  5.075992e+01
29  -1.600906e+02  5.299664e+01
30  1.032211e+02  4.687400e+01
31  3.615516e+02  2.303778e+01
32  5.876322e+02  2.947822e+01
33  4.647101e+02  1.560055e+00
34  3.780172e+02  -1.022739e+01
35  1.798658e+02  -6.235519e+01
36  -5.265544e+01  -2.010089e+01
37  -2.972304e+00  4.809910e+01
38  2.574953e+02  1.493831e+02
39  2.605736e+01  1.366757e+02
40  -4.576394e+02  1.306385e+02
41  -1.088533e+02  8.221087e+01
42  1.302973e+02  8.032130e+01
43  6.761241e+02  4.783242e+01
44  5.726906e+02  -8.839438e+01
45  -2.380578e+02  1.039658e+02
46  8.444778e+01  2.693186e+02
47  7.868772e+02  3.415556e+02
48  2.942671e+03  1.499726e+02
49  4.531889e+03  6.290998e+01
50  3.923901e+03  4.234085e+02
51  4.866314e+03  5.213887e+02
52  2.352872e+03  -3.143230e+02
53  6.935701e+03  -1.092301e+03
54  1.440820e+04  -1.979558e+03
55  2.039532e+04  -2.473883e+03
56  2.546991e+04  -2.460240e+03
57  2.900861e+04  -1.660495e+03
58  4.344186e+04  -2.565685e+03
59  6.858934e+04  -3.794144e+03
60  1.381265e+05  -4.823980e+03
61  2.969785e+05  -1.701908e+03
62  5.532186e+05  1.777465e+03
63  1.290601e+06  5.834324e+03
ENDPROP
STARTPROP
MASSES:  4.200000e-03   4.200000e-03
SOURCE: GAM_43
SINKS: GAM_43
0  -9.597923e+04  1.605228e+03
1  1.338006e+06  -3.526321e+03
2  6.164050e+05  -1.100479e+03
3  3.658754e+05  -4.259068e+01
4  2.000805e+05  -2.453745e+03
5  1.169967e+05  -4.595249e+03
6  6.010642e+04  -3.616913e+03
7  4.894698e+04  -3.020817e+03
8  3.552857e+04  -5.012308e+02
9  1.467740e+04  3.145497e+02
10  3.381850e+03  8.625642e+02
11  -5.652961e+02  2.421711e+02
12  -7.128464e+03  3.362903e+02
13  -8.759527e+03  -2.720570e+02
14  -1.053390e+04  -7.533635e+02
15  -1.010657e+04  -9.228655e+02
16  -7.318178e+03  -5.820564e+02
17  -3.791224e+03  -2.678653e+02
18  -4.375381e+03  -2.267899e+02
19  -2.777401e+03  -2.219582e+02
20  -9.655533e+02  1.130610e+01
21  -8.975855e+02  2.160073e+02
22  -5.916091e+02  2.214709e+02
23  -1.176577e+02  1.186785e+02
24  4.252527e+02  1.065931e+02
25  6.248072e+02  4.603077e+01
26  3.452569e+02  1.422563e+02
27  1.991332e+02  7.777555e+01
28  1.401239e+02  5.075992e+01
29  -1.600906e+02  5.299664e+01
30  1.032211e+02  4.687400e+01
31  3.615516e+02  2.303778e+01
32  5.876322e+02  2.947822e+01
33  4.647101e+02  1.560055e+00
34  3.780172e+02  -1.022739e+01
35  1.798658e+02  -6.235519e+01
36  -5.265544e+01  -2.010089e+01
37  -2.972304e+00  4.809910e+01
38  2.574953e+02  1.493831e+02
39  2.605736e+01  1.366757e+02
40  -4.576394e+02  1.306385e+02
41  -1.088533e+02  8.221087e+01
42  1.302973e+02  8.032130e+01
43  6.761241e+02  4.783242e+01
44  5.726906e+02  -8.839438e+01
45  -2.380578e+02  1.039658e+02
46  8.444778e+01  2.693186e+02
47  7.868772e+02  3.415556e+02
48  2.942671e+03  1.499726e+02
49  4.531889e+03  6.290998e+01
50  3.923901e+03  4.234085e+02
51  4.866314e+03  5.213887e+02
52  2.352872e+03  -3.143230e+02
53  6.935701e+03  -1.092301e+03
54  1.440820e+04  -1.979558e+03
55  2.039532e+04  -2.473883e+03
56  2.546991e+04  -2.460240e+03
57  2.900861e+04  -1.660495e+03
58  4.344186e+04  -2.565685e+03
59  6.858934e+04  -3.794144e+03
60  1.381265e+05  -4.823980e+03
61  2.969785e+05  -1.701908e+03
62  5.532186e+05  1.777465e+03
63  1.290601e+06  5.834324e+03
ENDPROP
STARTPROP
MASSES:  4.200000e-03   4.200000e-03
SOURCE: GAM_15
SINKS: GAM_15
0  -2.669290e+05  -2.020403e+02
1  -1.230963e+06  5.612748e+03
2  -5.076349e+05  6.473022e+02
3  -2.846582e+05  3.232170e+02
4  -1.750753e+05  2.836499e+03
5  -8.135119e+04  2.309801e+03
6  -2.877152e+04  2.964309e+02
7  -1.663868e+04  8.881757e+02
8  -9.778647e+03  1.627491e+03
9  -1.801283e+04  3.309115e+03
10  -1.454600e+04  2.681756e+03
11  -2.582496e+03  1.306632e+03
12  3.681686e+03  2.205844e+02
13  4.785592e+03  5.278118e+02
14  1.055864e+04  4.580375e+02
15  1.223389e+04  2.406853e+02
16  9.979573e+03  9.709453e+01
17  8.245754e+03  -7.906655e+01
18  5.217268e+03  -1.375803e+02
19  2.275200e+03  -2.421542e+02
20  -2.292716e+02  -2.084615e+02
21  -1.358860e+03  -5.430134e+02
22  -1.028839e+03  -7.530478e+02
23  -4.532852e+02  -5.519818e+02
24  2.463517e+02  -3.174029e+02
25  2.281586e+02  -1.075495e+02
26  -3.396873e+02  -7.665903e+00
27  -1.520405e+02  -8.920475e+01
28  3.156509e+02  -1.380896e+02
29  3.956672e+02  -1.029680e+02
30  7.653396e+02  -8.273857e+01
31  6.313618e+02  -4.906851e+01
32  2.382205e+02  -2.284251e+01
33  4.887413e+02  -4.075249e+01
34  6.426859e+02  -4.876829e+01
35  6.329820e+02  -3.957924e+01
36  9.051311e+02  -2.388642e+01
37  9.322385e+02  -3.539308e+01
38  6.400237e+02  1.044480e+02
39  6.200104e+02  1.978021e+02
40  4.148059e+02  1.321149e+02
41  7.544661e+01  -1.017910e+01
42  -2.515461e+02  8.060653e+01
43  -8.626350e+02  1.663398e+02
44  -4.260478e+01  -1.842713e+01
45  1.289156e+03  -5.294676e+01
46  8.169789e+02  1.083837e+02
47  4.220251e+01  3.282096e+02
48  -1.110903e+03  6.163545e+02
49  -5.409145e+02  4.040072e+02
50  -6.551710e+02  -2.673797e+02
51  6.907500e+01  -9.976467e+01
52  -2.453566e+03  1.769031e+02
53  -5.119815e+03  -5.450697e+02
54  -5.768836e+03  -1.521387e+03
55  1.341733e+03  -2.669007e+03
56  -2.101590e+03  -2.911044e+03
57  -8.642151e+03  -3.678054e+03
58  -1.399993e+04  -4.522578e+03
59  -2.871684e+04  -4.884028e+03
60  -6.633663e+04  -4.373115e+03
61  -1.223329e+05  -4.405614e+03
62  -3.594143e+05  -7.144477e+03
63  -1.193987e+06  -7.991705e+03
ENDPROP
STARTPROP
MASSES:  4.200000e-03   4.200000e-03
SOURCE: GAM_25
SINKS: GAM_25
0  -2.812984e+05  6.145457e+03
1  -1.271783e+06  8.157558e+03
2  -5.093883e+05  3.184178e+03
3  -2.523195e+05  3.737002e+02
4  -1.224388e+05  1.592274e+03
5  -6.350732e+04  2.009670e+03
6  -3.439445e+04  2.565827e+03
7  -7.981017e+03  3.361702e+03
8  1.120925e+03  3.230587e+03
9  5.148693e+03  2.449943e+03
10  3.619461e+03  3.513167e+03
11  -5.596571e+03  3.076668e+03
12  -1.554054e+04  1.673069e+03
13  -1.596494e+04  5.916030e+02
14  -1.956039e+04  7.956253e+02
15  -1.430749e+04  1.217951e+02
16  -7.388420e+03  -5.512063e+02
17  -2.388493e+03  -6.048555e+02
18  3.845596e+02  -9.346731e+02
19  7.792100e+01  -1.052860e+03
20  -4.438495e+02  -7.219390e+02
21  2.753813e+02  -2.430039e+02
22  -2.900829e+02  -5.767382e+01
23  -6.977811e+02  1.375043e+02
24  -1.066964e+03  1.294153e+02
25  -1.457420e+03  8.928500e+01
26  -1.788495e+03  1.073119e+02
27  -1.438782e+03  8.422057e+01
28  -1.093411e+03  1.638747e+02
29  -1.061352e+03  1.618821e+02
30  -7.768149e+02  1.554671e+02
31  -5.549485e+02  1.472543e+02
32  -3.823011e+02  1.058233e+02
33  -3.972331e+02  5.568488e+01
34  -2.756109e+02  1.569289e+01
35  -4.018700e+02  2.021068e+01
36  -8.651594e+02  6.388479e+01
37  -1.062364e+03  1.604927e+02
38  -8.713096e+02  2.043778e+02
39  -7.934092e+02  1.904302e+02
40  -3.507076e+02  2.121068e+02
41  1.044200e+02  2.515790e+02
42  -3.342734e+01  2.315740e+02
43  -3.232564e+02  2.529144e+02
44  -6.984806e+02  3.621504e+02
45  -3.157602e+02  5.255674e+02
46  -2.732675e+01  2.287536e+02
47  3.497335e+02  -2.094052e+02
48  1.833488e+03  -1.023143e+03
49  7.502867e+02  -1.948651e+03
50  -1.595013e+02  -2.541328e+03
51  -2.883651e+03  -3.197011e+03
52  -6.173994e+03  -3.467335e+03
53  -1.299908e+04  -2.827788e+03
54  -1.954416e+04  -2.310588e+03
55  -1.767688e+04  -1.138395e+03
56  -1.880310e+04  9.742991e+02
57  -1.942062e+04  3.607101e+03
58  -2.098768e+04  3.960234e+03
59  -3.495101e+04  4.190985e+03
60  -9.021472e+04  2.365572e+03
61  -2.161842e+05  1.060031e+03
62  -4.310479e+05  5.112046e+02
63  -1.222728e+06  1.500955e+03
ENDPROP
STARTPROP
MASSES:  4.200000e-03   4.200000e-03
SOURCE: GAM_35
SINKS: GAM_35
0  -1.689092e+05  2.755051e+03
1  -1.111239e+06  8.541301e+03
2  -3.670796e+05  5.875937e+03
3  -1.320780e+05  2.185059e+03
4  -4.540676e+04  2.950769e+03
5  -1.093273e+04  5.098728e+03
6  -2.809390e+04  5.479931e+03
7  -3.231878e+04  3.512723e+03
8  -1.755874e+04  1.191380e+03
9  -1.591212e+04  8.933174e+02
10  -1.430428e+04  6.529021e+02
11  -7.518801e+03  1.176470e+03
12  -4.393747e+03  1.457291e+03
13  -4.553403e+03  9.311516e+02
14  -2.826401e+03  1.141445e+03
15  1.253268e+03  1.279705e+03
16  -6.037036e+02  1.153459e+03
17  -1.537086e+03  1.190747e+03
18  -5.066843e+02  5.263277e+02
19  1.122871e+03  2.101138e+00
20  9.191955e+02  -1.973926e+02
21  1.146706e+02  -1.661629e+02
22  9.411778e+02  1.572942e+01
23  1.580786e+03  8.757663e+01
24  1.239033e+03  5.843943e+01
25  8.569456e+02  -6.027965e+01
26  1.059343e+03  -7.322721e+01
27  8.417200e+02  -1.330003e+01
28  -9.104729e+01  2.260080e+00
29  -2.828247e+02  3.187669e+01
30  -5.076544e+02  7.456225e+00
31  -6.558324e+02  -1.694760e+01
32  -5.292623e+02  3.345185e+01
33  -2.272597e+02  1.355784e+02
34  3.540483e+02  1.956336e+02
35  6.550852e+02  1.742459e+02
36  6.353782e+02  1.575532e+02
37  9.802792e+02  1.542922e+02
38  1.384436e+03  2.087535e+02
39  1.242892e+03  2.684558e+02
40  1.067923e+03  2.044181e+02
41  1.584156e+03  1.637054e+02
42  3.077484e+03  1.102001e+02
43  3.543080e+03  1.176451e+02
44  3.434503e+03  1.943082e+02
45  4.651059e+03  -2.236511e+02
46  4.977739e+03  -6.724674e+02
47  3.977228e+03  -5.932802e+02
48  2.114504e+03  -5.147115e+02
49  -2.777793e+03  -2.355588e+02
50  -6.381146e+03  -1.480618e+02
51  -5.035540e+03  -3.261578e+02
52  4.325576e+03  -2.878542e+02
53  1.725543e+04  -7.063802e+01
54  1.756191e+04  1.212711e+03
55  2.015297e+04  2.538888e+03
56  4.281345e+03  2.175549e+03
57  -4.182155e+03  1.288103e+02
58  -3.258071e+04  -1.640122e+03
59  -9.029734e+04  -3.056002e+03
60  -1.259943e+05  -2.319468e+03
61  -1.943155e+05  -1.022058e+03
62  -3.819119e+05  2.559131e+03
63  -1.136536e+06  4.398474e+02
ENDPROP
STARTPROP
MASSES:  4.200000e-03   4.200000e-03
SOURCE: GAM_45
SINKS: GAM_45
0  -1.711152e+06  5.618682e+02
1  6.704016e+05  -5.075362e+02
2  3.360314e+05  1.570134e+02
3  2.750649e+05  -1.971604e+03
4  2.376573e+05  -3.127976e+03
5  1.915351e+05  -3.416021e+03
6  1.682109e+05  -1.726291e+03
7  1.371508e+05  -5.565671e+02
8  1.191261e+05  -2.919731e+02
9  1.027967e+05  1.788229e+01
10  8.761821e+04  1.751250e+02
11  7.041094e+04  9.075905e+01
12  5.957737e+04  -2.541346e+02
13  5.043469e+04  -6.809020e+02
14  4.137445e+04  -4.757174e+02
15  3.344195e+04  -3.735045e+02
16  2.605626e+04  -1.135514e+02
17  2.241000e+04  -1.275395e+02
18  1.803901e+04  2.095422e+02
19  1.505175e+04  2.708043e+02
20  1.245424e+04  1.938779e+02
21  1.082143e+04  1.720617e+02
22  9.316884e+03  1.884189e+02
23  7.395736e+03  1.415234e+02
24  6.225366e+03  1.494736e+02
25  5.714894e+03  1.634251e+02
26  5.068684e+03  1.161555e+02
27  4.249397e+03  8.929286e+01
28  3.740495e+03  1.095463e+02
29  3.278026e+03  6.354641e+01
30  2.854056e+03  9.296154e+01
31  2.595964e+03  1.324175e+02
32  2.309421e+03  1.035645e+02
33  2.287370e+03  1.325281e+02
34  2.155919e+03  1.263563e+02
35  2.311555e+03  1.057094e+02
36  2.227734e+03  9.508251e+01
37  2.504036e+03  1.088463e+02
38  3.221361e+03  1.290004e+02
39  3.731761e+03  8.316590e+01
40  4.077561e+03  1.518876e+02
41  5.184409e+03  1.139757e+02
42  6.494988e+03  1.730533e+02
43  7.823339e+03  1.855565e+02
44  1.018096e+04  2.334945e+02
45  1.180035e+04  2.525835e+02
46  1.523504e+04  2.414345e+02
47  1.860146e+04  2.534850e+02
48  2.208206e+04  4.301078e+02
49  2.822599e+04  4.038756e+02
50  3.507388e+04  6.051463e+02
51  4.136759e+04  6.248999e+02
52  5.147212e+04  1.354160e+03
53  6.444698e+04  2.025645e+03
54  7.721275e+04  2.408699e+03
55  9.601667e+04  2.762898e+03
56  1.140118e+05  2.655799e+03
57  1.435219e+05  1.971935e+03
58  1.660983e+05  1.939698e+03
59  2.033751e+05  1.206697e+03
60  2.459496e+05  3.766036e+03
61  2.848313e+05  6.051978e+03
62  3.376425e+05  6.178932e+03
63  6.676424e+05  7.092232e+03
ENDPROP
STARTPROP
MASSES:  4.200000e-03   4.200000e-03
SOURCE: PSAX4
SINKS: GAM_4
0  3.752339e+04  -1.279249e+03
1  1.776377e+06  -4.819245e+03
2  1.368684e+06  -8.691299e+03
3  1.139196e+06  -9.251079e+03
4  9.811795e+05  -9.240473e+03
5  8.091727e+05  -9.406166e+03
6  6.852139e+05  -6.464704e+03
7  5.642191e+05  -2.518674e+03
8  4.700309e+05  -7.363149e+02
9  3.985798e+05  1.096317e+02
10  3.360425e+05  1.702193e+03
11  2.725449e+05  9.661919e+02
12  2.256238e+05  1.330720e+03
13  1.820902e+05  1.172288e+02
14  1.478640e+05  2.201886e+02
15  1.232358e+05  -4.985855e+01
16  9.906672e+04  9.742809e+01
17  8.373643e+04  1.108989e+02
18  6.975383e+04  9.314689e+01
19  5.829516e+04  2.275127e+02
20  4.957894e+04  1.495823e+02
21  4.180012e+04  2.011195e+02
22  3.427292e+04  6.579301e+01
23  2.794259e+04  6.355326e+01
24  2.324704e+04  1.652471e+02
25  1.917068e+04  1.838854e+02
26  1.568319e+04  1.739038e+02
27  1.258774e+04  1.972134e+02
28  9.869546e+03  1.444247e+02
29  7.437218e+03  1.064191e+02
30  5.282605e+03  1.035079e+02
31  3.396860e+03  1.280423e+02
32  1.653082e+03  1.284359e+02
33  -1.633010e+02  1.153321e+02
34  -2.048746e+03  1.167685e+02
35  -3.857649e+03  1.328106e+02
36  -5.849253e+03  1.415555e+02
37  -8.156061e+03  1.547902e+02
38  -1.093145e+04  1.631591e+02
39  -1.405043e+04  2.711114e+02
40  -1.721602e+04  3.217039e+02
41  -2.129768e+04  3.482022e+02
42  -2.641184e+04  2.866995e+02
43  -3.224820e+04  3.239650e+02
44  -4.003663e+04  4.299040e+02
45  -4.763654e+04  4.561963e+02
46  -5.842565e+04  5.322727e+02
47  -6.854584e+04  6.397907e+02
48  -8.068752e+04  3.949132e+02
49  -9.948030e+04  5.304649e+02
50  -1.236759e+05  2.603866e+02
51  -1.475423e+05  4.452858e+02
52  -1.776681e+05  -7.491573e+01
53  -2.153877e+05  -6.983607e+02
54  -2.605787e+05  -1.397695e+03
55  -3.220873e+05  -1.568984e+03
56  -3.861250e+05  -1.288792e+03
57  -4.703386e+05  5.729948e+02
58  -5.621727e+05  2.733934e+03
59  -6.804430e+05  4.789344e+03
60  -8.412840e+05  6.547772e+03
61  -1.029499e+06  6.689236e+03
62  -1.261301e+06  5.433937e+03
63  -1.689849e+06  2.112368e+03
ENDPROP
STARTPROP
MASSES:  4.200000e-03   4.200000e-03
SOURCE: WWPSAX4
SINKS: GAM_4
0  7.303707e+08  -7.978287e+07
1  1.135456e+09  -3.818065e+07
2  1.337944e+09  2.292204e+07
3  1.389683e+09  7.080800e+06
4  5.219872e+08  4.064752e+06
5  5.368892e+08  -1.497624e+07
6  2.669835e+08  -3.402150e+07
7  6.426637e+08  -2.270279e+07
8  2.565478e+08  2.645241e+07
9  2.187605e+08  9.080814e+06
10  1.981061e+08  -5.324919e+06
11  1.215805e+08  3.312593e+06
12  1.748113e+08  2.616303e+06
13  7.918285e+07  1.609900e+07
14  8.952715e+07  2.949537e+06
15  2.218858e+07  6.639553e+06
16  8.677399e+07  -3.343012e+06
17  4.369833e+07  -3.257158e+06
18  6.079058e+07  6.848034e+06
19  4.827839e+07  -2.321552e+06
20  3.357956e+07  1.112253e+06
21  1.703418e+06  -1.103203e+06
22  2.151377e+07  1.285293e+06
23  2.743513e+07  -3.389587e+05
24  1.741128e+07  1.874063e+06
25  9.491857e+06  4.675019e+04
26  9.150424e+06  -1.335365e+05
27  6.867058e+06  -4.807145e+05
28  8.418446e+06  2.335869e+05
29  1.390133e+06  3.569401e+05
30  3.762014e+06  -3.998011e+05
31  1.215418e+06  -2.734984e+05
32  2.106555e+06  1.323143e+05
33  -5.631868e+05  2.928539e+05
34  4.757140e+06  -2.201780e+05
35  2.437110e+06  7.437992e+05
36  -2.485204e+06  -2.508556e+05
37  -1.937711e+06  -3.327005e+05
38  -5.684041e+06  9.704811e+05
39  -6.819215e+06  -1.106200e+06
40  -5.774871e+06  4.225953e+05
41  -1.605608e+07  5.213106e+05
42  -2.304664e+07  -1.976957e+06
43  -2.675042e+07  2.472783e+06
44  -9.957829e+06  -8.913691e+05
45  -2.123489e+07  2.473860e+06
46  -7.490244e+07  4.252294e+06
47  -2.651820e+07  -1.922754e+06
48  -7.753063e+07  -4.321943e+05
49  -3.780254e+07  6.217782e+06
50  -1.066034e+08  4.424549e+06
51  -7.834943e+07  -5.036182e+06
52  -1.026172e+08  2.557580e+06
53  -1.309561e+08  -1.204681e+06
54  -3.048697e+08  4.884580e+06
55  -2.653067e+08  -2.541869e+06
56  -2.040698e+08  9.716106e+06
57  -1.929203e+08  3.151157e+06
58  -3.097728e+08  -1.502616e+06
59  -1.056571e+09  -2.558154e+07
60  -4.681706e+08  -3.636351e+07
61  -1.160542e+09  1.751760e+07
62  -1.338529e+09  -8.660313e+05
63  -1.334958e+09  -1.269079e+07
ENDPROP
STARTPROP
MASSES:  4.200000e-03   4.200000e-03
SOURCE: WWGAM_5
SINKS: GAM_5
0  1.861386e+10  -1.821979e+01
1  3.863835e+09  -1.147751e+07
2  4.219427e+09  1.780444e+07
3  3.654441e+09  -2.435232e+07
4  2.073445e+09  -1.356986e+07
5  2.024092e+09  1.422606e+07
6  1.858291e+09  9.093758e+06
7  1.791895e+09  -7.718836e+06
8  1.024579e+09  2.146236e+07
9  9.714928e+08  -4.605623e+06
10  8.250740e+08  9.326328e+06
11  5.836513e+08  -7.649916e+06
12  4.938307e+08  9.999645e+06
13  4.348411e+08  6.109303e+06
14  4.166060e+08  9.174096e+04
15  3.109811e+08  7.519423e+05
16  2.622255e+08  -3.028228e+06
17  2.438651e+08  -1.618405e+06
18  2.096908e+08  4.411581e+06
19  1.493935e+08  1.490259e+06
20  1.214796e+08  2.781904e+06
21  1.103117e+08  -1.557617e+05
22  1.010463e+08  6.833443e+05
23  8.282239e+07  -1.214623e+06
24  5.863691e+07  2.310058e+06
25  6.943305e+07  -5.372752e+04
26  4.703656e+07  -7.783134e+04
27  4.200485e+07  3.363575e+05
28  3.311412e+07  -3.747870e+05
29  2.774135e+07  6.762981e+05
30  2.849064e+07  7.133609e+05
31  2.618894e+07  1.860146e+05
32  2.988212e+07  -1.673169e+05
33  2.440326e+07  -4.775820e+05
34  2.460832e+07  -1.997899e+04
35  2.575230e+07  1.656343e+05
36  2.733075e+07  -9.564229e+03
37  3.326583e+07  -4.201158e+05
38  3.481433e+07  -1.280346e+06
39  4.744911e+07  1.124886e+06
40  5.727699e+07  5.195095e+04
41  6.717915e+07  7.844917e+05
42  7.280883e+07  3.515312e+05
43  8.039706e+07  -2.093471e+06
44  1.019689e+08  -1.920311e+06
45  1.278104e+08  -3.397174e+06
46  2.045283e+08  -9.844804e+06
47  2.138646e+08  -4.266145e+05
48  2.012193e+08  1.499083e+06
49  2.670068e+08  -5.473674e+06
50  3.071474e+08  -9.104759e+06
51  4.022274e+08  -5.464136e+06
52  4.720504e+08  8.432490e+06
53  4.906603e+08  -8.793782e+06
54  6.901641e+08  -1.163231e+07
55  8.915960e+08  1.006083e+07
56  1.061295e+09  5.341290e+06
57  9.801152e+08  -1.562757e+06
58  1.497922e+09  5.042440e+06
59  2.384221e+09  -3.973361e+06
60  2.369875e+09  -2.334309e+06
61  2.756600e+09  1.286712e+07
62  3.663917e+09  -1.643919e+06
63  4.471941e+09  9.316120e+05
ENDPROP
