STARTPROP
MASSES:  4.200000e-03   4.200000e-03
SOURCE: GAM_1
SINKS: GAM_1
0  1.197775e+06  -1.511630e+03
1  1.981458e+06  -1.474842e+03
2  9.792444e+05  -7.739069e+02
3  5.716567e+05  1.338474e+02
4  3.308813e+05  -5.174113e+02
5  1.882746e+05  -3.653935e+01
6  1.002532e+05  -7.072148e+02
7  3.273731e+04  -8.699654e+02
8  1.337353e+01  -1.263659e+03
9  -1.735358e+04  -1.969609e+03
10  -9.136729e+03  -1.619135e+03
11  4.590548e+03  -8.176071e+02
12  1.217612e+04  -6.066606e+02
13  1.689570e+04  -6.542386e+02
14  1.230798e+04  -8.454543e+02
15  8.078562e+03  -5.765304e+02
16  6.718267e+03  -3.273509e+02
17  5.004156e+03  -3.644972e+02
18  6.066985e+02  -1.987953e+02
19  -2.138746e+03  -5.725972e+01
20  -2.305169e+03  -3.183041e+01
21  -2.178041e+03  -5.414294e+01
22  -1.797128e+03  7.360626e+01
23  -1.725292e+03  1.017327e+02
24  -1.678117e+03  4.343052e+01
25  -1.119928e+03  8.505827e+01
26  -2.558124e+02  1.092296e+02
27  2.455388e+02  9.670064e+01
28  6.268386e+02  8.275139e+01
29  8.240251e+02  6.867958e+01
30  7.154292e+02  7.285715e+01
31  3.606612e+02  7.744561e+01
32  2.828975e+02  5.080480e+01
33  9.885059e+01  -6.251126e-01
34  -3.195954e+02  -4.689094e+01
35  -6.953199e+01  -7.731862e+01
36  5.655057e+02  -5.115880e+01
37  9.877432e+02  1.766384e+01
38  6.066395e+02  4.090282e+01
39  4.626886e+02  4.594421e+01
40  2.080187e+02  1.084447e+02
41  -7.967402e+02  1.579575e+02
42  -8.774126e+02  2.204079e+02
43  2.400640e+02  3.277806e+02
44  2.162677e+02  3.054367e+02
45  -9.557920e+02  2.383217e+02
46  -3.525400e+03  2.333922e+02
47  -6.562765e+03  2.047286e+02
48  -1.147167e+04  -7.572553e+01
49  -1.499249e+04  -3.047552e+02
50  -1.125624e+04  -5.725564e+02
51  -4.586534e+03  -2.132244e+02
52  6.997973e+03  4.579347e+02
53  1.593253e+04  4.488862e+02
54  2.821347e+04  -3.762232e+02
55  3.150302e+04  -6.332165e+02
56  3.258408e+04  -1.073501e+03
57  4.801826e+04  -1.694146e+03
58  8.046787e+04  -1.106656e+03
59  1.666959e+05  5.081094e+02
60  3.298515e+05  1.599900e+03
61  5.817570e+05  2.010036e+03
62  1.033027e+06  1.802330e+03
63  2.041598e+06  5.966572e+02
ENDPROP
STARTPROP
MASSES:  4.200000e-03   4.200000e-03
SOURCE: GAM_2
SINKS: GAM_2
0  1.235742e+06  -3.343335e+03
1  2.054068e+06  -2.149407e+03
2  1.077237e+06  8.908724e+01
3  6.705582e+05  1.295111e+03
4  4.147724e+05  9.806236e+02
5  2.549984e+05  9.729083e+02
6  1.472311e+05  2.136716e+03
7  7.826886e+04  1.856419e+03
8  4.372661e+04  1.220962e+03
9  2.440515e+04  1.450418e+03
10  1.977158e+04  1.016704e+03
11  2.235944e+04  -1.415073e+02
12  2.764257e+04  -3.924196e+02
13  2.246056e+04  -3.651635e+02
14  1.161730e+04  1.427187e+02
15  2.565017e+03  5.536612e+02
16  -3.905847e+03  4.960286e+02
17  -3.679712e+03  3.128415e+02
18  -1.191650e+03  1.414537e+02
19  1.002367e+02  7.301982e+01
20  -1.170765e+03  -8.461313e+01
21  -2.467219e+03  -1.840727e+02
22  -3.031978e+03  -2.846564e+02
23  -1.442301e+03  -2.230950e+02
24  -2.610819e+02  -1.901919e+02
25  -1.034194e+02  -1.594521e+02
26  -3.406234e+02  -1.484490e+02
27  -3.780898e+02  -1.253381e+02
28  -4.898357e+02  -9.846880e+01
29  -4.113146e+01  -3.220013e+01
30  -1.512447e+02  8.668748e+00
31  -4.493666e+02  -2.151415e+01
32  -3.068602e+02  -5.120073e+01
33  -1.496017e+02  -5.187731e+01
34  1.405132e+02  -5.646702e+01
35  3.193767e+02  -9.716289e+01
36  2.735160e+02  -1.422855e+02
37  -9.779160e+00  -1.936128e+02
38  1.865479e+02  -2.035827e+02
39  -3.879471e+02  -1.450721e+02
40  -9.866571e+02  -6.769088e+01
41  -1.123122e+03  -4.139996e+01
42  -8.503712e+02  -1.003287e+02
43  -4.002380e+02  -1.047188e+02
44  -1.156435e+02  -3.231906e+01
45  -1.275666e+03  4.011478e-01
46  -3.659928e+03  -1.174121e+02
47  -2.939693e+03  -1.592108e+02
48  -1.848384e+02  2.063324e+01
49  -4.591915e+01  7.493843e+01
50  -1.112786e+03  -2.655033e+02
51  2.414741e+03  -3.280563e+02
52  -3.229586e+03  -3.312851e+02
53  -1.547714e+04  -5.152071e+02
54  -1.414586e+04  -1.434984e+03
55  -4.724325e+03  -2.210242e+03
56  2.180532e+04  -2.601156e+03
57  6.257178e+04  -2.784064e+03
58  1.251623e+05  -1.887629e+03
59  2.130396e+05  -1.054737e+02
60  3.609012e+05  -6.676466e+02
61  6.213078e+05  -2.874876e+03
62  1.075469e+06  -2.456968e+03
63  2.080249e+06  -2.316122e+03
ENDPROP
STARTPROP
MASSES:  4.200000e-03   4.200000e-03
SOURCE: GAM_3
SINKS: GAM_3
0  1.222003e+06  4.526440e+02
1  1.986338e+06  1.820337e+02
2  9.618955e+05  1.314439e+03
3  5.241896e+05  3.065332e+03
4  2.812756e+05  2.599200e+03
5  1.440921e+05  1.102486e+03
6  7.606719e+04  -7.221660e+02
7  3.498966e+04  -1.037224e+02
8  1.972902e+04  1.213278e+03
9  9.981540e+03  1.404504e+03
10  -1.298093e+04  1.463991e+03
11  -1.854896e+04  1.141932e+03
12  -1.086875e+04  5.156138e+02
13  -1.084595e+04  7.591912e+01
14  -3.351322e+03  -3.125367e+02
15  -3.963166e+03  -4.862410e+02
16  -5.889453e+03  -1.179974e+02
17  -4.403713e+03  -2.701850e+01
18  -4.791978e+03  1.198003e+01
19  -6.109144e+03  1.165568e+02
20  -3.966076e+03  2.489173e+02
21  -1.823214e+03  2.738549e+02
22  -1.174879e+03  1.854819e+02
23  -1.802920e+02  1.108981e+02
24  -2.256214e+02  8.691817e+01
25  -6.957066e+02  3.972516e+01
26  -7.962435e+02  6.774812e+01
27  -1.021924e+03  4.465721e+01
28  -6.347316e+02  2.927483e+01
29  -5.552274e+02  1.272006e+01
30  -3.464259e+02  -6.807112e+00
31  4.457594e+01  3.464466e+01
32  2.507884e+02  5.333488e+01
33  5.225644e+02  4.494536e+01
34  6.270450e+02  3.672409e+01
35  -6.853182e+01  9.697365e+00
36  -6.296907e+02  -1.879597e+01
37  -1.444710e+03  -2.259950e+01
38  -1.905879e+03  -6.107461e+00
39  -2.189895e+03  1.508067e+01
40  -2.599924e+03  -1.739850e+01
41  -3.361507e+03  -1.020235e+02
42  -4.743813e+03  -1.598838e+02
43  -3.556369e+03  -2.058688e+02
44  -3.553207e+03  -9.472305e+01
45  -3.121133e+03  -8.622745e+01
46  -2.261359e+03  -7.740099e+01
47  -6.480271e+02  -1.111807e+02
48  -4.353324e+02  -6.104881e+01
49  1.228252e+03  1.554591e+02
50  2.445441e+03  6.164446e+01
51  7.419692e+03  -1.017417e+02
52  1.282955e+04  8.268905e+01
53  1.586535e+04  2.333212e+02
54  2.016481e+04  -8.582602e+01
55  3.393814e+04  -3.644918e+02
56  3.862232e+04  -7.855799e+02
57  4.826112e+04  -8.972826e+02
58  8.489638e+04  -1.072262e+03
59  1.471132e+05  -1.188065e+03
60  2.894503e+05  -1.718934e+03
61  5.572132e+05  -2.525471e+03
62  9.992747e+05  -7.596115e+02
63  2.085148e+06  1.146511e+03
ENDPROP
STARTPROP
MASSES:  4.200000e-03   4.200000e-03
SOURCE: GAM_4
SINKS: GAM_4
0  2.160254e+06  4.802222e+02
1  -2.773968e+05  1.619569e+03
2  -1.424488e+04  1.377056e+03
3  -2.682293e+03  1.911970e+02
4  9.018666e+02  6.267078e+02
5  -7.105412e+03  -7.113544e+01
6  -5.726311e+02  1.267771e+02
7  5.950936e+02  7.365785e-01
8  2.541570e+02  -1.257341e+02
9  -1.338030e+03  1.209941e+01
10  1.619137e+03  5.372059e+01
11  9.118509e+02  -2.368126e+01
12  1.784776e+03  4.908672e+01
13  3.370525e+02  -5.098873e+01
14  -1.033707e+03  -2.786413e+01
15  3.736829e+02  -5.096765e+01
16  3.197436e+02  3.615538e+01
17  -1.148556e+02  -1.522389e+01
18  -2.128707e+02  -7.654435e+01
19  -5.707849e+01  -1.236626e+02
20  1.643185e+02  -7.753109e+01
21  4.572156e+01  -4.818318e+01
22  1.710952e+02  -7.747015e+01
23  2.215966e+01  -6.016852e+01
24  3.958823e+01  -4.480944e+01
25  3.629373e+01  -2.714420e+01
26  1.997315e+02  -4.875618e+01
27  2.655501e+02  -2.578442e+01
28  6.336538e+01  -1.192017e+01
29  7.533707e+01  -9.258326e+00
30  5.701376e+01  -2.064280e+00
31  1.038172e+02  -5.603557e+00
32  2.359207e+02  3.195833e-01
33  6.549984e+01  1.588002e+01
34  3.510714e+01  2.289447e+01
35  4.876810e+01  2.201348e+01
36  1.335896e+02  9.907488e+00
37  2.095822e+02  -1.689530e-01
38  1.804693e+02  -7.080747e+00
39  1.556963e+02  -7.288157e+00
40  1.171858e+02  -2.287458e+01
41  4.017805e+02  -1.739050e+01
42  2.860715e+02  1.700944e+01
43  5.698998e+02  8.030593e+00
44  -1.392056e+02  2.007991e+01
45  6.160402e+02  5.956515e+01
46  3.393047e+01  5.720459e+00
47  3.824726e+02  6.772820e+01
48  4.196951e+02  5.647380e+01
49  -6.980974e+01  6.944258e+01
50  1.262059e+03  1.076875e+02
51  1.680198e+03  1.011717e+02
52  -1.130000e+03  3.107205e+02
53  -3.381311e+02  6.788919e+02
54  1.015705e+03  5.692565e+02
55  3.713781e+03  5.829292e+02
56  1.832835e+03  2.662239e+02
57  6.893881e+03  1.133904e+02
58  -1.024472e+03  4.260686e+02
59  2.822055e+03  8.195033e+02
60  4.638889e+03  1.137853e+03
61  2.897924e+02  1.333092e+03
62  -2.475040e+03  1.444280e+03
63  -2.893107e+05  1.959399e+02
ENDPROP
STARTPROP
MASSES:  4.200000e-03   4.200000e-03
SOURCE: GAM_5
SINKS: GAM_5
0  1.485346e+07  6.316321e+03
1  1.486391e+07  3.562368e+02
2  1.246739e+07  -3.320731e+03
3  1.061857e+07  2.228500e+03
4  9.027442e+06  8.358657e+03
5  7.561905e+06  8.643552e+03
6  6.326597e+06  6.129657e+03
7  5.338344e+06  -1.894301e+02
8  4.467564e+06  -1.088596e+03
9  3.638036e+06  1.766979e+03
10  2.996991e+06  2.357086e+03
11  2.544175e+06  1.028908e+03
12  2.212773e+06  -4.612723e+02
13  1.933669e+06  9.731124e+02
14  1.687920e+06  2.540435e+03
15  1.436622e+06  3.170243e+03
16  1.158319e+06  1.999666e+03
17  9.278748e+05  2.873420e+03
18  7.478650e+05  4.567045e+03
19  6.146887e+05  5.036760e+03
20  5.275075e+05  4.511921e+03
21  4.543140e+05  3.718954e+03
22  3.796938e+05  3.039415e+03
23  3.116584e+05  2.518610e+03
24  2.687543e+05  2.403250e+03
25  2.282414e+05  1.927235e+03
26  2.002749e+05  1.597856e+03
27  1.800893e+05  1.337978e+03
28  1.572338e+05  1.091578e+03
29  1.366750e+05  8.452273e+02
30  1.215186e+05  6.389330e+02
31  1.130079e+05  6.622439e+02
32  1.106793e+05  7.218477e+02
33  1.119204e+05  7.649657e+02
34  1.165324e+05  6.737015e+02
35  1.250474e+05  3.608377e+02
36  1.373804e+05  2.757420e+02
37  1.495681e+05  3.553435e+02
38  1.694952e+05  7.911153e+02
39  2.010131e+05  1.159762e+03
40  2.425947e+05  1.745353e+03
41  2.940780e+05  2.294179e+03
42  3.509178e+05  2.739632e+03
43  4.174778e+05  2.879368e+03
44  4.979590e+05  2.114191e+03
45  5.858564e+05  1.839057e+03
46  6.912957e+05  1.912698e+03
47  8.335201e+05  3.442269e+03
48  1.008937e+06  5.261102e+03
49  1.233341e+06  5.493586e+03
50  1.483593e+06  6.059456e+03
51  1.815236e+06  7.360599e+03
52  2.223505e+06  9.082138e+03
53  2.733973e+06  9.108700e+03
54  3.257315e+06  5.744342e+03
55  3.801445e+06  4.690247e+03
56  4.467841e+06  6.565716e+03
57  5.382376e+06  1.968029e+03
58  6.332495e+06  -5.769086e+03
59  7.524118e+06  -1.080662e+04
60  8.771920e+06  -8.765047e+03
61  1.016950e+07  -6.663565e+03
62  1.207966e+07  -5.363097e+03
63  1.472466e+07  1.078475e+02
ENDPROP
STARTPROP
MASSES:  4.200000e-03   4.200000e-03
SOURCE: GAM_12
SINKS: GAM_12
0  7.498216e+05  3.158894e+03
1  -7.635209e+05  5.082539e+02
2  -1.896935e+05  -6.485063e+02
3  -6.393450e+04  -1.100337e+03
4  -3.124849e+04  -8.777436e+02
5  -1.420715e+04  -1.719521e+01
6  -1.016659e+04  -3.928643e+02
7  -1.618599e+03  -7.281387e+02
8  6.179987e+03  -1.662029e+03
9  8.448262e+03  -1.323577e+03
10  1.419675e+04  -6.065048e+02
11  1.993394e+04  -1.389135e+02
12  1.601340e+04  2.442213e+02
13  5.989982e+02  4.917146e+02
14  -6.076020e+03  4.176711e+02
15  -6.872049e+03  3.160803e+02
16  -6.986266e+03  2.792205e+02
17  -3.826716e+03  -7.289825e+01
18  -1.944148e+03  -9.972419e+00
19  -1.436785e+03  1.668124e+02
20  -5.195005e+02  1.907267e+02
21  -2.962113e+02  6.612990e+01
22  3.671154e+02  3.847974e+01
23  3.182636e+02  4.091063e+01
24  9.115675e+01  1.259304e+01
25  5.949131e+02  3.648502e-01
26  5.876467e+02  1.925027e+00
27  7.342765e+02  1.591420e+01
28  7.588812e+02  3.518721e+01
29  6.135826e+02  2.955924e+01
30  1.124443e+03  -9.227046e-01
31  8.205477e+02  -1.670870e+01
32  9.633330e+02  -4.772520e+01
33  6.950898e+02  -5.693125e+01
34  6.407498e+02  -3.925097e+01
35  5.634906e+02  -7.291206e+00
36  5.250253e+02  -1.175500e+01
37  7.043315e+02  -1.290799e+01
38  9.393642e+02  -1.278934e+01
39  1.190301e+03  -3.690863e+01
40  7.626159e+02  -9.698624e+01
41  9.934973e+02  -1.523219e+02
42  6.212524e+02  -1.858323e+02
43  1.070480e+03  -1.850079e+02
44  1.683155e+03  -2.592332e+02
45  3.058138e+03  -3.272868e+02
46  2.202777e+03  -2.692221e+02
47  4.529806e+02  -3.166683e+02
48  -6.945831e+02  -2.486100e+02
49  -1.374139e+03  -4.138070e+01
50  1.107584e+03  -5.890400e+01
51  2.989774e+03  3.285598e+02
52  3.536004e+03  7.894665e+02
53  8.453741e+03  6.900926e+02
54  1.837693e+04  5.165880e+02
55  1.623260e+04  2.974080e+02
56  1.843444e+02  2.308798e+02
57  -1.730196e+03  4.522898e+02
58  -3.995742e+03  1.129614e+03
59  -1.379844e+04  1.275906e+03
60  -5.911586e+04  2.066133e+03
61  -1.173377e+05  2.257056e+03
62  -2.389101e+05  1.797420e+03
63  -7.800115e+05  1.963950e+03
ENDPROP
STARTPROP
MASSES:  4.200000e-03   4.200000e-03
SOURCE: GAM_21
SINKS: GAM_21
0  7.498216e+05  3.158894e+03
1  -7.635209e+05  5.082539e+02
2  -1.896935e+05  -6.485063e+02
3  -6.393450e+04  -1.100337e+03
4  -3.124849e+04  -8.777436e+02
5  -1.420715e+04  -1.719521e+01
6  -1.016659e+04  -3.928643e+02
7  -1.618599e+03  -7.281387e+02
8  6.179987e+03  -1.662029e+03
9  8.448262e+03  -1.323577e+03
10  1.419675e+04  -6.065048e+02
11  1.993394e+04  -1.389135e+02
12  1.601340e+04  2.442213e+02
13  5.989982e+02  4.917146e+02
14  -6.076020e+03  4.176711e+02
15  -6.872049e+03  3.160803e+02
16  -6.986266e+03  2.792205e+02
17  -3.826716e+03  -7.289825e+01
18  -1.944148e+03  -9.972419e+00
19  -1.436785e+03  1.668124e+02
20  -5.195005e+02  1.907267e+02
21  -2.962113e+02  6.612990e+01
22  3.671154e+02  3.847974e+01
23  3.182636e+02  4.091063e+01
24  9.115675e+01  1.259304e+01
25  5.949131e+02  3.648502e-01
26  5.876467e+02  1.925027e+00
27  7.342765e+02  1.591420e+01
28  7.588812e+02  3.518721e+01
29  6.135826e+02  2.955924e+01
30  1.124443e+03  -9.227046e-01
31  8.205477e+02  -1.670870e+01
32  9.633330e+02  -4.772520e+01
33  6.950898e+02  -5.693125e+01
34  6.407498e+02  -3.925097e+01
35  5.634906e+02  -7.291206e+00
36  5.250253e+02  -1.175500e+01
37  7.043315e+02  -1.290799e+01
38  9.393642e+02  -1.278934e+01
39  1.190301e+03  -3.690863e+01
40  7.626159e+02  -9.698624e+01
41  9.934973e+02  -1.523219e+02
42  6.212524e+02  -1.858323e+02
43  1.070480e+03  -1.850079e+02
44  1.683155e+03  -2.592332e+02
45  3.058138e+03  -3.272868e+02
46  2.202777e+03  -2.692221e+02
47  4.529806e+02  -3.166683e+02
48  -6.945831e+02  -2.486100e+02
49  -1.374139e+03  -4.138070e+01
50  1.107584e+03  -5.890400e+01
51  2.989774e+03  3.285598e+02
52  3.536004e+03  7.894665e+02
53  8.453741e+03  6.900926e+02
54  1.837693e+04  5.165880e+02
55  1.623260e+04  2.974080e+02
56  1.843444e+02  2.308798e+02
57  -1.730196e+03  4.522898e+02
58  -3.995742e+03  1.129614e+03
59  -1.379844e+04  1.275906e+03
60  -5.911586e+04  2.066133e+03
61  -1.173377e+05  2.257056e+03
62  -2.389101e+05  1.797420e+03
63  -7.800115e+05  1.963950e+03
ENDPROP
STARTPROP
MASSES:  4.200000e-03   4.200000e-03
SOURCE: GAM_13
SINKS: GAM_13
0  7.045386e+05  -7.454008e+02
1  -8.176180e+05  1.171484e+03
2  -2.179681e+05  1.181522e+03
3  -1.259864e+05  1.640166e+03
4  -5.640498e+04  1.107576e+03
5  -2.130486e+04  8.056433e+02
6  -1.270534e+04  -4.295940e+02
7  -1.092156e+04  -5.174307e+02
8  -4.006940e+03  -3.891787e+02
9  -3.414655e+03  3.810663e+01
10  -2.198722e+03  3.433107e+02
11  3.177725e+03  3.853826e+02
12  4.448015e+03  1.528541e+02
13  1.529168e+03  -1.861128e+02
14  -5.872887e+02  -1.159416e+02
15  -2.055976e+03  -2.979618e+02
16  -2.156261e+03  -1.481457e+02
17  -2.462937e+03  -8.867531e+01
18  -1.672055e+03  -1.344672e+01
19  -1.658925e+03  -1.314858e+02
20  -2.317030e+02  -1.747758e+02
21  -6.068797e+02  -2.403616e+02
22  -1.415279e+03  -1.566218e+02
23  -1.042572e+03  -3.459116e+01
24  -5.524364e+02  1.190442e+00
25  -1.811111e+02  -2.377885e+01
26  1.868569e+02  -1.000649e+01
27  4.107567e+02  9.862081e-01
28  4.336343e+02  1.444510e+01
29  5.473614e+02  3.375827e+01
30  6.000751e+02  3.045570e+01
31  3.973626e+02  1.076269e+01
32  3.932582e+02  1.293185e+00
33  4.025397e+02  9.375484e-01
34  4.183946e+02  1.923847e+01
35  4.407852e+02  4.846069e+01
36  3.174981e+02  4.655021e+01
37  4.618197e+02  6.224745e+01
38  8.461564e+02  6.594613e+01
39  1.103224e+03  7.683325e+01
40  1.366359e+03  7.493167e+01
41  1.530073e+03  4.804221e+01
42  8.196271e+02  4.878447e+01
43  1.955185e+02  1.140884e+01
44  -8.359839e+02  1.063064e+02
45  -7.069510e+02  1.538711e+02
46  -8.273304e+02  1.332220e+02
47  -1.832068e+03  2.505334e+02
48  2.175709e+02  2.601875e+02
49  1.882587e+03  3.621260e+02
50  -1.193284e+03  -2.087743e+01
51  -2.930352e+03  -4.672139e+02
52  8.822087e+01  -6.610884e+02
53  2.299984e+03  -3.499728e+02
54  1.565417e+03  -1.116454e+02
55  1.227994e+04  6.793602e+02
56  2.036357e+04  8.718909e+02
57  1.965349e+04  1.883728e+03
58  2.816604e+04  1.820698e+03
59  2.629278e+04  2.038463e+03
60  6.419468e+03  2.497025e+03
61  -5.360719e+04  2.041511e+03
62  -2.032199e+05  1.075178e+03
63  -8.068637e+05  -3.420126e+02
ENDPROP
STARTPROP
MASSES:  4.200000e-03   4.200000e-03
SOURCE: GAM_31
SINKS: GAM_31
0  7.045386e+05  -7.454008e+02
1  -8.176180e+05  1.171484e+03
2  -2.179681e+05  1.181522e+03
3  -1.259864e+05  1.640166e+03
4  -5.640498e+04  1.107576e+03
5  -2.130486e+04  8.056433e+02
6  -1.270534e+04  -4.295940e+02
7  -1.092156e+04  -5.174307e+02
8  -4.006940e+03  -3.891787e+02
9  -3.414655e+03  3.810663e+01
10  -2.198722e+03  3.433107e+02
11  3.177725e+03  3.853826e+02
12  4.448015e+03  1.528541e+02
13  1.529168e+03  -1.861128e+02
14  -5.872887e+02  -1.159416e+02
15  -2.055976e+03  -2.979618e+02
16  -2.156261e+03  -1.481457e+02
17  -2.462937e+03  -8.867531e+01
18  -1.672055e+03  -1.344672e+01
19  -1.658925e+03  -1.314858e+02
20  -2.317030e+02  -1.747758e+02
21  -6.068797e+02  -2.403616e+02
22  -1.415279e+03  -1.566218e+02
23  -1.042572e+03  -3.459116e+01
24  -5.524364e+02  1.190442e+00
25  -1.811111e+02  -2.377885e+01
26  1.868569e+02  -1.000649e+01
27  4.107567e+02  9.862081e-01
28  4.336343e+02  1.444510e+01
29  5.473614e+02  3.375827e+01
30  6.000751e+02  3.045570e+01
31  3.973626e+02  1.076269e+01
32  3.932582e+02  1.293185e+00
33  4.025397e+02  9.375484e-01
34  4.183946e+02  1.923847e+01
35  4.407852e+02  4.846069e+01
36  3.174981e+02  4.655021e+01
37  4.618197e+02  6.224745e+01
38  8.461564e+02  6.594613e+01
39  1.103224e+03  7.683325e+01
40  1.366359e+03  7.493167e+01
41  1.530073e+03  4.804221e+01
42  8.196271e+02  4.878447e+01
43  1.955185e+02  1.140884e+01
44  -8.359839e+02  1.063064e+02
45  -7.069510e+02  1.538711e+02
46  -8.273304e+02  1.332220e+02
47  -1.832068e+03  2.505334e+02
48  2.175709e+02  2.601875e+02
49  1.882587e+03  3.621260e+02
50  -1.193284e+03  -2.087743e+01
51  -2.930352e+03  -4.672139e+02
52  8.822087e+01  -6.610884e+02
53  2.299984e+03  -3.499728e+02
54  1.565417e+03  -1.116454e+02
55  1.227994e+04  6.793602e+02
56  2.036357e+04  8.718909e+02
57  1.965349e+04  1.883728e+03
58  2.816604e+04  1.820698e+03
59  2.629278e+04  2.038463e+03
60  6.419468e+03  2.497025e+03
61  -5.360719e+04  2.041511e+03
62  -2.032199e+05  1.075178e+03
63  -8.068637e+05  -3.420126e+02
ENDPROP
STARTPROP
MASSES:  4.200000e-03   4.200000e-03
SOURCE: GAM_14
SINKS: GAM_14
0  -1.503577e+05  -9.378393e+02
1  1.260622e+06  5.436479e+02
2  5.710241e+05  1.539247e+02
3  3.105805e+05  -2.748233e+02
4  1.558827e+05  -4.609673e+02
5  7.920371e+04  2.623878e+02
6  5.393541e+04  -2.644076e+02
7  3.881125e+04  7.895940e+02
8  2.704312e+04  6.777784e+02
9  7.578356e+03  -9.433986e+01
10  3.365301e+03  -4.016165e+02
11  9.359574e+01  -4.139332e+02
12  -4.731611e+03  -1.658105e+02
13  -2.304709e+03  -3.972370e+02
14  -4.434257e+03  -2.089430e+02
15  -1.150262e+03  -2.013341e+02
16  -5.077059e+03  -2.669649e+02
17  -2.787561e+03  -2.027303e+02
18  -6.751815e+02  -1.334825e+02
19  -6.387557e+02  -1.753011e+02
20  2.204668e+01  -2.798127e+02
21  -3.903066e+02  -3.133151e+02
22  -1.827876e+03  -1.849909e+02
23  -1.160817e+03  -6.468584e+01
24  -7.401162e+02  -4.361444e+01
25  -4.759765e+02  -3.741971e+01
26  -2.536880e+02  -2.635211e+01
27  2.828734e+02  -1.450987e+01
28  1.992668e+02  -2.595365e+01
29  9.739037e+01  -3.041160e+01
30  1.646223e+02  -2.280632e+01
31  2.846728e+02  -3.728662e+01
32  1.826513e+02  -3.743262e+01
33  5.915181e+01  -4.567133e+01
34  -3.532382e+02  -2.867659e+01
35  -7.225935e+02  -5.371440e+01
36  -7.913566e+02  -6.997452e+01
37  -6.480396e+02  -7.036735e+01
38  -5.579594e+02  -5.817180e+01
39  -3.844801e+02  -6.724821e+01
40  -1.717836e+02  -7.355678e+01
41  2.089434e+02  -5.807101e+01
42  -9.483056e+01  -1.731686e+02
43  -8.150720e+02  -3.367836e+02
44  -1.616868e+03  -3.637525e+02
45  -1.042863e+03  -2.119383e+02
46  -1.092206e+03  -1.941924e+02
47  -7.962787e+02  -3.008375e+02
48  2.302159e+02  -4.048809e+02
49  -2.716422e+02  -4.880512e+02
50  -1.637173e+03  -5.470341e+02
51  1.270408e+03  -7.938163e+02
52  3.147855e+03  -6.720381e+02
53  7.226735e+03  -3.734828e+02
54  7.717391e+03  1.338851e+02
55  4.993279e+03  2.594321e+02
56  1.221010e+04  3.661871e+02
57  2.952135e+04  -2.293573e+02
58  3.964968e+04  -1.746176e+03
59  6.154620e+04  -2.445019e+03
60  1.197055e+05  -3.247614e+03
61  2.636053e+05  -3.944951e+03
62  5.254518e+05  -3.771509e+03
63  1.288154e+06  -1.579894e+03
ENDPROP
STARTPROP
MASSES:  4.200000e-03   4.200000e-03
SOURCE: GAM_41
SINKS: GAM_41
0  -1.503577e+05  -9.378393e+02
1  1.260622e+06  5.436479e+02
2  5.710241e+05  1.539247e+02
3  3.105805e+05  -2.748233e+02
4  1.558827e+05  -4.609673e+02
5  7.920371e+04  2.623878e+02
6  5.393541e+04  -2.644076e+02
7  3.881125e+04  7.895940e+02
8  2.704312e+04  6.777784e+02
9  7.578356e+03  -9.433986e+01
10  3.365301e+03  -4.016165e+02
11  9.359574e+01  -4.139332e+02
12  -4.731611e+03  -1.658105e+02
13  -2.304709e+03  -3.972370e+02
14  -4.434257e+03  -2.089430e+02
15  -1.150262e+03  -2.013341e+02
16  -5.077059e+03  -2.669649e+02
17  -2.787561e+03  -2.027303e+02
18  -6.751815e+02  -1.334825e+02
19  -6.387557e+02  -1.753011e+02
20  2.204668e+01  -2.798127e+02
21  -3.903066e+02  -3.133151e+02
22  -1.827876e+03  -1.849909e+02
23  -1.160817e+03  -6.468584e+01
24  -7.401162e+02  -4.361444e+01
25  -4.759765e+02  -3.741971e+01
26  -2.536880e+02  -2.635211e+01
27  2.828734e+02  -1.450987e+01
28  1.992668e+02  -2.595365e+01
29  9.739037e+01  -3.041160e+01
30  1.646223e+02  -2.280632e+01
31  2.846728e+02  -3.728662e+01
32  1.826513e+02  -3.743262e+01
33  5.915181e+01  -4.567133e+01
34  -3.532382e+02  -2.867659e+01
35  -7.225935e+02  -5.371440e+01
36  -7.913566e+02  -6.997452e+01
37  -6.480396e+02  -7.036735e+01
38  -5.579594e+02  -5.817180e+01
39  -3.844801e+02  -6.724821e+01
40  -1.717836e+02  -7.355678e+01
41  2.089434e+02  -5.807101e+01
42  -9.483056e+01  -1.731686e+02
43  -8.150720e+02  -3.367836e+02
44  -1.616868e+03  -3.637525e+02
45  -1.042863e+03  -2.119383e+02
46  -1.092206e+03  -1.941924e+02
47  -7.962787e+02  -3.008375e+02
48  2.302159e+02  -4.048809e+02
49  -2.716422e+02  -4.880512e+02
50  -1.637173e+03  -5.470341e+02
51  1.270408e+03  -7.938163e+02
52  3.147855e+03  -6.720381e+02
53  7.226735e+03  -3.734828e+02
54  7.717391e+03  1.338851e+02
55  4.993279e+03  2.594321e+02
56  1.221010e+04  3.661871e+02
57  2.952135e+04  -2.293573e+02
58  3.964968e+04  -1.746176e+03
59  6.154620e+04  -2.445019e+03
60  1.197055e+05  -3.247614e+03
61  2.636053e+05  -3.944951e+03
62  5.254518e+05  -3.771509e+03
63  1.288154e+06  -1.579894e+03
ENDPROP
STARTPROP
MASSES:  4.200000e-03   4.200000e-03
SOURCE: GAM_23
SINKS: GAM_23
0  7.270299e+05  -2.031355e+03
1  -7.939504e+05  -7.226844e+02
2  -2.299901e+05  -8.940201e+02
3  -1.046734e+05  -1.816085e+02
4  -2.444572e+04  5.548221e+02
5  -4.066776e+03  1.619899e+03
6  1.554363e+04  6.318811e+02
7  7.556150e+03  5.495170e+01
8  -2.974029e+03  -1.439167e+02
9  2.253085e+03  -1.128192e+03
10  3.159753e+03  -1.094630e+03
11  -2.094423e+02  -9.587748e+02
12  1.760560e+03  -4.445656e+02
13  -5.654228e+03  -5.377062e+02
14  -1.691915e+03  -6.532080e+02
15  3.124885e+03  -4.915377e+02
16  7.324528e+03  -1.169600e+02
17  5.116471e+03  1.987512e+02
18  3.535889e+03  2.248666e+02
19  7.096082e+02  1.381811e+02
20  -5.171819e+02  -2.234530e+01
21  -3.584416e+02  -6.052416e+01
22  -8.382846e+01  -3.760043e+01
23  3.602757e+02  -3.223378e+01
24  4.902392e+02  9.954585e+00
25  2.654355e+02  4.955459e+00
26  2.790587e+02  -8.979171e+00
27  2.987331e+02  -3.110338e+01
28  5.960891e+02  -5.016191e+01
29  4.776547e+02  -4.236950e+01
30  1.134425e+02  -7.929224e+00
31  -9.619104e+01  5.032048e+01
32  -5.053968e+02  5.649620e+01
33  -4.997915e+02  3.939131e+01
34  -7.842433e+02  5.699599e+00
35  -7.990587e+02  -2.788353e+01
36  -8.939426e+02  -1.234396e+01
37  -1.360582e+03  -2.154698e+01
38  -1.602235e+03  -5.930188e+01
39  -1.435040e+03  -6.410604e+01
40  -1.578350e+03  -1.280347e+02
41  -1.483293e+03  -1.736402e+02
42  -1.332523e+03  -7.696671e+01
43  -2.161746e+03  -2.462713e+01
44  -2.771328e+03  -8.273030e+01
45  -3.531422e+03  -4.418367e+00
46  -3.394784e+03  9.948335e+01
47  -8.631571e+02  5.702321e+00
48  3.630288e+03  -5.528057e+01
49  8.974711e+03  6.617029e+01
50  1.364328e+04  -3.048483e+02
51  1.372359e+04  -3.535851e+02
52  8.923797e+03  -2.257989e+02
53  3.806531e+03  6.224426e+01
54  -3.888646e+03  6.162579e+02
55  -1.043478e+04  3.827099e+02
56  -1.829150e+03  1.630080e+02
57  1.231826e+04  -4.723157e+01
58  2.749735e+04  -1.777771e+02
59  2.416590e+04  -7.940065e+02
60  1.110092e+04  8.871609e+02
61  -2.474321e+04  2.441944e+03
62  -1.811278e+05  1.772628e+03
63  -7.783084e+05  -3.120480e+02
ENDPROP
STARTPROP
MASSES:  4.200000e-03   4.200000e-03
SOURCE: GAM_32
SINKS: GAM_32
0  7.270299e+05  -2.031355e+03
1  -7.939504e+05  -7.226844e+02
2  -2.299901e+05  -8.940201e+02
3  -1.046734e+05  -1.816085e+02
4  -2.444572e+04  5.548221e+02
5  -4.066776e+03  1.619899e+03
6  1.554363e+04  6.318811e+02
7  7.556150e+03  5.495170e+01
8  -2.974029e+03  -1.439167e+02
9  2.253085e+03  -1.128192e+03
10  3.159753e+03  -1.094630e+03
11  -2.094423e+02  -9.587748e+02
12  1.760560e+03  -4.445656e+02
13  -5.654228e+03  -5.377062e+02
14  -1.691915e+03  -6.532080e+02
15  3.124885e+03  -4.915377e+02
16  7.324528e+03  -1.169600e+02
17  5.116471e+03  1.987512e+02
18  3.535889e+03  2.248666e+02
19  7.096082e+02  1.381811e+02
20  -5.171819e+02  -2.234530e+01
21  -3.584416e+02  -6.052416e+01
22  -8.382846e+01  -3.760043e+01
23  3.602757e+02  -3.223378e+01
24  4.902392e+02  9.954585e+00
25  2.654355e+02  4.955459e+00
26  2.790587e+02  -8.979171e+00
27  2.987331e+02  -3.110338e+01
28  5.960891e+02  -5.016191e+01
29  4.776547e+02  -4.236950e+01
30  1.134425e+02  -7.929224e+00
31  -9.619104e+01  5.032048e+01
32  -5.053968e+02  5.649620e+01
33  -4.997915e+02  3.939131e+01
34  -7.842433e+02  5.699599e+00
35  -7.990587e+02  -2.788353e+01
36  -8.939426e+02  -1.234396e+01
37  -1.360582e+03  -2.154698e+01
38  -1.602235e+03  -5.930188e+01
39  -1.435040e+03  -6.410604e+01
40  -1.578350e+03  -1.280347e+02
41  -1.483293e+03  -1.736402e+02
42  -1.332523e+03  -7.696671e+01
43  -2.161746e+03  -2.462713e+01
44  -2.771328e+03  -8.273030e+01
45  -3.531422e+03  -4.418367e+00
46  -3.394784e+03  9.948335e+01
47  -8.631571e+02  5.702321e+00
48  3.630288e+03  -5.528057e+01
49  8.974711e+03  6.617029e+01
50  1.364328e+04  -3.048483e+02
51  1.372359e+04  -3.535851e+02
52  8.923797e+03  -2.257989e+02
53  3.806531e+03  6.224426e+01
54  -3.888646e+03  6.162579e+02
55  -1.043478e+04  3.827099e+02
56  -1.829150e+03  1.630080e+02
57  1.231826e+04  -4.723157e+01
58  2.749735e+04  -1.777771e+02
59  2.416590e+04  -7.940065e+02
60  1.110092e+04  8.871609e+02
61  -2.474321e+04  2.441944e+03
62  -1.811278e+05  1.772628e+03
63  -7.783084e+05  -3.120480e+02
ENDPROP
STARTPROP
MASSES:  4.200000e-03   4.200000e-03
SOURCE: GAM_24
SINKS: GAM_24
0  -2.433187e+04  5.496749e+02
1  1.356698e+06  7.420529e+02
2  6.107715e+05  1.445410e+03
3  3.654087e+05  2.124599e+03
4  2.299210e+05  1.833153e+03
5  1.411152e+05  8.495911e+02
6  8.873528e+04  -3.647658e+02
7  3.875519e+04  -8.496876e+02
8  4.579455e+03  -1.038903e+03
9  -4.796678e+03  -1.238866e+03
10  8.208484e+02  -1.077766e+03
11  1.493576e+03  -6.666616e+02
12  3.161280e+03  -8.389274e+02
13  2.390168e+03  -8.626244e+02
14  -8.288464e+02  -3.633632e+02
15  -3.587479e+03  -3.339618e+02
16  -4.482444e+03  -1.956601e+02
17  -2.969148e+03  1.103083e+02
18  -2.548415e+03  2.141192e+02
19  1.570348e+02  1.956185e+02
20  -2.828054e+02  1.124394e+02
21  -9.807906e+02  7.018424e+01
22  -1.282755e+03  8.531019e+01
23  -5.734601e+02  4.053271e+01
24  5.074742e+02  -1.155315e+01
25  1.346583e+03  -3.731404e+01
26  1.236903e+03  -2.161234e+01
27  1.058611e+03  7.560765e+00
28  3.450202e+02  1.848404e+01
29  2.303270e+02  -1.112010e+01
30  -1.451767e+02  -1.668608e+01
31  -1.700678e+02  -2.353077e+01
32  -3.780132e+01  -6.995496e+00
33  1.609029e+02  -1.450638e+01
34  -1.021369e+02  8.277851e-01
35  -2.989424e+02  1.874900e+01
36  -6.242998e+02  3.031524e+01
37  -7.597372e+02  3.864216e+01
38  -4.827243e+02  7.014172e+01
39  -2.187491e+01  6.092533e+01
40  3.449630e+02  5.613227e+01
41  5.540694e+02  1.103019e+02
42  4.420590e+02  1.432983e+02
43  -5.773655e+02  7.900492e+01
44  -1.586749e+03  1.547447e+02
45  -2.354709e+03  1.802476e+02
46  -3.769523e+03  1.150175e+02
47  -4.953869e+03  5.356338e+01
48  -5.454348e+03  -7.292900e+01
49  -5.821634e+03  -2.840051e+02
50  -1.087516e+04  -5.404599e+02
51  -1.144871e+04  -7.881352e+02
52  -1.034502e+04  -8.981852e+02
53  -8.155080e+03  -6.946648e+02
54  -3.392140e+03  -3.299678e+02
55  -2.838976e+03  6.709028e+01
56  7.061415e+03  5.739430e+02
57  2.965252e+04  -1.578089e+02
58  4.729455e+04  -1.541029e+02
59  9.062916e+04  -2.381309e+02
60  1.702954e+05  -8.356701e+01
61  3.437210e+05  -1.948017e+03
62  6.466816e+05  -2.020906e+03
63  1.401228e+06  -6.478224e+02
ENDPROP
STARTPROP
MASSES:  4.200000e-03   4.200000e-03
SOURCE: GAM_42
SINKS: GAM_42
0  -2.433187e+04  5.496749e+02
1  1.356698e+06  7.420529e+02
2  6.107715e+05  1.445410e+03
3  3.654087e+05  2.124599e+03
4  2.299210e+05  1.833153e+03
5  1.411152e+05  8.495911e+02
6  8.873528e+04  -3.647658e+02
7  3.875519e+04  -8.496876e+02
8  4.579455e+03  -1.038903e+03
9  -4.796678e+03  -1.238866e+03
10  8.208484e+02  -1.077766e+03
11  1.493576e+03  -6.666616e+02
12  3.161280e+03  -8.389274e+02
13  2.390168e+03  -8.626244e+02
14  -8.288464e+02  -3.633632e+02
15  -3.587479e+03  -3.339618e+02
16  -4.482444e+03  -1.956601e+02
17  -2.969148e+03  1.103083e+02
18  -2.548415e+03  2.141192e+02
19  1.570348e+02  1.956185e+02
20  -2.828054e+02  1.124394e+02
21  -9.807906e+02  7.018424e+01
22  -1.282755e+03  8.531019e+01
23  -5.734601e+02  4.053271e+01
24  5.074742e+02  -1.155315e+01
25  1.346583e+03  -3.731404e+01
26  1.236903e+03  -2.161234e+01
27  1.058611e+03  7.560765e+00
28  3.450202e+02  1.848404e+01
29  2.303270e+02  -1.112010e+01
30  -1.451767e+02  -1.668608e+01
31  -1.700678e+02  -2.353077e+01
32  -3.780132e+01  -6.995496e+00
33  1.609029e+02  -1.450638e+01
34  -1.021369e+02  8.277851e-01
35  -2.989424e+02  1.874900e+01
36  -6.242998e+02  3.031524e+01
37  -7.597372e+02  3.864216e+01
38  -4.827243e+02  7.014172e+01
39  -2.187491e+01  6.092533e+01
40  3.449630e+02  5.613227e+01
41  5.540694e+02  1.103019e+02
42  4.420590e+02  1.432983e+02
43  -5.773655e+02  7.900492e+01
44  -1.586749e+03  1.547447e+02
45  -2.354709e+03  1.802476e+02
46  -3.769523e+03  1.150175e+02
47  -4.953869e+03  5.356338e+01
48  -5.454348e+03  -7.292900e+01
49  -5.821634e+03  -2.840051e+02
50  -1.087516e+04  -5.404599e+02
51  -1.144871e+04  -7.881352e+02
52  -1.034502e+04  -8.981852e+02
53  -8.155080e+03  -6.946648e+02
54  -3.392140e+03  -3.299678e+02
55  -2.838976e+03  6.709028e+01
56  7.061415e+03  5.739430e+02
57  2.965252e+04  -1.578089e+02
58  4.729455e+04  -1.541029e+02
59  9.062916e+04  -2.381309e+02
60  1.702954e+05  -8.356701e+01
61  3.437210e+05  -1.948017e+03
62  6.466816e+05  -2.020906e+03
63  1.401228e+06  -6.478224e+02
ENDPROP
STARTPROP
MASSES:  4.200000e-03   4.200000e-03
SOURCE: GAM_34
SINKS: GAM_34
0  -8.724845e+04  -2.077202e+03
1  1.294204e+06  -2.199477e+03
2  5.819442e+05  -9.110865e+02
3  3.387838e+05  8.926479e+02
4  2.009397e+05  1.100076e+03
5  1.138500e+05  1.030013e+03
6  4.978025e+04  5.921687e+02
7  2.093609e+04  -2.445487e+02
8  -3.299007e+02  -6.298351e+02
9  -6.308911e+03  -1.084559e+03
10  -1.127720e+04  -1.123601e+03
11  -8.503875e+03  -1.034236e+03
12  -1.189852e+04  -6.709350e+02
13  -8.781897e+03  -4.211355e+02
14  -6.162128e+03  -7.393897e+02
15  -5.276965e+03  -6.718027e+02
16  -1.629783e+03  -5.166124e+02
17  -2.348351e+03  -2.890855e+02
18  -1.560703e+03  -2.114907e+02
19  -1.549418e+03  -7.499177e+01
20  -2.210709e+03  -8.417114e+01
21  -2.009086e+03  -1.012590e+02
22  -8.416530e+02  -6.430109e+01
23  -8.231088e+02  -9.016935e+01
24  -1.084961e+03  -1.108008e+02
25  -1.400898e+03  -8.701343e+01
26  -1.022212e+03  -3.207276e+01
27  -1.676413e+02  -6.839853e+00
28  -3.758569e+01  -3.752983e+00
29  -1.086882e+02  -2.309758e+01
30  1.591088e+02  -4.265659e+01
31  1.435424e+02  -4.220735e+01
32  1.484957e+02  -2.551986e+01
33  -3.089913e+02  -1.334432e+01
34  -3.089885e+02  -2.374755e+00
35  2.331857e+02  3.901769e+00
36  5.240897e+02  2.179039e+01
37  3.218068e+02  -1.829031e+00
38  -7.042650e+01  9.741892e+00
39  2.746622e+01  1.494095e+01
40  -1.480291e+02  4.434306e+01
41  5.610503e+02  1.335973e+00
42  2.133067e+02  6.814433e+00
43  -6.355423e+01  -1.047906e+02
44  -7.420473e+02  -1.035742e+02
45  2.626785e+02  -2.657301e+01
46  4.387274e+02  6.699881e+01
47  -2.075724e+01  1.741026e+02
48  -1.426800e+02  2.659746e+02
49  -1.819322e+03  3.144014e+02
50  -4.632833e+03  3.084659e+02
51  -2.853352e+03  1.227658e+02
52  -1.304221e+04  5.146249e+00
53  -1.303388e+04  -2.437596e+02
54  -1.013887e+04  2.278622e+02
55  1.152754e+03  -3.315365e+02
56  8.266162e+03  -1.357998e+03
57  3.393634e+04  -6.738014e+02
58  5.699282e+04  -7.356393e+02
59  1.020806e+05  -1.124907e+03
60  1.922795e+05  -1.700964e+03
61  3.278086e+05  -1.819421e+03
62  6.088936e+05  -1.177399e+03
63  1.365521e+06  -6.670407e+02
ENDPROP
STARTPROP
MASSES:  4.200000e-03   4.200000e-03
SOURCE: GAM_43
SINKS: GAM_43
0  -8.724845e+04  -2.077202e+03
1  1.294204e+06  -2.199477e+03
2  5.819442e+05  -9.110865e+02
3  3.387838e+05  8.926479e+02
4  2.009397e+05  1.100076e+03
5  1.138500e+05  1.030013e+03
6  4.978025e+04  5.921687e+02
7  2.093609e+04  -2.445487e+02
8  -3.299007e+02  -6.298351e+02
9  -6.308911e+03  -1.084559e+03
10  -1.127720e+04  -1.123601e+03
11  -8.503875e+03  -1.034236e+03
12  -1.189852e+04  -6.709350e+02
13  -8.781897e+03  -4.211355e+02
14  -6.162128e+03  -7.393897e+02
15  -5.276965e+03  -6.718027e+02
16  -1.629783e+03  -5.166124e+02
17  -2.348351e+03  -2.890855e+02
18  -1.560703e+03  -2.114907e+02
19  -1.549418e+03  -7.499177e+01
20  -2.210709e+03  -8.417114e+01
21  -2.009086e+03  -1.012590e+02
22  -8.416530e+02  -6.430109e+01
23  -8.231088e+02  -9.016935e+01
24  -1.084961e+03  -1.108008e+02
25  -1.400898e+03  -8.701343e+01
26  -1.022212e+03  -3.207276e+01
27  -1.676413e+02  -6.839853e+00
28  -3.758569e+01  -3.752983e+00
29  -1.086882e+02  -2.309758e+01
30  1.591088e+02  -4.265659e+01
31  1.435424e+02  -4.220735e+01
32  1.484957e+02  -2.551986e+01
33  -3.089913e+02  -1.334432e+01
34  -3.089885e+02  -2.374755e+00
35  2.331857e+02  3.901769e+00
36  5.240897e+02  2.179039e+01
37  3.218068e+02  -1.829031e+00
38  -7.042650e+01  9.741892e+00
39  2.746622e+01  1.494095e+01
40  -1.480291e+02  4.434306e+01
41  5.610503e+02  1.335973e+00
42  2.133067e+02  6.814433e+00
43  -6.355423e+01  -1.047906e+02
44  -7.420473e+02  -1.035742e+02
45  2.626785e+02  -2.657301e+01
46  4.387274e+02  6.699881e+01
47  -2.075724e+01  1.741026e+02
48  -1.426800e+02  2.659746e+02
49  -1.819322e+03  3.144014e+02
50  -4.632833e+03  3.084659e+02
51  -2.853352e+03  1.227658e+02
52  -1.304221e+04  5.146249e+00
53  -1.303388e+04  -2.437596e+02
54  -1.013887e+04  2.278622e+02
55  1.152754e+03  -3.315365e+02
56  8.266162e+03  -1.357998e+03
57  3.393634e+04  -6.738014e+02
58  5.699282e+04  -7.356393e+02
59  1.020806e+05  -1.124907e+03
60  1.922795e+05  -1.700964e+03
61  3.278086e+05  -1.819421e+03
62  6.088936e+05  -1.177399e+03
63  1.365521e+06  -6.670407e+02
ENDPROP
STARTPROP
MASSES:  4.200000e-03   4.200000e-03
SOURCE: GAM_15
SINKS: GAM_15
0  -2.218389e+05  2.757453e+03
1  -1.198523e+06  2.317589e+03
2  -4.373680e+05  1.631063e+03
3  -2.166617e+05  2.561811e+02
4  -1.071978e+05  -8.568629e+02
5  -6.144302e+04  -9.641759e+02
6  -3.482369e+04  -7.259494e+02
7  -2.156660e+04  7.794467e+02
8  -1.619079e+04  1.181648e+03
9  -8.681333e+03  1.070183e+03
10  -6.587951e+03  7.274519e+02
11  -4.434212e+03  -2.099411e+02
12  -4.115572e+03  -3.646221e+02
13  -6.497302e+03  -5.318612e+02
14  -4.510680e+03  -6.299867e+02
15  -5.625942e+03  -7.091444e+02
16  -4.880756e+03  -5.419749e+02
17  -4.284282e+03  -3.426863e+02
18  -3.565467e+03  -4.165425e+02
19  -2.460658e+03  -3.285473e+02
20  -1.281793e+03  -2.707390e+02
21  -7.226233e+02  -2.324335e+02
22  -4.706240e+02  -2.094592e+02
23  -2.280371e+01  -2.299373e+02
24  3.155030e+01  -2.589690e+02
25  -1.039602e+03  -2.259417e+02
26  -1.454044e+03  -2.024441e+02
27  -9.986725e+02  -1.512748e+02
28  -3.222758e+02  -1.075175e+02
29  2.294621e+02  -5.260527e+01
30  2.210813e+02  -4.947210e+01
31  -3.246415e+02  -2.564288e+01
32  -8.007044e+02  -1.465309e+01
33  -8.566706e+02  9.833976e+00
34  -1.182102e+03  3.081278e+01
35  -1.275474e+03  5.246110e+01
36  -1.003236e+03  2.748501e+01
37  -8.156160e+02  -1.797216e+01
38  -1.252343e+03  -7.396035e+01
39  -1.377414e+03  -1.338040e+02
40  -1.008763e+03  -1.033633e+02
41  -5.340387e+02  -1.353235e+00
42  -3.282600e+02  1.655584e+01
43  4.685487e+00  -4.562877e-01
44  -2.025849e+01  3.335667e+01
45  -1.435995e+03  -3.069704e+01
46  -2.557552e+03  -1.208108e+02
47  -2.848756e+03  4.778377e+00
48  -2.636472e+03  3.875043e+02
49  -2.074565e+03  9.626387e+02
50  -9.180113e+02  1.357937e+03
51  -2.198399e+03  1.423954e+03
52  -1.364085e+03  1.377764e+03
53  -3.128967e+03  1.104802e+03
54  1.814396e+03  4.171089e+02
55  2.151627e+04  -3.564525e+02
56  3.183756e+04  -1.090400e+03
57  2.043012e+04  -1.902061e+03
58  1.160303e+03  -2.154513e+03
59  -1.569773e+04  -1.556596e+03
60  -4.767229e+04  1.490702e+01
61  -1.783244e+05  1.088820e+03
62  -4.265913e+05  8.377668e+02
63  -1.205051e+06  6.541459e+02
ENDPROP
STARTPROP
MASSES:  4.200000e-03   4.200000e-03
SOURCE: GAM_25
SINKS: GAM_25
0  -1.847988e+05  -3.149926e+02
1  -1.133225e+06  -9.302741e+02
2  -3.900781e+05  -2.329816e+03
3  -1.827502e+05  -3.195523e+03
4  -8.471193e+04  -2.740374e+03
5  -4.640013e+04  -2.041619e+03
6  -4.246114e+04  -9.396076e+02
7  -4.029925e+04  -1.223916e+03
8  -3.521575e+04  -1.536292e+03
9  -2.744629e+04  -1.402485e+03
10  -2.096194e+04  -1.125620e+03
11  -1.613634e+04  -6.107429e+02
12  -1.059209e+04  -1.246675e+02
13  -1.375262e+03  5.144939e+01
14  8.945391e+03  8.041843e+01
15  1.335217e+04  -8.936264e+01
16  1.054929e+04  6.245618e+01
17  6.941400e+03  1.180590e+02
18  3.095854e+03  2.055201e+02
19  1.165491e+03  3.007612e+02
20  8.093905e+02  1.394972e+02
21  2.126552e+03  -5.869502e+01
22  2.480003e+03  -9.671279e+01
23  1.715400e+03  -1.119533e+02
24  2.169009e+03  -5.469319e+01
25  1.822701e+03  9.612635e+00
26  2.321225e+03  -1.936255e+01
27  2.534115e+03  -3.519349e+01
28  2.208992e+03  -6.082912e+01
29  1.297372e+03  -4.594612e+01
30  9.445829e+02  -4.298593e+01
31  5.019679e+02  -4.720519e+01
32  5.674661e+02  -1.029463e+01
33  7.259371e+02  1.283334e+01
34  4.350369e+02  4.011259e-01
35  2.847635e+01  -2.749962e-01
36  8.641219e+01  1.224014e+01
37  4.110023e+02  1.581927e+01
38  2.885674e+02  3.752820e+01
39  -1.885202e+02  6.474459e+01
40  -2.604842e+02  5.475312e+01
41  -4.434796e+02  5.507069e+01
42  -1.027955e+03  1.554393e+00
43  -2.346194e+03  -1.286305e+02
44  -2.579762e+03  -2.043529e+02
45  -1.410089e+03  -1.528691e+02
46  -7.578181e+02  4.384664e+01
47  -1.562455e+03  1.799440e+02
48  -2.355156e+03  1.666159e+02
49  -3.679088e+03  2.056956e+02
50  -3.016343e+03  2.107008e+02
51  -1.425877e+03  1.691588e+02
52  -1.657065e+03  3.112591e+02
53  -4.836156e+03  7.878523e+02
54  9.892651e+02  3.504227e+02
55  2.504926e+03  -2.373852e+02
56  1.443390e+03  -7.201414e+02
57  4.560813e+03  -1.843278e+03
58  1.840923e+04  -2.601404e+03
59  3.045197e+04  -2.650088e+03
60  1.102357e+04  -2.709286e+03
61  -1.194669e+05  -2.606460e+03
62  -3.594322e+05  -2.068313e+03
63  -1.143106e+06  -2.462975e+03
ENDPROP
STARTPROP
MASSES:  4.200000e-03   4.200000e-03
SOURCE: GAM_35
SINKS: GAM_35
0  -1.930470e+05  -3.034341e+03
1  -1.134968e+06  -9.705494e+02
2  -3.790745e+05  -2.116409e+03
3  -1.845333e+05  -2.075999e+03
4  -8.732847e+04  -1.620117e+03
5  -4.040870e+04  -1.496801e+03
6  -1.408981e+04  -1.162743e+03
7  -9.143800e+03  -5.021139e+02
8  -1.342284e+04  -7.003485e+02
9  -2.271161e+04  -8.979491e+02
10  -1.935018e+04  -1.123283e+03
11  -1.055961e+04  -1.092909e+03
12  -6.331136e+02  -1.183016e+02
13  2.166457e+03  3.561742e+02
14  -8.360042e+02  5.831027e+02
15  -1.122955e+01  1.985539e+02
16  6.515797e+02  -2.808273e+02
17  1.145993e+03  -1.936960e+02
18  1.553524e+03  -1.182631e+02
19  -3.069576e+02  -5.936686e+01
20  -1.520760e+03  5.773346e+01
21  -1.849857e+03  1.033659e+02
22  -1.897279e+03  1.493771e+02
23  -5.978801e+02  1.278859e+02
24  2.438135e+02  6.878308e+01
25  9.968783e+02  5.513002e+01
26  1.558765e+03  1.683858e+01
27  1.060700e+03  -2.148299e+01
28  9.923688e+02  -4.906066e+01
29  9.350714e+02  -7.410719e+01
30  4.888525e+02  -1.032829e+02
31  2.636322e+02  -9.195845e+01
32  1.263824e+02  -9.094171e+01
33  5.299638e+01  -3.409282e+01
34  8.134561e+01  1.750622e+01
35  -1.445117e+02  5.178566e+01
36  -6.824340e+02  3.445940e+01
37  -1.353585e+03  2.995839e+00
38  -1.474084e+03  -1.819248e+01
39  -1.058574e+03  2.853452e+01
40  -6.896447e+02  8.782115e+01
41  -7.113459e+02  1.097938e+02
42  -6.608410e+02  1.379095e+02
43  2.037206e+02  5.816883e+01
44  -1.301245e+02  -1.768023e+02
45  -1.126087e+03  -2.964139e+02
46  -7.269548e+02  -3.054747e+02
47  4.596584e+02  -4.270601e+02
48  3.327008e+03  -5.019716e+02
49  3.979879e+03  -4.561822e+02
50  6.245748e+03  -3.700625e+02
51  5.194914e+03  -2.403780e+02
52  -2.421901e+03  -9.581578e+01
53  -6.629984e+03  3.592948e+02
54  -1.221432e+04  4.813924e+02
55  -1.334411e+04  5.187213e+02
56  -1.151165e+04  4.406532e+02
57  -1.442131e+04  -9.950759e+02
58  -4.039689e+04  -2.152972e+03
59  -7.944586e+04  -2.388563e+03
60  -1.344406e+05  -2.756259e+03
61  -2.251181e+05  -3.994930e+03
62  -4.376029e+05  -4.972264e+03
63  -1.214195e+06  -4.745921e+03
ENDPROP
STARTPROP
MASSES:  4.200000e-03   4.200000e-03
SOURCE: GAM_45
SINKS: GAM_45
0  -1.726814e+06  1.457187e+02
1  6.562149e+05  -1.109313e+03
2  3.112737e+05  -1.171541e+03
3  2.581024e+05  -8.741591e+02
4  2.204281e+05  -1.185796e+03
5  1.804278e+05  -1.442169e+03
6  1.517105e+05  -5.906065e+02
7  1.185822e+05  -3.479752e+02
8  9.968337e+04  -3.045829e+02
9  8.929272e+04  2.953076e+01
10  7.282481e+04  -9.169544e+01
11  6.481854e+04  -3.441731e+02
12  5.488630e+04  -4.206091e+02
13  4.756776e+04  4.204906e+01
14  3.813195e+04  8.619546e+01
15  3.102631e+04  4.633873e+01
16  2.767067e+04  8.475325e+01
17  2.250692e+04  -6.540576e-01
18  1.907699e+04  -1.705448e+01
19  1.558699e+04  -1.837392e+01
20  1.322645e+04  -6.465412e+01
21  1.106953e+04  -3.438505e+01
22  9.983519e+03  3.168034e+01
23  8.113358e+03  -1.433276e+01
24  6.839781e+03  2.095185e+01
25  5.781676e+03  1.083540e+01
26  4.855083e+03  -1.702196e+01
27  4.383008e+03  -1.878897e+01
28  3.562795e+03  -2.543527e+01
29  3.194868e+03  -1.714000e+01
30  2.917420e+03  -1.023307e+00
31  2.858550e+03  9.448391e+00
32  2.610968e+03  1.612190e+01
33  2.707611e+03  4.451596e+01
34  2.836454e+03  4.793200e+01
35  3.125869e+03  5.420204e+01
36  3.471311e+03  4.917597e+01
37  3.776616e+03  2.091707e+01
38  4.496836e+03  8.436625e+00
39  5.388340e+03  3.228254e+01
40  6.283465e+03  4.087730e+01
41  7.454233e+03  8.664735e+01
42  8.861837e+03  1.483171e+02
43  1.038240e+04  1.901631e+02
44  1.224618e+04  1.905977e+02
45  1.475055e+04  1.988598e+02
46  1.723302e+04  2.627936e+02
47  2.005765e+04  1.808258e+02
48  2.531347e+04  2.580719e+02
49  3.239142e+04  4.834289e+02
50  3.870543e+04  6.228199e+02
51  4.693639e+04  7.925177e+02
52  5.548057e+04  8.165843e+02
53  6.708413e+04  6.756195e+02
54  8.201165e+04  3.168648e+02
55  9.427622e+04  4.019542e+02
56  1.182161e+05  7.601057e+02
57  1.377470e+05  4.274999e+02
58  1.645057e+05  2.156134e+02
59  2.027538e+05  -6.893076e+02
60  2.417418e+05  -4.962144e+02
61  2.966890e+05  5.815687e+02
62  3.536813e+05  2.070292e+03
63  6.994600e+05  2.519117e+03
ENDPROP
STARTPROP
MASSES:  4.200000e-03   4.200000e-03
SOURCE: PSAX4
SINKS: GAM_4
0  8.478178e+03  -3.873376e+03
1  1.699166e+06  -2.446551e+03
2  1.284425e+06  -2.209365e+03
3  1.065400e+06  -2.015863e+03
4  9.014313e+05  -1.472626e+03
5  7.501222e+05  3.367631e+01
6  6.331989e+05  -8.059963e+02
7  5.273184e+05  -9.002062e+02
8  4.473243e+05  -3.957829e+02
9  3.816562e+05  -1.150120e+02
10  3.129369e+05  5.908548e+02
11  2.689666e+05  5.913851e+02
12  2.288251e+05  6.554566e+02
13  1.891700e+05  7.636470e+02
14  1.539310e+05  6.617237e+02
15  1.273077e+05  4.691607e+02
16  1.057757e+05  4.233235e+02
17  8.919449e+04  4.669672e+02
18  7.362956e+04  3.388502e+02
19  6.178965e+04  2.825069e+02
20  5.062467e+04  2.645043e+02
21  4.189640e+04  1.946267e+02
22  3.622535e+04  2.604435e+02
23  2.923363e+04  1.772172e+02
24  2.505369e+04  1.503366e+02
25  2.082496e+04  1.234046e+02
26  1.678043e+04  1.390165e+02
27  1.358762e+04  1.159062e+02
28  1.029313e+04  7.868128e+01
29  7.545081e+03  7.890773e+01
30  5.144378e+03  6.816876e+01
31  2.844407e+03  7.385657e+01
32  6.962468e+02  4.582561e+01
33  -1.142529e+03  3.805113e+01
34  -3.437443e+03  1.147706e+01
35  -5.678752e+03  1.771770e+01
36  -7.890684e+03  1.541691e+01
37  -1.030030e+04  2.424374e+01
38  -1.315978e+04  -1.091202e+01
39  -1.694765e+04  -6.137668e+01
40  -2.079318e+04  -1.007535e+02
41  -2.576816e+04  -1.573322e+02
42  -3.131911e+04  -2.525678e+02
43  -3.832403e+04  -3.662172e+02
44  -4.680132e+04  -4.372456e+02
45  -5.591814e+04  -4.512183e+02
46  -6.627852e+04  -4.725566e+02
47  -7.968113e+04  -3.732937e+02
48  -9.879540e+04  -4.634419e+02
49  -1.218227e+05  -7.152282e+02
50  -1.483839e+05  -7.476290e+02
51  -1.802266e+05  -8.371388e+02
52  -2.142412e+05  -1.045314e+03
53  -2.608093e+05  -1.408957e+03
54  -3.198966e+05  -8.663726e+02
55  -3.833462e+05  -6.825518e+02
56  -4.561577e+05  -5.481672e+02
57  -5.564740e+05  -5.575893e+02
58  -6.643947e+05  3.937481e+02
59  -7.922583e+05  1.275232e+03
60  -9.258917e+05  8.923597e+01
61  -1.106172e+06  -1.021477e+03
62  -1.299782e+06  -2.070344e+03
63  -1.703907e+06  -3.573272e+03
ENDPROP
STARTPROP
MASSES:  4.200000e-03   4.200000e-03
SOURCE: WWPSAX4
SINKS: GAM_4
0  -1.881031e+08  -2.297836e+07
1  1.326421e+09  3.103579e+06
2  8.518738e+08  -1.334736e+07
3  6.919237e+08  -1.486177e+07
4  5.072359e+08  -8.527237e+06
5  3.259744e+08  1.181084e+06
6  5.328849e+08  2.409535e+06
7  4.441375e+08  -6.710076e+06
8  2.643653e+08  5.483893e+06
9  1.632278e+08  3.597847e+06
10  2.016523e+08  -1.191328e+05
11  1.991841e+08  3.280158e+05
12  1.631076e+08  -3.617784e+06
13  2.236375e+08  6.084991e+06
14  7.009217e+07  1.809974e+06
15  1.136046e+08  -1.594714e+06
16  6.746252e+07  2.370133e+06
17  6.379439e+07  -4.262683e+05
18  3.749234e+07  -1.257846e+06
19  5.129095e+07  -1.196589e+06
20  4.496856e+07  1.598916e+06
21  4.798326e+07  6.458828e+05
22  1.824263e+07  7.560281e+05
23  1.960864e+07  2.127147e+05
24  2.246954e+07  1.183577e+05
25  1.790834e+07  4.037466e+05
26  6.781717e+06  4.662463e+04
27  5.517676e+06  -9.477024e+04
28  1.072641e+07  4.230381e+04
29  7.218361e+06  -1.411914e+05
30  8.608080e+06  -4.379583e+05
31  -2.711489e+06  -4.207743e+05
32  -1.418616e+06  1.217503e+05
33  -1.444345e+06  -3.834052e+04
34  -1.031241e+06  6.993109e+03
35  -2.662860e+06  1.776747e+05
36  -9.444820e+06  -3.110083e+05
37  -3.455168e+06  5.762563e+05
38  -1.326480e+07  9.003523e+05
39  -1.191537e+07  -3.691580e+05
40  -7.279405e+06  7.757717e+05
41  -1.424916e+05  -3.491946e+05
42  -3.632687e+07  -1.139208e+06
43  -1.434140e+07  -1.868001e+05
44  -2.714453e+07  7.282622e+05
45  -4.807170e+07  -2.830613e+06
46  -4.214526e+07  -2.074270e+06
47  -6.243660e+07  -8.609892e+05
48  -6.664268e+07  2.274225e+06
49  -8.410454e+07  -1.521998e+06
50  -5.308672e+07  -1.520657e+06
51  -1.457904e+08  1.228588e+06
52  -1.609755e+08  -1.243757e+06
53  -6.893712e+07  -5.185494e+03
54  -2.374413e+08  -5.808824e+06
55  -2.199685e+08  7.507531e+06
56  -1.104757e+08  -8.037316e+06
57  -2.411611e+08  9.092588e+06
58  -5.286324e+08  -6.228828e+06
59  -6.199619e+08  -1.213957e+06
60  -7.472108e+08  -1.036267e+07
61  -3.375561e+08  -1.213226e+07
62  -9.932555e+08  -4.205183e+06
63  -2.517041e+09  -7.269110e+06
ENDPROP
STARTPROP
MASSES:  4.200000e-03   4.200000e-03
SOURCE: WWGAM_5
SINKS: GAM_5
0  1.603960e+10  -1.398515e+01
1  4.656002e+09  1.330669e+07
2  2.764062e+09  1.550144e+07
3  2.392783e+09  2.904542e+06
4  1.875133e+09  1.000534e+07
5  1.723520e+09  1.027758e+07
6  1.538800e+09  -2.413847e+06
7  1.337676e+09  -2.990980e+06
8  1.239702e+09  -1.502975e+06
9  8.880261e+08  7.347113e+06
10  8.648218e+08  -4.273141e+06
11  6.419800e+08  3.154778e+06
12  6.692824e+08  -2.124331e+06
13  5.616888e+08  2.401127e+06
14  4.070067e+08  2.719793e+06
15  3.320626e+08  -1.071154e+05
16  2.768705e+08  1.974969e+06
17  2.213666e+08  1.642335e+06
18  1.917959e+08  -7.961886e+05
19  1.496078e+08  -1.622663e+06
20  1.317279e+08  2.334176e+06
21  1.296960e+08  7.901626e+05
22  1.038096e+08  1.558392e+06
23  7.466669e+07  4.253611e+05
24  7.915645e+07  -1.535394e+03
25  6.009739e+07  5.601946e+05
26  5.646890e+07  5.731964e+05
27  4.107104e+07  5.346777e+04
28  4.287842e+07  2.080782e+05
29  4.292390e+07  1.660011e+05
30  3.849115e+07  -4.515844e+05
31  3.320719e+07  2.522048e+05
32  2.441672e+07  -1.220647e+05
33  2.579334e+07  -1.840744e+05
34  3.253325e+07  5.575633e+04
35  2.793073e+07  2.338059e+05
36  3.577826e+07  1.607972e+05
37  3.343235e+07  -5.211640e+04
38  4.747406e+07  6.765762e+04
39  4.451421e+07  3.861333e+05
40  5.227038e+07  2.112554e+05
41  6.589261e+07  8.400330e+05
42  9.065502e+07  2.555962e+04
43  9.646353e+07  1.319259e+06
44  1.077045e+08  -9.841652e+05
45  1.664813e+08  2.693165e+06
46  1.976650e+08  1.025388e+06
47  2.307414e+08  1.495314e+06
48  2.454314e+08  1.794250e+06
49  3.102621e+08  -9.791615e+05
50  3.270503e+08  2.096011e+06
51  4.635506e+08  -1.479511e+06
52  5.719163e+08  1.424922e+06
53  5.363624e+08  4.030393e+06
54  8.232785e+08  5.425215e+06
55  1.034743e+09  -3.183866e+06
56  1.125342e+09  -7.574767e+06
57  1.297755e+09  -7.018808e+06
58  1.486814e+09  1.089736e+07
59  1.768336e+09  -2.793097e+06
60  2.486840e+09  -2.743109e+07
61  2.016855e+09  -6.707083e+06
62  2.879207e+09  1.058750e+07
63  5.312455e+09  4.182548e+05
ENDPROP
