STARTPROP
MASSES:  4.500000e-02   4.500000e-02
SOURCE: GAM_1
SINKS: GAM_1
0  1.294186e+06  1.839466e+03
1  1.910402e+06  -2.795804e+03
2  8.433092e+05  -1.108283e+03
3  4.160982e+05  -5.250205e+02
4  2.011413e+05  -2.357367e+02
5  9.772212e+04  -2.493814e+02
6  4.676811e+04  -3.914240e+02
7  2.225857e+04  -2.739047e+02
8  1.076525e+04  -3.832032e+01
9  4.974367e+03  -3.852282e+01
10  1.960716e+03  -1.470244e+01
11  7.009359e+02  -2.467403e+00
12  2.044657e+02  -2.438604e+00
13  3.908123e+01  4.165023e+00
14  -2.990242e+00  8.691062e+00
15  -5.820515e+00  5.329411e+00
16  -9.964254e+00  4.305014e+00
17  -1.234980e+01  3.432740e+00
18  -1.050130e+01  2.184345e+00
19  -6.255420e+00  1.266700e+00
20  -3.075720e+00  1.167302e+00
21  -2.080769e+00  7.600467e-01
22  -1.284605e+00  5.519101e-01
23  -6.240383e-01  3.239944e-01
24  -2.953271e-01  1.076232e-01
25  -7.894543e-02  1.851423e-02
26  1.915774e-02  -3.951263e-03
27  6.324009e-02  -7.004148e-03
28  5.932888e-02  8.726177e-03
29  4.228294e-02  7.927422e-03
30  1.875671e-02  3.852204e-04
31  1.366726e-02  -8.118354e-04
32  1.785576e-02  -1.234633e-03
33  1.769242e-02  7.983559e-04
34  3.542452e-02  8.903848e-04
35  6.012959e-02  -2.374939e-03
36  9.482222e-02  -1.029544e-02
37  1.596458e-01  -1.092666e-02
38  2.142065e-01  -2.030617e-02
39  4.037600e-01  -5.149639e-02
40  6.252767e-01  -4.604978e-02
41  9.013014e-01  2.228421e-03
42  7.985097e-01  3.318745e-02
43  2.890447e+00  -2.390782e-03
44  7.592933e+00  3.436128e-01
45  1.041222e+01  4.504518e-01
46  1.602283e+01  8.619838e-01
47  2.697708e+01  1.835980e+00
48  4.195665e+01  3.364936e+00
49  7.339673e+01  6.890018e+00
50  1.071627e+02  6.996435e+00
51  1.809757e+02  1.493209e+01
52  4.078747e+02  3.111005e+01
53  1.008191e+03  6.938799e+01
54  2.265415e+03  1.328673e+02
55  4.762853e+03  1.651831e+02
56  1.008390e+04  2.517415e+02
57  2.158301e+04  4.601905e+02
58  4.638641e+04  4.440706e+02
59  9.772163e+04  7.633788e+02
60  2.024224e+05  1.334743e+03
61  4.104171e+05  2.387933e+03
62  8.439428e+05  2.143619e+03
63  1.935281e+06  2.559511e+03
ENDPROP
STARTPROP
MASSES:  4.500000e-02   4.500000e-02
SOURCE: GAM_2
SINKS: GAM_2
0  1.299253e+06  6.607719e+02
1  1.906725e+06  -2.696214e+03
2  8.257441e+05  -2.640564e+03
3  4.031668e+05  -1.839649e+03
4  1.922099e+05  -9.404465e+02
5  9.008152e+04  -8.827315e+02
6  4.211229e+04  -5.903922e+02
7  2.011359e+04  -4.519471e+02
8  9.595216e+03  -2.634515e+02
9  4.541614e+03  -1.709236e+02
10  2.151778e+03  -1.219224e+02
11  9.561581e+02  -8.640083e+01
12  3.456498e+02  -4.984444e+01
13  1.748656e+02  -2.618479e+01
14  1.389416e+02  -1.253707e+01
15  1.090526e+02  1.643511e-01
16  7.840279e+01  2.976765e+00
17  4.140432e+01  2.861930e+00
18  2.217536e+01  2.051335e+00
19  1.164592e+01  1.359967e+00
20  7.601325e+00  9.137750e-01
21  4.453583e+00  4.138258e-01
22  2.070264e+00  2.976194e-01
23  9.589413e-01  2.500835e-01
24  4.671473e-01  1.142134e-01
25  1.634855e-01  3.193850e-02
26  4.688783e-02  4.560040e-03
27  5.364416e-03  3.871997e-03
28  1.464759e-02  -6.327950e-03
29  6.090764e-03  -9.804036e-03
30  9.049145e-03  -4.703140e-03
31  7.185601e-03  4.699079e-04
32  8.678643e-03  2.084385e-03
33  1.089200e-02  3.400623e-03
34  1.031585e-02  -2.044661e-04
35  1.913085e-02  -5.930811e-03
36  3.590643e-02  -1.137331e-02
37  1.014632e-02  -1.324464e-02
38  -4.918601e-02  -2.116836e-02
39  -1.479623e-01  -2.980398e-02
40  -1.865347e-01  -8.864836e-02
41  -7.900800e-01  -1.983177e-01
42  -1.576917e+00  -2.115786e-01
43  -1.468530e+00  -1.740143e-01
44  -1.255101e+00  -3.379449e-01
45  1.409245e-01  -6.788941e-01
46  2.028058e+00  -1.185732e+00
47  -7.042240e-01  -1.000190e+00
48  -6.885123e-01  4.782292e-01
49  1.986689e+01  1.330334e+00
50  8.998790e+01  2.340484e+00
51  2.167827e+02  -7.275461e+00
52  5.032539e+02  -1.209762e+01
53  1.074105e+03  5.623566e+00
54  2.196285e+03  2.839602e+01
55  4.529086e+03  8.172287e+01
56  9.812351e+03  6.083189e+01
57  2.127235e+04  3.485651e+01
58  4.467312e+04  1.475972e+02
59  9.265331e+04  5.294713e+02
60  2.001822e+05  7.525573e+02
61  4.193828e+05  1.712459e+03
62  8.515657e+05  1.161173e+03
63  1.926905e+06  2.265601e+03
ENDPROP
STARTPROP
MASSES:  4.500000e-02   4.500000e-02
SOURCE: GAM_3
SINKS: GAM_3
0  1.325387e+06  -2.050344e+03
1  1.927934e+06  -3.647397e+03
2  8.504799e+05  -2.750724e+03
3  4.215992e+05  -2.237107e+03
4  2.051686e+05  -1.443883e+03
5  9.636470e+04  -7.448957e+02
6  4.482546e+04  -6.023872e+02
7  2.042787e+04  -4.642302e+02
8  9.775879e+03  -3.244890e+02
9  4.371762e+03  -2.324773e+02
10  1.974230e+03  -1.373447e+02
11  9.294393e+02  -4.912942e+01
12  4.317952e+02  -2.551190e+01
13  1.747990e+02  -1.772318e+01
14  6.172151e+01  -1.229355e+01
15  2.348410e+01  -5.190097e+00
16  2.602377e+01  -1.357948e+00
17  2.308088e+01  -7.009553e-01
18  1.577899e+01  4.675951e-01
19  7.058557e+00  1.161599e+00
20  2.758819e+00  1.001154e+00
21  1.000028e+00  8.912125e-01
22  5.074537e-01  5.587113e-01
23  2.522708e-01  3.247325e-01
24  -4.654952e-02  1.245206e-01
25  -1.155810e-01  2.430035e-02
26  -5.142403e-02  -1.644215e-02
27  -2.693423e-02  -2.235229e-02
28  -6.507158e-03  -2.205778e-02
29  -2.187219e-02  -1.813510e-02
30  -1.633176e-02  -1.332856e-02
31  -1.525952e-02  -7.010653e-03
32  -1.004163e-02  -5.160857e-03
33  1.843026e-03  -5.084711e-03
34  8.985219e-03  -6.625786e-03
35  7.174039e-03  -8.260858e-03
36  1.060541e-02  -1.666720e-02
37  3.640768e-02  -2.253424e-02
38  7.134574e-02  -2.051370e-02
39  8.950263e-02  1.543776e-02
40  -1.266511e-01  8.913105e-02
41  -5.516080e-01  1.102557e-01
42  -9.804797e-01  1.207451e-01
43  -1.459484e+00  1.613545e-01
44  -2.543558e+00  2.995961e-01
45  -1.918908e+00  8.913183e-01
46  -1.542292e+00  1.730294e+00
47  -3.710165e-01  1.620323e+00
48  8.921226e+00  1.284835e+00
49  4.813004e+01  1.498973e+00
50  1.486446e+02  -1.014028e+01
51  2.821777e+02  -3.727320e+01
52  6.192552e+02  -5.417571e+01
53  1.314214e+03  -6.896707e+01
54  2.735944e+03  -6.840967e+01
55  5.484504e+03  -1.426625e+01
56  1.053688e+04  1.131383e+02
57  2.126465e+04  3.471690e+02
58  4.484299e+04  5.856551e+02
59  9.324265e+04  5.919297e+02
60  1.970311e+05  1.123364e+03
61  4.140445e+05  8.050464e+02
62  8.505409e+05  1.014088e+03
63  1.931000e+06  7.864589e+02
ENDPROP
STARTPROP
MASSES:  4.500000e-02   4.500000e-02
SOURCE: GAM_4
SINKS: GAM_4
0  2.107726e+06  -1.406627e+03
1  -2.603177e+05  1.182104e+03
2  -3.144638e+03  4.460289e+01
3  -1.063608e+03  -4.677141e+02
4  5.615548e+02  -3.448369e+02
5  5.591813e+01  -2.206401e+02
6  -4.538359e+01  2.880619e+01
7  9.014188e+01  3.823368e+01
8  1.125860e+02  -3.289153e+01
9  1.932581e+01  -2.097966e+00
10  3.580938e+01  -3.285266e+00
11  1.321462e+01  2.055237e+00
12  1.049990e+01  -1.845189e+00
13  -1.842975e+01  -1.369636e+00
14  6.998989e+00  -5.375742e-01
15  3.324660e+00  -8.963091e-01
16  -2.806764e+00  -8.655791e-01
17  1.502412e+00  3.285287e-03
18  1.621253e+00  -6.543078e-02
19  2.834935e-01  6.459492e-02
20  1.022686e-01  2.396584e-02
21  -1.974061e-02  8.674340e-03
22  5.010199e-02  -4.554067e-02
23  -5.930183e-03  1.818942e-02
24  -5.162415e-03  2.859372e-02
25  -7.341292e-03  1.228642e-02
26  -1.149233e-02  9.044906e-03
27  1.374189e-03  4.233577e-03
28  6.239572e-03  -4.555263e-04
29  6.583264e-03  7.092564e-04
30  6.178315e-03  -5.830128e-04
31  5.194856e-03  -1.505521e-03
32  6.255351e-03  -2.358055e-03
33  9.931474e-03  -3.468332e-03
34  2.587102e-03  -4.952764e-03
35  4.109153e-03  -6.195036e-03
36  3.470322e-03  -6.171252e-03
37  6.303057e-03  -5.729018e-03
38  1.829564e-02  -5.222621e-03
39  2.291007e-03  5.790496e-03
40  4.301416e-02  -1.439816e-03
41  5.924458e-02  -7.406871e-04
42  3.198182e-03  1.882603e-03
43  2.293251e-02  8.866929e-03
44  -1.797626e-01  1.062447e-01
45  -2.376142e-01  3.595978e-01
46  -7.658661e-01  9.894889e-01
47  7.504522e-01  1.230042e+00
48  -5.265109e-02  5.572851e-01
49  3.244274e+00  -4.514733e-02
50  -2.028497e+00  -1.373857e+00
51  -8.176013e+00  -6.420411e-01
52  -2.495677e+00  4.522574e-01
53  9.536923e+00  -3.289780e-01
54  -3.028445e+01  4.758728e+00
55  -7.856972e+00  2.763408e+01
56  7.304813e+00  -1.835927e+01
57  -1.864435e+02  -1.799035e+01
58  -1.798811e+02  3.379903e+00
59  -2.283850e+00  -4.380096e+01
60  -7.227403e+02  3.029752e+02
61  -9.455390e+02  1.111532e+02
62  -5.007151e+03  5.775804e+01
63  -2.651379e+05  -9.449043e+02
ENDPROP
STARTPROP
MASSES:  4.500000e-02   4.500000e-02
SOURCE: GAM_5
SINKS: GAM_5
0  5.330825e+06  8.858408e+02
1  5.205720e+06  -3.073895e+03
2  3.262056e+06  -3.962848e+03
3  2.063813e+06  -1.699783e+03
4  1.269015e+06  -2.144784e+03
5  7.779122e+05  -1.299855e+03
6  4.778520e+05  -1.195501e+03
7  2.851529e+05  -6.883315e+02
8  1.702541e+05  -5.168809e+02
9  1.026875e+05  -4.929363e+02
10  6.209701e+04  -3.364632e+02
11  3.768294e+04  -2.649335e+02
12  2.290022e+04  -2.126342e+02
13  1.397498e+04  -1.566218e+02
14  8.417378e+03  -9.095669e+01
15  5.067703e+03  -4.431213e+01
16  3.084691e+03  -1.935293e+01
17  1.883000e+03  -1.072978e+01
18  1.137233e+03  -2.800646e+00
19  6.790178e+02  -8.321772e-01
20  4.090173e+02  -3.152559e-01
21  2.493455e+02  -5.259242e-01
22  1.514005e+02  -6.257883e-01
23  9.117474e+01  -3.493080e-01
24  5.543673e+01  -1.857833e-01
25  3.378761e+01  -1.203143e-01
26  2.026999e+01  -1.196313e-01
27  1.232253e+01  -8.649433e-02
28  7.757009e+00  -5.693544e-02
29  4.939142e+00  -4.296779e-02
30  3.263409e+00  -3.877633e-02
31  2.424800e+00  -2.595656e-02
32  2.176346e+00  -1.091591e-02
33  2.436330e+00  -1.846631e-03
34  3.306471e+00  1.197055e-03
35  4.973003e+00  1.893455e-02
36  7.801518e+00  2.684347e-02
37  1.219197e+01  1.350261e-02
38  1.995955e+01  7.121311e-03
39  3.333335e+01  5.561439e-02
40  5.604487e+01  4.529681e-02
41  9.387954e+01  6.079057e-02
42  1.561855e+02  5.056944e-01
43  2.603610e+02  1.455920e+00
44  4.330173e+02  2.081497e+00
45  7.060670e+02  2.030817e+00
46  1.150933e+03  2.884596e+00
47  1.857485e+03  4.081979e+00
48  3.010118e+03  4.095981e+00
49  4.992987e+03  1.556599e+01
50  8.201963e+03  2.959931e+01
51  1.372182e+04  5.230201e+01
52  2.297179e+04  9.172540e+01
53  3.793210e+04  2.015112e+02
54  6.290577e+04  3.508109e+02
55  1.054406e+05  2.873589e+02
56  1.726281e+05  4.545699e+02
57  2.818861e+05  1.565344e+03
58  4.610648e+05  3.121516e+03
59  7.572365e+05  5.009735e+03
60  1.246013e+06  7.429603e+03
61  2.009340e+06  9.561477e+03
62  3.222289e+06  8.849123e+03
63  5.193637e+06  1.067663e+04
ENDPROP
STARTPROP
MASSES:  4.500000e-02   4.500000e-02
SOURCE: GAM_12
SINKS: GAM_12
0  9.455168e+05  -1.817934e+03
1  -5.899335e+05  1.036755e+03
2  -1.212335e+05  -1.488783e+02
3  -3.957237e+04  -9.588810e+01
4  -1.078890e+04  -1.751281e+02
5  -5.160651e+03  1.107539e+02
6  -2.009410e+03  -9.014211e+01
7  -3.998421e+02  -1.086181e+02
8  -4.314427e+01  -7.292365e+01
9  -1.030210e+02  -4.756179e+01
10  -6.150537e+01  -3.689614e+01
11  -6.306805e+01  -2.240166e+01
12  -4.079938e+01  -1.014375e+01
13  8.300424e+00  -3.628736e+00
14  1.655083e+01  -5.530811e+00
15  1.093171e+01  -2.277064e+00
16  8.470560e+00  8.657515e-01
17  3.928566e+00  1.112466e+00
18  1.988525e+00  5.951984e-01
19  5.219272e-01  3.209445e-01
20  -3.927659e-01  2.973076e-01
21  -3.770476e-01  2.711840e-01
22  1.588687e-01  1.749896e-01
23  1.554709e-01  9.522249e-02
24  5.659700e-02  3.096171e-02
25  2.479545e-02  2.144931e-02
26  -2.038333e-02  4.961090e-03
27  -2.621751e-04  3.766234e-03
28  5.717692e-03  1.179320e-03
29  4.382667e-03  2.753968e-04
30  -1.729155e-04  1.447140e-03
31  3.605421e-03  1.078428e-03
32  6.951063e-03  -4.671580e-05
33  6.466026e-03  1.303264e-03
34  1.291337e-02  3.469120e-03
35  2.736818e-02  6.901980e-03
36  3.847171e-02  7.210168e-03
37  7.543136e-02  1.581991e-03
38  1.250540e-01  -1.503132e-02
39  2.007584e-01  -1.449056e-02
40  2.681238e-01  -4.627155e-03
41  8.869053e-02  -2.271639e-02
42  1.803988e-01  -3.639594e-02
43  -1.560500e-01  -6.026516e-03
44  -5.918592e-01  -9.814774e-02
45  6.923923e-01  -2.970109e-01
46  1.572580e+00  -5.495216e-01
47  5.190062e+00  -1.021592e+00
48  7.426635e+00  -1.235996e+00
49  2.645251e+00  -8.657391e-01
50  1.776158e+01  -3.176774e+00
51  5.116330e+00  -2.257910e+00
52  -6.562488e+01  -4.292809e+00
53  -1.417964e+02  3.373877e+00
54  -3.475038e+02  2.107976e+01
55  -5.951194e+02  5.616866e+00
56  -8.484146e+02  3.565512e+01
57  -1.195281e+03  5.097566e+01
58  -1.691830e+03  6.944614e+01
59  -3.789165e+03  -3.701283e+01
60  -1.171409e+04  -4.530992e+02
61  -4.392776e+04  -8.842267e+02
62  -1.354663e+05  -1.196757e+03
63  -6.077015e+05  -1.973664e+03
ENDPROP
STARTPROP
MASSES:  4.500000e-02   4.500000e-02
SOURCE: GAM_21
SINKS: GAM_21
0  9.455168e+05  -1.817934e+03
1  -5.899335e+05  1.036755e+03
2  -1.212335e+05  -1.488783e+02
3  -3.957237e+04  -9.588810e+01
4  -1.078890e+04  -1.751281e+02
5  -5.160651e+03  1.107539e+02
6  -2.009410e+03  -9.014211e+01
7  -3.998421e+02  -1.086181e+02
8  -4.314427e+01  -7.292365e+01
9  -1.030210e+02  -4.756179e+01
10  -6.150537e+01  -3.689614e+01
11  -6.306805e+01  -2.240166e+01
12  -4.079938e+01  -1.014375e+01
13  8.300424e+00  -3.628736e+00
14  1.655083e+01  -5.530811e+00
15  1.093171e+01  -2.277064e+00
16  8.470560e+00  8.657515e-01
17  3.928566e+00  1.112466e+00
18  1.988525e+00  5.951984e-01
19  5.219272e-01  3.209445e-01
20  -3.927659e-01  2.973076e-01
21  -3.770476e-01  2.711840e-01
22  1.588687e-01  1.749896e-01
23  1.554709e-01  9.522249e-02
24  5.659700e-02  3.096171e-02
25  2.479545e-02  2.144931e-02
26  -2.038333e-02  4.961090e-03
27  -2.621751e-04  3.766234e-03
28  5.717692e-03  1.179320e-03
29  4.382667e-03  2.753968e-04
30  -1.729155e-04  1.447140e-03
31  3.605421e-03  1.078428e-03
32  6.951063e-03  -4.671580e-05
33  6.466026e-03  1.303264e-03
34  1.291337e-02  3.469120e-03
35  2.736818e-02  6.901980e-03
36  3.847171e-02  7.210168e-03
37  7.543136e-02  1.581991e-03
38  1.250540e-01  -1.503132e-02
39  2.007584e-01  -1.449056e-02
40  2.681238e-01  -4.627155e-03
41  8.869053e-02  -2.271639e-02
42  1.803988e-01  -3.639594e-02
43  -1.560500e-01  -6.026516e-03
44  -5.918592e-01  -9.814774e-02
45  6.923923e-01  -2.970109e-01
46  1.572580e+00  -5.495216e-01
47  5.190062e+00  -1.021592e+00
48  7.426635e+00  -1.235996e+00
49  2.645251e+00  -8.657391e-01
50  1.776158e+01  -3.176774e+00
51  5.116330e+00  -2.257910e+00
52  -6.562488e+01  -4.292809e+00
53  -1.417964e+02  3.373877e+00
54  -3.475038e+02  2.107976e+01
55  -5.951194e+02  5.616866e+00
56  -8.484146e+02  3.565512e+01
57  -1.195281e+03  5.097566e+01
58  -1.691830e+03  6.944614e+01
59  -3.789165e+03  -3.701283e+01
60  -1.171409e+04  -4.530992e+02
61  -4.392776e+04  -8.842267e+02
62  -1.354663e+05  -1.196757e+03
63  -6.077015e+05  -1.973664e+03
ENDPROP
STARTPROP
MASSES:  4.500000e-02   4.500000e-02
SOURCE: GAM_13
SINKS: GAM_13
0  8.963294e+05  -4.257959e+02
1  -6.116227e+05  3.532195e+01
2  -1.364561e+05  -7.248110e+02
3  -5.003543e+04  -4.319667e+02
4  -1.639993e+04  -1.150939e+02
5  -4.506500e+03  6.890303e+01
6  -1.155470e+03  -5.933465e+01
7  4.353810e+01  -1.620957e+02
8  3.447862e+02  -1.495348e+02
9  2.212635e+02  -7.419141e+01
10  1.771362e+02  -3.500070e+01
11  9.032276e+01  -3.809611e-01
12  5.740343e+01  5.014353e+00
13  2.500306e+01  7.443654e+00
14  1.937876e+01  4.591213e+00
15  7.706121e+00  1.844639e+00
16  8.107642e+00  1.213515e+00
17  1.413215e+01  -3.426518e-01
18  9.431675e+00  -5.672189e-01
19  4.178800e+00  -5.575275e-01
20  1.793430e+00  -6.869961e-01
21  2.571577e-01  -4.160726e-01
22  8.092992e-02  -2.031445e-01
23  -9.395789e-02  -9.737698e-02
24  -1.765312e-01  -6.700274e-02
25  -1.042614e-01  -2.033642e-02
26  -1.862440e-02  4.788332e-03
27  7.986955e-04  4.720720e-03
28  1.706283e-03  -1.473790e-03
29  -9.752118e-04  -2.646125e-03
30  3.853011e-04  -2.808695e-03
31  2.673814e-03  -1.186121e-03
32  4.696182e-03  -8.008929e-04
33  1.051376e-02  -7.597583e-04
34  1.094783e-02  -3.370607e-03
35  2.033619e-02  -4.076847e-03
36  1.900013e-02  -3.421026e-03
37  -2.731385e-02  -1.008967e-02
38  -7.603831e-02  -1.877986e-02
39  -1.206879e-01  -1.112549e-02
40  -1.768174e-01  7.271975e-04
41  -1.415252e-01  -5.884266e-04
42  -1.628506e-01  7.839007e-02
43  3.197377e-01  1.069882e-01
44  6.402321e-01  3.420689e-01
45  1.618478e+00  5.990719e-01
46  2.080563e+00  1.094486e+00
47  -6.162838e-01  1.395756e+00
48  -5.246695e+00  2.390771e+00
49  -1.366070e+01  4.427968e+00
50  -1.212775e+01  3.885847e+00
51  -2.448176e+01  4.154972e+00
52  -6.008821e+01  5.945722e+00
53  -7.560256e+01  -6.287113e-01
54  -1.520386e+02  1.789450e+00
55  -4.253569e+02  5.296085e+00
56  -1.042926e+03  1.140424e+01
57  -1.719416e+03  -1.336807e+01
58  -2.913617e+03  -2.906919e+01
59  -6.184520e+03  -2.060200e+02
60  -1.631384e+04  -6.244557e+02
61  -5.096922e+04  -8.420905e+02
62  -1.391492e+05  -3.508182e+02
63  -6.221627e+05  -1.033780e+03
ENDPROP
STARTPROP
MASSES:  4.500000e-02   4.500000e-02
SOURCE: GAM_31
SINKS: GAM_31
0  8.963294e+05  -4.257959e+02
1  -6.116227e+05  3.532195e+01
2  -1.364561e+05  -7.248110e+02
3  -5.003543e+04  -4.319667e+02
4  -1.639993e+04  -1.150939e+02
5  -4.506500e+03  6.890303e+01
6  -1.155470e+03  -5.933465e+01
7  4.353810e+01  -1.620957e+02
8  3.447862e+02  -1.495348e+02
9  2.212635e+02  -7.419141e+01
10  1.771362e+02  -3.500070e+01
11  9.032276e+01  -3.809611e-01
12  5.740343e+01  5.014353e+00
13  2.500306e+01  7.443654e+00
14  1.937876e+01  4.591213e+00
15  7.706121e+00  1.844639e+00
16  8.107642e+00  1.213515e+00
17  1.413215e+01  -3.426518e-01
18  9.431675e+00  -5.672189e-01
19  4.178800e+00  -5.575275e-01
20  1.793430e+00  -6.869961e-01
21  2.571577e-01  -4.160726e-01
22  8.092992e-02  -2.031445e-01
23  -9.395789e-02  -9.737698e-02
24  -1.765312e-01  -6.700274e-02
25  -1.042614e-01  -2.033642e-02
26  -1.862440e-02  4.788332e-03
27  7.986955e-04  4.720720e-03
28  1.706283e-03  -1.473790e-03
29  -9.752118e-04  -2.646125e-03
30  3.853011e-04  -2.808695e-03
31  2.673814e-03  -1.186121e-03
32  4.696182e-03  -8.008929e-04
33  1.051376e-02  -7.597583e-04
34  1.094783e-02  -3.370607e-03
35  2.033619e-02  -4.076847e-03
36  1.900013e-02  -3.421026e-03
37  -2.731385e-02  -1.008967e-02
38  -7.603831e-02  -1.877986e-02
39  -1.206879e-01  -1.112549e-02
40  -1.768174e-01  7.271975e-04
41  -1.415252e-01  -5.884266e-04
42  -1.628506e-01  7.839007e-02
43  3.197377e-01  1.069882e-01
44  6.402321e-01  3.420689e-01
45  1.618478e+00  5.990719e-01
46  2.080563e+00  1.094486e+00
47  -6.162838e-01  1.395756e+00
48  -5.246695e+00  2.390771e+00
49  -1.366070e+01  4.427968e+00
50  -1.212775e+01  3.885847e+00
51  -2.448176e+01  4.154972e+00
52  -6.008821e+01  5.945722e+00
53  -7.560256e+01  -6.287113e-01
54  -1.520386e+02  1.789450e+00
55  -4.253569e+02  5.296085e+00
56  -1.042926e+03  1.140424e+01
57  -1.719416e+03  -1.336807e+01
58  -2.913617e+03  -2.906919e+01
59  -6.184520e+03  -2.060200e+02
60  -1.631384e+04  -6.244557e+02
61  -5.096922e+04  -8.420905e+02
62  -1.391492e+05  -3.508182e+02
63  -6.221627e+05  -1.033780e+03
ENDPROP
STARTPROP
MASSES:  4.500000e-02   4.500000e-02
SOURCE: GAM_14
SINKS: GAM_14
0  1.915769e+05  7.243889e+02
1  1.375315e+06  -1.669797e+03
2  5.534171e+05  -1.171839e+03
3  2.694648e+05  -1.446116e+03
4  1.283974e+05  -3.447994e+02
5  6.203687e+04  -3.573481e+02
6  2.951296e+04  -4.040438e+02
7  1.398836e+04  -2.623581e+02
8  6.446679e+03  -4.222578e+01
9  2.914228e+03  -1.492429e+01
10  1.295347e+03  -1.543983e+01
11  5.171290e+02  -1.356030e+00
12  1.642437e+02  -1.631664e+01
13  3.615550e+01  -4.593586e+00
14  1.540299e+01  -1.710449e+00
15  4.926058e+00  -2.146334e+00
16  4.822403e+00  -1.683828e+00
17  -2.530243e+00  4.827086e-01
18  -3.095072e+00  1.870545e+00
19  -3.190295e+00  1.338765e+00
20  -3.008929e+00  7.866895e-01
21  -2.015888e+00  4.134192e-01
22  -1.029464e+00  2.601834e-01
23  -3.571491e-01  1.135891e-01
24  -2.767264e-01  5.591810e-02
25  -5.721434e-02  -3.855508e-03
26  3.198733e-02  -1.140654e-02
27  6.262801e-02  -1.903595e-02
28  5.388781e-02  -6.193522e-03
29  4.215762e-02  1.279951e-03
30  2.831427e-02  2.287666e-03
31  1.895049e-02  2.430644e-03
32  1.695430e-02  4.267735e-03
33  1.766574e-02  6.191421e-03
34  3.619910e-02  9.888486e-03
35  6.725751e-02  1.033749e-02
36  9.974828e-02  1.487402e-02
37  1.392249e-01  2.390500e-02
38  1.553006e-01  8.692331e-03
39  2.361008e-01  -1.826657e-02
40  3.090221e-01  -1.192092e-02
41  6.315033e-01  -5.809043e-03
42  1.272514e+00  4.257668e-02
43  2.748361e+00  2.979010e-01
44  5.732738e+00  6.985439e-01
45  9.296121e+00  9.152303e-01
46  1.407649e+01  8.090482e-01
47  2.096117e+01  3.851885e-01
48  2.629358e+01  1.150502e+00
49  3.427599e+01  4.350988e+00
50  5.105998e+01  8.797898e+00
51  1.084525e+02  2.061623e+01
52  2.840939e+02  4.163394e+01
53  6.408296e+02  6.363305e+01
54  1.498657e+03  5.295641e+01
55  3.144809e+03  3.685644e+01
56  6.937624e+03  1.383813e+02
57  1.475289e+04  1.787820e+02
58  3.062491e+04  3.698687e+01
59  6.286739e+04  4.749955e+01
60  1.316510e+05  5.782415e+02
61  2.745280e+05  2.031665e+03
62  5.644264e+05  2.485315e+03
63  1.385391e+06  2.602402e+03
ENDPROP
STARTPROP
MASSES:  4.500000e-02   4.500000e-02
SOURCE: GAM_41
SINKS: GAM_41
0  1.915769e+05  7.243889e+02
1  1.375315e+06  -1.669797e+03
2  5.534171e+05  -1.171839e+03
3  2.694648e+05  -1.446116e+03
4  1.283974e+05  -3.447994e+02
5  6.203687e+04  -3.573481e+02
6  2.951296e+04  -4.040438e+02
7  1.398836e+04  -2.623581e+02
8  6.446679e+03  -4.222578e+01
9  2.914228e+03  -1.492429e+01
10  1.295347e+03  -1.543983e+01
11  5.171290e+02  -1.356030e+00
12  1.642437e+02  -1.631664e+01
13  3.615550e+01  -4.593586e+00
14  1.540299e+01  -1.710449e+00
15  4.926058e+00  -2.146334e+00
16  4.822403e+00  -1.683828e+00
17  -2.530243e+00  4.827086e-01
18  -3.095072e+00  1.870545e+00
19  -3.190295e+00  1.338765e+00
20  -3.008929e+00  7.866895e-01
21  -2.015888e+00  4.134192e-01
22  -1.029464e+00  2.601834e-01
23  -3.571491e-01  1.135891e-01
24  -2.767264e-01  5.591810e-02
25  -5.721434e-02  -3.855508e-03
26  3.198733e-02  -1.140654e-02
27  6.262801e-02  -1.903595e-02
28  5.388781e-02  -6.193522e-03
29  4.215762e-02  1.279951e-03
30  2.831427e-02  2.287666e-03
31  1.895049e-02  2.430644e-03
32  1.695430e-02  4.267735e-03
33  1.766574e-02  6.191421e-03
34  3.619910e-02  9.888486e-03
35  6.725751e-02  1.033749e-02
36  9.974828e-02  1.487402e-02
37  1.392249e-01  2.390500e-02
38  1.553006e-01  8.692331e-03
39  2.361008e-01  -1.826657e-02
40  3.090221e-01  -1.192092e-02
41  6.315033e-01  -5.809043e-03
42  1.272514e+00  4.257668e-02
43  2.748361e+00  2.979010e-01
44  5.732738e+00  6.985439e-01
45  9.296121e+00  9.152303e-01
46  1.407649e+01  8.090482e-01
47  2.096117e+01  3.851885e-01
48  2.629358e+01  1.150502e+00
49  3.427599e+01  4.350988e+00
50  5.105998e+01  8.797898e+00
51  1.084525e+02  2.061623e+01
52  2.840939e+02  4.163394e+01
53  6.408296e+02  6.363305e+01
54  1.498657e+03  5.295641e+01
55  3.144809e+03  3.685644e+01
56  6.937624e+03  1.383813e+02
57  1.475289e+04  1.787820e+02
58  3.062491e+04  3.698687e+01
59  6.286739e+04  4.749955e+01
60  1.316510e+05  5.782415e+02
61  2.745280e+05  2.031665e+03
62  5.644264e+05  2.485315e+03
63  1.385391e+06  2.602402e+03
ENDPROP
STARTPROP
MASSES:  4.500000e-02   4.500000e-02
SOURCE: GAM_23
SINKS: GAM_23
0  8.871295e+05  1.374450e+03
1  -6.296413e+05  1.204801e+03
2  -1.455811e+05  -4.555886e+02
3  -5.220347e+04  1.112579e+01
4  -1.585700e+04  1.512777e+02
5  -6.405466e+03  8.564246e+01
6  -2.295136e+03  6.660592e+01
7  -7.158704e+02  -3.178790e+00
8  1.551780e+02  -2.888767e+01
9  2.116788e+02  3.110016e+00
10  9.663490e+01  8.569119e+00
11  1.029485e+02  2.346400e+00
12  9.170222e+01  4.065778e-01
13  -4.147481e-01  4.908354e+00
14  -3.593931e+01  5.753750e+00
15  -3.687046e+01  4.897600e+00
16  -2.020129e+01  3.548157e+00
17  -9.735961e+00  1.877972e+00
18  -2.336794e+00  1.093280e+00
19  4.094332e-01  7.591691e-01
20  3.896423e-01  6.081059e-01
21  2.068035e-01  2.836463e-01
22  7.143793e-02  4.618680e-02
23  -5.489093e-02  1.791353e-02
24  -6.375927e-02  2.091179e-02
25  1.331229e-02  1.786246e-02
26  2.805462e-02  3.517365e-03
27  2.691935e-02  1.452766e-03
28  1.399975e-02  3.310289e-04
29  1.021514e-02  7.718372e-04
30  2.602582e-03  3.208116e-04
31  1.867236e-03  -1.447127e-03
32  4.209630e-03  -1.889482e-03
33  6.369103e-03  -2.886795e-03
34  8.097394e-03  -1.867825e-03
35  -4.427192e-03  -2.739010e-03
36  -1.446919e-02  -2.588469e-03
37  -3.056268e-02  -4.354639e-03
38  -2.560323e-02  1.029767e-02
39  2.112578e-03  1.783250e-02
40  -4.942084e-02  -1.935419e-02
41  -1.924919e-01  -2.801330e-02
42  -5.507563e-01  -8.813733e-02
43  -2.509759e-01  -1.877430e-01
44  -1.910993e-01  -2.037728e-01
45  1.979166e-01  -1.613533e-01
46  4.370818e-01  -1.171085e-01
47  3.464139e+00  -4.550844e-01
48  6.896812e+00  -2.416081e+00
49  5.956705e+00  -3.303895e+00
50  -1.062452e+01  -6.586456e+00
51  -9.306099e+00  -6.700941e+00
52  -1.068693e+01  -1.415298e+01
53  8.404676e+00  -3.204308e+01
54  -1.931268e+02  -5.528897e+00
55  -2.963836e+02  2.343891e+01
56  -3.186806e+02  1.068322e+02
57  -4.135028e+02  1.772367e+01
58  -1.202150e+03  1.021516e+02
59  -5.212797e+03  4.792604e+01
60  -1.629838e+04  2.442273e+02
61  -5.204772e+04  2.482403e+02
62  -1.431277e+05  6.219793e+02
63  -6.207963e+05  7.124491e+02
ENDPROP
STARTPROP
MASSES:  4.500000e-02   4.500000e-02
SOURCE: GAM_32
SINKS: GAM_32
0  8.871295e+05  1.374450e+03
1  -6.296413e+05  1.204801e+03
2  -1.455811e+05  -4.555886e+02
3  -5.220347e+04  1.112579e+01
4  -1.585700e+04  1.512777e+02
5  -6.405466e+03  8.564246e+01
6  -2.295136e+03  6.660592e+01
7  -7.158704e+02  -3.178790e+00
8  1.551780e+02  -2.888767e+01
9  2.116788e+02  3.110016e+00
10  9.663490e+01  8.569119e+00
11  1.029485e+02  2.346400e+00
12  9.170222e+01  4.065778e-01
13  -4.147481e-01  4.908354e+00
14  -3.593931e+01  5.753750e+00
15  -3.687046e+01  4.897600e+00
16  -2.020129e+01  3.548157e+00
17  -9.735961e+00  1.877972e+00
18  -2.336794e+00  1.093280e+00
19  4.094332e-01  7.591691e-01
20  3.896423e-01  6.081059e-01
21  2.068035e-01  2.836463e-01
22  7.143793e-02  4.618680e-02
23  -5.489093e-02  1.791353e-02
24  -6.375927e-02  2.091179e-02
25  1.331229e-02  1.786246e-02
26  2.805462e-02  3.517365e-03
27  2.691935e-02  1.452766e-03
28  1.399975e-02  3.310289e-04
29  1.021514e-02  7.718372e-04
30  2.602582e-03  3.208116e-04
31  1.867236e-03  -1.447127e-03
32  4.209630e-03  -1.889482e-03
33  6.369103e-03  -2.886795e-03
34  8.097394e-03  -1.867825e-03
35  -4.427192e-03  -2.739010e-03
36  -1.446919e-02  -2.588469e-03
37  -3.056268e-02  -4.354639e-03
38  -2.560323e-02  1.029767e-02
39  2.112578e-03  1.783250e-02
40  -4.942084e-02  -1.935419e-02
41  -1.924919e-01  -2.801330e-02
42  -5.507563e-01  -8.813733e-02
43  -2.509759e-01  -1.877430e-01
44  -1.910993e-01  -2.037728e-01
45  1.979166e-01  -1.613533e-01
46  4.370818e-01  -1.171085e-01
47  3.464139e+00  -4.550844e-01
48  6.896812e+00  -2.416081e+00
49  5.956705e+00  -3.303895e+00
50  -1.062452e+01  -6.586456e+00
51  -9.306099e+00  -6.700941e+00
52  -1.068693e+01  -1.415298e+01
53  8.404676e+00  -3.204308e+01
54  -1.931268e+02  -5.528897e+00
55  -2.963836e+02  2.343891e+01
56  -3.186806e+02  1.068322e+02
57  -4.135028e+02  1.772367e+01
58  -1.202150e+03  1.021516e+02
59  -5.212797e+03  4.792604e+01
60  -1.629838e+04  2.442273e+02
61  -5.204772e+04  2.482403e+02
62  -1.431277e+05  6.219793e+02
63  -6.207963e+05  7.124491e+02
ENDPROP
STARTPROP
MASSES:  4.500000e-02   4.500000e-02
SOURCE: GAM_24
SINKS: GAM_24
0  1.669277e+05  5.705792e+02
1  1.359460e+06  -1.411607e+03
2  5.432557e+05  -1.238518e+03
3  2.609753e+05  -1.272570e+03
4  1.248896e+05  -8.140226e+02
5  5.812996e+04  -6.537899e+02
6  2.743543e+04  -4.397532e+02
7  1.264965e+04  -3.475135e+02
8  5.621303e+03  -2.942667e+02
9  2.730374e+03  -2.390552e+02
10  1.230113e+03  -1.277687e+02
11  5.937185e+02  -5.371446e+01
12  2.675481e+02  -2.748135e+01
13  1.127502e+02  -1.727623e+01
14  7.030249e+01  -7.681457e+00
15  4.665924e+01  -1.810686e+00
16  4.074343e+01  1.296609e+00
17  1.950090e+01  1.684376e+00
18  7.765056e+00  1.278109e+00
19  2.986206e+00  8.284160e-01
20  1.238002e+00  4.443303e-01
21  1.452577e+00  3.282009e-01
22  9.660461e-01  3.070384e-01
23  4.079200e-01  2.047381e-01
24  3.088241e-01  7.365253e-02
25  2.111311e-01  3.059220e-03
26  1.757807e-01  -2.016743e-02
27  1.288971e-01  -6.264282e-03
28  7.359852e-02  -6.278606e-03
29  3.584064e-02  -7.966733e-03
30  2.721188e-02  -5.270558e-03
31  1.913781e-02  -3.201646e-03
32  8.241495e-03  -8.406771e-04
33  2.622595e-03  -6.527119e-04
34  3.544045e-03  -1.678507e-03
35  7.441063e-03  -7.968289e-03
36  2.326985e-02  -1.639296e-02
37  1.660715e-02  -2.480205e-02
38  8.739676e-03  -3.401053e-02
39  6.490728e-02  -4.634251e-02
40  1.880881e-01  -2.069964e-02
41  1.645174e-01  3.700015e-02
42  -3.635592e-01  4.386369e-02
43  -6.131177e-01  1.191189e-01
44  -5.881620e-01  -5.768069e-02
45  4.503194e-01  1.814573e-01
46  -7.299698e-01  -1.655534e-01
47  -2.746953e+00  -1.425857e-01
48  1.188894e+00  -1.087878e-01
49  1.565545e+01  1.919674e+00
50  5.657019e+01  5.839515e+00
51  1.198727e+02  1.103813e+01
52  2.948064e+02  4.604898e+00
53  5.989225e+02  3.333181e+00
54  1.377019e+03  1.988338e+01
55  3.055022e+03  1.365557e+01
56  6.252418e+03  -1.562347e+01
57  1.355289e+04  7.953004e+01
58  2.975011e+04  1.011801e+02
59  6.019780e+04  5.524903e+02
60  1.271644e+05  1.013589e+03
61  2.660520e+05  2.232620e+03
62  5.506605e+05  2.095613e+03
63  1.367694e+06  2.876807e+03
ENDPROP
STARTPROP
MASSES:  4.500000e-02   4.500000e-02
SOURCE: GAM_42
SINKS: GAM_42
0  1.669277e+05  5.705792e+02
1  1.359460e+06  -1.411607e+03
2  5.432557e+05  -1.238518e+03
3  2.609753e+05  -1.272570e+03
4  1.248896e+05  -8.140226e+02
5  5.812996e+04  -6.537899e+02
6  2.743543e+04  -4.397532e+02
7  1.264965e+04  -3.475135e+02
8  5.621303e+03  -2.942667e+02
9  2.730374e+03  -2.390552e+02
10  1.230113e+03  -1.277687e+02
11  5.937185e+02  -5.371446e+01
12  2.675481e+02  -2.748135e+01
13  1.127502e+02  -1.727623e+01
14  7.030249e+01  -7.681457e+00
15  4.665924e+01  -1.810686e+00
16  4.074343e+01  1.296609e+00
17  1.950090e+01  1.684376e+00
18  7.765056e+00  1.278109e+00
19  2.986206e+00  8.284160e-01
20  1.238002e+00  4.443303e-01
21  1.452577e+00  3.282009e-01
22  9.660461e-01  3.070384e-01
23  4.079200e-01  2.047381e-01
24  3.088241e-01  7.365253e-02
25  2.111311e-01  3.059220e-03
26  1.757807e-01  -2.016743e-02
27  1.288971e-01  -6.264282e-03
28  7.359852e-02  -6.278606e-03
29  3.584064e-02  -7.966733e-03
30  2.721188e-02  -5.270558e-03
31  1.913781e-02  -3.201646e-03
32  8.241495e-03  -8.406771e-04
33  2.622595e-03  -6.527119e-04
34  3.544045e-03  -1.678507e-03
35  7.441063e-03  -7.968289e-03
36  2.326985e-02  -1.639296e-02
37  1.660715e-02  -2.480205e-02
38  8.739676e-03  -3.401053e-02
39  6.490728e-02  -4.634251e-02
40  1.880881e-01  -2.069964e-02
41  1.645174e-01  3.700015e-02
42  -3.635592e-01  4.386369e-02
43  -6.131177e-01  1.191189e-01
44  -5.881620e-01  -5.768069e-02
45  4.503194e-01  1.814573e-01
46  -7.299698e-01  -1.655534e-01
47  -2.746953e+00  -1.425857e-01
48  1.188894e+00  -1.087878e-01
49  1.565545e+01  1.919674e+00
50  5.657019e+01  5.839515e+00
51  1.198727e+02  1.103813e+01
52  2.948064e+02  4.604898e+00
53  5.989225e+02  3.333181e+00
54  1.377019e+03  1.988338e+01
55  3.055022e+03  1.365557e+01
56  6.252418e+03  -1.562347e+01
57  1.355289e+04  7.953004e+01
58  2.975011e+04  1.011801e+02
59  6.019780e+04  5.524903e+02
60  1.271644e+05  1.013589e+03
61  2.660520e+05  2.232620e+03
62  5.506605e+05  2.095613e+03
63  1.367694e+06  2.876807e+03
ENDPROP
STARTPROP
MASSES:  4.500000e-02   4.500000e-02
SOURCE: GAM_34
SINKS: GAM_34
0  1.484772e+05  -1.152638e+03
1  1.359972e+06  -3.504051e+03
2  5.525163e+05  -2.243330e+03
3  2.728660e+05  -1.261437e+03
4  1.295768e+05  -7.198076e+02
5  5.982322e+04  -3.261803e+02
6  2.625644e+04  -1.562398e+02
7  1.126690e+04  -1.391449e+02
8  5.508009e+03  -1.710346e+02
9  2.424890e+03  -1.054727e+02
10  9.769752e+02  -6.753781e+01
11  3.982158e+02  -3.157220e+01
12  1.650896e+02  -2.779894e+00
13  1.020192e+02  -4.656622e+00
14  4.412418e+01  -5.761900e+00
15  2.439655e+01  -4.113343e+00
16  1.365275e+01  1.315546e-01
17  1.144306e+01  1.151268e+00
18  7.879550e+00  9.672419e-01
19  4.633531e+00  1.085993e+00
20  2.507256e+00  9.934210e-01
21  6.415860e-01  5.649460e-01
22  -2.330962e-01  2.615630e-01
23  -2.223892e-01  1.395305e-01
24  -1.387646e-01  3.288302e-02
25  -9.996482e-02  -1.116024e-02
26  8.090940e-03  -2.518846e-02
27  1.574130e-02  -2.958408e-02
28  1.181406e-03  -1.980752e-02
29  -3.685715e-03  -1.274159e-02
30  3.075375e-03  -1.029479e-02
31  6.778916e-03  -6.165092e-03
32  5.065289e-03  -5.670237e-03
33  5.418811e-03  -5.032528e-03
34  1.236342e-02  -4.358574e-03
35  9.052883e-03  -6.644923e-03
36  -1.291546e-03  -1.088601e-02
37  -1.562186e-02  -1.712614e-02
38  -3.505601e-02  -2.865555e-02
39  -5.273321e-02  -3.207802e-02
40  -1.544608e-01  -1.866999e-02
41  -4.704694e-01  2.022976e-03
42  -6.525400e-01  -8.524509e-03
43  -8.322701e-01  8.973668e-02
44  -1.273261e+00  -5.295716e-02
45  -5.151814e-01  -1.895028e-01
46  2.249740e+00  -8.950229e-01
47  3.793663e+00  -7.177319e-01
48  1.252656e+01  -1.005485e+00
49  4.091251e+01  -2.621670e+00
50  9.836415e+01  -8.501232e+00
51  2.258232e+02  -1.690266e+01
52  4.818768e+02  -2.086685e+01
53  8.617390e+02  -4.813073e+01
54  1.758005e+03  -5.940890e+01
55  3.517077e+03  -3.995168e+01
56  6.762411e+03  -2.980804e+01
57  1.330029e+04  -8.992916e+01
58  2.792441e+04  -3.771474e+02
59  5.896619e+04  -2.215582e+02
60  1.249318e+05  4.558723e+01
61  2.645862e+05  6.446652e+02
62  5.493963e+05  2.440673e+02
63  1.363947e+06  4.284389e+02
ENDPROP
STARTPROP
MASSES:  4.500000e-02   4.500000e-02
SOURCE: GAM_43
SINKS: GAM_43
0  1.484772e+05  -1.152638e+03
1  1.359972e+06  -3.504051e+03
2  5.525163e+05  -2.243330e+03
3  2.728660e+05  -1.261437e+03
4  1.295768e+05  -7.198076e+02
5  5.982322e+04  -3.261803e+02
6  2.625644e+04  -1.562398e+02
7  1.126690e+04  -1.391449e+02
8  5.508009e+03  -1.710346e+02
9  2.424890e+03  -1.054727e+02
10  9.769752e+02  -6.753781e+01
11  3.982158e+02  -3.157220e+01
12  1.650896e+02  -2.779894e+00
13  1.020192e+02  -4.656622e+00
14  4.412418e+01  -5.761900e+00
15  2.439655e+01  -4.113343e+00
16  1.365275e+01  1.315546e-01
17  1.144306e+01  1.151268e+00
18  7.879550e+00  9.672419e-01
19  4.633531e+00  1.085993e+00
20  2.507256e+00  9.934210e-01
21  6.415860e-01  5.649460e-01
22  -2.330962e-01  2.615630e-01
23  -2.223892e-01  1.395305e-01
24  -1.387646e-01  3.288302e-02
25  -9.996482e-02  -1.116024e-02
26  8.090940e-03  -2.518846e-02
27  1.574130e-02  -2.958408e-02
28  1.181406e-03  -1.980752e-02
29  -3.685715e-03  -1.274159e-02
30  3.075375e-03  -1.029479e-02
31  6.778916e-03  -6.165092e-03
32  5.065289e-03  -5.670237e-03
33  5.418811e-03  -5.032528e-03
34  1.236342e-02  -4.358574e-03
35  9.052883e-03  -6.644923e-03
36  -1.291546e-03  -1.088601e-02
37  -1.562186e-02  -1.712614e-02
38  -3.505601e-02  -2.865555e-02
39  -5.273321e-02  -3.207802e-02
40  -1.544608e-01  -1.866999e-02
41  -4.704694e-01  2.022976e-03
42  -6.525400e-01  -8.524509e-03
43  -8.322701e-01  8.973668e-02
44  -1.273261e+00  -5.295716e-02
45  -5.151814e-01  -1.895028e-01
46  2.249740e+00  -8.950229e-01
47  3.793663e+00  -7.177319e-01
48  1.252656e+01  -1.005485e+00
49  4.091251e+01  -2.621670e+00
50  9.836415e+01  -8.501232e+00
51  2.258232e+02  -1.690266e+01
52  4.818768e+02  -2.086685e+01
53  8.617390e+02  -4.813073e+01
54  1.758005e+03  -5.940890e+01
55  3.517077e+03  -3.995168e+01
56  6.762411e+03  -2.980804e+01
57  1.330029e+04  -8.992916e+01
58  2.792441e+04  -3.771474e+02
59  5.896619e+04  -2.215582e+02
60  1.249318e+05  4.558723e+01
61  2.645862e+05  6.446652e+02
62  5.493963e+05  2.440673e+02
63  1.363947e+06  4.284389e+02
ENDPROP
STARTPROP
MASSES:  4.500000e-02   4.500000e-02
SOURCE: GAM_15
SINKS: GAM_15
0  1.798616e+05  -6.365726e+02
1  -8.347144e+05  2.792922e+03
2  -2.249867e+05  8.696478e+02
3  -8.141001e+04  2.731533e+02
4  -2.786565e+04  -2.085031e+02
5  -1.003575e+04  9.133244e+01
6  -4.185958e+03  1.241107e+02
7  -1.812887e+03  9.512302e+01
8  -7.960815e+02  5.485038e+01
9  -2.730610e+02  2.763567e+01
10  3.154292e+01  1.179624e+01
11  7.567299e+01  4.270256e+00
12  7.177486e+01  -1.920715e+00
13  3.739860e+01  5.325418e+00
14  2.483518e+01  3.518649e+00
15  1.052342e+01  2.649933e-01
16  5.387415e-03  -2.312815e+00
17  4.756055e-01  -2.853856e+00
18  -2.964153e-01  -1.572883e+00
19  2.116265e+00  -9.433630e-01
20  1.762143e+00  -5.067139e-01
21  1.146460e+00  -3.310452e-01
22  5.737325e-01  -2.382706e-01
23  1.580394e-01  -1.420809e-01
24  -1.511345e-02  -6.059630e-02
25  -2.036158e-03  -1.794830e-02
26  2.344178e-02  2.348260e-03
27  6.405786e-03  1.051491e-02
28  -1.285082e-02  1.284668e-02
29  -1.713022e-02  8.563530e-03
30  -6.217946e-03  5.098533e-03
31  -5.274104e-04  2.215684e-03
32  -1.190322e-03  1.226541e-03
33  -4.385042e-03  1.854746e-04
34  -9.936715e-03  -3.167482e-03
35  -2.980341e-02  -5.425714e-03
36  -6.881533e-02  -6.744546e-03
37  -7.919194e-02  -7.830580e-03
38  -8.247360e-02  -1.505130e-02
39  -7.702648e-02  -5.237364e-02
40  -4.209817e-02  -1.041774e-01
41  1.303894e-01  -1.313376e-01
42  7.650710e-01  -8.185170e-02
43  1.755971e+00  3.791359e-02
44  2.464266e+00  -1.339671e-01
45  2.125048e+00  -4.606002e-01
46  4.895589e+00  -6.027382e-01
47  1.443824e+01  -1.372439e+00
48  2.036559e+01  -3.950710e+00
49  1.451304e+01  -7.811986e+00
50  1.747500e+01  -5.069430e+00
51  -1.790379e+01  -4.356711e+00
52  -9.564081e+01  2.456667e+00
53  -1.640152e+02  -3.684347e+00
54  -4.288660e+02  9.220877e+00
55  -8.357498e+02  5.523162e+00
56  -1.595821e+03  -6.722149e+00
57  -1.830178e+03  1.193112e+02
58  -3.033162e+03  9.953069e+01
59  -1.022645e+04  -3.183387e+01
60  -3.003551e+04  -1.874167e+02
61  -8.452392e+04  -6.176379e+02
62  -2.333000e+05  4.370028e+01
63  -8.495946e+05  -5.673607e+02
ENDPROP
STARTPROP
MASSES:  4.500000e-02   4.500000e-02
SOURCE: GAM_25
SINKS: GAM_25
0  1.357630e+05  -9.077373e+02
1  -8.640690e+05  1.787282e+03
2  -2.428169e+05  5.607792e+02
3  -9.581943e+04  -7.358446e+01
4  -3.402566e+04  -7.281862e+02
5  -1.350041e+04  -4.792201e+02
6  -5.607119e+03  -2.480627e+02
7  -2.129699e+03  -4.570412e+01
8  -9.760427e+02  7.284841e+01
9  -4.851590e+02  4.055562e+00
10  -3.482325e+02  -4.402628e+01
11  -8.425612e+01  -2.489181e+01
12  -2.248090e+01  -1.091675e+01
13  1.218435e+01  -2.906438e+00
14  2.090937e+01  -2.495947e+00
15  5.420894e+00  -1.433312e+00
16  -6.157733e+00  -1.098270e+00
17  -2.352386e+00  -1.279869e-01
18  1.417838e+00  -3.206630e-01
19  7.993176e-01  2.717434e-02
20  3.006810e-01  3.857697e-01
21  -1.613407e-01  3.509878e-01
22  -2.923303e-01  5.780164e-02
23  -2.449683e-01  -2.665024e-02
24  -5.416285e-02  9.794346e-03
25  -5.854277e-02  1.272520e-02
26  -1.196162e-02  7.217670e-03
27  -4.026105e-03  8.360464e-04
28  2.256768e-02  5.411029e-03
29  2.872900e-02  5.943218e-03
30  2.208824e-02  2.575744e-03
31  1.409963e-02  2.831967e-03
32  1.251022e-02  5.002256e-03
33  1.574104e-02  3.833542e-03
34  1.542319e-02  1.824324e-03
35  1.140675e-02  -4.957614e-04
36  -6.173014e-03  -5.106370e-03
37  -7.016856e-03  -1.215617e-02
38  5.704689e-02  -3.054138e-02
39  1.149988e-01  -3.166126e-02
40  8.978883e-02  -4.549394e-02
41  4.828509e-02  -3.391705e-02
42  -1.049978e-01  -1.833215e-02
43  8.147139e-02  9.351422e-02
44  -3.172149e-01  -1.337527e-01
45  -2.282360e+00  -3.407097e-01
46  -3.608427e+00  2.443303e-01
47  -4.414110e+00  9.580618e-01
48  -1.137597e+01  2.465273e+00
49  -2.488580e+01  -1.966820e-01
50  -2.410830e+01  -2.663882e+00
51  -3.758221e+01  2.167947e-01
52  -2.503326e+00  -5.345867e+00
53  5.025909e+00  -1.955077e+00
54  -1.342228e+02  1.131090e+01
55  -3.469867e+02  -1.233671e+01
56  -7.968159e+02  -9.723689e+01
57  -1.738942e+03  -2.233964e+02
58  -4.352767e+03  -2.750280e+02
59  -1.237095e+04  -3.358437e+02
60  -3.518430e+04  -5.123367e+02
61  -9.727729e+04  -1.251817e+03
62  -2.557652e+05  -1.281580e+03
63  -8.826767e+05  -1.744401e+03
ENDPROP
STARTPROP
MASSES:  4.500000e-02   4.500000e-02
SOURCE: GAM_35
SINKS: GAM_35
0  1.064546e+05  2.359555e+03
1  -8.795260e+05  1.514168e+03
2  -2.490353e+05  -6.125656e+02
3  -9.716970e+04  -1.319866e+03
4  -3.624742e+04  -1.206437e+03
5  -1.375224e+04  -9.630843e+02
6  -4.473241e+03  -5.613179e+02
7  -1.466453e+03  -4.071982e+02
8  -6.443356e+02  -3.954805e+02
9  -3.799009e+02  -2.214548e+02
10  -2.292682e+02  -1.236059e+02
11  -1.821247e+02  -7.312908e+01
12  -5.055831e+01  -3.778723e+01
13  -1.827653e+01  -1.890866e+01
14  -8.970288e+00  -8.165114e+00
15  -6.360832e+00  -1.480964e+00
16  -7.489144e-01  1.282444e+00
17  1.639891e+00  3.088987e-01
18  3.956136e-01  4.794164e-01
19  3.191690e-01  -1.021387e-01
20  6.064772e-01  -1.766421e-01
21  4.467355e-01  -9.169302e-02
22  2.685178e-02  -3.951782e-02
23  -1.633176e-01  -5.305440e-02
24  -3.148095e-02  -5.835197e-02
25  4.417096e-02  -1.133030e-02
26  -1.293879e-02  -2.190611e-03
27  -4.014959e-02  -1.175644e-02
28  -3.159692e-02  -5.063153e-03
29  -1.124240e-02  -3.692500e-03
30  -1.176599e-03  -1.811053e-03
31  5.232155e-03  -2.684165e-03
32  9.124814e-03  -1.673596e-03
33  6.739905e-03  4.539547e-04
34  1.053932e-02  3.166109e-03
35  1.821864e-02  4.009667e-03
36  4.533856e-02  2.082216e-03
37  5.528394e-02  2.822167e-03
38  1.485163e-03  -5.734343e-03
39  -1.206372e-01  1.805884e-02
40  -2.881909e-01  2.244165e-02
41  -4.223686e-01  -1.605558e-03
42  -6.295403e-03  1.853168e-02
43  7.024910e-01  1.276569e-02
44  1.040169e+00  4.161938e-02
45  1.861380e+00  -3.970121e-01
46  3.996332e-01  -1.156896e+00
47  4.046782e+00  -7.911194e-01
48  7.381412e+00  4.448936e-03
49  1.810165e+01  1.410943e+00
50  2.359099e+01  8.192908e+00
51  6.016026e+01  1.171400e+01
52  1.087398e+02  2.286279e+01
53  1.049829e+02  3.195365e+01
54  -1.625095e+01  6.547954e+01
55  -1.494895e+01  8.891620e+01
56  -1.811995e+02  1.345505e+02
57  -8.396079e+02  1.808945e+02
58  -3.843814e+03  6.794378e+01
59  -1.268130e+04  6.983159e+00
60  -3.391729e+04  1.052105e+02
61  -9.280407e+04  8.279034e+02
62  -2.492548e+05  1.605376e+03
63  -8.855059e+05  1.850209e+03
ENDPROP
STARTPROP
MASSES:  4.500000e-02   4.500000e-02
SOURCE: GAM_45
SINKS: GAM_45
0  -9.757605e+05  1.235488e+03
1  1.106529e+06  -2.085940e+03
2  5.293974e+05  -2.644007e+03
3  3.313462e+05  -1.797267e+03
4  2.039013e+05  -8.769420e+02
5  1.244752e+05  -3.038608e+02
6  7.479086e+04  -3.157719e+02
7  4.492984e+04  -3.552501e+02
8  2.702826e+04  -3.098520e+02
9  1.628430e+04  -2.299618e+02
10  9.750660e+03  -1.234764e+02
11  5.921315e+03  -3.908124e+01
12  3.544356e+03  -2.252524e+01
13  2.119762e+03  -1.176842e+01
14  1.278881e+03  -7.785248e+00
15  7.755553e+02  -3.881128e+00
16  4.662456e+02  -2.856459e+00
17  2.812131e+02  -3.647825e+00
18  1.680449e+02  -2.329869e+00
19  1.022904e+02  -2.072375e+00
20  6.310340e+01  -1.408882e+00
21  3.822411e+01  -8.954563e-01
22  2.308058e+01  -7.000992e-01
23  1.392912e+01  -3.376899e-01
24  8.473284e+00  -2.338032e-01
25  5.173453e+00  -1.434050e-01
26  3.119459e+00  -8.428909e-02
27  1.929107e+00  -6.191810e-02
28  1.193170e+00  -3.683667e-02
29  7.562554e-01  -2.421251e-02
30  5.046732e-01  -1.621626e-02
31  3.764807e-01  -1.173235e-02
32  3.370785e-01  -5.726370e-03
33  3.805650e-01  -2.766532e-03
34  5.320732e-01  5.606018e-04
35  8.017790e-01  8.111816e-03
36  1.284773e+00  1.571185e-02
37  2.021242e+00  1.942466e-02
38  3.258946e+00  3.588191e-02
39  5.267906e+00  3.489125e-02
40  8.741153e+00  2.121688e-02
41  1.447598e+01  1.931713e-03
42  2.434643e+01  9.376338e-02
43  4.002633e+01  8.664052e-02
44  6.694113e+01  5.347360e-01
45  1.103368e+02  1.519784e+00
46  1.794512e+02  1.675053e+00
47  2.900178e+02  2.904855e+00
48  4.681330e+02  2.121987e+00
49  7.727051e+02  3.655651e+00
50  1.277015e+03  9.846743e+00
51  2.119352e+03  1.488133e+01
52  3.598270e+03  1.923859e+01
53  6.016316e+03  2.707033e+01
54  9.970708e+03  7.373193e+00
55  1.657533e+04  6.200092e+00
56  2.778862e+04  6.209741e+01
57  4.597737e+04  2.560784e+02
58  7.585072e+04  3.816123e+02
59  1.238693e+05  6.269367e+02
60  2.040458e+05  1.003027e+03
61  3.317091e+05  2.019551e+03
62  5.297134e+05  1.967192e+03
63  1.099119e+06  2.748730e+03
ENDPROP
STARTPROP
MASSES:  4.500000e-02   4.500000e-02
SOURCE: PSAX4
SINKS: GAM_4
0  1.724571e+04  -1.620736e+03
1  1.702937e+06  -2.501933e+03
2  9.298690e+05  -2.658009e+03
3  5.717618e+05  -1.673084e+03
4  3.468566e+05  -1.031397e+03
5  2.108739e+05  -4.893761e+02
6  1.266122e+05  -4.784611e+02
7  7.568652e+04  -4.255695e+02
8  4.564304e+04  -3.954206e+02
9  2.765785e+04  -2.981556e+02
10  1.674931e+04  -1.599446e+02
11  1.022030e+04  -4.719073e+01
12  6.200874e+03  -2.877735e+01
13  3.742618e+03  -1.804739e+01
14  2.270935e+03  -7.958164e+00
15  1.378744e+03  -2.245653e+00
16  8.334367e+02  -8.193971e-01
17  5.028330e+02  -1.436822e+00
18  3.021876e+02  -7.438301e-01
19  1.830036e+02  -9.207209e-01
20  1.116624e+02  -7.216383e-01
21  6.767421e+01  -4.762021e-01
22  4.100749e+01  -4.001284e-01
23  2.475233e+01  -1.306048e-01
24  1.507668e+01  -9.367381e-02
25  9.219607e+00  -7.183239e-02
26  5.541623e+00  -3.659858e-02
27  3.387919e+00  -3.321964e-02
28  2.071823e+00  -1.681220e-02
29  1.230467e+00  -1.319413e-02
30  6.883000e-01  -1.110940e-02
31  3.180616e-01  -8.107204e-03
32  1.384613e-02  -5.928609e-03
33  -2.913991e-01  -4.570452e-03
34  -6.813799e-01  -1.357037e-03
35  -1.221634e+00  -2.587843e-03
36  -2.082767e+00  -4.360678e-03
37  -3.371759e+00  -6.332939e-03
38  -5.497201e+00  -1.052095e-02
39  -8.967785e+00  -7.663913e-04
40  -1.493412e+01  1.508351e-02
41  -2.485060e+01  4.735500e-02
42  -4.194080e+01  2.183753e-02
43  -6.960709e+01  -6.253976e-03
44  -1.157818e+02  -5.841811e-01
45  -1.918360e+02  -1.464209e+00
46  -3.157457e+02  -1.623488e+00
47  -5.150630e+02  -3.326472e+00
48  -8.308793e+02  -3.132516e+00
49  -1.372012e+03  -6.734437e+00
50  -2.237828e+03  -1.623047e+01
51  -3.684728e+03  -1.983118e+01
52  -6.152268e+03  -3.576505e+01
53  -1.027228e+04  -7.637453e+01
54  -1.684513e+04  -9.142052e+01
55  -2.784835e+04  -1.578150e+02
56  -4.627924e+04  -2.425599e+02
57  -7.630637e+04  -4.388850e+02
58  -1.255373e+05  -7.200313e+02
59  -2.069972e+05  -1.260693e+03
60  -3.433167e+05  -1.672734e+03
61  -5.607336e+05  -2.249884e+03
62  -9.160394e+05  -2.097200e+03
63  -1.665515e+06  -3.022744e+03
ENDPROP
STARTPROP
MASSES:  4.500000e-02   4.500000e-02
SOURCE: WWPSAX4
SINKS: GAM_4
0  1.595025e+08  -3.644013e+07
1  2.000666e+09  2.938819e+06
2  7.791054e+08  7.745893e+06
3  2.322087e+08  -1.603508e+06
4  2.111626e+08  -7.022958e+05
5  1.124220e+08  8.733873e+04
6  6.445227e+07  1.471409e+06
7  4.762808e+07  -1.075107e+06
8  3.126755e+07  1.827187e+05
9  1.604408e+07  -7.573766e+05
10  8.274069e+06  -2.264883e+05
11  6.094072e+06  -1.143306e+04
12  2.465413e+06  -9.001227e+03
13  1.959442e+06  -2.560859e+03
14  8.837585e+05  -9.226400e+04
15  7.002528e+05  -5.604593e+03
16  5.340008e+05  -1.494112e+03
17  2.909062e+05  2.803892e+04
18  1.498620e+05  -3.696459e+03
19  6.907342e+04  4.841741e+03
20  5.483490e+04  1.274395e+03
21  4.317797e+04  1.137361e+02
22  1.821274e+04  -2.816565e+02
23  1.121246e+04  -1.349415e+03
24  1.115884e+04  -2.126540e+02
25  4.421043e+03  -3.839740e+02
26  2.713296e+03  2.512400e+02
27  1.577391e+03  -3.315037e+00
28  1.173688e+03  1.039132e+02
29  3.950743e+02  5.003998e+00
30  3.879740e+02  -1.841902e+01
31  2.414842e+02  -2.257978e+01
32  4.643069e+01  1.619503e+01
33  -9.393895e+01  1.838563e+00
34  -4.576638e+02  -2.420230e+01
35  -4.596690e+02  -2.303820e+01
36  -8.527341e+02  2.553960e+01
37  -2.146664e+03  -9.659078e+01
38  -3.058473e+03  -1.615948e+01
39  -3.956585e+03  -3.537094e+02
40  -7.685720e+03  -6.891587e+02
41  -1.157468e+04  7.413543e+02
42  -1.623281e+04  1.906748e+03
43  -2.634791e+04  -2.055882e+02
44  -3.950491e+04  2.882735e+03
45  -1.067496e+05  -3.172629e+03
46  -1.602883e+05  -4.713454e+03
47  -2.427817e+05  3.601925e+03
48  -3.001787e+05  -1.097902e+03
49  -6.608797e+05  1.519677e+04
50  -9.052638e+05  -5.648857e+03
51  -1.936081e+06  -4.810001e+03
52  -4.107487e+06  -5.501066e+04
53  -4.924476e+06  2.072016e+05
54  -8.385217e+06  4.004247e+05
55  -1.650759e+07  -9.897928e+05
56  -2.736689e+07  8.410042e+04
57  -3.065343e+07  -1.360761e+06
58  -4.672534e+07  -3.287807e+05
59  -9.682412e+07  -1.393046e+06
60  -1.272037e+08  -1.546763e+06
61  -2.461121e+08  -7.539786e+06
62  -4.380629e+08  5.848223e+05
63  -1.336614e+09  6.799513e+06
ENDPROP
STARTPROP
MASSES:  4.500000e-02   4.500000e-02
SOURCE: WWGAM_5
SINKS: GAM_5
0  2.078360e+10  -4.947564e-01
1  2.561584e+09  9.806714e+06
2  1.069330e+09  8.348981e+06
3  4.147091e+08  -5.621906e+05
4  3.044548e+08  7.677215e+05
5  1.837735e+08  -1.111717e+05
6  1.025004e+08  1.118981e+06
7  7.555451e+07  -7.979337e+05
8  4.259492e+07  -8.879271e+03
9  2.667617e+07  -6.806945e+05
10  1.389648e+07  1.186571e+04
11  9.351036e+06  8.615230e+04
12  4.295064e+06  -6.051301e+04
13  3.373401e+06  -1.737577e+03
14  1.736457e+06  -1.035000e+05
15  1.235910e+06  -2.014785e+04
16  8.011783e+05  2.446133e+03
17  5.593895e+05  1.115580e+04
18  2.336401e+05  -2.166624e+03
19  1.227391e+05  2.821553e+03
20  8.845658e+04  -1.299175e+02
21  5.882971e+04  1.831741e+03
22  3.357389e+04  -1.386650e+02
23  1.946002e+04  -1.005868e+03
24  1.690413e+04  -1.115297e+01
25  7.376707e+03  -5.520855e+02
26  4.338053e+03  1.440591e+02
27  2.738219e+03  -4.633245e-01
28  1.851088e+03  8.199008e+01
29  8.720758e+02  1.303615e+01
30  8.150494e+02  -2.138574e+01
31  5.670203e+02  -1.654591e+01
32  3.756500e+02  1.073730e+01
33  4.708137e+02  -2.349556e+00
34  8.215864e+02  2.860442e+01
35  1.056259e+03  1.986323e+01
36  1.606248e+03  -3.902656e+01
37  3.173236e+03  1.690047e+01
38  4.893936e+03  -9.125022e+01
39  7.359729e+03  3.051488e+02
40  1.397247e+04  5.527459e+02
41  1.837485e+04  -3.184061e+02
42  3.198732e+04  -1.513090e+03
43  4.980760e+04  -2.821706e+01
44  7.345747e+04  -1.343843e+03
45  1.691861e+05  1.925581e+03
46  2.725513e+05  9.346854e+03
47  4.018139e+05  -1.216980e+04
48  5.680364e+05  -1.330874e+04
49  1.140107e+06  -2.669497e+04
50  1.554894e+06  4.131034e+03
51  3.239552e+06  5.794151e+04
52  6.007378e+06  8.537559e+04
53  8.371422e+06  -4.089864e+04
54  1.376670e+07  -2.704501e+05
55  2.495709e+07  1.125035e+06
56  4.161626e+07  1.772006e+05
57  6.091667e+07  1.683858e+06
58  8.891911e+07  -9.697857e+04
59  1.558539e+08  6.628339e+04
60  2.400230e+08  3.941857e+06
61  4.879391e+08  9.497127e+06
62  8.145319e+08  -3.402827e+06
63  2.043525e+09  -8.031869e+06
ENDPROP
