STARTPROP
MASSES:  4.200000e-03   4.200000e-03
SOURCE: GAM_1
SINKS: GAM_1
0  1.052540e+06  2.960772e+03
1  1.881308e+06  6.185506e+03
2  9.362702e+05  3.994201e+03
3  5.761931e+05  2.867754e+03
4  3.058377e+05  6.554269e+02
5  1.620751e+05  4.395453e+01
6  1.015701e+05  2.214531e+02
7  5.998921e+04  6.157246e+02
8  4.212213e+04  1.261805e+03
9  3.235242e+04  1.030980e+03
10  2.456104e+04  2.886185e+02
11  2.186563e+04  2.288520e+02
12  2.061040e+04  6.412215e+02
13  1.945146e+04  6.004916e+02
14  1.391639e+04  2.614966e+02
15  9.507747e+03  3.236754e+02
16  6.830916e+03  1.824313e+02
17  2.624321e+03  -7.003436e+01
18  1.186548e+03  -2.719518e+01
19  8.862786e+02  1.603375e+02
20  -7.979268e+02  2.088553e+02
21  -3.411630e+02  1.855417e+02
22  -1.797343e+01  8.039664e+01
23  1.154879e+02  8.869433e+01
24  1.223469e+02  6.431825e+01
25  6.508675e+01  7.678798e+01
26  -4.253567e+02  7.924387e+01
27  -3.414746e+02  5.353449e+01
28  1.737420e+02  3.864858e+01
29  5.036740e+02  7.299354e+01
30  2.250362e+02  4.885583e+01
31  -1.854062e+02  3.381585e+01
32  -5.030147e+01  1.954577e+01
33  -4.081069e+02  -1.269846e+00
34  -2.801785e+02  -1.205048e+01
35  2.713872e+02  -2.765818e+01
36  1.866323e+02  -3.512387e+01
37  4.276272e+01  -5.124517e+01
38  1.800310e+02  -1.113459e+02
39  5.486052e+02  -1.145012e+02
40  3.356693e+02  -1.028117e+02
41  4.288302e+02  -5.956817e+01
42  -5.533411e+02  -6.962742e+01
43  -1.550450e+03  -1.382897e+01
44  -2.541505e+03  3.342491e+01
45  -3.083326e+03  -7.457705e+01
46  -3.756601e+03  -1.995746e+02
47  -3.111100e+03  -4.166537e+02
48  -3.482333e+03  -7.050021e+02
49  -2.714250e+03  -9.907005e+02
50  -7.895784e+03  -1.498746e+03
51  -1.361200e+04  -1.496420e+03
52  -1.943775e+04  -1.141808e+03
53  -2.011050e+04  -8.517061e+02
54  -1.054198e+04  -7.082643e+02
55  1.389825e+04  -9.572346e+02
56  3.591556e+04  -7.700895e+02
57  7.787404e+04  1.928924e+02
58  1.234611e+05  -3.171604e+02
59  1.864810e+05  -8.297094e+02
60  3.048709e+05  -1.280170e+03
61  5.317037e+05  -1.232269e+03
62  9.295754e+05  -6.107066e+02
63  1.888987e+06  -4.629091e+02
ENDPROP
STARTPROP
MASSES:  4.200000e-03   4.200000e-03
SOURCE: GAM_2
SINKS: GAM_2
0  1.325474e+06  -1.213061e+03
1  2.082465e+06  3.050741e+03
2  1.067034e+06  1.443357e+03
3  6.512586e+05  8.840571e+02
4  3.610355e+05  4.584294e+02
5  1.899414e+05  5.494015e+02
6  8.776411e+04  9.708573e+02
7  2.435939e+04  5.560242e+02
8  2.752706e+02  2.888782e+02
9  -2.333278e+03  -9.315323e+02
10  8.907615e+03  -1.219041e+03
11  1.644204e+04  -1.111623e+03
12  1.788914e+04  -9.458684e+02
13  1.124828e+04  -8.065177e+02
14  1.122360e+04  -2.870749e+02
15  8.288109e+03  1.788200e+02
16  5.232097e+02  2.962050e+02
17  -3.546467e+03  5.968577e+01
18  -2.647472e+03  8.486448e+01
19  -3.011080e+02  1.205820e+02
20  1.694355e+03  1.027167e+02
21  1.348859e+03  9.507380e+01
22  7.728987e+02  1.445356e+02
23  -2.551709e+02  1.024377e+02
24  -6.172644e+02  3.369930e+00
25  -4.039436e+02  1.284211e+01
26  -6.973582e+02  5.502245e+01
27  -1.047494e+03  6.441489e+01
28  -1.310517e+03  1.851682e+01
29  -1.423137e+03  -3.263665e+00
30  -8.985028e+02  1.553101e+01
31  -8.123307e+01  4.264391e+01
32  -1.902317e+02  4.070759e+01
33  -1.764857e+02  7.747260e+00
34  -2.889653e+02  -1.878261e+00
35  -3.180735e+02  1.464833e+01
36  -1.080523e+02  3.465349e+01
37  2.862182e+02  3.365603e+01
38  1.028223e+03  4.930179e+01
39  1.853528e+03  1.105647e+02
40  1.897374e+03  8.684181e+01
41  1.702824e+03  6.028039e+01
42  -8.324794e+00  1.441519e+02
43  -1.548566e+03  1.941061e+02
44  -1.761160e+03  1.535254e+02
45  -2.557430e+03  6.223141e+01
46  -1.914528e+03  1.439715e+02
47  -7.015592e+02  1.539173e+02
48  8.660864e+02  5.409873e+01
49  5.921708e+02  7.057645e+01
50  -5.650059e+01  2.135685e+01
51  1.702795e+03  -1.551333e+02
52  -9.539714e+02  1.195898e+02
53  6.466193e+02  1.933900e+02
54  8.145588e+03  5.726307e+02
55  3.038409e+04  9.526820e+02
56  5.052550e+04  2.652818e+02
57  9.166094e+04  -3.260222e+02
58  1.495657e+05  -7.879211e+02
59  2.242630e+05  -9.161453e+02
60  3.651097e+05  -2.610127e+03
61  5.991735e+05  -5.073652e+03
62  1.026071e+06  -6.230376e+03
63  2.070455e+06  -5.354628e+03
ENDPROP
STARTPROP
MASSES:  4.200000e-03   4.200000e-03
SOURCE: GAM_3
SINKS: GAM_3
0  1.185485e+06  8.612310e+02
1  1.974502e+06  6.549345e+03
2  9.437475e+05  4.474619e+03
3  5.176888e+05  2.005483e+03
4  2.891835e+05  1.024457e+03
5  1.884639e+05  1.646659e+02
6  1.070927e+05  2.156507e+02
7  4.695969e+04  5.251117e+02
8  1.731321e+04  7.495070e+02
9  1.589374e+04  1.781200e+03
10  1.624390e+04  1.813790e+03
11  2.011743e+04  1.578645e+03
12  1.881247e+04  8.282114e+02
13  9.152894e+03  3.147143e+02
14  3.452784e+03  5.452814e+00
15  7.005108e+02  -2.651265e+02
16  3.378725e+03  -3.642609e+02
17  2.488560e+03  -2.258645e+02
18  1.350442e+03  2.212945e+01
19  -4.520202e+02  1.729702e+02
20  -2.106413e+03  1.681960e+02
21  -2.829306e+03  1.158939e+02
22  -2.163277e+03  -1.906287e+01
23  -8.997264e+02  1.256929e+01
24  -1.638098e+02  7.021477e+01
25  1.607235e+02  5.775014e+01
26  -2.103320e+02  1.818253e+01
27  5.929591e+01  7.538709e+00
28  4.899729e+02  9.440115e+00
29  6.273137e+02  -6.227554e+00
30  4.817691e+02  8.548960e+00
31  5.149900e+02  -2.063518e+00
32  6.475181e+02  2.457259e+01
33  3.603827e+02  3.424969e+01
34  7.164385e+01  1.322278e+01
35  4.942875e+01  -6.777105e-01
36  1.265858e+02  -2.202305e+01
37  2.501422e+02  -6.064296e+01
38  4.120895e+02  -7.683108e+01
39  4.975354e+02  -8.111710e+01
40  3.133328e+01  -1.798190e+00
41  -5.275233e+02  6.365270e+01
42  -1.510649e+03  9.253421e+01
43  -3.367148e+03  1.016119e+01
44  -3.911315e+03  -7.262664e+01
45  -4.111250e+03  2.212678e+01
46  -4.573665e+03  1.336658e+02
47  -4.276645e+03  1.476244e+02
48  -3.584877e+03  2.856116e+01
49  -3.259421e+03  -1.474974e+02
50  -2.804471e+03  -1.712079e+02
51  3.778192e+03  -1.338815e+01
52  1.221518e+04  1.298860e+01
53  2.585626e+04  -1.469771e+02
54  3.990117e+04  1.551899e+02
55  5.626362e+04  -3.206715e+02
56  6.599068e+04  -9.816239e+02
57  8.997938e+04  -8.434985e+02
58  1.379962e+05  -4.419307e+02
59  2.201119e+05  -2.718536e+02
60  3.559906e+05  -8.180302e+02
61  5.790661e+05  -9.662319e+02
62  9.891919e+05  -7.041945e+02
63  1.970411e+06  -1.794685e+03
ENDPROP
STARTPROP
MASSES:  4.200000e-03   4.200000e-03
SOURCE: GAM_4
SINKS: GAM_4
0  2.169028e+06  -1.966657e+03
1  -2.939449e+05  -5.089974e+03
2  8.757456e+03  -3.146849e+03
3  -7.781083e+03  -2.522020e+03
4  8.974505e+02  -2.307456e+03
5  -6.591303e+01  -2.045845e+03
6  2.594086e+03  -1.077177e+03
7  4.910966e+03  -1.226979e+03
8  6.450002e+02  -1.465023e+03
9  2.096935e+03  -1.185709e+03
10  -4.221386e+02  -9.895714e+02
11  1.874663e+03  -8.303761e+02
12  4.500696e+02  -3.261762e+02
13  -9.882039e+02  -3.399752e+02
14  -7.975910e+02  -2.641252e+02
15  1.552638e+02  -1.174396e+02
16  -1.799568e+02  6.001327e+01
17  1.617343e+02  4.213761e+01
18  -8.884634e+01  6.506605e+01
19  -5.500237e+02  1.536694e+01
20  -6.584973e+02  -3.309214e+00
21  -4.899690e+02  1.396938e+01
22  -5.695172e+02  1.188098e+01
23  -1.979174e+02  6.455659e+00
24  -2.004367e+02  -3.157875e+00
25  -5.283756e+02  7.562854e+00
26  -3.050487e+02  1.004293e+01
27  -3.807646e+02  9.536582e+00
28  -3.335508e+02  8.610622e+00
29  -3.941724e+02  2.247152e+01
30  -2.898695e+02  1.678526e+01
31  -4.183585e+02  1.653454e-01
32  -3.606391e+02  1.206128e+01
33  -4.061491e+02  1.831378e+01
34  -4.973789e+02  -2.270493e+00
35  -3.211013e+02  2.495889e+00
36  -3.324558e+02  -1.029893e+01
37  -4.337102e+02  1.288442e+01
38  -3.233137e+02  2.328307e+01
39  -3.656746e+02  3.617342e+01
40  -3.718418e+02  1.586376e+01
41  -1.112125e+02  -1.471030e+01
42  -3.893248e+02  -1.893494e+01
43  -4.646945e+02  -8.457838e+01
44  -6.623130e+02  -7.315201e+01
45  -1.103128e+03  -5.368782e+01
46  -1.225832e+02  -5.397317e+01
47  -9.428563e+02  -1.364740e+02
48  -1.540293e+02  -1.351948e+02
49  -3.611503e+02  -7.824029e+01
50  -1.062765e+02  -7.703392e+01
51  -1.258267e+03  -1.925872e+02
52  -5.083377e+02  -3.462291e+02
53  1.678489e+03  -6.287707e+02
54  1.143521e+03  -3.105542e+02
55  -1.477517e+03  -1.395754e+02
56  -1.295130e+03  3.036146e+02
57  2.989618e+03  8.020825e+02
58  4.284038e+00  9.750723e+02
59  -1.136304e+03  9.274378e+02
60  -3.172953e+03  1.312888e+03
61  -5.780473e+03  -8.144896e+01
62  -1.087771e+04  6.028933e+02
63  -2.969206e+05  1.950349e+03
ENDPROP
STARTPROP
MASSES:  4.200000e-03   4.200000e-03
SOURCE: GAM_5
SINKS: GAM_5
0  1.510828e+07  -2.308893e+04
1  1.501745e+07  -1.760946e+04
2  1.290418e+07  -1.141854e+04
3  1.125618e+07  -1.031782e+04
4  9.557363e+06  -1.004793e+04
5  7.877340e+06  -5.689429e+03
6  6.466523e+06  4.422401e+03
7  5.360813e+06  1.067694e+04
8  4.499429e+06  9.813984e+03
9  3.802473e+06  7.423124e+03
10  3.225727e+06  5.157897e+03
11  2.723899e+06  5.952320e+03
12  2.283807e+06  6.289178e+03
13  1.895836e+06  5.626463e+03
14  1.549812e+06  3.842094e+03
15  1.278388e+06  1.898790e+03
16  1.062965e+06  7.553099e+02
17  8.951732e+05  2.291553e+02
18  7.567704e+05  -1.063687e+02
19  6.244217e+05  2.259564e+02
20  5.169611e+05  1.242081e+03
21  4.300808e+05  1.789406e+03
22  3.671133e+05  1.676850e+03
23  3.194276e+05  9.339839e+02
24  2.764692e+05  2.697814e+02
25  2.398699e+05  1.476428e+02
26  2.047337e+05  8.747557e+01
27  1.702858e+05  2.909187e+02
28  1.486415e+05  6.180863e+02
29  1.352183e+05  9.936151e+02
30  1.243917e+05  1.169896e+03
31  1.191081e+05  1.162079e+03
32  1.184020e+05  1.232295e+03
33  1.200125e+05  1.253884e+03
34  1.256969e+05  1.140358e+03
35  1.367926e+05  1.067552e+03
36  1.529954e+05  1.099869e+03
37  1.718775e+05  9.080644e+02
38  1.943869e+05  7.765832e+02
39  2.280541e+05  7.343459e+02
40  2.679188e+05  7.764999e+02
41  3.161323e+05  6.038155e+02
42  3.703770e+05  7.399117e+02
43  4.249105e+05  9.919139e+02
44  4.979480e+05  1.075657e+03
45  6.037778e+05  1.051412e+03
46  7.290746e+05  1.289008e+03
47  8.648054e+05  1.952824e+03
48  1.023314e+06  4.175167e+03
49  1.246126e+06  6.173366e+03
50  1.501710e+06  7.628017e+03
51  1.798348e+06  7.585435e+03
52  2.193897e+06  4.497481e+03
53  2.607487e+06  2.854153e+03
54  3.081950e+06  3.140804e+03
55  3.714289e+06  3.141783e+02
56  4.461792e+06  8.652267e+02
57  5.364427e+06  2.948113e+03
58  6.415868e+06  3.140756e+03
59  7.532571e+06  -1.032068e+03
60  8.725040e+06  -6.950377e+03
61  1.027154e+07  -1.072837e+04
62  1.215542e+07  -1.927177e+04
63  1.467980e+07  -2.530427e+04
ENDPROP
STARTPROP
MASSES:  4.200000e-03   4.200000e-03
SOURCE: GAM_12
SINKS: GAM_12
0  7.853366e+05  7.479245e+02
1  -7.581109e+05  -1.057735e+03
2  -1.923457e+05  1.196705e+03
3  -6.373332e+04  2.274390e+03
4  -1.126386e+04  1.971384e+03
5  4.755215e+03  1.444136e+03
6  -2.668967e+03  1.115408e+03
7  -3.050067e+02  1.203167e+03
8  1.303729e+04  2.096777e+03
9  1.270870e+04  1.422159e+03
10  5.143955e+03  1.213158e+03
11  2.742643e+03  4.875247e+02
12  -3.956379e+03  -9.712927e+00
13  -6.846389e+03  -1.587341e+02
14  -3.426285e+03  -2.368456e+02
15  -2.026517e+03  -1.402061e+02
16  -2.523013e+03  -7.658667e+01
17  -3.192743e+03  7.111497e+01
18  -3.098738e+03  -2.251511e+01
19  -5.788177e+02  -5.473701e+01
20  4.869982e+02  -4.802667e+01
21  2.615200e+02  4.944644e+01
22  8.470946e+01  1.079013e+02
23  -7.970221e+02  5.631700e+01
24  -9.337595e+02  9.124828e+01
25  -7.623694e+02  1.093983e+02
26  -2.858743e+02  1.042167e+02
27  -7.870132e+01  7.079889e+01
28  -1.881175e+02  3.402166e+01
29  1.151448e+02  6.235750e+01
30  4.664090e+02  3.202243e+01
31  3.229850e+02  2.139083e+01
32  1.861886e+02  -6.437291e+00
33  -1.176575e+02  -2.292966e+01
34  -9.191613e+01  -3.989804e+01
35  2.963695e+02  -7.394520e+01
36  4.533797e+02  -5.491084e+01
37  7.407387e+02  -4.635648e+01
38  1.326951e+03  -4.504327e+01
39  1.547162e+03  -4.409316e+01
40  1.777369e+03  -5.476954e+01
41  6.056379e+02  2.008192e+01
42  -6.529907e+02  4.934025e+01
43  -1.715248e+03  1.404325e+01
44  -1.257246e+03  4.954429e+01
45  -8.240763e+02  -2.156700e+01
46  -1.843750e+03  -6.741234e+01
47  -2.886627e+03  -1.872872e+02
48  -2.819147e+03  -8.555650e+01
49  -7.246600e+02  2.454657e+02
50  3.233288e+03  4.846900e+02
51  4.372442e+03  6.173532e+02
52  1.279457e+04  9.113862e+02
53  1.147515e+04  6.766904e+02
54  3.655668e+03  -1.754316e+02
55  -4.285142e+03  -1.137037e+03
56  -3.574546e+03  -1.346082e+03
57  -2.192538e+03  -1.343403e+03
58  3.669579e+03  -8.608715e+02
59  9.771367e+03  5.226094e+01
60  1.915280e+03  9.054830e+01
61  -3.753203e+04  -4.696457e+01
62  -1.541663e+05  -1.871553e+02
63  -7.144711e+05  2.071777e+03
ENDPROP
STARTPROP
MASSES:  4.200000e-03   4.200000e-03
SOURCE: GAM_21
SINKS: GAM_21
0  7.853366e+05  7.479245e+02
1  -7.581109e+05  -1.057735e+03
2  -1.923457e+05  1.196705e+03
3  -6.373332e+04  2.274390e+03
4  -1.126386e+04  1.971384e+03
5  4.755215e+03  1.444136e+03
6  -2.668967e+03  1.115408e+03
7  -3.050067e+02  1.203167e+03
8  1.303729e+04  2.096777e+03
9  1.270870e+04  1.422159e+03
10  5.143955e+03  1.213158e+03
11  2.742643e+03  4.875247e+02
12  -3.956379e+03  -9.712927e+00
13  -6.846389e+03  -1.587341e+02
14  -3.426285e+03  -2.368456e+02
15  -2.026517e+03  -1.402061e+02
16  -2.523013e+03  -7.658667e+01
17  -3.192743e+03  7.111497e+01
18  -3.098738e+03  -2.251511e+01
19  -5.788177e+02  -5.473701e+01
20  4.869982e+02  -4.802667e+01
21  2.615200e+02  4.944644e+01
22  8.470946e+01  1.079013e+02
23  -7.970221e+02  5.631700e+01
24  -9.337595e+02  9.124828e+01
25  -7.623694e+02  1.093983e+02
26  -2.858743e+02  1.042167e+02
27  -7.870132e+01  7.079889e+01
28  -1.881175e+02  3.402166e+01
29  1.151448e+02  6.235750e+01
30  4.664090e+02  3.202243e+01
31  3.229850e+02  2.139083e+01
32  1.861886e+02  -6.437291e+00
33  -1.176575e+02  -2.292966e+01
34  -9.191613e+01  -3.989804e+01
35  2.963695e+02  -7.394520e+01
36  4.533797e+02  -5.491084e+01
37  7.407387e+02  -4.635648e+01
38  1.326951e+03  -4.504327e+01
39  1.547162e+03  -4.409316e+01
40  1.777369e+03  -5.476954e+01
41  6.056379e+02  2.008192e+01
42  -6.529907e+02  4.934025e+01
43  -1.715248e+03  1.404325e+01
44  -1.257246e+03  4.954429e+01
45  -8.240763e+02  -2.156700e+01
46  -1.843750e+03  -6.741234e+01
47  -2.886627e+03  -1.872872e+02
48  -2.819147e+03  -8.555650e+01
49  -7.246600e+02  2.454657e+02
50  3.233288e+03  4.846900e+02
51  4.372442e+03  6.173532e+02
52  1.279457e+04  9.113862e+02
53  1.147515e+04  6.766904e+02
54  3.655668e+03  -1.754316e+02
55  -4.285142e+03  -1.137037e+03
56  -3.574546e+03  -1.346082e+03
57  -2.192538e+03  -1.343403e+03
58  3.669579e+03  -8.608715e+02
59  9.771367e+03  5.226094e+01
60  1.915280e+03  9.054830e+01
61  -3.753203e+04  -4.696457e+01
62  -1.541663e+05  -1.871553e+02
63  -7.144711e+05  2.071777e+03
ENDPROP
STARTPROP
MASSES:  4.200000e-03   4.200000e-03
SOURCE: GAM_13
SINKS: GAM_13
0  8.060509e+05  -1.583480e+03
1  -6.890946e+05  -4.915701e+03
2  -1.626590e+05  -3.023039e+03
3  -8.277088e+04  -1.702014e+03
4  -4.122655e+04  -1.092293e+02
5  -3.306779e+04  -7.669095e+02
6  -2.924054e+04  -3.150502e+02
7  -2.197707e+04  -8.400544e+02
8  -9.636258e+03  -1.342411e+03
9  -5.449470e+03  -1.922761e+03
10  3.192180e+03  -1.908073e+03
11  -5.468267e+03  -1.459525e+03
12  -5.913841e+03  -1.255191e+03
13  -8.396966e+03  -9.293758e+02
14  -6.967334e+03  -2.726727e+02
15  -4.723223e+03  -1.725328e+01
16  -2.554971e+03  1.612776e+02
17  -2.944732e+03  5.420939e+01
18  -2.807893e+03  -2.028428e+02
19  -1.207331e+03  -2.922049e+02
20  -1.018312e+03  -2.253979e+02
21  -4.104682e+02  -1.462234e+02
22  -4.798690e+02  -1.049006e+02
23  -3.933295e+02  -3.333131e+01
24  -7.930428e+01  -1.184643e+01
25  -2.214432e+02  1.201282e+01
26  -3.272029e+02  1.225691e+01
27  -1.937629e+02  -3.531736e+01
28  2.973257e+02  -6.568113e+01
29  2.539219e+02  -5.283271e+01
30  3.089913e+02  -2.987766e+01
31  9.361432e+01  -1.071652e+01
32  -2.421537e+01  -3.096328e+01
33  7.305381e+01  -7.952828e+01
34  -1.039038e+02  -7.989579e+01
35  5.070476e+01  -1.000299e+02
36  3.702937e+02  -8.158188e+01
37  3.061128e+02  -9.123178e+01
38  1.195750e+02  -7.289323e+01
39  1.386490e+01  -4.216390e+01
40  3.437172e+02  2.103789e+01
41  4.697492e+02  3.728443e+01
42  5.285485e+02  2.199016e+01
43  4.519664e+02  -6.699807e+01
44  -1.655770e+02  -5.307556e+01
45  -8.575300e+02  8.871295e+01
46  -7.648747e+02  2.286089e+02
47  -9.618659e+02  4.141216e+02
48  -2.590441e+03  5.185374e+02
49  -2.545093e+03  4.697099e+02
50  -2.340052e+03  2.531257e+02
51  -6.068860e+03  3.280678e+02
52  -4.938530e+03  -9.512837e+01
53  -1.066727e+04  -7.101336e+01
54  -1.138365e+04  2.795208e+02
55  -8.844448e+03  2.864565e+02
56  -4.060515e+03  4.145778e+02
57  1.829692e+03  1.000721e+03
58  9.674616e+03  4.745621e+01
59  1.328217e+04  2.202447e+02
60  -1.386016e+04  6.893361e+02
61  -8.644848e+04  1.114779e+03
62  -1.927842e+05  1.548091e+03
63  -7.520365e+05  3.368063e+03
ENDPROP
STARTPROP
MASSES:  4.200000e-03   4.200000e-03
SOURCE: GAM_31
SINKS: GAM_31
0  8.060509e+05  -1.583480e+03
1  -6.890946e+05  -4.915701e+03
2  -1.626590e+05  -3.023039e+03
3  -8.277088e+04  -1.702014e+03
4  -4.122655e+04  -1.092293e+02
5  -3.306779e+04  -7.669095e+02
6  -2.924054e+04  -3.150502e+02
7  -2.197707e+04  -8.400544e+02
8  -9.636258e+03  -1.342411e+03
9  -5.449470e+03  -1.922761e+03
10  3.192180e+03  -1.908073e+03
11  -5.468267e+03  -1.459525e+03
12  -5.913841e+03  -1.255191e+03
13  -8.396966e+03  -9.293758e+02
14  -6.967334e+03  -2.726727e+02
15  -4.723223e+03  -1.725328e+01
16  -2.554971e+03  1.612776e+02
17  -2.944732e+03  5.420939e+01
18  -2.807893e+03  -2.028428e+02
19  -1.207331e+03  -2.922049e+02
20  -1.018312e+03  -2.253979e+02
21  -4.104682e+02  -1.462234e+02
22  -4.798690e+02  -1.049006e+02
23  -3.933295e+02  -3.333131e+01
24  -7.930428e+01  -1.184643e+01
25  -2.214432e+02  1.201282e+01
26  -3.272029e+02  1.225691e+01
27  -1.937629e+02  -3.531736e+01
28  2.973257e+02  -6.568113e+01
29  2.539219e+02  -5.283271e+01
30  3.089913e+02  -2.987766e+01
31  9.361432e+01  -1.071652e+01
32  -2.421537e+01  -3.096328e+01
33  7.305381e+01  -7.952828e+01
34  -1.039038e+02  -7.989579e+01
35  5.070476e+01  -1.000299e+02
36  3.702937e+02  -8.158188e+01
37  3.061128e+02  -9.123178e+01
38  1.195750e+02  -7.289323e+01
39  1.386490e+01  -4.216390e+01
40  3.437172e+02  2.103789e+01
41  4.697492e+02  3.728443e+01
42  5.285485e+02  2.199016e+01
43  4.519664e+02  -6.699807e+01
44  -1.655770e+02  -5.307556e+01
45  -8.575300e+02  8.871295e+01
46  -7.648747e+02  2.286089e+02
47  -9.618659e+02  4.141216e+02
48  -2.590441e+03  5.185374e+02
49  -2.545093e+03  4.697099e+02
50  -2.340052e+03  2.531257e+02
51  -6.068860e+03  3.280678e+02
52  -4.938530e+03  -9.512837e+01
53  -1.066727e+04  -7.101336e+01
54  -1.138365e+04  2.795208e+02
55  -8.844448e+03  2.864565e+02
56  -4.060515e+03  4.145778e+02
57  1.829692e+03  1.000721e+03
58  9.674616e+03  4.745621e+01
59  1.328217e+04  2.202447e+02
60  -1.386016e+04  6.893361e+02
61  -8.644848e+04  1.114779e+03
62  -1.927842e+05  1.548091e+03
63  -7.520365e+05  3.368063e+03
ENDPROP
STARTPROP
MASSES:  4.200000e-03   4.200000e-03
SOURCE: GAM_14
SINKS: GAM_14
0  -1.173375e+05  2.757198e+03
1  1.314993e+06  6.095846e+03
2  6.115636e+05  3.472085e+03
3  3.413895e+05  1.781213e+03
4  1.879209e+05  1.771705e+03
5  1.141595e+05  1.213164e+03
6  9.600864e+04  9.034680e+02
7  6.320556e+04  6.454389e+02
8  4.356028e+04  7.751065e+02
9  2.407671e+04  6.087802e+02
10  1.657063e+04  -5.131490e+01
11  9.622469e+03  6.101706e+01
12  1.019092e+04  2.945613e+02
13  6.238615e+03  1.136438e+01
14  2.497879e+03  -4.702022e+02
15  1.521970e+03  -3.005608e+02
16  -9.777737e+02  -1.306092e+02
17  -1.114005e+03  -2.141641e+02
18  2.332352e+02  -2.070568e+02
19  1.684519e+03  -5.048684e+00
20  1.451002e+03  2.103282e+02
21  5.505758e+02  2.046811e+02
22  -5.581048e+02  1.727204e+02
23  5.993539e+01  1.138771e+02
24  -2.156124e+02  5.697885e+01
25  5.789300e+02  1.423480e+01
26  6.220028e+02  3.230154e+01
27  3.432163e+02  -2.609715e+00
28  4.356582e+02  -1.603359e+01
29  4.340797e+02  -2.470361e+01
30  4.799980e+02  -1.498061e+01
31  1.889805e+02  -7.599746e+00
32  6.142179e+01  1.808221e+01
33  -1.030108e+02  2.731085e+01
34  -2.533673e+02  -2.142538e+01
35  -9.236183e+01  -2.682893e+01
36  1.109485e+02  -2.425678e+01
37  4.163517e+02  -5.707534e+01
38  4.402567e+02  -9.813208e+01
39  5.249454e+02  -1.035955e+02
40  7.222082e+02  -1.296090e+02
41  6.425093e+02  -9.720465e+01
42  6.007522e+02  -3.209601e+01
43  -8.347839e+02  6.685692e+00
44  -1.820916e+03  -8.692918e+01
45  -1.819076e+03  -7.300637e+01
46  7.989171e+01  -1.864678e+02
47  -4.508385e+02  -2.326479e+02
48  -3.085703e+02  -2.588727e+02
49  1.242132e+03  -1.937431e+02
50  2.445868e+03  -3.339292e+02
51  7.832124e+03  -5.268579e+02
52  1.301148e+04  -8.106892e+02
53  2.230338e+04  -9.933593e+02
54  2.512443e+04  -8.792905e+02
55  2.455317e+04  -5.991471e+01
56  3.042554e+04  1.010480e+02
57  3.296146e+04  -4.650725e+02
58  5.940782e+04  -6.073326e+02
59  1.025165e+05  -9.245723e+02
60  1.864490e+05  -8.364607e+02
61  3.155479e+05  -2.076653e+02
62  5.479890e+05  2.247317e+02
63  1.271028e+06  -3.146502e+02
ENDPROP
STARTPROP
MASSES:  4.200000e-03   4.200000e-03
SOURCE: GAM_41
SINKS: GAM_41
0  -1.173375e+05  2.757198e+03
1  1.314993e+06  6.095846e+03
2  6.115636e+05  3.472085e+03
3  3.413895e+05  1.781213e+03
4  1.879209e+05  1.771705e+03
5  1.141595e+05  1.213164e+03
6  9.600864e+04  9.034680e+02
7  6.320556e+04  6.454389e+02
8  4.356028e+04  7.751065e+02
9  2.407671e+04  6.087802e+02
10  1.657063e+04  -5.131490e+01
11  9.622469e+03  6.101706e+01
12  1.019092e+04  2.945613e+02
13  6.238615e+03  1.136438e+01
14  2.497879e+03  -4.702022e+02
15  1.521970e+03  -3.005608e+02
16  -9.777737e+02  -1.306092e+02
17  -1.114005e+03  -2.141641e+02
18  2.332352e+02  -2.070568e+02
19  1.684519e+03  -5.048684e+00
20  1.451002e+03  2.103282e+02
21  5.505758e+02  2.046811e+02
22  -5.581048e+02  1.727204e+02
23  5.993539e+01  1.138771e+02
24  -2.156124e+02  5.697885e+01
25  5.789300e+02  1.423480e+01
26  6.220028e+02  3.230154e+01
27  3.432163e+02  -2.609715e+00
28  4.356582e+02  -1.603359e+01
29  4.340797e+02  -2.470361e+01
30  4.799980e+02  -1.498061e+01
31  1.889805e+02  -7.599746e+00
32  6.142179e+01  1.808221e+01
33  -1.030108e+02  2.731085e+01
34  -2.533673e+02  -2.142538e+01
35  -9.236183e+01  -2.682893e+01
36  1.109485e+02  -2.425678e+01
37  4.163517e+02  -5.707534e+01
38  4.402567e+02  -9.813208e+01
39  5.249454e+02  -1.035955e+02
40  7.222082e+02  -1.296090e+02
41  6.425093e+02  -9.720465e+01
42  6.007522e+02  -3.209601e+01
43  -8.347839e+02  6.685692e+00
44  -1.820916e+03  -8.692918e+01
45  -1.819076e+03  -7.300637e+01
46  7.989171e+01  -1.864678e+02
47  -4.508385e+02  -2.326479e+02
48  -3.085703e+02  -2.588727e+02
49  1.242132e+03  -1.937431e+02
50  2.445868e+03  -3.339292e+02
51  7.832124e+03  -5.268579e+02
52  1.301148e+04  -8.106892e+02
53  2.230338e+04  -9.933593e+02
54  2.512443e+04  -8.792905e+02
55  2.455317e+04  -5.991471e+01
56  3.042554e+04  1.010480e+02
57  3.296146e+04  -4.650725e+02
58  5.940782e+04  -6.073326e+02
59  1.025165e+05  -9.245723e+02
60  1.864490e+05  -8.364607e+02
61  3.155479e+05  -2.076653e+02
62  5.479890e+05  2.247317e+02
63  1.271028e+06  -3.146502e+02
ENDPROP
STARTPROP
MASSES:  4.200000e-03   4.200000e-03
SOURCE: GAM_23
SINKS: GAM_23
0  7.140206e+05  -2.640145e+02
1  -8.132432e+05  -3.473365e+03
2  -2.459130e+05  -1.228649e+03
3  -9.270910e+04  -3.863493e+01
4  -4.700164e+04  -8.329945e+02
5  -2.794796e+04  -8.384203e+02
6  -1.790846e+04  -8.387443e+02
7  -1.054409e+04  -7.948280e+02
8  -2.144491e+04  -2.836935e+02
9  -5.522290e+03  -1.802981e+02
10  9.333514e+03  -9.062995e+02
11  9.366525e+03  -1.326522e+03
12  1.052335e+04  -9.411950e+02
13  4.867902e+03  -5.441282e+02
14  -8.991796e+02  -2.572545e+02
15  -1.008252e+03  -2.280767e+01
16  -3.125241e+03  -1.257425e+02
17  -2.776168e+03  -2.959762e+02
18  -4.331306e+02  -2.669232e+02
19  1.193710e+03  -1.910028e+02
20  1.072589e+03  -8.798600e+01
21  7.357805e+02  -2.268567e+01
22  8.748196e+02  4.065319e+00
23  2.889061e+02  -8.425269e+01
24  -6.140266e+01  -1.251211e+02
25  -4.430741e+02  -5.446351e+01
26  -4.453742e+02  -1.522676e+01
27  -2.375942e+02  -1.339285e+01
28  -4.396001e+02  -2.389246e+01
29  -4.770179e+02  -2.222939e+01
30  -6.065615e+02  -1.117877e+01
31  -6.127381e+02  -2.024180e+01
32  -6.476565e+02  -4.285143e+01
33  -3.724800e+02  -5.561100e+01
34  -1.376371e+02  -7.443811e+01
35  -2.740300e+02  -6.773604e+01
36  -7.103969e+02  -8.523910e+01
37  -8.473724e+02  -7.235535e+01
38  -1.006765e+03  -4.172210e+01
39  -1.236788e+03  -5.119480e+01
40  -1.182221e+03  -6.226114e+01
41  -8.997682e+02  -7.672453e+01
42  -1.434613e+03  -4.586283e+01
43  -2.678911e+03  3.235863e+01
44  -3.933852e+03  3.399428e+01
45  -4.892665e+03  -5.436417e+01
46  -6.388418e+03  -1.569747e+02
47  -4.796611e+03  -2.536615e+02
48  -6.429281e+03  -2.910833e+02
49  -8.172941e+03  -1.976586e+02
50  -9.840581e+03  -3.426608e+02
51  -4.850248e+03  -4.810052e+02
52  -1.549516e+02  -6.575566e+02
53  3.331280e+03  -3.428028e+02
54  7.828273e+03  -5.309951e+01
55  1.328590e+04  -4.845260e+02
56  1.018584e+04  2.450461e+02
57  3.109625e+03  1.082905e+03
58  -2.270419e+04  1.958354e+03
59  -3.538734e+04  2.670985e+03
60  -6.746527e+04  2.716320e+03
61  -1.192683e+05  1.688251e+03
62  -2.256166e+05  1.484195e+03
63  -7.937091e+05  3.110497e+03
ENDPROP
STARTPROP
MASSES:  4.200000e-03   4.200000e-03
SOURCE: GAM_32
SINKS: GAM_32
0  7.140206e+05  -2.640145e+02
1  -8.132432e+05  -3.473365e+03
2  -2.459130e+05  -1.228649e+03
3  -9.270910e+04  -3.863493e+01
4  -4.700164e+04  -8.329945e+02
5  -2.794796e+04  -8.384203e+02
6  -1.790846e+04  -8.387443e+02
7  -1.054409e+04  -7.948280e+02
8  -2.144491e+04  -2.836935e+02
9  -5.522290e+03  -1.802981e+02
10  9.333514e+03  -9.062995e+02
11  9.366525e+03  -1.326522e+03
12  1.052335e+04  -9.411950e+02
13  4.867902e+03  -5.441282e+02
14  -8.991796e+02  -2.572545e+02
15  -1.008252e+03  -2.280767e+01
16  -3.125241e+03  -1.257425e+02
17  -2.776168e+03  -2.959762e+02
18  -4.331306e+02  -2.669232e+02
19  1.193710e+03  -1.910028e+02
20  1.072589e+03  -8.798600e+01
21  7.357805e+02  -2.268567e+01
22  8.748196e+02  4.065319e+00
23  2.889061e+02  -8.425269e+01
24  -6.140266e+01  -1.251211e+02
25  -4.430741e+02  -5.446351e+01
26  -4.453742e+02  -1.522676e+01
27  -2.375942e+02  -1.339285e+01
28  -4.396001e+02  -2.389246e+01
29  -4.770179e+02  -2.222939e+01
30  -6.065615e+02  -1.117877e+01
31  -6.127381e+02  -2.024180e+01
32  -6.476565e+02  -4.285143e+01
33  -3.724800e+02  -5.561100e+01
34  -1.376371e+02  -7.443811e+01
35  -2.740300e+02  -6.773604e+01
36  -7.103969e+02  -8.523910e+01
37  -8.473724e+02  -7.235535e+01
38  -1.006765e+03  -4.172210e+01
39  -1.236788e+03  -5.119480e+01
40  -1.182221e+03  -6.226114e+01
41  -8.997682e+02  -7.672453e+01
42  -1.434613e+03  -4.586283e+01
43  -2.678911e+03  3.235863e+01
44  -3.933852e+03  3.399428e+01
45  -4.892665e+03  -5.436417e+01
46  -6.388418e+03  -1.569747e+02
47  -4.796611e+03  -2.536615e+02
48  -6.429281e+03  -2.910833e+02
49  -8.172941e+03  -1.976586e+02
50  -9.840581e+03  -3.426608e+02
51  -4.850248e+03  -4.810052e+02
52  -1.549516e+02  -6.575566e+02
53  3.331280e+03  -3.428028e+02
54  7.828273e+03  -5.309951e+01
55  1.328590e+04  -4.845260e+02
56  1.018584e+04  2.450461e+02
57  3.109625e+03  1.082905e+03
58  -2.270419e+04  1.958354e+03
59  -3.538734e+04  2.670985e+03
60  -6.746527e+04  2.716320e+03
61  -1.192683e+05  1.688251e+03
62  -2.256166e+05  1.484195e+03
63  -7.937091e+05  3.110497e+03
ENDPROP
STARTPROP
MASSES:  4.200000e-03   4.200000e-03
SOURCE: GAM_24
SINKS: GAM_24
0  -1.094081e+05  -1.155609e+03
1  1.308470e+06  2.054391e+03
2  5.710212e+05  2.343803e+03
3  3.281360e+05  7.666726e+02
4  1.849696e+05  -3.788707e+02
5  9.837526e+04  -7.588919e+02
6  6.720780e+04  -9.077130e+00
7  4.591287e+04  -4.334568e+02
8  2.418482e+04  -1.164302e+03
9  6.954006e+03  -1.696906e+03
10  4.452400e+03  -1.402435e+03
11  1.049961e+04  -1.237315e+03
12  7.648856e+03  -5.740861e+02
13  2.652512e+03  -6.359610e+02
14  -1.288635e+03  -5.953859e+02
15  -2.873873e+03  -5.101658e+02
16  2.542910e+02  -1.478437e+02
17  1.583816e+03  -1.477933e+00
18  9.896595e+02  1.204345e+02
19  1.490320e+03  3.078106e+02
20  2.138104e+03  4.085830e+02
21  2.565788e+03  2.330545e+02
22  2.826992e+03  9.475828e+01
23  1.879901e+03  3.141764e+00
24  1.367815e+03  1.772060e+01
25  1.144488e+03  1.325959e+01
26  1.036496e+03  2.361934e+01
27  3.118826e+02  1.405755e+00
28  -1.733294e+02  1.265726e+01
29  -3.858156e+02  7.470688e-01
30  -9.116414e+02  -2.159875e+01
31  -9.725510e+02  -3.153691e+01
32  -1.129597e+03  -3.777770e+01
33  -9.729579e+02  -3.553309e+01
34  -5.225914e+02  -4.145568e+01
35  -2.961837e+02  -6.915406e+01
36  -3.651268e+02  -6.133530e+01
37  -3.669138e+02  -3.380884e+01
38  -3.961825e+02  -4.260174e+00
39  -1.050533e+03  4.086694e+01
40  -1.078710e+03  3.457267e+01
41  -5.141571e+02  -1.457514e+01
42  -6.052284e+02  -5.472644e+01
43  -9.170625e+02  -1.334985e+02
44  -1.865436e+03  -2.449691e+02
45  -3.090770e+03  -3.219878e+02
46  -2.579826e+03  -3.778889e+02
47  -3.120424e+03  -1.869311e+02
48  -3.752563e+03  9.451387e+00
49  -4.078645e+03  6.870811e+01
50  -6.011542e+03  1.705663e+02
51  -5.242771e+03  1.463177e+02
52  -4.599971e+03  1.254462e+02
53  -5.145665e+03  -2.600123e+02
54  -8.634428e+02  -2.723862e+02
55  1.502643e+03  -3.425175e+01
56  -1.583476e+03  -3.159438e+02
57  1.710202e+04  9.534342e+02
58  3.117775e+04  1.208465e+03
59  6.923660e+04  1.293296e+03
60  1.621706e+05  2.254609e+03
61  3.044270e+05  2.372766e+03
62  5.813776e+05  2.021382e+03
63  1.294273e+06  8.926445e+01
ENDPROP
STARTPROP
MASSES:  4.200000e-03   4.200000e-03
SOURCE: GAM_42
SINKS: GAM_42
0  -1.094081e+05  -1.155609e+03
1  1.308470e+06  2.054391e+03
2  5.710212e+05  2.343803e+03
3  3.281360e+05  7.666726e+02
4  1.849696e+05  -3.788707e+02
5  9.837526e+04  -7.588919e+02
6  6.720780e+04  -9.077130e+00
7  4.591287e+04  -4.334568e+02
8  2.418482e+04  -1.164302e+03
9  6.954006e+03  -1.696906e+03
10  4.452400e+03  -1.402435e+03
11  1.049961e+04  -1.237315e+03
12  7.648856e+03  -5.740861e+02
13  2.652512e+03  -6.359610e+02
14  -1.288635e+03  -5.953859e+02
15  -2.873873e+03  -5.101658e+02
16  2.542910e+02  -1.478437e+02
17  1.583816e+03  -1.477933e+00
18  9.896595e+02  1.204345e+02
19  1.490320e+03  3.078106e+02
20  2.138104e+03  4.085830e+02
21  2.565788e+03  2.330545e+02
22  2.826992e+03  9.475828e+01
23  1.879901e+03  3.141764e+00
24  1.367815e+03  1.772060e+01
25  1.144488e+03  1.325959e+01
26  1.036496e+03  2.361934e+01
27  3.118826e+02  1.405755e+00
28  -1.733294e+02  1.265726e+01
29  -3.858156e+02  7.470688e-01
30  -9.116414e+02  -2.159875e+01
31  -9.725510e+02  -3.153691e+01
32  -1.129597e+03  -3.777770e+01
33  -9.729579e+02  -3.553309e+01
34  -5.225914e+02  -4.145568e+01
35  -2.961837e+02  -6.915406e+01
36  -3.651268e+02  -6.133530e+01
37  -3.669138e+02  -3.380884e+01
38  -3.961825e+02  -4.260174e+00
39  -1.050533e+03  4.086694e+01
40  -1.078710e+03  3.457267e+01
41  -5.141571e+02  -1.457514e+01
42  -6.052284e+02  -5.472644e+01
43  -9.170625e+02  -1.334985e+02
44  -1.865436e+03  -2.449691e+02
45  -3.090770e+03  -3.219878e+02
46  -2.579826e+03  -3.778889e+02
47  -3.120424e+03  -1.869311e+02
48  -3.752563e+03  9.451387e+00
49  -4.078645e+03  6.870811e+01
50  -6.011542e+03  1.705663e+02
51  -5.242771e+03  1.463177e+02
52  -4.599971e+03  1.254462e+02
53  -5.145665e+03  -2.600123e+02
54  -8.634428e+02  -2.723862e+02
55  1.502643e+03  -3.425175e+01
56  -1.583476e+03  -3.159438e+02
57  1.710202e+04  9.534342e+02
58  3.117775e+04  1.208465e+03
59  6.923660e+04  1.293296e+03
60  1.621706e+05  2.254609e+03
61  3.044270e+05  2.372766e+03
62  5.813776e+05  2.021382e+03
63  1.294273e+06  8.926445e+01
ENDPROP
STARTPROP
MASSES:  4.200000e-03   4.200000e-03
SOURCE: GAM_34
SINKS: GAM_34
0  -8.320076e+04  5.228420e+02
1  1.371483e+06  3.513883e+03
2  6.661152e+05  1.948737e+03
3  4.240888e+05  1.005284e+03
4  2.298447e+05  -1.063832e+03
5  1.035170e+05  9.480008e+01
6  3.607297e+04  2.628689e+02
7  9.354059e+03  6.267238e+02
8  -1.668558e+04  1.338381e+03
9  -1.198210e+04  6.667525e+02
10  -3.806756e+03  1.722757e+02
11  3.879619e+03  -4.363667e+01
12  5.090318e+03  -3.238375e+02
13  1.993418e+03  -3.437658e+02
14  7.121336e+02  -6.690166e+01
15  -2.686386e+02  1.966369e+02
16  9.601027e+02  2.288021e+02
17  2.790377e+02  1.495578e+02
18  1.496719e+03  1.334724e+02
19  1.386783e+03  1.041463e+02
20  2.057831e+03  1.029188e+02
21  1.904649e+03  1.772590e+01
22  5.305059e+02  -2.205115e+01
23  -3.551223e+01  -2.608711e+01
24  1.749349e+02  2.597317e+01
25  1.418174e+02  4.169152e+00
26  2.232637e+02  -1.812436e+01
27  3.646407e+02  -9.868742e+01
28  6.092970e+02  -9.646084e+01
29  4.459972e+02  -4.693383e+01
30  2.625837e+02  -1.729743e+01
31  -5.211276e+01  -2.213442e+01
32  -1.222655e+02  -1.070835e+01
33  5.588103e+01  5.001887e+01
34  -2.678938e+02  5.393702e+01
35  -5.810098e+02  6.050954e+01
36  -9.247267e+02  1.651328e+01
37  -1.058902e+03  2.764742e+01
38  -1.309811e+03  3.198116e+01
39  -1.906388e+03  3.208336e+01
40  -2.173123e+03  3.048334e+01
41  -2.548676e+03  -1.909582e+00
42  -3.064141e+03  1.804392e+01
43  -2.655341e+03  4.370561e+01
44  -3.429386e+03  4.631879e+01
45  -3.715230e+03  5.831729e+01
46  -1.479383e+03  1.208575e+02
47  1.601113e+03  2.344570e+02
48  2.942540e+03  2.857709e+02
49  3.368655e+03  2.649470e+02
50  4.088045e+03  1.196330e+02
51  3.288814e+03  2.989417e+02
52  4.943618e+03  5.077736e+02
53  -2.101948e+03  2.050804e+02
54  1.000071e+03  -1.837081e+02
55  1.385908e+04  -5.714190e+02
56  1.956226e+04  -7.548205e+02
57  2.778587e+04  -6.516632e+02
58  4.216762e+04  -7.006657e+02
59  1.055219e+05  -4.222930e+02
60  1.711896e+05  -6.637591e+02
61  2.926220e+05  -9.654092e+02
62  5.530415e+05  -2.300730e+03
63  1.302520e+06  -2.814860e+03
ENDPROP
STARTPROP
MASSES:  4.200000e-03   4.200000e-03
SOURCE: GAM_43
SINKS: GAM_43
0  -8.320076e+04  5.228420e+02
1  1.371483e+06  3.513883e+03
2  6.661152e+05  1.948737e+03
3  4.240888e+05  1.005284e+03
4  2.298447e+05  -1.063832e+03
5  1.035170e+05  9.480008e+01
6  3.607297e+04  2.628689e+02
7  9.354059e+03  6.267238e+02
8  -1.668558e+04  1.338381e+03
9  -1.198210e+04  6.667525e+02
10  -3.806756e+03  1.722757e+02
11  3.879619e+03  -4.363667e+01
12  5.090318e+03  -3.238375e+02
13  1.993418e+03  -3.437658e+02
14  7.121336e+02  -6.690166e+01
15  -2.686386e+02  1.966369e+02
16  9.601027e+02  2.288021e+02
17  2.790377e+02  1.495578e+02
18  1.496719e+03  1.334724e+02
19  1.386783e+03  1.041463e+02
20  2.057831e+03  1.029188e+02
21  1.904649e+03  1.772590e+01
22  5.305059e+02  -2.205115e+01
23  -3.551223e+01  -2.608711e+01
24  1.749349e+02  2.597317e+01
25  1.418174e+02  4.169152e+00
26  2.232637e+02  -1.812436e+01
27  3.646407e+02  -9.868742e+01
28  6.092970e+02  -9.646084e+01
29  4.459972e+02  -4.693383e+01
30  2.625837e+02  -1.729743e+01
31  -5.211276e+01  -2.213442e+01
32  -1.222655e+02  -1.070835e+01
33  5.588103e+01  5.001887e+01
34  -2.678938e+02  5.393702e+01
35  -5.810098e+02  6.050954e+01
36  -9.247267e+02  1.651328e+01
37  -1.058902e+03  2.764742e+01
38  -1.309811e+03  3.198116e+01
39  -1.906388e+03  3.208336e+01
40  -2.173123e+03  3.048334e+01
41  -2.548676e+03  -1.909582e+00
42  -3.064141e+03  1.804392e+01
43  -2.655341e+03  4.370561e+01
44  -3.429386e+03  4.631879e+01
45  -3.715230e+03  5.831729e+01
46  -1.479383e+03  1.208575e+02
47  1.601113e+03  2.344570e+02
48  2.942540e+03  2.857709e+02
49  3.368655e+03  2.649470e+02
50  4.088045e+03  1.196330e+02
51  3.288814e+03  2.989417e+02
52  4.943618e+03  5.077736e+02
53  -2.101948e+03  2.050804e+02
54  1.000071e+03  -1.837081e+02
55  1.385908e+04  -5.714190e+02
56  1.956226e+04  -7.548205e+02
57  2.778587e+04  -6.516632e+02
58  4.216762e+04  -7.006657e+02
59  1.055219e+05  -4.222930e+02
60  1.711896e+05  -6.637591e+02
61  2.926220e+05  -9.654092e+02
62  5.530415e+05  -2.300730e+03
63  1.302520e+06  -2.814860e+03
ENDPROP
STARTPROP
MASSES:  4.200000e-03   4.200000e-03
SOURCE: GAM_15
SINKS: GAM_15
0  -1.132411e+05  9.354445e+02
1  -1.043137e+06  -7.505295e+02
2  -2.663672e+05  1.421907e+03
3  -8.215925e+04  3.092570e+02
4  3.992440e+03  -4.242228e+01
5  1.505004e+04  -5.175093e+02
6  9.144470e+03  -4.023305e+02
7  1.970586e+04  1.152384e+02
8  1.815090e+04  5.995923e+02
9  1.475043e+04  8.399828e+02
10  7.360791e+03  9.049366e+02
11  -8.103350e+02  5.316623e+02
12  -2.302369e+03  2.278781e+02
13  -5.616904e+03  2.289106e+02
14  -7.818113e+02  3.196297e+02
15  4.210837e+03  8.012989e+01
16  4.980149e+03  -7.830410e+01
17  3.750442e+03  -1.076097e+02
18  1.952602e+03  1.366892e+01
19  8.355835e+02  5.660735e+01
20  1.574440e+03  2.028696e+00
21  1.400330e+03  -7.268103e+01
22  1.656178e+03  -8.533002e+01
23  1.737708e+03  -1.188191e+02
24  1.304145e+03  -1.116066e+02
25  1.550345e+03  -1.047218e+02
26  1.686492e+03  -9.143021e+01
27  9.221986e+02  -9.205104e+01
28  1.064936e+03  -6.192071e+01
29  1.180626e+03  -2.956740e+01
30  7.204070e+02  -8.418460e-01
31  2.137490e+02  2.791236e+01
32  -9.240798e+01  2.611717e+01
33  -3.915143e+02  1.917215e+01
34  -7.142856e+02  2.752303e+00
35  -8.032166e+02  1.263068e+01
36  -5.423958e+02  1.084775e+01
37  -2.922953e+02  3.315056e+01
38  5.549253e+02  5.145241e+01
39  5.669247e+02  6.072367e+01
40  4.283462e+02  4.061141e+01
41  1.706507e+03  -1.446089e+01
42  3.060902e+03  -3.696989e+01
43  4.915247e+03  -2.560604e+01
44  5.377434e+03  5.375028e+01
45  5.464003e+03  1.197732e+02
46  6.393667e+03  1.678482e+02
47  1.015807e+04  1.951042e+02
48  9.281241e+03  -5.000257e+00
49  7.083613e+03  -4.592450e+02
50  1.569243e+03  -1.078676e+03
51  9.331443e+01  -1.493236e+03
52  4.137140e+03  -1.245396e+03
53  1.228946e+04  -3.695706e+02
54  1.519490e+04  4.162439e+02
55  -1.908125e+03  7.866422e+02
56  -2.125198e+04  1.257163e+03
57  -2.611245e+04  1.516221e+03
58  -2.179656e+04  1.576335e+03
59  -1.860974e+04  1.170085e+03
60  -5.445748e+04  2.469009e+03
61  -1.222255e+05  2.713601e+03
62  -3.336195e+05  1.521469e+03
63  -1.086600e+06  2.628095e+03
ENDPROP
STARTPROP
MASSES:  4.200000e-03   4.200000e-03
SOURCE: GAM_25
SINKS: GAM_25
0  -2.720437e+05  3.408834e+03
1  -1.175323e+06  -1.341569e+03
2  -4.037728e+05  -8.417202e+02
3  -1.705182e+05  -1.767554e+02
4  -2.927260e+03  -3.849073e+02
5  4.718623e+04  1.489292e+02
6  2.704026e+04  1.070103e+02
7  -1.004734e+04  7.271716e+02
8  -2.592178e+04  3.113735e+02
9  -2.643884e+04  2.346559e+02
10  -1.805575e+04  5.824130e+02
11  -6.918280e+03  6.834841e+02
12  -2.146608e+03  9.564157e+02
13  -2.158355e+03  1.205794e+03
14  2.311277e+03  1.240079e+03
15  2.525046e+03  1.000539e+03
16  5.167563e+03  9.623635e+02
17  6.862441e+03  8.120561e+02
18  8.050866e+03  5.314606e+02
19  6.951056e+03  3.304850e+02
20  3.199352e+03  1.133507e+02
21  1.139498e+03  1.302134e+02
22  8.620653e+02  3.687932e+01
23  6.710731e+02  -2.014113e+01
24  5.582738e+02  -2.883016e+00
25  4.538950e+02  3.683539e+01
26  3.710970e+02  9.343398e+01
27  2.165170e+02  1.314905e+02
28  2.055625e+02  1.223928e+02
29  1.031999e+02  6.226924e+01
30  1.325700e+02  4.480126e+00
31  -4.302422e-01  -1.117877e+01
32  -3.028986e+01  -5.477727e+00
33  1.069655e+02  -5.187380e+00
34  3.989578e+02  -2.804058e+01
35  4.315221e+02  -8.554698e+01
36  3.308230e+02  -1.209975e+02
37  1.707446e+02  -1.354269e+02
38  5.447454e+01  -1.165502e+02
39  2.455486e+02  -1.293499e+02
40  4.707292e+02  -1.504465e+02
41  1.258102e+03  -1.923995e+02
42  1.794155e+03  -1.817685e+02
43  1.394276e+03  -1.541750e+02
44  2.223985e+02  -1.524836e+02
45  -2.844867e+03  -2.126217e+02
46  -5.432503e+03  -1.196325e+02
47  -6.424644e+03  1.196579e+02
48  -4.984758e+03  9.739586e+01
49  -3.037441e+03  2.108312e+02
50  8.342277e+02  1.704902e+02
51  2.724019e+03  -2.557724e+02
52  7.502234e+03  -3.418232e+02
53  9.145416e+03  -2.573627e+02
54  1.534963e+03  4.106332e+02
55  -5.361726e+03  1.528433e+03
56  -1.822003e+04  2.380614e+03
57  -4.023446e+04  2.657573e+03
58  -7.608489e+04  2.663353e+03
59  -9.715120e+04  3.873121e+03
60  -1.225788e+05  5.377455e+03
61  -2.214094e+05  5.505713e+03
62  -4.505854e+05  5.457237e+03
63  -1.215628e+06  6.225360e+03
ENDPROP
STARTPROP
MASSES:  4.200000e-03   4.200000e-03
SOURCE: GAM_35
SINKS: GAM_35
0  -3.157726e+05  1.612603e+03
1  -1.238799e+06  -2.081062e+03
2  -3.995585e+05  7.601248e+02
3  -1.548410e+05  2.920271e+03
4  -5.095546e+04  4.120989e+03
5  2.430333e+03  2.746406e+03
6  9.069634e+03  1.207013e+03
7  1.605107e+04  1.006311e+02
8  1.535409e+04  -3.792046e+02
9  4.835129e+03  -6.883254e+01
10  3.446566e+03  3.861965e+02
11  8.411504e+02  6.275984e+02
12  -3.526655e+03  2.874017e+02
13  -4.838748e+03  -2.253730e+02
14  -4.014620e+03  -4.287000e+02
15  -2.184017e+03  -4.785711e+02
16  -1.663651e+03  -3.702031e+02
17  -3.037664e+03  -2.761327e+02
18  -1.356930e+03  -7.260325e+01
19  -8.843324e+02  -4.776298e+01
20  -5.874530e+02  -3.740105e+01
21  -3.159970e+02  -5.599945e+01
22  -1.078208e+03  -1.235334e+02
23  -1.351393e+03  -1.345879e+02
24  -7.940587e+02  -1.463620e+02
25  -7.903225e+01  -5.571898e+01
26  2.206836e+02  6.607268e+00
27  1.065621e+02  -1.015826e+01
28  -1.644278e+01  -1.916013e+01
29  -1.639372e+02  -4.354436e+01
30  2.143842e+02  -6.141823e+01
31  2.324958e+02  -8.160282e+01
32  4.439005e+02  -6.241214e+01
33  3.929184e+02  -3.842989e+01
34  4.885986e+02  1.321482e+01
35  3.054749e+02  2.984591e+01
36  1.345074e+02  8.052673e+00
37  2.828711e+02  4.589832e+00
38  3.053474e+02  -3.462958e+01
39  -5.259607e+01  2.077823e+01
40  -3.238778e+02  8.199072e+01
41  -4.996503e+02  5.204776e+01
42  1.720477e+02  -2.702570e+00
43  1.626396e+02  -6.394829e+01
44  -4.842920e+02  -1.667374e+02
45  -3.873365e+03  -9.225414e+01
46  -8.756331e+03  -5.080889e+01
47  -1.048911e+04  -2.442843e+02
48  -9.255340e+03  -7.063360e+02
49  -1.038127e+04  -8.079522e+02
50  -1.396556e+04  -8.842371e+02
51  -1.570818e+04  -1.043758e+03
52  -1.901228e+04  -1.208987e+03
53  -2.648889e+04  -1.066787e+03
54  -3.216012e+04  -1.018018e+03
55  -4.187178e+04  -1.020230e+03
56  -4.893880e+04  -8.630275e+01
57  -6.881224e+04  3.880056e+02
58  -8.318149e+04  3.806956e+02
59  -9.108698e+04  4.648458e+02
60  -1.082002e+05  6.285739e+01
61  -2.095072e+05  4.115574e+02
62  -4.400324e+05  1.902846e+03
63  -1.216871e+06  4.577366e+03
ENDPROP
STARTPROP
MASSES:  4.200000e-03   4.200000e-03
SOURCE: GAM_45
SINKS: GAM_45
0  -1.759543e+06  -5.583392e+02
1  6.482624e+05  2.728680e+03
2  2.973958e+05  4.485353e+02
3  2.577930e+05  -5.952842e+00
4  2.087194e+05  1.197188e+03
5  1.650980e+05  1.756676e+03
6  1.314902e+05  1.661958e+03
7  1.099622e+05  1.730506e+03
8  8.704731e+04  1.434926e+03
9  7.319850e+04  5.064511e+02
10  6.214660e+04  4.056116e+02
11  5.149611e+04  1.347467e+02
12  4.382732e+04  -5.836212e+01
13  3.562580e+04  1.188504e+02
14  3.217668e+04  3.430785e+02
15  2.653992e+04  3.243497e+02
16  2.104651e+04  3.047709e+02
17  1.698571e+04  1.650347e+02
18  1.464609e+04  1.640302e+02
19  1.233998e+04  1.499090e+02
20  1.036545e+04  9.990420e+01
21  8.679308e+03  5.539527e+01
22  7.336103e+03  8.899214e+01
23  5.959047e+03  4.354160e+01
24  4.849123e+03  4.720476e+01
25  4.151073e+03  2.383680e+01
26  3.329689e+03  6.166345e+00
27  3.042475e+03  -1.921010e+01
28  2.840673e+03  9.411112e-01
29  2.805390e+03  5.844610e+00
30  2.704614e+03  9.894852e+00
31  2.681695e+03  1.160956e+01
32  2.742749e+03  6.821018e+00
33  2.792057e+03  9.509936e+00
34  2.915431e+03  1.485979e+01
35  3.320492e+03  3.836480e+01
36  3.753062e+03  4.455269e+01
37  4.089569e+03  8.288140e+01
38  4.526272e+03  8.439031e+01
39  5.368377e+03  4.936665e+01
40  6.237918e+03  4.550457e+01
41  7.332515e+03  8.552724e+00
42  8.090864e+03  -2.648992e+01
43  9.430429e+03  -5.224680e+01
44  1.214172e+04  -6.071907e+01
45  1.466138e+04  -5.348815e+01
46  1.724184e+04  -6.877186e+01
47  2.129500e+04  -9.622147e+01
48  2.501474e+04  1.715115e+00
49  3.083351e+04  3.620263e+01
50  3.610284e+04  2.886243e+01
51  4.522579e+04  -1.282809e+01
52  5.391388e+04  9.223112e+01
53  6.255293e+04  -6.201953e+00
54  7.804687e+04  -9.169257e+01
55  9.019366e+04  -1.817613e+02
56  1.126852e+05  -4.325954e+02
57  1.347721e+05  1.188840e+02
58  1.643878e+05  1.898813e+01
59  1.907195e+05  5.383648e+02
60  2.318568e+05  1.313436e+02
61  2.600861e+05  -3.231069e+02
62  3.120058e+05  -1.464866e+03
63  6.435014e+05  -2.929805e+03
ENDPROP
STARTPROP
MASSES:  4.200000e-03   4.200000e-03
SOURCE: PSAX4
SINKS: GAM_4
0  7.261570e+04  2.272753e+03
1  1.715421e+06  2.702570e+03
2  1.301272e+06  2.200310e+03
3  1.103573e+06  9.494131e+02
4  9.313571e+05  -1.799331e+02
5  7.696800e+05  -6.543941e+01
6  6.364932e+05  4.600322e+02
7  5.311378e+05  8.481909e+02
8  4.444770e+05  6.434707e+02
9  3.638824e+05  6.573507e+02
10  3.004210e+05  1.414397e+00
11  2.551653e+05  -2.810878e+02
12  2.111184e+05  -3.331367e+02
13  1.745088e+05  -8.149000e+01
14  1.457507e+05  8.060202e+01
15  1.217551e+05  6.686003e+01
16  1.010141e+05  7.062074e+01
17  8.457107e+04  6.779603e+01
18  7.095028e+04  1.546895e+02
19  5.875777e+04  2.447102e+02
20  4.914049e+04  2.223422e+02
21  4.052101e+04  1.300517e+02
22  3.416044e+04  1.026980e+02
23  2.833937e+04  1.142436e+01
24  2.240805e+04  -1.921966e+00
25  1.819044e+04  -2.776770e+01
26  1.379053e+04  1.664727e+00
27  1.057672e+04  8.584358e+00
28  8.094842e+03  2.983867e+01
29  5.505416e+03  3.190506e+01
30  3.348177e+03  3.029254e+01
31  1.201944e+03  1.639798e+01
32  -7.769167e+02  -1.932101e+01
33  -2.758765e+03  -4.869099e+01
34  -4.773805e+03  -5.031252e+01
35  -7.122953e+03  -8.920645e+01
36  -9.413272e+03  -9.300199e+01
37  -1.229232e+04  -1.124742e+02
38  -1.529217e+04  -1.212702e+02
39  -1.856841e+04  -8.384365e+01
40  -2.317445e+04  -1.005577e+02
41  -2.836166e+04  -7.160140e+01
42  -3.407293e+04  -6.575589e+01
43  -4.041741e+04  -6.469924e+01
44  -4.978802e+04  -7.087703e+01
45  -6.026348e+04  -1.109598e+02
46  -7.144813e+04  -2.295219e+02
47  -8.548681e+04  -2.177521e+02
48  -1.011438e+05  -4.446560e+02
49  -1.224172e+05  -6.256691e+02
50  -1.455239e+05  -7.298664e+02
51  -1.766021e+05  -9.167218e+02
52  -2.062790e+05  -1.189792e+03
53  -2.479787e+05  -7.981365e+02
54  -3.009507e+05  -7.654716e+02
55  -3.581245e+05  -1.090912e+03
56  -4.345393e+05  -7.642928e+02
57  -5.314415e+05  -1.549949e+03
58  -6.277642e+05  -2.024777e+03
59  -7.423158e+05  -2.014847e+03
60  -8.820722e+05  -1.698118e+03
61  -1.027149e+06  4.186356e+02
62  -1.206937e+06  4.673456e+02
63  -1.589982e+06  1.508599e+03
ENDPROP
STARTPROP
MASSES:  4.200000e-03   4.200000e-03
SOURCE: WWPSAX4
SINKS: GAM_4
0  -3.009255e+08  8.329454e+07
1  2.071293e+09  1.566608e+06
2  1.062349e+09  4.854548e+06
3  1.105724e+09  -8.941917e+06
4  6.686851e+08  -2.808155e+06
5  6.227676e+08  -1.310278e+07
6  1.581526e+08  9.711270e+06
7  3.180168e+08  -1.041611e+07
8  3.315423e+08  -4.164290e+06
9  1.489638e+08  -2.853773e+06
10  2.603100e+08  1.377060e+06
11  2.455324e+08  -8.372036e+05
12  1.137319e+08  -5.988257e+04
13  2.075106e+08  4.019615e+06
14  9.599422e+07  -1.362082e+06
15  9.386548e+07  -1.465232e+06
16  7.300654e+07  3.779039e+06
17  4.251242e+07  -1.292744e+06
18  2.728599e+07  -8.518008e+05
19  5.644726e+07  -2.156993e+05
20  4.146355e+07  -7.761026e+05
21  3.699015e+07  -3.552083e+05
22  2.245283e+07  1.006266e+06
23  2.577227e+07  -1.327327e+05
24  2.792893e+07  -1.529227e+06
25  7.314081e+06  -3.421782e+04
26  8.647604e+06  -5.926191e+05
27  6.565070e+06  -7.103808e+05
28  1.192864e+07  1.150414e+04
29  2.777073e+06  -8.458300e+04
30  4.770644e+06  2.145284e+05
31  -1.076885e+06  5.627147e+05
32  5.754990e+06  -1.543496e+05
33  -8.331772e+04  -2.959116e+05
34  -2.279372e+06  -5.033313e+05
35  -2.025168e+06  -8.953824e+04
36  -8.222263e+06  -1.564268e+05
37  -4.027695e+06  1.554517e+05
38  3.050700e+06  -1.591909e+05
39  -1.222148e+07  -3.309647e+05
40  -1.885772e+07  -1.131745e+06
41  -7.894187e+06  -1.042326e+06
42  -2.124902e+07  -8.507225e+04
43  -2.818907e+07  1.477371e+06
44  -3.451769e+07  6.177003e+05
45  -2.715727e+07  -3.412981e+05
46  -5.105100e+07  5.960699e+05
47  -7.267027e+07  5.891238e+05
48  -3.458249e+07  6.490320e+05
49  -7.884906e+07  -1.374229e+05
50  -4.304604e+07  -4.970518e+05
51  -4.279602e+07  4.376793e+05
52  -7.090565e+07  -1.782862e+04
53  -1.349152e+08  3.616088e+06
54  -2.683856e+08  -9.575229e+06
55  -1.735394e+08  -1.374452e+06
56  -4.191533e+08  3.391917e+06
57  -5.211872e+08  1.300004e+07
58  -1.688396e+08  4.394628e+06
59  -8.291317e+08  -8.461638e+06
60  -6.397679e+08  3.306881e+05
61  -1.048956e+09  -1.063974e+07
62  -8.966561e+08  3.087377e+06
63  -1.481777e+09  1.697650e+07
ENDPROP
STARTPROP
MASSES:  4.200000e-03   4.200000e-03
SOURCE: WWGAM_5
SINKS: GAM_5
0  1.620498e+10  6.968537e+01
1  4.425809e+09  -2.183803e+07
2  3.383529e+09  -7.472353e+06
3  3.321845e+09  -1.337527e+07
4  1.910005e+09  6.937293e+06
5  1.883454e+09  2.063824e+06
6  1.752310e+09  8.710205e+06
7  1.061792e+09  -8.965342e+06
8  1.174796e+09  1.820715e+06
9  7.656147e+08  -1.232202e+07
10  8.235983e+08  4.765587e+06
11  6.873032e+08  -1.996171e+06
12  6.081140e+08  5.045976e+06
13  5.606145e+08  -1.203700e+06
14  4.081990e+08  3.363340e+06
15  3.392635e+08  1.003543e+06
16  2.938975e+08  1.077416e+06
17  2.019658e+08  -2.739824e+06
18  1.760518e+08  -2.468947e+05
19  2.066352e+08  3.996859e+05
20  1.525458e+08  -4.607847e+05
21  1.311324e+08  7.002497e+05
22  8.177132e+07  -1.359237e+05
23  8.053801e+07  2.741829e+05
24  7.632106e+07  3.446418e+05
25  5.128219e+07  3.436882e+05
26  5.126573e+07  -7.590790e+04
27  4.659481e+07  4.692829e+05
28  4.384899e+07  6.961184e+04
29  3.309988e+07  1.314125e+05
30  3.021378e+07  5.003969e+05
31  3.176421e+07  -1.938028e+04
32  2.862389e+07  2.396446e+05
33  2.793401e+07  4.337617e+05
34  3.123233e+07  4.201702e+04
35  3.151703e+07  4.185848e+04
36  3.478340e+07  4.795686e+05
37  4.012867e+07  6.460842e+04
38  4.480159e+07  1.714758e+05
39  6.182211e+07  1.377493e+06
40  6.050220e+07  6.558018e+05
41  8.271295e+07  7.959021e+05
42  1.198319e+08  1.211851e+06
43  1.259640e+08  6.253931e+05
44  1.152402e+08  3.959704e+05
45  1.654615e+08  -1.014285e+05
46  2.150458e+08  1.498651e+06
47  2.020833e+08  4.102065e+05
48  2.322314e+08  -8.365087e+05
49  2.818934e+08  1.043807e+06
50  3.444412e+08  -1.791449e+06
51  4.484311e+08  -2.476128e+06
52  4.817935e+08  -1.000299e+06
53  6.152128e+08  -8.670028e+06
54  9.487413e+08  5.133445e+06
55  9.734220e+08  1.149391e+06
56  1.256455e+09  7.292528e+05
57  1.691180e+09  -1.052957e+06
58  1.471780e+09  -5.133688e+06
59  2.268530e+09  3.465853e+06
60  2.458766e+09  2.034461e+06
61  3.140303e+09  1.719137e+07
62  3.101686e+09  -8.523955e+05
63  4.489544e+09  -1.851084e+06
ENDPROP
