STARTPROP
MASSES:  4.500000e-02   4.200000e-03
SOURCE: GAM_1
SINKS: GAM_1
0  1.215839e+06  -1.042190e+04
1  1.929337e+06  -6.197969e+03
2  8.920527e+05  -6.626636e+03
3  4.750431e+05  3.804364e+03
4  2.656483e+05  5.413316e+03
5  1.459629e+05  4.906053e+03
6  8.065167e+04  4.141846e+03
7  3.956518e+04  4.040111e+03
8  1.688664e+04  3.321810e+03
9  8.351908e+03  1.321845e+03
10  3.841394e+03  5.464046e+02
11  2.365105e+03  7.625591e+02
12  1.883308e+03  4.905201e+02
13  1.234694e+03  3.163833e+02
14  4.956394e+02  4.004155e+02
15  2.213191e+02  4.676763e+02
16  1.353114e+02  2.666862e+02
17  1.480804e+02  1.889577e+02
18  8.752070e+01  1.302522e+02
19  2.771872e+01  3.737273e+01
20  7.517149e+00  -3.957512e+01
21  1.403176e+01  -4.587058e+01
22  1.771667e+01  -2.303066e+01
23  1.968135e+01  3.452436e+00
24  1.244639e+01  6.989034e+00
25  8.486931e-01  2.648222e+00
26  -5.506804e+00  -6.221870e-01
27  -6.550529e+00  -2.493458e+00
28  -6.610867e+00  -4.480941e+00
29  -5.533431e+00  -3.911821e+00
30  -4.382366e+00  -1.353506e+00
31  -1.508399e+00  9.474857e-02
32  1.955344e-02  9.254438e-02
33  -7.141068e-02  -1.826497e+00
34  -1.671907e+00  -3.094238e+00
35  -5.915703e+00  -4.721514e+00
36  -9.607007e+00  -6.683355e+00
37  -8.697612e+00  -7.060997e+00
38  -6.467563e+00  -6.584190e+00
39  -2.421585e+00  -5.518089e+00
40  6.826474e-02  -5.738808e+00
41  1.285511e+01  6.461708e+00
42  2.209032e+01  4.371751e+00
43  2.411623e+01  1.488583e+01
44  -1.970082e+01  2.774242e+01
45  -3.630990e+01  6.961278e+00
46  5.541830e+01  -6.067748e+01
47  1.507388e+02  -1.392349e+02
48  1.145157e+02  -3.580024e+02
49  -5.252352e+01  -5.334573e+02
50  9.877582e+01  -8.619090e+02
51  1.968615e+02  -1.464710e+03
52  2.121055e+02  -1.581076e+03
53  1.916402e+03  -1.778573e+03
54  5.777923e+03  -1.834697e+03
55  1.099012e+04  -2.312539e+03
56  1.904226e+04  -2.663859e+03
57  3.295027e+04  -1.079221e+03
58  5.988046e+04  -1.415254e+03
59  1.148110e+05  1.148508e+03
60  2.278335e+05  1.929094e+03
61  4.405641e+05  -1.151759e+02
62  8.651544e+05  -3.092285e+03
63  1.921076e+06  -9.123526e+03
ENDPROP
STARTPROP
MASSES:  4.500000e-02   4.200000e-03
SOURCE: GAM_2
SINKS: GAM_2
0  1.241363e+06  6.556924e+03
1  1.943707e+06  1.031990e+04
2  8.882329e+05  6.262627e+03
3  4.737333e+05  5.947624e+03
4  2.545471e+05  -3.934717e+02
5  1.314514e+05  -5.342506e+03
6  7.249272e+04  -3.648694e+03
7  3.841026e+04  -2.778123e+03
8  1.763188e+04  -2.158056e+03
9  7.205339e+03  -1.231789e+03
10  3.170321e+03  -2.043078e+02
11  1.448043e+03  5.749747e+02
12  5.986982e+02  8.714156e+02
13  6.680662e+02  5.298216e+02
14  6.219741e+02  1.315935e+02
15  4.234635e+02  -2.788273e+00
16  2.704212e+02  -1.188812e+02
17  5.514159e+01  -1.529400e+02
18  -2.010735e+01  -8.090105e+01
19  -1.351640e+01  -7.358693e+01
20  1.193229e+01  -6.160652e+01
21  1.982532e+01  -1.925514e+01
22  2.568239e+01  -1.649938e+01
23  2.595321e+01  -1.506928e+01
24  2.321513e+01  -1.441898e+01
25  1.838408e+01  -1.328411e+01
26  1.363404e+01  -6.056998e+00
27  9.154137e+00  -1.181127e+00
28  6.734537e+00  4.477576e+00
29  5.176869e+00  4.125885e+00
30  4.075954e+00  1.501597e+00
31  3.748580e+00  2.397739e-02
32  3.194181e+00  -8.788380e-01
33  2.673144e+00  -3.684752e-01
34  2.641940e+00  7.657027e-01
35  2.012088e+00  4.225581e-01
36  9.195143e-01  1.965912e+00
37  -1.339253e+00  5.034809e+00
38  -4.510688e+00  6.471960e+00
39  -1.763497e+01  7.414645e+00
40  -3.784602e+01  8.179642e+00
41  -4.848850e+01  1.792906e+01
42  -5.793351e+01  2.534579e+01
43  -8.669841e+01  2.363308e+01
44  -1.120722e+02  3.783189e+01
45  -9.634777e+01  4.028612e+01
46  6.268608e+00  1.841441e+01
47  2.058340e+02  5.405975e+01
48  6.200101e+02  8.699830e+01
49  1.012998e+03  1.473101e+02
50  1.528603e+03  2.140834e+02
51  2.341538e+03  1.117501e+02
52  2.867930e+03  5.818369e+02
53  4.081862e+03  5.309386e+02
54  6.822472e+03  7.816261e+02
55  1.282026e+04  1.969976e+03
56  2.421889e+04  1.757968e+03
57  4.225851e+04  6.165994e+01
58  7.031529e+04  -2.047030e+03
59  1.261867e+05  -1.626995e+03
60  2.339442e+05  2.412816e+03
61  4.582585e+05  1.004791e+04
62  8.973719e+05  1.961678e+04
63  1.964502e+06  9.845327e+03
ENDPROP
STARTPROP
MASSES:  4.500000e-02   4.200000e-03
SOURCE: GAM_3
SINKS: GAM_3
0  1.257241e+06  2.458228e+03
1  1.955478e+06  4.486356e+03
2  8.981018e+05  3.608349e+03
3  4.773225e+05  4.265314e+03
4  2.502895e+05  3.380484e+03
5  1.329802e+05  3.745197e+03
6  7.171179e+04  5.673745e+03
7  3.662783e+04  4.109677e+03
8  2.010048e+04  2.375492e+03
9  1.095165e+04  -2.536013e+02
10  6.017143e+03  -7.131209e+02
11  4.165938e+03  -3.541525e+02
12  2.536794e+03  -1.907860e+02
13  1.019248e+03  1.763118e+01
14  1.733995e+02  1.592105e+02
15  -2.274095e+02  1.688787e+02
16  -3.043612e+02  1.530461e+02
17  -2.070323e+02  7.554925e+01
18  -1.789377e+02  7.776925e+01
19  -1.044344e+02  1.842217e+01
20  -5.730117e+01  -9.139015e+00
21  -3.492854e+01  -4.554906e+00
22  -4.402135e+01  8.445198e+00
23  -4.289849e+01  1.437342e+01
24  -4.057835e+01  1.763585e+01
25  -3.718238e+01  1.616372e+01
26  -3.080116e+01  1.021891e+01
27  -2.596289e+01  6.353609e+00
28  -1.950741e+01  3.821704e+00
29  -1.271634e+01  1.150108e+00
30  -7.342939e+00  -5.386025e-01
31  -2.947809e+00  -1.677587e-01
32  -9.200333e-01  1.236491e+00
33  -8.333900e-01  2.535648e+00
34  -7.400034e-01  4.913021e+00
35  -6.125965e-01  7.318749e+00
36  2.784413e-01  8.527703e+00
37  -2.986849e+00  1.005718e+01
38  -4.787653e+00  9.325063e+00
39  -2.489634e+00  9.411062e+00
40  4.016757e+00  1.675552e+01
41  5.238787e+00  1.581772e+01
42  1.831258e+01  1.621376e+01
43  2.892903e+01  2.359889e+01
44  7.028927e+01  3.501037e+01
45  1.085074e+02  2.372673e+01
46  1.050476e+02  -9.865893e+00
47  9.578461e+01  -1.748795e+01
48  3.360632e+01  -2.293160e+01
49  -1.065629e+01  2.156052e+02
50  -7.671218e+01  4.183841e+02
51  1.980837e+02  7.765824e+02
52  5.945367e+02  1.520725e+03
53  1.503853e+03  1.453171e+03
54  4.193694e+03  1.297474e+03
55  9.765251e+03  1.411625e+03
56  1.806386e+04  2.778002e+03
57  3.337982e+04  2.980001e+03
58  6.113603e+04  4.763970e+03
59  1.184954e+05  1.074314e+04
60  2.325698e+05  1.445293e+04
61  4.655728e+05  2.266673e+04
62  9.069018e+05  1.426764e+04
63  1.970972e+06  4.015986e+03
ENDPROP
STARTPROP
MASSES:  4.500000e-02   4.200000e-03
SOURCE: GAM_4
SINKS: GAM_4
0  2.123508e+06  -1.988841e+03
1  -3.023086e+05  -6.117478e+03
2  -1.232889e+04  5.893586e+03
3  -1.513768e+04  5.410653e+03
4  -5.763256e+03  7.850619e+03
5  -5.735067e+03  5.528992e+03
6  -4.093026e+03  3.347699e+03
7  -3.078880e+03  1.761727e+03
8  -2.152606e+03  1.020873e+03
9  -6.903500e+02  4.390003e+02
10  -5.416225e+02  2.513409e+02
11  -1.523635e+02  1.599957e+02
12  3.709663e+01  -1.082012e+02
13  2.689546e+02  -3.861604e+01
14  2.199342e+02  -6.461428e+01
15  1.879993e+02  -3.431387e+01
16  1.293507e+02  -2.163149e+01
17  1.435312e+02  2.069311e+00
18  7.975056e+01  -1.162903e+01
19  6.234591e+01  -2.130622e+01
20  6.287665e+01  -1.787305e+01
21  3.243868e+01  -1.571303e+01
22  1.967038e+01  -1.230110e+01
23  1.472716e+01  -4.576267e+00
24  8.085817e+00  -1.497962e+00
25  4.814045e+00  9.007225e-01
26  1.763641e+00  1.629938e+00
27  5.713649e-01  1.155518e+00
28  -9.169963e-01  -3.150463e-01
29  -1.282265e+00  -1.887958e-01
30  -1.642083e+00  -9.072891e-01
31  -1.551750e+00  -1.719575e+00
32  -6.106255e-01  -1.285334e+00
33  -9.951911e-01  -1.137445e+00
34  -5.051043e-01  -2.992360e-01
35  -1.225433e-01  1.641336e-01
36  6.263675e-02  1.034418e+00
37  -7.762447e-02  1.647654e+00
38  1.571485e+00  6.196219e+00
39  2.163458e+00  9.547694e+00
40  2.743614e+00  1.616960e+01
41  9.532668e+00  3.311277e+01
42  1.226207e+01  3.680814e+01
43  1.525965e+01  5.760072e+01
44  1.216447e+01  8.821296e+01
45  4.200623e+01  1.219939e+02
46  5.776427e+01  1.524913e+02
47  1.239145e+02  1.784177e+02
48  2.335654e+02  2.209447e+02
49  2.597374e+02  2.522652e+02
50  3.747997e+02  3.607045e+02
51  2.880404e+02  4.232659e+02
52  5.238639e+02  5.044802e+02
53  4.792931e+02  7.651905e+02
54  6.423204e+02  4.343040e+02
55  1.165499e+03  3.975553e+02
56  1.271669e+03  1.347503e+02
57  5.179903e+02  1.399755e+02
58  -1.152438e+03  -9.982665e+02
59  -2.860185e+03  1.026376e+02
60  -4.937469e+03  2.319492e+02
61  -9.984811e+03  5.706465e+02
62  -1.798098e+04  3.095430e+03
63  -3.090993e+05  4.706572e+03
ENDPROP
STARTPROP
MASSES:  4.500000e-02   4.200000e-03
SOURCE: GAM_5
SINKS: GAM_5
0  7.116171e+06  -2.329928e+04
1  7.124516e+06  -1.817513e+04
2  4.956121e+06  -2.916612e+04
3  3.457189e+06  -2.232302e+04
4  2.428094e+06  -2.282961e+04
5  1.701517e+06  -1.393543e+04
6  1.191797e+06  -1.082697e+04
7  8.468061e+05  -8.547450e+03
8  5.900009e+05  -4.801848e+03
9  4.076761e+05  -1.632347e+03
10  2.751566e+05  -1.047825e+03
11  1.844164e+05  -1.518813e+03
12  1.254584e+05  -1.708884e+03
13  8.589599e+04  -8.018620e+02
14  5.795400e+04  2.128102e+02
15  4.071551e+04  7.699115e+02
16  2.874324e+04  8.540070e+02
17  1.993563e+04  1.036384e+03
18  1.351177e+04  1.001747e+03
19  9.035520e+03  7.809404e+02
20  6.103609e+03  5.301428e+02
21  4.114047e+03  3.749429e+02
22  2.837983e+03  2.703422e+02
23  1.979525e+03  1.921816e+02
24  1.370730e+03  1.575612e+02
25  9.555437e+02  1.401788e+02
26  6.681043e+02  1.012527e+02
27  4.835100e+02  6.743966e+01
28  3.565411e+02  4.147133e+01
29  2.677847e+02  2.329302e+01
30  2.023561e+02  1.354981e+01
31  1.604812e+02  7.774475e+00
32  1.413457e+02  4.816549e+00
33  1.451471e+02  4.085528e+00
34  1.751572e+02  2.526265e+00
35  2.284245e+02  1.403569e+00
36  3.084846e+02  3.519800e+00
37  4.356852e+02  1.212366e+01
38  6.292546e+02  2.737757e+01
39  9.069617e+02  5.793337e+01
40  1.350635e+03  1.120382e+02
41  2.049773e+03  1.746219e+02
42  2.993531e+03  1.816246e+02
43  4.331184e+03  1.768738e+02
44  6.203778e+03  2.589965e+02
45  9.060492e+03  3.863480e+02
46  1.314787e+04  4.616107e+02
47  1.924503e+04  7.985634e+02
48  2.805378e+04  1.610473e+03
49  4.071820e+04  2.738557e+03
50  5.877931e+04  4.308283e+03
51  8.437223e+04  6.019270e+03
52  1.237910e+05  7.666052e+03
53  1.795218e+05  8.836548e+03
54  2.595738e+05  9.854548e+03
55  3.766082e+05  1.440326e+04
56  5.463355e+05  2.027886e+04
57  7.743170e+05  2.303959e+04
58  1.113649e+06  2.331705e+04
59  1.626423e+06  2.780680e+04
60  2.355031e+06  2.809895e+04
61  3.361187e+06  2.625481e+04
62  4.765817e+06  1.867871e+04
63  6.960675e+06  -9.014751e+03
ENDPROP
STARTPROP
MASSES:  4.500000e-02   4.200000e-03
SOURCE: GAM_12
SINKS: GAM_12
0  8.429331e+05  7.551852e+03
1  -6.770617e+05  -3.296507e+03
2  -1.503038e+05  2.790317e+03
3  -5.746241e+04  -6.086193e+03
4  -2.435333e+04  -2.361245e+02
5  -9.220994e+03  3.248847e+03
6  -2.622931e+03  2.258285e+03
7  -3.061574e+02  1.753211e+03
8  5.445692e+02  2.501913e+03
9  9.099130e+02  1.284612e+03
10  7.092305e+01  1.258449e+02
11  4.803210e+02  -5.221302e+02
12  4.907201e+02  -1.069789e+02
13  7.134773e+01  2.160395e+02
14  -8.865881e+01  -2.134303e+01
15  -2.173503e+02  4.303290e+01
16  -2.133935e+02  3.627947e+01
17  -1.972075e+02  2.812484e+00
18  -1.119154e+02  -2.233680e+01
19  -4.714565e+01  -4.538697e+01
20  -2.089988e+01  -2.021140e+01
21  -2.197499e+01  -7.125662e-01
22  -7.930389e+00  -1.507729e+00
23  -5.900162e+00  -3.046785e+00
24  -2.760808e+00  -3.539391e+00
25  2.715139e+00  -6.941042e+00
26  -3.919790e-01  -2.956280e+00
27  -8.772495e-01  1.978277e-02
28  -1.728621e+00  5.290896e-02
29  -1.425583e+00  2.119457e+00
30  -1.630828e-01  2.514489e+00
31  -1.130417e-01  2.377960e+00
32  3.232051e-01  2.528472e+00
33  1.444975e+00  1.898744e+00
34  2.370754e+00  7.477460e-01
35  3.313355e+00  -5.079958e-01
36  3.435654e+00  -1.521719e+00
37  5.342976e+00  -2.141481e+00
38  6.204481e+00  -4.978388e+00
39  6.666383e+00  -9.214896e+00
40  4.636274e+00  -1.386419e+01
41  1.671712e+00  -1.667200e+01
42  4.413833e+00  -7.710351e+00
43  -1.470714e+00  1.703033e+00
44  -1.385052e+01  8.938698e+00
45  -4.064287e+01  -1.205539e+01
46  -7.048236e+01  -3.629685e+01
47  -8.739731e+01  9.936172e+00
48  -7.692145e+01  5.107062e+01
49  -4.374103e+01  -2.451881e+00
50  5.968510e+01  2.159500e+01
51  -5.848739e+00  -1.742245e+02
52  8.092499e+01  -1.742879e+02
53  -7.467698e+01  -1.153046e+02
54  -1.065313e+03  -3.694116e+02
55  -1.622928e+03  -5.916236e+02
56  -2.551816e+03  -1.648514e+03
57  -5.228951e+03  -1.366679e+03
58  -1.055417e+04  3.570199e+02
59  -1.651955e+04  5.257165e+02
60  -3.310617e+04  1.143027e+03
61  -7.819489e+04  2.518889e+03
62  -1.796005e+05  6.848001e+03
63  -7.018096e+05  1.147823e+04
ENDPROP
STARTPROP
MASSES:  4.500000e-02   4.200000e-03
SOURCE: GAM_21
SINKS: GAM_21
0  8.429331e+05  7.551852e+03
1  -6.770617e+05  -3.296507e+03
2  -1.503038e+05  2.790317e+03
3  -5.746241e+04  -6.086193e+03
4  -2.435333e+04  -2.361245e+02
5  -9.220994e+03  3.248847e+03
6  -2.622931e+03  2.258285e+03
7  -3.061574e+02  1.753211e+03
8  5.445692e+02  2.501913e+03
9  9.099130e+02  1.284612e+03
10  7.092305e+01  1.258449e+02
11  4.803210e+02  -5.221302e+02
12  4.907201e+02  -1.069789e+02
13  7.134773e+01  2.160395e+02
14  -8.865881e+01  -2.134303e+01
15  -2.173503e+02  4.303290e+01
16  -2.133935e+02  3.627947e+01
17  -1.972075e+02  2.812484e+00
18  -1.119154e+02  -2.233680e+01
19  -4.714565e+01  -4.538697e+01
20  -2.089988e+01  -2.021140e+01
21  -2.197499e+01  -7.125662e-01
22  -7.930389e+00  -1.507729e+00
23  -5.900162e+00  -3.046785e+00
24  -2.760808e+00  -3.539391e+00
25  2.715139e+00  -6.941042e+00
26  -3.919790e-01  -2.956280e+00
27  -8.772495e-01  1.978277e-02
28  -1.728621e+00  5.290896e-02
29  -1.425583e+00  2.119457e+00
30  -1.630828e-01  2.514489e+00
31  -1.130417e-01  2.377960e+00
32  3.232051e-01  2.528472e+00
33  1.444975e+00  1.898744e+00
34  2.370754e+00  7.477460e-01
35  3.313355e+00  -5.079958e-01
36  3.435654e+00  -1.521719e+00
37  5.342976e+00  -2.141481e+00
38  6.204481e+00  -4.978388e+00
39  6.666383e+00  -9.214896e+00
40  4.636274e+00  -1.386419e+01
41  1.671712e+00  -1.667200e+01
42  4.413833e+00  -7.710351e+00
43  -1.470714e+00  1.703033e+00
44  -1.385052e+01  8.938698e+00
45  -4.064287e+01  -1.205539e+01
46  -7.048236e+01  -3.629685e+01
47  -8.739731e+01  9.936172e+00
48  -7.692145e+01  5.107062e+01
49  -4.374103e+01  -2.451881e+00
50  5.968510e+01  2.159500e+01
51  -5.848739e+00  -1.742245e+02
52  8.092499e+01  -1.742879e+02
53  -7.467698e+01  -1.153046e+02
54  -1.065313e+03  -3.694116e+02
55  -1.622928e+03  -5.916236e+02
56  -2.551816e+03  -1.648514e+03
57  -5.228951e+03  -1.366679e+03
58  -1.055417e+04  3.570199e+02
59  -1.651955e+04  5.257165e+02
60  -3.310617e+04  1.143027e+03
61  -7.819489e+04  2.518889e+03
62  -1.796005e+05  6.848001e+03
63  -7.018096e+05  1.147823e+04
ENDPROP
STARTPROP
MASSES:  4.500000e-02   4.200000e-03
SOURCE: GAM_13
SINKS: GAM_13
0  7.933974e+05  5.072321e+03
1  -7.082120e+05  -1.152566e+04
2  -1.589373e+05  -9.906362e+03
3  -5.569868e+04  -9.372893e+03
4  -1.856480e+04  -6.683271e+03
5  -7.611928e+03  -6.300032e+03
6  -4.364299e+03  -2.591806e+03
7  -4.111844e+03  -1.974573e+03
8  -2.836129e+03  -3.573510e+02
9  -1.821707e+03  -3.878741e+02
10  -1.708480e+03  -4.439290e+02
11  -1.322855e+03  -9.497480e+02
12  -2.094181e+02  -9.647868e+02
13  8.457447e+01  -7.660446e+02
14  9.851787e+01  -5.417540e+02
15  1.552345e+02  -4.047399e+02
16  4.705524e+01  -2.615024e+02
17  -5.924059e+01  -9.989115e+01
18  -2.957240e+01  -5.209551e+01
19  -2.646048e+00  -4.244305e+01
20  1.207669e+01  -1.128624e+01
21  3.087973e+01  1.676079e+01
22  2.078012e+01  1.911148e+01
23  3.328509e+00  4.876810e+00
24  5.793232e-02  2.409235e+00
25  9.737969e-01  2.830747e+00
26  6.388890e+00  2.398383e+00
27  4.141721e+00  1.283232e+00
28  8.417076e-01  7.572378e-01
29  -1.257445e+00  1.284729e+00
30  -2.164951e+00  9.873778e-01
31  -1.605196e+00  1.080353e+00
32  -1.597932e+00  2.378025e-01
33  -1.478531e+00  3.579585e-01
34  -3.342815e-01  7.008626e-02
35  1.469298e+00  -1.959936e-01
36  3.250350e+00  -3.990245e-01
37  3.065337e+00  1.299219e-01
38  5.600695e+00  3.260497e+00
39  4.909524e+00  1.169720e+00
40  4.475231e+00  -1.438032e+00
41  3.355358e+00  9.117605e-01
42  1.019120e+01  -1.430747e+01
43  1.933438e+01  -2.764802e+01
44  2.464924e+01  -1.177109e+01
45  2.293736e+01  2.431303e+01
46  5.392520e+01  5.806252e+01
47  9.039018e+01  1.542821e+02
48  1.062495e+02  1.257773e+02
49  1.939655e+02  9.365155e+01
50  3.404866e+02  -1.145943e+02
51  3.902183e+02  -4.380759e+02
52  5.340140e+02  -5.558399e+02
53  9.070207e+02  -1.867163e+02
54  9.652003e+02  4.524370e+02
55  4.019332e+02  1.314547e+03
56  -8.236086e+02  2.498231e+03
57  -5.159669e+03  3.556280e+03
58  -1.311407e+04  3.389859e+03
59  -2.325396e+04  3.384612e+03
60  -4.830386e+04  2.395133e+03
61  -8.645044e+04  5.342021e+03
62  -1.835121e+05  7.857792e+03
63  -7.269880e+05  2.929304e+03
ENDPROP
STARTPROP
MASSES:  4.500000e-02   4.200000e-03
SOURCE: GAM_31
SINKS: GAM_31
0  7.933974e+05  5.072321e+03
1  -7.082120e+05  -1.152566e+04
2  -1.589373e+05  -9.906362e+03
3  -5.569868e+04  -9.372893e+03
4  -1.856480e+04  -6.683271e+03
5  -7.611928e+03  -6.300032e+03
6  -4.364299e+03  -2.591806e+03
7  -4.111844e+03  -1.974573e+03
8  -2.836129e+03  -3.573510e+02
9  -1.821707e+03  -3.878741e+02
10  -1.708480e+03  -4.439290e+02
11  -1.322855e+03  -9.497480e+02
12  -2.094181e+02  -9.647868e+02
13  8.457447e+01  -7.660446e+02
14  9.851787e+01  -5.417540e+02
15  1.552345e+02  -4.047399e+02
16  4.705524e+01  -2.615024e+02
17  -5.924059e+01  -9.989115e+01
18  -2.957240e+01  -5.209551e+01
19  -2.646048e+00  -4.244305e+01
20  1.207669e+01  -1.128624e+01
21  3.087973e+01  1.676079e+01
22  2.078012e+01  1.911148e+01
23  3.328509e+00  4.876810e+00
24  5.793232e-02  2.409235e+00
25  9.737969e-01  2.830747e+00
26  6.388890e+00  2.398383e+00
27  4.141721e+00  1.283232e+00
28  8.417076e-01  7.572378e-01
29  -1.257445e+00  1.284729e+00
30  -2.164951e+00  9.873778e-01
31  -1.605196e+00  1.080353e+00
32  -1.597932e+00  2.378025e-01
33  -1.478531e+00  3.579585e-01
34  -3.342815e-01  7.008626e-02
35  1.469298e+00  -1.959936e-01
36  3.250350e+00  -3.990245e-01
37  3.065337e+00  1.299219e-01
38  5.600695e+00  3.260497e+00
39  4.909524e+00  1.169720e+00
40  4.475231e+00  -1.438032e+00
41  3.355358e+00  9.117605e-01
42  1.019120e+01  -1.430747e+01
43  1.933438e+01  -2.764802e+01
44  2.464924e+01  -1.177109e+01
45  2.293736e+01  2.431303e+01
46  5.392520e+01  5.806252e+01
47  9.039018e+01  1.542821e+02
48  1.062495e+02  1.257773e+02
49  1.939655e+02  9.365155e+01
50  3.404866e+02  -1.145943e+02
51  3.902183e+02  -4.380759e+02
52  5.340140e+02  -5.558399e+02
53  9.070207e+02  -1.867163e+02
54  9.652003e+02  4.524370e+02
55  4.019332e+02  1.314547e+03
56  -8.236086e+02  2.498231e+03
57  -5.159669e+03  3.556280e+03
58  -1.311407e+04  3.389859e+03
59  -2.325396e+04  3.384612e+03
60  -4.830386e+04  2.395133e+03
61  -8.645044e+04  5.342021e+03
62  -1.835121e+05  7.857792e+03
63  -7.269880e+05  2.929304e+03
ENDPROP
STARTPROP
MASSES:  4.500000e-02   4.200000e-03
SOURCE: GAM_14
SINKS: GAM_14
0  3.572458e+04  -7.686688e+03
1  1.342725e+06  -4.789422e+03
2  5.462398e+05  -3.238114e+03
3  2.879576e+05  -4.059163e+03
4  1.524709e+05  -1.341207e+03
5  7.631652e+04  -1.780481e+03
6  3.739498e+04  -3.388431e+03
7  1.828578e+04  -2.842645e+03
8  7.464934e+03  -1.782915e+03
9  2.032566e+03  -1.623189e+03
10  4.980908e+02  -1.131369e+03
11  -8.757363e+01  9.611902e+01
12  -6.073650e+02  4.051833e+02
13  -1.348831e+02  4.714865e+02
14  -2.407278e+02  3.591107e+02
15  -2.586628e+02  2.651577e+02
16  -1.387314e+02  3.064469e+02
17  -8.594909e+01  2.130876e+02
18  -1.620676e+01  1.671052e+02
19  -4.658759e+01  5.445353e+01
20  -4.333490e+01  1.375908e+01
21  -1.424333e+01  5.408210e+00
22  1.005946e+00  -4.669313e+00
23  6.580635e+00  -4.571489e+00
24  4.345631e+00  -3.468600e+00
25  -1.624724e+00  -2.402251e+00
26  -5.968336e+00  -4.360554e+00
27  -5.611630e+00  -2.997567e+00
28  -5.805483e+00  -2.067943e+00
29  -3.561672e+00  -1.235825e-01
30  -1.948493e+00  1.253119e+00
31  -9.894290e-01  1.303720e+00
32  -1.310652e+00  1.577566e+00
33  -2.119978e+00  1.557957e+00
34  -2.961547e+00  1.882844e+00
35  -2.395918e+00  2.543569e+00
36  -2.547412e+00  2.056949e+00
37  -3.207725e+00  8.572995e-01
38  -4.996073e+00  -1.269922e+00
39  -6.348752e+00  -5.095895e-01
40  -8.601932e+00  5.867886e+00
41  -8.579525e+00  1.421146e+01
42  -5.523889e+00  1.697932e+01
43  1.840717e+00  1.174604e+01
44  -1.563432e+01  2.099245e+01
45  -4.766132e+00  4.171943e+01
46  -4.106617e+01  4.604624e+01
47  -2.485368e+00  6.078454e+01
48  1.933957e+01  6.316037e+01
49  1.187934e+02  3.495191e+01
50  -1.993384e+01  -8.099114e+01
51  -7.337960e+01  -2.057174e+02
52  -5.274892e+02  -1.023263e+02
53  -4.833153e+02  4.889875e+02
54  4.329934e+02  9.729159e+02
55  2.901169e+03  1.086828e+03
56  7.122143e+03  1.281752e+03
57  1.472097e+04  3.931786e+02
58  3.061338e+04  -3.091318e+02
59  6.685202e+04  8.959342e+02
60  1.344974e+05  3.721719e+02
61  2.714152e+05  1.025841e+03
62  5.513890e+05  4.677416e+03
63  1.344185e+06  3.517926e+02
ENDPROP
STARTPROP
MASSES:  4.500000e-02   4.200000e-03
SOURCE: GAM_41
SINKS: GAM_41
0  3.572458e+04  -7.686688e+03
1  1.342725e+06  -4.789422e+03
2  5.462398e+05  -3.238114e+03
3  2.879576e+05  -4.059163e+03
4  1.524709e+05  -1.341207e+03
5  7.631652e+04  -1.780481e+03
6  3.739498e+04  -3.388431e+03
7  1.828578e+04  -2.842645e+03
8  7.464934e+03  -1.782915e+03
9  2.032566e+03  -1.623189e+03
10  4.980908e+02  -1.131369e+03
11  -8.757363e+01  9.611902e+01
12  -6.073650e+02  4.051833e+02
13  -1.348831e+02  4.714865e+02
14  -2.407278e+02  3.591107e+02
15  -2.586628e+02  2.651577e+02
16  -1.387314e+02  3.064469e+02
17  -8.594909e+01  2.130876e+02
18  -1.620676e+01  1.671052e+02
19  -4.658759e+01  5.445353e+01
20  -4.333490e+01  1.375908e+01
21  -1.424333e+01  5.408210e+00
22  1.005946e+00  -4.669313e+00
23  6.580635e+00  -4.571489e+00
24  4.345631e+00  -3.468600e+00
25  -1.624724e+00  -2.402251e+00
26  -5.968336e+00  -4.360554e+00
27  -5.611630e+00  -2.997567e+00
28  -5.805483e+00  -2.067943e+00
29  -3.561672e+00  -1.235825e-01
30  -1.948493e+00  1.253119e+00
31  -9.894290e-01  1.303720e+00
32  -1.310652e+00  1.577566e+00
33  -2.119978e+00  1.557957e+00
34  -2.961547e+00  1.882844e+00
35  -2.395918e+00  2.543569e+00
36  -2.547412e+00  2.056949e+00
37  -3.207725e+00  8.572995e-01
38  -4.996073e+00  -1.269922e+00
39  -6.348752e+00  -5.095895e-01
40  -8.601932e+00  5.867886e+00
41  -8.579525e+00  1.421146e+01
42  -5.523889e+00  1.697932e+01
43  1.840717e+00  1.174604e+01
44  -1.563432e+01  2.099245e+01
45  -4.766132e+00  4.171943e+01
46  -4.106617e+01  4.604624e+01
47  -2.485368e+00  6.078454e+01
48  1.933957e+01  6.316037e+01
49  1.187934e+02  3.495191e+01
50  -1.993384e+01  -8.099114e+01
51  -7.337960e+01  -2.057174e+02
52  -5.274892e+02  -1.023263e+02
53  -4.833153e+02  4.889875e+02
54  4.329934e+02  9.729159e+02
55  2.901169e+03  1.086828e+03
56  7.122143e+03  1.281752e+03
57  1.472097e+04  3.931786e+02
58  3.061338e+04  -3.091318e+02
59  6.685202e+04  8.959342e+02
60  1.344974e+05  3.721719e+02
61  2.714152e+05  1.025841e+03
62  5.513890e+05  4.677416e+03
63  1.344185e+06  3.517926e+02
ENDPROP
STARTPROP
MASSES:  4.500000e-02   4.200000e-03
SOURCE: GAM_23
SINKS: GAM_23
0  7.993865e+05  -1.492124e+04
1  -7.011876e+05  -1.531586e+04
2  -1.629818e+05  -1.977499e+03
3  -7.277406e+04  5.090021e+03
4  -3.545577e+04  3.348037e+03
5  -1.612100e+04  -4.343107e+02
6  -4.518108e+03  -1.827761e+03
7  -1.815664e+03  -1.631317e+03
8  5.238342e+02  4.333126e+02
9  1.570703e+03  1.687271e+02
10  1.014252e+03  -7.837289e+01
11  1.955108e+02  -5.412288e+01
12  -1.806826e+02  1.396725e+02
13  -4.394648e+02  2.082606e+02
14  -3.093477e+02  -1.668477e+02
15  -1.863479e+02  -2.028693e+02
16  -2.094320e+02  -1.156479e+02
17  -1.130253e+02  -1.107391e+02
18  -2.158254e+01  -1.375558e+01
19  -1.492885e+01  3.550248e+01
20  -2.773931e+01  3.218243e+01
21  -2.182475e+01  2.862762e+00
22  -1.686581e+01  -7.815608e+00
23  -1.177203e+01  1.229360e+00
24  -2.750575e+00  4.153420e+00
25  -3.740342e+00  7.980098e-01
26  -2.157604e+00  6.867970e-01
27  -2.049643e+00  -2.096264e-01
28  -1.062660e-01  -6.585615e-01
29  -1.012189e+00  1.470515e+00
30  -1.442503e+00  3.446539e+00
31  -1.128013e+00  4.160569e+00
32  -1.276212e+00  3.668808e+00
33  -6.693376e-02  1.963716e+00
34  2.609922e-01  -5.381988e-01
35  8.033893e-01  -2.338756e+00
36  9.741218e-01  -2.659539e+00
37  1.238274e+00  -4.393599e+00
38  4.660156e+00  -5.114057e+00
39  7.376852e+00  -7.841172e+00
40  5.110359e+00  -4.371456e+00
41  3.744019e+00  5.261531e+00
42  -2.836393e+00  9.312730e+00
43  2.179560e+01  1.919664e+01
44  2.867274e+01  4.243210e+01
45  6.082701e+01  2.652586e+01
46  6.769931e+01  -8.280219e+00
47  7.836481e+01  -2.651981e+01
48  3.872369e+01  -4.600282e+01
49  -1.374404e+02  -1.313648e+02
50  -1.956438e+02  -1.098106e+02
51  -2.065829e+02  -2.701470e+02
52  2.648269e+02  -2.025043e+02
53  2.077889e+02  -2.464791e+02
54  -1.017003e+02  -4.313363e+02
55  -1.026220e+03  8.504142e+01
56  -3.131365e+03  3.600320e+02
57  -5.876841e+03  4.074963e+02
58  -1.161096e+04  2.837629e+02
59  -1.927781e+04  -2.983353e+03
60  -3.958984e+04  -6.675963e+03
61  -8.363948e+04  -1.206429e+04
62  -2.003186e+05  -1.754270e+04
63  -7.432410e+05  -1.188227e+04
ENDPROP
STARTPROP
MASSES:  4.500000e-02   4.200000e-03
SOURCE: GAM_32
SINKS: GAM_32
0  7.993865e+05  -1.492124e+04
1  -7.011876e+05  -1.531586e+04
2  -1.629818e+05  -1.977499e+03
3  -7.277406e+04  5.090021e+03
4  -3.545577e+04  3.348037e+03
5  -1.612100e+04  -4.343107e+02
6  -4.518108e+03  -1.827761e+03
7  -1.815664e+03  -1.631317e+03
8  5.238342e+02  4.333126e+02
9  1.570703e+03  1.687271e+02
10  1.014252e+03  -7.837289e+01
11  1.955108e+02  -5.412288e+01
12  -1.806826e+02  1.396725e+02
13  -4.394648e+02  2.082606e+02
14  -3.093477e+02  -1.668477e+02
15  -1.863479e+02  -2.028693e+02
16  -2.094320e+02  -1.156479e+02
17  -1.130253e+02  -1.107391e+02
18  -2.158254e+01  -1.375558e+01
19  -1.492885e+01  3.550248e+01
20  -2.773931e+01  3.218243e+01
21  -2.182475e+01  2.862762e+00
22  -1.686581e+01  -7.815608e+00
23  -1.177203e+01  1.229360e+00
24  -2.750575e+00  4.153420e+00
25  -3.740342e+00  7.980098e-01
26  -2.157604e+00  6.867970e-01
27  -2.049643e+00  -2.096264e-01
28  -1.062660e-01  -6.585615e-01
29  -1.012189e+00  1.470515e+00
30  -1.442503e+00  3.446539e+00
31  -1.128013e+00  4.160569e+00
32  -1.276212e+00  3.668808e+00
33  -6.693376e-02  1.963716e+00
34  2.609922e-01  -5.381988e-01
35  8.033893e-01  -2.338756e+00
36  9.741218e-01  -2.659539e+00
37  1.238274e+00  -4.393599e+00
38  4.660156e+00  -5.114057e+00
39  7.376852e+00  -7.841172e+00
40  5.110359e+00  -4.371456e+00
41  3.744019e+00  5.261531e+00
42  -2.836393e+00  9.312730e+00
43  2.179560e+01  1.919664e+01
44  2.867274e+01  4.243210e+01
45  6.082701e+01  2.652586e+01
46  6.769931e+01  -8.280219e+00
47  7.836481e+01  -2.651981e+01
48  3.872369e+01  -4.600282e+01
49  -1.374404e+02  -1.313648e+02
50  -1.956438e+02  -1.098106e+02
51  -2.065829e+02  -2.701470e+02
52  2.648269e+02  -2.025043e+02
53  2.077889e+02  -2.464791e+02
54  -1.017003e+02  -4.313363e+02
55  -1.026220e+03  8.504142e+01
56  -3.131365e+03  3.600320e+02
57  -5.876841e+03  4.074963e+02
58  -1.161096e+04  2.837629e+02
59  -1.927781e+04  -2.983353e+03
60  -3.958984e+04  -6.675963e+03
61  -8.363948e+04  -1.206429e+04
62  -2.003186e+05  -1.754270e+04
63  -7.432410e+05  -1.188227e+04
ENDPROP
STARTPROP
MASSES:  4.500000e-02   4.200000e-03
SOURCE: GAM_24
SINKS: GAM_24
0  3.240525e+04  -2.389566e+03
1  1.325337e+06  -1.265778e+04
2  5.422984e+05  -1.276778e+04
3  2.970392e+05  -8.860884e+03
4  1.577748e+05  -7.894848e+03
5  8.077716e+04  -4.295538e+03
6  4.735235e+04  -2.358883e+03
7  2.522134e+04  7.558963e+02
8  1.179478e+04  1.528594e+03
9  5.972230e+03  1.987370e+03
10  2.874012e+03  2.028139e+03
11  1.708542e+03  1.394173e+03
12  9.739787e+02  7.265648e+02
13  5.595837e+02  6.299033e+02
14  3.009946e+02  5.088084e+02
15  2.584451e+02  4.722063e+02
16  1.228705e+02  2.519900e+02
17  1.136678e+02  9.794818e+01
18  1.287647e+02  5.437950e+01
19  8.420063e+01  3.458382e+01
20  6.364023e+01  1.907813e+01
21  5.387276e+01  1.952007e+01
22  3.031877e+01  7.086621e+00
23  2.769465e+01  -5.375575e+00
24  2.504500e+01  -2.217241e+00
25  1.694967e+01  -2.883147e+00
26  8.883186e+00  -1.175822e+00
27  6.992973e+00  6.156176e-01
28  7.272068e+00  -4.218314e-01
29  5.482985e+00  -4.653633e-01
30  3.040448e+00  1.230036e+00
31  6.876279e-01  1.463339e+00
32  -6.163140e-01  7.636156e-01
33  3.299828e-01  2.653278e-01
34  7.568892e-01  3.322749e-01
35  2.132406e-01  -1.279158e-01
36  -2.059880e-01  1.790509e+00
37  -1.685294e-01  3.276481e+00
38  8.041760e-01  7.657615e+00
39  1.955314e+00  7.093214e+00
40  -8.089540e+00  1.065511e+00
41  -1.813660e+01  1.571638e+00
42  -2.256873e+01  -4.053532e-01
43  -2.200685e+00  6.377943e+00
44  8.911031e+00  2.248388e+01
45  7.827040e+01  3.447918e+01
46  1.466673e+02  5.280070e+01
47  2.806208e+02  -4.628752e+01
48  4.083927e+02  -1.580887e+02
49  6.420210e+02  -2.420201e+02
50  9.039151e+02  -1.124200e+02
51  1.398246e+03  -3.082570e+01
52  1.949689e+03  6.560933e+01
53  4.169843e+03  -1.361729e+02
54  6.141509e+03  -8.245749e+01
55  9.264634e+03  1.825832e+02
56  1.641942e+04  1.089796e+03
57  2.533233e+04  1.215093e+03
58  4.355765e+04  1.615066e+02
59  7.406210e+04  -4.495115e+02
60  1.495879e+05  -1.330257e+03
61  2.844352e+05  -5.381410e+02
62  5.550319e+05  5.456019e+03
63  1.347985e+06  1.438721e+03
ENDPROP
STARTPROP
MASSES:  4.500000e-02   4.200000e-03
SOURCE: GAM_42
SINKS: GAM_42
0  3.240525e+04  -2.389566e+03
1  1.325337e+06  -1.265778e+04
2  5.422984e+05  -1.276778e+04
3  2.970392e+05  -8.860884e+03
4  1.577748e+05  -7.894848e+03
5  8.077716e+04  -4.295538e+03
6  4.735235e+04  -2.358883e+03
7  2.522134e+04  7.558963e+02
8  1.179478e+04  1.528594e+03
9  5.972230e+03  1.987370e+03
10  2.874012e+03  2.028139e+03
11  1.708542e+03  1.394173e+03
12  9.739787e+02  7.265648e+02
13  5.595837e+02  6.299033e+02
14  3.009946e+02  5.088084e+02
15  2.584451e+02  4.722063e+02
16  1.228705e+02  2.519900e+02
17  1.136678e+02  9.794818e+01
18  1.287647e+02  5.437950e+01
19  8.420063e+01  3.458382e+01
20  6.364023e+01  1.907813e+01
21  5.387276e+01  1.952007e+01
22  3.031877e+01  7.086621e+00
23  2.769465e+01  -5.375575e+00
24  2.504500e+01  -2.217241e+00
25  1.694967e+01  -2.883147e+00
26  8.883186e+00  -1.175822e+00
27  6.992973e+00  6.156176e-01
28  7.272068e+00  -4.218314e-01
29  5.482985e+00  -4.653633e-01
30  3.040448e+00  1.230036e+00
31  6.876279e-01  1.463339e+00
32  -6.163140e-01  7.636156e-01
33  3.299828e-01  2.653278e-01
34  7.568892e-01  3.322749e-01
35  2.132406e-01  -1.279158e-01
36  -2.059880e-01  1.790509e+00
37  -1.685294e-01  3.276481e+00
38  8.041760e-01  7.657615e+00
39  1.955314e+00  7.093214e+00
40  -8.089540e+00  1.065511e+00
41  -1.813660e+01  1.571638e+00
42  -2.256873e+01  -4.053532e-01
43  -2.200685e+00  6.377943e+00
44  8.911031e+00  2.248388e+01
45  7.827040e+01  3.447918e+01
46  1.466673e+02  5.280070e+01
47  2.806208e+02  -4.628752e+01
48  4.083927e+02  -1.580887e+02
49  6.420210e+02  -2.420201e+02
50  9.039151e+02  -1.124200e+02
51  1.398246e+03  -3.082570e+01
52  1.949689e+03  6.560933e+01
53  4.169843e+03  -1.361729e+02
54  6.141509e+03  -8.245749e+01
55  9.264634e+03  1.825832e+02
56  1.641942e+04  1.089796e+03
57  2.533233e+04  1.215093e+03
58  4.355765e+04  1.615066e+02
59  7.406210e+04  -4.495115e+02
60  1.495879e+05  -1.330257e+03
61  2.844352e+05  -5.381410e+02
62  5.550319e+05  5.456019e+03
63  1.347985e+06  1.438721e+03
ENDPROP
STARTPROP
MASSES:  4.500000e-02   4.200000e-03
SOURCE: GAM_34
SINKS: GAM_34
0  2.987138e+04  1.289674e+04
1  1.342976e+06  1.628350e+04
2  5.551499e+05  8.419795e+03
3  3.033275e+05  1.381296e+04
4  1.680637e+05  9.934962e+03
5  9.111177e+04  3.488351e+03
6  5.273628e+04  3.252183e+03
7  2.768834e+04  3.949148e+03
8  1.339510e+04  2.439541e+03
9  6.221392e+03  9.289205e+02
10  3.499614e+03  4.557277e+02
11  1.866134e+03  -1.406845e+02
12  9.528005e+02  -2.012465e+02
13  2.303947e+02  -5.422535e+01
14  -9.912607e+01  -4.615229e+00
15  -1.064471e+02  1.082972e+02
16  4.827203e+00  1.962749e+02
17  1.855075e+01  7.187230e+01
18  1.447379e+01  7.697015e+01
19  1.353175e+01  2.129637e+01
20  -2.292732e+01  1.425788e+01
21  -2.877806e+01  3.552095e+01
22  -1.544924e+01  2.432153e+01
23  -1.691304e+01  1.373884e+01
24  -2.048965e+01  5.753084e+00
25  -1.447666e+01  4.788272e+00
26  -7.110764e+00  2.577541e+00
27  -5.589847e+00  5.976543e+00
28  -1.380383e+00  5.088474e+00
29  7.156838e-01  2.498103e+00
30  5.152102e-01  1.151939e+00
31  5.731666e-01  8.796713e-01
32  7.830977e-01  8.364938e-01
33  8.615751e-01  1.409764e+00
34  3.450757e-01  2.654549e+00
35  -6.760401e-01  2.921648e+00
36  -3.140263e+00  3.642850e+00
37  -2.025156e+00  3.939303e+00
38  7.403436e-01  4.775448e-01
39  -9.539519e-01  -2.540443e+00
40  -2.445878e+00  -2.435346e+00
41  -1.132257e+00  -1.975532e+01
42  7.557869e+00  -3.723940e+01
43  2.072207e+01  -4.822464e+01
44  1.710321e+01  -6.017547e+01
45  1.490555e+01  -6.853407e+01
46  2.450982e+01  -9.859970e+01
47  -7.332784e+01  -4.929884e+01
48  -1.797435e+02  -4.152234e+01
49  -3.801125e+02  -7.843111e+01
50  -4.106328e+02  4.080483e+01
51  -2.700514e+02  -4.405615e+01
52  -1.164933e+02  8.113894e+01
53  4.014147e+02  -3.629719e+02
54  1.933251e+03  -5.406489e+02
55  5.541672e+03  -3.143626e+02
56  1.296326e+04  1.478316e+02
57  2.420148e+04  1.171299e+03
58  4.178436e+04  -6.460006e+02
59  7.899269e+04  3.149468e+03
60  1.515728e+05  5.572856e+03
61  2.968789e+05  8.117757e+03
62  5.696759e+05  9.892018e+03
63  1.350727e+06  1.767857e+04
ENDPROP
STARTPROP
MASSES:  4.500000e-02   4.200000e-03
SOURCE: GAM_43
SINKS: GAM_43
0  2.987138e+04  1.289674e+04
1  1.342976e+06  1.628350e+04
2  5.551499e+05  8.419795e+03
3  3.033275e+05  1.381296e+04
4  1.680637e+05  9.934962e+03
5  9.111177e+04  3.488351e+03
6  5.273628e+04  3.252183e+03
7  2.768834e+04  3.949148e+03
8  1.339510e+04  2.439541e+03
9  6.221392e+03  9.289205e+02
10  3.499614e+03  4.557277e+02
11  1.866134e+03  -1.406845e+02
12  9.528005e+02  -2.012465e+02
13  2.303947e+02  -5.422535e+01
14  -9.912607e+01  -4.615229e+00
15  -1.064471e+02  1.082972e+02
16  4.827203e+00  1.962749e+02
17  1.855075e+01  7.187230e+01
18  1.447379e+01  7.697015e+01
19  1.353175e+01  2.129637e+01
20  -2.292732e+01  1.425788e+01
21  -2.877806e+01  3.552095e+01
22  -1.544924e+01  2.432153e+01
23  -1.691304e+01  1.373884e+01
24  -2.048965e+01  5.753084e+00
25  -1.447666e+01  4.788272e+00
26  -7.110764e+00  2.577541e+00
27  -5.589847e+00  5.976543e+00
28  -1.380383e+00  5.088474e+00
29  7.156838e-01  2.498103e+00
30  5.152102e-01  1.151939e+00
31  5.731666e-01  8.796713e-01
32  7.830977e-01  8.364938e-01
33  8.615751e-01  1.409764e+00
34  3.450757e-01  2.654549e+00
35  -6.760401e-01  2.921648e+00
36  -3.140263e+00  3.642850e+00
37  -2.025156e+00  3.939303e+00
38  7.403436e-01  4.775448e-01
39  -9.539519e-01  -2.540443e+00
40  -2.445878e+00  -2.435346e+00
41  -1.132257e+00  -1.975532e+01
42  7.557869e+00  -3.723940e+01
43  2.072207e+01  -4.822464e+01
44  1.710321e+01  -6.017547e+01
45  1.490555e+01  -6.853407e+01
46  2.450982e+01  -9.859970e+01
47  -7.332784e+01  -4.929884e+01
48  -1.797435e+02  -4.152234e+01
49  -3.801125e+02  -7.843111e+01
50  -4.106328e+02  4.080483e+01
51  -2.700514e+02  -4.405615e+01
52  -1.164933e+02  8.113894e+01
53  4.014147e+02  -3.629719e+02
54  1.933251e+03  -5.406489e+02
55  5.541672e+03  -3.143626e+02
56  1.296326e+04  1.478316e+02
57  2.420148e+04  1.171299e+03
58  4.178436e+04  -6.460006e+02
59  7.899269e+04  3.149468e+03
60  1.515728e+05  5.572856e+03
61  2.968789e+05  8.117757e+03
62  5.696759e+05  9.892018e+03
63  1.350727e+06  1.767857e+04
ENDPROP
STARTPROP
MASSES:  4.500000e-02   4.200000e-03
SOURCE: GAM_15
SINKS: GAM_15
0  -1.427895e+04  2.218989e+04
1  -9.833045e+05  -2.177575e+03
2  -2.736593e+05  -5.895741e+03
3  -1.081527e+05  -6.803442e+03
4  -3.536899e+04  -5.386595e+02
5  -6.305874e+03  3.424052e+03
6  1.829487e+03  1.841277e+03
7  3.960962e+03  -9.131268e+02
8  1.681407e+03  -8.227739e+02
9  5.065917e+02  -9.927627e+02
10  -4.751662e+02  -1.727831e+02
11  -1.469596e+03  4.478851e+02
12  -1.460982e+03  7.117346e+02
13  -1.227607e+03  6.480125e+02
14  -8.356706e+02  2.907970e+02
15  -6.057290e+02  -6.603091e+01
16  -3.916032e+02  -7.854318e+01
17  -2.780669e+02  3.905976e+01
18  -1.599067e+02  1.196463e+02
19  -5.954152e+01  1.213117e+02
20  -1.033519e+01  9.416256e+01
21  -2.014878e+00  5.183988e+01
22  1.612215e+00  2.099150e+01
23  -3.432355e+00  2.191675e+00
24  -1.345867e+01  -8.261962e+00
25  -1.066975e+01  -4.763867e+00
26  -3.248102e+00  2.773926e+00
27  3.023469e+00  2.132983e+00
28  4.485445e+00  -6.153850e-01
29  2.721003e+00  -2.482578e-02
30  -3.608798e-02  3.104836e+00
31  -1.745860e-01  4.326891e+00
32  -4.956115e-01  5.097809e+00
33  -9.402634e-01  5.104661e+00
34  -1.639021e+00  5.656621e+00
35  -1.722471e+00  6.939282e+00
36  -2.715607e+00  6.480567e+00
37  -6.624338e-01  4.115593e+00
38  4.868682e-02  6.926854e-01
39  -5.700776e+00  -4.065784e+00
40  -1.112559e+01  -1.239512e+01
41  -1.820045e+01  -1.558642e+01
42  -1.372586e+01  -2.793348e+01
43  7.343817e+00  -1.775089e+01
44  5.465241e+00  2.832504e+01
45  -2.125518e+01  4.773155e+01
46  -7.556555e+01  5.537068e+01
47  -1.292081e+02  6.113499e+01
48  -1.336710e+02  7.731450e+01
49  -2.068775e+02  1.121509e+02
50  -5.420161e+02  1.729168e+02
51  -7.734554e+02  3.887021e+02
52  -1.198321e+03  3.828638e+02
53  -1.957298e+03  8.787858e+01
54  -2.658043e+03  -2.117524e+02
55  -2.895629e+03  -4.608395e+02
56  -3.511767e+03  -3.840629e+03
57  -6.915638e+03  -5.559678e+03
58  -1.383341e+04  -5.261834e+03
59  -2.706048e+04  -5.185762e+03
60  -4.935153e+04  -1.065425e+04
61  -1.162555e+05  -1.102533e+04
62  -2.941845e+05  3.578661e+03
63  -1.003755e+06  2.419457e+04
ENDPROP
STARTPROP
MASSES:  4.500000e-02   4.200000e-03
SOURCE: GAM_25
SINKS: GAM_25
0  -5.651536e+04  -7.265101e+03
1  -1.043374e+06  3.906559e+03
2  -3.349320e+05  1.198635e+04
3  -1.480302e+05  1.009493e+04
4  -7.177152e+04  1.201468e+04
5  -2.992354e+04  1.027085e+04
6  -1.464376e+04  5.643073e+03
7  -7.152529e+03  3.016321e+03
8  -4.190255e+03  2.354483e+03
9  -8.265711e+02  1.670990e+03
10  -2.180373e+02  1.194018e+03
11  -5.927614e+02  3.922358e+02
12  -1.102290e+03  1.207366e+02
13  -1.280826e+03  1.155384e+02
14  -5.463907e+02  -7.915188e+01
15  -2.297842e+02  -9.868061e+01
16  -6.669125e+01  -4.684551e+01
17  2.331166e+01  9.204557e+00
18  6.428261e+01  9.025118e+01
19  4.657763e+01  5.324792e+01
20  2.822794e+01  2.749658e+01
21  2.134228e+01  3.335505e+01
22  5.014699e+00  3.436448e+01
23  -1.743471e+00  2.244611e+01
24  3.457811e+00  9.537693e+00
25  3.109199e+00  2.796707e+00
26  7.957933e-01  -9.110659e-01
27  1.026517e+00  -4.247697e+00
28  1.219586e+00  -3.529684e+00
29  -1.410558e-01  -3.990263e+00
30  -1.036597e+00  -2.848389e+00
31  -7.696041e-01  -2.145445e+00
32  -1.029636e+00  -2.413286e+00
33  -1.726748e+00  -2.825181e+00
34  -1.543821e+00  -2.485611e+00
35  -2.057860e+00  -2.553271e+00
36  -3.243488e+00  -2.061129e+00
37  -3.240217e+00  -9.404560e-01
38  3.871819e+00  -1.964823e+00
39  1.369500e+01  -5.881825e+00
40  2.510904e+01  -1.256398e+01
41  3.457526e+01  -1.364850e+01
42  2.684870e+01  -1.112774e+01
43  3.669470e+00  -4.016501e+00
44  -1.676432e+01  -2.457878e+01
45  -4.656894e+01  -2.642094e+01
46  -1.943260e+01  -4.525911e+00
47  6.045796e+01  3.329311e+01
48  2.822894e+02  2.615460e+01
49  3.251798e+02  -1.154792e+02
50  1.785916e+02  -8.749586e+01
51  -4.369746e+01  -1.123307e+02
52  -5.126007e+02  -2.069909e+02
53  -1.519486e+03  -1.941885e+02
54  -3.732745e+03  -4.266313e+02
55  -6.699901e+03  -1.227954e+03
56  -9.060812e+03  -2.061022e+03
57  -1.117607e+04  -3.139184e+03
58  -1.245685e+04  -5.778754e+03
59  -2.305292e+04  -9.044792e+03
60  -5.082953e+04  -1.693307e+04
61  -1.333800e+05  -1.747335e+04
62  -3.375690e+05  -2.006755e+04
63  -1.041670e+06  -1.648162e+04
ENDPROP
STARTPROP
MASSES:  4.500000e-02   4.200000e-03
SOURCE: GAM_35
SINKS: GAM_35
0  -7.177890e+04  -2.331256e+03
1  -1.025370e+06  -2.127153e+04
2  -2.961414e+05  -1.518363e+04
3  -1.131220e+05  -9.136466e+03
4  -4.706048e+04  -4.289557e+03
5  -2.130281e+04  9.318502e+01
6  -1.045754e+04  1.920289e+03
7  -7.594803e+03  1.598438e+03
8  -5.303384e+03  1.256863e+03
9  -3.270414e+03  1.665444e+02
10  -2.685817e+03  -2.638667e+02
11  -2.193790e+03  -1.378059e+02
12  -1.590542e+03  -1.288134e+01
13  -8.987546e+02  1.545807e+02
14  -6.012193e+02  2.626949e+02
15  -4.626844e+02  3.103097e+02
16  -3.602088e+02  2.323440e+02
17  -2.252941e+02  1.176393e+02
18  -1.490805e+02  9.575921e+01
19  -1.032941e+02  5.660985e+01
20  -8.212012e+01  2.288703e+01
21  -6.314115e+01  5.272081e-01
22  -4.678538e+01  -3.599112e+00
23  -3.654193e+01  -1.712936e+00
24  -2.599746e+01  -3.761437e+00
25  -1.753554e+01  -7.615382e+00
26  -7.129917e+00  -9.178130e+00
27  -2.667602e+00  -3.636359e+00
28  -3.458269e+00  2.316785e+00
29  -3.194997e+00  3.518715e+00
30  -1.388852e+00  2.444781e+00
31  -5.772419e-01  2.812912e+00
32  -1.364855e+00  2.597539e+00
33  -2.124102e+00  1.879695e+00
34  -2.219878e+00  8.357468e-01
35  -1.381230e+00  -1.583731e-01
36  1.890887e-01  -2.352314e+00
37  1.139508e+00  -6.159885e+00
38  3.385008e+00  -8.774245e+00
39  7.682662e+00  -1.220544e+01
40  1.143892e+01  -9.386487e+00
41  1.845999e+01  -7.284947e+00
42  2.267623e+01  -1.193768e+01
43  1.727499e+01  -1.969764e+01
44  3.069285e+01  -6.249854e+01
45  3.312670e+01  -9.576985e+01
46  -9.918650e+00  -4.851657e+01
47  -1.192727e+02  6.884257e+00
48  -1.346408e+02  5.627364e+01
49  -4.980777e+01  9.977544e+01
50  -5.616548e+01  9.579232e+01
51  9.412604e+01  2.574787e+01
52  -5.315843e+01  -1.686037e+02
53  3.980702e+02  -2.582374e+02
54  4.975493e+02  -1.069316e+03
55  1.123566e+03  -2.129199e+03
56  1.305715e+03  -3.837630e+03
57  -2.576399e+03  -3.533559e+03
58  -1.093063e+04  -3.915334e+03
59  -2.546893e+04  -5.166270e+03
60  -5.817521e+04  -5.967626e+02
61  -1.366462e+05  1.496522e+04
62  -3.268945e+05  1.890130e+04
63  -1.047889e+06  1.165917e+04
ENDPROP
STARTPROP
MASSES:  4.500000e-02   4.200000e-03
SOURCE: GAM_45
SINKS: GAM_45
0  -1.321475e+06  1.698070e+04
1  9.536354e+05  2.051997e+04
2  4.808322e+05  1.492495e+04
3  3.506738e+05  1.359530e+04
4  2.488587e+05  9.419111e+03
5  1.771358e+05  5.929112e+03
6  1.242237e+05  4.119825e+03
7  8.583273e+04  3.865519e+03
8  5.811285e+04  2.030330e+03
9  4.090183e+04  1.053828e+03
10  2.775669e+04  8.263540e+02
11  1.867530e+04  3.205414e+02
12  1.305515e+04  6.326829e+02
13  9.067334e+03  4.694032e+02
14  6.212023e+03  3.899887e+02
15  4.290037e+03  2.515748e+02
16  3.003546e+03  1.901689e+02
17  2.018328e+03  1.803346e+02
18  1.290491e+03  1.239185e+02
19  8.721037e+02  8.747179e+01
20  5.844781e+02  6.268860e+01
21  3.965508e+02  3.929349e+01
22  2.708374e+02  3.568229e+01
23  1.845161e+02  2.446218e+01
24  1.309996e+02  2.109124e+01
25  8.779472e+01  1.507381e+01
26  6.001645e+01  9.738077e+00
27  4.344309e+01  4.996029e+00
28  3.033216e+01  2.351523e+00
29  2.193169e+01  2.577471e-01
30  1.653463e+01  -4.521975e-01
31  1.376875e+01  -1.132629e+00
32  1.278345e+01  -7.704409e-01
33  1.400240e+01  -7.838157e-01
34  1.711789e+01  -9.894639e-01
35  2.159184e+01  -1.540995e+00
36  2.841819e+01  -1.923939e+00
37  3.957817e+01  -3.016760e+00
38  5.515742e+01  -5.864110e+00
39  7.677911e+01  -2.889123e+00
40  1.125805e+02  -2.770718e+00
41  1.653064e+02  -1.743093e+00
42  2.420777e+02  1.164535e+01
43  3.572606e+02  1.550669e+01
44  5.309931e+02  1.716019e+01
45  7.973228e+02  3.735484e+01
46  1.132540e+03  2.625306e+01
47  1.676271e+03  4.433804e+01
48  2.439375e+03  1.014629e+02
49  3.595108e+03  2.345900e+02
50  5.236680e+03  4.784082e+02
51  7.742512e+03  7.548051e+02
52  1.106855e+04  1.097103e+03
53  1.624674e+04  1.302862e+03
54  2.377236e+04  1.614851e+03
55  3.491678e+04  2.560742e+03
56  5.171395e+04  3.501083e+03
57  7.372622e+04  5.141033e+03
58  1.067800e+05  6.544427e+03
59  1.557918e+05  7.149680e+03
60  2.258132e+05  7.413838e+03
61  3.259165e+05  1.144799e+04
62  4.599188e+05  1.214530e+04
63  9.415496e+05  1.278814e+04
ENDPROP
STARTPROP
MASSES:  4.500000e-02   4.200000e-03
SOURCE: PSAX4
SINKS: GAM_4
0  3.944839e+04  -1.495992e+04
1  1.700488e+06  -1.032858e+04
2  1.040209e+06  -7.120232e+03
3  7.248155e+05  -4.110603e+03
4  5.100681e+05  -2.573594e+03
5  3.578077e+05  -2.371444e+03
6  2.487546e+05  -7.165419e+02
7  1.722216e+05  3.677286e+02
8  1.163551e+05  1.364804e+02
9  8.150492e+04  3.226481e+02
10  5.522739e+04  5.535949e+01
11  3.717784e+04  -1.096409e+02
12  2.570471e+04  4.707262e+02
13  1.778515e+04  4.295972e+02
14  1.221114e+04  4.583203e+02
15  8.412444e+03  4.267601e+02
16  5.867069e+03  3.612619e+02
17  3.975463e+03  3.295085e+02
18  2.639677e+03  2.464492e+02
19  1.775957e+03  1.854485e+02
20  1.217819e+03  1.163676e+02
21  8.373524e+02  8.354618e+01
22  5.912703e+02  6.459808e+01
23  4.088495e+02  4.549723e+01
24  2.869371e+02  3.405056e+01
25  2.002456e+02  2.395934e+01
26  1.396943e+02  1.643282e+01
27  9.810837e+01  8.089627e+00
28  6.693824e+01  4.008463e+00
29  4.367056e+01  1.477967e+00
30  2.611272e+01  -3.337260e-01
31  1.238803e+01  -1.023025e+00
32  7.574804e-01  -1.289043e+00
33  -9.553641e+00  -1.841850e+00
34  -2.148030e+01  -2.025373e+00
35  -3.585588e+01  -1.494914e+00
36  -5.677107e+01  -2.442868e+00
37  -8.369821e+01  -3.059406e+00
38  -1.246310e+02  -2.658225e+00
39  -1.782090e+02  -9.271051e+00
40  -2.636694e+02  -1.509756e+01
41  -3.893009e+02  -2.366146e+01
42  -5.772420e+02  -4.094049e+01
43  -8.533178e+02  -5.679970e+01
44  -1.268072e+03  -8.128287e+01
45  -1.855063e+03  -1.053915e+02
46  -2.640439e+03  -1.190204e+02
47  -3.870929e+03  -1.696657e+02
48  -5.610752e+03  -2.549744e+02
49  -8.234625e+03  -4.540268e+02
50  -1.198031e+04  -7.339915e+02
51  -1.745433e+04  -1.089705e+03
52  -2.497760e+04  -1.410545e+03
53  -3.638296e+04  -2.000117e+03
54  -5.267447e+04  -2.714787e+03
55  -7.627535e+04  -3.529957e+03
56  -1.128759e+05  -5.083358e+03
57  -1.602719e+05  -6.925643e+03
58  -2.322578e+05  -9.374223e+03
59  -3.381864e+05  -9.967385e+03
60  -4.864293e+05  -1.148608e+04
61  -7.012052e+05  -1.403909e+04
62  -1.004639e+06  -1.583548e+04
63  -1.633499e+06  -1.494699e+04
ENDPROP
STARTPROP
MASSES:  4.500000e-02   4.200000e-03
SOURCE: WWPSAX4
SINKS: GAM_4
0  1.385243e+08  7.485364e+07
1  3.387674e+09  7.932071e+07
2  7.347785e+08  -1.231700e+08
3  5.343333e+08  1.321776e+07
4  3.040236e+08  -2.833389e+07
5  1.902092e+08  2.532177e+07
6  2.095469e+08  -1.749042e+07
7  1.268827e+08  -1.401952e+07
8  6.059467e+07  -7.183829e+06
9  5.472105e+07  3.717890e+06
10  3.234891e+07  3.660746e+06
11  2.369650e+07  -2.478811e+06
12  1.454569e+07  2.240431e+06
13  1.378139e+07  5.542132e+06
14  7.329089e+06  1.270270e+06
15  3.877748e+06  -3.170557e+05
16  2.873193e+06  1.243573e+05
17  3.827864e+06  -8.207374e+05
18  1.342278e+06  2.316737e+05
19  5.191163e+05  6.935838e+05
20  3.770351e+05  2.407212e+05
21  2.451962e+05  -1.801408e+05
22  1.712934e+05  -8.898329e+04
23  3.487733e+05  6.474643e+04
24  8.423813e+04  1.675868e+04
25  4.550684e+04  -3.078455e+04
26  1.002526e+05  2.230137e+04
27  8.400210e+03  3.202482e+03
28  5.577946e+04  -1.197806e+02
29  2.209022e+04  -1.120851e+04
30  1.993686e+04  -1.065788e+04
31  1.845168e+03  -7.406045e+01
32  -1.806038e+04  -1.253641e+04
33  -9.748146e+03  -8.662813e+03
34  -1.285098e+04  1.130420e+04
35  -4.682136e+04  -3.234135e+03
36  -2.242054e+04  3.523905e+03
37  -4.020782e+04  -2.059683e+03
38  -1.737895e+05  1.131444e+05
39  -1.140796e+05  -2.185361e+04
40  -3.311538e+05  -4.838010e+04
41  -2.321683e+05  7.573811e+04
42  -4.198823e+05  5.677740e+04
43  -4.852931e+05  -3.013624e+05
44  -8.821309e+05  2.573284e+04
45  -2.211666e+06  -3.747720e+05
46  -8.528324e+05  1.257965e+05
47  -1.645189e+06  8.540312e+05
48  -4.090533e+06  -5.244187e+05
49  -7.768048e+06  -1.611760e+06
50  -1.152261e+07  1.450607e+06
51  -1.390932e+07  -5.760288e+06
52  -2.302780e+07  -4.244965e+06
53  -2.837139e+07  3.289205e+06
54  -1.918484e+07  -4.632354e+06
55  -3.822109e+07  7.697571e+06
56  -8.357321e+07  -5.505825e+06
57  -9.818164e+07  -1.631266e+05
58  -2.132667e+08  -3.535572e+06
59  -1.768363e+08  2.714731e+07
60  -2.840267e+08  5.607747e+07
61  -3.127559e+08  -1.050684e+08
62  -6.943467e+08  -6.719073e+07
63  -1.634039e+09  -1.501066e+08
ENDPROP
STARTPROP
MASSES:  4.500000e-02   4.200000e-03
SOURCE: WWGAM_5
SINKS: GAM_5
0  1.710985e+10  -1.063317e+02
1  4.469807e+09  4.378497e+07
2  1.295274e+09  -4.074280e+07
3  1.032665e+09  4.591464e+07
4  6.147849e+08  -1.787292e+07
5  3.966291e+08  4.334665e+07
6  3.328520e+08  -3.715791e+07
7  1.918618e+08  -4.159348e+06
8  1.285941e+08  1.452686e+07
9  1.023767e+08  6.141108e+06
10  7.256363e+07  -5.805801e+04
11  4.416988e+07  -4.704822e+06
12  2.893301e+07  -8.926654e+05
13  2.498033e+07  2.461536e+06
14  1.390743e+07  1.674854e+04
15  9.525263e+06  1.559508e+06
16  5.993269e+06  -3.931055e+05
17  5.754597e+06  -4.832237e+05
18  2.961357e+06  4.569239e+05
19  2.296576e+06  3.405836e+05
20  9.251562e+05  3.693227e+05
21  9.154569e+05  -2.163426e+05
22  5.512021e+05  -5.797080e+04
23  6.083098e+05  5.087770e+04
24  2.363996e+05  3.358067e+04
25  1.403583e+05  2.410187e+04
26  2.190818e+05  1.296733e+04
27  4.892146e+04  3.145751e+04
28  1.000004e+05  -9.503495e+03
29  7.346897e+04  -3.143285e+03
30  3.973932e+04  2.048126e+04
31  2.440905e+04  3.225418e+02
32  3.026390e+04  1.365741e+04
33  4.653645e+04  7.048180e+03
34  5.762277e+04  -6.225077e+03
35  6.336187e+04  -9.755204e+03
36  7.378967e+04  1.134766e+04
37  9.162911e+04  1.033054e+04
38  2.351796e+05  -8.778710e+04
39  2.628023e+05  4.732265e+04
40  4.148503e+05  6.203734e+04
41  6.158537e+05  -1.155892e+05
42  1.015310e+06  2.444936e+04
43  9.113321e+05  3.914812e+05
44  1.911844e+06  -3.475907e+05
45  2.950423e+06  3.414936e+05
46  2.012778e+06  -1.571648e+05
47  4.566834e+06  -9.960120e+05
48  7.529574e+06  1.957257e+06
49  1.160695e+07  8.359730e+05
50  1.667676e+07  -3.058965e+05
51  2.371114e+07  2.955025e+06
52  3.378566e+07  2.233199e+06
53  4.986159e+07  -1.615169e+06
54  5.521996e+07  3.860638e+06
55  9.577437e+07  7.045238e+06
56  1.544855e+08  1.987371e+07
57  2.193288e+08  -1.232361e+07
58  3.651163e+08  1.775026e+07
59  3.689307e+08  -1.855852e+07
60  5.401859e+08  -2.877185e+07
61  8.736753e+08  2.987953e+07
62  1.389840e+09  5.937145e+07
63  2.745209e+09  1.778589e+08
ENDPROP
