STARTPROP
MASSES:  4.500000e-02   4.200000e-03
SOURCE: GAM_1
SINKS: GAM_1
0  1.245397e+06  1.602604e+04
1  1.937365e+06  1.736365e+04
2  8.814575e+05  6.582631e+03
3  4.446869e+05  -8.475505e+02
4  2.149313e+05  -3.753465e+03
5  1.046825e+05  -1.195598e+03
6  5.333650e+04  -7.309790e+02
7  2.818125e+04  -1.237685e+03
8  1.732214e+04  -1.324504e+03
9  1.067822e+04  4.483943e+02
10  5.378021e+03  1.200879e+03
11  3.206164e+03  8.483364e+02
12  1.583788e+03  3.677830e+02
13  7.814983e+02  3.977716e+02
14  6.476782e+02  2.951863e+02
15  4.861388e+02  3.431375e+02
16  4.266751e+02  3.912968e+02
17  2.824394e+02  2.663970e+02
18  2.210451e+02  1.468170e+02
19  1.411581e+02  1.045597e+02
20  5.706564e+01  8.803613e+01
21  2.645376e+01  5.765866e+01
22  4.205047e+00  2.933304e+01
23  -7.089197e+00  1.024605e+01
24  1.074144e+01  -5.713885e+00
25  1.506290e+01  -3.105340e+00
26  1.671283e+01  -3.010045e+00
27  1.423396e+01  -4.930879e+00
28  7.191483e+00  -4.236143e+00
29  3.783309e+00  -2.001570e+00
30  2.773753e+00  -1.669954e+00
31  2.676290e+00  4.999444e-01
32  2.151611e+00  1.150300e+00
33  1.751011e+00  1.103568e+00
34  1.079583e+00  1.029878e+00
35  4.219020e-01  1.038820e+00
36  -3.548219e-01  3.440337e+00
37  3.224630e-01  6.901029e+00
38  5.008577e-01  6.768041e+00
39  -8.084803e-01  8.121415e+00
40  -2.325072e+00  1.312145e+01
41  5.244280e+00  9.896981e+00
42  2.137146e+01  -4.573949e+00
43  3.370552e+01  -2.307235e+01
44  7.005993e+01  -3.475745e+01
45  9.852232e+01  -6.743140e+01
46  8.510831e+01  -8.122303e+01
47  1.229430e+02  -1.080653e+02
48  2.824310e+02  -9.009083e+01
49  5.508821e+02  -5.894541e+01
50  6.426195e+02  -1.860291e+01
51  7.792970e+02  -1.255165e+02
52  1.227594e+03  -1.478020e+02
53  2.768639e+03  -8.714568e+02
54  6.426477e+03  -1.410470e+03
55  1.007655e+04  -2.254791e+03
56  1.555401e+04  -1.495706e+03
57  3.070977e+04  -9.627050e+02
58  6.331617e+04  -3.224711e+02
59  1.334258e+05  -6.568255e+02
60  2.678888e+05  8.314407e+02
61  5.018656e+05  9.957517e+02
62  9.298552e+05  -3.793283e+03
63  1.988260e+06  4.108950e+03
ENDPROP
STARTPROP
MASSES:  4.500000e-02   4.200000e-03
SOURCE: GAM_2
SINKS: GAM_2
0  1.257680e+06  -1.293822e+04
1  1.946668e+06  3.329712e+01
2  8.814724e+05  -5.543054e+01
3  4.418364e+05  -4.303471e+03
4  2.179103e+05  3.916827e+02
5  1.067576e+05  3.376938e+03
6  5.728234e+04  4.917834e+03
7  3.258832e+04  5.957844e+03
8  2.002134e+04  3.761378e+03
9  1.147161e+04  2.687667e+03
10  6.575750e+03  1.962502e+03
11  4.256993e+03  1.530280e+03
12  2.281820e+03  1.088511e+03
13  1.669334e+03  6.001091e+02
14  1.501729e+03  3.769835e+02
15  1.336435e+03  3.680390e+02
16  9.160746e+02  2.933802e+02
17  4.431161e+02  2.048710e+02
18  1.789727e+02  1.473016e+02
19  6.115185e+01  1.088378e+02
20  8.525699e+00  9.376397e+01
21  6.305144e+00  7.110533e+01
22  -1.614925e+01  5.362132e+01
23  -1.264072e+01  2.824899e+01
24  -2.768746e+00  6.374641e+00
25  4.267689e+00  -3.421311e+00
26  7.850895e-01  -8.334265e+00
27  -3.038826e+00  -6.611181e+00
28  -6.066028e+00  -3.122756e+00
29  -3.628968e+00  -2.868125e+00
30  -2.345331e+00  -8.142009e-01
31  -1.826520e+00  -2.344538e+00
32  -1.274229e+00  -2.402878e+00
33  4.076578e-01  -1.658409e+00
34  1.573773e+00  1.254787e+00
35  4.279397e+00  5.435773e+00
36  7.248389e+00  7.537254e+00
37  1.019617e+01  9.395232e+00
38  1.321993e+01  8.630621e+00
39  1.956778e+01  1.172729e+01
40  3.172209e+01  2.408794e+01
41  4.242252e+01  3.319325e+01
42  4.191505e+01  3.463383e+01
43  6.107757e+01  4.463510e+01
44  1.234345e+02  5.763052e+01
45  2.096875e+02  6.533474e+01
46  2.896189e+02  6.524399e+01
47  2.967287e+02  7.007389e+01
48  3.748627e+02  1.273513e+02
49  4.904028e+02  1.977704e+02
50  8.000937e+02  7.154547e+01
51  1.137877e+03  -1.212972e+02
52  1.562656e+03  -5.654632e+02
53  3.229257e+03  -4.593409e+02
54  7.071926e+03  1.715170e+02
55  1.038577e+04  6.707247e+02
56  1.760755e+04  1.694681e+03
57  3.583891e+04  1.544796e+03
58  6.597244e+04  1.325221e+03
59  1.224456e+05  7.423114e+02
60  2.360076e+05  2.547417e+03
61  4.858078e+05  -2.919154e+03
62  9.389249e+05  -8.105678e+03
63  2.001828e+06  -1.441304e+04
ENDPROP
STARTPROP
MASSES:  4.500000e-02   4.200000e-03
SOURCE: GAM_3
SINKS: GAM_3
0  1.235469e+06  -9.707008e+03
1  1.956899e+06  -7.646842e+03
2  9.101152e+05  -5.523539e+03
3  4.829794e+05  5.021246e+03
4  2.633812e+05  4.117255e+03
5  1.372555e+05  6.918235e+03
6  6.568629e+04  6.642398e+03
7  3.237452e+04  4.991831e+03
8  1.831533e+04  4.448573e+03
9  9.766708e+03  2.194385e+03
10  4.649853e+03  1.818602e+03
11  1.501347e+03  9.752746e+02
12  3.895325e+02  9.172374e+02
13  1.591083e+02  5.934569e+02
14  1.176557e+02  2.400612e+02
15  5.989092e+01  8.415209e+01
16  2.210212e+02  9.637289e+01
17  2.211272e+02  7.930834e+01
18  1.720797e+02  6.561366e+01
19  1.121815e+02  3.210049e+01
20  6.885220e+01  2.899615e+01
21  4.231996e+01  1.353877e+01
22  1.670281e+00  -1.665501e-01
23  -1.775244e+01  -1.893573e+00
24  -3.109842e+01  4.797477e-01
25  -2.950254e+01  3.767810e+00
26  -2.074864e+01  8.014817e+00
27  -6.090888e+00  1.036372e+01
28  7.252278e-01  8.009897e+00
29  2.257740e-01  5.461338e+00
30  1.767174e+00  2.584504e+00
31  3.636376e+00  1.100018e+00
32  2.455692e+00  2.586477e-01
33  1.421221e+00  3.541778e-01
34  2.366200e+00  1.284254e+00
35  3.725559e+00  3.820447e-01
36  2.236556e+00  -3.315716e+00
37  -8.741392e-01  -5.548935e+00
38  -2.550602e+00  -5.870263e+00
39  -6.168238e+00  -1.213661e+01
40  -2.530824e+00  -1.766647e+01
41  4.762970e+00  -1.639156e+01
42  1.185796e+01  -3.540386e+01
43  1.441293e+01  -6.096921e+01
44  7.527886e+00  -6.696735e+01
45  6.034002e+01  -1.025241e+01
46  1.263607e+02  5.639110e+01
47  1.622390e+02  6.402530e+01
48  1.292532e+02  8.363628e+01
49  2.341868e+02  6.803737e+01
50  4.292495e+02  2.923207e+02
51  3.846868e+02  1.768296e+02
52  1.963085e+02  -2.464345e+02
53  1.619577e+03  -4.606138e+02
54  4.343540e+03  -6.113632e+02
55  1.060413e+04  -3.103063e+02
56  2.134717e+04  1.157525e+03
57  3.956534e+04  3.406679e+03
58  7.213222e+04  6.412250e+03
59  1.363226e+05  9.195560e+03
60  2.718619e+05  9.939051e+03
61  5.212719e+05  6.494568e+03
62  9.660551e+05  1.557686e+03
63  2.015525e+06  -1.044926e+04
ENDPROP
STARTPROP
MASSES:  4.500000e-02   4.200000e-03
SOURCE: GAM_4
SINKS: GAM_4
0  2.142280e+06  9.829061e+03
1  -2.924218e+05  7.539788e+03
2  -4.404646e+03  8.839414e+03
3  -4.515102e+03  9.436354e+03
4  1.924041e+03  5.585743e+03
5  1.173749e+02  3.860777e+03
6  1.123537e+03  3.790874e+03
7  1.606571e+03  1.631259e+03
8  1.884896e+03  1.261282e+03
9  4.493340e+02  4.951924e+02
10  2.090985e+02  2.993855e+02
11  2.137697e+02  1.618526e+02
12  1.163677e+02  -5.267035e+01
13  -1.894465e+01  4.743248e+01
14  -1.345582e+02  -6.776950e+01
15  -1.193061e+02  -9.438931e+01
16  -3.510612e+01  -1.012506e+02
17  -7.983305e+01  -5.663051e+01
18  -4.355701e+01  -5.136103e+01
19  -3.707136e+01  -3.372110e+01
20  -3.489871e+01  -2.352014e+01
21  -1.086628e+01  -1.862367e+01
22  -2.241055e+00  -1.603237e+01
23  4.028207e+00  -9.269994e+00
24  5.432778e+00  -6.074971e+00
25  6.425953e+00  -1.642736e+00
26  8.204729e-01  1.451845e+00
27  -4.941547e-01  7.750394e-01
28  -1.469953e+00  1.488241e-01
29  -1.774309e+00  -8.822565e-01
30  -2.034901e+00  -8.877470e-01
31  -2.346353e+00  -7.498629e-01
32  -3.075213e+00  -1.457832e+00
33  -3.349363e+00  -1.647597e+00
34  -3.783304e+00  -2.453782e+00
35  -4.255315e+00  -1.742485e+00
36  -4.326118e+00  -1.939087e+00
37  -4.244048e+00  -2.114458e+00
38  -4.496098e+00  -1.543764e+00
39  -4.524158e+00  8.564501e-01
40  -2.430010e+00  1.584335e+00
41  -2.098963e-01  8.255520e+00
42  7.965800e+00  6.369070e+00
43  8.640732e+00  9.525082e+00
44  1.329461e+01  2.074505e+01
45  1.859260e+01  1.822525e+01
46  4.850514e+01  4.698323e+01
47  5.923995e+01  5.038192e+01
48  3.366919e+01  5.931662e+01
49  2.624158e+01  7.968720e+01
50  5.309245e+01  1.098019e+01
51  1.134277e+02  -1.430192e+02
52  -2.149106e+02  -4.149999e+02
53  -4.241058e+02  -9.057828e+02
54  -7.184401e+02  -1.296839e+03
55  -8.067217e+02  -1.484099e+03
56  -1.772030e+03  -1.019967e+03
57  -1.869808e+03  -6.732534e+02
58  -6.015793e+02  1.100662e+03
59  -5.351770e+02  3.787753e+03
60  -2.876350e+03  4.045217e+03
61  -3.672947e+03  5.328299e+03
62  -3.525624e+03  8.684220e+03
63  -3.019892e+05  1.033498e+04
ENDPROP
STARTPROP
MASSES:  4.500000e-02   4.200000e-03
SOURCE: GAM_5
SINKS: GAM_5
0  7.068242e+06  -2.731652e+04
1  7.009056e+06  -3.442727e+02
2  4.909344e+06  -1.838537e+03
3  3.376551e+06  7.730276e+03
4  2.292958e+06  1.422635e+04
5  1.599639e+06  2.467985e+04
6  1.121839e+06  3.281851e+04
7  7.815074e+05  3.443948e+04
8  5.404579e+05  2.952904e+04
9  3.824596e+05  2.420320e+04
10  2.680823e+05  1.861039e+04
11  1.830291e+05  1.437931e+04
12  1.252768e+05  1.032254e+04
13  8.612080e+04  6.337392e+03
14  5.920826e+04  3.746402e+03
15  4.059873e+04  2.288591e+03
16  2.817781e+04  1.356166e+03
17  1.992554e+04  9.058178e+02
18  1.385688e+04  5.168247e+02
19  9.629014e+03  2.056361e+02
20  6.814608e+03  1.525061e+02
21  4.903829e+03  1.888627e+02
22  3.497415e+03  1.727512e+02
23  2.391582e+03  1.458658e+02
24  1.625215e+03  1.047157e+02
25  1.111709e+03  7.110459e+01
26  7.742724e+02  5.459171e+01
27  5.454050e+02  4.155321e+01
28  3.855661e+02  3.752198e+01
29  2.777625e+02  2.915503e+01
30  2.077913e+02  2.119988e+01
31  1.661492e+02  1.345597e+01
32  1.519213e+02  1.061332e+01
33  1.616499e+02  1.284656e+01
34  1.928637e+02  1.570398e+01
35  2.468062e+02  1.503268e+01
36  3.466830e+02  1.068969e+01
37  4.885401e+02  1.009906e+01
38  6.865555e+02  2.593167e+01
39  9.739417e+02  5.439120e+01
40  1.426588e+03  9.876421e+01
41  2.064609e+03  1.661998e+02
42  2.955194e+03  2.219878e+02
43  4.376127e+03  2.612197e+02
44  6.526230e+03  2.051334e+02
45  9.629989e+03  1.670388e+02
46  1.404018e+04  2.491524e+02
47  2.017345e+04  5.178145e+02
48  2.899826e+04  6.871530e+02
49  4.154793e+04  6.565045e+02
50  5.909604e+04  3.226634e+02
51  8.600455e+04  -2.921144e+02
52  1.266496e+05  -1.495899e+03
53  1.839090e+05  -2.882679e+03
54  2.663316e+05  -3.435335e+03
55  3.797304e+05  -3.034788e+03
56  5.446337e+05  -3.795317e+03
57  7.856085e+05  -7.815119e+03
58  1.144233e+06  -1.448797e+04
59  1.689021e+06  -1.842148e+04
60  2.451716e+06  -6.439641e+03
61  3.512782e+06  -7.903935e+03
62  4.931970e+06  -3.248801e+04
63  7.023457e+06  -5.041916e+04
ENDPROP
STARTPROP
MASSES:  4.500000e-02   4.200000e-03
SOURCE: GAM_12
SINKS: GAM_12
0  8.322288e+05  -8.337832e+03
1  -6.830074e+05  -1.810295e+04
2  -1.555541e+05  -1.808912e+04
3  -5.966998e+04  -1.472823e+04
4  -2.052303e+04  -5.964656e+03
5  -1.062299e+04  -3.187793e+03
6  -5.002267e+03  -3.008614e+03
7  -1.734601e+03  -3.018793e+03
8  3.053799e+02  -2.286126e+03
9  1.040329e+03  -1.140867e+03
10  9.061795e+02  -9.135349e+02
11  9.627469e+02  -2.044036e+02
12  1.290793e+03  -1.746392e+02
13  8.243082e+02  -2.606428e+02
14  3.228397e+02  -2.388845e+02
15  1.894243e+02  -4.236693e+01
16  -4.401697e+01  -1.848328e+01
17  -3.586789e+01  -5.421017e+01
18  -3.425074e+01  -3.062249e+01
19  -6.348978e+00  -3.089758e+01
20  -6.771318e-01  -3.287859e+01
21  7.765142e-01  -2.628481e+01
22  -1.569230e+00  -1.894154e+01
23  -6.488085e+00  -1.687237e+00
24  -1.253000e+00  1.973955e-01
25  -1.551212e+00  2.754010e+00
26  6.184487e-02  5.475744e+00
27  -8.733734e-01  1.777136e+00
28  5.470653e-01  4.672047e-01
29  1.051279e-03  -3.689365e-01
30  -3.270095e-01  9.040218e-02
31  -8.405253e-01  -5.035907e-01
32  -8.682384e-01  -1.554134e+00
33  -2.371091e-01  -2.763179e+00
34  -3.369846e-01  -2.737874e+00
35  -1.975343e+00  -3.016604e+00
36  -2.762669e+00  -3.490190e+00
37  -5.266170e+00  -3.482200e+00
38  -1.092629e+01  -4.058519e+00
39  -1.698130e+01  -7.124494e+00
40  -2.371811e+01  -1.167207e+00
41  -2.206971e+01  6.320453e+00
42  -1.273008e+01  6.343004e+00
43  -1.173248e+00  -4.338949e+00
44  1.049037e+01  -8.948209e+00
45  1.658290e+01  3.513091e+01
46  2.496681e+01  9.571528e+01
47  3.539125e+01  3.250753e+01
48  2.993138e+01  -6.316240e+01
49  -1.994314e+00  -1.600321e+02
50  -1.130085e+01  -1.644400e+02
51  2.391715e+02  -3.192601e+02
52  6.022107e+02  -4.431272e+02
53  4.589286e+02  -2.042732e+01
54  2.839572e+02  -3.399093e+02
55  -5.347200e+02  -7.181205e+02
56  -1.362561e+03  -1.053350e+02
57  -3.093006e+02  -8.549218e+02
58  2.385234e+03  -6.120212e+02
59  4.058444e+03  1.867841e+03
60  -6.524478e+03  -4.959994e+02
61  -3.763879e+04  -3.433928e+03
62  -1.377529e+05  3.916801e+03
63  -6.827367e+05  5.366677e+03
ENDPROP
STARTPROP
MASSES:  4.500000e-02   4.200000e-03
SOURCE: GAM_21
SINKS: GAM_21
0  8.322288e+05  -8.337832e+03
1  -6.830074e+05  -1.810295e+04
2  -1.555541e+05  -1.808912e+04
3  -5.966998e+04  -1.472823e+04
4  -2.052303e+04  -5.964656e+03
5  -1.062299e+04  -3.187793e+03
6  -5.002267e+03  -3.008614e+03
7  -1.734601e+03  -3.018793e+03
8  3.053799e+02  -2.286126e+03
9  1.040329e+03  -1.140867e+03
10  9.061795e+02  -9.135349e+02
11  9.627469e+02  -2.044036e+02
12  1.290793e+03  -1.746392e+02
13  8.243082e+02  -2.606428e+02
14  3.228397e+02  -2.388845e+02
15  1.894243e+02  -4.236693e+01
16  -4.401697e+01  -1.848328e+01
17  -3.586789e+01  -5.421017e+01
18  -3.425074e+01  -3.062249e+01
19  -6.348978e+00  -3.089758e+01
20  -6.771318e-01  -3.287859e+01
21  7.765142e-01  -2.628481e+01
22  -1.569230e+00  -1.894154e+01
23  -6.488085e+00  -1.687237e+00
24  -1.253000e+00  1.973955e-01
25  -1.551212e+00  2.754010e+00
26  6.184487e-02  5.475744e+00
27  -8.733734e-01  1.777136e+00
28  5.470653e-01  4.672047e-01
29  1.051279e-03  -3.689365e-01
30  -3.270095e-01  9.040218e-02
31  -8.405253e-01  -5.035907e-01
32  -8.682384e-01  -1.554134e+00
33  -2.371091e-01  -2.763179e+00
34  -3.369846e-01  -2.737874e+00
35  -1.975343e+00  -3.016604e+00
36  -2.762669e+00  -3.490190e+00
37  -5.266170e+00  -3.482200e+00
38  -1.092629e+01  -4.058519e+00
39  -1.698130e+01  -7.124494e+00
40  -2.371811e+01  -1.167207e+00
41  -2.206971e+01  6.320453e+00
42  -1.273008e+01  6.343004e+00
43  -1.173248e+00  -4.338949e+00
44  1.049037e+01  -8.948209e+00
45  1.658290e+01  3.513091e+01
46  2.496681e+01  9.571528e+01
47  3.539125e+01  3.250753e+01
48  2.993138e+01  -6.316240e+01
49  -1.994314e+00  -1.600321e+02
50  -1.130085e+01  -1.644400e+02
51  2.391715e+02  -3.192601e+02
52  6.022107e+02  -4.431272e+02
53  4.589286e+02  -2.042732e+01
54  2.839572e+02  -3.399093e+02
55  -5.347200e+02  -7.181205e+02
56  -1.362561e+03  -1.053350e+02
57  -3.093006e+02  -8.549218e+02
58  2.385234e+03  -6.120212e+02
59  4.058444e+03  1.867841e+03
60  -6.524478e+03  -4.959994e+02
61  -3.763879e+04  -3.433928e+03
62  -1.377529e+05  3.916801e+03
63  -6.827367e+05  5.366677e+03
ENDPROP
STARTPROP
MASSES:  4.500000e-02   4.200000e-03
SOURCE: GAM_13
SINKS: GAM_13
0  7.991183e+05  8.479001e+03
1  -7.043660e+05  6.940361e+03
2  -1.703509e+05  1.370854e+04
3  -6.133123e+04  1.122924e+04
4  -1.724759e+04  3.900334e+03
5  -1.015250e+03  -7.399153e+02
6  2.356322e+03  -4.012450e+02
7  2.770998e+03  -1.109606e+03
8  3.056236e+03  -1.908427e+03
9  2.327460e+03  -1.499533e+03
10  1.769345e+03  -1.170880e+03
11  4.469443e+02  -6.953110e+02
12  -4.414016e+02  -3.176037e+02
13  -6.517869e+01  3.572013e+01
14  7.576687e+01  1.736690e+02
15  9.519571e+01  7.888087e+01
16  1.570009e+02  -3.096239e+01
17  1.248037e+02  -3.779403e+01
18  2.261148e+01  8.159617e-01
19  -2.472178e+01  2.855716e+00
20  -2.365874e+01  1.566327e+01
21  -3.219622e+01  4.129104e+00
22  -2.894710e+01  3.786789e+00
23  -1.578880e+01  1.101476e+01
24  -9.220879e-01  5.626148e+00
25  -9.470292e-01  6.815930e-01
26  -1.775961e+00  -1.370541e+00
27  9.772002e-01  4.740615e-01
28  2.221014e+00  1.561843e+00
29  4.063260e-01  1.184843e+00
30  1.273140e+00  5.755796e-01
31  1.618707e+00  1.115289e-03
32  1.372292e+00  -4.003845e-02
33  1.172119e+00  6.792817e-01
34  3.389783e-01  1.266139e+00
35  -8.493768e-01  8.533807e-01
36  -4.789638e+00  7.768975e-01
37  -8.105236e+00  2.595260e+00
38  -1.120707e+01  3.749463e+00
39  -1.497107e+01  3.202746e+00
40  -1.315758e+01  -1.126420e+00
41  -7.878806e-01  6.404850e-01
42  7.198925e+00  -2.372265e+00
43  1.382728e+01  1.888711e+01
44  9.544124e+00  4.660346e+01
45  1.586919e+01  6.445940e+01
46  -4.153733e+01  4.286130e+01
47  -4.165011e+01  2.181718e+01
48  -1.911472e+01  -2.820133e+01
49  3.368098e+01  4.157077e+01
50  -3.533462e+01  1.978985e+02
51  -4.017861e+02  2.179352e+02
52  -4.753171e+02  2.480748e+02
53  -1.212327e+03  1.041507e+01
54  -1.324554e+03  -6.058573e+02
55  -2.138051e+03  -1.338683e+03
56  -3.565130e+03  -4.589844e+02
57  -6.190108e+03  2.388064e+02
58  -1.088405e+04  3.762399e+02
59  -1.919657e+04  -1.293287e+02
60  -3.808455e+04  -6.990114e+03
61  -7.582747e+04  -1.277996e+04
62  -1.845285e+05  -2.577956e+03
63  -7.420952e+05  1.846506e+03
ENDPROP
STARTPROP
MASSES:  4.500000e-02   4.200000e-03
SOURCE: GAM_31
SINKS: GAM_31
0  7.991183e+05  8.479001e+03
1  -7.043660e+05  6.940361e+03
2  -1.703509e+05  1.370854e+04
3  -6.133123e+04  1.122924e+04
4  -1.724759e+04  3.900334e+03
5  -1.015250e+03  -7.399153e+02
6  2.356322e+03  -4.012450e+02
7  2.770998e+03  -1.109606e+03
8  3.056236e+03  -1.908427e+03
9  2.327460e+03  -1.499533e+03
10  1.769345e+03  -1.170880e+03
11  4.469443e+02  -6.953110e+02
12  -4.414016e+02  -3.176037e+02
13  -6.517869e+01  3.572013e+01
14  7.576687e+01  1.736690e+02
15  9.519571e+01  7.888087e+01
16  1.570009e+02  -3.096239e+01
17  1.248037e+02  -3.779403e+01
18  2.261148e+01  8.159617e-01
19  -2.472178e+01  2.855716e+00
20  -2.365874e+01  1.566327e+01
21  -3.219622e+01  4.129104e+00
22  -2.894710e+01  3.786789e+00
23  -1.578880e+01  1.101476e+01
24  -9.220879e-01  5.626148e+00
25  -9.470292e-01  6.815930e-01
26  -1.775961e+00  -1.370541e+00
27  9.772002e-01  4.740615e-01
28  2.221014e+00  1.561843e+00
29  4.063260e-01  1.184843e+00
30  1.273140e+00  5.755796e-01
31  1.618707e+00  1.115289e-03
32  1.372292e+00  -4.003845e-02
33  1.172119e+00  6.792817e-01
34  3.389783e-01  1.266139e+00
35  -8.493768e-01  8.533807e-01
36  -4.789638e+00  7.768975e-01
37  -8.105236e+00  2.595260e+00
38  -1.120707e+01  3.749463e+00
39  -1.497107e+01  3.202746e+00
40  -1.315758e+01  -1.126420e+00
41  -7.878806e-01  6.404850e-01
42  7.198925e+00  -2.372265e+00
43  1.382728e+01  1.888711e+01
44  9.544124e+00  4.660346e+01
45  1.586919e+01  6.445940e+01
46  -4.153733e+01  4.286130e+01
47  -4.165011e+01  2.181718e+01
48  -1.911472e+01  -2.820133e+01
49  3.368098e+01  4.157077e+01
50  -3.533462e+01  1.978985e+02
51  -4.017861e+02  2.179352e+02
52  -4.753171e+02  2.480748e+02
53  -1.212327e+03  1.041507e+01
54  -1.324554e+03  -6.058573e+02
55  -2.138051e+03  -1.338683e+03
56  -3.565130e+03  -4.589844e+02
57  -6.190108e+03  2.388064e+02
58  -1.088405e+04  3.762399e+02
59  -1.919657e+04  -1.293287e+02
60  -3.808455e+04  -6.990114e+03
61  -7.582747e+04  -1.277996e+04
62  -1.845285e+05  -2.577956e+03
63  -7.420952e+05  1.846506e+03
ENDPROP
STARTPROP
MASSES:  4.500000e-02   4.200000e-03
SOURCE: GAM_14
SINKS: GAM_14
0  4.079093e+03  -2.100110e+03
1  1.306651e+06  -2.603424e+03
2  5.231168e+05  -5.331804e+03
3  2.619926e+05  -3.106928e+03
4  1.318447e+05  -9.205933e+02
5  6.870045e+04  1.545051e+03
6  3.257951e+04  3.841341e+03
7  1.464487e+04  2.526803e+03
8  8.577903e+03  2.873270e+03
9  5.925050e+03  2.614610e+03
10  2.817443e+03  1.739552e+03
11  1.753043e+03  6.138675e+02
12  1.125237e+03  1.525565e+02
13  5.753250e+02  -3.363742e+01
14  4.292628e+02  1.300012e+02
15  2.130742e+02  1.381362e+02
16  1.768116e+02  1.891194e+02
17  2.070161e+02  1.852615e+02
18  1.748734e+02  1.126250e+02
19  1.160264e+02  5.949625e+01
20  6.128216e+01  2.328551e+01
21  5.246274e+01  2.044442e+00
22  3.545028e+01  -1.488881e+01
23  2.754837e+01  -5.856883e+00
24  6.976704e+00  -4.172493e+00
25  5.005485e+00  2.868657e+00
26  3.378853e+00  2.979237e+00
27  2.840840e+00  7.263520e-01
28  1.252527e+00  6.696994e-01
29  8.186933e-01  4.572405e-01
30  1.105998e+00  -6.303019e-01
31  2.075984e+00  4.116734e-01
32  2.289841e+00  6.388593e-01
33  3.285463e+00  2.850557e-01
34  3.516776e+00  -2.988065e-01
35  2.951596e+00  -6.958669e-01
36  1.230716e+00  1.431885e+00
37  3.219792e+00  5.214766e+00
38  2.143946e+00  5.498923e+00
39  -6.246747e+00  4.126818e+00
40  -5.768311e+00  7.715054e-01
41  5.532782e+00  3.638251e+00
42  1.661877e+01  9.683782e+00
43  1.981607e+01  1.366751e+01
44  3.284924e+01  5.083383e+00
45  -1.010155e+01  4.495863e+00
46  -2.331783e+01  3.729266e+00
47  -2.328550e+00  -7.483809e+01
48  7.920271e+01  -8.123044e+01
49  2.629916e+02  -1.286097e+02
50  2.771533e+02  -1.398563e+02
51  8.407047e+01  -9.934631e+01
52  4.884825e+02  3.174506e+02
53  1.171041e+03  7.891091e+02
54  2.363094e+03  7.835424e+02
55  4.788935e+03  4.095957e+02
56  1.085409e+04  -1.657695e+01
57  2.155674e+04  -3.206852e+02
58  4.558260e+04  -1.102475e+03
59  8.545527e+04  -2.032127e+03
60  1.681807e+05  -1.595689e+03
61  3.209222e+05  1.420562e+02
62  5.924349e+05  -1.063338e+03
63  1.369625e+06  -8.377137e+02
ENDPROP
STARTPROP
MASSES:  4.500000e-02   4.200000e-03
SOURCE: GAM_41
SINKS: GAM_41
0  4.079093e+03  -2.100110e+03
1  1.306651e+06  -2.603424e+03
2  5.231168e+05  -5.331804e+03
3  2.619926e+05  -3.106928e+03
4  1.318447e+05  -9.205933e+02
5  6.870045e+04  1.545051e+03
6  3.257951e+04  3.841341e+03
7  1.464487e+04  2.526803e+03
8  8.577903e+03  2.873270e+03
9  5.925050e+03  2.614610e+03
10  2.817443e+03  1.739552e+03
11  1.753043e+03  6.138675e+02
12  1.125237e+03  1.525565e+02
13  5.753250e+02  -3.363742e+01
14  4.292628e+02  1.300012e+02
15  2.130742e+02  1.381362e+02
16  1.768116e+02  1.891194e+02
17  2.070161e+02  1.852615e+02
18  1.748734e+02  1.126250e+02
19  1.160264e+02  5.949625e+01
20  6.128216e+01  2.328551e+01
21  5.246274e+01  2.044442e+00
22  3.545028e+01  -1.488881e+01
23  2.754837e+01  -5.856883e+00
24  6.976704e+00  -4.172493e+00
25  5.005485e+00  2.868657e+00
26  3.378853e+00  2.979237e+00
27  2.840840e+00  7.263520e-01
28  1.252527e+00  6.696994e-01
29  8.186933e-01  4.572405e-01
30  1.105998e+00  -6.303019e-01
31  2.075984e+00  4.116734e-01
32  2.289841e+00  6.388593e-01
33  3.285463e+00  2.850557e-01
34  3.516776e+00  -2.988065e-01
35  2.951596e+00  -6.958669e-01
36  1.230716e+00  1.431885e+00
37  3.219792e+00  5.214766e+00
38  2.143946e+00  5.498923e+00
39  -6.246747e+00  4.126818e+00
40  -5.768311e+00  7.715054e-01
41  5.532782e+00  3.638251e+00
42  1.661877e+01  9.683782e+00
43  1.981607e+01  1.366751e+01
44  3.284924e+01  5.083383e+00
45  -1.010155e+01  4.495863e+00
46  -2.331783e+01  3.729266e+00
47  -2.328550e+00  -7.483809e+01
48  7.920271e+01  -8.123044e+01
49  2.629916e+02  -1.286097e+02
50  2.771533e+02  -1.398563e+02
51  8.407047e+01  -9.934631e+01
52  4.884825e+02  3.174506e+02
53  1.171041e+03  7.891091e+02
54  2.363094e+03  7.835424e+02
55  4.788935e+03  4.095957e+02
56  1.085409e+04  -1.657695e+01
57  2.155674e+04  -3.206852e+02
58  4.558260e+04  -1.102475e+03
59  8.545527e+04  -2.032127e+03
60  1.681807e+05  -1.595689e+03
61  3.209222e+05  1.420562e+02
62  5.924349e+05  -1.063338e+03
63  1.369625e+06  -8.377137e+02
ENDPROP
STARTPROP
MASSES:  4.500000e-02   4.200000e-03
SOURCE: GAM_23
SINKS: GAM_23
0  8.368106e+05  5.094921e+03
1  -6.891022e+05  -6.533735e+02
2  -1.597690e+05  2.174466e+03
3  -6.121769e+04  4.669597e+03
4  -2.781924e+04  1.501648e+03
5  -1.285588e+04  6.218271e+02
6  -2.485547e+03  -7.034905e+02
7  3.258354e+03  -1.484671e+03
8  3.388239e+03  -4.988502e+02
9  2.507119e+03  3.028653e+02
10  2.379268e+03  4.222562e+02
11  1.350656e+03  5.006992e+02
12  5.329185e+02  7.359116e+02
13  1.998625e+02  8.905663e+01
14  1.858552e+02  -4.554214e+01
15  2.553628e+02  -3.020072e+01
16  2.267768e+02  -8.255227e+01
17  1.592966e+02  -5.853585e+01
18  7.633432e+01  -2.488176e+01
19  4.581561e+01  1.250989e+01
20  3.420781e+01  1.847934e+01
21  -4.152858e+00  2.106999e+01
22  -5.666385e+00  1.595685e+01
23  1.313991e+01  1.550818e+01
24  1.624106e+01  6.395549e+00
25  9.719164e+00  2.272532e+00
26  8.153133e+00  -4.188447e-01
27  8.553278e+00  -1.682011e+00
28  9.301094e+00  -1.009193e-01
29  6.764570e+00  5.514324e-01
30  3.796865e+00  -3.832828e-01
31  1.909723e+00  -1.876751e+00
32  -4.954746e-02  -2.068499e+00
33  3.902721e-01  -2.767866e+00
34  3.374897e-01  -2.714640e+00
35  -5.371224e-01  -1.545816e+00
36  -2.553166e+00  -8.441956e-01
37  -5.278212e+00  -1.540760e+00
38  -8.045134e+00  -3.364971e+00
39  -9.926272e+00  -4.660575e+00
40  -1.560079e+01  -4.072644e+00
41  -1.857722e+01  4.041316e+00
42  -1.431066e+01  7.860377e+00
43  -1.748900e+01  -5.424701e+00
44  1.944888e+01  -8.893123e+00
45  2.324858e+01  4.146179e+01
46  2.832542e+01  2.012033e+01
47  -1.715787e+01  -3.942024e+00
48  -3.548678e+01  6.819906e+00
49  -1.627775e+01  1.156175e+02
50  -2.457170e+02  2.303329e+02
51  -2.597901e+02  3.042313e+02
52  -3.062926e+02  4.048332e+02
53  -8.021904e+02  3.123984e+02
54  -1.077814e+03  6.405319e+02
55  -2.182605e+02  1.690880e+03
56  5.105143e+02  2.624959e+03
57  2.220994e+03  2.483625e+03
58  3.504472e+03  3.562406e+03
59  3.498124e+03  6.045448e+03
60  -1.305445e+04  9.758118e+03
61  -5.931740e+04  9.038930e+03
62  -1.727420e+05  1.357752e+04
63  -7.152172e+05  1.119317e+04
ENDPROP
STARTPROP
MASSES:  4.500000e-02   4.200000e-03
SOURCE: GAM_32
SINKS: GAM_32
0  8.368106e+05  5.094921e+03
1  -6.891022e+05  -6.533735e+02
2  -1.597690e+05  2.174466e+03
3  -6.121769e+04  4.669597e+03
4  -2.781924e+04  1.501648e+03
5  -1.285588e+04  6.218271e+02
6  -2.485547e+03  -7.034905e+02
7  3.258354e+03  -1.484671e+03
8  3.388239e+03  -4.988502e+02
9  2.507119e+03  3.028653e+02
10  2.379268e+03  4.222562e+02
11  1.350656e+03  5.006992e+02
12  5.329185e+02  7.359116e+02
13  1.998625e+02  8.905663e+01
14  1.858552e+02  -4.554214e+01
15  2.553628e+02  -3.020072e+01
16  2.267768e+02  -8.255227e+01
17  1.592966e+02  -5.853585e+01
18  7.633432e+01  -2.488176e+01
19  4.581561e+01  1.250989e+01
20  3.420781e+01  1.847934e+01
21  -4.152858e+00  2.106999e+01
22  -5.666385e+00  1.595685e+01
23  1.313991e+01  1.550818e+01
24  1.624106e+01  6.395549e+00
25  9.719164e+00  2.272532e+00
26  8.153133e+00  -4.188447e-01
27  8.553278e+00  -1.682011e+00
28  9.301094e+00  -1.009193e-01
29  6.764570e+00  5.514324e-01
30  3.796865e+00  -3.832828e-01
31  1.909723e+00  -1.876751e+00
32  -4.954746e-02  -2.068499e+00
33  3.902721e-01  -2.767866e+00
34  3.374897e-01  -2.714640e+00
35  -5.371224e-01  -1.545816e+00
36  -2.553166e+00  -8.441956e-01
37  -5.278212e+00  -1.540760e+00
38  -8.045134e+00  -3.364971e+00
39  -9.926272e+00  -4.660575e+00
40  -1.560079e+01  -4.072644e+00
41  -1.857722e+01  4.041316e+00
42  -1.431066e+01  7.860377e+00
43  -1.748900e+01  -5.424701e+00
44  1.944888e+01  -8.893123e+00
45  2.324858e+01  4.146179e+01
46  2.832542e+01  2.012033e+01
47  -1.715787e+01  -3.942024e+00
48  -3.548678e+01  6.819906e+00
49  -1.627775e+01  1.156175e+02
50  -2.457170e+02  2.303329e+02
51  -2.597901e+02  3.042313e+02
52  -3.062926e+02  4.048332e+02
53  -8.021904e+02  3.123984e+02
54  -1.077814e+03  6.405319e+02
55  -2.182605e+02  1.690880e+03
56  5.105143e+02  2.624959e+03
57  2.220994e+03  2.483625e+03
58  3.504472e+03  3.562406e+03
59  3.498124e+03  6.045448e+03
60  -1.305445e+04  9.758118e+03
61  -5.931740e+04  9.038930e+03
62  -1.727420e+05  1.357752e+04
63  -7.152172e+05  1.119317e+04
ENDPROP
STARTPROP
MASSES:  4.500000e-02   4.200000e-03
SOURCE: GAM_24
SINKS: GAM_24
0  5.060866e+04  9.087530e+03
1  1.339623e+06  1.426405e+04
2  5.479437e+05  2.923197e+03
3  2.719886e+05  5.026542e+03
4  1.314192e+05  2.529338e+03
5  6.243109e+04  4.026285e+03
6  3.030200e+04  5.227900e+03
7  1.626370e+04  5.062093e+03
8  9.694858e+03  3.568145e+03
9  5.034431e+03  2.292227e+03
10  1.809151e+03  1.026767e+03
11  7.080810e+02  5.679779e+02
12  9.165218e+02  3.750529e+02
13  1.093710e+03  1.403561e+02
14  1.076741e+03  1.906414e+02
15  8.603009e+02  1.599625e+02
16  4.697862e+02  7.999765e+01
17  1.826695e+02  7.976925e+01
18  2.680390e+01  8.262261e+01
19  9.389683e+00  5.529703e+01
20  6.585198e-01  4.349336e+01
21  1.143153e+01  4.238389e+01
22  9.264483e+00  1.834544e+01
23  1.395545e+01  6.796541e+00
24  8.904421e+00  1.234502e+00
25  1.131010e+01  -3.141068e+00
26  3.871637e+00  1.385830e+00
27  2.082285e+00  -9.890801e-01
28  1.665803e+00  -1.764366e+00
29  3.003382e+00  4.660906e-01
30  3.298095e+00  7.470316e-01
31  1.928120e+00  -8.095932e-02
32  1.210457e+00  -4.696932e-01
33  -2.348801e-01  -3.423446e-01
34  -1.314336e+00  1.917341e-01
35  -9.771380e-01  1.860569e+00
36  5.955589e-01  3.339897e+00
37  3.170241e+00  3.979686e+00
38  3.400116e+00  2.752648e+00
39  9.131475e+00  8.222611e-01
40  1.266170e+01  5.422120e+00
41  1.008887e+01  5.718982e+00
42  -3.629767e+00  -1.624562e+00
43  -4.641988e+00  9.931198e+00
44  -2.075521e+01  9.076729e+00
45  -3.888059e+01  2.191618e+01
46  -3.797753e+01  6.946708e+01
47  -2.994319e+01  1.054409e+02
48  4.373005e+01  8.690004e+01
49  2.993325e+02  -4.364570e+01
50  7.910857e+02  -1.285792e+02
51  9.370999e+02  -1.329550e+02
52  1.154994e+03  1.824083e+02
53  1.840370e+03  7.654076e+02
54  2.691244e+03  7.051967e+02
55  5.268984e+03  9.373552e+02
56  1.176136e+04  9.888456e+02
57  1.962154e+04  9.325309e+02
58  3.601853e+04  1.950082e+03
59  7.325962e+04  2.629679e+03
60  1.524882e+05  4.733526e+03
61  3.136883e+05  6.372221e+03
62  6.041059e+05  -2.104092e+03
63  1.398681e+06  -2.892315e+02
ENDPROP
STARTPROP
MASSES:  4.500000e-02   4.200000e-03
SOURCE: GAM_42
SINKS: GAM_42
0  5.060866e+04  9.087530e+03
1  1.339623e+06  1.426405e+04
2  5.479437e+05  2.923197e+03
3  2.719886e+05  5.026542e+03
4  1.314192e+05  2.529338e+03
5  6.243109e+04  4.026285e+03
6  3.030200e+04  5.227900e+03
7  1.626370e+04  5.062093e+03
8  9.694858e+03  3.568145e+03
9  5.034431e+03  2.292227e+03
10  1.809151e+03  1.026767e+03
11  7.080810e+02  5.679779e+02
12  9.165218e+02  3.750529e+02
13  1.093710e+03  1.403561e+02
14  1.076741e+03  1.906414e+02
15  8.603009e+02  1.599625e+02
16  4.697862e+02  7.999765e+01
17  1.826695e+02  7.976925e+01
18  2.680390e+01  8.262261e+01
19  9.389683e+00  5.529703e+01
20  6.585198e-01  4.349336e+01
21  1.143153e+01  4.238389e+01
22  9.264483e+00  1.834544e+01
23  1.395545e+01  6.796541e+00
24  8.904421e+00  1.234502e+00
25  1.131010e+01  -3.141068e+00
26  3.871637e+00  1.385830e+00
27  2.082285e+00  -9.890801e-01
28  1.665803e+00  -1.764366e+00
29  3.003382e+00  4.660906e-01
30  3.298095e+00  7.470316e-01
31  1.928120e+00  -8.095932e-02
32  1.210457e+00  -4.696932e-01
33  -2.348801e-01  -3.423446e-01
34  -1.314336e+00  1.917341e-01
35  -9.771380e-01  1.860569e+00
36  5.955589e-01  3.339897e+00
37  3.170241e+00  3.979686e+00
38  3.400116e+00  2.752648e+00
39  9.131475e+00  8.222611e-01
40  1.266170e+01  5.422120e+00
41  1.008887e+01  5.718982e+00
42  -3.629767e+00  -1.624562e+00
43  -4.641988e+00  9.931198e+00
44  -2.075521e+01  9.076729e+00
45  -3.888059e+01  2.191618e+01
46  -3.797753e+01  6.946708e+01
47  -2.994319e+01  1.054409e+02
48  4.373005e+01  8.690004e+01
49  2.993325e+02  -4.364570e+01
50  7.910857e+02  -1.285792e+02
51  9.370999e+02  -1.329550e+02
52  1.154994e+03  1.824083e+02
53  1.840370e+03  7.654076e+02
54  2.691244e+03  7.051967e+02
55  5.268984e+03  9.373552e+02
56  1.176136e+04  9.888456e+02
57  1.962154e+04  9.325309e+02
58  3.601853e+04  1.950082e+03
59  7.325962e+04  2.629679e+03
60  1.524882e+05  4.733526e+03
61  3.136883e+05  6.372221e+03
62  6.041059e+05  -2.104092e+03
63  1.398681e+06  -2.892315e+02
ENDPROP
STARTPROP
MASSES:  4.500000e-02   4.200000e-03
SOURCE: GAM_34
SINKS: GAM_34
0  4.409134e+04  -8.468965e+03
1  1.344881e+06  4.670648e+03
2  5.702374e+05  1.187149e+04
3  2.988137e+05  9.342434e+03
4  1.534984e+05  7.581610e+03
5  8.060988e+04  3.856567e+03
6  4.156962e+04  4.069369e+02
7  2.049934e+04  2.461678e+02
8  1.025138e+04  1.172006e+02
9  5.176830e+03  -2.660333e+01
10  2.672546e+03  5.908350e+01
11  1.636715e+03  -3.331714e+02
12  8.798864e+02  -1.226217e+02
13  5.927363e+02  2.157265e+02
14  4.810289e+02  1.393133e+02
15  3.305819e+02  1.356890e+02
16  2.062252e+02  2.207665e+01
17  1.477442e+02  -2.927282e+01
18  1.430801e+02  -4.341046e+01
19  1.124133e+02  -5.041775e+01
20  9.959238e+01  -2.946485e+01
21  7.211271e+01  2.066227e+00
22  7.247075e+01  -7.363550e-01
23  4.367535e+01  5.691942e+00
24  2.364837e+01  1.683653e+00
25  1.744572e+01  -2.693391e+00
26  1.007264e+01  -5.242380e+00
27  4.906677e+00  -2.207222e+00
28  4.768104e+00  1.851838e+00
29  3.125666e+00  2.974187e+00
30  1.021770e+00  1.899292e+00
31  9.834461e-01  6.913938e-01
32  8.761312e-01  9.118421e-01
33  7.514102e-01  5.699025e-01
34  1.033311e+00  6.801682e-01
35  9.496006e-01  2.118149e+00
36  1.410108e+00  2.223233e+00
37  3.667853e+00  3.426276e+00
38  1.750849e-01  6.474116e+00
39  -1.068132e+00  3.076808e+00
40  -5.275750e+00  -7.032284e+00
41  -8.255960e+00  -2.540248e+01
42  -4.780332e+00  -4.590828e+01
43  2.367176e+01  -5.413301e+01
44  6.453122e+01  -8.608110e+01
45  4.880008e+01  -1.243450e+02
46  5.366655e+01  -1.171198e+02
47  3.175254e+01  -5.901308e+01
48  -4.103305e+00  -3.301748e+01
49  1.243169e+02  -6.825756e+01
50  8.678812e+01  1.633022e+02
51  5.948640e+01  2.014407e+02
52  5.388088e+02  -2.128866e+02
53  9.930118e+02  -4.693739e+02
54  2.876278e+03  -3.542092e+02
55  6.258729e+03  -5.791370e+01
56  1.330620e+04  1.533757e+03
57  2.163463e+04  3.754597e+03
58  3.941493e+04  6.559909e+03
59  7.679589e+04  8.928973e+03
60  1.504332e+05  5.408730e+03
61  2.994036e+05  4.810087e+02
62  5.790737e+05  -7.609014e+03
63  1.371255e+06  -8.508532e+03
ENDPROP
STARTPROP
MASSES:  4.500000e-02   4.200000e-03
SOURCE: GAM_43
SINKS: GAM_43
0  4.409134e+04  -8.468965e+03
1  1.344881e+06  4.670648e+03
2  5.702374e+05  1.187149e+04
3  2.988137e+05  9.342434e+03
4  1.534984e+05  7.581610e+03
5  8.060988e+04  3.856567e+03
6  4.156962e+04  4.069369e+02
7  2.049934e+04  2.461678e+02
8  1.025138e+04  1.172006e+02
9  5.176830e+03  -2.660333e+01
10  2.672546e+03  5.908350e+01
11  1.636715e+03  -3.331714e+02
12  8.798864e+02  -1.226217e+02
13  5.927363e+02  2.157265e+02
14  4.810289e+02  1.393133e+02
15  3.305819e+02  1.356890e+02
16  2.062252e+02  2.207665e+01
17  1.477442e+02  -2.927282e+01
18  1.430801e+02  -4.341046e+01
19  1.124133e+02  -5.041775e+01
20  9.959238e+01  -2.946485e+01
21  7.211271e+01  2.066227e+00
22  7.247075e+01  -7.363550e-01
23  4.367535e+01  5.691942e+00
24  2.364837e+01  1.683653e+00
25  1.744572e+01  -2.693391e+00
26  1.007264e+01  -5.242380e+00
27  4.906677e+00  -2.207222e+00
28  4.768104e+00  1.851838e+00
29  3.125666e+00  2.974187e+00
30  1.021770e+00  1.899292e+00
31  9.834461e-01  6.913938e-01
32  8.761312e-01  9.118421e-01
33  7.514102e-01  5.699025e-01
34  1.033311e+00  6.801682e-01
35  9.496006e-01  2.118149e+00
36  1.410108e+00  2.223233e+00
37  3.667853e+00  3.426276e+00
38  1.750849e-01  6.474116e+00
39  -1.068132e+00  3.076808e+00
40  -5.275750e+00  -7.032284e+00
41  -8.255960e+00  -2.540248e+01
42  -4.780332e+00  -4.590828e+01
43  2.367176e+01  -5.413301e+01
44  6.453122e+01  -8.608110e+01
45  4.880008e+01  -1.243450e+02
46  5.366655e+01  -1.171198e+02
47  3.175254e+01  -5.901308e+01
48  -4.103305e+00  -3.301748e+01
49  1.243169e+02  -6.825756e+01
50  8.678812e+01  1.633022e+02
51  5.948640e+01  2.014407e+02
52  5.388088e+02  -2.128866e+02
53  9.930118e+02  -4.693739e+02
54  2.876278e+03  -3.542092e+02
55  6.258729e+03  -5.791370e+01
56  1.330620e+04  1.533757e+03
57  2.163463e+04  3.754597e+03
58  3.941493e+04  6.559909e+03
59  7.679589e+04  8.928973e+03
60  1.504332e+05  5.408730e+03
61  2.994036e+05  4.810087e+02
62  5.790737e+05  -7.609014e+03
63  1.371255e+06  -8.508532e+03
ENDPROP
STARTPROP
MASSES:  4.500000e-02   4.200000e-03
SOURCE: GAM_15
SINKS: GAM_15
0  -6.067225e+04  9.202187e+03
1  -1.014483e+06  1.699806e+04
2  -2.835069e+05  2.190975e+04
3  -9.122886e+04  1.533435e+04
4  -2.616165e+04  6.200380e+03
5  -5.677717e+03  9.350945e+01
6  3.716496e+03  -2.085061e+03
7  6.742141e+03  -3.234205e+03
8  5.497834e+03  -2.097150e+03
9  3.271293e+03  -6.824011e+02
10  1.100232e+03  -1.527887e+02
11  1.444924e+02  -4.331918e+02
12  5.622343e+02  -3.253938e+01
13  6.149193e+02  1.382502e+02
14  4.415826e+02  2.062766e+02
15  2.480135e+02  3.205072e+02
16  5.566174e+01  3.578409e+02
17  -5.162096e+01  3.152017e+02
18  -1.179615e+02  2.347356e+02
19  -8.112156e+01  1.361776e+02
20  -2.055347e+01  5.195989e+01
21  1.755529e+00  6.535132e+00
22  9.826256e-01  3.619455e+00
23  8.184205e-01  9.317348e+00
24  -3.494089e+00  5.495462e+00
25  -6.567126e+00  3.732224e+00
26  -4.084132e+00  -1.260688e+00
27  -3.616606e+00  -4.281422e+00
28  3.050627e-01  -5.559951e+00
29  1.100832e+00  -3.902925e+00
30  -1.264857e+00  -2.198946e+00
31  -2.904370e+00  -2.672473e+00
32  -2.918654e+00  -1.918576e+00
33  -2.546975e+00  4.020630e-01
34  -2.441661e+00  3.448293e+00
35  -2.558867e+00  5.678809e+00
36  -2.618535e+00  5.685901e+00
37  1.952614e-01  5.145849e+00
38  5.395755e+00  7.330060e+00
39  8.532202e+00  1.250804e+01
40  8.295731e+00  1.285184e+01
41  6.625459e+00  1.147752e+01
42  5.760870e+00  1.711149e+01
43  -1.781537e+01  2.605110e+01
44  -1.765192e+01  4.291540e+01
45  -1.454080e+00  7.946746e+01
46  2.228542e+01  1.311638e+02
47  2.373654e+01  2.263356e+02
48  1.099526e+02  2.123715e+02
49  2.117377e+02  2.310072e+02
50  3.913744e+02  2.392256e+02
51  2.623414e+02  2.251162e+02
52  2.330514e+02  1.102509e+02
53  -3.511981e+02  4.974352e+02
54  -1.373443e+03  8.997546e+02
55  -2.912681e+03  2.599406e+03
56  -1.867045e+03  3.766412e+03
57  -1.433680e+03  3.756070e+03
58  -2.715997e+03  3.679785e+03
59  -4.437758e+03  3.099976e+01
60  -2.026460e+04  -4.449360e+03
61  -9.998881e+04  -7.078723e+03
62  -2.909084e+05  9.697017e+01
63  -1.028002e+06  1.096842e+04
ENDPROP
STARTPROP
MASSES:  4.500000e-02   4.200000e-03
SOURCE: GAM_25
SINKS: GAM_25
0  -2.865816e+04  -1.025951e+04
1  -9.727323e+05  -1.181184e+04
2  -2.614320e+05  -7.858066e+03
3  -9.756479e+04  -2.379313e+03
4  -3.217439e+04  -1.204611e+03
5  -6.244551e+03  2.167036e+03
6  1.796102e+03  2.964435e+03
7  3.026845e+03  1.526048e+03
8  3.087118e+03  7.505033e+02
9  1.834243e+03  5.617077e+02
10  1.537135e+03  -4.645668e+02
11  5.532816e+02  -4.127245e+02
12  -1.560500e+02  1.363712e+02
13  -6.629681e+02  1.153326e+02
14  -4.928298e+02  1.062581e+02
15  -1.741195e+02  1.535304e+02
16  -1.126567e+02  1.256701e+02
17  -1.006102e+02  6.889795e+01
18  -6.165301e+01  2.804888e+01
19  -8.248930e+01  -4.577405e+01
20  -5.535351e+01  -6.855668e+01
21  -2.925192e+01  -6.799606e+01
22  -1.704365e+01  -3.501357e+01
23  -1.902198e+01  -1.603633e+01
24  -1.586198e+01  -5.307929e+00
25  -1.052936e+01  -1.057011e+00
26  -4.597312e+00  1.615064e+00
27  2.720857e-01  2.823500e+00
28  1.168672e+00  4.415086e+00
29  2.156488e+00  4.930880e+00
30  6.925858e-01  3.125553e+00
31  -3.452443e-01  1.635291e+00
32  -1.504088e-01  3.852948e-02
33  -1.092901e+00  -1.226219e+00
34  -4.358382e+00  -2.663189e+00
35  -9.170934e+00  -4.245533e+00
36  -1.410949e+01  -6.008948e+00
37  -1.771142e+01  -4.926897e+00
38  -1.437276e+01  -3.862043e+00
39  -1.071884e+01  -2.478552e-01
40  -4.854856e+00  1.657959e+00
41  -7.907971e-01  5.746762e+00
42  8.904123e+00  1.588054e+01
43  3.230100e+01  9.545159e+00
44  7.047491e+01  -6.965703e+00
45  1.151965e+02  -2.382661e+01
46  2.086998e+02  -2.602230e+01
47  2.706873e+02  -6.968318e+01
48  3.897525e+02  -1.534895e+02
49  3.094995e+02  -1.725745e+02
50  1.718526e+02  -1.811956e+02
51  1.039554e+02  -1.672325e+02
52  -3.612229e+01  9.019216e+01
53  -3.989051e+02  3.288644e+02
54  -9.768618e+02  3.170777e+02
55  -2.084098e+03  4.790503e+02
56  -2.929431e+03  1.635150e+03
57  -5.051935e+03  5.177919e+03
58  -6.966106e+03  8.814769e+03
59  -1.365583e+04  9.436671e+03
60  -4.580921e+04  6.557083e+03
61  -1.267359e+05  2.770527e+02
62  -3.177151e+05  1.108379e+03
63  -1.026744e+06  -4.134770e+03
ENDPROP
STARTPROP
MASSES:  4.500000e-02   4.200000e-03
SOURCE: GAM_35
SINKS: GAM_35
0  -4.781897e+04  5.606004e+03
1  -1.018941e+06  6.437424e+03
2  -3.024419e+05  6.657879e+03
3  -1.213729e+05  4.643879e+03
4  -4.784562e+04  1.902932e+03
5  -1.600112e+04  1.502289e+03
6  -8.220812e+02  -1.295320e+02
7  4.561259e+03  -2.826157e+02
8  3.869872e+03  -1.070318e+03
9  3.044573e+03  -6.084125e+00
10  2.657007e+03  5.516395e+02
11  1.027948e+03  9.695519e+02
12  4.341497e+02  9.287998e+02
13  -1.216157e+02  6.356397e+02
14  -2.208410e+01  5.686526e+02
15  1.268457e+02  4.309835e+02
16  1.260048e+02  2.441620e+02
17  1.396788e+02  9.100477e+01
18  6.032890e+01  3.028649e+01
19  -1.412297e+01  2.661349e+01
20  -1.471200e+01  1.745508e+01
21  3.719318e+00  1.653301e+01
22  1.483724e+01  9.723507e+00
23  8.395888e-01  1.694968e+01
24  -3.661597e+00  1.267261e+01
25  -1.515973e+00  1.319013e+01
26  -3.076010e+00  1.082298e+01
27  -3.927918e+00  5.743964e+00
28  -1.838763e+00  1.972404e+00
29  1.291992e-01  3.280225e-01
30  9.321508e-01  5.894171e-01
31  1.691250e+00  6.748096e-01
32  1.540346e+00  -3.499756e-01
33  1.509469e+00  -2.187265e+00
34  1.706554e+00  -1.126602e+00
35  -3.888747e-02  -5.043016e-01
36  -2.033929e+00  -1.611648e+00
37  -2.607281e-01  -5.337401e+00
38  7.252355e-01  -4.137629e+00
39  4.764848e+00  -9.353183e+00
40  -1.088304e+00  -1.333991e+01
41  -1.994860e+01  -1.908250e+01
42  -2.669087e+01  -3.300299e+01
43  -2.016391e+01  -5.122794e+01
44  1.404787e+01  -3.217894e+01
45  5.873094e+01  3.652346e+01
46  1.467138e+02  7.177093e+01
47  1.480365e+02  -4.697923e+00
48  1.285074e+02  -1.416227e+02
49  2.947599e+02  -2.335495e+02
50  5.401002e+02  -2.360989e+02
51  4.563117e+02  -2.186238e+02
52  6.226031e+01  -8.708557e+01
53  1.438571e+01  1.172707e+02
54  -3.212148e+02  7.635547e+02
55  -1.202194e+03  1.676262e+03
56  -1.659094e+03  1.936004e+03
57  -4.844291e+03  3.668409e+03
58  -1.456869e+04  6.452940e+03
59  -2.592810e+04  9.279446e+03
60  -5.905277e+04  1.138877e+04
61  -1.318235e+05  9.613411e+03
62  -3.282766e+05  1.143984e+04
63  -1.060014e+06  1.125536e+04
ENDPROP
STARTPROP
MASSES:  4.500000e-02   4.200000e-03
SOURCE: GAM_45
SINKS: GAM_45
0  -1.300922e+06  -1.126096e+03
1  9.599772e+05  3.857461e+03
2  4.802774e+05  7.768305e+02
3  3.391857e+05  3.639861e+03
4  2.358422e+05  2.259879e+03
5  1.662970e+05  4.399384e+03
6  1.156761e+05  3.963022e+03
7  8.205243e+04  2.455815e+03
8  5.596436e+04  1.854318e+03
9  3.930584e+04  1.629318e+03
10  2.686757e+04  1.136088e+03
11  1.862811e+04  7.916739e+02
12  1.277803e+04  3.286687e+02
13  8.894697e+03  1.403906e+02
14  5.939810e+03  4.024970e+01
15  4.160885e+03  -4.336706e+01
16  2.872059e+03  -4.805579e+01
17  2.043326e+03  -6.045563e+01
18  1.393872e+03  -3.671935e+01
19  1.015016e+03  7.175106e+00
20  7.312059e+02  1.800552e+01
21  4.919808e+02  2.246173e+01
22  3.483093e+02  2.244338e+01
23  2.233030e+02  2.393677e+01
24  1.518317e+02  1.793992e+01
25  9.960871e+01  1.018106e+01
26  7.103887e+01  5.914515e+00
27  4.802840e+01  1.798689e+00
28  3.310813e+01  2.448292e+00
29  2.374652e+01  1.007275e+00
30  1.778293e+01  -2.080573e-01
31  1.472795e+01  -7.909445e-01
32  1.458235e+01  -2.834722e-01
33  1.649576e+01  3.689823e-01
34  2.102968e+01  1.125640e+00
35  2.618087e+01  1.428805e+00
36  3.682260e+01  1.919057e+00
37  5.096465e+01  2.540899e+00
38  7.101193e+01  2.677704e+00
39  1.001397e+02  4.810641e+00
40  1.410894e+02  3.287325e+00
41  2.081577e+02  9.354978e+00
42  2.970685e+02  1.755792e+01
43  4.508170e+02  1.983474e+01
44  6.798772e+02  3.472073e+01
45  9.624599e+02  4.145899e+01
46  1.400287e+03  1.624527e+01
47  2.085099e+03  -1.126695e+01
48  3.018524e+03  -8.429421e+01
49  4.450213e+03  -1.174837e+02
50  6.438763e+03  -2.301162e+02
51  9.058982e+03  -2.033363e+02
52  1.332321e+04  -4.045129e+02
53  1.933762e+04  -6.314566e+02
54  2.793253e+04  -6.797092e+02
55  3.945300e+04  -7.015039e+02
56  5.813253e+04  -1.175829e+03
57  8.070122e+04  -1.542636e+03
58  1.156048e+05  -2.164982e+03
59  1.655902e+05  -4.205333e+03
60  2.372143e+05  -5.170110e+03
61  3.459842e+05  -3.708567e+03
62  4.868447e+05  -5.077528e+03
63  9.796027e+05  -5.981328e+03
ENDPROP
STARTPROP
MASSES:  4.500000e-02   4.200000e-03
SOURCE: PSAX4
SINKS: GAM_4
0  -1.254133e+04  1.587765e+04
1  1.665846e+06  2.044571e+04
2  1.026332e+06  1.934049e+04
3  7.031697e+05  1.890439e+04
4  4.875167e+05  1.430786e+04
5  3.407039e+05  1.481656e+04
6  2.364731e+05  1.352995e+04
7  1.655810e+05  9.768850e+03
8  1.140470e+05  6.836286e+03
9  7.921972e+04  5.282220e+03
10  5.413006e+04  3.884996e+03
11  3.740271e+04  2.856838e+03
12  2.584169e+04  1.775931e+03
13  1.805664e+04  1.099417e+03
14  1.233151e+04  6.117643e+02
15  8.655916e+03  4.096876e+02
16  6.026500e+03  2.731659e+02
17  4.243668e+03  1.527266e+02
18  2.948445e+03  1.014977e+02
19  2.097563e+03  9.115559e+01
20  1.496443e+03  7.289712e+01
21  1.017854e+03  5.468051e+01
22  7.147888e+02  4.681245e+01
23  4.791138e+02  3.317911e+01
24  3.291983e+02  2.128472e+01
25  2.203801e+02  1.519213e+01
26  1.529788e+02  9.477940e+00
27  1.034294e+02  7.134100e+00
28  6.944372e+01  5.048683e+00
29  4.457968e+01  2.282910e+00
30  2.591023e+01  -1.414920e-02
31  1.107964e+01  -1.570350e+00
32  -5.787032e-01  -2.468108e+00
33  -1.235287e+01  -3.294377e+00
34  -2.613740e+01  -4.279866e+00
35  -4.169835e+01  -4.858843e+00
36  -6.411070e+01  -5.445662e+00
37  -9.518429e+01  -5.908280e+00
38  -1.398379e+02  -6.911610e+00
39  -2.011940e+02  -1.281597e+01
40  -2.912282e+02  -1.478455e+01
41  -4.228414e+02  -2.748538e+01
42  -6.110981e+02  -4.167625e+01
43  -8.947112e+02  -5.744807e+01
44  -1.322300e+03  -8.867189e+01
45  -1.903609e+03  -1.158153e+02
46  -2.775659e+03  -1.267469e+02
47  -4.083318e+03  -1.548740e+02
48  -5.878255e+03  -1.526862e+02
49  -8.513168e+03  -2.124508e+02
50  -1.228766e+04  -2.486702e+02
51  -1.750982e+04  -3.006001e+02
52  -2.567799e+04  -1.799826e+02
53  -3.725661e+04  2.933608e+02
54  -5.434088e+04  5.733892e+02
55  -7.840065e+04  7.813306e+02
56  -1.152268e+05  7.211010e+02
57  -1.633207e+05  1.515321e+03
58  -2.371421e+05  1.872472e+03
59  -3.428854e+05  3.035409e+03
60  -4.993619e+05  4.820092e+03
61  -7.294058e+05  3.639524e+03
62  -1.049307e+06  7.310170e+03
63  -1.702062e+06  1.049871e+04
ENDPROP
STARTPROP
MASSES:  4.500000e-02   4.200000e-03
SOURCE: WWPSAX4
SINKS: GAM_4
0  1.803074e+08  4.368389e+07
1  1.939337e+09  1.399328e+08
2  5.490493e+08  -4.475336e+07
3  4.726840e+08  -4.573653e+06
4  1.572890e+08  3.606899e+07
5  2.097592e+08  2.676501e+07
6  5.286806e+07  1.918152e+06
7  1.032514e+08  1.977893e+07
8  3.994170e+07  -1.237424e+07
9  4.262852e+07  -6.678783e+06
10  4.432568e+07  1.104168e+06
11  2.953609e+07  2.692815e+06
12  1.545388e+07  1.719268e+06
13  1.196619e+07  3.065267e+05
14  9.022675e+06  1.658908e+06
15  6.788493e+06  -1.263434e+06
16  3.255949e+06  8.926212e+05
17  1.952528e+06  1.287315e+05
18  7.598183e+05  -1.810267e+05
19  8.317759e+05  1.799543e+05
20  1.038673e+06  2.198448e+05
21  2.559674e+05  2.656125e+05
22  3.257118e+05  2.079376e+05
23  2.367579e+05  -8.466056e+04
24  2.410225e+05  -3.514987e+03
25  1.188025e+05  8.032168e+03
26  4.549101e+04  -5.559121e+04
27  5.948342e+04  3.301852e+04
28  1.276468e+04  -1.485225e+04
29  3.193181e+04  -1.017652e+04
30  3.193619e+04  -2.399225e+03
31  6.581614e+03  -2.880150e+03
32  5.556452e+03  -6.246387e+02
33  -7.394325e+03  6.775589e+03
34  -8.026881e+03  -1.778745e+04
35  -4.402173e+04  -1.784652e+04
36  -4.915647e+04  -8.133720e+03
37  -6.462187e+04  1.490631e+04
38  -1.134274e+05  2.543936e+04
39  -1.734848e+05  1.433147e+04
40  -2.853067e+05  1.052105e+04
41  -2.553032e+05  5.159551e+04
42  -4.962711e+05  -6.841443e+04
43  -3.336700e+05  3.552771e+05
44  -5.572228e+05  2.421714e+05
45  -7.455818e+05  2.271819e+05
46  -3.101285e+06  -8.579196e+05
47  -2.396136e+06  3.333064e+05
48  -5.233892e+06  -1.728104e+06
49  -8.232172e+06  2.325253e+06
50  -1.219900e+07  -6.705989e+05
51  -9.017812e+06  -1.444173e+06
52  -2.370782e+07  -7.179458e+06
53  -1.948874e+07  -4.707953e+06
54  -3.147525e+07  1.310423e+06
55  -3.542957e+07  1.292133e+07
56  -6.271513e+07  3.483343e+06
57  -1.316874e+08  4.581098e+06
58  -1.985150e+08  1.708880e+07
59  -1.345882e+08  3.811518e+07
60  -2.595482e+08  7.067071e+07
61  -4.915131e+08  3.523784e+07
62  -6.686496e+08  6.283991e+07
63  -1.580272e+09  4.310577e+07
ENDPROP
STARTPROP
MASSES:  4.500000e-02   4.200000e-03
SOURCE: WWGAM_5
SINKS: GAM_5
0  1.728445e+10  -3.966737e+01
1  2.671381e+09  1.476863e+08
2  1.279421e+09  2.307354e+07
3  8.435914e+08  -5.050125e+07
4  4.529442e+08  -5.871807e+06
5  3.784399e+08  8.621771e+06
6  2.344159e+08  2.160280e+07
7  1.662898e+08  2.278614e+07
8  1.183284e+08  7.775180e+06
9  9.406752e+07  9.020297e+05
10  7.762745e+07  5.596503e+06
11  4.278488e+07  -7.027371e+05
12  2.929367e+07  2.374639e+06
13  2.045596e+07  -5.226503e+05
14  1.442147e+07  5.914103e+04
15  1.265943e+07  -6.192035e+05
16  6.087867e+06  6.095029e+05
17  4.927300e+06  1.096579e+06
18  3.013948e+06  2.783470e+05
19  2.705126e+06  1.772735e+04
20  1.589619e+06  2.846402e+05
21  9.166201e+05  2.097559e+05
22  6.332449e+05  2.672247e+05
23  5.378732e+05  -9.303235e+04
24  4.326666e+05  2.604641e+04
25  2.288008e+05  7.049404e+02
26  1.576074e+05  -4.223839e+04
27  1.355170e+05  4.846993e+04
28  6.966554e+04  2.374774e+04
29  7.478879e+04  -5.445034e+03
30  6.812649e+04  -7.484143e+03
31  2.999130e+04  9.186332e+03
32  3.059340e+04  2.448109e+03
33  2.779047e+04  4.947503e+03
34  4.731945e+04  9.567770e+03
35  6.809554e+04  1.180711e+04
36  9.758374e+04  2.163402e+04
37  1.678618e+05  1.639450e+04
38  1.497610e+05  5.241858e+03
39  3.075772e+05  -1.718815e+04
40  4.297813e+05  -1.143822e+04
41  5.701196e+05  6.849589e+04
42  6.958501e+05  -1.793800e+04
43  8.510544e+05  -1.107726e+05
44  1.437758e+06  -3.840425e+05
45  2.172226e+06  -3.578735e+05
46  4.830936e+06  9.396590e+05
47  4.817510e+06  5.571614e+05
48  8.074400e+06  1.500011e+06
49  1.201474e+07  -1.377844e+06
50  1.851673e+07  1.287030e+06
51  2.056668e+07  2.591198e+06
52  3.681358e+07  3.955856e+06
53  5.014102e+07  7.074926e+06
54  6.515410e+07  2.510987e+06
55  8.593744e+07  -8.995496e+06
56  1.061730e+08  -6.037210e+06
57  1.832635e+08  7.249177e+05
58  2.791945e+08  -3.340561e+07
59  3.482812e+08  -9.075909e+06
60  5.356597e+08  -7.275134e+07
61  9.568358e+08  -1.188473e+07
62  1.142283e+09  -8.981034e+07
63  2.828103e+09  -1.486369e+06
ENDPROP
