STARTPROP
MASSES:  4.500000e-02   4.200000e-03
SOURCE: GAM_1
SINKS: GAM_1
0  1.245071e+06  1.388414e+03
1  1.959731e+06  -1.073600e+03
2  9.033236e+05  6.126033e+03
3  4.796367e+05  3.233467e+03
4  2.467239e+05  4.847760e+03
5  1.293165e+05  3.450536e+03
6  6.811061e+04  4.668394e+03
7  3.665169e+04  5.809217e+03
8  1.846090e+04  5.736190e+03
9  9.139112e+03  5.037547e+03
10  5.123775e+03  3.477102e+03
11  2.905314e+03  1.690811e+03
12  1.912309e+03  7.559105e+02
13  1.277208e+03  4.533925e+02
14  6.790886e+02  1.837648e+02
15  1.993271e+02  -1.329313e+02
16  -1.662025e+01  -7.100927e+01
17  1.598337e+01  2.257230e+01
18  1.057927e+01  6.482051e+01
19  1.836092e+01  8.560638e+01
20  5.339677e+00  4.717824e+01
21  -2.907461e+01  6.333803e-01
22  -3.669651e+01  -1.323474e+01
23  -2.678009e+01  -1.101330e+01
24  -1.625810e+01  -4.000062e+00
25  -1.639936e+01  8.930923e-01
26  -1.293319e+01  9.698717e-01
27  -6.305422e+00  -2.677374e+00
28  -1.232399e+00  -2.390333e+00
29  -1.621635e+00  -5.055852e-01
30  -1.490845e+00  7.389052e-01
31  -4.958496e-01  1.463740e+00
32  -8.613557e-01  1.418041e+00
33  -7.131853e-01  6.785662e-01
34  8.132236e-01  5.378056e-01
35  1.891518e+00  2.734737e-02
36  1.502606e+00  5.809370e-01
37  9.552789e-01  3.952873e-02
38  2.967856e+00  -4.483245e+00
39  4.513027e+00  -5.242870e+00
40  5.665617e+00  -8.231885e-01
41  4.098857e+00  3.215765e+00
42  -8.953504e+00  -8.014278e+00
43  -2.853284e+01  -8.137970e+00
44  -8.999726e+01  1.753927e+01
45  -1.598366e+02  1.662617e+01
46  -2.100762e+02  1.271548e+01
47  -1.967959e+02  1.508569e+01
48  -1.430147e+02  -1.624663e+01
49  -1.189249e+02  -2.414648e+01
50  -1.148317e+02  -3.630038e+02
51  1.174015e+02  -5.575585e+02
52  6.276969e+02  -7.677105e+02
53  1.462064e+03  -1.545412e+03
54  2.952663e+03  -2.232220e+03
55  7.623249e+03  -2.489107e+03
56  1.631883e+04  -1.402850e+03
57  3.575642e+04  -9.701778e+01
58  7.545262e+04  8.351127e+02
59  1.447787e+05  3.352787e+03
60  2.737798e+05  3.945480e+03
61  5.004326e+05  4.231495e+02
62  9.389880e+05  1.518620e+03
63  2.000561e+06  2.728096e+03
ENDPROP
STARTPROP
MASSES:  4.500000e-02   4.200000e-03
SOURCE: GAM_2
SINKS: GAM_2
0  1.209215e+06  -3.671313e+03
1  1.966901e+06  3.268010e+03
2  9.201743e+05  9.642890e+03
3  4.827783e+05  6.519163e+03
4  2.484970e+05  2.204102e+03
5  1.363905e+05  1.690128e+03
6  7.711038e+04  -1.263198e+03
7  4.085151e+04  -3.688274e+03
8  2.036677e+04  -3.348427e+03
9  9.589314e+03  -1.311658e+03
10  5.542804e+03  5.039883e+02
11  2.985396e+03  5.599698e+02
12  2.224678e+03  2.758356e+02
13  1.880368e+03  -4.325341e+01
14  1.080931e+03  -4.441073e+01
15  4.450267e+02  7.648822e+01
16  3.011375e+02  4.408690e+01
17  1.676973e+02  7.433961e+01
18  8.219018e+01  4.796893e+01
19  3.008219e+01  -1.390125e+01
20  1.111827e+01  -4.949891e+01
21  -3.656229e+00  -5.464565e+01
22  -5.257125e-01  -3.722399e+01
23  1.705211e+01  -4.128343e+01
24  1.432227e+01  -3.076584e+01
25  9.798108e+00  -1.583748e+01
26  5.066220e+00  -9.504991e+00
27  3.180546e+00  -4.613812e+00
28  4.100711e+00  8.078319e-01
29  4.235520e+00  2.284390e+00
30  4.447411e+00  1.629185e+00
31  3.672147e+00  -5.416423e-02
32  2.492940e+00  -1.549128e+00
33  2.313502e+00  -2.120749e+00
34  2.665395e+00  -3.233685e+00
35  1.679182e+00  -3.863114e+00
36  -4.378955e-01  -2.261108e+00
37  -2.180253e+00  -2.817729e-01
38  -2.952694e+00  -1.547686e+00
39  -4.865893e+00  -1.109741e+00
40  3.629487e+00  4.662115e+00
41  1.482780e+01  1.127922e+01
42  1.969849e+01  3.213121e+01
43  3.904327e+01  4.326956e+01
44  7.574080e+01  6.693120e+01
45  1.204343e+02  1.003632e+02
46  1.565212e+02  1.711304e+02
47  1.754277e+02  3.339572e+02
48  3.116195e+02  4.173292e+02
49  3.880134e+02  4.540343e+02
50  5.769911e+02  4.851894e+02
51  9.765869e+02  6.319645e+02
52  1.332118e+03  3.583320e+02
53  2.017142e+03  -2.529724e+02
54  3.584246e+03  -1.861071e+03
55  6.684487e+03  -3.602306e+03
56  1.515886e+04  -5.633549e+03
57  3.347120e+04  -3.618050e+03
58  7.041835e+04  2.298141e+03
59  1.350044e+05  1.337934e+04
60  2.706502e+05  1.404994e+04
61  5.134955e+05  1.056477e+04
62  9.400098e+05  9.182523e+03
63  1.968282e+06  -2.784919e+02
ENDPROP
STARTPROP
MASSES:  4.500000e-02   4.200000e-03
SOURCE: GAM_3
SINKS: GAM_3
0  1.264927e+06  -1.851695e+04
1  2.006707e+06  -1.990023e+04
2  9.286258e+05  -1.726525e+04
3  4.837125e+05  -1.093075e+04
4  2.500233e+05  -2.998285e+03
5  1.347051e+05  6.910278e+01
6  6.991977e+04  9.173075e+02
7  3.700822e+04  2.241225e+02
8  1.871838e+04  5.613366e+01
9  1.039949e+04  6.226890e+02
10  6.297124e+03  1.061238e+03
11  3.660284e+03  7.836003e+02
12  1.816900e+03  2.161650e+02
13  7.152473e+02  -4.070721e+01
14  1.477823e+02  -1.941048e+02
15  -1.681324e+02  -2.732831e+02
16  -1.984442e+02  -1.458031e+02
17  -1.555430e+02  -1.289237e+02
18  -7.554821e+01  -1.027916e+02
19  -2.746336e+01  -4.092507e+01
20  -3.858440e+01  -4.793469e+00
21  -4.141028e+01  -8.823492e+00
22  -2.160173e+01  -1.835506e+00
23  5.337024e+00  -6.259277e+00
24  9.665599e+00  -9.195067e+00
25  4.397759e+00  -2.814255e+00
26  -2.784982e+00  -3.928510e+00
27  -5.706775e+00  -2.343239e+00
28  -2.951653e+00  -1.523611e+00
29  -1.542580e+00  -3.535481e-01
30  4.121722e-01  1.335304e+00
31  -1.005403e-01  1.405191e+00
32  -8.825770e-01  1.925136e-01
33  -1.968481e+00  -9.798384e-01
34  -2.324313e+00  -2.580195e+00
35  -1.997855e+00  -2.378849e+00
36  -7.752401e-01  -3.609930e+00
37  2.871114e+00  -4.532126e+00
38  6.122434e+00  -5.473839e+00
39  2.392711e+00  -7.014023e+00
40  -4.234379e+00  -3.083886e+00
41  -7.226856e+00  4.177102e+00
42  -2.772796e+00  9.657906e+00
43  4.494636e+00  1.816775e+01
44  3.047571e+01  2.395611e+01
45  3.753135e+01  1.077981e+01
46  -6.705889e+01  -2.038456e+01
47  -1.469713e+02  4.882014e+01
48  -2.490071e+02  1.022578e+02
49  -2.134871e+02  -4.260498e+00
50  7.865804e+01  4.805620e+01
51  6.197372e+02  1.474240e+02
52  1.453554e+03  -2.822072e+02
53  2.932906e+03  -7.895765e+02
54  4.504341e+03  -4.521114e+02
55  8.205523e+03  3.372171e+02
56  1.478808e+04  5.654544e+01
57  3.033297e+04  -1.671717e+03
58  6.392431e+04  1.060556e+03
59  1.320362e+05  8.239759e+03
60  2.677491e+05  1.584502e+04
61  5.060418e+05  1.646374e+04
62  9.588810e+05  1.507335e+04
63  2.013325e+06  1.716219e+03
ENDPROP
STARTPROP
MASSES:  4.500000e-02   4.200000e-03
SOURCE: GAM_4
SINKS: GAM_4
0  2.119230e+06  -1.354220e+04
1  -3.123599e+05  -1.652109e+04
2  -1.811077e+04  -1.136846e+04
3  -1.440325e+04  -7.955303e+03
4  -5.942961e+03  -4.980429e+03
5  -4.299146e+03  -2.192753e+03
6  -2.935666e+03  -1.096622e+03
7  -2.526950e+03  4.748663e+02
8  -1.103966e+03  4.654463e+02
9  -1.183365e+03  9.690025e+02
10  -3.726827e+02  7.404625e+02
11  -3.630647e+02  5.990440e+02
12  -1.088920e+02  4.628347e+02
13  -9.693965e+01  1.630804e+02
14  -5.778853e+01  1.801502e+02
15  4.231981e+01  6.487973e+01
16  4.632838e+01  6.476717e+01
17  3.718444e+01  9.939556e-01
18  6.169592e+01  -1.871637e+01
19  4.452696e+01  -3.270690e+01
20  3.292008e+01  -2.081551e+01
21  1.422432e+01  -4.405975e+00
22  1.841978e+01  -3.309678e+00
23  9.830295e+00  3.711560e+00
24  1.035969e+00  3.952055e+00
25  9.075173e-01  1.976345e+00
26  -1.295619e+00  2.878558e+00
27  -2.032775e+00  3.656933e+00
28  -2.260901e+00  3.829228e+00
29  -2.374586e+00  3.664640e+00
30  -2.583887e+00  2.569261e+00
31  -2.639074e+00  2.232801e+00
32  -2.584442e+00  2.336614e+00
33  -2.937599e+00  2.011628e+00
34  -3.693515e+00  1.846744e+00
35  -3.990100e+00  1.554935e+00
36  -4.058601e+00  2.377354e+00
37  -3.840220e+00  3.285310e+00
38  -3.492992e+00  3.415161e+00
39  -4.253105e+00  6.903012e+00
40  -3.647817e+00  9.193019e+00
41  -2.815239e+00  1.411225e+01
42  -6.617482e+00  1.767840e+01
43  2.016763e+00  1.743358e+01
44  -6.290037e+00  1.437853e+01
45  -2.398495e+01  9.461573e+00
46  -4.128203e+01  -1.350447e+01
47  -6.803115e+01  -2.751270e+01
48  -1.043118e+02  -1.176143e+02
49  -1.807934e+02  -1.683589e+02
50  -1.384255e+02  -2.488239e+02
51  -2.951167e+02  -2.354049e+02
52  -2.317502e+02  -3.337991e+02
53  -2.491197e+02  -4.603015e+02
54  -1.292308e+02  -7.128818e+02
55  -3.705635e+02  -9.214855e+02
56  -6.272674e+02  -1.283529e+03
57  -1.542645e+03  -1.653652e+03
58  -3.126393e+03  -1.518978e+03
59  -4.238727e+03  -1.896772e+03
60  -6.548611e+03  -1.137249e+03
61  -1.301779e+04  -3.495545e+03
62  -2.473055e+04  -5.876783e+03
63  -3.301440e+05  -7.613341e+03
ENDPROP
STARTPROP
MASSES:  4.500000e-02   4.200000e-03
SOURCE: GAM_5
SINKS: GAM_5
0  7.005972e+06  -9.262228e+04
1  6.997443e+06  -6.867370e+04
2  4.896202e+06  -4.072260e+04
3  3.408703e+06  -1.152912e+04
4  2.294166e+06  4.313978e+03
5  1.584235e+06  1.204242e+04
6  1.108386e+06  7.672286e+03
7  7.819509e+05  3.681609e+03
8  5.352037e+05  5.983797e+03
9  3.697541e+05  6.199794e+03
10  2.544833e+05  4.836912e+03
11  1.726197e+05  3.245720e+03
12  1.179197e+05  2.427341e+03
13  8.115867e+04  1.046774e+03
14  5.571900e+04  1.582718e+01
15  3.885010e+04  -6.922517e+01
16  2.682838e+04  1.668225e+02
17  1.857680e+04  7.990067e+01
18  1.266193e+04  6.015224e+01
19  8.315078e+03  6.453480e+01
20  5.536837e+03  1.503989e+02
21  3.707980e+03  1.789768e+02
22  2.562319e+03  1.315750e+02
23  1.818573e+03  1.016070e+02
24  1.281411e+03  8.904081e+01
25  8.949943e+02  7.467366e+01
26  6.233021e+02  5.726001e+01
27  4.293132e+02  4.773800e+01
28  3.000390e+02  3.639428e+01
29  2.168036e+02  2.659480e+01
30  1.641262e+02  2.222339e+01
31  1.335193e+02  1.900904e+01
32  1.233559e+02  1.618926e+01
33  1.323806e+02  1.189590e+01
34  1.649140e+02  1.091320e+01
35  2.243420e+02  1.304880e+01
36  3.177360e+02  1.951806e+01
37  4.629537e+02  2.515294e+01
38  6.664491e+02  3.707147e+01
39  9.645473e+02  5.878185e+01
40  1.407103e+03  6.770985e+01
41  2.044026e+03  6.766674e+01
42  2.993585e+03  7.325234e+01
43  4.425263e+03  1.244860e+02
44  6.576607e+03  2.605473e+02
45  9.748851e+03  4.470351e+02
46  1.442017e+04  7.029671e+02
47  2.111147e+04  8.632476e+02
48  3.053752e+04  9.725352e+02
49  4.401719e+04  1.216593e+03
50  6.404712e+04  1.658129e+03
51  9.317437e+04  1.850766e+03
52  1.341674e+05  2.209966e+03
53  1.936091e+05  2.728958e+03
54  2.820805e+05  4.014876e+03
55  4.124038e+05  5.218555e+03
56  5.872752e+05  6.390421e+03
57  8.311737e+05  8.552555e+03
58  1.192778e+06  1.868805e+04
59  1.713616e+06  3.808736e+04
60  2.457932e+06  4.836925e+04
61  3.484569e+06  2.329903e+04
62  4.943813e+06  -5.569788e+03
63  7.010814e+06  -5.224321e+04
ENDPROP
STARTPROP
MASSES:  4.500000e-02   4.200000e-03
SOURCE: GAM_12
SINKS: GAM_12
0  8.379380e+05  -1.458054e+04
1  -6.958038e+05  -2.173661e+04
2  -1.562253e+05  -1.948739e+04
3  -5.230420e+04  -1.395836e+04
4  -9.153502e+03  -4.382903e+03
5  5.763558e+03  -3.695042e+03
6  6.756767e+03  -1.389784e+03
7  5.583805e+03  -2.888127e+01
8  2.659510e+03  3.183314e+02
9  1.818997e+03  5.138352e+02
10  6.806035e+02  8.031289e+02
11  -8.674100e+02  5.519539e+02
12  -6.683687e+02  2.718833e+02
13  -3.371348e+01  1.966381e+02
14  3.045612e+02  1.807564e+02
15  3.467253e+02  1.021182e+02
16  2.840240e+02  5.190288e+01
17  1.384609e+02  5.828804e+01
18  4.126064e+01  4.421310e+01
19  1.788031e+01  4.549311e+01
20  1.767671e+01  3.640508e+01
21  2.942758e+01  3.979801e+01
22  1.901448e+01  4.039032e+01
23  1.011414e+01  3.274340e+01
24  7.941662e+00  1.952679e+01
25  1.607830e+00  5.825084e+00
26  2.136285e+00  1.654196e+00
27  1.222035e+00  1.211337e+00
28  -8.663258e-01  8.242544e-01
29  -2.141236e+00  -1.038108e+00
30  -2.171676e+00  -7.660891e-01
31  -1.567853e+00  4.431819e-01
32  -8.790954e-01  -6.093072e-01
33  7.572138e-02  -7.643682e-01
34  4.407279e-01  -1.397378e+00
35  1.193115e+00  -3.095487e+00
36  2.125708e+00  -1.287180e+00
37  4.647913e+00  5.415375e-01
38  4.273585e+00  -1.142310e-01
39  3.429059e+00  -9.555511e-02
40  5.663905e+00  9.544594e-01
41  1.011180e+01  -6.414866e-01
42  1.834634e+01  -2.781036e+00
43  2.840746e+01  -1.292961e+01
44  5.861103e+01  -1.078616e+01
45  5.775164e+01  2.069507e+01
46  5.325115e+01  5.153866e+01
47  5.299397e+01  1.501232e+02
48  -7.375504e+01  2.715545e+02
49  -2.949863e+02  2.895677e+02
50  -3.537057e+02  8.926409e+01
51  -2.830579e+02  1.417040e+02
52  -3.824785e+02  1.255636e+01
53  -5.045755e+02  -1.084798e+02
54  -5.534453e+02  -1.009948e+02
55  9.664346e+02  7.480679e+02
56  2.700994e+03  2.786864e+03
57  5.215004e+03  4.012580e+03
58  6.536084e+03  3.455261e+03
59  -4.569701e+03  4.455669e+03
60  -2.643716e+04  6.351473e+03
61  -6.827560e+04  9.215851e+02
62  -1.823076e+05  -5.456669e+03
63  -7.199212e+05  -6.597076e+03
ENDPROP
STARTPROP
MASSES:  4.500000e-02   4.200000e-03
SOURCE: GAM_21
SINKS: GAM_21
0  8.379380e+05  -1.458054e+04
1  -6.958038e+05  -2.173661e+04
2  -1.562253e+05  -1.948739e+04
3  -5.230420e+04  -1.395836e+04
4  -9.153502e+03  -4.382903e+03
5  5.763558e+03  -3.695042e+03
6  6.756767e+03  -1.389784e+03
7  5.583805e+03  -2.888127e+01
8  2.659510e+03  3.183314e+02
9  1.818997e+03  5.138352e+02
10  6.806035e+02  8.031289e+02
11  -8.674100e+02  5.519539e+02
12  -6.683687e+02  2.718833e+02
13  -3.371348e+01  1.966381e+02
14  3.045612e+02  1.807564e+02
15  3.467253e+02  1.021182e+02
16  2.840240e+02  5.190288e+01
17  1.384609e+02  5.828804e+01
18  4.126064e+01  4.421310e+01
19  1.788031e+01  4.549311e+01
20  1.767671e+01  3.640508e+01
21  2.942758e+01  3.979801e+01
22  1.901448e+01  4.039032e+01
23  1.011414e+01  3.274340e+01
24  7.941662e+00  1.952679e+01
25  1.607830e+00  5.825084e+00
26  2.136285e+00  1.654196e+00
27  1.222035e+00  1.211337e+00
28  -8.663258e-01  8.242544e-01
29  -2.141236e+00  -1.038108e+00
30  -2.171676e+00  -7.660891e-01
31  -1.567853e+00  4.431819e-01
32  -8.790954e-01  -6.093072e-01
33  7.572138e-02  -7.643682e-01
34  4.407279e-01  -1.397378e+00
35  1.193115e+00  -3.095487e+00
36  2.125708e+00  -1.287180e+00
37  4.647913e+00  5.415375e-01
38  4.273585e+00  -1.142310e-01
39  3.429059e+00  -9.555511e-02
40  5.663905e+00  9.544594e-01
41  1.011180e+01  -6.414866e-01
42  1.834634e+01  -2.781036e+00
43  2.840746e+01  -1.292961e+01
44  5.861103e+01  -1.078616e+01
45  5.775164e+01  2.069507e+01
46  5.325115e+01  5.153866e+01
47  5.299397e+01  1.501232e+02
48  -7.375504e+01  2.715545e+02
49  -2.949863e+02  2.895677e+02
50  -3.537057e+02  8.926409e+01
51  -2.830579e+02  1.417040e+02
52  -3.824785e+02  1.255636e+01
53  -5.045755e+02  -1.084798e+02
54  -5.534453e+02  -1.009948e+02
55  9.664346e+02  7.480679e+02
56  2.700994e+03  2.786864e+03
57  5.215004e+03  4.012580e+03
58  6.536084e+03  3.455261e+03
59  -4.569701e+03  4.455669e+03
60  -2.643716e+04  6.351473e+03
61  -6.827560e+04  9.215851e+02
62  -1.823076e+05  -5.456669e+03
63  -7.199212e+05  -6.597076e+03
ENDPROP
STARTPROP
MASSES:  4.500000e-02   4.200000e-03
SOURCE: GAM_13
SINKS: GAM_13
0  7.465940e+05  1.612697e+03
1  -7.692202e+05  -5.743904e+03
2  -2.126631e+05  -8.643869e+03
3  -8.738952e+04  -4.368573e+03
4  -3.404306e+04  -6.917895e+03
5  -1.444704e+04  -6.911547e+03
6  -6.413469e+03  -5.096662e+03
7  -2.421665e+03  -2.360086e+03
8  8.356044e+02  -5.453873e+02
9  2.162208e+03  2.768123e+02
10  1.593161e+03  4.818455e+02
11  7.354780e+02  1.152207e+02
12  5.127103e+02  1.854092e+01
13  7.054570e+02  -3.135627e+02
14  5.205444e+02  -1.596993e+02
15  3.294817e+02  7.011567e+01
16  2.589205e+02  1.563996e+02
17  1.921347e+02  1.269824e+02
18  6.128851e+01  1.024264e+02
19  -3.492127e+00  6.945323e+01
20  -3.156248e+01  2.593942e+01
21  -1.870593e+00  -8.104606e-03
22  1.022761e+00  -8.118668e+00
23  -3.541429e+00  -2.480868e+00
24  1.238681e+00  4.651840e+00
25  5.176701e+00  1.967460e+00
26  1.911288e+00  1.068098e-01
27  -1.695234e-01  -2.590197e+00
28  2.181078e-01  -2.251428e+00
29  -6.116543e-01  -2.441940e-01
30  -1.421323e+00  6.091987e-01
31  -1.416023e+00  5.560766e-01
32  -3.876785e-01  1.197246e+00
33  1.981899e+00  7.638952e-01
34  3.837409e+00  -6.188101e-01
35  3.182331e+00  -1.868640e+00
36  3.530057e+00  -1.784582e+00
37  2.773880e+00  -5.277311e-03
38  2.130243e+00  -3.426379e+00
39  3.673584e+00  -4.174213e+00
40  1.905354e+00  -5.364412e+00
41  -1.351019e+00  2.999801e+00
42  -4.187244e+00  3.106009e+01
43  -4.560629e+00  4.586517e+01
44  -1.516036e+01  6.196205e+01
45  -1.949347e+01  6.749300e+01
46  -7.182190e+01  6.548355e+01
47  -7.678555e+01  7.508286e+01
48  -7.816290e+01  9.158202e+01
49  -6.247570e+00  3.997703e+01
50  -9.450534e+00  1.888014e+02
51  -5.608164e+02  3.950922e+02
52  -7.419436e+02  7.578138e+02
53  -1.062086e+03  6.126539e+02
54  -6.724633e+02  6.448561e+02
55  -4.907126e+02  5.561216e+02
56  -4.454778e+02  1.695696e+03
57  -9.143442e+02  2.223836e+03
58  -4.138802e+03  2.660480e+03
59  -1.391319e+04  1.896526e+03
60  -3.444712e+04  1.969912e+03
61  -8.513407e+04  -6.484756e+02
62  -2.070758e+05  -7.523817e+00
63  -7.844794e+05  -2.954881e+03
ENDPROP
STARTPROP
MASSES:  4.500000e-02   4.200000e-03
SOURCE: GAM_31
SINKS: GAM_31
0  7.465940e+05  1.612697e+03
1  -7.692202e+05  -5.743904e+03
2  -2.126631e+05  -8.643869e+03
3  -8.738952e+04  -4.368573e+03
4  -3.404306e+04  -6.917895e+03
5  -1.444704e+04  -6.911547e+03
6  -6.413469e+03  -5.096662e+03
7  -2.421665e+03  -2.360086e+03
8  8.356044e+02  -5.453873e+02
9  2.162208e+03  2.768123e+02
10  1.593161e+03  4.818455e+02
11  7.354780e+02  1.152207e+02
12  5.127103e+02  1.854092e+01
13  7.054570e+02  -3.135627e+02
14  5.205444e+02  -1.596993e+02
15  3.294817e+02  7.011567e+01
16  2.589205e+02  1.563996e+02
17  1.921347e+02  1.269824e+02
18  6.128851e+01  1.024264e+02
19  -3.492127e+00  6.945323e+01
20  -3.156248e+01  2.593942e+01
21  -1.870593e+00  -8.104606e-03
22  1.022761e+00  -8.118668e+00
23  -3.541429e+00  -2.480868e+00
24  1.238681e+00  4.651840e+00
25  5.176701e+00  1.967460e+00
26  1.911288e+00  1.068098e-01
27  -1.695234e-01  -2.590197e+00
28  2.181078e-01  -2.251428e+00
29  -6.116543e-01  -2.441940e-01
30  -1.421323e+00  6.091987e-01
31  -1.416023e+00  5.560766e-01
32  -3.876785e-01  1.197246e+00
33  1.981899e+00  7.638952e-01
34  3.837409e+00  -6.188101e-01
35  3.182331e+00  -1.868640e+00
36  3.530057e+00  -1.784582e+00
37  2.773880e+00  -5.277311e-03
38  2.130243e+00  -3.426379e+00
39  3.673584e+00  -4.174213e+00
40  1.905354e+00  -5.364412e+00
41  -1.351019e+00  2.999801e+00
42  -4.187244e+00  3.106009e+01
43  -4.560629e+00  4.586517e+01
44  -1.516036e+01  6.196205e+01
45  -1.949347e+01  6.749300e+01
46  -7.182190e+01  6.548355e+01
47  -7.678555e+01  7.508286e+01
48  -7.816290e+01  9.158202e+01
49  -6.247570e+00  3.997703e+01
50  -9.450534e+00  1.888014e+02
51  -5.608164e+02  3.950922e+02
52  -7.419436e+02  7.578138e+02
53  -1.062086e+03  6.126539e+02
54  -6.724633e+02  6.448561e+02
55  -4.907126e+02  5.561216e+02
56  -4.454778e+02  1.695696e+03
57  -9.143442e+02  2.223836e+03
58  -4.138802e+03  2.660480e+03
59  -1.391319e+04  1.896526e+03
60  -3.444712e+04  1.969912e+03
61  -8.513407e+04  -6.484756e+02
62  -2.070758e+05  -7.523817e+00
63  -7.844794e+05  -2.954881e+03
ENDPROP
STARTPROP
MASSES:  4.500000e-02   4.200000e-03
SOURCE: GAM_14
SINKS: GAM_14
0  3.291323e+04  -4.842264e+01
1  1.364177e+06  8.044728e+03
2  5.729592e+05  7.340558e+03
3  3.011371e+05  3.914107e+03
4  1.544282e+05  6.883135e+03
5  8.475146e+04  6.619245e+03
6  4.726978e+04  4.499033e+03
7  2.440430e+04  2.896827e+03
8  1.258847e+04  2.654998e+03
9  6.353345e+03  1.868865e+03
10  3.250603e+03  1.431027e+03
11  2.102157e+03  1.456879e+03
12  8.407980e+02  6.361902e+02
13  3.375992e+02  2.713980e+02
14  2.727163e+02  -9.635762e+01
15  1.318704e+02  -2.290564e+02
16  9.666585e+01  -1.807452e+02
17  4.802516e+01  -1.061047e+02
18  6.077577e+01  -9.746019e+01
19  3.413389e+01  -1.581230e+01
20  -8.669780e+00  1.461718e+01
21  -1.756809e+01  1.331682e+00
22  -1.128220e+01  -3.334370e+00
23  -1.601557e+01  -1.757110e+01
24  -1.889166e+01  -1.390954e+01
25  -1.474495e+01  -9.495580e+00
26  -9.358273e+00  -5.502255e+00
27  -6.299864e+00  -7.415111e+00
28  -3.810036e+00  -4.921039e+00
29  -2.853062e+00  -1.560904e+00
30  -1.397668e+00  1.119025e-01
31  5.204559e-01  -4.740715e-02
32  1.436392e+00  -1.022125e+00
33  1.023709e+00  -1.051660e+00
34  2.082321e+00  -5.818960e-01
35  3.693241e+00  9.211602e-01
36  4.278251e+00  3.546255e+00
37  2.797447e+00  5.335098e+00
38  2.205551e-01  7.491915e+00
39  -1.993508e+00  4.922431e+00
40  2.175955e+00  2.025052e+00
41  1.194650e+01  8.794039e+00
42  1.270232e+01  1.666485e+01
43  1.471178e+01  1.724042e+01
44  4.639715e+01  1.801165e+01
45  2.533718e+01  -1.793757e+01
46  4.949343e+01  -9.802402e+01
47  7.012923e+01  -1.826595e+02
48  7.802482e+01  -2.074574e+02
49  1.555636e+02  -6.368208e+01
50  1.168427e+02  -1.792040e+01
51  4.705995e+02  -2.330437e+02
52  1.632982e+02  -4.881801e+02
53  -2.757563e+02  -1.008242e+03
54  6.580573e+02  -1.623648e+03
55  3.428986e+03  -1.376237e+03
56  7.869279e+03  -1.507523e+03
57  2.170527e+04  -8.854104e+02
58  4.556091e+04  9.899523e+01
59  9.094222e+04  1.729045e+03
60  1.772895e+05  2.357581e+03
61  3.277575e+05  3.025200e+03
62  6.029637e+05  6.743909e+03
63  1.398624e+06  1.564551e+03
ENDPROP
STARTPROP
MASSES:  4.500000e-02   4.200000e-03
SOURCE: GAM_41
SINKS: GAM_41
0  3.291323e+04  -4.842264e+01
1  1.364177e+06  8.044728e+03
2  5.729592e+05  7.340558e+03
3  3.011371e+05  3.914107e+03
4  1.544282e+05  6.883135e+03
5  8.475146e+04  6.619245e+03
6  4.726978e+04  4.499033e+03
7  2.440430e+04  2.896827e+03
8  1.258847e+04  2.654998e+03
9  6.353345e+03  1.868865e+03
10  3.250603e+03  1.431027e+03
11  2.102157e+03  1.456879e+03
12  8.407980e+02  6.361902e+02
13  3.375992e+02  2.713980e+02
14  2.727163e+02  -9.635762e+01
15  1.318704e+02  -2.290564e+02
16  9.666585e+01  -1.807452e+02
17  4.802516e+01  -1.061047e+02
18  6.077577e+01  -9.746019e+01
19  3.413389e+01  -1.581230e+01
20  -8.669780e+00  1.461718e+01
21  -1.756809e+01  1.331682e+00
22  -1.128220e+01  -3.334370e+00
23  -1.601557e+01  -1.757110e+01
24  -1.889166e+01  -1.390954e+01
25  -1.474495e+01  -9.495580e+00
26  -9.358273e+00  -5.502255e+00
27  -6.299864e+00  -7.415111e+00
28  -3.810036e+00  -4.921039e+00
29  -2.853062e+00  -1.560904e+00
30  -1.397668e+00  1.119025e-01
31  5.204559e-01  -4.740715e-02
32  1.436392e+00  -1.022125e+00
33  1.023709e+00  -1.051660e+00
34  2.082321e+00  -5.818960e-01
35  3.693241e+00  9.211602e-01
36  4.278251e+00  3.546255e+00
37  2.797447e+00  5.335098e+00
38  2.205551e-01  7.491915e+00
39  -1.993508e+00  4.922431e+00
40  2.175955e+00  2.025052e+00
41  1.194650e+01  8.794039e+00
42  1.270232e+01  1.666485e+01
43  1.471178e+01  1.724042e+01
44  4.639715e+01  1.801165e+01
45  2.533718e+01  -1.793757e+01
46  4.949343e+01  -9.802402e+01
47  7.012923e+01  -1.826595e+02
48  7.802482e+01  -2.074574e+02
49  1.555636e+02  -6.368208e+01
50  1.168427e+02  -1.792040e+01
51  4.705995e+02  -2.330437e+02
52  1.632982e+02  -4.881801e+02
53  -2.757563e+02  -1.008242e+03
54  6.580573e+02  -1.623648e+03
55  3.428986e+03  -1.376237e+03
56  7.869279e+03  -1.507523e+03
57  2.170527e+04  -8.854104e+02
58  4.556091e+04  9.899523e+01
59  9.094222e+04  1.729045e+03
60  1.772895e+05  2.357581e+03
61  3.277575e+05  3.025200e+03
62  6.029637e+05  6.743909e+03
63  1.398624e+06  1.564551e+03
ENDPROP
STARTPROP
MASSES:  4.500000e-02   4.200000e-03
SOURCE: GAM_23
SINKS: GAM_23
0  8.164225e+05  -1.546935e+03
1  -7.344948e+05  -1.255412e+04
2  -1.848829e+05  -1.560373e+04
3  -6.570157e+04  -4.074711e+03
4  -2.015201e+04  8.087339e+02
5  -8.516817e+03  1.190813e+03
6  -3.535604e+03  -1.239169e+02
7  2.884997e+02  8.066598e+02
8  2.231571e+03  9.498202e+02
9  1.114833e+03  2.775197e+02
10  6.587194e+02  2.427652e+02
11  -1.115484e+01  7.335823e+01
12  -2.354570e+02  -8.779583e+01
13  -4.259999e+02  -1.573043e+02
14  -1.524662e+02  5.899908e+00
15  -7.096733e+01  7.040766e+01
16  -1.882398e+02  7.029971e+01
17  -1.074415e+02  1.659814e+01
18  -7.201689e+01  -5.152941e+01
19  -5.558673e+01  -5.761459e+01
20  3.773946e+00  -5.798457e+01
21  1.950824e+01  -4.218340e+01
22  1.534950e+01  -3.263602e+01
23  5.093197e+00  -2.573404e+01
24  6.404695e-01  -1.156119e+01
25  2.028352e+00  -1.189933e+00
26  4.274937e+00  3.371315e-01
27  3.833755e+00  -4.003526e-01
28  5.683612e+00  -1.765672e+00
29  3.612337e+00  -1.055874e+00
30  2.626235e+00  1.701513e-01
31  2.114607e+00  9.990021e-02
32  1.551757e+00  9.170865e-01
33  1.647855e+00  2.269440e+00
34  3.621409e+00  3.519301e+00
35  4.973803e+00  3.006435e+00
36  4.612943e+00  9.320774e-01
37  4.943805e+00  -1.467591e+00
38  2.595980e+00  -3.907794e+00
39  -3.691186e+00  -7.281053e+00
40  -1.516577e+01  -1.196188e+01
41  -3.244256e+01  -1.489320e+01
42  -5.289930e+01  -8.965690e+00
43  -6.186148e+01  1.430145e+01
44  -9.575562e+01  1.342346e+01
45  -1.420172e+02  3.441850e+01
46  -2.326716e+02  6.514460e+01
47  -2.968089e+02  5.072551e+01
48  -2.592231e+02  -7.301036e+00
49  -2.677030e+01  -9.482044e+01
50  -3.835618e+00  -2.469989e+02
51  2.945412e+02  -1.565239e+02
52  3.151710e+02  1.282404e+02
53  1.090454e+02  2.271857e+02
54  7.903567e+02  6.534762e+02
55  3.167125e+02  1.023413e+03
56  -5.267824e+02  9.514373e+02
57  -1.820988e+03  1.237051e+03
58  -5.724769e+03  1.704704e+03
59  -1.589330e+04  2.963116e+03
60  -3.477222e+04  5.218727e+03
61  -8.588312e+04  5.549623e+03
62  -1.964634e+05  1.997285e+03
63  -7.423894e+05  1.958226e+03
ENDPROP
STARTPROP
MASSES:  4.500000e-02   4.200000e-03
SOURCE: GAM_32
SINKS: GAM_32
0  8.164225e+05  -1.546935e+03
1  -7.344948e+05  -1.255412e+04
2  -1.848829e+05  -1.560373e+04
3  -6.570157e+04  -4.074711e+03
4  -2.015201e+04  8.087339e+02
5  -8.516817e+03  1.190813e+03
6  -3.535604e+03  -1.239169e+02
7  2.884997e+02  8.066598e+02
8  2.231571e+03  9.498202e+02
9  1.114833e+03  2.775197e+02
10  6.587194e+02  2.427652e+02
11  -1.115484e+01  7.335823e+01
12  -2.354570e+02  -8.779583e+01
13  -4.259999e+02  -1.573043e+02
14  -1.524662e+02  5.899908e+00
15  -7.096733e+01  7.040766e+01
16  -1.882398e+02  7.029971e+01
17  -1.074415e+02  1.659814e+01
18  -7.201689e+01  -5.152941e+01
19  -5.558673e+01  -5.761459e+01
20  3.773946e+00  -5.798457e+01
21  1.950824e+01  -4.218340e+01
22  1.534950e+01  -3.263602e+01
23  5.093197e+00  -2.573404e+01
24  6.404695e-01  -1.156119e+01
25  2.028352e+00  -1.189933e+00
26  4.274937e+00  3.371315e-01
27  3.833755e+00  -4.003526e-01
28  5.683612e+00  -1.765672e+00
29  3.612337e+00  -1.055874e+00
30  2.626235e+00  1.701513e-01
31  2.114607e+00  9.990021e-02
32  1.551757e+00  9.170865e-01
33  1.647855e+00  2.269440e+00
34  3.621409e+00  3.519301e+00
35  4.973803e+00  3.006435e+00
36  4.612943e+00  9.320774e-01
37  4.943805e+00  -1.467591e+00
38  2.595980e+00  -3.907794e+00
39  -3.691186e+00  -7.281053e+00
40  -1.516577e+01  -1.196188e+01
41  -3.244256e+01  -1.489320e+01
42  -5.289930e+01  -8.965690e+00
43  -6.186148e+01  1.430145e+01
44  -9.575562e+01  1.342346e+01
45  -1.420172e+02  3.441850e+01
46  -2.326716e+02  6.514460e+01
47  -2.968089e+02  5.072551e+01
48  -2.592231e+02  -7.301036e+00
49  -2.677030e+01  -9.482044e+01
50  -3.835618e+00  -2.469989e+02
51  2.945412e+02  -1.565239e+02
52  3.151710e+02  1.282404e+02
53  1.090454e+02  2.271857e+02
54  7.903567e+02  6.534762e+02
55  3.167125e+02  1.023413e+03
56  -5.267824e+02  9.514373e+02
57  -1.820988e+03  1.237051e+03
58  -5.724769e+03  1.704704e+03
59  -1.589330e+04  2.963116e+03
60  -3.477222e+04  5.218727e+03
61  -8.588312e+04  5.549623e+03
62  -1.964634e+05  1.997285e+03
63  -7.423894e+05  1.958226e+03
ENDPROP
STARTPROP
MASSES:  4.500000e-02   4.200000e-03
SOURCE: GAM_24
SINKS: GAM_24
0  6.206578e+04  1.936967e+04
1  1.397177e+06  2.082266e+04
2  5.832745e+05  2.269376e+04
3  2.988463e+05  1.414928e+04
4  1.532473e+05  5.788355e+03
5  8.423034e+04  -6.802802e+02
6  4.730305e+04  -2.044397e+03
7  2.543541e+04  7.635727e+01
8  1.146905e+04  -8.963649e+01
9  5.273975e+03  -2.599361e+02
10  3.329973e+03  -9.603070e+02
11  1.692999e+03  -1.478216e+03
12  6.140572e+02  -8.390740e+02
13  3.921783e+02  -2.698552e+02
14  2.845282e+02  -1.097535e+02
15  1.497512e+02  -2.987425e+01
16  1.565311e+02  1.307290e+02
17  1.380249e+02  1.257398e+02
18  7.293185e+01  1.027402e+02
19  6.923876e+00  7.517672e+01
20  -6.683805e+00  2.333133e+01
21  -3.860217e+00  8.336207e+00
22  1.784427e+01  1.115552e+01
23  1.976448e+01  7.294479e+00
24  1.678314e+01  -1.537379e+00
25  1.725163e+01  -3.642545e+00
26  1.000832e+01  -3.341340e+00
27  5.264996e+00  1.473133e-01
28  4.080593e+00  3.841660e+00
29  2.580300e+00  2.822322e+00
30  2.333791e+00  3.304023e+00
31  2.434508e+00  2.423550e+00
32  2.475554e+00  1.366416e+00
33  2.860118e+00  -3.263309e-02
34  3.843518e+00  -1.789708e+00
35  3.331533e+00  -1.839712e+00
36  1.757134e+00  -8.717944e-01
37  4.089700e+00  1.057851e+00
38  5.759163e+00  8.600677e+00
39  7.176626e+00  1.330851e+01
40  1.521296e+01  1.475149e+01
41  2.652899e+01  2.187630e+01
42  3.588755e+01  2.348079e+01
43  6.111691e+01  2.961628e+01
44  4.906512e+01  6.063556e+01
45  1.428680e+01  3.301213e+01
46  4.965255e+01  1.515015e+01
47  1.612715e+02  -4.646029e+00
48  2.008850e+02  4.698786e+01
49  2.030448e+02  5.421575e+01
50  1.050831e+01  1.352339e+02
51  -3.394583e+02  3.425736e+02
52  -1.049455e+03  4.376457e+02
53  -6.112770e+02  6.095794e+02
54  5.532339e+02  1.269650e+03
55  2.981921e+03  1.114147e+03
56  8.277051e+03  3.203013e+03
57  1.891643e+04  6.056965e+03
58  4.016431e+04  1.015480e+04
59  8.109217e+04  1.291186e+04
60  1.640238e+05  2.041124e+04
61  3.097127e+05  2.380691e+04
62  5.834317e+05  2.759038e+04
63  1.380736e+06  2.327620e+04
ENDPROP
STARTPROP
MASSES:  4.500000e-02   4.200000e-03
SOURCE: GAM_42
SINKS: GAM_42
0  6.206578e+04  1.936967e+04
1  1.397177e+06  2.082266e+04
2  5.832745e+05  2.269376e+04
3  2.988463e+05  1.414928e+04
4  1.532473e+05  5.788355e+03
5  8.423034e+04  -6.802802e+02
6  4.730305e+04  -2.044397e+03
7  2.543541e+04  7.635727e+01
8  1.146905e+04  -8.963649e+01
9  5.273975e+03  -2.599361e+02
10  3.329973e+03  -9.603070e+02
11  1.692999e+03  -1.478216e+03
12  6.140572e+02  -8.390740e+02
13  3.921783e+02  -2.698552e+02
14  2.845282e+02  -1.097535e+02
15  1.497512e+02  -2.987425e+01
16  1.565311e+02  1.307290e+02
17  1.380249e+02  1.257398e+02
18  7.293185e+01  1.027402e+02
19  6.923876e+00  7.517672e+01
20  -6.683805e+00  2.333133e+01
21  -3.860217e+00  8.336207e+00
22  1.784427e+01  1.115552e+01
23  1.976448e+01  7.294479e+00
24  1.678314e+01  -1.537379e+00
25  1.725163e+01  -3.642545e+00
26  1.000832e+01  -3.341340e+00
27  5.264996e+00  1.473133e-01
28  4.080593e+00  3.841660e+00
29  2.580300e+00  2.822322e+00
30  2.333791e+00  3.304023e+00
31  2.434508e+00  2.423550e+00
32  2.475554e+00  1.366416e+00
33  2.860118e+00  -3.263309e-02
34  3.843518e+00  -1.789708e+00
35  3.331533e+00  -1.839712e+00
36  1.757134e+00  -8.717944e-01
37  4.089700e+00  1.057851e+00
38  5.759163e+00  8.600677e+00
39  7.176626e+00  1.330851e+01
40  1.521296e+01  1.475149e+01
41  2.652899e+01  2.187630e+01
42  3.588755e+01  2.348079e+01
43  6.111691e+01  2.961628e+01
44  4.906512e+01  6.063556e+01
45  1.428680e+01  3.301213e+01
46  4.965255e+01  1.515015e+01
47  1.612715e+02  -4.646029e+00
48  2.008850e+02  4.698786e+01
49  2.030448e+02  5.421575e+01
50  1.050831e+01  1.352339e+02
51  -3.394583e+02  3.425736e+02
52  -1.049455e+03  4.376457e+02
53  -6.112770e+02  6.095794e+02
54  5.532339e+02  1.269650e+03
55  2.981921e+03  1.114147e+03
56  8.277051e+03  3.203013e+03
57  1.891643e+04  6.056965e+03
58  4.016431e+04  1.015480e+04
59  8.109217e+04  1.291186e+04
60  1.640238e+05  2.041124e+04
61  3.097127e+05  2.380691e+04
62  5.834317e+05  2.759038e+04
63  1.380736e+06  2.327620e+04
ENDPROP
STARTPROP
MASSES:  4.500000e-02   4.200000e-03
SOURCE: GAM_34
SINKS: GAM_34
0  1.642035e+04  9.291358e+03
1  1.363904e+06  4.341821e+03
2  5.680457e+05  7.798035e+03
3  2.918570e+05  9.494613e+03
4  1.489554e+05  7.219891e+03
5  8.057307e+04  6.445601e+03
6  4.239979e+04  4.354362e+03
7  2.171780e+04  2.040420e+03
8  1.265149e+04  1.359142e+03
9  7.959234e+03  1.051218e+03
10  5.438311e+03  1.726743e+03
11  3.475094e+03  1.657324e+03
12  2.009347e+03  9.594598e+02
13  7.010242e+02  1.533390e+02
14  4.276901e+02  -6.490583e+01
15  3.043934e+02  -6.899883e+01
16  1.426058e+02  -1.165085e+02
17  1.306932e+02  -8.407191e+01
18  6.551594e+01  -6.876181e+01
19  4.313205e+00  -2.297020e+01
20  -9.272599e+00  9.715165e-01
21  5.308076e+00  2.829927e+00
22  6.933926e+00  5.968798e+00
23  4.825521e+00  4.523051e-01
24  -2.990844e+00  -3.426017e+00
25  -4.677674e+00  -5.366232e+00
26  -2.746792e+00  -6.275414e+00
27  4.581557e-01  -3.375435e+00
28  2.059216e+00  -3.975216e-01
29  2.481453e+00  2.796753e+00
30  1.366191e+00  3.342405e+00
31  1.395375e+00  3.507745e+00
32  1.812799e+00  3.556454e+00
33  2.167979e+00  3.001451e+00
34  2.496793e+00  1.759990e+00
35  3.711153e+00  1.160718e+00
36  3.287169e+00  8.944473e-01
37  1.000196e+00  -7.913471e-02
38  -1.395785e-01  -5.925221e+00
39  5.312568e+00  -1.115257e+01
40  1.709174e+01  -6.663304e+00
41  2.802504e+01  -2.883405e+00
42  3.283676e+01  -4.444163e+00
43  1.794236e+01  -2.965513e+01
44  -5.311863e+00  -7.452876e+01
45  -4.425442e+01  -1.157873e+02
46  -1.145453e+02  -1.176013e+02
47  -1.983519e+02  -4.744035e+01
48  -1.761125e+02  1.096330e+02
49  5.843560e+01  2.373605e+02
50  4.826323e+02  3.416252e+02
51  1.026768e+03  5.731822e+02
52  1.903189e+03  5.846490e+02
53  3.048772e+03  5.360503e+02
54  5.133227e+03  1.036762e+03
55  7.364168e+03  8.767183e+02
56  1.183369e+04  9.820154e+02
57  2.038074e+04  4.115810e+02
58  4.406263e+04  5.264335e+02
59  8.424180e+04  3.981786e+03
60  1.561183e+05  6.370399e+03
61  2.902337e+05  1.252171e+04
62  5.624770e+05  1.534093e+04
63  1.350262e+06  9.019139e+03
ENDPROP
STARTPROP
MASSES:  4.500000e-02   4.200000e-03
SOURCE: GAM_43
SINKS: GAM_43
0  1.642035e+04  9.291358e+03
1  1.363904e+06  4.341821e+03
2  5.680457e+05  7.798035e+03
3  2.918570e+05  9.494613e+03
4  1.489554e+05  7.219891e+03
5  8.057307e+04  6.445601e+03
6  4.239979e+04  4.354362e+03
7  2.171780e+04  2.040420e+03
8  1.265149e+04  1.359142e+03
9  7.959234e+03  1.051218e+03
10  5.438311e+03  1.726743e+03
11  3.475094e+03  1.657324e+03
12  2.009347e+03  9.594598e+02
13  7.010242e+02  1.533390e+02
14  4.276901e+02  -6.490583e+01
15  3.043934e+02  -6.899883e+01
16  1.426058e+02  -1.165085e+02
17  1.306932e+02  -8.407191e+01
18  6.551594e+01  -6.876181e+01
19  4.313205e+00  -2.297020e+01
20  -9.272599e+00  9.715165e-01
21  5.308076e+00  2.829927e+00
22  6.933926e+00  5.968798e+00
23  4.825521e+00  4.523051e-01
24  -2.990844e+00  -3.426017e+00
25  -4.677674e+00  -5.366232e+00
26  -2.746792e+00  -6.275414e+00
27  4.581557e-01  -3.375435e+00
28  2.059216e+00  -3.975216e-01
29  2.481453e+00  2.796753e+00
30  1.366191e+00  3.342405e+00
31  1.395375e+00  3.507745e+00
32  1.812799e+00  3.556454e+00
33  2.167979e+00  3.001451e+00
34  2.496793e+00  1.759990e+00
35  3.711153e+00  1.160718e+00
36  3.287169e+00  8.944473e-01
37  1.000196e+00  -7.913471e-02
38  -1.395785e-01  -5.925221e+00
39  5.312568e+00  -1.115257e+01
40  1.709174e+01  -6.663304e+00
41  2.802504e+01  -2.883405e+00
42  3.283676e+01  -4.444163e+00
43  1.794236e+01  -2.965513e+01
44  -5.311863e+00  -7.452876e+01
45  -4.425442e+01  -1.157873e+02
46  -1.145453e+02  -1.176013e+02
47  -1.983519e+02  -4.744035e+01
48  -1.761125e+02  1.096330e+02
49  5.843560e+01  2.373605e+02
50  4.826323e+02  3.416252e+02
51  1.026768e+03  5.731822e+02
52  1.903189e+03  5.846490e+02
53  3.048772e+03  5.360503e+02
54  5.133227e+03  1.036762e+03
55  7.364168e+03  8.767183e+02
56  1.183369e+04  9.820154e+02
57  2.038074e+04  4.115810e+02
58  4.406263e+04  5.264335e+02
59  8.424180e+04  3.981786e+03
60  1.561183e+05  6.370399e+03
61  2.902337e+05  1.252171e+04
62  5.624770e+05  1.534093e+04
63  1.350262e+06  9.019139e+03
ENDPROP
STARTPROP
MASSES:  4.500000e-02   4.200000e-03
SOURCE: GAM_15
SINKS: GAM_15
0  -5.820202e+04  1.883462e+04
1  -1.005998e+06  9.126102e+03
2  -2.839954e+05  -6.002946e+03
3  -9.608754e+04  -1.210947e+04
4  -2.653652e+04  -8.390125e+03
5  -1.010928e+04  -7.245274e+03
6  -2.993687e+03  -6.662214e+03
7  4.970003e+02  -3.607193e+03
8  -9.485078e+01  -1.519645e+03
9  -8.563771e+01  -1.682016e+02
10  3.613149e+02  -3.375132e+02
11  -1.510397e+02  -2.383699e+02
12  -8.508149e+02  -1.711034e+02
13  -8.698164e+02  -1.590005e+02
14  -4.453263e+02  4.974187e+01
15  -2.806508e+02  1.462941e+02
16  -1.704534e+02  2.156294e+01
17  -5.522117e+01  3.727782e+01
18  -1.180204e+01  -6.247671e+00
19  -2.082072e+01  -2.860946e+01
20  -2.166337e+01  -1.260235e+01
21  -1.343178e+01  -7.772316e+00
22  -1.785807e+00  -2.763749e+00
23  -5.859501e+00  -4.134342e+00
24  -2.940142e+00  -8.390274e+00
25  2.981738e+00  -9.643442e+00
26  4.776226e+00  -7.072578e+00
27  2.117959e+00  -4.155996e+00
28  6.448559e-01  -1.267388e+00
29  1.383577e-01  -1.065734e+00
30  3.026736e+00  -2.082457e+00
31  4.504206e+00  -2.938478e+00
32  4.662702e+00  -1.770091e+00
33  4.305333e+00  2.954172e-01
34  4.747095e+00  9.480902e-01
35  4.360483e+00  1.541396e+00
36  1.941325e+00  2.033251e+00
37  -1.484367e-01  5.229730e+00
38  -1.308284e+00  6.683517e+00
39  -3.609765e+00  3.914702e+00
40  -9.119490e+00  4.267206e+00
41  -9.933641e+00  1.564809e+01
42  -2.509055e+01  1.870184e+01
43  -1.964665e+01  4.953290e+00
44  -2.882422e+01  3.864145e+00
45  -9.534486e+01  1.639991e+01
46  -1.425767e+02  1.041622e+01
47  -2.125829e+02  -2.606648e+01
48  -2.010497e+02  -9.045334e+01
49  -1.114758e+02  9.453559e+00
50  -7.636395e+01  3.708242e+02
51  -4.103438e+01  3.878281e+02
52  1.757370e+02  4.573097e+02
53  -2.794297e+02  4.713949e+02
54  -4.074723e+02  1.017993e+03
55  -1.880360e+03  2.464184e+03
56  -2.685706e+03  4.740292e+03
57  -5.761428e+03  5.823045e+03
58  -1.146959e+04  7.315339e+03
59  -2.441110e+04  7.057414e+03
60  -5.466100e+04  7.464912e+03
61  -1.233690e+05  8.608851e+03
62  -3.274689e+05  1.290208e+04
63  -1.079304e+06  2.272215e+04
ENDPROP
STARTPROP
MASSES:  4.500000e-02   4.200000e-03
SOURCE: GAM_25
SINKS: GAM_25
0  -9.383741e+03  -1.445167e+04
1  -1.013222e+06  -2.677586e+04
2  -2.808125e+05  -2.703717e+04
3  -9.143999e+04  -1.363754e+04
4  -1.815641e+04  -8.934775e+03
5  1.960710e+03  -4.787664e+03
6  2.764712e+03  -2.743219e+03
7  -2.441403e+03  -2.825726e+03
8  -3.736938e+03  -2.303785e+03
9  -2.228121e+03  -1.498040e+03
10  -1.771745e+02  -5.852615e+02
11  7.408353e+02  -5.497892e+02
12  4.567815e+02  -5.129957e+02
13  1.991457e+02  -6.434357e+02
14  -8.763978e+01  -1.707949e+02
15  -8.145095e+01  8.158293e+01
16  1.504060e+02  1.024123e+02
17  2.138602e+02  9.995017e+01
18  1.606314e+02  -1.657835e+01
19  4.935512e+01  -3.126021e+01
20  2.029519e+01  -1.798510e+01
21  1.156567e+01  -2.270971e+01
22  1.044073e+01  -2.943094e+01
23  1.629874e+00  -2.658187e+01
24  3.998056e+00  -1.464295e+01
25  1.591060e+01  -8.995095e+00
26  1.566035e+01  -6.417594e+00
27  9.627814e+00  -5.116932e+00
28  6.814147e+00  -4.419660e+00
29  2.357515e+00  -2.793107e+00
30  7.122850e-01  -2.126298e+00
31  -7.699321e-01  -1.232519e+00
32  -1.108465e+00  4.402795e-02
33  6.009413e-02  1.070320e+00
34  4.875347e-01  1.582388e+00
35  1.547638e+00  3.662446e+00
36  2.715376e+00  7.405532e+00
37  2.749260e+00  8.913672e+00
38  3.242022e+00  4.624012e+00
39  -3.286833e+00  3.172161e+00
40  -1.561689e+01  9.193102e+00
41  -2.840023e+01  6.860135e+00
42  -4.904142e+01  1.449821e+01
43  -6.496785e+01  3.500829e+01
44  -6.240330e+01  2.618897e+01
45  -5.833731e+01  -1.905043e+01
46  -5.440174e+01  -5.038083e+01
47  -1.791157e+01  -3.516434e+01
48  1.030777e+01  1.169473e+02
49  1.947699e+02  3.131901e+02
50  3.636715e+02  6.055462e+02
51  6.553166e+02  6.716985e+02
52  7.818111e+02  4.141815e+02
53  1.805444e+02  2.319638e+02
54  -1.420870e+03  1.106930e+03
55  -2.770421e+03  3.501376e+03
56  -4.008141e+03  5.444084e+03
57  -3.361948e+03  7.765769e+03
58  -5.196266e+03  9.629356e+03
59  -1.724063e+04  9.403766e+03
60  -5.424216e+04  8.542233e+03
61  -1.403268e+05  6.622607e+03
62  -3.324631e+05  3.108307e+03
63  -1.032590e+06  -2.159887e+03
ENDPROP
STARTPROP
MASSES:  4.500000e-02   4.200000e-03
SOURCE: GAM_35
SINKS: GAM_35
0  -1.036315e+05  -6.842232e+03
1  -1.090652e+06  -1.827923e+04
2  -3.361082e+05  -1.702079e+04
3  -1.359887e+05  -1.217318e+04
4  -5.196440e+04  -5.282091e+03
5  -2.315403e+04  -2.851150e+02
6  -1.250529e+04  -6.041506e+02
7  -4.474126e+03  -3.245067e+03
8  -1.877426e+03  -2.334822e+03
9  -3.978236e+02  -1.207940e+03
10  -3.016813e+01  -5.476673e+02
11  -3.324223e+00  1.150039e+02
12  -1.248797e+02  3.252545e+02
13  -2.063991e+02  -4.800598e+01
14  -6.181980e+01  -2.731430e+02
15  7.117481e+00  -2.667407e+02
16  1.235447e+02  -2.435672e+02
17  1.193667e+02  -2.388799e+02
18  9.358153e+01  -1.643532e+02
19  7.348592e+01  -1.091199e+02
20  5.720519e+01  -5.948529e+01
21  5.020965e+01  -2.353029e+01
22  5.485306e+01  -5.442868e-01
23  3.392523e+01  3.153587e+00
24  1.998159e+01  6.877481e+00
25  1.252676e+01  8.732679e+00
26  5.495583e+00  1.681821e+00
27  5.565846e+00  -1.550456e+00
28  4.992998e+00  -1.563596e+00
29  2.662047e+00  -4.229451e-01
30  1.279204e+00  1.719336e-01
31  1.230101e+00  1.157791e+00
32  2.784300e-01  1.541758e+00
33  -2.813308e-01  2.354484e-01
34  -3.219423e-01  -2.823035e+00
35  1.172732e+00  -4.603996e+00
36  -2.408633e-01  -5.176940e+00
37  -2.638161e+00  -7.938628e+00
38  1.878836e+00  -8.657020e+00
39  -3.320197e+00  -4.033460e+00
40  -8.491660e+00  1.509959e-01
41  4.165124e-01  1.097895e+01
42  -6.108470e+00  1.547604e+01
43  -8.917592e+00  1.663740e+01
44  -2.636269e+01  2.130546e+01
45  -5.849790e+01  -4.239464e+00
46  -1.297691e+02  -2.506889e+01
47  -1.369045e+02  -2.353125e+01
48  -8.328102e+01  -2.793820e+01
49  -2.979833e+01  3.993979e+01
50  -9.457305e+01  9.143590e+01
51  -8.584360e+01  -1.678828e+01
52  2.332524e+02  -2.185888e+02
53  7.812625e+02  -1.198845e+02
54  5.989324e+02  1.982719e+02
55  2.613663e+02  9.613360e+02
56  -2.842788e+03  6.600858e+02
57  -5.669859e+03  1.463433e+03
58  -1.375999e+04  7.866778e+02
59  -3.012820e+04  -2.049679e+03
60  -6.730805e+04  -4.101098e+03
61  -1.448868e+05  -1.094205e+04
62  -3.472017e+05  -1.194209e+04
63  -1.092800e+06  -3.927520e+03
ENDPROP
STARTPROP
MASSES:  4.500000e-02   4.200000e-03
SOURCE: GAM_45
SINKS: GAM_45
0  -1.289318e+06  2.604943e+04
1  9.795780e+05  2.526456e+04
2  4.931522e+05  1.242708e+04
3  3.514275e+05  1.145806e+04
4  2.395032e+05  8.665473e+03
5  1.700122e+05  7.139602e+03
6  1.193991e+05  5.838309e+03
7  8.215487e+04  4.145490e+03
8  5.694631e+04  2.416090e+03
9  3.893991e+04  1.687049e+03
10  2.695791e+04  9.160558e+02
11  1.878314e+04  4.610243e+02
12  1.248177e+04  4.164976e+02
13  8.788634e+03  2.537918e+02
14  5.864553e+03  1.752232e+02
15  4.094715e+03  1.213365e+02
16  2.726518e+03  1.048886e+02
17  1.809943e+03  4.176863e+01
18  1.227643e+03  4.496096e+01
19  8.161857e+02  4.358721e+01
20  5.579857e+02  3.190199e+01
21  3.757014e+02  2.694785e+01
22  2.676893e+02  1.641473e+01
23  1.893656e+02  1.201516e+01
24  1.343609e+02  1.156768e+01
25  9.266319e+01  5.558414e+00
26  6.160058e+01  6.685966e+00
27  4.260881e+01  4.452982e+00
28  3.023589e+01  2.550639e+00
29  2.246652e+01  3.256883e+00
30  1.754462e+01  3.823309e+00
31  1.445446e+01  4.648044e+00
32  1.374003e+01  4.780590e+00
33  1.442071e+01  5.654968e+00
34  1.739445e+01  6.473828e+00
35  2.303871e+01  7.907925e+00
36  3.136352e+01  1.000416e+01
37  4.608548e+01  1.205922e+01
38  6.518130e+01  1.668521e+01
39  9.594109e+01  2.442768e+01
40  1.487977e+02  3.262679e+01
41  2.174206e+02  3.976042e+01
42  3.136936e+02  5.224862e+01
43  4.556751e+02  6.015707e+01
44  6.589903e+02  8.507570e+01
45  9.877139e+02  9.924762e+01
46  1.439905e+03  1.494098e+02
47  2.100191e+03  2.155983e+02
48  3.018487e+03  3.425188e+02
49  4.373493e+03  4.712343e+02
50  6.227969e+03  6.578121e+02
51  9.141231e+03  8.159136e+02
52  1.323180e+04  1.071498e+03
53  1.940771e+04  1.253914e+03
54  2.756447e+04  1.774102e+03
55  4.152703e+04  2.553875e+03
56  5.928606e+04  3.388254e+03
57  8.627464e+04  4.683405e+03
58  1.245303e+05  6.698982e+03
59  1.776650e+05  1.078556e+04
60  2.482339e+05  1.478162e+04
61  3.547683e+05  1.741025e+04
62  4.987690e+05  2.088287e+04
63  9.916137e+05  2.071024e+04
ENDPROP
STARTPROP
MASSES:  4.500000e-02   4.200000e-03
SOURCE: PSAX4
SINKS: GAM_4
0  -1.978896e+04  -2.084002e+03
1  1.643363e+06  -4.129391e+02
2  1.003745e+06  -3.088078e+03
3  6.890878e+05  2.214971e+03
4  4.688177e+05  3.337045e+03
5  3.290689e+05  3.532189e+03
6  2.275710e+05  2.483843e+03
7  1.573239e+05  1.900775e+03
8  1.084152e+05  1.582193e+03
9  7.348477e+04  1.206600e+03
10  5.022029e+04  4.630963e+02
11  3.495724e+04  1.382686e+02
12  2.372777e+04  1.385180e+02
13  1.652101e+04  7.878882e+01
14  1.116382e+04  -4.767423e+00
15  7.752281e+03  7.950207e+01
16  5.312303e+03  1.269542e+02
17  3.554181e+03  6.626981e+01
18  2.403324e+03  6.060110e+01
19  1.616683e+03  7.228253e+01
20  1.099423e+03  6.221634e+01
21  7.591062e+02  6.031397e+01
22  5.397070e+02  3.907611e+01
23  3.754273e+02  3.128014e+01
24  2.642293e+02  2.333439e+01
25  1.806638e+02  1.563342e+01
26  1.213705e+02  1.276950e+01
27  8.136459e+01  8.010916e+00
28  5.535408e+01  5.013969e+00
29  3.572804e+01  2.716032e+00
30  2.142125e+01  1.523391e+00
31  1.020710e+01  -9.273128e-02
32  5.319571e-01  -1.161074e+00
33  -9.025801e+00  -2.748213e+00
34  -1.998056e+01  -3.408302e+00
35  -3.482249e+01  -4.042953e+00
36  -5.481862e+01  -5.764562e+00
37  -8.515024e+01  -6.697116e+00
38  -1.251164e+02  -8.977462e+00
39  -1.845611e+02  -1.345471e+01
40  -2.804545e+02  -1.740780e+01
41  -4.070054e+02  -2.395238e+01
42  -5.976380e+02  -3.344519e+01
43  -8.721881e+02  -3.600036e+01
44  -1.283092e+03  -6.489368e+01
45  -1.896434e+03  -6.858636e+01
46  -2.792150e+03  -1.059627e+02
47  -4.104406e+03  -1.638788e+02
48  -6.025882e+03  -2.693328e+02
49  -8.820236e+03  -4.014781e+02
50  -1.278517e+04  -5.020122e+02
51  -1.869567e+04  -5.436708e+02
52  -2.702537e+04  -6.791207e+02
53  -3.951794e+04  -8.321038e+02
54  -5.623590e+04  -1.209339e+03
55  -8.365341e+04  -1.720436e+03
56  -1.200748e+05  -2.088752e+03
57  -1.741925e+05  -2.815399e+03
58  -2.505058e+05  -4.769356e+03
59  -3.587812e+05  -7.426393e+03
60  -5.107295e+05  -1.204352e+04
61  -7.309470e+05  -1.233305e+04
62  -1.055248e+06  -1.661390e+04
63  -1.691417e+06  -8.755509e+03
ENDPROP
STARTPROP
MASSES:  4.500000e-02   4.200000e-03
SOURCE: WWPSAX4
SINKS: GAM_4
0  1.157527e+08  -8.956082e+06
1  1.856151e+09  -1.749073e+08
2  1.280855e+09  -1.720725e+06
3  6.325027e+08  -3.297492e+07
4  1.985107e+08  -7.984574e+06
5  2.274998e+08  -1.851879e+07
6  1.009254e+08  1.553351e+07
7  9.060921e+07  7.385288e+06
8  4.602651e+07  8.368403e+06
9  5.548425e+07  -9.389435e+05
10  2.357597e+07  -4.366422e+06
11  1.169941e+07  -7.661610e+06
12  7.541866e+06  -5.928714e+05
13  8.835799e+06  -5.448532e+06
14  3.510541e+06  -1.444683e+06
15  2.408449e+06  -5.780600e+05
16  2.928352e+06  7.962915e+05
17  1.753534e+06  1.892044e+05
18  1.779882e+06  4.357914e+05
19  1.034443e+06  2.135188e+05
20  6.543364e+05  -2.887657e+04
21  -7.148389e+04  3.419264e+05
22  5.284536e+05  -3.515242e+04
23  5.733548e+04  8.080868e+04
24  1.248710e+05  3.183319e+04
25  6.719345e+04  1.005357e+05
26  5.448246e+04  5.970165e+04
27  6.381503e+04  -2.282241e+04
28  1.249501e+04  1.940674e+04
29  5.834587e+03  -1.693421e+04
30  8.946226e+02  5.237353e+02
31  5.857518e+03  -4.464982e+03
32  -1.557189e+03  5.330746e+03
33  3.484324e+03  -1.417814e+04
34  -1.299407e+04  9.025021e+03
35  -1.070129e+04  1.068167e+04
36  -3.263632e+04  -1.519667e+03
37  -2.519916e+04  1.086817e+04
38  -4.334297e+04  -2.557001e+04
39  -1.263964e+05  8.877179e+03
40  -2.273724e+05  -1.155358e+04
41  -1.173552e+05  1.229276e+04
42  -4.806609e+05  1.598476e+05
43  -9.711910e+05  -3.793155e+05
44  -1.142191e+06  1.831244e+04
45  -1.125120e+06  2.973913e+05
46  -1.891157e+06  1.639759e+05
47  -2.339259e+06  -1.011177e+06
48  -3.795206e+06  -5.490715e+05
49  -2.658142e+06  1.445370e+05
50  -6.743042e+06  2.790375e+06
51  -5.175283e+06  -2.793873e+06
52  -1.293053e+07  -8.972442e+05
53  -1.652475e+07  1.717951e+06
54  -1.862305e+07  -5.423722e+06
55  -4.521131e+07  2.963650e+06
56  -5.019004e+07  -1.895542e+05
57  -9.897338e+07  1.692653e+06
58  -1.239802e+08  2.792698e+07
59  -2.466212e+08  -3.818217e+06
60  -2.447240e+08  1.714569e+07
61  -3.352265e+08  -4.735576e+07
62  -6.256881e+08  -6.826046e+07
63  -2.218302e+09  -4.962424e+07
ENDPROP
STARTPROP
MASSES:  4.500000e-02   4.200000e-03
SOURCE: WWGAM_5
SINKS: GAM_5
0  1.676611e+10  -1.377615e+01
1  2.883868e+09  -8.792952e+07
2  1.991349e+09  2.788951e+07
3  1.109744e+09  8.927165e+05
4  5.424162e+08  2.265126e+07
5  4.754557e+08  -4.507329e+07
6  2.342678e+08  4.658554e+06
7  1.802614e+08  -1.838924e+07
8  9.747696e+07  6.805581e+05
9  9.405869e+07  -4.075539e+06
10  5.780084e+07  -2.625042e+06
11  3.100092e+07  -3.332478e+06
12  2.265537e+07  -3.465099e+04
13  2.267675e+07  -3.827865e+06
14  9.938392e+06  -2.938646e+06
15  8.266560e+06  7.283438e+04
16  5.462893e+06  1.293029e+06
17  3.259352e+06  4.714971e+05
18  3.352677e+06  7.372935e+05
19  2.305936e+06  2.322544e+05
20  1.311275e+06  -1.493347e+05
21  5.332966e+05  2.402478e+05
22  8.043697e+05  -4.760358e+04
23  4.544531e+05  1.433312e+04
24  2.393592e+05  7.011170e+03
25  2.055070e+05  1.405928e+05
26  1.228658e+05  9.996354e+04
27  1.142428e+05  -8.154686e+03
28  5.884793e+04  2.372590e+04
29  5.208365e+04  1.188686e+04
30  2.189932e+04  2.377926e+03
31  3.350035e+04  3.378478e+03
32  3.414130e+04  1.390813e+04
33  1.056053e+04  -7.149062e+03
34  4.219956e+04  1.454163e+04
35  3.508100e+04  -2.637259e+02
36  8.120516e+04  8.810144e+03
37  1.130706e+05  -4.305112e+03
38  1.014103e+05  -2.480059e+04
39  2.790242e+05  2.601963e+04
40  3.548008e+05  8.954328e+03
41  3.274716e+05  6.630561e+04
42  8.540556e+05  -1.613865e+05
43  1.252528e+06  2.342167e+05
44  2.023927e+06  -1.157253e+03
45  2.024245e+06  -4.390476e+05
46  3.557123e+06  -1.127210e+05
47  4.818202e+06  1.358235e+06
48  6.961275e+06  -3.154282e+05
49  8.072618e+06  -3.752092e+05
50  1.469521e+07  -3.786235e+06
51  1.761732e+07  3.747924e+06
52  3.977183e+07  -7.880552e+06
53  4.952243e+07  -2.359336e+06
54  5.688393e+07  1.186556e+06
55  8.935879e+07  -9.468973e+06
56  1.332651e+08  -1.467113e+07
57  1.986957e+08  1.647837e+07
58  2.724170e+08  -5.938002e+06
59  4.339820e+08  3.644299e+07
60  5.680271e+08  -1.594750e+07
61  7.999857e+08  1.092785e+07
62  1.243037e+09  1.409158e+08
63  3.555767e+09  -1.633619e+07
ENDPROP
