STARTPROP
MASSES:  4.500000e-02   4.500000e-02
SOURCE: GAM_1
SINKS: GAM_1
0  1.297794e+06  -3.176120e-13
1  1.917025e+06  5.498119e-13
2  8.500867e+05  5.912768e-14
3  4.165707e+05  -2.961253e-13
4  1.973312e+05  5.901300e-14
5  8.958525e+04  7.926543e-14
6  4.126330e+04  -1.594650e-14
7  1.897702e+04  1.257136e-14
8  8.303594e+03  -7.230646e-16
9  3.677555e+03  -8.219872e-15
10  1.762425e+03  4.461369e-15
11  9.050353e+02  5.448506e-15
12  5.119335e+02  -4.598516e-16
13  2.912955e+02  -2.017316e-15
14  1.799195e+02  1.557944e-16
15  8.443008e+01  2.397226e-16
16  4.052085e+01  -1.643558e-16
17  1.864600e+01  -1.396338e-16
18  1.061210e+01  5.056932e-17
19  4.489500e+00  1.445790e-17
20  2.810069e+00  4.356004e-17
21  2.279812e+00  -1.115677e-17
22  1.578840e+00  2.716933e-18
23  9.663697e-01  -4.566426e-18
24  6.817982e-01  -4.764112e-18
25  4.371013e-01  1.045143e-21
26  3.195288e-01  -1.507875e-18
27  2.093807e-01  -7.155146e-19
28  1.155152e-01  -7.989651e-19
29  7.425039e-02  -7.761870e-19
30  5.888892e-02  1.304160e-19
31  3.761511e-02  4.423094e-19
32  1.892089e-02  2.486076e-19
33  1.253634e-02  1.494060e-19
34  9.439665e-03  1.211040e-19
35  1.605991e-02  -5.317433e-19
36  3.678953e-02  1.051700e-18
37  1.729381e-02  -4.718195e-19
38  -1.190463e-02  -1.771999e-18
39  2.260927e-02  -6.346644e-18
40  2.699751e-01  -4.105791e-18
41  4.119205e-01  -7.081328e-19
42  7.497241e-01  1.992703e-17
43  1.045400e+00  -7.216461e-18
44  9.956302e-01  1.358981e-17
45  4.325736e-01  -1.086239e-17
46  1.954151e+00  5.280933e-17
47  1.351511e+01  1.113856e-16
48  4.563394e+01  5.493970e-17
49  1.177198e+02  -1.896839e-16
50  2.671327e+02  5.639278e-16
51  5.472254e+02  -3.876247e-16
52  1.017702e+03  -1.446601e-15
53  1.797756e+03  -3.149045e-15
54  3.466121e+03  1.394959e-15
55  7.008359e+03  -4.438570e-15
56  1.455862e+04  7.492078e-15
57  2.894885e+04  -1.849658e-14
58  5.598458e+04  -2.242286e-15
59  1.116534e+05  2.956469e-14
60  2.239585e+05  -2.152389e-13
61  4.423284e+05  -1.149552e-13
62  8.759100e+05  3.227793e-13
63  1.945259e+06  8.211411e-14
ENDPROP
STARTPROP
MASSES:  4.500000e-02   4.500000e-02
SOURCE: GAM_2
SINKS: GAM_2
0  1.291638e+06  5.029070e-13
1  1.919415e+06  -5.128368e-14
2  8.433773e+05  1.822774e-13
3  4.146171e+05  7.455906e-14
4  1.955646e+05  -7.117799e-14
5  8.639935e+04  8.413133e-14
6  3.819588e+04  6.559071e-14
7  1.642011e+04  3.195798e-14
8  6.102057e+03  -9.545326e-15
9  2.594352e+03  -6.367838e-15
10  1.149194e+03  4.685799e-15
11  4.404035e+02  3.943200e-15
12  1.755170e+02  -2.127734e-15
13  1.031395e+02  4.335369e-16
14  5.735658e+01  -9.131883e-16
15  4.308641e+01  1.278329e-16
16  2.291138e+01  -1.638205e-16
17  1.632633e+01  -1.393323e-16
18  9.387388e+00  -7.086472e-17
19  4.457749e+00  2.516524e-17
20  2.143025e+00  -1.899377e-17
21  1.782000e+00  -9.884633e-18
22  8.969791e-01  3.761766e-17
23  9.660599e-02  9.575425e-18
24  -1.676644e-01  8.926429e-18
25  -7.498221e-02  -5.492149e-18
26  -3.401411e-02  -1.568279e-18
27  -4.255070e-02  -8.439063e-19
28  -1.211661e-02  -1.134013e-18
29  -2.587957e-02  3.383694e-19
30  -2.951407e-02  -7.829816e-20
31  -2.180905e-02  2.087268e-19
32  -1.186174e-03  -2.466636e-20
33  9.768830e-03  -1.226834e-19
34  1.205670e-02  2.691280e-19
35  3.408060e-02  4.592190e-19
36  7.329490e-02  9.125157e-19
37  1.123614e-01  2.209277e-19
38  9.760775e-02  3.319198e-18
39  4.074283e-02  4.683189e-19
40  -8.070346e-02  5.078693e-18
41  -1.269769e-01  6.429814e-18
42  6.814688e-01  1.668374e-17
43  2.554154e+00  -9.960001e-18
44  5.680278e+00  -4.873911e-17
45  1.092849e+01  6.013083e-17
46  1.612508e+01  5.696318e-17
47  3.008980e+01  -1.253084e-16
48  4.808520e+01  -2.593502e-16
49  6.228218e+01  -1.059158e-16
50  1.311556e+02  -1.785271e-16
51  3.380628e+02  -1.549740e-15
52  7.806519e+02  -2.926571e-16
53  1.492598e+03  -4.428132e-15
54  2.555391e+03  6.628674e-15
55  4.844270e+03  1.512412e-14
56  9.710084e+03  7.473646e-15
57  2.030615e+04  -7.963340e-15
58  4.469058e+04  -6.693254e-16
59  9.639810e+04  2.751858e-14
60  2.017864e+05  3.687190e-14
61  4.161291e+05  -2.756027e-13
62  8.492872e+05  -1.816609e-13
63  1.929560e+06  1.026897e-13
ENDPROP
STARTPROP
MASSES:  4.500000e-02   4.500000e-02
SOURCE: GAM_3
SINKS: GAM_3
0  1.287591e+06  5.511910e-13
1  1.886767e+06  2.093500e-13
2  8.215126e+05  4.604974e-13
3  4.073995e+05  7.033225e-14
4  1.985166e+05  1.354634e-13
5  9.456808e+04  -8.931254e-14
6  4.427618e+04  -1.760771e-15
7  2.108434e+04  -5.138427e-14
8  1.011180e+04  -1.775227e-14
9  4.568653e+03  5.860967e-15
10  2.038263e+03  -5.434255e-15
11  9.394281e+02  -4.672996e-16
12  5.165389e+02  -9.632264e-16
13  3.457880e+02  -6.240858e-16
14  2.031434e+02  -6.852487e-16
15  1.095524e+02  -3.481599e-16
16  5.596514e+01  5.435410e-18
17  2.964658e+01  -7.024804e-17
18  1.553887e+01  -1.313489e-17
19  6.169051e+00  -6.416818e-17
20  3.571172e+00  1.633769e-17
21  1.912885e+00  -4.278432e-17
22  1.155503e+00  7.585754e-18
23  7.773777e-01  -2.801874e-18
24  2.645381e-01  -6.740481e-18
25  -5.336126e-02  2.157080e-20
26  -1.217693e-01  -2.239304e-18
27  -9.967080e-02  1.808350e-18
28  -6.572307e-02  -6.356092e-20
29  -3.562289e-02  -3.340667e-19
30  -7.308484e-03  8.782874e-20
31  -4.139558e-03  -1.401937e-19
32  -1.296481e-02  3.714347e-19
33  -1.821092e-02  8.729661e-20
34  -1.547567e-02  6.156633e-19
35  -3.067776e-03  -5.684092e-19
36  1.779820e-02  2.515252e-19
37  2.065666e-02  -3.049633e-19
38  1.799003e-02  1.533826e-18
39  -5.998147e-02  4.158526e-19
40  -1.972202e-01  -5.046074e-18
41  -5.018734e-01  -1.882242e-18
42  -1.558143e+00  -8.854677e-18
43  -4.126515e+00  3.004572e-17
44  -5.859227e+00  9.971186e-18
45  -7.731922e+00  -1.376690e-17
46  -9.606651e+00  6.381488e-17
47  -8.365866e+00  1.656593e-17
48  -2.820450e+00  -9.063364e-17
49  3.868396e+01  -5.108792e-16
50  1.577141e+02  -1.444008e-16
51  3.486995e+02  -9.021375e-16
52  7.111868e+02  -5.363413e-18
53  1.389880e+03  -5.448713e-16
54  2.700223e+03  5.340079e-15
55  5.722786e+03  1.426193e-14
56  1.218411e+04  -1.757704e-14
57  2.438540e+04  1.078209e-15
58  5.058541e+04  -3.737767e-15
59  1.041369e+05  5.011283e-14
60  2.108849e+05  6.658920e-14
61  4.246633e+05  -9.690081e-14
62  8.541034e+05  -1.497700e-13
63  1.934043e+06  -8.482094e-13
ENDPROP
STARTPROP
MASSES:  4.500000e-02   4.500000e-02
SOURCE: GAM_4
SINKS: GAM_4
0  2.157066e+06  1.383789e-13
1  -2.641151e+05  2.024007e-13
2  1.097709e+02  -1.078501e-13
3  -1.360277e+03  -2.082158e-13
4  -2.245120e+02  -3.643646e-14
5  -4.195409e+02  1.851874e-14
6  1.438148e+02  -1.319607e-14
7  1.979885e+01  1.189757e-14
8  -1.406342e+02  -2.779657e-16
9  6.406442e+00  3.889887e-15
10  2.616712e+01  1.956317e-15
11  -2.266050e+01  -2.138706e-15
12  -6.278991e+00  2.743254e-15
13  -2.001793e+00  -7.910394e-16
14  6.103145e+00  1.882388e-16
15  -6.144601e-02  9.484985e-16
16  1.205260e+00  -1.268135e-16
17  3.418810e-01  7.572623e-17
18  -5.306465e-01  1.935733e-16
19  -2.559194e-01  8.874837e-17
20  -1.152689e-02  -1.060575e-18
21  -7.576103e-02  6.910260e-18
22  1.338894e-01  -3.016386e-17
23  3.624119e-02  -5.392736e-18
24  2.668168e-02  -5.364942e-19
25  4.888002e-03  2.259961e-18
26  -4.678668e-03  5.279066e-18
27  1.051865e-03  -1.121007e-18
28  2.028613e-03  -6.261893e-19
29  4.235827e-03  -4.751374e-19
30  4.439388e-03  -2.414752e-19
31  3.875841e-03  -2.080509e-20
32  3.596610e-03  -1.509928e-19
33  2.218326e-03  -2.370045e-19
34  4.432884e-03  3.314947e-20
35  1.659664e-04  -1.010157e-19
36  3.017941e-03  -1.838562e-18
37  -8.425806e-03  1.841815e-18
38  -4.961203e-03  -3.589691e-18
39  1.505712e-02  -2.539763e-18
40  5.707506e-03  -2.222649e-18
41  3.459195e-02  -7.953929e-19
42  8.220647e-02  1.311683e-17
43  5.563541e-02  -1.137267e-18
44  -3.753741e-01  -4.134842e-17
45  1.103089e-01  -5.630998e-17
46  -1.977398e-01  -6.105472e-17
47  -7.185100e-01  -4.356802e-16
48  -1.072689e-01  -3.893415e-16
49  1.048173e+00  -2.394339e-16
50  2.417235e+00  1.612549e-15
51  -6.444530e+00  6.338924e-16
52  -1.685758e+00  -5.163374e-15
53  2.512876e+01  -3.482029e-15
54  1.437300e+01  -1.073528e-14
55  -5.543018e+01  -2.279957e-15
56  -1.990691e+01  -1.115694e-14
57  -3.663044e-01  -5.233749e-16
58  1.478019e+02  -2.273660e-15
59  -1.849994e+00  -3.603874e-14
60  -6.105381e+02  1.611464e-13
61  -5.351428e+02  3.527533e-15
62  -3.146657e+03  -2.839196e-13
63  -2.702942e+05  5.001565e-13
ENDPROP
STARTPROP
MASSES:  4.500000e-02   4.500000e-02
SOURCE: GAM_5
SINKS: GAM_5
0  5.340935e+06  0.000000e+00
1  5.269460e+06  0.000000e+00
2  3.314066e+06  0.000000e+00
3  2.127804e+06  0.000000e+00
4  1.333513e+06  0.000000e+00
5  8.122266e+05  0.000000e+00
6  4.924773e+05  0.000000e+00
7  3.007516e+05  0.000000e+00
8  1.838165e+05  0.000000e+00
9  1.090616e+05  0.000000e+00
10  6.571984e+04  0.000000e+00
11  4.025148e+04  0.000000e+00
12  2.432047e+04  0.000000e+00
13  1.498238e+04  0.000000e+00
14  9.251024e+03  0.000000e+00
15  5.622378e+03  0.000000e+00
16  3.444471e+03  0.000000e+00
17  2.098762e+03  0.000000e+00
18  1.281243e+03  0.000000e+00
19  7.756679e+02  0.000000e+00
20  4.704094e+02  0.000000e+00
21  2.859829e+02  0.000000e+00
22  1.759554e+02  0.000000e+00
23  1.082483e+02  0.000000e+00
24  6.569695e+01  0.000000e+00
25  4.053378e+01  0.000000e+00
26  2.551598e+01  0.000000e+00
27  1.555734e+01  0.000000e+00
28  9.295623e+00  0.000000e+00
29  5.755713e+00  0.000000e+00
30  3.824157e+00  0.000000e+00
31  2.868706e+00  0.000000e+00
32  2.639393e+00  0.000000e+00
33  3.041194e+00  0.000000e+00
34  4.149646e+00  0.000000e+00
35  6.230773e+00  0.000000e+00
36  9.946274e+00  0.000000e+00
37  1.632564e+01  0.000000e+00
38  2.669101e+01  0.000000e+00
39  4.253627e+01  0.000000e+00
40  6.941574e+01  0.000000e+00
41  1.120235e+02  0.000000e+00
42  1.813340e+02  0.000000e+00
43  2.941908e+02  0.000000e+00
44  4.873142e+02  0.000000e+00
45  8.026028e+02  0.000000e+00
46  1.323095e+03  0.000000e+00
47  2.191906e+03  0.000000e+00
48  3.590119e+03  0.000000e+00
49  5.954189e+03  0.000000e+00
50  9.867766e+03  0.000000e+00
51  1.601980e+04  0.000000e+00
52  2.605072e+04  0.000000e+00
53  4.305283e+04  0.000000e+00
54  7.022816e+04  0.000000e+00
55  1.145089e+05  0.000000e+00
56  1.881715e+05  0.000000e+00
57  3.058614e+05  0.000000e+00
58  4.980863e+05  0.000000e+00
59  8.141750e+05  0.000000e+00
60  1.303318e+06  0.000000e+00
61  2.064185e+06  0.000000e+00
62  3.249426e+06  0.000000e+00
63  5.189492e+06  0.000000e+00
ENDPROP
STARTPROP
MASSES:  4.500000e-02   4.500000e-02
SOURCE: GAM_12
SINKS: GAM_12
0  8.955401e+05  0.000000e+00
1  -6.455902e+05  0.000000e+00
2  -1.514499e+05  0.000000e+00
3  -5.975945e+04  0.000000e+00
4  -2.233560e+04  0.000000e+00
5  -8.748089e+03  0.000000e+00
6  -3.182493e+03  0.000000e+00
7  -8.588285e+02  0.000000e+00
8  -1.920809e+02  0.000000e+00
9  2.358121e+01  0.000000e+00
10  7.909931e+01  0.000000e+00
11  7.013088e+01  0.000000e+00
12  4.873497e+00  0.000000e+00
13  2.045986e+01  0.000000e+00
14  1.712595e+01  0.000000e+00
15  1.705053e+01  0.000000e+00
16  9.317182e+00  0.000000e+00
17  4.782676e+00  0.000000e+00
18  5.158552e+00  0.000000e+00
19  2.733972e+00  0.000000e+00
20  1.494269e+00  0.000000e+00
21  1.962617e-01  0.000000e+00
22  -6.872287e-01  0.000000e+00
23  -5.161613e-01  0.000000e+00
24  -2.278675e-01  0.000000e+00
25  -1.246700e-01  0.000000e+00
26  -4.791797e-02  0.000000e+00
27  -1.439549e-02  0.000000e+00
28  7.988541e-03  0.000000e+00
29  5.176068e-03  0.000000e+00
30  -5.502796e-03  0.000000e+00
31  -4.509339e-03  0.000000e+00
32  -1.157028e-03  0.000000e+00
33  3.077084e-03  0.000000e+00
34  6.840502e-03  0.000000e+00
35  4.959372e-03  0.000000e+00
36  1.633340e-03  0.000000e+00
37  9.580938e-03  0.000000e+00
38  2.665493e-02  0.000000e+00
39  1.707407e-02  0.000000e+00
40  -8.932598e-03  0.000000e+00
41  -7.232868e-02  0.000000e+00
42  -2.074880e-01  0.000000e+00
43  -1.092973e+00  0.000000e+00
44  -2.927810e+00  0.000000e+00
45  -6.139831e+00  0.000000e+00
46  -8.130608e+00  0.000000e+00
47  -6.508840e+00  0.000000e+00
48  -4.225075e+00  0.000000e+00
49  -7.406922e+00  0.000000e+00
50  -1.696453e+01  0.000000e+00
51  -4.252261e+01  0.000000e+00
52  -1.051369e+02  0.000000e+00
53  -1.311862e+02  0.000000e+00
54  -9.414642e+01  0.000000e+00
55  -1.440341e+01  0.000000e+00
56  -5.800552e+01  0.000000e+00
57  -8.882256e+02  0.000000e+00
58  -3.025861e+03  0.000000e+00
59  -8.670619e+03  0.000000e+00
60  -2.187098e+04  0.000000e+00
61  -5.690131e+04  0.000000e+00
62  -1.579802e+05  0.000000e+00
63  -6.562770e+05  0.000000e+00
ENDPROP
STARTPROP
MASSES:  4.500000e-02   4.500000e-02
SOURCE: GAM_21
SINKS: GAM_21
0  8.955401e+05  0.000000e+00
1  -6.455902e+05  0.000000e+00
2  -1.514499e+05  0.000000e+00
3  -5.975945e+04  0.000000e+00
4  -2.233560e+04  0.000000e+00
5  -8.748089e+03  0.000000e+00
6  -3.182493e+03  0.000000e+00
7  -8.588285e+02  0.000000e+00
8  -1.920809e+02  0.000000e+00
9  2.358121e+01  0.000000e+00
10  7.909931e+01  0.000000e+00
11  7.013088e+01  0.000000e+00
12  4.873497e+00  0.000000e+00
13  2.045986e+01  0.000000e+00
14  1.712595e+01  0.000000e+00
15  1.705053e+01  0.000000e+00
16  9.317182e+00  0.000000e+00
17  4.782676e+00  0.000000e+00
18  5.158552e+00  0.000000e+00
19  2.733972e+00  0.000000e+00
20  1.494269e+00  0.000000e+00
21  1.962617e-01  0.000000e+00
22  -6.872287e-01  0.000000e+00
23  -5.161613e-01  0.000000e+00
24  -2.278675e-01  0.000000e+00
25  -1.246700e-01  0.000000e+00
26  -4.791797e-02  0.000000e+00
27  -1.439549e-02  0.000000e+00
28  7.988541e-03  0.000000e+00
29  5.176068e-03  0.000000e+00
30  -5.502796e-03  0.000000e+00
31  -4.509339e-03  0.000000e+00
32  -1.157028e-03  0.000000e+00
33  3.077084e-03  0.000000e+00
34  6.840502e-03  0.000000e+00
35  4.959372e-03  0.000000e+00
36  1.633340e-03  0.000000e+00
37  9.580938e-03  0.000000e+00
38  2.665493e-02  0.000000e+00
39  1.707407e-02  0.000000e+00
40  -8.932598e-03  0.000000e+00
41  -7.232868e-02  0.000000e+00
42  -2.074880e-01  0.000000e+00
43  -1.092973e+00  0.000000e+00
44  -2.927810e+00  0.000000e+00
45  -6.139831e+00  0.000000e+00
46  -8.130608e+00  0.000000e+00
47  -6.508840e+00  0.000000e+00
48  -4.225075e+00  0.000000e+00
49  -7.406922e+00  0.000000e+00
50  -1.696453e+01  0.000000e+00
51  -4.252261e+01  0.000000e+00
52  -1.051369e+02  0.000000e+00
53  -1.311862e+02  0.000000e+00
54  -9.414642e+01  0.000000e+00
55  -1.440341e+01  0.000000e+00
56  -5.800552e+01  0.000000e+00
57  -8.882256e+02  0.000000e+00
58  -3.025861e+03  0.000000e+00
59  -8.670619e+03  0.000000e+00
60  -2.187098e+04  0.000000e+00
61  -5.690131e+04  0.000000e+00
62  -1.579802e+05  0.000000e+00
63  -6.562770e+05  0.000000e+00
ENDPROP
STARTPROP
MASSES:  4.500000e-02   4.500000e-02
SOURCE: GAM_13
SINKS: GAM_13
0  9.018719e+05  2.013446e-13
1  -6.331551e+05  5.289990e-14
2  -1.414675e+05  -3.460143e-13
3  -5.064259e+04  -2.088270e-13
4  -1.850479e+04  -3.795166e-14
5  -6.592861e+03  2.941671e-15
6  -2.986639e+03  -1.887731e-14
7  -9.360576e+02  2.423528e-14
8  -1.104613e+02  2.692745e-15
9  9.877371e+01  -3.679087e-15
10  8.167017e+00  -1.164203e-15
11  -1.056060e+01  1.228379e-15
12  5.622335e+01  1.715354e-15
13  3.815833e+01  -7.865732e-16
14  1.940918e+01  2.535923e-16
15  1.183551e+01  5.268428e-17
16  2.545360e+00  -3.287556e-16
17  4.080827e+00  -4.205900e-17
18  1.386310e+00  5.681046e-17
19  -5.107415e-02  -3.749019e-17
20  -1.980981e-01  1.055187e-17
21  -5.912527e-01  -8.398663e-18
22  -3.865853e-01  2.364908e-18
23  -1.146387e-01  -4.897703e-19
24  -6.124341e-02  -2.716955e-18
25  -8.099663e-02  1.204559e-18
26  -5.395290e-02  -3.086285e-18
27  -4.190264e-02  -5.244871e-19
28  -2.715123e-02  -3.162098e-19
29  -4.157234e-03  -3.241503e-19
30  1.038369e-03  -6.843901e-20
31  -8.433342e-04  2.724672e-19
32  1.801158e-03  4.950676e-21
33  -4.020979e-03  4.243978e-19
34  -6.326266e-03  5.009251e-20
35  -7.025501e-03  1.736562e-21
36  9.492929e-03  -8.735533e-19
37  2.014044e-02  -5.706512e-21
38  8.379615e-03  6.115812e-20
39  6.919790e-02  9.947302e-19
40  1.064296e-01  -2.978889e-18
41  1.666970e-01  -2.525041e-18
42  1.643579e-02  8.813661e-18
43  2.567199e-01  5.338979e-19
44  7.351381e-01  -1.251208e-17
45  1.891323e+00  1.424263e-17
46  3.259277e+00  -9.987748e-17
47  3.390269e+00  -4.550685e-18
48  6.663216e+00  -1.671091e-16
49  1.806710e+01  3.235067e-16
50  2.183352e+01  -1.656453e-16
51  1.369619e+00  -8.795802e-16
52  -3.021594e+01  1.520182e-15
53  -2.076274e+01  2.013355e-15
54  -6.721470e+00  3.438835e-15
55  -9.620360e+01  6.258424e-16
56  -9.346737e+01  4.067811e-15
57  -3.679624e+02  1.595319e-14
58  -1.264276e+03  4.875941e-14
59  -4.049199e+03  1.334773e-14
60  -1.398495e+04  -3.700427e-14
61  -4.365360e+04  -7.946313e-14
62  -1.402175e+05  -2.786585e-13
63  -6.424609e+05  3.510408e-13
ENDPROP
STARTPROP
MASSES:  4.500000e-02   4.500000e-02
SOURCE: GAM_31
SINKS: GAM_31
0  9.018719e+05  2.013446e-13
1  -6.331551e+05  5.289990e-14
2  -1.414675e+05  -3.460143e-13
3  -5.064259e+04  -2.088270e-13
4  -1.850479e+04  -3.795166e-14
5  -6.592861e+03  2.941671e-15
6  -2.986639e+03  -1.887731e-14
7  -9.360576e+02  2.423528e-14
8  -1.104613e+02  2.692745e-15
9  9.877371e+01  -3.679087e-15
10  8.167017e+00  -1.164203e-15
11  -1.056060e+01  1.228379e-15
12  5.622335e+01  1.715354e-15
13  3.815833e+01  -7.865732e-16
14  1.940918e+01  2.535923e-16
15  1.183551e+01  5.268428e-17
16  2.545360e+00  -3.287556e-16
17  4.080827e+00  -4.205900e-17
18  1.386310e+00  5.681046e-17
19  -5.107415e-02  -3.749019e-17
20  -1.980981e-01  1.055187e-17
21  -5.912527e-01  -8.398663e-18
22  -3.865853e-01  2.364908e-18
23  -1.146387e-01  -4.897703e-19
24  -6.124341e-02  -2.716955e-18
25  -8.099663e-02  1.204559e-18
26  -5.395290e-02  -3.086285e-18
27  -4.190264e-02  -5.244871e-19
28  -2.715123e-02  -3.162098e-19
29  -4.157234e-03  -3.241503e-19
30  1.038369e-03  -6.843901e-20
31  -8.433342e-04  2.724672e-19
32  1.801158e-03  4.950676e-21
33  -4.020979e-03  4.243978e-19
34  -6.326266e-03  5.009251e-20
35  -7.025501e-03  1.736562e-21
36  9.492929e-03  -8.735533e-19
37  2.014044e-02  -5.706512e-21
38  8.379615e-03  6.115812e-20
39  6.919790e-02  9.947302e-19
40  1.064296e-01  -2.978889e-18
41  1.666970e-01  -2.525041e-18
42  1.643579e-02  8.813661e-18
43  2.567199e-01  5.338979e-19
44  7.351381e-01  -1.251208e-17
45  1.891323e+00  1.424263e-17
46  3.259277e+00  -9.987748e-17
47  3.390269e+00  -4.550685e-18
48  6.663216e+00  -1.671091e-16
49  1.806710e+01  3.235067e-16
50  2.183352e+01  -1.656453e-16
51  1.369619e+00  -8.795802e-16
52  -3.021594e+01  1.520182e-15
53  -2.076274e+01  2.013355e-15
54  -6.721470e+00  3.438835e-15
55  -9.620360e+01  6.258424e-16
56  -9.346737e+01  4.067811e-15
57  -3.679624e+02  1.595319e-14
58  -1.264276e+03  4.875941e-14
59  -4.049199e+03  1.334773e-14
60  -1.398495e+04  -3.700427e-14
61  -4.365360e+04  -7.946313e-14
62  -1.402175e+05  -2.786585e-13
63  -6.424609e+05  3.510408e-13
ENDPROP
STARTPROP
MASSES:  4.500000e-02   4.500000e-02
SOURCE: GAM_14
SINKS: GAM_14
0  1.755681e+05  -4.296264e-13
1  1.378104e+06  2.714300e-13
2  5.540194e+05  -4.938357e-14
3  2.713362e+05  7.383688e-15
4  1.300342e+05  -1.468381e-14
5  5.931259e+04  9.195349e-15
6  2.534486e+04  -2.415347e-14
7  1.138300e+04  -2.803042e-14
8  5.280384e+03  -1.318973e-14
9  2.455018e+03  7.022206e-15
10  1.180794e+03  3.258745e-15
11  5.432553e+02  7.149546e-16
12  3.564189e+02  2.289005e-15
13  2.322156e+02  1.341573e-15
14  1.320830e+02  7.257802e-17
15  7.155959e+01  3.465302e-16
16  3.789948e+01  -2.589431e-16
17  1.770422e+01  -1.011243e-16
18  1.106300e+01  -4.099898e-17
19  3.878167e+00  -4.409197e-17
20  2.358326e+00  6.441384e-17
21  1.363423e+00  6.796050e-18
22  7.183223e-01  2.112280e-18
23  3.701573e-01  -2.270551e-18
24  3.378997e-01  1.327819e-19
25  2.312460e-01  -3.221294e-18
26  1.640032e-01  1.190781e-18
27  9.671786e-02  -1.110250e-18
28  5.268422e-02  -6.083899e-19
29  3.302853e-02  7.306108e-19
30  1.202358e-02  1.720604e-19
31  2.991671e-03  -1.161423e-19
32  1.923672e-03  2.068324e-19
33  -2.539413e-04  1.093379e-19
34  4.516046e-03  2.104928e-19
35  2.158065e-02  3.338529e-19
36  2.573551e-02  -6.261072e-19
37  4.192664e-03  2.392051e-19
38  6.037717e-02  1.425530e-18
39  1.604882e-01  -2.959828e-18
40  2.089727e-01  -1.537159e-18
41  1.147533e-01  1.013387e-17
42  3.756013e-02  -6.931835e-18
43  -7.967032e-01  -1.835282e-17
44  -2.197960e+00  -7.903797e-18
45  -2.891527e+00  1.757147e-17
46  -2.139384e-01  1.632643e-18
47  4.129915e+00  -9.646435e-18
48  1.823969e+01  -2.765152e-16
49  4.793628e+01  -5.256100e-16
50  1.158179e+02  3.623070e-16
51  2.130300e+02  1.009920e-15
52  5.644192e+02  1.483590e-15
53  1.203918e+03  1.367279e-15
54  2.207921e+03  -1.515643e-15
55  4.294094e+03  1.162041e-14
56  8.395724e+03  -1.814202e-15
57  1.664784e+04  2.994795e-16
58  3.312588e+04  1.259997e-14
59  6.704960e+04  9.288654e-14
60  1.402739e+05  5.540619e-14
61  2.850603e+05  -7.395191e-14
62  5.719824e+05  -1.315262e-13
63  1.403368e+06  2.692763e-13
ENDPROP
STARTPROP
MASSES:  4.500000e-02   4.500000e-02
SOURCE: GAM_41
SINKS: GAM_41
0  1.755681e+05  -4.296264e-13
1  1.378104e+06  2.714300e-13
2  5.540194e+05  -4.938357e-14
3  2.713362e+05  7.383688e-15
4  1.300342e+05  -1.468381e-14
5  5.931259e+04  9.195349e-15
6  2.534486e+04  -2.415347e-14
7  1.138300e+04  -2.803042e-14
8  5.280384e+03  -1.318973e-14
9  2.455018e+03  7.022206e-15
10  1.180794e+03  3.258745e-15
11  5.432553e+02  7.149546e-16
12  3.564189e+02  2.289005e-15
13  2.322156e+02  1.341573e-15
14  1.320830e+02  7.257802e-17
15  7.155959e+01  3.465302e-16
16  3.789948e+01  -2.589431e-16
17  1.770422e+01  -1.011243e-16
18  1.106300e+01  -4.099898e-17
19  3.878167e+00  -4.409197e-17
20  2.358326e+00  6.441384e-17
21  1.363423e+00  6.796050e-18
22  7.183223e-01  2.112280e-18
23  3.701573e-01  -2.270551e-18
24  3.378997e-01  1.327819e-19
25  2.312460e-01  -3.221294e-18
26  1.640032e-01  1.190781e-18
27  9.671786e-02  -1.110250e-18
28  5.268422e-02  -6.083899e-19
29  3.302853e-02  7.306108e-19
30  1.202358e-02  1.720604e-19
31  2.991671e-03  -1.161423e-19
32  1.923672e-03  2.068324e-19
33  -2.539413e-04  1.093379e-19
34  4.516046e-03  2.104928e-19
35  2.158065e-02  3.338529e-19
36  2.573551e-02  -6.261072e-19
37  4.192664e-03  2.392051e-19
38  6.037717e-02  1.425530e-18
39  1.604882e-01  -2.959828e-18
40  2.089727e-01  -1.537159e-18
41  1.147533e-01  1.013387e-17
42  3.756013e-02  -6.931835e-18
43  -7.967032e-01  -1.835282e-17
44  -2.197960e+00  -7.903797e-18
45  -2.891527e+00  1.757147e-17
46  -2.139384e-01  1.632643e-18
47  4.129915e+00  -9.646435e-18
48  1.823969e+01  -2.765152e-16
49  4.793628e+01  -5.256100e-16
50  1.158179e+02  3.623070e-16
51  2.130300e+02  1.009920e-15
52  5.644192e+02  1.483590e-15
53  1.203918e+03  1.367279e-15
54  2.207921e+03  -1.515643e-15
55  4.294094e+03  1.162041e-14
56  8.395724e+03  -1.814202e-15
57  1.664784e+04  2.994795e-16
58  3.312588e+04  1.259997e-14
59  6.704960e+04  9.288654e-14
60  1.402739e+05  5.540619e-14
61  2.850603e+05  -7.395191e-14
62  5.719824e+05  -1.315262e-13
63  1.403368e+06  2.692763e-13
ENDPROP
STARTPROP
MASSES:  4.500000e-02   4.500000e-02
SOURCE: GAM_23
SINKS: GAM_23
0  9.111548e+05  -3.932249e-13
1  -6.233787e+05  -2.466695e-13
2  -1.350148e+05  -1.336009e-13
3  -4.802732e+04  -4.097346e-14
4  -1.803719e+04  -2.075881e-14
5  -6.493802e+03  -6.486173e-14
6  -2.154682e+03  5.696567e-14
7  -9.711850e+02  -5.959529e-15
8  -4.536485e+02  6.979897e-15
9  -2.743241e+02  4.649104e-15
10  -1.432810e+02  -2.242930e-15
11  6.064536e+00  1.411663e-15
12  7.715780e+01  -6.437616e-16
13  9.316967e+01  -5.322532e-16
14  5.287519e+01  -8.292342e-16
15  2.623582e+01  2.511204e-16
16  9.741750e+00  9.698689e-17
17  3.111474e+00  -1.167707e-16
18  -9.232713e-01  2.980451e-17
19  -2.763504e-01  5.388307e-18
20  -1.074809e+00  1.632270e-17
21  -6.142966e-01  -6.534555e-18
22  -2.551099e-01  -1.759931e-18
23  -2.087976e-01  -3.177088e-18
24  -2.168833e-01  -6.297998e-18
25  -1.370789e-01  1.659490e-20
26  -4.488875e-02  -6.095870e-19
27  -4.426114e-02  9.523661e-20
28  -2.112122e-02  7.588007e-19
29  -1.268919e-02  -3.420704e-19
30  -6.249685e-03  -1.969812e-19
31  2.815465e-04  4.558300e-19
32  2.285970e-03  2.559735e-19
33  8.436552e-03  2.220600e-20
34  1.695097e-02  2.090568e-19
35  3.882939e-02  3.202474e-19
36  5.742730e-02  -3.863174e-19
37  1.046855e-01  1.612382e-21
38  1.167665e-01  -3.835209e-19
39  1.175139e-01  1.124988e-18
40  1.061615e-01  -5.004065e-18
41  3.522283e-02  -8.236161e-18
42  -8.516918e-02  -4.687197e-18
43  -5.048500e-01  -2.942439e-17
44  -2.013820e-01  3.552324e-18
45  3.240674e-01  -1.797850e-17
46  -2.076942e-01  -6.903701e-17
47  -4.812046e+00  3.133598e-18
48  -6.478030e+00  1.921441e-18
49  -5.193530e+00  6.224111e-16
50  -5.181918e+00  2.443322e-16
51  -3.017080e+01  -1.327945e-15
52  -3.896631e+01  1.238615e-15
53  -4.651667e+01  -1.441564e-15
54  -2.903579e-01  -4.699078e-15
55  6.631868e+01  8.970621e-15
56  1.978607e+02  5.883897e-16
57  3.181722e+02  8.080148e-15
58  -9.940062e+01  -2.051764e-14
59  -4.360884e+03  -7.122697e-14
60  -1.851586e+04  -5.812106e-14
61  -5.354640e+04  6.019772e-14
62  -1.410481e+05  -4.106416e-17
63  -6.388002e+05  1.862316e-13
ENDPROP
STARTPROP
MASSES:  4.500000e-02   4.500000e-02
SOURCE: GAM_32
SINKS: GAM_32
0  9.111548e+05  -3.932249e-13
1  -6.233787e+05  -2.466695e-13
2  -1.350148e+05  -1.336009e-13
3  -4.802732e+04  -4.097346e-14
4  -1.803719e+04  -2.075881e-14
5  -6.493802e+03  -6.486173e-14
6  -2.154682e+03  5.696567e-14
7  -9.711850e+02  -5.959529e-15
8  -4.536485e+02  6.979897e-15
9  -2.743241e+02  4.649104e-15
10  -1.432810e+02  -2.242930e-15
11  6.064536e+00  1.411663e-15
12  7.715780e+01  -6.437616e-16
13  9.316967e+01  -5.322532e-16
14  5.287519e+01  -8.292342e-16
15  2.623582e+01  2.511204e-16
16  9.741750e+00  9.698689e-17
17  3.111474e+00  -1.167707e-16
18  -9.232713e-01  2.980451e-17
19  -2.763504e-01  5.388307e-18
20  -1.074809e+00  1.632270e-17
21  -6.142966e-01  -6.534555e-18
22  -2.551099e-01  -1.759931e-18
23  -2.087976e-01  -3.177088e-18
24  -2.168833e-01  -6.297998e-18
25  -1.370789e-01  1.659490e-20
26  -4.488875e-02  -6.095870e-19
27  -4.426114e-02  9.523661e-20
28  -2.112122e-02  7.588007e-19
29  -1.268919e-02  -3.420704e-19
30  -6.249685e-03  -1.969812e-19
31  2.815465e-04  4.558300e-19
32  2.285970e-03  2.559735e-19
33  8.436552e-03  2.220600e-20
34  1.695097e-02  2.090568e-19
35  3.882939e-02  3.202474e-19
36  5.742730e-02  -3.863174e-19
37  1.046855e-01  1.612382e-21
38  1.167665e-01  -3.835209e-19
39  1.175139e-01  1.124988e-18
40  1.061615e-01  -5.004065e-18
41  3.522283e-02  -8.236161e-18
42  -8.516918e-02  -4.687197e-18
43  -5.048500e-01  -2.942439e-17
44  -2.013820e-01  3.552324e-18
45  3.240674e-01  -1.797850e-17
46  -2.076942e-01  -6.903701e-17
47  -4.812046e+00  3.133598e-18
48  -6.478030e+00  1.921441e-18
49  -5.193530e+00  6.224111e-16
50  -5.181918e+00  2.443322e-16
51  -3.017080e+01  -1.327945e-15
52  -3.896631e+01  1.238615e-15
53  -4.651667e+01  -1.441564e-15
54  -2.903579e-01  -4.699078e-15
55  6.631868e+01  8.970621e-15
56  1.978607e+02  5.883897e-16
57  3.181722e+02  8.080148e-15
58  -9.940062e+01  -2.051764e-14
59  -4.360884e+03  -7.122697e-14
60  -1.851586e+04  -5.812106e-14
61  -5.354640e+04  6.019772e-14
62  -1.410481e+05  -4.106416e-17
63  -6.388002e+05  1.862316e-13
ENDPROP
STARTPROP
MASSES:  4.500000e-02   4.500000e-02
SOURCE: GAM_24
SINKS: GAM_24
0  1.788178e+05  7.883611e-13
1  1.379314e+06  -1.071249e-13
2  5.530552e+05  7.804228e-14
3  2.623609e+05  5.240844e-14
4  1.215296e+05  4.441648e-14
5  5.523914e+04  -2.572290e-14
6  2.471303e+04  2.830804e-14
7  1.079275e+04  -5.899898e-15
8  4.513655e+03  1.530480e-15
9  2.073863e+03  -3.156935e-15
10  9.704148e+02  4.501621e-15
11  4.887156e+02  -2.848655e-15
12  1.900856e+02  -2.506841e-16
13  1.061826e+02  6.221036e-16
14  5.972963e+01  -5.579830e-17
15  4.187687e+01  1.275620e-16
16  2.616828e+01  4.467172e-18
17  1.403930e+01  5.719294e-17
18  6.437611e+00  -8.001755e-17
19  5.918261e+00  5.619165e-17
20  3.370799e+00  -3.151433e-17
21  1.803933e+00  -2.253225e-17
22  6.533173e-01  -1.674077e-17
23  1.852200e-01  -2.340855e-18
24  5.792328e-02  -1.165084e-18
25  1.629318e-02  -4.238369e-18
26  4.797875e-02  9.785733e-19
27  2.694606e-02  1.906469e-19
28  1.050289e-02  1.850219e-19
29  2.207022e-03  4.442012e-19
30  3.574209e-03  4.759120e-19
31  3.389373e-03  1.999844e-20
32  8.835694e-03  6.215849e-20
33  1.810567e-02  -1.249560e-19
34  3.603657e-02  5.737170e-20
35  6.272478e-02  -4.334266e-19
36  9.090673e-02  5.683350e-19
37  1.297424e-01  4.571176e-19
38  2.142809e-01  5.898759e-20
39  3.102900e-01  2.102967e-18
40  4.169182e-01  -1.476676e-18
41  6.968447e-01  3.798272e-18
42  1.796587e+00  4.276105e-18
43  2.787635e+00  -1.073164e-17
44  4.324113e+00  -1.022925e-18
45  5.258232e+00  -2.867653e-17
46  8.072882e+00  -3.934003e-17
47  1.540411e+01  1.551421e-16
48  2.470531e+01  -1.265735e-16
49  3.318092e+01  -3.783079e-17
50  7.051458e+01  -4.428216e-16
51  1.828095e+02  -1.787519e-16
52  4.455290e+02  -2.319574e-15
53  9.769894e+02  -1.343335e-15
54  1.972737e+03  -3.330706e-15
55  3.782774e+03  5.382454e-15
56  7.837339e+03  1.609031e-14
57  1.562842e+04  2.776231e-15
58  3.087909e+04  -1.084399e-15
59  6.456264e+04  3.004271e-14
60  1.346950e+05  5.893635e-14
61  2.787233e+05  1.884018e-14
62  5.595232e+05  -8.870625e-14
63  1.393036e+06  -1.442158e-13
ENDPROP
STARTPROP
MASSES:  4.500000e-02   4.500000e-02
SOURCE: GAM_42
SINKS: GAM_42
0  1.788178e+05  7.883611e-13
1  1.379314e+06  -1.071249e-13
2  5.530552e+05  7.804228e-14
3  2.623609e+05  5.240844e-14
4  1.215296e+05  4.441648e-14
5  5.523914e+04  -2.572290e-14
6  2.471303e+04  2.830804e-14
7  1.079275e+04  -5.899898e-15
8  4.513655e+03  1.530480e-15
9  2.073863e+03  -3.156935e-15
10  9.704148e+02  4.501621e-15
11  4.887156e+02  -2.848655e-15
12  1.900856e+02  -2.506841e-16
13  1.061826e+02  6.221036e-16
14  5.972963e+01  -5.579830e-17
15  4.187687e+01  1.275620e-16
16  2.616828e+01  4.467172e-18
17  1.403930e+01  5.719294e-17
18  6.437611e+00  -8.001755e-17
19  5.918261e+00  5.619165e-17
20  3.370799e+00  -3.151433e-17
21  1.803933e+00  -2.253225e-17
22  6.533173e-01  -1.674077e-17
23  1.852200e-01  -2.340855e-18
24  5.792328e-02  -1.165084e-18
25  1.629318e-02  -4.238369e-18
26  4.797875e-02  9.785733e-19
27  2.694606e-02  1.906469e-19
28  1.050289e-02  1.850219e-19
29  2.207022e-03  4.442012e-19
30  3.574209e-03  4.759120e-19
31  3.389373e-03  1.999844e-20
32  8.835694e-03  6.215849e-20
33  1.810567e-02  -1.249560e-19
34  3.603657e-02  5.737170e-20
35  6.272478e-02  -4.334266e-19
36  9.090673e-02  5.683350e-19
37  1.297424e-01  4.571176e-19
38  2.142809e-01  5.898759e-20
39  3.102900e-01  2.102967e-18
40  4.169182e-01  -1.476676e-18
41  6.968447e-01  3.798272e-18
42  1.796587e+00  4.276105e-18
43  2.787635e+00  -1.073164e-17
44  4.324113e+00  -1.022925e-18
45  5.258232e+00  -2.867653e-17
46  8.072882e+00  -3.934003e-17
47  1.540411e+01  1.551421e-16
48  2.470531e+01  -1.265735e-16
49  3.318092e+01  -3.783079e-17
50  7.051458e+01  -4.428216e-16
51  1.828095e+02  -1.787519e-16
52  4.455290e+02  -2.319574e-15
53  9.769894e+02  -1.343335e-15
54  1.972737e+03  -3.330706e-15
55  3.782774e+03  5.382454e-15
56  7.837339e+03  1.609031e-14
57  1.562842e+04  2.776231e-15
58  3.087909e+04  -1.084399e-15
59  6.456264e+04  3.004271e-14
60  1.346950e+05  5.893635e-14
61  2.787233e+05  1.884018e-14
62  5.595232e+05  -8.870625e-14
63  1.393036e+06  -1.442158e-13
ENDPROP
STARTPROP
MASSES:  4.500000e-02   4.500000e-02
SOURCE: GAM_34
SINKS: GAM_34
0  1.866042e+05  0.000000e+00
1  1.384934e+06  0.000000e+00
2  5.525810e+05  0.000000e+00
3  2.661985e+05  0.000000e+00
4  1.227972e+05  0.000000e+00
5  5.503097e+04  0.000000e+00
6  2.498403e+04  0.000000e+00
7  1.106991e+04  0.000000e+00
8  4.853838e+03  0.000000e+00
9  2.236512e+03  0.000000e+00
10  1.136655e+03  0.000000e+00
11  5.912009e+02  0.000000e+00
12  3.740208e+02  0.000000e+00
13  2.181870e+02  0.000000e+00
14  1.222672e+02  0.000000e+00
15  6.288585e+01  0.000000e+00
16  3.492937e+01  0.000000e+00
17  2.354393e+01  0.000000e+00
18  9.003639e+00  0.000000e+00
19  4.840757e+00  0.000000e+00
20  2.836129e+00  0.000000e+00
21  1.364340e+00  0.000000e+00
22  9.134284e-01  0.000000e+00
23  1.966683e-01  0.000000e+00
24  -1.177317e-01  0.000000e+00
25  -9.654873e-02  0.000000e+00
26  -8.860456e-02  0.000000e+00
27  -6.837965e-02  0.000000e+00
28  -2.889163e-02  0.000000e+00
29  -1.909644e-02  0.000000e+00
30  2.796684e-03  0.000000e+00
31  -6.755758e-04  0.000000e+00
32  1.739708e-03  0.000000e+00
33  -5.451201e-03  0.000000e+00
34  -1.585015e-02  0.000000e+00
35  -2.440162e-02  0.000000e+00
36  -3.070060e-02  0.000000e+00
37  -4.662177e-02  0.000000e+00
38  -4.570506e-02  0.000000e+00
39  -6.908827e-02  0.000000e+00
40  -1.387083e-02  0.000000e+00
41  -3.232595e-01  0.000000e+00
42  -8.549298e-01  0.000000e+00
43  -1.265333e+00  0.000000e+00
44  -2.207476e+00  0.000000e+00
45  -3.984287e+00  0.000000e+00
46  -8.462053e+00  0.000000e+00
47  -1.030849e+01  0.000000e+00
48  -5.927657e+00  0.000000e+00
49  3.095822e+01  0.000000e+00
50  1.072176e+02  0.000000e+00
51  2.807610e+02  0.000000e+00
52  5.294274e+02  0.000000e+00
53  1.140454e+03  0.000000e+00
54  2.124342e+03  0.000000e+00
55  4.288835e+03  0.000000e+00
56  8.440293e+03  0.000000e+00
57  1.574093e+04  0.000000e+00
58  3.244862e+04  0.000000e+00
59  7.002440e+04  0.000000e+00
60  1.446185e+05  0.000000e+00
61  2.939940e+05  0.000000e+00
62  5.908702e+05  0.000000e+00
63  1.419505e+06  0.000000e+00
ENDPROP
STARTPROP
MASSES:  4.500000e-02   4.500000e-02
SOURCE: GAM_43
SINKS: GAM_43
0  1.866042e+05  0.000000e+00
1  1.384934e+06  0.000000e+00
2  5.525810e+05  0.000000e+00
3  2.661985e+05  0.000000e+00
4  1.227972e+05  0.000000e+00
5  5.503097e+04  0.000000e+00
6  2.498403e+04  0.000000e+00
7  1.106991e+04  0.000000e+00
8  4.853838e+03  0.000000e+00
9  2.236512e+03  0.000000e+00
10  1.136655e+03  0.000000e+00
11  5.912009e+02  0.000000e+00
12  3.740208e+02  0.000000e+00
13  2.181870e+02  0.000000e+00
14  1.222672e+02  0.000000e+00
15  6.288585e+01  0.000000e+00
16  3.492937e+01  0.000000e+00
17  2.354393e+01  0.000000e+00
18  9.003639e+00  0.000000e+00
19  4.840757e+00  0.000000e+00
20  2.836129e+00  0.000000e+00
21  1.364340e+00  0.000000e+00
22  9.134284e-01  0.000000e+00
23  1.966683e-01  0.000000e+00
24  -1.177317e-01  0.000000e+00
25  -9.654873e-02  0.000000e+00
26  -8.860456e-02  0.000000e+00
27  -6.837965e-02  0.000000e+00
28  -2.889163e-02  0.000000e+00
29  -1.909644e-02  0.000000e+00
30  2.796684e-03  0.000000e+00
31  -6.755758e-04  0.000000e+00
32  1.739708e-03  0.000000e+00
33  -5.451201e-03  0.000000e+00
34  -1.585015e-02  0.000000e+00
35  -2.440162e-02  0.000000e+00
36  -3.070060e-02  0.000000e+00
37  -4.662177e-02  0.000000e+00
38  -4.570506e-02  0.000000e+00
39  -6.908827e-02  0.000000e+00
40  -1.387083e-02  0.000000e+00
41  -3.232595e-01  0.000000e+00
42  -8.549298e-01  0.000000e+00
43  -1.265333e+00  0.000000e+00
44  -2.207476e+00  0.000000e+00
45  -3.984287e+00  0.000000e+00
46  -8.462053e+00  0.000000e+00
47  -1.030849e+01  0.000000e+00
48  -5.927657e+00  0.000000e+00
49  3.095822e+01  0.000000e+00
50  1.072176e+02  0.000000e+00
51  2.807610e+02  0.000000e+00
52  5.294274e+02  0.000000e+00
53  1.140454e+03  0.000000e+00
54  2.124342e+03  0.000000e+00
55  4.288835e+03  0.000000e+00
56  8.440293e+03  0.000000e+00
57  1.574093e+04  0.000000e+00
58  3.244862e+04  0.000000e+00
59  7.002440e+04  0.000000e+00
60  1.446185e+05  0.000000e+00
61  2.939940e+05  0.000000e+00
62  5.908702e+05  0.000000e+00
63  1.419505e+06  0.000000e+00
ENDPROP
STARTPROP
MASSES:  4.500000e-02   4.500000e-02
SOURCE: GAM_15
SINKS: GAM_15
0  1.115756e+05  1.990580e-13
1  -8.933493e+05  3.707050e-15
2  -2.512631e+05  2.009448e-13
3  -9.401253e+04  -1.543047e-13
4  -3.552852e+04  -3.394356e-13
5  -1.377193e+04  9.945878e-15
6  -5.773798e+03  -6.195831e-14
7  -2.701069e+03  -4.451318e-14
8  -1.194666e+03  -2.107007e-14
9  -3.912591e+02  2.594394e-15
10  2.256202e+00  8.772157e-15
11  1.067624e+02  4.285700e-15
12  4.162806e+01  7.716936e-16
13  3.769983e+00  -2.360799e-16
14  -3.195927e+01  6.395383e-16
15  -4.873575e+01  3.938690e-16
16  -3.903755e+01  3.410722e-16
17  -2.007203e+01  2.199757e-16
18  -9.491890e+00  -1.724850e-16
19  -5.270668e+00  -3.304540e-17
20  -2.857858e+00  -2.275756e-17
21  -1.343316e+00  -9.413577e-18
22  -1.137653e-01  2.800197e-19
23  2.886487e-01  9.310939e-18
24  1.339194e-01  -5.506324e-18
25  2.519967e-02  6.793614e-18
26  -4.158375e-02  -2.835228e-18
27  -3.024623e-02  2.917145e-18
28  -1.357145e-02  7.910614e-19
29  7.107787e-03  -3.359056e-20
30  2.263956e-03  3.506181e-19
31  2.395061e-03  -1.051849e-19
32  -2.331719e-04  -1.125659e-19
33  -2.078279e-03  6.889820e-20
34  -4.293557e-03  6.180513e-20
35  -5.908729e-03  8.926881e-19
36  4.235932e-03  -9.934210e-19
37  -8.235251e-03  8.948152e-19
38  -2.727453e-03  1.310718e-19
39  4.765891e-02  -5.719839e-18
40  2.033391e-01  3.478965e-18
41  4.242172e-01  8.788589e-18
42  1.053020e+00  -7.026833e-18
43  1.804787e+00  4.449829e-17
44  2.488687e+00  -7.962093e-18
45  2.870153e+00  1.130382e-16
46  3.130684e+00  -1.276138e-16
47  6.127930e+00  -1.854418e-16
48  1.094388e+01  1.673715e-16
49  6.545827e+00  5.544311e-16
50  -3.554321e+00  4.149855e-16
51  -1.146797e+01  3.419795e-15
52  -1.753653e+01  2.081502e-15
53  -4.999594e+01  -4.743689e-15
54  -1.142048e+02  7.071516e-15
55  -1.197186e+02  1.148858e-14
56  -3.402262e+02  -1.141793e-14
57  -1.404848e+03  -3.731920e-14
58  -4.022847e+03  -7.358019e-14
59  -1.156139e+04  2.889846e-15
60  -3.161526e+04  -8.742451e-14
61  -8.709829e+04  1.056114e-13
62  -2.472731e+05  6.562391e-14
63  -9.063265e+05  1.792170e-13
ENDPROP
STARTPROP
MASSES:  4.500000e-02   4.500000e-02
SOURCE: GAM_25
SINKS: GAM_25
0  9.862481e+04  1.481074e-13
1  -9.123226e+05  1.477377e-13
2  -2.638629e+05  -4.882242e-14
3  -1.022027e+05  6.919529e-14
4  -3.723714e+04  4.274130e-14
5  -1.309329e+04  -4.116775e-14
6  -6.457779e+03  -2.650489e-14
7  -3.223462e+03  -4.120528e-14
8  -1.230089e+03  3.967745e-14
9  -3.767888e+02  1.019031e-14
10  -6.244686e+01  3.411861e-15
11  2.713613e+01  -8.254345e-15
12  5.809064e+01  -2.489743e-16
13  5.580426e+01  4.956074e-16
14  3.690276e+01  4.642364e-16
15  2.445098e+01  3.097485e-16
16  1.562158e+01  4.454470e-16
17  1.295686e+01  1.311287e-16
18  4.718585e+00  1.266532e-16
19  1.220848e+00  -3.270744e-17
20  2.876215e-02  6.082553e-17
21  -4.507337e-01  -4.668971e-19
22  -2.998288e-01  -2.162806e-17
23  -8.353268e-03  9.150002e-18
24  5.389754e-02  4.993337e-18
25  9.273258e-02  8.500104e-19
26  4.727355e-02  1.254565e-18
27  2.843478e-02  5.700564e-19
28  3.280641e-02  6.224422e-19
29  1.632392e-02  5.565333e-19
30  5.138469e-03  -3.683739e-19
31  -1.439324e-03  -5.574598e-20
32  8.209616e-03  -2.958492e-19
33  1.524050e-02  -1.075758e-19
34  3.038024e-02  1.630041e-19
35  4.590557e-02  -6.212707e-19
36  8.035354e-02  1.263367e-19
37  1.365238e-01  1.334186e-19
38  1.773133e-01  2.041872e-18
39  1.193429e-01  3.944119e-18
40  -1.279116e-01  5.748061e-18
41  -4.980849e-01  5.666518e-19
42  -1.066376e+00  9.594071e-18
43  -1.482936e+00  -1.112382e-17
44  -2.489332e+00  7.915228e-17
45  -4.371664e+00  5.225003e-17
46  -5.404164e+00  -5.174503e-17
47  -1.597420e+01  7.353763e-17
48  -3.673260e+01  -1.564526e-16
49  -5.352510e+01  -2.000110e-16
50  -6.878849e+01  -1.369208e-16
51  -9.436605e+01  1.370179e-15
52  -1.409313e+02  4.933895e-16
53  -2.220382e+02  4.937118e-16
54  -3.364452e+02  3.842491e-15
55  -6.725972e+02  9.442470e-15
56  -1.589058e+03  1.486465e-15
57  -2.819275e+03  -3.446861e-14
58  -5.551607e+03  3.046462e-14
59  -1.432354e+04  1.165238e-13
60  -3.653710e+04  -3.312642e-13
61  -9.735879e+04  1.121739e-13
62  -2.612778e+05  2.215235e-13
63  -9.181900e+05  -2.932853e-13
ENDPROP
STARTPROP
MASSES:  4.500000e-02   4.500000e-02
SOURCE: GAM_35
SINKS: GAM_35
0  1.455070e+05  -1.461817e-13
1  -8.511303e+05  1.692848e-13
2  -2.191390e+05  -2.569703e-14
3  -7.909270e+04  -8.963701e-14
4  -3.121952e+04  -1.233817e-13
5  -1.092859e+04  4.388127e-14
6  -4.209495e+03  1.089837e-14
7  -1.761040e+03  7.703009e-15
8  -4.802900e+02  -9.223935e-15
9  -1.266254e+02  -1.231828e-14
10  4.873217e+01  -1.393505e-14
11  8.051629e+01  3.259320e-15
12  9.833386e+01  3.830790e-15
13  9.406000e+01  -1.950128e-16
14  3.922795e+01  -6.185703e-16
15  1.482077e+01  -4.955029e-16
16  1.478857e+00  -2.537906e-16
17  -3.064954e+00  5.575658e-17
18  -9.746409e-01  -2.168314e-17
19  1.776746e+00  -1.324043e-16
20  2.683668e-02  2.914568e-17
21  -6.153821e-02  7.221121e-18
22  -2.308599e-02  -2.920843e-18
23  -1.792364e-01  1.674151e-17
24  -1.049652e-01  5.925944e-18
25  2.238790e-02  -2.266371e-18
26  6.145859e-02  -3.012751e-18
27  7.770285e-02  -1.159600e-18
28  5.492389e-02  -4.565411e-20
29  1.671983e-02  -2.404960e-19
30  4.840345e-03  2.404469e-19
31  -3.847917e-03  -6.797755e-20
32  -3.600353e-03  -2.752447e-20
33  -6.035645e-03  -4.891688e-20
34  -6.569442e-03  2.582396e-20
35  4.916304e-03  -2.777974e-19
36  3.586273e-03  -6.885755e-19
37  -9.908151e-03  -2.146484e-19
38  1.958840e-03  5.273636e-18
39  -1.300265e-02  5.412135e-19
40  -7.432150e-02  7.016204e-18
41  -1.575756e-01  1.551630e-18
42  2.514896e-01  -4.674585e-17
43  8.923109e-01  -1.074061e-17
44  1.751282e+00  4.053806e-17
45  1.922564e+00  -5.164433e-18
46  2.180185e+00  -7.995372e-17
47  4.678103e+00  2.088458e-16
48  8.390989e+00  2.535734e-16
49  1.326166e+01  2.192090e-16
50  5.205208e+00  1.141272e-16
51  -1.259663e+01  -1.839485e-15
52  1.387885e+00  1.283373e-15
53  1.944653e+01  -3.273266e-15
54  -1.790321e+01  1.168179e-14
55  -9.417995e+01  1.425521e-14
56  -5.056978e+02  -3.829792e-15
57  -1.280143e+03  2.282730e-14
58  -4.732646e+03  9.198601e-14
59  -1.435263e+04  5.927911e-14
60  -3.472061e+04  -6.140910e-14
61  -9.264520e+04  5.788162e-14
62  -2.502410e+05  1.264743e-13
63  -8.925199e+05  9.591042e-14
ENDPROP
STARTPROP
MASSES:  4.500000e-02   4.500000e-02
SOURCE: GAM_45
SINKS: GAM_45
0  -1.000068e+06  6.196606e-13
1  1.120843e+06  3.996596e-13
2  5.447963e+05  2.685641e-13
3  3.419329e+05  2.690344e-13
4  2.110171e+05  -1.675399e-13
5  1.254689e+05  5.468946e-14
6  7.622298e+04  -8.650226e-15
7  4.567586e+04  -1.489437e-14
8  2.746349e+04  -9.142836e-15
9  1.674239e+04  -7.490888e-16
10  1.028142e+04  -3.783557e-15
11  6.293359e+03  1.792069e-15
12  3.903546e+03  1.973525e-15
13  2.384215e+03  1.815979e-15
14  1.446031e+03  -1.235481e-15
15  8.829024e+02  5.458665e-16
16  5.379951e+02  2.176714e-16
17  3.244120e+02  -1.001517e-16
18  1.968731e+02  -1.040605e-16
19  1.206683e+02  1.011210e-16
20  7.354522e+01  3.201437e-17
21  4.500776e+01  4.075770e-17
22  2.780001e+01  2.661869e-17
23  1.713632e+01  1.714109e-17
24  1.032066e+01  4.524633e-18
25  6.289759e+00  -2.828377e-18
26  3.856126e+00  4.699378e-18
27  2.288726e+00  -1.439547e-19
28  1.400978e+00  -3.058256e-19
29  8.820992e-01  -2.564705e-19
30  5.970824e-01  1.499202e-19
31  4.583705e-01  3.080555e-19
32  4.300897e-01  9.740627e-20
33  5.066864e-01  -5.397923e-19
34  7.120490e-01  8.991060e-20
35  1.067112e+00  3.182127e-19
36  1.657443e+00  9.980193e-19
37  2.673825e+00  -1.522509e-20
38  4.385706e+00  -1.259185e-18
39  7.140534e+00  1.700590e-18
40  1.147993e+01  1.084135e-17
41  1.824853e+01  -1.560036e-17
42  2.990734e+01  -9.897904e-18
43  4.809444e+01  -2.811005e-18
44  7.917819e+01  -2.418754e-17
45  1.295380e+02  1.003776e-16
46  2.142534e+02  -8.034166e-17
47  3.563136e+02  -1.547058e-16
48  5.881786e+02  1.858752e-16
49  9.722885e+02  -5.005640e-16
50  1.625389e+03  -9.758077e-16
51  2.729199e+03  -1.453576e-15
52  4.371120e+03  2.637840e-15
53  7.266683e+03  -8.862866e-16
54  1.177210e+04  1.288090e-15
55  1.924364e+04  -1.590166e-14
56  3.180497e+04  -1.075839e-14
57  5.176966e+04  -1.057089e-14
58  8.450363e+04  -2.511563e-14
59  1.374159e+05  4.814045e-14
60  2.235469e+05  1.436395e-13
61  3.568571e+05  1.278378e-13
62  5.582976e+05  -2.199014e-13
63  1.133567e+06  -3.960988e-13
ENDPROP
STARTPROP
MASSES:  4.500000e-02   4.500000e-02
SOURCE: PSAX4
SINKS: GAM_4
0  8.899370e+03  -1.669022e-13
1  1.707211e+06  3.155549e-14
2  9.464063e+05  -5.240594e-14
3  5.855282e+05  -5.076500e-14
4  3.588935e+05  -1.951835e-15
5  2.163519e+05  1.606157e-14
6  1.315203e+05  -7.004000e-15
7  7.941110e+04  5.876854e-15
8  4.788042e+04  2.316030e-15
9  2.900790e+04  3.645791e-16
10  1.775712e+04  8.180526e-16
11  1.090227e+04  1.027199e-15
12  6.681361e+03  2.537020e-16
13  4.070001e+03  -3.697572e-16
14  2.471073e+03  -5.102060e-16
15  1.510013e+03  -9.186623e-17
16  9.229771e+02  -4.684779e-17
17  5.594343e+02  -2.988827e-17
18  3.403369e+02  -2.587696e-17
19  2.088549e+02  6.223641e-18
20  1.271718e+02  1.858269e-17
21  7.777807e+01  -1.196404e-18
22  4.783839e+01  3.280866e-18
23  2.942919e+01  1.570333e-18
24  1.782887e+01  -1.658117e-18
25  1.091904e+01  4.283406e-19
26  6.668535e+00  7.121487e-19
27  3.934406e+00  -1.990259e-19
28  2.329040e+00  -2.160589e-19
29  1.347494e+00  1.934469e-19
30  7.188765e-01  -1.298439e-19
31  2.833030e-01  2.703733e-20
32  -7.536289e-02  -2.646707e-21
33  -4.506221e-01  1.861570e-20
34  -9.336468e-01  -1.748566e-19
35  -1.612335e+00  -2.450884e-20
36  -2.646137e+00  -2.797183e-19
37  -4.385025e+00  6.448388e-19
38  -7.240750e+00  1.449086e-19
39  -1.178557e+01  -2.095652e-19
40  -1.910376e+01  2.992955e-19
41  -3.064843e+01  -9.266793e-19
42  -5.032269e+01  4.104090e-18
43  -8.105597e+01  9.551951e-19
44  -1.317857e+02  9.071799e-18
45  -2.156447e+02  -9.788392e-18
46  -3.536381e+02  -2.100453e-17
47  -5.838070e+02  1.274425e-17
48  -9.615161e+02  -4.400319e-17
49  -1.577871e+03  2.207161e-17
50  -2.610747e+03  7.829512e-17
51  -4.347128e+03  -1.530535e-16
52  -7.015383e+03  1.094985e-16
53  -1.163616e+04  1.366614e-15
54  -1.883219e+04  -2.398569e-15
55  -3.084275e+04  -2.748072e-15
56  -5.112106e+04  -5.757249e-16
57  -8.308564e+04  2.233783e-15
58  -1.357818e+05  1.094870e-14
59  -2.220900e+05  2.885418e-14
60  -3.616259e+05  1.959506e-15
61  -5.838814e+05  3.939789e-14
62  -9.395472e+05  7.610254e-14
63  -1.691443e+06  -1.683663e-13
ENDPROP
STARTPROP
MASSES:  4.500000e-02   4.500000e-02
SOURCE: WWPSAX4
SINKS: GAM_4
0  -1.090868e+08  2.048910e-08
1  1.633124e+09  -1.862645e-09
2  5.033282e+08  3.608875e-09
3  3.041009e+08  1.862645e-09
4  1.689156e+08  -9.313226e-10
5  9.190355e+07  1.105946e-09
6  5.516699e+07  6.330083e-10
7  3.773217e+07  -8.731149e-11
8  2.440075e+07  -5.820766e-11
9  1.195676e+07  -1.236913e-10
10  6.983971e+06  8.549250e-11
11  5.373248e+06  -3.637979e-11
12  2.381824e+06  -1.818989e-12
13  2.226615e+06  1.091394e-11
14  1.477551e+06  1.091394e-11
15  5.837330e+05  -7.275958e-12
16  5.738911e+05  4.547474e-12
17  2.419869e+05  2.614797e-12
18  1.384845e+05  2.273737e-13
19  1.196100e+05  -1.364242e-12
20  7.183774e+04  2.557954e-13
21  5.479385e+04  -4.642953e-13
22  2.756469e+04  -7.958079e-13
23  1.837155e+04  -4.263256e-14
24  6.558150e+03  -7.105427e-15
25  6.002483e+03  -2.842171e-14
26  2.757659e+03  -1.421085e-14
27  2.498698e+03  1.065814e-14
28  1.147669e+03  -3.552714e-15
29  7.942041e+02  -4.107825e-15
30  3.304281e+02  3.108624e-15
31  2.169468e+02  -3.552714e-15
32  -5.907740e+00  1.554312e-15
33  -1.940829e+02  -8.049117e-16
34  -3.843249e+02  -3.330669e-15
35  -9.084269e+02  4.440892e-15
36  -1.589691e+03  -1.776357e-15
37  -2.597689e+03  -1.509903e-14
38  -3.797424e+03  -1.421085e-14
39  -5.322099e+03  -7.993606e-15
40  -8.870090e+03  -4.618528e-14
41  -1.741162e+04  1.278977e-13
42  -2.453416e+04  1.243450e-14
43  -2.321224e+04  2.842171e-14
44  -6.371389e+04  1.421085e-13
45  -1.056034e+05  6.252776e-13
46  -1.761931e+05  8.526513e-14
47  -2.146909e+05  0.000000e+00
48  -4.275241e+05  -1.818989e-12
49  -6.445696e+05  -3.524292e-12
50  -8.381990e+05  5.229595e-12
51  -2.380687e+06  -4.547474e-12
52  -3.680351e+06  -3.910827e-11
53  -4.758672e+06  -4.183676e-11
54  -1.176490e+07  7.275958e-12
55  -1.958905e+07  -1.018634e-10
56  -3.063803e+07  -7.275958e-11
57  -3.681472e+07  0.000000e+00
58  -7.969313e+07  3.492460e-10
59  -1.049362e+08  0.000000e+00
60  -2.705732e+08  0.000000e+00
61  -3.910662e+08  1.629815e-09
62  -8.972244e+08  2.328306e-09
63  -1.866161e+09  2.328306e-09
ENDPROP
STARTPROP
MASSES:  4.500000e-02   4.500000e-02
SOURCE: WWGAM_5
SINKS: GAM_5
0  2.035935e+10  0.000000e+00
1  2.144677e+09  0.000000e+00
2  8.026135e+08  0.000000e+00
3  5.113938e+08  0.000000e+00
4  2.689243e+08  0.000000e+00
5  1.587855e+08  0.000000e+00
6  9.846524e+07  0.000000e+00
7  7.281575e+07  0.000000e+00
8  4.297286e+07  0.000000e+00
9  2.060272e+07  0.000000e+00
10  1.366667e+07  0.000000e+00
11  8.980869e+06  0.000000e+00
12  4.441486e+06  0.000000e+00
13  3.349713e+06  0.000000e+00
14  2.375395e+06  0.000000e+00
15  1.050930e+06  0.000000e+00
16  8.799081e+05  0.000000e+00
17  4.126370e+05  0.000000e+00
18  2.655769e+05  0.000000e+00
19  1.775903e+05  0.000000e+00
20  1.134469e+05  0.000000e+00
21  7.639250e+04  0.000000e+00
22  4.317759e+04  0.000000e+00
23  2.682903e+04  0.000000e+00
24  1.319688e+04  0.000000e+00
25  9.228126e+03  0.000000e+00
26  5.469489e+03  0.000000e+00
27  4.107990e+03  0.000000e+00
28  2.167200e+03  0.000000e+00
29  1.347312e+03  0.000000e+00
30  7.672478e+02  0.000000e+00
31  6.896538e+02  0.000000e+00
32  5.258430e+02  0.000000e+00
33  7.506830e+02  0.000000e+00
34  8.957539e+02  0.000000e+00
35  1.425200e+03  0.000000e+00
36  2.640269e+03  0.000000e+00
37  3.888092e+03  0.000000e+00
38  5.864009e+03  0.000000e+00
39  9.519818e+03  0.000000e+00
40  1.391766e+04  0.000000e+00
41  2.788578e+04  0.000000e+00
42  3.848384e+04  0.000000e+00
43  5.024699e+04  0.000000e+00
44  1.149279e+05  0.000000e+00
45  1.825117e+05  0.000000e+00
46  2.977139e+05  0.000000e+00
47  4.243944e+05  0.000000e+00
48  7.937638e+05  0.000000e+00
49  1.154278e+06  0.000000e+00
50  1.721238e+06  0.000000e+00
51  3.908510e+06  0.000000e+00
52  6.102007e+06  0.000000e+00
53  8.879881e+06  0.000000e+00
54  1.694533e+07  0.000000e+00
55  3.023806e+07  0.000000e+00
56  4.777934e+07  0.000000e+00
57  5.831562e+07  0.000000e+00
58  1.201926e+08  0.000000e+00
59  1.662056e+08  0.000000e+00
60  3.976543e+08  0.000000e+00
61  5.765977e+08  0.000000e+00
62  1.231737e+09  0.000000e+00
63  2.456325e+09  0.000000e+00
ENDPROP
