STARTPROP
MASSES:  4.200000e-03   4.500000e-02
SOURCE: GAM_1
SINKS: GAM_1
0  1.237606e+06  -1.779211e+04
1  1.939690e+06  -1.494223e+04
2  8.873881e+05  -1.657568e+04
3  4.629359e+05  -9.775371e+03
4  2.451455e+05  -6.364810e+03
5  1.241243e+05  -6.189270e+03
6  5.648106e+04  -7.403544e+03
7  2.411490e+04  -6.871924e+03
8  9.757760e+03  -3.779156e+03
9  2.829748e+03  -6.014366e+02
10  1.817556e+03  1.092718e+03
11  1.885096e+03  1.379510e+03
12  1.137820e+03  1.016312e+03
13  3.950110e+02  7.084692e+02
14  -1.087565e+02  2.959366e+02
15  -3.003269e+02  -2.162379e+01
16  -2.893176e+02  -3.937530e+01
17  -1.159307e+02  9.105788e+00
18  -9.606041e+01  -8.088094e+00
19  -7.896486e+01  -2.494866e+01
20  -7.109219e+00  -6.020180e+01
21  1.509143e+00  -7.806586e+01
22  2.698567e+00  -7.127685e+01
23  -4.008574e+00  -5.183032e+01
24  -7.276226e+00  -3.605583e+01
25  -9.065596e+00  -2.018573e+01
26  -6.120513e+00  -7.782343e+00
27  -2.226746e+00  -5.556336e+00
28  1.358477e+00  -1.515368e+00
29  2.391173e+00  1.435059e+00
30  3.376293e+00  4.604128e-01
31  3.540716e+00  -1.155663e+00
32  3.354799e+00  -1.600225e+00
33  3.482277e+00  -1.772921e-01
34  1.738180e+00  8.809269e-01
35  8.310110e-01  1.810668e+00
36  1.679412e+00  1.824646e+00
37  4.892105e+00  2.781602e+00
38  1.274645e+01  -1.240561e+00
39  2.163892e+01  -4.469635e+00
40  2.630100e+01  -5.873638e+00
41  3.048974e+01  1.965024e+00
42  4.995656e+01  1.097655e+01
43  8.306204e+01  6.265460e+00
44  1.227389e+02  1.550333e+01
45  1.717900e+02  3.320762e+01
46  1.922004e+02  5.312891e+01
47  2.985565e+02  8.966720e+01
48  4.989036e+02  9.513335e+01
49  8.127699e+02  6.913825e+01
50  1.074232e+03  1.597144e+02
51  1.622467e+03  4.862497e+02
52  2.169254e+03  1.011663e+03
53  3.299411e+03  1.948544e+03
54  6.857881e+03  3.561001e+03
55  1.171479e+04  4.628035e+03
56  2.054453e+04  4.920694e+03
57  3.784351e+04  1.276648e+03
58  6.885540e+04  -4.157294e+03
59  1.282339e+05  -6.674680e+03
60  2.509287e+05  -9.741664e+03
61  4.786854e+05  -1.591332e+04
62  9.174343e+05  -2.618062e+04
63  1.968260e+06  -2.496015e+04
ENDPROP
STARTPROP
MASSES:  4.200000e-03   4.500000e-02
SOURCE: GAM_2
SINKS: GAM_2
0  1.202285e+06  2.077404e+04
1  1.949021e+06  2.841047e+04
2  9.022847e+05  3.265705e+04
3  4.779620e+05  2.324007e+04
4  2.606305e+05  1.000820e+04
5  1.364496e+05  2.929612e+03
6  7.426411e+04  2.450654e+02
7  4.129054e+04  3.830907e+02
8  2.141514e+04  1.124727e+03
9  9.370625e+03  7.921526e+02
10  4.194759e+03  1.570110e+01
11  1.796148e+03  -1.974860e+02
12  9.588316e+02  -1.477325e+02
13  5.909916e+02  4.758014e+02
14  4.858937e+02  5.563971e+02
15  2.440349e+02  4.036326e+02
16  1.006115e+02  2.448887e+02
17  8.659435e+01  2.513459e+02
18  1.043445e+02  2.101042e+02
19  6.877037e+01  1.047294e+02
20  5.593711e+01  5.292798e+01
21  3.686950e+01  3.088337e+01
22  2.686154e+01  9.237713e+00
23  1.242644e+01  2.304953e+00
24  8.535097e+00  6.736895e+00
25  3.335841e+00  1.709453e+00
26  -4.179036e-01  5.721909e-01
27  -2.334367e+00  3.051008e-01
28  -3.095955e+00  3.942795e-01
29  -3.167916e+00  -2.572262e+00
30  -2.869432e+00  -3.495429e+00
31  -3.534350e+00  -3.096978e+00
32  -3.169330e+00  -2.618749e+00
33  -2.990613e+00  -2.001426e+00
34  -3.485377e+00  -1.425887e+00
35  -2.453727e+00  -2.273862e+00
36  -1.293810e+00  -1.820332e+00
37  -2.051511e+00  -7.139361e-01
38  -4.838720e+00  -2.850567e+00
39  -1.627264e+01  -6.846932e+00
40  -2.871362e+01  -4.239252e+00
41  -3.500009e+01  -1.605933e+00
42  -1.582885e+01  -3.339704e+00
43  3.881179e+01  -3.222446e+00
44  7.309247e+01  -3.972609e+00
45  1.285735e+02  9.685366e+00
46  2.144584e+02  1.197280e+01
47  2.769605e+02  -2.997750e+01
48  1.397135e+02  -8.788934e+01
49  1.242393e+02  -2.072646e+02
50  4.030547e+02  -3.398399e+02
51  6.387676e+02  -9.828009e+01
52  1.111503e+03  5.724870e+01
53  3.080039e+03  3.783722e+02
54  6.439522e+03  2.283310e+02
55  1.126560e+04  -1.060792e+03
56  1.944646e+04  -1.469511e+03
57  3.692783e+04  -3.267156e+03
58  7.390161e+04  -6.140136e+03
59  1.482166e+05  -7.414316e+03
60  2.844462e+05  -4.748379e+03
61  5.140218e+05  2.620601e+03
62  9.216185e+05  9.041050e+03
63  1.941634e+06  1.542101e+04
ENDPROP
STARTPROP
MASSES:  4.200000e-03   4.500000e-02
SOURCE: GAM_3
SINKS: GAM_3
0  1.271226e+06  -1.463834e+04
1  1.975950e+06  6.493406e+02
2  9.053154e+05  -9.517688e+01
3  4.645430e+05  -5.037562e+03
4  2.452261e+05  -1.837902e+03
5  1.299472e+05  3.983890e+03
6  6.317559e+04  4.971717e+03
7  2.873054e+04  3.590277e+03
8  1.419994e+04  1.539960e+03
9  7.917790e+03  9.326783e+02
10  4.475353e+03  1.724080e+03
11  2.261473e+03  1.608472e+03
12  7.365224e+02  1.074555e+03
13  2.725094e+02  4.475739e+02
14  3.343809e+02  1.082146e+02
15  3.886294e+02  9.886667e+01
16  2.612950e+02  5.385931e+01
17  1.057186e+02  -7.399347e+01
18  -2.049627e+01  -6.581108e+01
19  -8.617658e+01  -4.404984e+01
20  -6.673939e+01  2.324039e+01
21  -2.978986e+01  3.456014e+01
22  -3.032981e+01  1.146325e+01
23  -3.211270e+01  1.344573e+00
24  -1.806475e+01  -4.798919e+00
25  -3.368518e+00  -6.566908e+00
26  4.568598e+00  -6.743828e+00
27  3.141386e+00  -1.055079e+00
28  1.164363e+00  1.235895e+00
29  1.500337e+00  2.587380e-01
30  5.086574e-01  8.527722e-01
31  5.817678e-01  7.916913e-01
32  2.281697e-01  2.784748e-01
33  -8.716420e-01  -1.955758e-01
34  -2.244182e+00  6.479052e-01
35  -3.378361e+00  1.002334e+00
36  -5.173671e+00  3.017868e+00
37  -1.322279e+01  5.655440e+00
38  -2.088819e+01  1.066306e+01
39  -2.695909e+01  1.704212e+01
40  -3.667862e+01  2.351912e+01
41  -6.298913e+01  2.688489e+01
42  -8.998245e+01  1.274304e+01
43  -1.070548e+02  1.549450e+01
44  -1.128012e+02  5.750650e+01
45  -8.091199e+01  1.409963e+02
46  -9.525275e+01  1.809990e+02
47  -1.369031e+02  2.015906e+02
48  -2.264332e+02  2.757644e+02
49  -2.551132e+02  3.408146e+02
50  -2.404169e+02  5.207873e+02
51  -2.641484e+02  4.955174e+02
52  -3.773973e+02  4.143766e+02
53  6.469829e+02  6.143152e+02
54  3.319554e+03  4.408971e+02
55  6.234491e+03  7.948556e+02
56  1.406373e+04  2.724051e+03
57  2.874697e+04  4.826121e+03
58  6.072266e+04  3.527427e+03
59  1.198573e+05  -2.052540e+03
60  2.385955e+05  -1.362707e+04
61  4.654611e+05  -2.847036e+04
62  8.877476e+05  -3.185971e+04
63  1.947652e+06  -2.566930e+04
ENDPROP
STARTPROP
MASSES:  4.200000e-03   4.500000e-02
SOURCE: GAM_4
SINKS: GAM_4
0  2.147174e+06  8.952549e+02
1  -2.852282e+05  2.872850e+02
2  -4.246537e+03  -2.725399e+03
3  2.768045e+03  -1.500490e+03
4  4.292089e+03  -1.830166e+03
5  4.346818e+03  -4.183008e+02
6  3.237998e+03  -3.768394e+02
7  2.042118e+03  6.753866e+02
8  1.217416e+03  9.651312e+02
9  6.503930e+02  7.384247e+02
10  5.320366e+02  7.788713e+02
11  4.315857e+02  5.968548e+02
12  1.612492e+02  4.087453e+02
13  4.996715e+01  2.781448e+02
14  1.358826e+01  1.780839e+02
15  2.259716e+01  4.593792e+01
16  6.741382e+01  5.894659e+01
17  3.239219e+01  2.489786e+01
18  1.325876e+01  -2.609067e+00
19  4.434338e+00  7.247571e+00
20  1.661152e+01  -2.728916e+00
21  2.943947e+00  -6.055603e+00
22  -1.515588e+00  -9.597096e+00
23  -4.357292e+00  -8.709144e+00
24  -5.452829e+00  -7.242587e+00
25  -4.692527e+00  -5.515570e+00
26  -3.991960e+00  -6.682533e+00
27  -3.201203e+00  -5.997768e+00
28  -2.577195e+00  -3.759343e+00
29  -2.754088e+00  -2.975322e+00
30  -2.460804e+00  -3.134481e+00
31  -2.255877e+00  -2.943149e+00
32  -2.188504e+00  -3.248055e+00
33  -2.426899e+00  -4.049585e+00
34  -2.868228e+00  -4.627441e+00
35  -2.431932e+00  -6.008182e+00
36  -4.135815e+00  -7.170610e+00
37  -4.397971e+00  -8.739283e+00
38  -5.103472e+00  -8.998643e+00
39  -4.068718e+00  -1.025836e+01
40  -5.554109e+00  -1.395275e+01
41  -5.941080e+00  -9.961208e+00
42  -7.694475e+00  -1.363913e+01
43  -1.570459e+01  -1.284441e+01
44  -1.036910e+01  -9.139801e+00
45  -3.901263e+01  1.242861e+01
46  -3.529835e+01  4.626955e+01
47  -7.350316e+01  1.200512e+02
48  -9.557509e+01  2.265623e+02
49  -1.210971e+02  4.455096e+02
50  -2.479571e+02  6.966405e+02
51  -2.088846e+02  1.015762e+03
52  -1.098907e+01  1.155331e+03
53  1.336189e+01  1.746862e+03
54  6.151381e+02  2.137562e+03
55  6.082636e+01  2.696436e+03
56  8.088910e+02  3.500691e+03
57  1.387020e+03  3.698834e+03
58  1.158044e+03  5.130661e+03
59  2.651550e+03  6.638629e+03
60  1.832159e+03  6.296426e+03
61  -1.327438e+03  9.583688e+03
62  -4.313884e+02  9.135571e+03
63  -2.860503e+05  4.427299e+03
ENDPROP
STARTPROP
MASSES:  4.200000e-03   4.500000e-02
SOURCE: GAM_5
SINKS: GAM_5
0  7.133414e+06  -2.454422e+04
1  7.035381e+06  9.659946e+03
2  4.976207e+06  3.863664e+04
3  3.557990e+06  5.492188e+04
4  2.500681e+06  5.014067e+04
5  1.727860e+06  3.664655e+04
6  1.162473e+06  2.657389e+04
7  7.751366e+05  1.544225e+04
8  5.241125e+05  9.661378e+03
9  3.630290e+05  6.437455e+03
10  2.560118e+05  4.690665e+03
11  1.804430e+05  2.172082e+03
12  1.246645e+05  7.031914e+02
13  8.524744e+04  6.401149e+02
14  5.823827e+04  5.964585e+02
15  3.871286e+04  6.302795e+02
16  2.587448e+04  7.165336e+02
17  1.783906e+04  7.850425e+02
18  1.253966e+04  6.468329e+02
19  8.757797e+03  4.862810e+02
20  5.949349e+03  3.574829e+02
21  4.094800e+03  2.251023e+02
22  2.752797e+03  8.630854e+01
23  1.888946e+03  2.884784e+01
24  1.331585e+03  3.161417e+00
25  9.295894e+02  -1.309625e+00
26  6.333189e+02  -1.538719e+00
27  4.345780e+02  -6.710781e-01
28  3.111183e+02  4.813561e+00
29  2.249724e+02  7.756363e+00
30  1.721035e+02  5.345049e+00
31  1.497927e+02  3.587954e+00
32  1.475856e+02  3.869390e+00
33  1.679086e+02  4.800673e+00
34  2.097914e+02  4.637683e+00
35  2.798470e+02  7.209314e+00
36  3.863258e+02  1.220495e+01
37  5.436010e+02  2.784629e+01
38  7.861249e+02  4.059230e+01
39  1.134984e+03  5.060073e+01
40  1.611147e+03  5.215513e+01
41  2.301170e+03  5.008184e+01
42  3.294331e+03  3.926781e+01
43  4.784378e+03  2.313807e+01
44  6.996297e+03  9.397411e+01
45  1.005159e+04  2.827274e+02
46  1.398565e+04  5.199948e+02
47  1.962612e+04  9.391452e+02
48  2.828065e+04  1.488683e+03
49  4.048225e+04  1.554513e+03
50  5.759350e+04  1.702575e+03
51  8.146875e+04  1.949317e+03
52  1.179968e+05  6.034907e+02
53  1.725641e+05  -4.303376e+02
54  2.560883e+05  -3.019316e+01
55  3.769775e+05  -2.322181e+03
56  5.565642e+05  -7.641020e+03
57  8.187484e+05  -8.300592e+03
58  1.182115e+06  -1.051647e+04
59  1.680763e+06  -2.614120e+04
60  2.395313e+06  -4.249091e+04
61  3.430290e+06  -3.903023e+04
62  4.877361e+06  -3.047218e+04
63  7.013362e+06  -3.585431e+04
ENDPROP
STARTPROP
MASSES:  4.200000e-03   4.500000e-02
SOURCE: GAM_12
SINKS: GAM_12
0  8.954678e+05  -7.403209e+03
1  -6.760790e+05  5.313627e+03
2  -1.709814e+05  1.062416e+04
3  -7.228425e+04  8.097090e+03
4  -2.673997e+04  4.924906e+03
5  -4.497858e+03  1.418057e+03
6  4.617903e+03  6.615907e+02
7  2.465174e+03  2.376565e+02
8  1.374543e+03  -5.138083e+02
9  1.772415e+03  -6.922249e+02
10  9.684909e+02  -9.421298e+02
11  1.473413e+02  -1.066672e+03
12  6.617090e+01  -4.993151e+02
13  3.936337e+02  -4.306284e+02
14  4.698807e+02  -4.051302e+02
15  2.842269e+02  -2.667159e+02
16  6.032516e+01  -2.210446e+02
17  -2.377535e+01  -1.892324e+02
18  -6.303935e+01  -1.212794e+02
19  -4.006451e+01  -5.723445e+01
20  -1.013236e+01  -3.030744e+01
21  -4.278168e+00  -9.220962e+00
22  -2.033463e+01  -2.887232e+00
23  -1.601951e+01  -4.169604e+00
24  -2.393709e+00  -5.023560e+00
25  -3.216450e-01  -5.194730e+00
26  2.746693e+00  -4.461394e+00
27  4.463974e+00  -4.487855e+00
28  1.888441e+00  -3.413555e+00
29  -1.884317e-01  -1.648479e+00
30  -1.142058e+00  -1.359039e+00
31  -7.326680e-01  -9.655055e-01
32  -8.760930e-02  -1.456465e-02
33  -2.252458e-01  6.624500e-02
34  -1.409075e+00  1.501253e+00
35  -1.242828e+00  2.608075e+00
36  1.591420e+00  2.732819e+00
37  1.777855e+00  5.542823e+00
38  2.113840e+00  4.866328e+00
39  -1.584282e+00  5.484978e+00
40  -7.205912e+00  9.307655e+00
41  -2.774750e+00  2.066172e+01
42  3.682920e+00  3.282843e+01
43  3.731750e+01  3.496513e+01
44  4.593046e+01  5.842672e+01
45  5.335115e+00  9.354292e+01
46  -4.548214e+01  1.646775e+02
47  -6.056808e+01  1.400543e+02
48  -5.599533e+01  2.124672e+02
49  -7.755702e+01  3.882694e+02
50  -1.568178e+02  5.122461e+02
51  -5.777982e+02  8.258367e+02
52  -9.763973e+02  1.031193e+03
53  -1.201552e+03  9.658306e+02
54  -1.584311e+03  8.130759e+02
55  -1.299444e+03  7.279966e+02
56  -1.551718e+03  1.785094e+02
57  8.877637e+01  -4.230906e+02
58  4.209771e+03  -7.792445e+02
59  3.910421e+03  -2.095817e+03
60  -1.036417e+04  -2.789570e+03
61  -5.037648e+04  -6.789272e+03
62  -1.445011e+05  -9.680715e+03
63  -6.645719e+05  -1.261290e+04
ENDPROP
STARTPROP
MASSES:  4.200000e-03   4.500000e-02
SOURCE: GAM_21
SINKS: GAM_21
0  8.954678e+05  -7.403209e+03
1  -6.760790e+05  5.313627e+03
2  -1.709814e+05  1.062416e+04
3  -7.228425e+04  8.097090e+03
4  -2.673997e+04  4.924906e+03
5  -4.497858e+03  1.418057e+03
6  4.617903e+03  6.615907e+02
7  2.465174e+03  2.376565e+02
8  1.374543e+03  -5.138083e+02
9  1.772415e+03  -6.922249e+02
10  9.684909e+02  -9.421298e+02
11  1.473413e+02  -1.066672e+03
12  6.617090e+01  -4.993151e+02
13  3.936337e+02  -4.306284e+02
14  4.698807e+02  -4.051302e+02
15  2.842269e+02  -2.667159e+02
16  6.032516e+01  -2.210446e+02
17  -2.377535e+01  -1.892324e+02
18  -6.303935e+01  -1.212794e+02
19  -4.006451e+01  -5.723445e+01
20  -1.013236e+01  -3.030744e+01
21  -4.278168e+00  -9.220962e+00
22  -2.033463e+01  -2.887232e+00
23  -1.601951e+01  -4.169604e+00
24  -2.393709e+00  -5.023560e+00
25  -3.216450e-01  -5.194730e+00
26  2.746693e+00  -4.461394e+00
27  4.463974e+00  -4.487855e+00
28  1.888441e+00  -3.413555e+00
29  -1.884317e-01  -1.648479e+00
30  -1.142058e+00  -1.359039e+00
31  -7.326680e-01  -9.655055e-01
32  -8.760930e-02  -1.456465e-02
33  -2.252458e-01  6.624500e-02
34  -1.409075e+00  1.501253e+00
35  -1.242828e+00  2.608075e+00
36  1.591420e+00  2.732819e+00
37  1.777855e+00  5.542823e+00
38  2.113840e+00  4.866328e+00
39  -1.584282e+00  5.484978e+00
40  -7.205912e+00  9.307655e+00
41  -2.774750e+00  2.066172e+01
42  3.682920e+00  3.282843e+01
43  3.731750e+01  3.496513e+01
44  4.593046e+01  5.842672e+01
45  5.335115e+00  9.354292e+01
46  -4.548214e+01  1.646775e+02
47  -6.056808e+01  1.400543e+02
48  -5.599533e+01  2.124672e+02
49  -7.755702e+01  3.882694e+02
50  -1.568178e+02  5.122461e+02
51  -5.777982e+02  8.258367e+02
52  -9.763973e+02  1.031193e+03
53  -1.201552e+03  9.658306e+02
54  -1.584311e+03  8.130759e+02
55  -1.299444e+03  7.279966e+02
56  -1.551718e+03  1.785094e+02
57  8.877637e+01  -4.230906e+02
58  4.209771e+03  -7.792445e+02
59  3.910421e+03  -2.095817e+03
60  -1.036417e+04  -2.789570e+03
61  -5.037648e+04  -6.789272e+03
62  -1.445011e+05  -9.680715e+03
63  -6.645719e+05  -1.261290e+04
ENDPROP
STARTPROP
MASSES:  4.200000e-03   4.500000e-02
SOURCE: GAM_13
SINKS: GAM_13
0  8.010591e+05  1.901968e+04
1  -7.079651e+05  9.719333e+03
2  -1.540716e+05  1.860131e+03
3  -4.752481e+04  -1.545917e+03
4  -1.548993e+04  3.569933e+02
5  -9.793867e+03  3.213654e+03
6  -5.193534e+03  1.746442e+03
7  -1.833251e+03  1.283750e+03
8  -1.444118e+03  2.330948e+03
9  -1.416871e+03  1.792887e+03
10  -8.017537e+02  6.980741e+02
11  -7.504306e+02  3.689586e+02
12  -3.982013e+02  -2.705772e+01
13  -6.092825e+02  -3.467623e+02
14  -5.965255e+02  -1.463082e+02
15  -3.319827e+02  -8.315085e+01
16  -2.321007e+02  -1.794578e+01
17  -9.318435e+01  -9.714019e+00
18  -3.636395e+01  -4.886647e+01
19  -1.497316e+01  -4.496454e+01
20  -1.393544e+01  -6.137077e+01
21  -1.868107e+01  -4.780659e+01
22  -1.191036e+01  -2.374250e+01
23  -1.156440e+01  -1.594796e+01
24  -1.279255e+01  -1.130478e+01
25  -8.132769e+00  -4.351881e+00
26  -2.981321e+00  -2.721162e+00
27  -2.241285e+00  9.007968e-01
28  -9.560905e-01  1.875702e+00
29  8.720474e-01  7.372364e-01
30  1.074073e+00  2.475855e-01
31  1.693215e+00  -5.369268e-01
32  1.955324e+00  -9.572340e-01
33  3.018009e+00  -1.452249e+00
34  4.183826e+00  -2.207715e+00
35  3.904203e+00  -3.698280e+00
36  2.420906e+00  -2.953787e+00
37  2.772111e+00  -2.752087e+00
38  2.136230e+00  -2.077251e+00
39  5.108653e+00  -1.847579e+00
40  5.446937e+00  -1.911142e+00
41  7.984060e+00  -2.318404e+00
42  3.383952e+00  -5.964180e+00
43  -1.084324e+01  -1.762585e+01
44  -1.084977e+01  -6.864141e+00
45  -8.560046e+00  -5.469096e+00
46  -3.906669e+01  3.607251e+00
47  -1.332428e+01  -5.697459e+01
48  7.669120e+01  -8.055824e+01
49  9.644945e+01  -4.885141e+01
50  1.766277e+02  -5.575393e+01
51  2.532372e+02  -1.843964e+02
52  1.024549e+02  -1.074362e+02
53  -3.763525e+02  -2.756754e+02
54  -5.423241e+02  3.290577e+01
55  -7.523386e+02  2.600008e+02
56  -1.313804e+03  9.023303e+02
57  -3.377855e+03  1.218261e+03
58  -4.326998e+03  2.321925e+03
59  -6.818272e+03  2.705275e+03
60  -2.017738e+04  3.349091e+03
61  -5.898832e+04  6.573093e+03
62  -1.514639e+05  1.469012e+04
63  -7.077294e+05  2.233322e+04
ENDPROP
STARTPROP
MASSES:  4.200000e-03   4.500000e-02
SOURCE: GAM_31
SINKS: GAM_31
0  8.010591e+05  1.901968e+04
1  -7.079651e+05  9.719333e+03
2  -1.540716e+05  1.860131e+03
3  -4.752481e+04  -1.545917e+03
4  -1.548993e+04  3.569933e+02
5  -9.793867e+03  3.213654e+03
6  -5.193534e+03  1.746442e+03
7  -1.833251e+03  1.283750e+03
8  -1.444118e+03  2.330948e+03
9  -1.416871e+03  1.792887e+03
10  -8.017537e+02  6.980741e+02
11  -7.504306e+02  3.689586e+02
12  -3.982013e+02  -2.705772e+01
13  -6.092825e+02  -3.467623e+02
14  -5.965255e+02  -1.463082e+02
15  -3.319827e+02  -8.315085e+01
16  -2.321007e+02  -1.794578e+01
17  -9.318435e+01  -9.714019e+00
18  -3.636395e+01  -4.886647e+01
19  -1.497316e+01  -4.496454e+01
20  -1.393544e+01  -6.137077e+01
21  -1.868107e+01  -4.780659e+01
22  -1.191036e+01  -2.374250e+01
23  -1.156440e+01  -1.594796e+01
24  -1.279255e+01  -1.130478e+01
25  -8.132769e+00  -4.351881e+00
26  -2.981321e+00  -2.721162e+00
27  -2.241285e+00  9.007968e-01
28  -9.560905e-01  1.875702e+00
29  8.720474e-01  7.372364e-01
30  1.074073e+00  2.475855e-01
31  1.693215e+00  -5.369268e-01
32  1.955324e+00  -9.572340e-01
33  3.018009e+00  -1.452249e+00
34  4.183826e+00  -2.207715e+00
35  3.904203e+00  -3.698280e+00
36  2.420906e+00  -2.953787e+00
37  2.772111e+00  -2.752087e+00
38  2.136230e+00  -2.077251e+00
39  5.108653e+00  -1.847579e+00
40  5.446937e+00  -1.911142e+00
41  7.984060e+00  -2.318404e+00
42  3.383952e+00  -5.964180e+00
43  -1.084324e+01  -1.762585e+01
44  -1.084977e+01  -6.864141e+00
45  -8.560046e+00  -5.469096e+00
46  -3.906669e+01  3.607251e+00
47  -1.332428e+01  -5.697459e+01
48  7.669120e+01  -8.055824e+01
49  9.644945e+01  -4.885141e+01
50  1.766277e+02  -5.575393e+01
51  2.532372e+02  -1.843964e+02
52  1.024549e+02  -1.074362e+02
53  -3.763525e+02  -2.756754e+02
54  -5.423241e+02  3.290577e+01
55  -7.523386e+02  2.600008e+02
56  -1.313804e+03  9.023303e+02
57  -3.377855e+03  1.218261e+03
58  -4.326998e+03  2.321925e+03
59  -6.818272e+03  2.705275e+03
60  -2.017738e+04  3.349091e+03
61  -5.898832e+04  6.573093e+03
62  -1.514639e+05  1.469012e+04
63  -7.077294e+05  2.233322e+04
ENDPROP
STARTPROP
MASSES:  4.200000e-03   4.500000e-02
SOURCE: GAM_14
SINKS: GAM_14
0  3.763503e+04  3.934159e+03
1  1.354343e+06  6.478860e+03
2  5.619246e+05  8.024835e+03
3  2.883870e+05  -3.619064e+03
4  1.517565e+05  -5.583392e+03
5  7.507915e+04  -8.783717e+03
6  3.435200e+04  -5.957478e+03
7  1.854854e+04  -3.948079e+03
8  8.435910e+03  -1.845528e+03
9  3.453216e+03  -2.474699e+02
10  9.101433e+02  6.191329e+01
11  2.294517e+02  -2.811012e+02
12  3.191255e+02  -5.355560e+02
13  1.530877e+02  -4.584343e+02
14  -2.573509e+02  -4.051095e+02
15  -3.137073e+02  -3.130738e+02
16  -1.685471e+02  -2.233361e+02
17  -1.857420e+02  -1.102934e+02
18  -1.218744e+02  -6.404079e+01
19  -9.290765e+01  -5.286009e+01
20  -4.300059e+01  -3.522676e+01
21  -2.049750e+01  -1.295162e+01
22  -2.178110e+01  -9.678714e+00
23  -2.016127e+01  -6.493813e+00
24  -1.115501e+01  2.045493e+00
25  -1.330811e+00  5.131409e+00
26  1.201138e+00  3.569550e+00
27  -1.131299e+00  6.037685e+00
28  -2.252684e+00  5.602084e+00
29  -2.427518e+00  2.312797e+00
30  -9.351567e-01  1.662345e+00
31  -1.473745e-01  -5.225021e-01
32  1.113337e-01  -1.967397e+00
33  -9.531839e-02  -2.626461e+00
34  -5.598199e-01  -2.962483e+00
35  -5.021219e-01  -3.910244e+00
36  2.387254e+00  -4.472181e+00
37  4.147864e+00  -4.342143e+00
38  7.469765e+00  -6.375965e+00
39  1.762168e+01  -2.904287e+00
40  2.562563e+01  7.159786e+00
41  4.313518e+01  9.399404e+00
42  3.976563e+01  2.005001e+01
43  4.246104e+01  1.082659e+01
44  6.102619e+01  -4.999674e+00
45  6.864979e+01  -1.270595e+01
46  1.503540e+02  -8.466632e+00
47  1.863023e+02  3.526373e+01
48  1.579998e+02  -8.162792e+01
49  9.482939e+01  -1.468606e+02
50  3.183734e+02  -6.882239e+01
51  1.084636e+03  -6.755819e+01
52  1.500342e+03  9.945266e+01
53  2.047684e+03  5.318438e+02
54  3.258179e+03  1.284027e+03
55  5.091203e+03  1.824695e+03
56  9.276170e+03  1.760230e+03
57  1.517555e+04  2.212653e+02
58  3.623341e+04  4.910603e+02
59  7.555740e+04  -7.829439e+02
60  1.508106e+05  -9.942609e+03
61  3.081051e+05  -2.214234e+04
62  5.752077e+05  -1.987634e+04
63  1.346081e+06  -8.317844e+03
ENDPROP
STARTPROP
MASSES:  4.200000e-03   4.500000e-02
SOURCE: GAM_41
SINKS: GAM_41
0  3.763503e+04  3.934159e+03
1  1.354343e+06  6.478860e+03
2  5.619246e+05  8.024835e+03
3  2.883870e+05  -3.619064e+03
4  1.517565e+05  -5.583392e+03
5  7.507915e+04  -8.783717e+03
6  3.435200e+04  -5.957478e+03
7  1.854854e+04  -3.948079e+03
8  8.435910e+03  -1.845528e+03
9  3.453216e+03  -2.474699e+02
10  9.101433e+02  6.191329e+01
11  2.294517e+02  -2.811012e+02
12  3.191255e+02  -5.355560e+02
13  1.530877e+02  -4.584343e+02
14  -2.573509e+02  -4.051095e+02
15  -3.137073e+02  -3.130738e+02
16  -1.685471e+02  -2.233361e+02
17  -1.857420e+02  -1.102934e+02
18  -1.218744e+02  -6.404079e+01
19  -9.290765e+01  -5.286009e+01
20  -4.300059e+01  -3.522676e+01
21  -2.049750e+01  -1.295162e+01
22  -2.178110e+01  -9.678714e+00
23  -2.016127e+01  -6.493813e+00
24  -1.115501e+01  2.045493e+00
25  -1.330811e+00  5.131409e+00
26  1.201138e+00  3.569550e+00
27  -1.131299e+00  6.037685e+00
28  -2.252684e+00  5.602084e+00
29  -2.427518e+00  2.312797e+00
30  -9.351567e-01  1.662345e+00
31  -1.473745e-01  -5.225021e-01
32  1.113337e-01  -1.967397e+00
33  -9.531839e-02  -2.626461e+00
34  -5.598199e-01  -2.962483e+00
35  -5.021219e-01  -3.910244e+00
36  2.387254e+00  -4.472181e+00
37  4.147864e+00  -4.342143e+00
38  7.469765e+00  -6.375965e+00
39  1.762168e+01  -2.904287e+00
40  2.562563e+01  7.159786e+00
41  4.313518e+01  9.399404e+00
42  3.976563e+01  2.005001e+01
43  4.246104e+01  1.082659e+01
44  6.102619e+01  -4.999674e+00
45  6.864979e+01  -1.270595e+01
46  1.503540e+02  -8.466632e+00
47  1.863023e+02  3.526373e+01
48  1.579998e+02  -8.162792e+01
49  9.482939e+01  -1.468606e+02
50  3.183734e+02  -6.882239e+01
51  1.084636e+03  -6.755819e+01
52  1.500342e+03  9.945266e+01
53  2.047684e+03  5.318438e+02
54  3.258179e+03  1.284027e+03
55  5.091203e+03  1.824695e+03
56  9.276170e+03  1.760230e+03
57  1.517555e+04  2.212653e+02
58  3.623341e+04  4.910603e+02
59  7.555740e+04  -7.829439e+02
60  1.508106e+05  -9.942609e+03
61  3.081051e+05  -2.214234e+04
62  5.752077e+05  -1.987634e+04
63  1.346081e+06  -8.317844e+03
ENDPROP
STARTPROP
MASSES:  4.200000e-03   4.500000e-02
SOURCE: GAM_23
SINKS: GAM_23
0  8.094616e+05  -1.746329e+04
1  -7.367855e+05  -1.553754e+04
2  -1.993499e+05  -1.527642e+04
3  -7.415046e+04  -1.033327e+04
4  -2.121353e+04  -3.398436e+03
5  -3.915570e+03  -1.687664e+01
6  7.852970e+02  5.870278e+02
7  2.253607e+03  6.428359e+01
8  1.114475e+03  -9.232951e+02
9  1.292295e+03  -9.616981e+02
10  7.433239e+02  -5.000915e+02
11  2.732077e+02  1.738835e+02
12  6.616037e+01  7.161987e+01
13  2.815447e+01  2.799988e+02
14  1.350149e+02  2.407397e+02
15  3.639393e+01  2.389578e+02
16  1.137617e+01  1.419740e+02
17  2.054567e+01  1.191953e+02
18  5.444061e+01  5.118385e+01
19  7.061633e+01  4.028760e+01
20  4.606262e+01  8.412750e+00
21  2.213879e+01  -1.251898e+01
22  3.259708e+00  -1.207850e+01
23  -3.481821e+00  -1.603633e+01
24  -5.805136e+00  -9.252745e+00
25  -3.496406e+00  -3.616528e+00
26  1.185996e+00  1.595325e+00
27  1.536055e+00  3.294313e+00
28  2.430125e+00  3.837321e+00
29  4.514103e-01  4.298747e+00
30  -3.880433e-01  3.765215e+00
31  -6.709522e-02  2.196180e+00
32  3.849282e-01  2.193332e+00
33  -5.585446e-01  2.655944e+00
34  -1.114552e+00  2.990346e+00
35  -1.749689e+00  4.294789e+00
36  -1.446219e+00  5.099412e+00
37  -2.204454e+00  2.459514e+00
38  -2.440787e+00  7.391256e-01
39  -2.266415e+00  2.388887e+00
40  7.476464e+00  6.452249e+00
41  2.700725e+01  5.804661e+00
42  3.723877e+01  9.090126e+00
43  5.906044e+01  2.047686e+01
44  6.548213e+01  3.177633e+01
45  3.108472e+01  2.452477e+01
46  1.097323e+01  1.867259e+01
47  4.511436e+01  3.359036e+01
48  -8.243741e+01  -3.135786e+00
49  -2.158231e+02  1.326155e+01
50  -3.558567e+02  1.574352e+02
51  -2.900202e+02  1.663898e+02
52  -6.339317e+02  4.172863e+02
53  -2.549290e+02  5.594039e+02
54  9.820319e+01  7.066149e+02
55  -1.037439e+03  5.503261e+02
56  -7.077656e+02  -8.810232e+00
57  -6.547877e+02  -1.507130e+03
58  -3.058648e+03  -2.010598e+03
59  -1.004141e+04  -3.826906e+03
60  -3.123514e+04  -6.205730e+03
61  -7.760447e+04  -6.052300e+03
62  -1.817700e+05  -6.500846e+03
63  -7.187466e+05  -1.350588e+04
ENDPROP
STARTPROP
MASSES:  4.200000e-03   4.500000e-02
SOURCE: GAM_32
SINKS: GAM_32
0  8.094616e+05  -1.746329e+04
1  -7.367855e+05  -1.553754e+04
2  -1.993499e+05  -1.527642e+04
3  -7.415046e+04  -1.033327e+04
4  -2.121353e+04  -3.398436e+03
5  -3.915570e+03  -1.687664e+01
6  7.852970e+02  5.870278e+02
7  2.253607e+03  6.428359e+01
8  1.114475e+03  -9.232951e+02
9  1.292295e+03  -9.616981e+02
10  7.433239e+02  -5.000915e+02
11  2.732077e+02  1.738835e+02
12  6.616037e+01  7.161987e+01
13  2.815447e+01  2.799988e+02
14  1.350149e+02  2.407397e+02
15  3.639393e+01  2.389578e+02
16  1.137617e+01  1.419740e+02
17  2.054567e+01  1.191953e+02
18  5.444061e+01  5.118385e+01
19  7.061633e+01  4.028760e+01
20  4.606262e+01  8.412750e+00
21  2.213879e+01  -1.251898e+01
22  3.259708e+00  -1.207850e+01
23  -3.481821e+00  -1.603633e+01
24  -5.805136e+00  -9.252745e+00
25  -3.496406e+00  -3.616528e+00
26  1.185996e+00  1.595325e+00
27  1.536055e+00  3.294313e+00
28  2.430125e+00  3.837321e+00
29  4.514103e-01  4.298747e+00
30  -3.880433e-01  3.765215e+00
31  -6.709522e-02  2.196180e+00
32  3.849282e-01  2.193332e+00
33  -5.585446e-01  2.655944e+00
34  -1.114552e+00  2.990346e+00
35  -1.749689e+00  4.294789e+00
36  -1.446219e+00  5.099412e+00
37  -2.204454e+00  2.459514e+00
38  -2.440787e+00  7.391256e-01
39  -2.266415e+00  2.388887e+00
40  7.476464e+00  6.452249e+00
41  2.700725e+01  5.804661e+00
42  3.723877e+01  9.090126e+00
43  5.906044e+01  2.047686e+01
44  6.548213e+01  3.177633e+01
45  3.108472e+01  2.452477e+01
46  1.097323e+01  1.867259e+01
47  4.511436e+01  3.359036e+01
48  -8.243741e+01  -3.135786e+00
49  -2.158231e+02  1.326155e+01
50  -3.558567e+02  1.574352e+02
51  -2.900202e+02  1.663898e+02
52  -6.339317e+02  4.172863e+02
53  -2.549290e+02  5.594039e+02
54  9.820319e+01  7.066149e+02
55  -1.037439e+03  5.503261e+02
56  -7.077656e+02  -8.810232e+00
57  -6.547877e+02  -1.507130e+03
58  -3.058648e+03  -2.010598e+03
59  -1.004141e+04  -3.826906e+03
60  -3.123514e+04  -6.205730e+03
61  -7.760447e+04  -6.052300e+03
62  -1.817700e+05  -6.500846e+03
63  -7.187466e+05  -1.350588e+04
ENDPROP
STARTPROP
MASSES:  4.200000e-03   4.500000e-02
SOURCE: GAM_24
SINKS: GAM_24
0  7.851406e+04  -3.025804e+03
1  1.365462e+06  -4.491941e+03
2  5.641170e+05  -2.776387e+03
3  2.809217e+05  -5.037120e+03
4  1.348199e+05  -3.362958e+03
5  6.107223e+04  -7.956542e+02
6  2.610712e+04  9.324128e+02
7  1.215974e+04  4.063294e+02
8  4.746032e+03  -7.763945e+01
9  1.715071e+03  -7.111098e+02
10  1.447609e+03  -3.769214e+02
11  1.259582e+03  -4.781048e+02
12  8.863383e+02  -1.700050e+02
13  4.441010e+02  -4.787053e+00
14  3.160792e+02  4.957247e+01
15  1.925292e+02  -3.431933e+01
16  1.043895e+02  -2.021346e+02
17  1.210846e+02  -1.401579e+02
18  9.000030e+01  -9.220093e+01
19  4.584799e+01  -7.298726e+01
20  2.426347e+01  -6.544614e+01
21  1.272994e+01  -2.754603e+01
22  6.971340e+00  -2.083386e+01
23  1.914624e-01  -1.769118e+01
24  7.692716e+00  -1.578481e+01
25  5.435220e+00  -1.536556e+01
26  4.214338e+00  -1.358156e+01
27  3.203384e+00  -9.754647e+00
28  1.833647e+00  -6.758487e+00
29  1.566645e+00  -4.656056e+00
30  -2.905930e-01  -4.178252e+00
31  9.916411e-02  -3.551655e+00
32  2.854713e-01  -2.536320e+00
33  7.823936e-01  -1.859739e+00
34  3.052138e+00  -9.078450e-01
35  4.052250e+00  4.122069e-01
36  2.778555e+00  3.947915e+00
37  1.157822e+00  5.340789e+00
38  -2.458910e+00  5.305208e+00
39  -8.434812e+00  2.752168e+00
40  -2.621497e+01  7.488999e+00
41  -3.812588e+01  1.513003e+01
42  -5.033286e+01  1.600561e+01
43  -3.810839e+01  2.535844e+01
44  -2.767193e+01  5.870911e+01
45  4.148553e+01  8.379215e+01
46  1.210825e+02  1.419707e+02
47  1.460868e+02  1.254777e+02
48  7.509890e+01  2.255240e+02
49  2.559365e+01  1.795174e+02
50  1.616581e+02  1.240880e+02
51  3.161365e+02  2.111529e+02
52  3.357900e+02  4.751826e+02
53  8.145015e+02  1.476790e+02
54  2.111519e+03  4.810547e+01
55  5.472494e+03  2.361447e+02
56  8.059987e+03  -9.578495e+02
57  1.862672e+04  -3.361033e+03
58  4.153722e+04  -3.299234e+03
59  7.734554e+04  -3.546918e+03
60  1.492976e+05  -6.341161e+03
61  3.009846e+05  -1.399789e+04
62  5.707602e+05  -1.645702e+04
63  1.362725e+06  -5.232827e+03
ENDPROP
STARTPROP
MASSES:  4.200000e-03   4.500000e-02
SOURCE: GAM_42
SINKS: GAM_42
0  7.851406e+04  -3.025804e+03
1  1.365462e+06  -4.491941e+03
2  5.641170e+05  -2.776387e+03
3  2.809217e+05  -5.037120e+03
4  1.348199e+05  -3.362958e+03
5  6.107223e+04  -7.956542e+02
6  2.610712e+04  9.324128e+02
7  1.215974e+04  4.063294e+02
8  4.746032e+03  -7.763945e+01
9  1.715071e+03  -7.111098e+02
10  1.447609e+03  -3.769214e+02
11  1.259582e+03  -4.781048e+02
12  8.863383e+02  -1.700050e+02
13  4.441010e+02  -4.787053e+00
14  3.160792e+02  4.957247e+01
15  1.925292e+02  -3.431933e+01
16  1.043895e+02  -2.021346e+02
17  1.210846e+02  -1.401579e+02
18  9.000030e+01  -9.220093e+01
19  4.584799e+01  -7.298726e+01
20  2.426347e+01  -6.544614e+01
21  1.272994e+01  -2.754603e+01
22  6.971340e+00  -2.083386e+01
23  1.914624e-01  -1.769118e+01
24  7.692716e+00  -1.578481e+01
25  5.435220e+00  -1.536556e+01
26  4.214338e+00  -1.358156e+01
27  3.203384e+00  -9.754647e+00
28  1.833647e+00  -6.758487e+00
29  1.566645e+00  -4.656056e+00
30  -2.905930e-01  -4.178252e+00
31  9.916411e-02  -3.551655e+00
32  2.854713e-01  -2.536320e+00
33  7.823936e-01  -1.859739e+00
34  3.052138e+00  -9.078450e-01
35  4.052250e+00  4.122069e-01
36  2.778555e+00  3.947915e+00
37  1.157822e+00  5.340789e+00
38  -2.458910e+00  5.305208e+00
39  -8.434812e+00  2.752168e+00
40  -2.621497e+01  7.488999e+00
41  -3.812588e+01  1.513003e+01
42  -5.033286e+01  1.600561e+01
43  -3.810839e+01  2.535844e+01
44  -2.767193e+01  5.870911e+01
45  4.148553e+01  8.379215e+01
46  1.210825e+02  1.419707e+02
47  1.460868e+02  1.254777e+02
48  7.509890e+01  2.255240e+02
49  2.559365e+01  1.795174e+02
50  1.616581e+02  1.240880e+02
51  3.161365e+02  2.111529e+02
52  3.357900e+02  4.751826e+02
53  8.145015e+02  1.476790e+02
54  2.111519e+03  4.810547e+01
55  5.472494e+03  2.361447e+02
56  8.059987e+03  -9.578495e+02
57  1.862672e+04  -3.361033e+03
58  4.153722e+04  -3.299234e+03
59  7.734554e+04  -3.546918e+03
60  1.492976e+05  -6.341161e+03
61  3.009846e+05  -1.399789e+04
62  5.707602e+05  -1.645702e+04
63  1.362725e+06  -5.232827e+03
ENDPROP
STARTPROP
MASSES:  4.200000e-03   4.500000e-02
SOURCE: GAM_34
SINKS: GAM_34
0  -2.376051e+04  1.936758e+04
1  1.337235e+06  2.100522e+04
2  5.531190e+05  1.780602e+04
3  2.735724e+05  8.800633e+03
4  1.342179e+05  6.299412e+03
5  6.930513e+04  2.511572e+03
6  3.118555e+04  6.395453e+02
7  1.465762e+04  1.105847e+03
8  7.661975e+03  1.223229e+02
9  4.404604e+03  -6.372285e+02
10  2.225446e+03  -8.200440e+02
11  1.063624e+03  -4.970574e+02
12  2.042460e+02  -1.443573e+02
13  3.880730e+01  -1.505999e+02
14  1.823151e+02  2.418301e+01
15  1.869104e+02  6.400134e+01
16  2.335135e+02  8.227113e+01
17  5.651903e+01  1.930897e+01
18  1.163330e+01  3.671974e+01
19  -4.636971e+01  5.216082e+01
20  -4.436842e+01  4.799543e+01
21  -3.187644e+01  3.299311e+01
22  -2.191841e+01  1.898447e+01
23  -1.830475e+01  7.546362e+00
24  -1.490403e+01  4.258946e-01
25  -7.439952e+00  6.237206e-01
26  -5.185712e+00  -2.577375e+00
27  -3.345653e+00  -4.135646e+00
28  -2.210842e+00  -1.307564e-02
29  -2.812362e+00  1.181771e+00
30  -1.750643e+00  1.788655e+00
31  -2.880668e+00  2.190924e+00
32  -3.396216e+00  2.383406e+00
33  -2.318452e+00  2.436033e+00
34  -1.051056e+00  1.446162e+00
35  -5.590284e-01  -1.097170e+00
36  2.137281e-02  -2.027815e+00
37  -4.974362e-01  -1.621100e+00
38  -2.016049e+00  -1.144881e+00
39  -2.024785e+00  -9.734997e-01
40  3.074297e+00  -3.387812e+00
41  5.026965e+00  -9.465368e+00
42  -3.114055e+00  -1.827220e+01
43  -3.571107e+01  2.251505e+00
44  -8.663929e+01  3.436432e+01
45  -9.852744e+01  5.742929e+01
46  -8.436385e+01  1.341675e+02
47  -1.898768e+01  1.969701e+02
48  -2.042862e+01  2.875140e+02
49  1.665953e+02  3.550897e+02
50  2.901622e+02  3.376886e+02
51  3.819067e+02  3.317238e+02
52  5.870247e+02  4.350424e+01
53  7.901839e+02  -3.430953e+02
54  2.510930e+03  -5.589108e+01
55  4.592213e+03  6.229353e+02
56  1.014120e+04  7.924172e+02
57  1.830710e+04  1.828909e+03
58  3.375875e+04  2.424438e+03
59  6.958198e+04  2.281346e+03
60  1.414212e+05  2.525415e+03
61  2.835072e+05  4.778244e+03
62  5.328074e+05  3.674502e+03
63  1.301854e+06  8.502883e+03
ENDPROP
STARTPROP
MASSES:  4.200000e-03   4.500000e-02
SOURCE: GAM_43
SINKS: GAM_43
0  -2.376051e+04  1.936758e+04
1  1.337235e+06  2.100522e+04
2  5.531190e+05  1.780602e+04
3  2.735724e+05  8.800633e+03
4  1.342179e+05  6.299412e+03
5  6.930513e+04  2.511572e+03
6  3.118555e+04  6.395453e+02
7  1.465762e+04  1.105847e+03
8  7.661975e+03  1.223229e+02
9  4.404604e+03  -6.372285e+02
10  2.225446e+03  -8.200440e+02
11  1.063624e+03  -4.970574e+02
12  2.042460e+02  -1.443573e+02
13  3.880730e+01  -1.505999e+02
14  1.823151e+02  2.418301e+01
15  1.869104e+02  6.400134e+01
16  2.335135e+02  8.227113e+01
17  5.651903e+01  1.930897e+01
18  1.163330e+01  3.671974e+01
19  -4.636971e+01  5.216082e+01
20  -4.436842e+01  4.799543e+01
21  -3.187644e+01  3.299311e+01
22  -2.191841e+01  1.898447e+01
23  -1.830475e+01  7.546362e+00
24  -1.490403e+01  4.258946e-01
25  -7.439952e+00  6.237206e-01
26  -5.185712e+00  -2.577375e+00
27  -3.345653e+00  -4.135646e+00
28  -2.210842e+00  -1.307564e-02
29  -2.812362e+00  1.181771e+00
30  -1.750643e+00  1.788655e+00
31  -2.880668e+00  2.190924e+00
32  -3.396216e+00  2.383406e+00
33  -2.318452e+00  2.436033e+00
34  -1.051056e+00  1.446162e+00
35  -5.590284e-01  -1.097170e+00
36  2.137281e-02  -2.027815e+00
37  -4.974362e-01  -1.621100e+00
38  -2.016049e+00  -1.144881e+00
39  -2.024785e+00  -9.734997e-01
40  3.074297e+00  -3.387812e+00
41  5.026965e+00  -9.465368e+00
42  -3.114055e+00  -1.827220e+01
43  -3.571107e+01  2.251505e+00
44  -8.663929e+01  3.436432e+01
45  -9.852744e+01  5.742929e+01
46  -8.436385e+01  1.341675e+02
47  -1.898768e+01  1.969701e+02
48  -2.042862e+01  2.875140e+02
49  1.665953e+02  3.550897e+02
50  2.901622e+02  3.376886e+02
51  3.819067e+02  3.317238e+02
52  5.870247e+02  4.350424e+01
53  7.901839e+02  -3.430953e+02
54  2.510930e+03  -5.589108e+01
55  4.592213e+03  6.229353e+02
56  1.014120e+04  7.924172e+02
57  1.830710e+04  1.828909e+03
58  3.375875e+04  2.424438e+03
59  6.958198e+04  2.281346e+03
60  1.414212e+05  2.525415e+03
61  2.835072e+05  4.778244e+03
62  5.328074e+05  3.674502e+03
63  1.301854e+06  8.502883e+03
ENDPROP
STARTPROP
MASSES:  4.200000e-03   4.500000e-02
SOURCE: GAM_15
SINKS: GAM_15
0  -6.470968e+04  -6.980903e+03
1  -1.052381e+06  -1.280425e+04
2  -3.449546e+05  -8.825721e+03
3  -1.362331e+05  -1.574480e+03
4  -5.429836e+04  3.598740e+03
5  -2.497429e+04  5.488759e+03
6  -1.044102e+04  1.796404e+03
7  -5.107692e+03  8.945210e+02
8  -2.055025e+03  1.383796e+03
9  -4.323333e+02  1.197287e+03
10  3.957820e+02  9.283991e+02
11  4.763985e+02  1.038659e+03
12  1.776605e+02  1.040451e+03
13  -1.817197e+02  9.088998e+02
14  -2.330535e+02  7.147745e+02
15  -2.156555e+02  4.825810e+02
16  -1.979384e+01  2.779289e+02
17  1.052071e+01  1.621661e+02
18  -7.326149e+01  9.639180e+01
19  -9.133852e+01  2.845323e+01
20  -4.735964e+01  -1.737819e+01
21  -7.587141e+00  -1.950628e+01
22  -5.125860e+00  -1.779959e+01
23  -1.357210e+01  -1.570379e+01
24  -1.419114e+01  -7.181018e+00
25  -1.014125e+01  7.868653e-02
26  -5.114030e+00  1.157929e+00
27  -3.260652e+00  2.071706e-01
28  -3.176861e+00  -6.999941e-01
29  -3.627087e-01  2.328818e-01
30  4.369487e-01  1.747649e+00
31  6.851613e-01  7.184676e-01
32  9.258822e-01  4.785938e-01
33  -4.521989e-01  5.904023e-01
34  -1.547168e+00  1.440789e+00
35  -4.246699e+00  1.921021e+00
36  -4.371930e+00  1.182799e+00
37  -3.366748e+00  -9.601871e-01
38  -3.103860e+00  2.011141e+00
39  -3.821796e+00  9.885790e+00
40  1.160632e+00  6.729328e+00
41  -2.273822e+00  6.388377e+00
42  1.138275e+01  1.936979e+01
43  3.259564e+01  2.340660e+01
44  -1.682758e+01  1.774127e+01
45  -1.531412e+02  6.097614e+00
46  -2.621503e+02  4.549899e+01
47  -2.904452e+02  1.438179e+02
48  -3.408237e+02  3.315988e+02
49  -2.843031e+02  3.676083e+02
50  -6.208419e+01  4.792457e+02
51  4.255796e+02  5.563400e+02
52  7.596592e+02  4.098966e+02
53  1.489609e+03  1.033043e+03
54  1.599069e+03  1.629091e+03
55  1.102290e+03  2.239716e+03
56  1.913100e+03  3.194545e+03
57  3.205835e+03  3.265527e+03
58  3.745398e+03  5.282031e+03
59  -5.805154e+03  9.250206e+03
60  -4.963040e+04  8.893234e+03
61  -1.384806e+05  1.035496e+04
62  -3.373537e+05  7.985845e+03
63  -1.055109e+06  -9.980764e+02
ENDPROP
STARTPROP
MASSES:  4.200000e-03   4.500000e-02
SOURCE: GAM_25
SINKS: GAM_25
0  -3.798991e+04  1.202936e+04
1  -1.032321e+06  1.134071e+04
2  -3.206420e+05  8.398261e+03
3  -1.274162e+05  6.442941e+03
4  -4.889577e+04  5.027521e+03
5  -1.675049e+04  7.978856e+03
6  -5.389491e+03  7.570349e+03
7  -7.012483e+02  4.149016e+03
8  9.378163e+02  2.770693e+03
9  1.159962e+03  2.106874e+03
10  4.769096e+02  1.169264e+03
11  1.989162e+02  2.731571e+02
12  4.201150e+02  -4.065678e+02
13  4.274461e+02  -7.441076e+02
14  5.634629e+02  -4.971432e+02
15  6.023261e+02  -2.998979e+02
16  3.545365e+02  -1.482935e+02
17  1.710600e+02  2.352827e+01
18  4.145874e+01  5.079598e+01
19  -2.197064e+01  4.641935e+01
20  -1.521784e+00  4.259965e+01
21  1.864031e+01  4.050028e+01
22  9.522094e+00  3.793429e+01
23  -5.125552e+00  2.908066e+01
24  -5.740014e+00  1.735567e+01
25  -7.960023e+00  1.630543e+01
26  -5.449981e+00  1.618582e+01
27  -4.365247e+00  1.393414e+01
28  -3.132084e+00  9.473014e+00
29  -2.707191e+00  6.263519e+00
30  -1.241939e+00  4.318604e+00
31  -2.379200e-01  1.952306e+00
32  -7.437048e-01  1.238842e+00
33  -2.360601e+00  5.375970e-01
34  -3.205448e+00  -1.431045e+00
35  -5.286469e+00  -2.613917e+00
36  -4.735833e+00  -1.589042e+00
37  -6.427678e-01  -4.034522e+00
38  -9.876399e-01  -7.540381e+00
39  -7.350042e+00  -1.586626e+01
40  -1.511772e+01  -2.496801e+01
41  -3.245663e+01  -3.831843e+01
42  -6.374928e+01  -4.374409e+01
43  -9.147545e+01  -2.976643e+01
44  -9.792972e+01  -1.179897e+01
45  -6.588746e+01  9.498446e+00
46  -3.428326e+01  -1.332824e+00
47  1.767987e+00  2.368416e+01
48  -2.228016e+00  2.539900e+01
49  4.081736e+01  -8.819211e+00
50  3.111578e+02  -1.311955e+02
51  5.652191e+02  -1.721274e+02
52  4.240258e+02  5.232766e-01
53  -5.496557e+02  3.517077e+02
54  -8.160442e+02  4.361598e+02
55  -1.486575e+03  1.155967e+03
56  -3.427922e+03  1.878419e+03
57  -7.648151e+03  1.535497e+03
58  -1.558430e+04  1.969975e+03
59  -3.745692e+04  1.928843e+03
60  -7.823487e+04  1.286834e+02
61  -1.647436e+05  -1.755879e+03
62  -3.414027e+05  -2.914305e+03
63  -1.034024e+06  -5.274339e+03
ENDPROP
STARTPROP
MASSES:  4.200000e-03   4.500000e-02
SOURCE: GAM_35
SINKS: GAM_35
0  -1.110184e+05  1.089446e+04
1  -1.086413e+06  8.041333e+03
2  -3.664407e+05  2.558793e+03
3  -1.540492e+05  -1.014683e+03
4  -6.850508e+04  -6.997146e+02
5  -3.455537e+04  -3.565071e+03
6  -1.472543e+04  -4.402221e+03
7  -4.998728e+03  -3.081943e+03
8  -9.559027e+02  -7.426034e+02
9  -2.501202e+02  3.564656e+02
10  -6.336741e+02  3.538556e+02
11  -1.169688e+03  5.161945e+02
12  -7.408862e+02  3.489758e+02
13  -4.433632e+01  1.459756e+01
14  -5.836360e+01  -3.000437e+02
15  -1.762538e+02  -3.756699e+02
16  -1.394722e+02  -2.464154e+02
17  -3.874928e+01  -1.406225e+02
18  -2.426551e+01  -7.883437e+01
19  -3.333917e+01  -6.150162e+01
20  -1.125119e+01  -2.989510e+01
21  -1.748094e+01  -3.311571e+01
22  2.254085e+00  -3.216189e+01
23  1.673495e+00  -2.441944e+01
24  -1.760837e-01  -1.016863e+01
25  2.502221e+00  -3.339395e+00
26  2.472786e+00  -2.421394e+00
27  1.521994e-01  -1.705748e+00
28  1.001722e+00  -2.140115e+00
29  -5.723509e-02  -1.657344e+00
30  2.817927e-02  -1.144914e+00
31  4.517951e-01  -1.883683e+00
32  2.923825e-01  -2.347727e+00
33  1.266191e-01  -4.633338e-01
34  8.644455e-01  1.618659e+00
35  3.112186e-01  2.778185e+00
36  -1.468251e+00  1.729293e+00
37  -2.665791e+00  2.309310e-01
38  -9.607914e-01  3.408915e+00
39  5.151450e-01  9.009865e+00
40  5.407863e+00  1.141953e+01
41  -1.287539e+00  2.057321e+01
42  -1.922711e+01  2.899343e+01
43  -2.738213e+01  3.831059e+01
44  -5.205357e+01  4.298624e+01
45  -6.855801e+01  3.678382e+01
46  -5.060002e+01  5.853527e+01
47  -4.395734e+01  9.977708e+01
48  7.860423e+00  1.522536e+01
49  2.876685e+02  1.558612e+01
50  4.155862e+02  1.493959e+01
51  6.419662e+02  -1.423466e+02
52  9.399522e+02  -6.821309e+02
53  3.561552e+02  -9.415670e+02
54  -1.844889e+03  -8.154106e+02
55  -3.635427e+03  -1.628875e+03
56  -5.093553e+03  -2.795833e+03
57  -8.172905e+03  -3.013285e+03
58  -1.470645e+04  -1.519228e+03
59  -3.030145e+04  4.924719e+00
60  -6.647882e+04  3.807810e+03
61  -1.426623e+05  8.687960e+03
62  -3.366002e+05  9.986933e+03
63  -1.071240e+06  2.974924e+03
ENDPROP
STARTPROP
MASSES:  4.200000e-03   4.500000e-02
SOURCE: GAM_45
SINKS: GAM_45
0  -1.330088e+06  8.250609e+03
1  9.375780e+05  6.117438e+03
2  4.740019e+05  6.573418e+03
3  3.284550e+05  5.195800e+03
4  2.223758e+05  4.565780e+03
5  1.511038e+05  3.876649e+03
6  9.910411e+04  1.970471e+03
7  6.649587e+04  1.525980e+03
8  4.720005e+04  7.455679e+02
9  3.234952e+04  -1.237423e+02
10  2.255161e+04  -2.420766e+02
11  1.574995e+04  -4.432632e+02
12  1.083466e+04  -3.135461e+02
13  7.382644e+03  -1.351974e+02
14  5.081593e+03  -3.126212e+01
15  3.373838e+03  7.458826e+01
16  2.395040e+03  1.069438e+02
17  1.668516e+03  1.549774e+02
18  1.130300e+03  1.229799e+02
19  8.076935e+02  1.168280e+02
20  5.282757e+02  6.535621e+01
21  3.453480e+02  4.730377e+01
22  2.341397e+02  2.910454e+01
23  1.574576e+02  2.601405e+01
24  9.873214e+01  1.782526e+01
25  7.040695e+01  1.502735e+01
26  4.690433e+01  9.260799e+00
27  3.419819e+01  7.087060e+00
28  2.310577e+01  4.965241e+00
29  1.742684e+01  3.048393e+00
30  1.357532e+01  2.588595e+00
31  1.071017e+01  1.566898e+00
32  9.979011e+00  1.211227e+00
33  1.040906e+01  1.951529e+00
34  1.228578e+01  1.049324e+00
35  1.608157e+01  8.684368e-01
36  2.240781e+01  1.793294e+00
37  3.126652e+01  2.948073e+00
38  4.240110e+01  3.147011e+00
39  6.590019e+01  3.254246e+00
40  9.016751e+01  5.236354e-01
41  1.378852e+02  3.103602e+00
42  2.008053e+02  -8.068070e+00
43  3.068691e+02  -8.685163e+00
44  4.820500e+02  -2.971360e+01
45  7.236980e+02  -2.168238e+01
46  1.082062e+03  1.332339e+01
47  1.586225e+03  3.100058e+01
48  2.292319e+03  9.455099e+01
49  3.221333e+03  1.559344e+02
50  4.624655e+03  3.872264e+02
51  6.573550e+03  5.402975e+02
52  9.579471e+03  6.843524e+02
53  1.380248e+04  5.657281e+02
54  2.029156e+04  9.762619e+02
55  3.056299e+04  1.670260e+03
56  4.537484e+04  1.563155e+03
57  6.820282e+04  2.616244e+03
58  1.023100e+05  2.875314e+03
59  1.514107e+05  3.524499e+03
60  2.230596e+05  2.541771e+03
61  3.268948e+05  3.494692e+03
62  4.618024e+05  4.599341e+03
63  9.324044e+05  2.457584e+03
ENDPROP
STARTPROP
MASSES:  4.200000e-03   4.500000e-02
SOURCE: PSAX4
SINKS: GAM_4
0  2.948295e+03  1.720070e+04
1  1.674811e+06  1.619534e+04
2  1.053882e+06  1.692306e+04
3  7.236752e+05  1.221288e+04
4  4.996306e+05  8.199652e+03
5  3.416805e+05  8.222251e+03
6  2.301121e+05  4.960612e+03
7  1.566255e+05  3.487499e+03
8  1.099895e+05  2.284734e+03
9  7.666083e+04  1.411614e+03
10  5.265438e+04  1.386037e+03
11  3.616680e+04  7.419299e+02
12  2.482103e+04  7.119316e+02
13  1.696971e+04  4.633933e+02
14  1.155542e+04  3.164005e+02
15  7.741447e+03  1.933669e+02
16  5.384964e+03  1.582785e+02
17  3.742328e+03  1.426849e+02
18  2.557583e+03  1.134051e+02
19  1.799319e+03  9.129545e+01
20  1.214022e+03  3.879816e+01
21  8.241155e+02  2.224929e+01
22  5.661039e+02  8.660376e+00
23  3.865245e+02  7.106947e+00
24  2.585844e+02  5.701616e-01
25  1.812640e+02  2.104278e+00
26  1.193829e+02  1.644513e+00
27  8.073569e+01  1.446135e+00
28  5.262218e+01  1.501229e+00
29  3.305204e+01  6.848097e-01
30  1.799897e+01  3.404999e-01
31  5.772784e+00  1.057581e-01
32  -5.349216e+00  -3.370129e-01
33  -1.685848e+01  -9.201029e-01
34  -3.138721e+01  -7.464370e-01
35  -4.962983e+01  -1.280274e+00
36  -7.635638e+01  -1.528827e+00
37  -1.095105e+02  -3.096825e+00
38  -1.600135e+02  -5.307448e+00
39  -2.323725e+02  -7.090091e+00
40  -3.336720e+02  -9.053862e+00
41  -4.858342e+02  -1.645031e+01
42  -6.897937e+02  -1.572718e+01
43  -9.896409e+02  -1.885141e+01
44  -1.438720e+03  -3.009942e+00
45  -2.072495e+03  -3.126650e+01
46  -2.953023e+03  -8.581919e+01
47  -4.296711e+03  -7.107180e+01
48  -6.126038e+03  -2.082606e+02
49  -8.656328e+03  -2.687980e+02
50  -1.226909e+04  -4.850407e+02
51  -1.752051e+04  -6.396656e+02
52  -2.496742e+04  -8.423351e+02
53  -3.574897e+04  -5.997819e+02
54  -5.197783e+04  -8.220791e+02
55  -7.562128e+04  -8.944112e+02
56  -1.102992e+05  3.229764e+02
57  -1.615834e+05  1.737890e+02
58  -2.380757e+05  1.123305e+03
59  -3.459124e+05  2.058081e+03
60  -4.967840e+05  5.062443e+03
61  -7.221774e+05  9.144334e+03
62  -1.039455e+06  9.985496e+03
63  -1.661058e+06  1.370744e+04
ENDPROP
STARTPROP
MASSES:  4.200000e-03   4.500000e-02
SOURCE: WWPSAX4
SINKS: GAM_4
0  7.977544e+07  -7.085683e+07
1  2.082551e+09  1.178767e+08
2  2.916145e+08  6.671742e+07
3  4.399606e+08  -7.156248e+07
4  2.972565e+08  -1.697059e+07
5  1.910346e+08  2.630455e+07
6  1.663252e+08  2.014131e+07
7  9.795228e+07  1.097654e+07
8  9.311353e+07  1.570974e+07
9  4.729698e+07  2.292472e+05
10  3.664875e+07  -2.102569e+06
11  1.847217e+07  -4.618074e+06
12  1.972738e+07  2.208146e+05
13  1.188953e+07  1.307136e+06
14  1.272349e+07  -1.122186e+06
15  6.138219e+06  -1.130857e+06
16  2.833560e+06  -3.024175e+05
17  2.662574e+06  1.784161e+05
18  1.680042e+06  -1.542218e+05
19  1.711757e+06  2.131017e+05
20  1.022132e+06  -3.618605e+05
21  6.236442e+05  1.115773e+05
22  3.759650e+05  -9.152008e+04
23  1.851974e+05  8.738269e+04
24  2.997126e+05  7.614835e+04
25  5.799073e+04  3.077554e+04
26  1.071418e+05  6.004408e+04
27  2.011925e+04  -2.850500e+03
28  5.614555e+03  -5.916597e+03
29  3.580018e+04  9.099214e+03
30  -8.243002e+02  9.312243e+03
31  -1.593587e+04  3.048836e+02
32  1.119505e+04  -3.940847e+03
33  2.121785e+03  5.840105e+02
34  -6.373505e+03  9.026647e+03
35  -2.853061e+04  -5.205772e+03
36  -7.019769e+04  -1.632412e+04
37  -6.307606e+04  -1.546153e+04
38  -9.351456e+04  6.917767e+04
39  -1.645383e+05  -4.868238e+04
40  -3.019542e+05  -1.038805e+05
41  -4.152262e+05  -2.421406e+02
42  -4.321458e+05  6.709041e+04
43  -3.307504e+05  6.198431e+04
44  -6.776281e+05  -7.334160e+04
45  -8.323074e+05  -2.832159e+05
46  -2.128176e+06  4.043902e+05
47  -2.098281e+06  -6.512808e+05
48  -2.958960e+06  -1.617267e+06
49  -2.804692e+06  1.163051e+06
50  -7.820405e+06  -1.080120e+06
51  -6.162865e+06  -1.020588e+06
52  -1.297768e+07  1.424154e+06
53  -2.877478e+07  -2.539741e+06
54  -3.368938e+07  -1.676257e+07
55  -4.329549e+07  -8.355909e+06
56  -3.323383e+07  9.377902e+06
57  -1.237460e+08  2.103511e+07
58  -1.289874e+08  4.752512e+07
59  -2.763135e+08  4.405383e+07
60  -3.968344e+08  7.605821e+07
61  -3.112687e+08  -5.261938e+07
62  -8.311511e+08  5.208032e+07
63  -1.892631e+09  1.286121e+08
ENDPROP
STARTPROP
MASSES:  4.200000e-03   4.500000e-02
SOURCE: WWGAM_5
SINKS: GAM_5
0  1.721927e+10  3.786246e+01
1  2.974308e+09  1.814359e+08
2  1.079909e+09  6.687198e+07
3  9.163319e+08  -6.466773e+07
4  5.374347e+08  -3.568246e+06
5  3.751062e+08  3.839274e+07
6  2.835994e+08  2.899133e+07
7  1.694287e+08  6.394398e+06
8  1.364259e+08  1.225826e+07
9  9.331487e+07  3.010072e+06
10  6.942714e+07  -1.071788e+06
11  4.544811e+07  -3.885394e+06
12  3.632074e+07  -1.938944e+06
13  2.236230e+07  2.657069e+06
14  1.825491e+07  -1.361891e+06
15  1.005977e+07  -1.407818e+05
16  5.992412e+06  4.004568e+04
17  3.990144e+06  -3.047792e+05
18  3.371911e+06  -6.147755e+05
19  2.406136e+06  3.976121e+05
20  1.777107e+06  -2.651416e+05
21  9.561951e+05  2.325081e+05
22  7.443843e+05  -1.235042e+05
23  4.302535e+05  5.004297e+04
24  4.859056e+05  6.636853e+04
25  1.636803e+05  3.524797e+04
26  1.610196e+05  -1.071631e+04
27  5.966685e+04  -3.146969e+04
28  8.720161e+04  -1.900261e+04
29  6.964323e+04  5.476080e+03
30  4.917019e+04  -6.353607e+03
31  4.306172e+04  1.103306e+04
32  5.064784e+04  -7.462964e+03
33  1.842625e+04  1.202903e+03
34  5.773334e+04  -1.706014e+04
35  8.078626e+04  -1.605609e+02
36  9.614229e+04  1.562069e+04
37  1.235837e+05  -9.279900e+03
38  2.044790e+05  -1.960301e+04
39  3.208773e+05  4.029694e+04
40  4.896026e+05  1.507624e+05
41  6.700657e+05  5.332153e+04
42  7.986886e+05  -2.188550e+05
43  6.799007e+05  -9.691777e+04
44  1.512122e+06  3.237662e+05
45  2.817102e+06  1.768546e+05
46  3.466280e+06  -4.255775e+05
47  4.387328e+06  9.090024e+05
48  6.956288e+06  1.045182e+06
49  7.240625e+06  -5.175466e+05
50  1.629988e+07  9.438844e+05
51  1.811007e+07  3.382561e+06
52  2.027363e+07  -2.408133e+06
53  4.105354e+07  -8.737385e+05
54  5.872697e+07  1.799644e+07
55  9.386295e+07  -4.014629e+06
56  1.384929e+08  7.681632e+06
57  2.476083e+08  -9.366382e+06
58  3.073077e+08  -3.158785e+07
59  4.916872e+08  -3.861704e+07
60  8.075910e+08  -6.181823e+07
61  6.190431e+08  7.367362e+07
62  1.489964e+09  -9.433033e+07
63  2.968573e+09  -1.684738e+08
ENDPROP
