STARTPROP
MASSES:  4.200000e-03   4.200000e-03
SOURCE: GAM_1
SINKS: GAM_1
0  1.165793e+06  -1.315031e+03
1  2.006205e+06  -2.571043e+03
2  1.013690e+06  -2.162339e+03
3  5.759209e+05  -1.132263e+03
4  3.367129e+05  4.866619e+02
5  1.942798e+05  1.509518e+03
6  1.011901e+05  1.991009e+03
7  4.603799e+04  8.657004e+02
8  1.563465e+04  -3.557523e+02
9  -1.298022e+03  -4.383826e+02
10  -7.313826e+03  -4.067323e+02
11  -4.502327e+03  -5.476179e+02
12  -2.990612e+03  -3.965376e+02
13  2.337442e+03  -5.172073e+02
14  5.505001e+03  -7.736413e+02
15  8.988190e+03  -6.913178e+02
16  1.169252e+04  -5.691388e+02
17  1.150213e+04  -4.270855e+02
18  7.013046e+03  -2.907436e+02
19  2.077847e+03  -1.507907e+02
20  -7.027348e+02  -1.487135e+02
21  -1.193109e+03  -1.188660e+02
22  4.797136e+01  -6.827829e+01
23  2.233489e+02  -7.315148e+01
24  6.111358e+02  -9.625156e+01
25  9.964288e+02  -1.248687e+02
26  3.948436e+02  -1.278202e+02
27  -8.179504e+01  -1.133084e+02
28  -2.808925e+02  -1.261836e+02
29  -4.452847e+02  -1.162415e+02
30  -1.816201e+02  -1.151492e+02
31  1.196452e+02  -9.705110e+01
32  5.692936e+02  -8.309680e+01
33  8.087474e+02  -4.991024e+01
34  7.965319e+02  -2.011955e+01
35  8.436554e+02  1.372699e+01
36  8.414185e+02  5.091385e+01
37  6.300855e+02  9.569086e+01
38  5.025970e+02  1.313624e+02
39  2.646538e+02  1.332434e+02
40  4.109781e+02  1.108775e+02
41  6.297523e+02  9.613285e+01
42  -2.026196e+02  1.872988e+02
43  -2.129852e+03  2.422108e+02
44  -2.585517e+03  2.836001e+02
45  -3.248237e+03  2.495805e+02
46  -4.915958e+03  1.793437e+02
47  -6.339020e+03  2.021205e+01
48  -6.427261e+03  -1.593980e+01
49  -4.812851e+03  -1.375491e+02
50  2.445144e+03  -5.628319e+01
51  1.010534e+04  6.607980e+01
52  2.143958e+04  -4.381576e+01
53  2.963520e+04  -3.463993e+02
54  4.154067e+04  -3.115074e+02
55  4.948001e+04  -6.162996e+02
56  6.057131e+04  -1.101177e+03
57  7.740244e+04  -1.482758e+03
58  9.335875e+04  -1.946001e+03
59  1.562551e+05  -2.068401e+03
60  2.769912e+05  -1.851826e+03
61  5.183642e+05  -3.588168e+03
62  9.343168e+05  -2.932449e+03
63  1.948588e+06  -1.844578e+03
ENDPROP
STARTPROP
MASSES:  4.200000e-03   4.200000e-03
SOURCE: GAM_2
SINKS: GAM_2
0  1.301114e+06  6.556860e+03
1  2.121098e+06  5.205453e+03
2  1.098212e+06  2.696376e+03
3  6.525389e+05  1.130887e+03
4  4.201634e+05  3.591963e+02
5  2.862044e+05  -5.956356e+02
6  2.071143e+05  -7.454636e+02
7  1.454644e+05  -1.070533e+03
8  9.641884e+04  -1.001485e+03
9  6.402959e+04  -9.994034e+02
10  3.640689e+04  -7.730485e+02
11  1.154115e+04  -7.993237e+02
12  7.608682e+02  -3.484670e+02
13  -1.624243e+03  6.219427e+01
14  -6.641959e+03  3.146341e+02
15  -5.851190e+03  3.311244e+02
16  -1.751513e+02  1.066100e+02
17  2.197435e+03  1.682090e+02
18  1.087286e+03  2.558737e+02
19  -5.657542e+02  2.474665e+02
20  -1.720886e+03  2.126450e+02
21  -1.016402e+03  1.784561e+02
22  -1.312388e+03  1.047918e+02
23  -1.179415e+03  5.577161e+01
24  -1.124936e+03  5.090958e+01
25  -8.034757e+02  6.375277e+01
26  -8.618753e+02  6.653754e+01
27  -1.235003e+03  4.672149e+01
28  -1.300514e+03  2.856047e+01
29  -8.145482e+02  3.091344e+01
30  -3.608736e+02  2.861327e+01
31  3.693260e+01  1.449676e+01
32  4.066996e+02  -1.838932e+00
33  7.353911e+02  1.391909e+01
34  5.808420e+02  1.889412e+01
35  -6.416647e+01  2.092332e+01
36  -5.300923e+02  6.579158e+00
37  -5.081558e+02  -6.495181e+01
38  -5.373421e+02  -1.094578e+02
39  -7.354692e+02  -1.278231e+02
40  -1.385113e+03  -1.488112e+02
41  -1.875004e+03  -1.755380e+02
42  -2.433014e+03  -2.205377e+02
43  -3.030776e+03  -1.698739e+02
44  -3.286714e+03  -6.280395e+01
45  -1.222460e+03  3.604561e+01
46  1.406362e+03  1.303384e+02
47  4.879862e+03  2.656062e+02
48  9.535170e+03  4.215926e+02
49  1.118369e+04  4.237505e+02
50  1.075769e+04  -1.395557e+02
51  1.136631e+04  -7.957368e+02
52  1.679810e+04  -1.175198e+03
53  1.604028e+04  -1.366926e+03
54  4.465676e+03  -1.646677e+03
55  -5.194143e+03  -1.321294e+03
56  1.484845e+03  -1.869474e+03
57  1.537847e+04  -2.416664e+03
58  3.433139e+04  -2.837476e+03
59  8.684684e+04  -3.548886e+03
60  2.240072e+05  -1.493682e+03
61  4.644588e+05  -8.217268e+01
62  9.527772e+05  1.067478e+03
63  2.022205e+06  2.871492e+03
ENDPROP
STARTPROP
MASSES:  4.200000e-03   4.200000e-03
SOURCE: GAM_3
SINKS: GAM_3
0  1.145261e+06  1.675518e+03
1  1.953042e+06  9.173282e+02
2  9.414834e+05  2.889078e+03
3  5.406849e+05  1.992568e+03
4  3.548076e+05  5.792683e+02
5  2.393065e+05  2.063312e+02
6  1.471860e+05  -8.332926e+02
7  8.872598e+04  -6.700337e+02
8  6.975562e+04  -5.727108e+02
9  5.724052e+04  -3.730137e+02
10  3.675950e+04  -4.196746e+02
11  1.831741e+04  -4.613912e+02
12  1.468586e+04  -4.638553e+02
13  8.902566e+03  -3.591657e+02
14  7.200199e+03  -5.844704e+02
15  4.802871e+03  -4.383528e+02
16  1.720442e+03  -2.541386e+02
17  5.357525e+02  -2.676469e+02
18  1.559525e+03  -8.972840e+00
19  2.199467e+03  1.288939e+02
20  3.518676e+03  2.205247e+02
21  3.847524e+03  2.039413e+02
22  2.991852e+03  1.419537e+02
23  2.334527e+03  4.385734e+01
24  8.785763e+02  -2.871213e+01
25  3.836281e+02  4.723803e+00
26  1.558127e+02  -6.697998e+00
27  8.696100e+01  -3.145767e+01
28  1.534079e+02  -5.843221e+01
29  5.811401e+02  -7.193919e+01
30  8.270395e+02  -5.622627e+01
31  4.708846e+02  -4.253897e+01
32  -1.606776e+01  -2.980398e+01
33  -2.251650e+02  -3.391072e+01
34  -5.272194e+02  -5.396135e+01
35  -8.631214e+02  -8.734316e+01
36  -7.236068e+02  -9.594499e+01
37  -6.076635e+02  -6.771884e+01
38  -1.813430e+02  -9.681040e+00
39  6.609143e+02  3.303717e+01
40  7.177510e+02  7.905447e+01
41  7.174412e+02  9.467946e+01
42  8.133753e+02  1.558415e+01
43  8.503072e+02  -5.120026e+01
44  1.860678e+03  -6.550532e+01
45  2.416421e+03  1.872037e+01
46  1.292189e+03  2.578025e+02
47  1.163975e+03  3.636056e+02
48  2.078124e+03  4.397121e+02
49  6.990792e+03  5.041135e+02
50  1.171219e+04  7.334123e+02
51  1.184640e+04  9.353087e+02
52  1.040880e+04  6.534532e+02
53  2.677706e+03  3.679325e+02
54  3.199730e+03  3.092171e+02
55  1.645011e+04  -3.056558e+02
56  2.612619e+04  -9.474995e+02
57  5.229324e+04  -1.714108e+03
58  9.685858e+04  -9.389272e+02
59  1.788407e+05  -3.474030e+02
60  2.850836e+05  3.472981e+02
61  4.959124e+05  2.408622e+03
62  9.278011e+05  3.196462e+03
63  1.958734e+06  2.619381e+03
ENDPROP
STARTPROP
MASSES:  4.200000e-03   4.200000e-03
SOURCE: GAM_4
SINKS: GAM_4
0  2.165118e+06  -3.603588e+02
1  -2.906420e+05  -3.324650e+02
2  2.216231e+03  -1.156343e+02
3  9.759997e+02  1.981176e+02
4  -3.709066e+03  1.390864e+02
5  -7.660190e+03  -8.566786e+02
6  -7.326304e+03  -1.196845e+03
7  -1.374286e+03  -6.432910e+02
8  -1.807844e+03  9.704310e+01
9  1.732998e+03  2.213572e+02
10  8.139396e+02  2.495778e+02
11  -6.385130e+02  3.252275e+02
12  -1.058510e+03  2.815636e+02
13  -2.628561e+03  3.199633e+02
14  -2.904417e+02  3.653644e+02
15  -1.336358e+02  3.744000e+02
16  -2.432098e+02  3.920574e+02
17  -1.121070e+02  3.077988e+02
18  1.895886e+02  1.959327e+02
19  -3.596385e+02  1.878826e+02
20  -2.716084e+02  1.451378e+02
21  -2.177245e+01  1.160080e+02
22  2.528888e+01  1.024326e+02
23  2.612817e+02  8.054655e+01
24  -9.188432e+01  9.469855e+01
25  6.474760e+00  7.389090e+01
26  3.618812e+01  6.664058e+01
27  8.542829e+01  4.336811e+01
28  -2.356712e+01  5.022014e+01
29  6.116848e+01  5.810779e+01
30  -1.064758e+02  5.386393e+01
31  -4.424839e+01  4.859464e+01
32  -1.147046e+02  2.696998e+01
33  -5.083341e+00  1.505851e+01
34  6.958854e+01  8.125178e+00
35  -4.017535e+01  1.087541e+01
36  -5.371258e+01  9.425338e+00
37  -6.937771e+01  5.404987e+00
38  3.183590e+01  2.056733e+01
39  1.319225e+02  2.479155e+01
40  1.836178e+02  1.954461e+01
41  2.119149e+02  4.171948e+01
42  -1.411117e+02  -1.423990e+01
43  3.788208e+02  1.588276e+01
44  -5.812541e+01  6.306131e+01
45  -3.165976e+01  1.029447e+02
46  7.000588e+01  7.536979e+01
47  -3.561726e+01  1.099129e+02
48  5.039965e+02  1.742893e+01
49  9.717922e+02  2.256165e+01
50  4.157931e+02  7.528039e+01
51  9.149859e+02  7.026358e+01
52  1.124043e+03  1.116966e+02
53  1.618489e+03  3.025828e+02
54  5.745389e+02  3.239410e+02
55  1.691639e+03  3.319488e+02
56  2.283338e+03  2.417325e+02
57  7.873025e+03  1.026995e+03
58  3.386657e+02  2.693065e+02
59  -5.031248e+02  -6.932882e+01
60  7.454045e+03  8.746586e+01
61  -1.736499e+03  4.679210e+02
62  -5.696883e+03  2.047117e+02
63  -2.927219e+05  -1.010360e+03
ENDPROP
STARTPROP
MASSES:  4.200000e-03   4.200000e-03
SOURCE: GAM_5
SINKS: GAM_5
0  1.607376e+07  3.488790e+04
1  1.563129e+07  1.672409e+04
2  1.291961e+07  1.686675e+04
3  1.100176e+07  1.649045e+04
4  9.133237e+06  9.139173e+03
5  7.534205e+06  1.134387e+03
6  6.302617e+06  -4.787757e+03
7  5.406591e+06  -4.964021e+03
8  4.566201e+06  -4.442946e+03
9  3.809962e+06  -1.412565e+03
10  3.227415e+06  3.510030e+02
11  2.765406e+06  1.411176e+03
12  2.361817e+06  1.232108e+03
13  1.983300e+06  -1.597168e+03
14  1.623214e+06  -3.346102e+03
15  1.305152e+06  -4.775290e+03
16  1.056246e+06  -4.668803e+03
17  8.728972e+05  -3.729175e+03
18  7.282764e+05  -2.726464e+03
19  6.070498e+05  -1.946774e+03
20  5.071666e+05  -4.977036e+02
21  4.294596e+05  7.481935e+02
22  3.710187e+05  1.710247e+03
23  3.187087e+05  1.640930e+03
24  2.650450e+05  1.387005e+03
25  2.240851e+05  8.618151e+02
26  1.917812e+05  5.175092e+02
27  1.587574e+05  3.995721e+02
28  1.330003e+05  2.085470e+02
29  1.176769e+05  8.349972e+01
30  1.096330e+05  -2.193388e+01
31  1.043255e+05  -2.139574e+02
32  1.034469e+05  -2.629384e+02
33  1.079976e+05  -1.116043e+02
34  1.131929e+05  5.544653e+01
35  1.186729e+05  1.680020e+02
36  1.273067e+05  1.946656e+02
37  1.404482e+05  2.514894e+02
38  1.600859e+05  2.417199e+02
39  1.810523e+05  3.575820e+02
40  2.061057e+05  7.298032e+02
41  2.387373e+05  1.008047e+03
42  2.897715e+05  1.821920e+03
43  3.533008e+05  2.843657e+03
44  4.266704e+05  3.618035e+03
45  5.125839e+05  3.917320e+03
46  6.150058e+05  4.090613e+03
47  7.300483e+05  3.820477e+03
48  8.605919e+05  3.584840e+03
49  1.051546e+06  4.202651e+03
50  1.287412e+06  5.334117e+03
51  1.565029e+06  6.483743e+03
52  1.858215e+06  6.849426e+03
53  2.225611e+06  3.579195e+03
54  2.706503e+06  -7.245616e+02
55  3.276193e+06  -4.755435e+03
56  3.988933e+06  -1.045451e+04
57  4.876944e+06  -7.732972e+03
58  6.181991e+06  -2.392710e+03
59  7.878198e+06  2.836026e+02
60  9.688364e+06  8.499366e+03
61  1.165391e+07  9.451460e+03
62  1.376275e+07  2.124124e+04
63  1.622916e+07  3.375244e+04
ENDPROP
STARTPROP
MASSES:  4.200000e-03   4.200000e-03
SOURCE: GAM_12
SINKS: GAM_12
0  7.279688e+05  -6.460785e+02
1  -8.443449e+05  7.938024e+02
2  -2.661359e+05  4.506488e+02
3  -1.512693e+05  -1.886208e+02
4  -6.851843e+04  3.738471e+00
5  -4.312762e+04  2.223970e+02
6  -3.529407e+04  -5.347659e+02
7  -2.045751e+04  -1.439292e+03
8  -1.556326e+04  -1.388596e+03
9  -7.592338e+03  -1.112661e+03
10  5.439785e+03  -7.964214e+02
11  3.014994e+03  -1.184113e+03
12  1.173736e+03  -6.175232e+02
13  -1.173990e+03  1.451251e+01
14  -4.595006e+03  1.138333e+02
15  -3.574629e+03  9.958790e+01
16  -7.815379e+02  -3.427223e+01
17  -1.024140e+03  -9.806531e+01
18  -1.117733e+03  -1.650089e+02
19  -5.557990e+02  -8.339094e+01
20  -1.166095e+03  -4.886031e+01
21  -1.059792e+03  -4.879434e+01
22  -2.381880e+01  1.387073e+01
23  6.307322e+02  5.740927e+00
24  1.381707e+03  3.943428e+01
25  4.635092e+02  3.784563e+01
26  1.148820e+02  3.001644e+01
27  2.595046e+02  -3.057138e+01
28  6.599152e+01  -5.425376e+01
29  2.322994e+02  -6.526654e+01
30  1.688503e+02  -5.454261e+01
31  1.658220e+02  -3.882131e+01
32  -2.307034e+01  -3.288247e+01
33  1.397202e+02  1.419669e+01
34  1.280392e+02  3.865838e+01
35  2.601068e+02  4.276233e+01
36  2.118796e+02  3.589383e+01
37  3.378540e+02  5.962684e+01
38  4.573925e+02  7.524914e+01
39  2.403104e+02  5.722883e+01
40  -2.132607e+01  2.943345e+01
41  -3.950114e+02  2.213534e+01
42  -6.793329e+02  1.220293e+01
43  -6.739353e+02  5.269986e+01
44  -5.107407e+02  4.896552e+01
45  -1.353725e+03  -1.307439e+01
46  -4.295949e+02  -4.263122e+01
47  3.052295e+03  -6.432223e+01
48  5.319563e+03  -5.236082e+01
49  4.723080e+03  -4.850327e+00
50  1.181943e+03  -1.559113e+02
51  -5.089978e+02  -6.794664e+01
52  -2.438869e+03  -2.798221e+02
53  -1.196418e+03  1.078249e+02
54  -6.923600e+03  2.123597e+02
55  -1.650685e+04  6.391724e+01
56  -1.854084e+04  -2.867389e+02
57  -1.608742e+04  -5.730876e+01
58  -4.114171e+04  5.858700e+02
59  -3.873965e+04  -1.941461e+02
60  -5.922746e+04  6.212424e+02
61  -5.770505e+04  -1.520516e+03
62  -1.515035e+05  -9.965887e+02
63  -7.191070e+05  -7.895858e+02
ENDPROP
STARTPROP
MASSES:  4.200000e-03   4.200000e-03
SOURCE: GAM_21
SINKS: GAM_21
0  7.279688e+05  -6.460785e+02
1  -8.443449e+05  7.938024e+02
2  -2.661359e+05  4.506488e+02
3  -1.512693e+05  -1.886208e+02
4  -6.851843e+04  3.738471e+00
5  -4.312762e+04  2.223970e+02
6  -3.529407e+04  -5.347659e+02
7  -2.045751e+04  -1.439292e+03
8  -1.556326e+04  -1.388596e+03
9  -7.592338e+03  -1.112661e+03
10  5.439785e+03  -7.964214e+02
11  3.014994e+03  -1.184113e+03
12  1.173736e+03  -6.175232e+02
13  -1.173990e+03  1.451251e+01
14  -4.595006e+03  1.138333e+02
15  -3.574629e+03  9.958790e+01
16  -7.815379e+02  -3.427223e+01
17  -1.024140e+03  -9.806531e+01
18  -1.117733e+03  -1.650089e+02
19  -5.557990e+02  -8.339094e+01
20  -1.166095e+03  -4.886031e+01
21  -1.059792e+03  -4.879434e+01
22  -2.381880e+01  1.387073e+01
23  6.307322e+02  5.740927e+00
24  1.381707e+03  3.943428e+01
25  4.635092e+02  3.784563e+01
26  1.148820e+02  3.001644e+01
27  2.595046e+02  -3.057138e+01
28  6.599152e+01  -5.425376e+01
29  2.322994e+02  -6.526654e+01
30  1.688503e+02  -5.454261e+01
31  1.658220e+02  -3.882131e+01
32  -2.307034e+01  -3.288247e+01
33  1.397202e+02  1.419669e+01
34  1.280392e+02  3.865838e+01
35  2.601068e+02  4.276233e+01
36  2.118796e+02  3.589383e+01
37  3.378540e+02  5.962684e+01
38  4.573925e+02  7.524914e+01
39  2.403104e+02  5.722883e+01
40  -2.132607e+01  2.943345e+01
41  -3.950114e+02  2.213534e+01
42  -6.793329e+02  1.220293e+01
43  -6.739353e+02  5.269986e+01
44  -5.107407e+02  4.896552e+01
45  -1.353725e+03  -1.307439e+01
46  -4.295949e+02  -4.263122e+01
47  3.052295e+03  -6.432223e+01
48  5.319563e+03  -5.236082e+01
49  4.723080e+03  -4.850327e+00
50  1.181943e+03  -1.559113e+02
51  -5.089978e+02  -6.794664e+01
52  -2.438869e+03  -2.798221e+02
53  -1.196418e+03  1.078249e+02
54  -6.923600e+03  2.123597e+02
55  -1.650685e+04  6.391724e+01
56  -1.854084e+04  -2.867389e+02
57  -1.608742e+04  -5.730876e+01
58  -4.114171e+04  5.858700e+02
59  -3.873965e+04  -1.941461e+02
60  -5.922746e+04  6.212424e+02
61  -5.770505e+04  -1.520516e+03
62  -1.515035e+05  -9.965887e+02
63  -7.191070e+05  -7.895858e+02
ENDPROP
STARTPROP
MASSES:  4.200000e-03   4.200000e-03
SOURCE: GAM_13
SINKS: GAM_13
0  9.724320e+05  1.893163e+03
1  -6.186976e+05  6.732893e+02
2  -1.409416e+05  2.495458e+03
3  -5.766441e+04  2.798126e+03
4  -1.953430e+04  1.792966e+03
5  -1.099709e+04  9.257540e+02
6  9.412068e+03  8.199592e+02
7  2.047046e+04  2.463937e+02
8  1.417516e+04  7.489560e+01
9  1.175722e+04  -4.012762e+02
10  9.108237e+03  -4.276972e+02
11  3.895017e+03  -4.725826e+02
12  -4.284728e+03  2.289234e+02
13  -5.390183e+03  2.040182e+02
14  -1.327104e+03  6.836055e+01
15  -1.766030e+03  5.268560e+00
16  -1.786173e+03  4.754363e+01
17  -1.430996e+03  -6.958623e+01
18  -8.806762e+02  9.011141e+01
19  -3.453875e+02  1.973658e+02
20  -8.182774e+01  1.239619e+02
21  4.434570e+01  -1.012475e+01
22  6.325887e+02  2.588307e+01
23  1.512321e+02  1.846636e+01
24  -1.791561e+02  -8.723359e+00
25  -3.198594e+02  2.572057e+00
26  6.486409e+01  2.232142e+01
27  2.027171e+02  -2.361805e+01
28  1.857694e+02  -5.062186e+01
29  1.945256e+02  -5.126327e+01
30  2.716838e+02  -4.767499e+01
31  4.989980e+02  -2.921871e+01
32  6.078540e+02  3.064881e+00
33  4.635742e+02  5.583193e+00
34  3.394749e+02  2.266291e+01
35  1.883001e+02  3.695184e+00
36  -7.644434e+01  1.717389e+01
37  -2.244418e+02  1.530739e+01
38  4.497040e+01  1.684629e+01
39  2.891378e+02  3.279152e+01
40  -4.784148e+01  2.841466e+01
41  7.335415e+02  5.339681e+01
42  1.216161e+03  8.625255e+01
43  8.118350e+02  7.024940e+01
44  1.276838e+03  6.293968e+01
45  7.364084e+02  3.776822e+01
46  -4.313436e+02  1.416221e+02
47  -4.999152e+02  -1.685528e+01
48  -2.158226e+03  -2.032890e+02
49  -2.996214e+03  -2.833705e+02
50  -3.846278e+03  -2.151800e+02
51  -1.799619e+03  -2.179593e+02
52  4.651986e+03  -2.752700e+02
53  1.795384e+04  -5.906024e+02
54  2.836431e+04  -9.362892e+02
55  2.952877e+04  -8.718895e+02
56  1.370978e+04  -5.869958e+02
57  2.169045e+03  -2.779121e+02
58  -3.732385e+03  7.731087e+02
59  -5.754829e+03  1.375161e+03
60  2.459889e+04  2.993260e+03
61  1.692635e+04  3.726384e+03
62  -5.167034e+04  2.329040e+03
63  -5.570234e+05  1.992760e+03
ENDPROP
STARTPROP
MASSES:  4.200000e-03   4.200000e-03
SOURCE: GAM_31
SINKS: GAM_31
0  9.724320e+05  1.893163e+03
1  -6.186976e+05  6.732893e+02
2  -1.409416e+05  2.495458e+03
3  -5.766441e+04  2.798126e+03
4  -1.953430e+04  1.792966e+03
5  -1.099709e+04  9.257540e+02
6  9.412068e+03  8.199592e+02
7  2.047046e+04  2.463937e+02
8  1.417516e+04  7.489560e+01
9  1.175722e+04  -4.012762e+02
10  9.108237e+03  -4.276972e+02
11  3.895017e+03  -4.725826e+02
12  -4.284728e+03  2.289234e+02
13  -5.390183e+03  2.040182e+02
14  -1.327104e+03  6.836055e+01
15  -1.766030e+03  5.268560e+00
16  -1.786173e+03  4.754363e+01
17  -1.430996e+03  -6.958623e+01
18  -8.806762e+02  9.011141e+01
19  -3.453875e+02  1.973658e+02
20  -8.182774e+01  1.239619e+02
21  4.434570e+01  -1.012475e+01
22  6.325887e+02  2.588307e+01
23  1.512321e+02  1.846636e+01
24  -1.791561e+02  -8.723359e+00
25  -3.198594e+02  2.572057e+00
26  6.486409e+01  2.232142e+01
27  2.027171e+02  -2.361805e+01
28  1.857694e+02  -5.062186e+01
29  1.945256e+02  -5.126327e+01
30  2.716838e+02  -4.767499e+01
31  4.989980e+02  -2.921871e+01
32  6.078540e+02  3.064881e+00
33  4.635742e+02  5.583193e+00
34  3.394749e+02  2.266291e+01
35  1.883001e+02  3.695184e+00
36  -7.644434e+01  1.717389e+01
37  -2.244418e+02  1.530739e+01
38  4.497040e+01  1.684629e+01
39  2.891378e+02  3.279152e+01
40  -4.784148e+01  2.841466e+01
41  7.335415e+02  5.339681e+01
42  1.216161e+03  8.625255e+01
43  8.118350e+02  7.024940e+01
44  1.276838e+03  6.293968e+01
45  7.364084e+02  3.776822e+01
46  -4.313436e+02  1.416221e+02
47  -4.999152e+02  -1.685528e+01
48  -2.158226e+03  -2.032890e+02
49  -2.996214e+03  -2.833705e+02
50  -3.846278e+03  -2.151800e+02
51  -1.799619e+03  -2.179593e+02
52  4.651986e+03  -2.752700e+02
53  1.795384e+04  -5.906024e+02
54  2.836431e+04  -9.362892e+02
55  2.952877e+04  -8.718895e+02
56  1.370978e+04  -5.869958e+02
57  2.169045e+03  -2.779121e+02
58  -3.732385e+03  7.731087e+02
59  -5.754829e+03  1.375161e+03
60  2.459889e+04  2.993260e+03
61  1.692635e+04  3.726384e+03
62  -5.167034e+04  2.329040e+03
63  -5.570234e+05  1.992760e+03
ENDPROP
STARTPROP
MASSES:  4.200000e-03   4.200000e-03
SOURCE: GAM_14
SINKS: GAM_14
0  -1.096012e+05  -3.395595e+03
1  1.305864e+06  -2.154702e+03
2  6.027539e+05  1.002354e+03
3  3.446004e+05  2.080462e+03
4  1.825493e+05  2.403423e+03
5  7.489504e+04  2.210815e+03
6  3.563457e+04  8.882943e+02
7  1.785679e+04  -1.516836e+02
8  1.531086e+04  -3.771918e+02
9  1.628141e+04  -1.910475e+02
10  4.823849e+03  -3.973483e+02
11  1.261800e+04  -1.107949e+02
12  1.555642e+04  -2.146659e+02
13  8.524938e+03  9.158476e+01
14  2.349513e+03  4.099583e+02
15  1.012676e+03  4.907189e+02
16  9.398932e+02  5.447601e+02
17  2.055466e+03  4.352784e+02
18  1.179985e+03  2.195088e+02
19  -4.478151e+02  4.713894e+01
20  1.253141e+03  1.464985e+02
21  1.748495e+03  2.794314e+02
22  2.207986e+03  2.502993e+02
23  1.701591e+03  1.229899e+02
24  1.467840e+03  7.131966e+01
25  1.301439e+03  5.252180e+01
26  1.182425e+03  8.369811e+01
27  1.158376e+03  7.775574e+01
28  9.519785e+02  7.374437e+01
29  5.117123e+02  6.755905e+01
30  -3.850818e+01  6.214174e+01
31  3.722642e+01  2.111832e+01
32  3.541975e+01  4.405665e+00
33  1.888994e+02  1.840832e+00
34  2.402091e+02  6.495503e+00
35  2.366518e+02  1.926453e+01
36  1.928788e+02  2.447620e+01
37  5.150647e+02  6.797548e+00
38  5.113393e+02  1.194662e+01
39  2.436405e+02  1.140228e+01
40  7.015631e+01  6.546973e+01
41  2.739374e+02  1.589225e+02
42  9.565000e+02  1.951947e+02
43  1.305079e+03  1.442527e+02
44  6.471403e+02  3.965227e+01
45  6.125784e+02  3.774441e+00
46  1.189856e+03  3.489846e+01
47  1.673369e+02  1.553080e+02
48  -2.024789e+03  3.011764e+02
49  -2.215704e+03  2.233367e+02
50  -4.029561e+03  3.854336e+02
51  -4.028772e+03  2.753170e+02
52  -1.249109e+03  7.508602e+01
53  -4.390299e+02  3.860282e+02
54  3.342682e+03  6.386760e+02
55  7.614461e+03  8.154706e+02
56  1.575137e+04  5.879166e+02
57  2.443381e+04  -3.383226e+01
58  3.783828e+04  5.488755e+01
59  5.752410e+04  4.050867e+02
60  1.082129e+05  5.358578e+02
61  2.690944e+05  3.898935e+02
62  5.226542e+05  -1.707942e+03
63  1.285478e+06  -3.255806e+03
ENDPROP
STARTPROP
MASSES:  4.200000e-03   4.200000e-03
SOURCE: GAM_41
SINKS: GAM_41
0  -1.096012e+05  -3.395595e+03
1  1.305864e+06  -2.154702e+03
2  6.027539e+05  1.002354e+03
3  3.446004e+05  2.080462e+03
4  1.825493e+05  2.403423e+03
5  7.489504e+04  2.210815e+03
6  3.563457e+04  8.882943e+02
7  1.785679e+04  -1.516836e+02
8  1.531086e+04  -3.771918e+02
9  1.628141e+04  -1.910475e+02
10  4.823849e+03  -3.973483e+02
11  1.261800e+04  -1.107949e+02
12  1.555642e+04  -2.146659e+02
13  8.524938e+03  9.158476e+01
14  2.349513e+03  4.099583e+02
15  1.012676e+03  4.907189e+02
16  9.398932e+02  5.447601e+02
17  2.055466e+03  4.352784e+02
18  1.179985e+03  2.195088e+02
19  -4.478151e+02  4.713894e+01
20  1.253141e+03  1.464985e+02
21  1.748495e+03  2.794314e+02
22  2.207986e+03  2.502993e+02
23  1.701591e+03  1.229899e+02
24  1.467840e+03  7.131966e+01
25  1.301439e+03  5.252180e+01
26  1.182425e+03  8.369811e+01
27  1.158376e+03  7.775574e+01
28  9.519785e+02  7.374437e+01
29  5.117123e+02  6.755905e+01
30  -3.850818e+01  6.214174e+01
31  3.722642e+01  2.111832e+01
32  3.541975e+01  4.405665e+00
33  1.888994e+02  1.840832e+00
34  2.402091e+02  6.495503e+00
35  2.366518e+02  1.926453e+01
36  1.928788e+02  2.447620e+01
37  5.150647e+02  6.797548e+00
38  5.113393e+02  1.194662e+01
39  2.436405e+02  1.140228e+01
40  7.015631e+01  6.546973e+01
41  2.739374e+02  1.589225e+02
42  9.565000e+02  1.951947e+02
43  1.305079e+03  1.442527e+02
44  6.471403e+02  3.965227e+01
45  6.125784e+02  3.774441e+00
46  1.189856e+03  3.489846e+01
47  1.673369e+02  1.553080e+02
48  -2.024789e+03  3.011764e+02
49  -2.215704e+03  2.233367e+02
50  -4.029561e+03  3.854336e+02
51  -4.028772e+03  2.753170e+02
52  -1.249109e+03  7.508602e+01
53  -4.390299e+02  3.860282e+02
54  3.342682e+03  6.386760e+02
55  7.614461e+03  8.154706e+02
56  1.575137e+04  5.879166e+02
57  2.443381e+04  -3.383226e+01
58  3.783828e+04  5.488755e+01
59  5.752410e+04  4.050867e+02
60  1.082129e+05  5.358578e+02
61  2.690944e+05  3.898935e+02
62  5.226542e+05  -1.707942e+03
63  1.285478e+06  -3.255806e+03
ENDPROP
STARTPROP
MASSES:  4.200000e-03   4.200000e-03
SOURCE: GAM_23
SINKS: GAM_23
0  7.063236e+05  -1.193593e+03
1  -8.299588e+05  -7.350815e+02
2  -2.021740e+05  1.157700e+02
3  -5.550637e+04  -1.196375e+03
4  -2.024030e+04  -2.616611e+03
5  5.739093e+03  -1.851594e+03
6  9.005547e+03  -1.176693e+03
7  1.086191e+04  -1.026815e+03
8  2.317030e+04  1.625089e+02
9  9.581130e+03  3.367645e+02
10  2.013521e+03  4.682198e+01
11  -7.483619e+03  -1.746777e+02
12  -7.067830e+03  1.364777e+02
13  -7.662756e+03  2.698852e+02
14  -7.302953e+03  2.487857e+02
15  -5.587565e+03  2.477058e+02
16  -5.446263e+03  1.830411e+02
17  -1.814634e+03  1.308487e+02
18  -1.558460e+03  5.083318e+01
19  2.759007e+02  -3.728958e+00
20  1.884695e+03  -8.605323e+01
21  2.757197e+03  -1.570604e+02
22  2.481195e+03  -1.548105e+02
23  1.430154e+03  -7.277644e+01
24  9.528678e+02  -5.875566e+01
25  1.054470e+03  -5.682107e+01
26  1.140987e+02  -2.372958e+01
27  -3.958814e+02  2.985306e+01
28  -4.401206e+02  6.319900e+01
29  -4.201926e+02  5.925022e+01
30  -3.089424e+02  4.390703e+01
31  -4.845652e+02  3.631534e+01
32  -3.577363e+02  3.381462e+01
33  -2.651039e+02  3.088696e+01
34  -1.682999e+02  -1.093264e+01
35  -1.681695e+02  -4.154742e+01
36  -4.349332e+02  -1.729123e+01
37  -4.436548e+02  -9.062938e-01
38  -1.703743e+02  2.508863e+00
39  -2.837716e+02  -5.255833e+01
40  3.385813e+02  -4.200212e+01
41  4.599967e+02  -7.139049e+01
42  3.432195e+02  -1.101977e+02
43  6.167075e+02  -8.276819e+01
44  1.953781e+03  -8.665271e+01
45  2.309468e+03  -2.511654e+01
46  3.355629e+03  -3.599257e+01
47  5.173745e+03  -7.203925e+01
48  6.964921e+03  -1.173638e+02
49  4.971869e+03  -2.379938e+02
50  -2.220937e+03  -1.424915e+02
51  -6.957166e+03  -1.886778e+02
52  -5.839669e+03  -1.734513e+02
53  -1.276159e+04  7.185455e+00
54  -1.012157e+04  -1.941144e+02
55  -4.606071e+03  -7.863025e+02
56  8.980941e+03  -1.199035e+03
57  2.990292e+04  -1.854878e+03
58  4.237941e+04  -1.615817e+03
59  2.408497e+04  -1.171008e+03
60  2.168459e+04  -2.200985e+03
61  -2.045468e+04  -2.215479e+03
62  -1.489391e+05  -1.996320e+03
63  -7.626470e+05  -1.520645e+03
ENDPROP
STARTPROP
MASSES:  4.200000e-03   4.200000e-03
SOURCE: GAM_32
SINKS: GAM_32
0  7.063236e+05  -1.193593e+03
1  -8.299588e+05  -7.350815e+02
2  -2.021740e+05  1.157700e+02
3  -5.550637e+04  -1.196375e+03
4  -2.024030e+04  -2.616611e+03
5  5.739093e+03  -1.851594e+03
6  9.005547e+03  -1.176693e+03
7  1.086191e+04  -1.026815e+03
8  2.317030e+04  1.625089e+02
9  9.581130e+03  3.367645e+02
10  2.013521e+03  4.682198e+01
11  -7.483619e+03  -1.746777e+02
12  -7.067830e+03  1.364777e+02
13  -7.662756e+03  2.698852e+02
14  -7.302953e+03  2.487857e+02
15  -5.587565e+03  2.477058e+02
16  -5.446263e+03  1.830411e+02
17  -1.814634e+03  1.308487e+02
18  -1.558460e+03  5.083318e+01
19  2.759007e+02  -3.728958e+00
20  1.884695e+03  -8.605323e+01
21  2.757197e+03  -1.570604e+02
22  2.481195e+03  -1.548105e+02
23  1.430154e+03  -7.277644e+01
24  9.528678e+02  -5.875566e+01
25  1.054470e+03  -5.682107e+01
26  1.140987e+02  -2.372958e+01
27  -3.958814e+02  2.985306e+01
28  -4.401206e+02  6.319900e+01
29  -4.201926e+02  5.925022e+01
30  -3.089424e+02  4.390703e+01
31  -4.845652e+02  3.631534e+01
32  -3.577363e+02  3.381462e+01
33  -2.651039e+02  3.088696e+01
34  -1.682999e+02  -1.093264e+01
35  -1.681695e+02  -4.154742e+01
36  -4.349332e+02  -1.729123e+01
37  -4.436548e+02  -9.062938e-01
38  -1.703743e+02  2.508863e+00
39  -2.837716e+02  -5.255833e+01
40  3.385813e+02  -4.200212e+01
41  4.599967e+02  -7.139049e+01
42  3.432195e+02  -1.101977e+02
43  6.167075e+02  -8.276819e+01
44  1.953781e+03  -8.665271e+01
45  2.309468e+03  -2.511654e+01
46  3.355629e+03  -3.599257e+01
47  5.173745e+03  -7.203925e+01
48  6.964921e+03  -1.173638e+02
49  4.971869e+03  -2.379938e+02
50  -2.220937e+03  -1.424915e+02
51  -6.957166e+03  -1.886778e+02
52  -5.839669e+03  -1.734513e+02
53  -1.276159e+04  7.185455e+00
54  -1.012157e+04  -1.941144e+02
55  -4.606071e+03  -7.863025e+02
56  8.980941e+03  -1.199035e+03
57  2.990292e+04  -1.854878e+03
58  4.237941e+04  -1.615817e+03
59  2.408497e+04  -1.171008e+03
60  2.168459e+04  -2.200985e+03
61  -2.045468e+04  -2.215479e+03
62  -1.489391e+05  -1.996320e+03
63  -7.626470e+05  -1.520645e+03
ENDPROP
STARTPROP
MASSES:  4.200000e-03   4.200000e-03
SOURCE: GAM_24
SINKS: GAM_24
0  -1.288941e+05  -2.098693e+03
1  1.292773e+06  3.374370e+02
2  5.676159e+05  2.666798e+03
3  3.195535e+05  2.394077e+03
4  2.133574e+05  8.160947e+02
5  1.428198e+05  5.869262e+02
6  1.059829e+05  8.428233e+02
7  8.279142e+04  9.597595e+01
8  6.662093e+04  -3.525614e+02
9  5.532100e+04  -9.546769e+01
10  3.382381e+04  -1.686874e+02
11  1.573237e+04  -2.500258e+02
12  8.161254e+03  -3.511894e+02
13  9.349069e+03  -3.864570e+02
14  5.812655e+03  -5.523328e+02
15  2.943674e+03  -6.191478e+02
16  8.922403e+02  -4.197985e+02
17  6.362269e+02  -5.943938e+02
18  -3.302534e+01  -4.308966e+02
19  5.782568e+02  -3.389312e+02
20  1.463985e+03  -1.783722e+02
21  3.405429e+02  -1.527506e+02
22  -6.870696e+01  -8.664434e+01
23  2.221134e+02  -2.928842e+01
24  3.835529e+02  -2.547103e+01
25  6.291799e+02  -3.498399e+01
26  2.410243e+02  -5.259070e+01
27  5.799296e+01  -4.001379e+01
28  -1.356143e+02  -5.000086e+01
29  -7.749328e+01  -2.195774e+01
30  1.278842e+02  7.213829e+00
31  2.007958e+02  1.797355e+01
32  2.466087e+02  5.889159e+00
33  2.597159e+02  1.033332e+01
34  -2.595592e+01  6.438648e+00
35  -3.677795e+02  2.560916e+01
36  -7.210567e+02  3.477281e+01
37  -5.906956e+02  3.796576e+01
38  -2.676945e+02  2.066508e+01
39  3.122614e+01  2.650372e+01
40  2.363899e+02  8.919466e+00
41  -2.772326e+01  -3.670335e+01
42  -2.885787e+02  -8.873304e+01
43  3.422045e+02  -8.760461e+01
44  9.841814e+02  -6.766865e+01
45  2.100334e+03  -8.567684e+00
46  3.154378e+02  -9.557677e+00
47  -1.024177e+03  1.062860e+01
48  -2.193525e+03  -1.355655e+02
49  -1.098606e+03  -2.088646e+02
50  3.031991e+03  -1.796996e+02
51  8.635620e+03  -6.328891e+01
52  1.308967e+04  -3.192234e+02
53  2.395013e+04  -5.087712e+02
54  2.643476e+04  -1.030211e+03
55  2.943516e+04  -1.282432e+03
56  2.222813e+04  -7.413742e+02
57  2.154658e+04  -2.937850e+02
58  3.168515e+04  -5.314894e+02
59  5.416019e+04  2.525922e+02
60  1.090394e+05  5.306297e+02
61  2.108066e+05  -1.179890e+03
62  4.548416e+05  -2.071655e+03
63  1.231534e+06  -1.669249e+03
ENDPROP
STARTPROP
MASSES:  4.200000e-03   4.200000e-03
SOURCE: GAM_42
SINKS: GAM_42
0  -1.288941e+05  -2.098693e+03
1  1.292773e+06  3.374370e+02
2  5.676159e+05  2.666798e+03
3  3.195535e+05  2.394077e+03
4  2.133574e+05  8.160947e+02
5  1.428198e+05  5.869262e+02
6  1.059829e+05  8.428233e+02
7  8.279142e+04  9.597595e+01
8  6.662093e+04  -3.525614e+02
9  5.532100e+04  -9.546769e+01
10  3.382381e+04  -1.686874e+02
11  1.573237e+04  -2.500258e+02
12  8.161254e+03  -3.511894e+02
13  9.349069e+03  -3.864570e+02
14  5.812655e+03  -5.523328e+02
15  2.943674e+03  -6.191478e+02
16  8.922403e+02  -4.197985e+02
17  6.362269e+02  -5.943938e+02
18  -3.302534e+01  -4.308966e+02
19  5.782568e+02  -3.389312e+02
20  1.463985e+03  -1.783722e+02
21  3.405429e+02  -1.527506e+02
22  -6.870696e+01  -8.664434e+01
23  2.221134e+02  -2.928842e+01
24  3.835529e+02  -2.547103e+01
25  6.291799e+02  -3.498399e+01
26  2.410243e+02  -5.259070e+01
27  5.799296e+01  -4.001379e+01
28  -1.356143e+02  -5.000086e+01
29  -7.749328e+01  -2.195774e+01
30  1.278842e+02  7.213829e+00
31  2.007958e+02  1.797355e+01
32  2.466087e+02  5.889159e+00
33  2.597159e+02  1.033332e+01
34  -2.595592e+01  6.438648e+00
35  -3.677795e+02  2.560916e+01
36  -7.210567e+02  3.477281e+01
37  -5.906956e+02  3.796576e+01
38  -2.676945e+02  2.066508e+01
39  3.122614e+01  2.650372e+01
40  2.363899e+02  8.919466e+00
41  -2.772326e+01  -3.670335e+01
42  -2.885787e+02  -8.873304e+01
43  3.422045e+02  -8.760461e+01
44  9.841814e+02  -6.766865e+01
45  2.100334e+03  -8.567684e+00
46  3.154378e+02  -9.557677e+00
47  -1.024177e+03  1.062860e+01
48  -2.193525e+03  -1.355655e+02
49  -1.098606e+03  -2.088646e+02
50  3.031991e+03  -1.796996e+02
51  8.635620e+03  -6.328891e+01
52  1.308967e+04  -3.192234e+02
53  2.395013e+04  -5.087712e+02
54  2.643476e+04  -1.030211e+03
55  2.943516e+04  -1.282432e+03
56  2.222813e+04  -7.413742e+02
57  2.154658e+04  -2.937850e+02
58  3.168515e+04  -5.314894e+02
59  5.416019e+04  2.525922e+02
60  1.090394e+05  5.306297e+02
61  2.108066e+05  -1.179890e+03
62  4.548416e+05  -2.071655e+03
63  1.231534e+06  -1.669249e+03
ENDPROP
STARTPROP
MASSES:  4.200000e-03   4.200000e-03
SOURCE: GAM_34
SINKS: GAM_34
0  -1.331391e+05  -1.882205e+03
1  1.297310e+06  -8.053559e+02
2  6.072418e+05  -2.996226e+03
3  3.233236e+05  -1.705340e+03
4  1.605549e+05  -4.773276e+02
5  6.984640e+04  -6.038781e+02
6  3.050747e+04  -5.030188e+02
7  5.366702e+03  -1.221656e+03
8  -1.419734e+03  -6.575450e+02
9  5.494971e+03  -3.602706e+02
10  3.517179e+03  -6.480420e+02
11  1.673570e+03  -4.493629e+02
12  -5.127893e+03  -5.951746e+02
13  1.310665e+03  -6.209663e+02
14  1.803264e+03  -6.285242e+02
15  -3.467723e+03  -2.522820e+02
16  -5.265986e+03  -3.900851e+01
17  -5.082460e+03  4.420325e+01
18  -4.176778e+03  1.082708e+02
19  -3.368251e+03  7.759338e+01
20  -2.917044e+03  2.730625e+01
21  -2.344480e+03  2.989360e+01
22  -1.532974e+03  3.969864e+01
23  -1.561897e+03  5.894359e+01
24  -1.994444e+03  1.389730e+01
25  -2.264652e+03  -2.056096e+01
26  -1.696523e+03  -4.417639e+01
27  -1.158922e+03  -4.563939e+01
28  -8.327130e+02  1.480249e+01
29  -8.165456e+02  3.288835e+01
30  -8.202252e+02  2.474532e+01
31  -5.968692e+02  1.299258e+01
32  -2.329220e+02  -1.240597e+01
33  -1.097736e+02  -2.917577e+01
34  -6.868550e+01  -2.958710e+01
35  -1.089583e+02  -6.329680e+00
36  -7.066005e+01  1.388327e+01
37  4.493499e+02  7.312883e+00
38  8.654845e+02  -3.252496e+01
39  8.605253e+02  -2.601175e+01
40  1.520522e+02  -5.227943e+01
41  -4.076113e+02  -1.055314e+02
42  -1.244474e+03  -1.094193e+02
43  -1.552493e+03  -6.120031e+01
44  -1.049352e+03  -1.433573e+01
45  -9.944758e+02  1.097862e+02
46  -1.733139e+03  1.585503e+02
47  -2.870318e+03  2.397838e+02
48  -6.076179e+03  1.703025e+02
49  -7.690514e+03  -2.259709e+00
50  -6.443698e+03  -1.520701e+02
51  -2.038653e+03  -6.762350e-01
52  -2.588166e+03  -1.425020e+02
53  -2.353737e+01  -3.076929e+02
54  1.299140e+03  -3.060934e+02
55  2.096337e+03  -2.258924e+02
56  -7.761741e+03  -5.851141e+02
57  7.216795e+03  -4.085213e+02
58  3.074976e+04  -3.438082e+02
59  7.792849e+04  -3.494022e+02
60  1.372962e+05  -1.037440e+03
61  2.920720e+05  -2.896563e+03
62  5.271108e+05  -4.524358e+03
63  1.245424e+06  -4.494782e+03
ENDPROP
STARTPROP
MASSES:  4.200000e-03   4.200000e-03
SOURCE: GAM_43
SINKS: GAM_43
0  -1.331391e+05  -1.882205e+03
1  1.297310e+06  -8.053559e+02
2  6.072418e+05  -2.996226e+03
3  3.233236e+05  -1.705340e+03
4  1.605549e+05  -4.773276e+02
5  6.984640e+04  -6.038781e+02
6  3.050747e+04  -5.030188e+02
7  5.366702e+03  -1.221656e+03
8  -1.419734e+03  -6.575450e+02
9  5.494971e+03  -3.602706e+02
10  3.517179e+03  -6.480420e+02
11  1.673570e+03  -4.493629e+02
12  -5.127893e+03  -5.951746e+02
13  1.310665e+03  -6.209663e+02
14  1.803264e+03  -6.285242e+02
15  -3.467723e+03  -2.522820e+02
16  -5.265986e+03  -3.900851e+01
17  -5.082460e+03  4.420325e+01
18  -4.176778e+03  1.082708e+02
19  -3.368251e+03  7.759338e+01
20  -2.917044e+03  2.730625e+01
21  -2.344480e+03  2.989360e+01
22  -1.532974e+03  3.969864e+01
23  -1.561897e+03  5.894359e+01
24  -1.994444e+03  1.389730e+01
25  -2.264652e+03  -2.056096e+01
26  -1.696523e+03  -4.417639e+01
27  -1.158922e+03  -4.563939e+01
28  -8.327130e+02  1.480249e+01
29  -8.165456e+02  3.288835e+01
30  -8.202252e+02  2.474532e+01
31  -5.968692e+02  1.299258e+01
32  -2.329220e+02  -1.240597e+01
33  -1.097736e+02  -2.917577e+01
34  -6.868550e+01  -2.958710e+01
35  -1.089583e+02  -6.329680e+00
36  -7.066005e+01  1.388327e+01
37  4.493499e+02  7.312883e+00
38  8.654845e+02  -3.252496e+01
39  8.605253e+02  -2.601175e+01
40  1.520522e+02  -5.227943e+01
41  -4.076113e+02  -1.055314e+02
42  -1.244474e+03  -1.094193e+02
43  -1.552493e+03  -6.120031e+01
44  -1.049352e+03  -1.433573e+01
45  -9.944758e+02  1.097862e+02
46  -1.733139e+03  1.585503e+02
47  -2.870318e+03  2.397838e+02
48  -6.076179e+03  1.703025e+02
49  -7.690514e+03  -2.259709e+00
50  -6.443698e+03  -1.520701e+02
51  -2.038653e+03  -6.762350e-01
52  -2.588166e+03  -1.425020e+02
53  -2.353737e+01  -3.076929e+02
54  1.299140e+03  -3.060934e+02
55  2.096337e+03  -2.258924e+02
56  -7.761741e+03  -5.851141e+02
57  7.216795e+03  -4.085213e+02
58  3.074976e+04  -3.438082e+02
59  7.792849e+04  -3.494022e+02
60  1.372962e+05  -1.037440e+03
61  2.920720e+05  -2.896563e+03
62  5.271108e+05  -4.524358e+03
63  1.245424e+06  -4.494782e+03
ENDPROP
STARTPROP
MASSES:  4.200000e-03   4.200000e-03
SOURCE: GAM_15
SINKS: GAM_15
0  -1.553639e+05  -2.407233e+03
1  -1.124909e+06  -3.710321e+03
2  -3.637916e+05  -2.463822e+03
3  -1.642294e+05  -1.395996e+03
4  -5.589201e+04  -2.918278e+02
5  -1.804501e+04  9.710577e+01
6  1.037273e+04  -1.320664e+02
7  1.383583e+04  -2.727859e+02
8  3.792166e+03  -3.602028e+02
9  -9.110948e+03  -4.464116e+02
10  -6.145959e+03  -3.429029e+02
11  -6.048594e+03  3.546469e+02
12  -9.083746e+03  8.829130e+02
13  -1.137530e+04  8.655382e+02
14  -5.100572e+03  5.484056e+02
15  2.132166e+03  4.747478e+02
16  3.362619e+03  4.233794e+02
17  4.751695e+03  3.052881e+02
18  4.248365e+03  2.819327e+02
19  4.103913e+03  2.794097e+02
20  6.487021e+03  1.807432e+02
21  4.356319e+03  5.071500e+01
22  2.667275e+03  -7.043906e+01
23  2.361252e+03  -4.595013e+01
24  1.659842e+03  -7.084972e+01
25  8.679346e+02  -8.386256e+01
26  5.253706e+02  -5.942923e+01
27  1.016361e+02  -9.173071e+00
28  6.398884e+01  -4.301913e+00
29  1.748311e+02  -6.013257e+01
30  1.111995e+02  -7.144837e+01
31  1.626811e+02  -5.125342e+01
32  -4.527444e+00  -3.620859e+01
33  -1.442735e+02  -3.322959e+01
34  -4.741529e+02  -1.053317e+01
35  -5.908836e+02  2.567888e+01
36  -2.879981e+02  4.068633e+01
37  -1.712744e+02  3.480223e+01
38  3.092967e+01  1.401769e+01
39  6.042808e+01  -5.304650e+01
40  -5.551885e+02  -9.443970e+01
41  -7.758920e+02  -1.180771e+02
42  -1.318981e+03  -1.165905e+02
43  -1.837281e+03  -9.905844e+01
44  -1.270490e+03  8.928470e+00
45  -6.136532e+02  1.384505e+02
46  9.498681e+02  3.127957e+02
47  2.578697e+03  3.817471e+02
48  2.328550e+03  5.458685e+02
49  3.573827e+03  8.255317e+02
50  7.424501e+03  6.549703e+02
51  8.768744e+03  3.054444e+02
52  1.031674e+04  3.184893e+02
53  1.624220e+03  8.112634e+02
54  -3.581099e+03  1.303146e+03
55  -1.664304e+04  1.484726e+03
56  -3.175356e+04  1.484898e+03
57  -5.293541e+04  1.017002e+03
58  -7.228029e+04  6.595520e+02
59  -6.597552e+04  8.017300e+02
60  -8.477660e+04  1.857566e+03
61  -1.567229e+05  2.881460e+03
62  -3.553126e+05  7.169261e+02
63  -1.126012e+06  -1.544365e+03
ENDPROP
STARTPROP
MASSES:  4.200000e-03   4.200000e-03
SOURCE: GAM_25
SINKS: GAM_25
0  -2.720479e+05  -3.427387e+03
1  -1.259010e+06  -3.218517e+03
2  -4.508541e+05  -3.613754e+03
3  -1.869210e+05  -4.686183e+03
4  -7.097845e+04  -2.645539e+03
5  -3.620840e+04  -2.318323e+03
6  -1.954267e+04  -2.077073e+03
7  -2.588387e+04  -1.680330e+03
8  -3.003957e+04  -1.419366e+03
9  -1.956118e+04  -9.225584e+02
10  -9.563996e+03  3.574548e+00
11  -1.726486e+04  3.101480e+02
12  -1.221958e+04  5.236545e+02
13  -8.620972e+03  6.257722e+02
14  -1.460753e+03  4.651404e+02
15  -4.372129e+01  3.713201e+02
16  -8.697660e+02  2.830226e+02
17  -3.656276e+03  5.608590e+01
18  -3.597091e+03  -1.724724e+02
19  -3.169937e+03  -2.062214e+02
20  -2.660895e+03  -1.230280e+02
21  -3.287731e+03  -1.168371e+02
22  -2.580893e+03  -1.841515e+02
23  -2.474117e+03  -9.125415e+01
24  -2.001787e+03  -4.605590e+01
25  -2.099465e+03  -1.485762e+01
26  -1.308799e+03  4.750308e+00
27  -1.473401e+03  -1.355867e+01
28  -1.855309e+03  -2.004593e+01
29  -1.685011e+03  2.212150e+01
30  -1.117019e+03  5.244604e+01
31  -7.795198e+02  6.518892e+01
32  -7.035907e+02  8.372070e+01
33  -8.651520e+02  7.363723e+01
34  -8.136543e+02  2.780248e+01
35  -3.437513e+02  -2.069872e+01
36  -2.804752e+02  -3.554186e+01
37  -5.401167e+01  -8.641433e+01
38  5.354990e+02  -8.430882e+01
39  3.390383e+02  -7.308737e+01
40  3.915269e+02  -6.579294e+01
41  1.534517e+02  -9.403060e+00
42  -3.466752e+02  2.359517e+01
43  -1.063903e+03  1.487569e+01
44  -7.396391e+02  5.885190e+01
45  -1.322431e+03  1.021219e+02
46  -3.060047e+03  1.501782e+02
47  -3.440860e+03  1.999658e+02
48  -4.327094e+03  1.481140e+02
49  -6.823070e+03  4.081761e+02
50  -7.658841e+03  6.184956e+02
51  -1.025375e+04  3.036397e+02
52  -9.842698e+03  3.075258e+01
53  -3.436569e+03  -1.652397e+02
54  -2.466908e+03  2.815798e+01
55  7.484334e+03  -3.491422e+01
56  2.102516e+04  4.765703e+02
57  2.501697e+04  -1.445853e+02
58  1.523581e+04  -8.837281e+02
59  -9.417890e+02  -9.479007e+01
60  -2.232498e+04  -2.145200e+02
61  -6.318861e+04  -1.199476e+03
62  -2.716484e+05  -1.177731e+03
63  -1.126373e+06  -2.336812e+03
ENDPROP
STARTPROP
MASSES:  4.200000e-03   4.200000e-03
SOURCE: GAM_35
SINKS: GAM_35
0  -2.080115e+05  1.195693e+03
1  -1.152783e+06  -6.369423e+02
2  -3.625717e+05  -2.374147e+01
3  -1.791496e+05  1.070782e+03
4  -9.814819e+04  5.384647e+02
5  -3.307262e+04  3.125721e+01
6  1.085465e+04  4.953747e+02
7  1.203035e+04  7.115684e+02
8  4.417251e+02  6.312258e+02
9  3.333071e+03  1.130699e+03
10  1.169077e+04  1.211136e+03
11  2.204606e+04  6.528559e+02
12  1.606030e+04  3.586248e+02
13  7.752869e+03  -4.717546e+01
14  -1.246978e+03  -6.254706e+01
15  -1.460089e+03  1.336978e+02
16  3.259386e+03  2.109640e+02
17  3.590156e+03  4.259008e+02
18  2.775994e+03  5.145191e+02
19  1.335835e+03  4.937203e+02
20  1.052161e+03  2.775892e+02
21  7.953796e+02  8.265639e+01
22  8.990354e+02  -5.312369e+01
23  6.923419e+02  -4.678023e+01
24  6.626817e+02  -7.444015e+01
25  7.614295e+02  -1.067768e+02
26  1.298406e+03  -5.138143e+01
27  1.269691e+03  -3.633692e+01
28  1.126078e+03  -6.884710e+01
29  5.944714e+02  -9.344832e+01
30  9.894722e+01  -5.800238e+01
31  -3.602470e+02  -9.665230e+00
32  -7.940909e+02  -1.827465e+00
33  -8.191684e+02  1.298102e+01
34  -8.821562e+02  5.282386e+00
35  -8.204794e+02  -2.608670e+00
36  -5.081508e+02  -3.813387e+00
37  -1.161126e+02  -4.112568e+01
38  3.176177e+02  -9.185481e+01
39  5.287067e+02  -1.271481e+02
40  2.440483e+02  -1.437141e+02
41  -4.727972e+01  -1.477551e+02
42  8.561500e+02  -1.957857e+02
43  1.900962e+03  -2.061163e+02
44  1.802305e+03  -2.102857e+02
45  1.756742e+03  -1.994029e+02
46  1.808234e+03  -6.183439e+01
47  8.437884e+02  -1.645109e+02
48  -1.165519e+03  -2.980247e+02
49  -4.791976e+03  -5.346725e+02
50  -8.038856e+03  -7.068542e+02
51  -5.296046e+03  -6.398708e+02
52  1.285269e+03  -9.444946e+02
53  7.663383e+03  -5.046181e+02
54  6.716485e+03  -2.899428e+02
55  4.976268e+03  -1.153345e+02
56  -2.317504e+03  4.450186e+02
57  -7.997385e+02  7.570241e+02
58  -4.048769e+03  1.658374e+02
59  -1.490764e+04  -3.240697e+02
60  -4.131736e+04  -4.333415e+02
61  -1.140881e+05  -6.018716e+02
62  -3.396301e+05  -1.448909e+03
63  -1.159025e+06  -6.275494e+02
ENDPROP
STARTPROP
MASSES:  4.200000e-03   4.200000e-03
SOURCE: GAM_45
SINKS: GAM_45
0  -1.762049e+06  1.721145e+03
1  6.386142e+05  1.523255e+03
2  2.888545e+05  -4.028955e+02
3  2.343343e+05  -9.503270e+02
4  1.915953e+05  -1.017675e+03
5  1.657864e+05  -1.228484e+03
6  1.327410e+05  -9.962101e+02
7  1.105212e+05  -9.473932e+02
8  9.116560e+04  -7.336880e+02
9  7.185480e+04  -8.867124e+02
10  6.164439e+04  -6.336793e+02
11  4.857991e+04  -5.432969e+02
12  4.097126e+04  -5.032575e+02
13  3.146164e+04  -5.157635e+02
14  2.641352e+04  -4.418769e+02
15  2.178268e+04  -3.652106e+02
16  1.600933e+04  -2.693246e+02
17  1.457364e+04  -2.667461e+02
18  1.217443e+04  -2.405945e+02
19  9.233810e+03  -8.309485e+01
20  8.268008e+03  -2.734467e+01
21  6.730064e+03  -6.693801e+01
22  5.253199e+03  -1.057700e+02
23  4.494824e+03  -9.605549e+01
24  3.478209e+03  -1.207445e+02
25  2.859366e+03  -8.546840e+01
26  2.101304e+03  -8.067896e+01
27  1.698682e+03  -9.210168e+01
28  1.467800e+03  -9.955604e+01
29  1.253761e+03  -1.258117e+02
30  1.392951e+03  -1.208364e+02
31  1.295873e+03  -1.176711e+02
32  1.520681e+03  -9.624055e+01
33  1.384169e+03  -8.380238e+01
34  1.266158e+03  -5.813149e+01
35  1.432857e+03  -4.802767e+01
36  1.674337e+03  -3.207103e+01
37  1.852040e+03  -2.854799e+01
38  2.113570e+03  3.667054e+00
39  2.509131e+03  4.096588e+01
40  3.212733e+03  7.903116e+01
41  3.896816e+03  5.210704e+01
42  4.448675e+03  4.996588e+01
43  5.394565e+03  8.192157e+01
44  6.009037e+03  1.394965e+02
45  6.985537e+03  1.810133e+02
46  8.900402e+03  2.642599e+02
47  1.199434e+04  3.488554e+02
48  1.506108e+04  3.968609e+02
49  1.771508e+04  4.863458e+02
50  2.193091e+04  5.321063e+02
51  2.798859e+04  5.402827e+02
52  3.690164e+04  5.905374e+02
53  4.427966e+04  9.236238e+02
54  5.532294e+04  7.402538e+02
55  6.703848e+04  5.467265e+02
56  8.066619e+04  4.542764e+02
57  9.870609e+04  4.838069e+02
58  1.227272e+05  5.335888e+02
59  1.599660e+05  8.929443e+02
60  1.874938e+05  7.186549e+02
61  2.433304e+05  -2.624832e+02
62  2.953192e+05  2.819062e+02
63  6.360146e+05  1.229012e+03
ENDPROP
STARTPROP
MASSES:  4.200000e-03   4.200000e-03
SOURCE: PSAX4
SINKS: GAM_4
0  2.752890e+04  -8.864860e+02
1  1.720697e+06  -6.952106e+02
2  1.297455e+06  4.679243e+02
3  1.054216e+06  9.173971e+02
4  8.861330e+05  1.176678e+03
5  7.570954e+05  -2.354143e+02
6  6.273675e+05  7.762323e+02
7  5.331598e+05  -8.035561e+01
8  4.446473e+05  -8.909532e+02
9  3.717140e+05  -3.654606e+02
10  3.110790e+05  -2.724143e+02
11  2.599503e+05  -4.013246e+01
12  2.155134e+05  1.861243e+02
13  1.752406e+05  -5.845051e+00
14  1.438236e+05  -1.144646e+00
15  1.189604e+05  -2.133418e+02
16  9.834162e+04  -4.062894e+02
17  8.423322e+04  -3.732523e+02
18  7.076533e+04  -1.810487e+02
19  5.687994e+04  -1.008610e+02
20  4.712879e+04  2.507297e+01
21  3.977203e+04  4.668333e+01
22  3.290837e+04  -2.278342e+00
23  2.725409e+04  -4.799448e+01
24  2.237095e+04  -9.534230e+01
25  1.860399e+04  -9.716565e+01
26  1.434824e+04  -1.127243e+02
27  1.149838e+04  -1.076747e+02
28  9.142204e+03  -1.285657e+02
29  7.285828e+03  -1.099930e+02
30  5.429358e+03  -1.136058e+02
31  3.374867e+03  -1.097848e+02
32  1.384069e+03  -9.186041e+01
33  -4.630943e+02  -7.691097e+01
34  -2.520474e+03  -5.532652e+01
35  -4.531584e+03  -4.185081e+01
36  -6.750042e+03  -4.384604e+01
37  -9.208474e+03  -4.041949e+01
38  -1.171263e+04  -8.304399e+01
39  -1.458153e+04  -6.822093e+01
40  -1.913741e+04  -1.006710e+02
41  -2.261111e+04  -6.915505e+01
42  -2.704830e+04  -1.361286e+02
43  -3.243023e+04  -2.268836e+02
44  -3.918017e+04  -2.469823e+02
45  -4.758741e+04  -2.933785e+02
46  -5.746697e+04  -3.259083e+02
47  -7.033833e+04  -4.678950e+02
48  -8.310381e+04  -4.670639e+02
49  -1.002953e+05  -4.769124e+02
50  -1.203699e+05  -4.039772e+02
51  -1.468049e+05  -4.736297e+02
52  -1.806483e+05  -2.800804e+02
53  -2.180909e+05  -4.050943e+02
54  -2.600795e+05  -5.947995e+01
55  -3.115306e+05  1.552935e+02
56  -3.785053e+05  6.988980e+02
57  -4.540506e+05  8.996741e+02
58  -5.653713e+05  1.649771e+02
59  -7.038349e+05  -8.440892e+02
60  -8.446651e+05  -9.305619e+02
61  -1.042637e+06  -5.294922e+02
62  -1.254126e+06  -1.324452e+03
63  -1.675848e+06  -1.164490e+03
ENDPROP
STARTPROP
MASSES:  4.200000e-03   4.200000e-03
SOURCE: WWPSAX4
SINKS: GAM_4
0  8.235214e+08  5.060134e+06
1  9.543427e+08  2.925131e+06
2  4.784062e+08  -3.244921e+05
3  7.081019e+08  -2.140959e+07
4  4.087858e+08  -8.800256e+06
5  7.237493e+08  1.007266e+07
6  3.375810e+08  1.369505e+07
7  2.757716e+08  4.299946e+06
8  3.912171e+08  -1.528314e+06
9  3.137648e+08  9.195068e+05
10  7.512422e+07  -2.006926e+06
11  8.110962e+07  6.907530e+06
12  7.122416e+07  2.558356e+06
13  1.254421e+08  5.692772e+05
14  1.399862e+08  -9.491985e+05
15  1.092155e+08  1.797664e+06
16  3.530846e+07  -1.207532e+06
17  4.359445e+07  -8.589955e+05
18  3.282370e+07  -1.405999e+06
19  6.285524e+07  -1.312841e+06
20  2.927851e+07  5.824704e+05
21  3.608483e+07  -5.230423e+04
22  2.060862e+07  -2.245511e+05
23  2.094048e+07  -2.963186e+05
24  1.490967e+07  -4.036664e+05
25  1.025428e+07  7.315439e+05
26  1.511162e+07  1.785491e+05
27  1.038203e+07  4.293439e+05
28  5.576219e+06  -4.710862e+05
29  1.202623e+06  -1.930283e+05
30  -3.431721e+05  -3.601406e+03
31  -3.125884e+06  3.171294e+05
32  1.682127e+06  -6.751735e+04
33  -1.002231e+06  -2.430210e+05
34  4.782886e+06  4.630800e+04
35  -1.007596e+06  4.783138e+05
36  -7.099819e+06  -4.016663e+05
37  -1.173901e+07  -2.336527e+05
38  -4.431964e+06  -1.923936e+05
39  -7.166864e+06  7.240813e+04
40  -1.223787e+07  1.608610e+04
41  -1.766416e+07  -3.694323e+05
42  -3.889745e+06  4.967605e+05
43  -1.595440e+07  1.399784e+06
44  -3.024957e+07  1.096901e+06
45  -3.248026e+07  5.990209e+05
46  -3.212711e+07  1.036622e+06
47  -2.137353e+07  -2.066527e+06
48  -4.530214e+07  -2.738770e+06
49  -1.739935e+07  1.361693e+06
50  -1.149002e+08  2.271197e+06
51  -1.250001e+08  -3.479926e+05
52  -1.773779e+08  1.100181e+06
53  -1.241598e+08  1.972474e+06
54  -1.751607e+08  -2.376982e+06
55  -7.122242e+07  3.675187e+06
56  -2.785994e+08  -9.220476e+06
57  -7.642032e+07  -3.048786e+06
58  -2.098618e+08  2.520413e+06
59  -2.476998e+08  7.442152e+05
60  -3.842762e+08  -6.945802e+06
61  -4.603377e+08  2.562140e+06
62  -8.709104e+08  -3.952825e+06
63  -2.219922e+09  1.675685e+07
ENDPROP
STARTPROP
MASSES:  4.200000e-03   4.200000e-03
SOURCE: WWGAM_5
SINKS: GAM_5
0  1.653790e+10  4.133162e+01
1  3.859691e+09  7.534485e+06
2  2.756488e+09  1.921656e+07
3  2.428267e+09  7.268287e+06
4  2.401698e+09  -1.449313e+07
5  2.241794e+09  1.845668e+07
6  1.923080e+09  1.351497e+07
7  1.329039e+09  -3.691422e+05
8  1.085807e+09  -9.918940e+06
9  1.006512e+09  -4.069178e+06
10  7.461183e+08  -1.364947e+06
11  8.032293e+08  8.786354e+05
12  5.458297e+08  1.407784e+06
13  3.878298e+08  4.175352e+05
14  4.247608e+08  2.329402e+05
15  4.312170e+08  1.594602e+06
16  2.373815e+08  -1.940836e+06
17  2.296359e+08  -1.886417e+06
18  1.842507e+08  -1.624492e+06
19  1.757025e+08  -1.642285e+06
20  1.286903e+08  -6.691260e+05
21  1.090296e+08  4.086757e+04
22  8.800344e+07  -7.917946e+05
23  8.147292e+07  -7.527358e+04
24  6.546346e+07  3.889219e+05
25  5.721746e+07  2.876769e+05
26  5.063229e+07  7.433857e+05
27  4.353091e+07  7.730879e+05
28  3.303771e+07  -2.626497e+05
29  2.995214e+07  1.527146e+05
30  3.103449e+07  -1.921435e+05
31  2.756958e+07  -4.433367e+05
32  2.975395e+07  -1.059743e+05
33  3.004477e+07  5.034628e+04
34  3.172594e+07  -1.853265e+05
35  3.056964e+07  7.051012e+04
36  3.885896e+07  5.004327e+05
37  4.335952e+07  1.909338e+05
38  3.881210e+07  -1.127839e+05
39  3.426106e+07  1.792460e+05
40  5.289199e+07  3.042847e+05
41  5.868089e+07  2.727429e+05
42  6.421786e+07  4.913494e+05
43  1.007700e+08  1.690959e+05
44  1.392480e+08  1.958871e+06
45  1.112538e+08  9.503419e+05
46  1.587670e+08  2.855750e+05
47  1.542883e+08  6.705874e+05
48  2.343076e+08  3.589574e+05
49  2.188060e+08  -1.421248e+06
50  3.226932e+08  2.563357e+06
51  3.932632e+08  -6.967407e+05
52  4.603207e+08  1.733919e+06
53  5.070714e+08  1.563222e+06
54  6.705658e+08  4.006156e+06
55  8.155714e+08  -8.270226e+06
56  1.049194e+09  -7.861293e+05
57  9.469317e+08  -1.397338e+05
58  1.303881e+09  -2.173670e+06
59  1.847666e+09  4.689808e+06
60  2.611222e+09  6.510583e+06
61  2.718869e+09  -2.413307e+06
62  3.226447e+09  2.859445e+03
63  5.687861e+09  1.905566e+07
ENDPROP
