STARTPROP
MASSES:  4.200000e-03   4.500000e-02
SOURCE: GAM_1
SINKS: GAM_1
0  1.221484e+06  -1.556851e+04
1  1.929197e+06  -1.393887e+04
2  8.831723e+05  -2.014565e+04
3  4.615780e+05  -1.148000e+04
4  2.468619e+05  -7.494094e+03
5  1.264042e+05  -7.944933e+03
6  5.821017e+04  -7.793117e+03
7  2.536853e+04  -6.671829e+03
8  1.053286e+04  -3.867155e+03
9  3.470540e+03  -1.353066e+03
10  2.125089e+03  3.784938e+02
11  1.911002e+03  1.061171e+03
12  1.237725e+03  9.420003e+02
13  5.354793e+02  6.474286e+02
14  -1.066821e+01  2.585499e+02
15  -2.781147e+02  4.571222e+01
16  -3.094597e+02  2.640360e+01
17  -1.307031e+02  3.533491e+01
18  -8.373278e+01  1.209074e+00
19  -4.214240e+01  -1.158100e+01
20  3.349794e+01  -4.964386e+01
21  3.188475e+01  -6.755925e+01
22  1.597376e+01  -6.718059e+01
23  4.232840e+00  -4.639702e+01
24  -7.161470e-01  -2.974018e+01
25  -2.926285e+00  -1.504791e+01
26  -1.722965e+00  -4.703728e+00
27  2.432108e-01  -3.810809e+00
28  3.200189e+00  -1.556527e+00
29  3.331076e+00  7.244362e-01
30  3.491109e+00  5.866019e-01
31  3.382519e+00  -5.927320e-01
32  3.503514e+00  -1.586834e+00
33  2.871057e+00  -1.163787e+00
34  9.356354e-02  -4.761890e-01
35  -1.384297e+00  5.843353e-01
36  -4.183712e-02  1.063801e+00
37  3.844187e+00  2.125739e+00
38  1.031572e+01  9.904383e-01
39  1.987054e+01  1.432828e+00
40  2.645635e+01  1.960617e+00
41  3.319710e+01  9.690245e+00
42  4.732595e+01  2.521858e+01
43  6.964762e+01  2.893356e+01
44  1.095140e+02  5.273474e+01
45  1.691538e+02  6.942777e+01
46  2.185244e+02  6.659762e+01
47  3.235119e+02  9.932849e+01
48  5.119580e+02  9.089979e+01
49  8.840769e+02  2.360054e+01
50  1.276826e+03  -2.154808e+01
51  1.941946e+03  1.030891e+02
52  2.419545e+03  5.652576e+02
53  3.502625e+03  1.489912e+03
54  6.752607e+03  2.906405e+03
55  1.052009e+04  3.934959e+03
56  1.853831e+04  4.477672e+03
57  3.555608e+04  1.010706e+03
58  6.792627e+04  -4.967202e+03
59  1.274027e+05  -8.663645e+03
60  2.474206e+05  -1.280163e+04
61  4.722177e+05  -2.123749e+04
62  9.080975e+05  -3.259139e+04
63  1.952312e+06  -2.484291e+04
ENDPROP
STARTPROP
MASSES:  4.200000e-03   4.500000e-02
SOURCE: GAM_2
SINKS: GAM_2
0  1.195087e+06  1.136631e+04
1  1.943815e+06  2.051377e+04
2  9.021281e+05  3.101443e+04
3  4.787720e+05  2.476195e+04
4  2.598121e+05  1.097425e+04
5  1.345383e+05  3.240729e+03
6  7.217132e+04  3.420140e+02
7  3.936272e+04  6.729768e+02
8  2.016479e+04  1.059422e+03
9  9.333321e+03  3.031072e+02
10  4.417627e+03  -5.263058e+02
11  2.309775e+03  -4.817491e+02
12  1.414436e+03  -2.206811e+02
13  8.645864e+02  2.380160e+02
14  6.612467e+02  2.785365e+02
15  3.489482e+02  2.030029e+02
16  1.431455e+02  1.257389e+02
17  1.137478e+02  2.174238e+02
18  1.220774e+02  1.765065e+02
19  6.993675e+01  7.752934e+01
20  4.573214e+01  3.564628e+01
21  3.668625e+01  1.449083e+01
22  2.327833e+01  -1.815739e+00
23  4.015373e+00  -5.881888e+00
24  -3.328401e-01  -1.092894e+00
25  -2.540345e+00  -1.467539e+00
26  -3.095500e+00  8.663990e-01
27  -2.572603e+00  1.269267e+00
28  -1.340174e+00  7.758162e-01
29  -1.173540e+00  -1.937966e+00
30  -1.755832e+00  -2.707168e+00
31  -3.434374e+00  -2.827064e+00
32  -3.376949e+00  -2.412324e+00
33  -3.369461e+00  -1.833212e+00
34  -4.160086e+00  -1.392005e+00
35  -2.666981e+00  -1.934319e+00
36  -1.461594e+00  -1.393721e+00
37  -1.485484e+00  9.218009e-03
38  -3.950809e+00  -2.791379e-01
39  -1.882022e+01  -2.179589e+00
40  -3.807780e+01  1.738925e-01
41  -4.864991e+01  2.571866e+00
42  -3.439275e+01  4.498289e+00
43  1.570361e+01  4.756847e+00
44  4.915407e+01  1.243721e+01
45  1.076334e+02  2.193655e+01
46  1.932980e+02  5.543265e+01
47  2.336453e+02  2.393638e+01
48  8.139628e+01  -9.595876e+01
49  -2.959736e+01  -2.851078e+02
50  -2.640551e+00  -4.315446e+02
51  1.793184e+00  -2.868604e+02
52  3.166331e+02  -3.173973e+02
53  2.334838e+03  1.871113e+02
54  5.634477e+03  5.860255e+02
55  1.052384e+04  -4.253788e+01
56  1.955982e+04  -3.120121e+02
57  3.704520e+04  -1.484456e+03
58  7.409471e+04  -4.858540e+03
59  1.475273e+05  -7.166733e+03
60  2.816065e+05  -6.108438e+03
61  5.082175e+05  -2.122573e+03
62  9.186944e+05  1.595049e+03
63  1.936817e+06  5.615418e+03
ENDPROP
STARTPROP
MASSES:  4.200000e-03   4.500000e-02
SOURCE: GAM_3
SINKS: GAM_3
0  1.258913e+06  -1.406144e+04
1  1.965093e+06  1.765533e+01
2  8.961108e+05  4.591430e+03
3  4.563830e+05  -2.705277e+02
4  2.395045e+05  6.916109e+02
5  1.271460e+05  3.355157e+03
6  6.207773e+04  3.886015e+03
7  2.754090e+04  2.587450e+03
8  1.303755e+04  1.040775e+03
9  6.869872e+03  5.538819e+02
10  3.855637e+03  1.100197e+03
11  2.173294e+03  9.775792e+02
12  7.444547e+02  7.182265e+02
13  2.552693e+02  3.303239e+02
14  2.796388e+02  1.096085e+02
15  3.359962e+02  1.637039e+02
16  2.610472e+02  5.354646e+01
17  1.066712e+02  -1.127615e+02
18  -1.162610e+01  -9.082280e+01
19  -9.744458e+01  -5.178371e+01
20  -5.737589e+01  2.138817e+01
21  -2.286260e+01  3.530785e+01
22  -2.696187e+01  2.036907e+01
23  -2.759279e+01  1.282425e+01
24  -1.269276e+01  3.114829e+00
25  1.614351e+00  -1.435260e+00
26  6.802378e+00  -3.452514e+00
27  5.707659e+00  1.472308e+00
28  3.711285e+00  2.630846e+00
29  2.108507e+00  1.221688e+00
30  -1.142804e-01  1.555264e+00
31  -4.286386e-01  1.634186e+00
32  -7.803113e-01  8.957264e-01
33  -1.882766e+00  9.727132e-02
34  -3.383055e+00  1.541537e+00
35  -5.084980e+00  2.767382e+00
36  -7.417671e+00  4.659812e+00
37  -1.526947e+01  8.758498e+00
38  -2.317192e+01  1.249024e+01
39  -3.441142e+01  1.575625e+01
40  -4.786730e+01  1.727881e+01
41  -7.455699e+01  1.399245e+01
42  -9.968202e+01  -6.230502e+00
43  -1.214433e+02  -1.924678e+01
44  -1.324645e+02  5.477954e+00
45  -1.096977e+02  8.626277e+01
46  -1.484786e+02  1.554543e+02
47  -1.571184e+02  2.141324e+02
48  -2.719751e+02  2.738405e+02
49  -3.305620e+02  3.360189e+02
50  -3.607607e+02  5.236336e+02
51  -3.053042e+02  4.640500e+02
52  -4.374088e+02  4.592644e+02
53  3.223602e+02  5.548344e+02
54  2.518206e+03  5.158431e+02
55  5.180532e+03  1.197194e+03
56  1.230536e+04  3.030630e+03
57  2.725575e+04  4.756773e+03
58  6.038093e+04  3.757309e+03
59  1.212240e+05  -3.870271e+03
60  2.390103e+05  -1.662587e+04
61  4.625211e+05  -3.071063e+04
62  8.832982e+05  -3.138499e+04
63  1.937255e+06  -2.351740e+04
ENDPROP
STARTPROP
MASSES:  4.200000e-03   4.500000e-02
SOURCE: GAM_4
SINKS: GAM_4
0  2.137614e+06  3.158527e+03
1  -2.858196e+05  5.088771e+03
2  -2.291432e+03  -2.174923e+02
3  2.808163e+03  7.107310e+01
4  4.420312e+03  5.845249e+02
5  4.968966e+03  1.222051e+03
6  3.514274e+03  3.017811e+02
7  2.439904e+03  6.437796e+02
8  1.812359e+03  1.100570e+03
9  1.092267e+03  8.982195e+02
10  6.751929e+02  7.428932e+02
11  4.761399e+02  4.923432e+02
12  1.551415e+02  2.635299e+02
13  -1.543716e+01  1.649665e+02
14  -6.235470e+01  7.124124e+01
15  -2.366665e+01  -1.144448e+00
16  2.277243e+01  2.859459e+01
17  -4.828551e+00  2.816810e+01
18  -8.371497e+00  6.227241e+00
19  -2.040122e+01  1.704384e+01
20  6.867281e+00  1.532697e+01
21  -2.509196e+00  2.540606e+00
22  -5.970391e+00  2.346253e+00
23  -3.962291e+00  -1.494846e+00
24  -2.804723e+00  -2.743559e+00
25  -2.925819e+00  -2.567055e+00
26  -3.267246e+00  -4.277067e+00
27  -2.228885e+00  -4.184882e+00
28  -1.870763e+00  -3.130120e+00
29  -1.832590e+00  -3.188865e+00
30  -1.776919e+00  -3.705985e+00
31  -1.746133e+00  -3.493028e+00
32  -1.365213e+00  -4.376205e+00
33  -1.226002e+00  -5.255301e+00
34  -1.362407e+00  -6.013129e+00
35  -1.065923e+00  -7.745386e+00
36  -2.351369e+00  -8.807959e+00
37  -1.632928e+00  -1.014013e+01
38  -2.496761e+00  -1.205690e+01
39  -1.474587e+00  -1.302068e+01
40  -2.421318e+00  -1.516299e+01
41  -2.156404e+00  -1.213558e+01
42  -7.299052e+00  -1.726874e+01
43  -2.338557e+01  -1.702263e+01
44  -2.104588e+01  -1.906545e+01
45  -6.342647e+01  3.595953e-01
46  -7.750243e+01  4.765467e+01
47  -1.297321e+02  1.154779e+02
48  -1.763863e+02  1.973135e+02
49  -2.173038e+02  3.863806e+02
50  -3.896288e+02  6.785877e+02
51  -3.709134e+02  1.016005e+03
52  -2.431369e+02  1.174375e+03
53  -2.740706e+02  1.792912e+03
54  3.728767e+02  2.398189e+03
55  -1.662583e+02  3.047041e+03
56  2.938043e+02  4.347815e+03
57  9.093955e+02  4.804305e+03
58  3.129639e+02  6.861027e+03
59  1.716223e+03  8.254424e+03
60  1.009748e+03  6.669366e+03
61  -3.308358e+03  9.706043e+03
62  -3.119759e+03  9.606284e+03
63  -2.866222e+05  6.331529e+03
ENDPROP
STARTPROP
MASSES:  4.200000e-03   4.500000e-02
SOURCE: GAM_5
SINKS: GAM_5
0  7.066292e+06  -1.709129e+04
1  6.992772e+06  1.215902e+04
2  4.945657e+06  3.280125e+04
3  3.532659e+06  4.608231e+04
4  2.481589e+06  3.909622e+04
5  1.712549e+06  2.991859e+04
6  1.149637e+06  2.080069e+04
7  7.658782e+05  1.174477e+04
8  5.184306e+05  5.106540e+03
9  3.593303e+05  2.405892e+03
10  2.534816e+05  2.272131e+03
11  1.782147e+05  1.013800e+03
12  1.228743e+05  2.732038e+02
13  8.379498e+04  3.105274e+02
14  5.719062e+04  4.679662e+02
15  3.803138e+04  5.868841e+02
16  2.544865e+04  5.076117e+02
17  1.757938e+04  5.052764e+02
18  1.233132e+04  4.272007e+02
19  8.566576e+03  2.970466e+02
20  5.759321e+03  1.981846e+02
21  3.942576e+03  9.498173e+01
22  2.617874e+03  -2.295617e+01
23  1.780174e+03  -5.814891e+01
24  1.247694e+03  -5.572569e+01
25  8.659225e+02  -4.343037e+01
26  5.865558e+02  -3.573147e+01
27  4.007417e+02  -2.744029e+01
28  2.877136e+02  -1.368960e+01
29  2.079869e+02  -3.472690e+00
30  1.597289e+02  -1.223075e+00
31  1.394790e+02  -1.206451e+00
32  1.378646e+02  -8.474933e-01
33  1.585620e+02  1.067476e+00
34  1.998148e+02  2.489433e+00
35  2.673186e+02  5.730528e+00
36  3.701046e+02  8.905182e+00
37  5.185734e+02  1.864142e+01
38  7.488365e+02  3.175777e+01
39  1.079314e+03  4.653111e+01
40  1.536393e+03  5.947865e+01
41  2.198977e+03  8.302153e+01
42  3.142239e+03  1.113665e+02
43  4.532915e+03  1.681953e+02
44  6.616193e+03  3.043638e+02
45  9.505276e+03  4.468542e+02
46  1.334120e+04  6.118615e+02
47  1.888180e+04  9.491372e+02
48  2.723998e+04  1.231963e+03
49  3.895935e+04  1.056463e+03
50  5.544389e+04  1.053174e+03
51  7.859629e+04  9.677002e+02
52  1.146453e+05  -9.185597e+02
53  1.686023e+05  -2.588585e+03
54  2.504250e+05  -3.137710e+03
55  3.686552e+05  -3.626727e+03
56  5.453890e+05  -5.199261e+03
57  8.031443e+05  -5.450388e+03
58  1.158121e+06  -1.068955e+04
59  1.646741e+06  -3.292111e+04
60  2.348215e+06  -5.812275e+04
61  3.375332e+06  -6.538462e+04
62  4.823233e+06  -4.891579e+04
63  6.944075e+06  -3.746191e+04
ENDPROP
STARTPROP
MASSES:  4.200000e-03   4.500000e-02
SOURCE: GAM_12
SINKS: GAM_12
0  8.888845e+05  -7.463289e+03
1  -6.776377e+05  7.336216e+03
2  -1.700688e+05  1.069218e+04
3  -7.221551e+04  4.921153e+03
4  -2.641344e+04  4.774390e+02
5  -2.414060e+03  -1.252142e+03
6  7.231202e+03  -1.600324e+03
7  4.149929e+03  -1.345866e+03
8  2.531621e+03  -1.309429e+03
9  2.074831e+03  -7.161140e+02
10  1.040618e+03  -8.067074e+02
11  2.562185e+02  -1.064304e+03
12  1.066029e+02  -5.356533e+02
13  3.208358e+02  -3.754109e+02
14  4.117670e+02  -3.174944e+02
15  2.466773e+02  -2.078509e+02
16  9.165309e+01  -2.033138e+02
17  6.319475e+00  -1.788451e+02
18  -4.790276e+01  -1.107049e+02
19  -4.025130e+01  -5.210654e+01
20  -1.825648e+01  -2.469481e+01
21  -1.379132e+01  -1.639006e+01
22  -2.521023e+01  -1.165600e+01
23  -2.253064e+01  -1.047569e+01
24  -1.073276e+01  -6.447117e+00
25  -7.280133e+00  -4.567283e+00
26  -3.027929e+00  -3.326165e+00
27  8.950545e-01  -3.742410e+00
28  2.381673e-01  -3.888844e+00
29  -1.096382e+00  -1.752580e+00
30  -1.068373e+00  -1.232322e+00
31  -6.621495e-01  -6.933180e-01
32  -2.326797e-01  -4.260272e-01
33  -3.359343e-01  -6.234265e-01
34  -1.889325e+00  1.407296e+00
35  -1.190614e+00  3.639376e+00
36  1.605983e+00  4.144243e+00
37  4.603416e-01  6.447271e+00
38  8.071560e-01  5.031046e+00
39  -2.502952e+00  4.035209e+00
40  -6.126397e+00  3.781067e+00
41  4.311638e-01  1.374675e+01
42  4.751952e+00  2.369208e+01
43  2.814627e+01  3.291103e+01
44  2.815880e+01  5.139662e+01
45  -1.457370e+01  9.566082e+01
46  -8.703748e+01  1.899432e+02
47  -9.568169e+01  1.707743e+02
48  -5.491964e+01  2.715041e+02
49  -5.770016e+01  4.514815e+02
50  -1.478428e+02  6.531364e+02
51  -4.851841e+02  1.075428e+03
52  -8.705406e+02  1.367132e+03
53  -1.255390e+03  1.313608e+03
54  -1.818529e+03  8.888521e+02
55  -1.770622e+03  3.929825e+02
56  -2.496894e+03  -5.827657e+02
57  -1.004212e+03  -1.823256e+03
58  3.326892e+03  -2.229344e+03
59  3.280057e+03  -3.987537e+03
60  -1.059752e+04  -5.765855e+03
61  -5.334807e+04  -1.100901e+04
62  -1.476540e+05  -1.362247e+04
63  -6.666696e+05  -1.540765e+04
ENDPROP
STARTPROP
MASSES:  4.200000e-03   4.500000e-02
SOURCE: GAM_21
SINKS: GAM_21
0  8.888845e+05  -7.463289e+03
1  -6.776377e+05  7.336216e+03
2  -1.700688e+05  1.069218e+04
3  -7.221551e+04  4.921153e+03
4  -2.641344e+04  4.774390e+02
5  -2.414060e+03  -1.252142e+03
6  7.231202e+03  -1.600324e+03
7  4.149929e+03  -1.345866e+03
8  2.531621e+03  -1.309429e+03
9  2.074831e+03  -7.161140e+02
10  1.040618e+03  -8.067074e+02
11  2.562185e+02  -1.064304e+03
12  1.066029e+02  -5.356533e+02
13  3.208358e+02  -3.754109e+02
14  4.117670e+02  -3.174944e+02
15  2.466773e+02  -2.078509e+02
16  9.165309e+01  -2.033138e+02
17  6.319475e+00  -1.788451e+02
18  -4.790276e+01  -1.107049e+02
19  -4.025130e+01  -5.210654e+01
20  -1.825648e+01  -2.469481e+01
21  -1.379132e+01  -1.639006e+01
22  -2.521023e+01  -1.165600e+01
23  -2.253064e+01  -1.047569e+01
24  -1.073276e+01  -6.447117e+00
25  -7.280133e+00  -4.567283e+00
26  -3.027929e+00  -3.326165e+00
27  8.950545e-01  -3.742410e+00
28  2.381673e-01  -3.888844e+00
29  -1.096382e+00  -1.752580e+00
30  -1.068373e+00  -1.232322e+00
31  -6.621495e-01  -6.933180e-01
32  -2.326797e-01  -4.260272e-01
33  -3.359343e-01  -6.234265e-01
34  -1.889325e+00  1.407296e+00
35  -1.190614e+00  3.639376e+00
36  1.605983e+00  4.144243e+00
37  4.603416e-01  6.447271e+00
38  8.071560e-01  5.031046e+00
39  -2.502952e+00  4.035209e+00
40  -6.126397e+00  3.781067e+00
41  4.311638e-01  1.374675e+01
42  4.751952e+00  2.369208e+01
43  2.814627e+01  3.291103e+01
44  2.815880e+01  5.139662e+01
45  -1.457370e+01  9.566082e+01
46  -8.703748e+01  1.899432e+02
47  -9.568169e+01  1.707743e+02
48  -5.491964e+01  2.715041e+02
49  -5.770016e+01  4.514815e+02
50  -1.478428e+02  6.531364e+02
51  -4.851841e+02  1.075428e+03
52  -8.705406e+02  1.367132e+03
53  -1.255390e+03  1.313608e+03
54  -1.818529e+03  8.888521e+02
55  -1.770622e+03  3.929825e+02
56  -2.496894e+03  -5.827657e+02
57  -1.004212e+03  -1.823256e+03
58  3.326892e+03  -2.229344e+03
59  3.280057e+03  -3.987537e+03
60  -1.059752e+04  -5.765855e+03
61  -5.334807e+04  -1.100901e+04
62  -1.476540e+05  -1.362247e+04
63  -6.666696e+05  -1.540765e+04
ENDPROP
STARTPROP
MASSES:  4.200000e-03   4.500000e-02
SOURCE: GAM_13
SINKS: GAM_13
0  8.018766e+05  1.946752e+04
1  -7.050013e+05  1.217279e+04
2  -1.500602e+05  1.446510e+03
3  -4.471625e+04  -8.199108e+02
4  -1.429478e+04  1.065953e+03
5  -9.213951e+03  2.125594e+03
6  -4.610777e+03  1.512565e+03
7  -1.522406e+03  1.837749e+03
8  -1.825271e+03  2.830952e+03
9  -1.507963e+03  2.588591e+03
10  -7.370262e+02  1.280429e+03
11  -7.907300e+02  6.215453e+02
12  -4.730174e+02  -1.032180e+01
13  -5.169410e+02  -3.869505e+02
14  -4.264633e+02  -1.916847e+02
15  -2.015443e+02  -1.092588e+02
16  -1.702980e+02  -4.186634e+01
17  -6.612908e+01  -3.181585e+01
18  -9.240652e+00  -4.856546e+01
19  1.979910e+01  -4.231372e+01
20  1.203591e+01  -5.406931e+01
21  2.277998e+00  -4.391970e+01
22  1.665730e+00  -2.071317e+01
23  -2.818332e+00  -1.182891e+01
24  -8.295897e+00  -7.182414e+00
25  -7.079862e+00  -9.890683e-01
26  -3.459250e+00  1.100844e-01
27  -2.187805e+00  3.527074e+00
28  -9.844450e-01  3.091213e+00
29  4.192631e-01  1.459441e+00
30  1.088722e+00  1.369344e+00
31  1.649487e+00  5.283306e-01
32  1.574644e+00  -2.173609e-01
33  2.482017e+00  -4.809157e-01
34  4.212704e+00  -1.508709e+00
35  4.950398e+00  -3.392954e+00
36  4.126840e+00  -3.697905e+00
37  3.329954e+00  -3.811381e+00
38  3.855658e-01  -3.504561e+00
39  4.740473e+00  -4.808509e+00
40  4.081849e+00  -2.134810e+00
41  7.001293e+00  6.836661e-01
42  -2.696719e+00  -1.343709e+01
43  -2.957846e+01  -2.239212e+01
44  -4.685609e+01  -1.198079e+01
45  -4.706559e+01  -1.712224e+01
46  -6.893690e+01  1.870792e+00
47  -2.579022e+01  -5.569499e+01
48  6.140762e+01  -5.270432e+01
49  1.220454e+02  2.617319e+01
50  1.895240e+02  2.971129e+01
51  2.408755e+02  -1.606446e+02
52  -3.538678e+01  -2.503392e+02
53  -5.210915e+02  -2.581467e+02
54  -7.036115e+02  2.886849e+01
55  -7.691129e+02  3.932296e+02
56  -1.188808e+03  9.475608e+02
57  -2.517568e+03  8.889626e+02
58  -3.329541e+03  1.009376e+03
59  -6.451556e+03  7.940730e+02
60  -2.164057e+04  -1.628986e+02
61  -5.850264e+04  4.319091e+03
62  -1.482593e+05  1.391816e+04
63  -7.026711e+05  1.766456e+04
ENDPROP
STARTPROP
MASSES:  4.200000e-03   4.500000e-02
SOURCE: GAM_31
SINKS: GAM_31
0  8.018766e+05  1.946752e+04
1  -7.050013e+05  1.217279e+04
2  -1.500602e+05  1.446510e+03
3  -4.471625e+04  -8.199108e+02
4  -1.429478e+04  1.065953e+03
5  -9.213951e+03  2.125594e+03
6  -4.610777e+03  1.512565e+03
7  -1.522406e+03  1.837749e+03
8  -1.825271e+03  2.830952e+03
9  -1.507963e+03  2.588591e+03
10  -7.370262e+02  1.280429e+03
11  -7.907300e+02  6.215453e+02
12  -4.730174e+02  -1.032180e+01
13  -5.169410e+02  -3.869505e+02
14  -4.264633e+02  -1.916847e+02
15  -2.015443e+02  -1.092588e+02
16  -1.702980e+02  -4.186634e+01
17  -6.612908e+01  -3.181585e+01
18  -9.240652e+00  -4.856546e+01
19  1.979910e+01  -4.231372e+01
20  1.203591e+01  -5.406931e+01
21  2.277998e+00  -4.391970e+01
22  1.665730e+00  -2.071317e+01
23  -2.818332e+00  -1.182891e+01
24  -8.295897e+00  -7.182414e+00
25  -7.079862e+00  -9.890683e-01
26  -3.459250e+00  1.100844e-01
27  -2.187805e+00  3.527074e+00
28  -9.844450e-01  3.091213e+00
29  4.192631e-01  1.459441e+00
30  1.088722e+00  1.369344e+00
31  1.649487e+00  5.283306e-01
32  1.574644e+00  -2.173609e-01
33  2.482017e+00  -4.809157e-01
34  4.212704e+00  -1.508709e+00
35  4.950398e+00  -3.392954e+00
36  4.126840e+00  -3.697905e+00
37  3.329954e+00  -3.811381e+00
38  3.855658e-01  -3.504561e+00
39  4.740473e+00  -4.808509e+00
40  4.081849e+00  -2.134810e+00
41  7.001293e+00  6.836661e-01
42  -2.696719e+00  -1.343709e+01
43  -2.957846e+01  -2.239212e+01
44  -4.685609e+01  -1.198079e+01
45  -4.706559e+01  -1.712224e+01
46  -6.893690e+01  1.870792e+00
47  -2.579022e+01  -5.569499e+01
48  6.140762e+01  -5.270432e+01
49  1.220454e+02  2.617319e+01
50  1.895240e+02  2.971129e+01
51  2.408755e+02  -1.606446e+02
52  -3.538678e+01  -2.503392e+02
53  -5.210915e+02  -2.581467e+02
54  -7.036115e+02  2.886849e+01
55  -7.691129e+02  3.932296e+02
56  -1.188808e+03  9.475608e+02
57  -2.517568e+03  8.889626e+02
58  -3.329541e+03  1.009376e+03
59  -6.451556e+03  7.940730e+02
60  -2.164057e+04  -1.628986e+02
61  -5.850264e+04  4.319091e+03
62  -1.482593e+05  1.391816e+04
63  -7.026711e+05  1.766456e+04
ENDPROP
STARTPROP
MASSES:  4.200000e-03   4.500000e-02
SOURCE: GAM_14
SINKS: GAM_14
0  4.038373e+04  -3.345293e+03
1  1.352432e+06  -3.340832e+03
2  5.612353e+05  2.252051e+03
3  2.859624e+05  -7.243438e+03
4  1.495260e+05  -7.213159e+03
5  7.263501e+04  -7.843064e+03
6  3.240059e+04  -5.072467e+03
7  1.671165e+04  -3.642461e+03
8  7.127444e+03  -1.679005e+03
9  3.024005e+03  -1.896476e+02
10  5.740166e+02  -2.422618e+01
11  -2.459695e+01  -1.851093e+02
12  2.180708e+02  -4.428327e+02
13  9.942533e+01  -2.437515e+02
14  -3.285420e+02  -2.426631e+02
15  -3.912978e+02  -1.279405e+02
16  -2.065376e+02  -6.623944e+01
17  -1.848133e+02  5.055516e+00
18  -1.043191e+02  -2.221001e+00
19  -6.044415e+01  -4.216045e+00
20  -2.738018e+01  -1.270295e+01
21  -1.267418e+01  -9.805829e+00
22  -1.380379e+01  -5.046313e+00
23  -1.458687e+01  -5.324187e-02
24  -8.780838e+00  7.622895e+00
25  4.086205e-01  9.510829e+00
26  2.832385e+00  6.166601e+00
27  5.008374e-01  7.350399e+00
28  -1.218603e+00  7.126405e+00
29  -1.825083e+00  3.523098e+00
30  -5.627713e-01  2.492998e+00
31  -9.319155e-02  9.382769e-01
32  -4.397076e-01  -2.325885e-01
33  -9.186125e-01  -1.203409e+00
34  -1.515881e+00  -1.392916e+00
35  -1.463980e+00  -1.703838e+00
36  -2.637952e-01  -1.854025e+00
37  1.103181e+00  -9.891165e-01
38  4.757290e+00  -1.592785e+00
39  1.584100e+01  1.712799e-01
40  2.581209e+01  1.020450e+01
41  4.915896e+01  1.620879e+01
42  4.483643e+01  2.189828e+01
43  5.234761e+01  1.134321e+01
44  7.657712e+01  -5.132217e+00
45  8.293854e+01  -2.117849e+01
46  1.834262e+02  -1.401978e+01
47  2.580894e+02  -2.767872e+00
48  2.012623e+02  -1.817932e+02
49  9.618744e+01  -2.780082e+02
50  3.226899e+02  -2.217042e+02
51  1.068509e+03  -3.613489e+02
52  1.412596e+03  -3.584291e+02
53  1.910025e+03  -3.207939e+01
54  2.846748e+03  4.425064e+02
55  4.333748e+03  8.450100e+02
56  8.307683e+03  3.136965e+02
57  1.436896e+04  -1.918021e+03
58  3.639112e+04  -2.562255e+03
59  7.580719e+04  -6.997725e+03
60  1.513696e+05  -1.594636e+04
61  3.060339e+05  -2.754822e+04
62  5.740543e+05  -2.678588e+04
63  1.345604e+06  -1.212288e+04
ENDPROP
STARTPROP
MASSES:  4.200000e-03   4.500000e-02
SOURCE: GAM_41
SINKS: GAM_41
0  4.038373e+04  -3.345293e+03
1  1.352432e+06  -3.340832e+03
2  5.612353e+05  2.252051e+03
3  2.859624e+05  -7.243438e+03
4  1.495260e+05  -7.213159e+03
5  7.263501e+04  -7.843064e+03
6  3.240059e+04  -5.072467e+03
7  1.671165e+04  -3.642461e+03
8  7.127444e+03  -1.679005e+03
9  3.024005e+03  -1.896476e+02
10  5.740166e+02  -2.422618e+01
11  -2.459695e+01  -1.851093e+02
12  2.180708e+02  -4.428327e+02
13  9.942533e+01  -2.437515e+02
14  -3.285420e+02  -2.426631e+02
15  -3.912978e+02  -1.279405e+02
16  -2.065376e+02  -6.623944e+01
17  -1.848133e+02  5.055516e+00
18  -1.043191e+02  -2.221001e+00
19  -6.044415e+01  -4.216045e+00
20  -2.738018e+01  -1.270295e+01
21  -1.267418e+01  -9.805829e+00
22  -1.380379e+01  -5.046313e+00
23  -1.458687e+01  -5.324187e-02
24  -8.780838e+00  7.622895e+00
25  4.086205e-01  9.510829e+00
26  2.832385e+00  6.166601e+00
27  5.008374e-01  7.350399e+00
28  -1.218603e+00  7.126405e+00
29  -1.825083e+00  3.523098e+00
30  -5.627713e-01  2.492998e+00
31  -9.319155e-02  9.382769e-01
32  -4.397076e-01  -2.325885e-01
33  -9.186125e-01  -1.203409e+00
34  -1.515881e+00  -1.392916e+00
35  -1.463980e+00  -1.703838e+00
36  -2.637952e-01  -1.854025e+00
37  1.103181e+00  -9.891165e-01
38  4.757290e+00  -1.592785e+00
39  1.584100e+01  1.712799e-01
40  2.581209e+01  1.020450e+01
41  4.915896e+01  1.620879e+01
42  4.483643e+01  2.189828e+01
43  5.234761e+01  1.134321e+01
44  7.657712e+01  -5.132217e+00
45  8.293854e+01  -2.117849e+01
46  1.834262e+02  -1.401978e+01
47  2.580894e+02  -2.767872e+00
48  2.012623e+02  -1.817932e+02
49  9.618744e+01  -2.780082e+02
50  3.226899e+02  -2.217042e+02
51  1.068509e+03  -3.613489e+02
52  1.412596e+03  -3.584291e+02
53  1.910025e+03  -3.207939e+01
54  2.846748e+03  4.425064e+02
55  4.333748e+03  8.450100e+02
56  8.307683e+03  3.136965e+02
57  1.436896e+04  -1.918021e+03
58  3.639112e+04  -2.562255e+03
59  7.580719e+04  -6.997725e+03
60  1.513696e+05  -1.594636e+04
61  3.060339e+05  -2.754822e+04
62  5.740543e+05  -2.678588e+04
63  1.345604e+06  -1.212288e+04
ENDPROP
STARTPROP
MASSES:  4.200000e-03   4.500000e-02
SOURCE: GAM_23
SINKS: GAM_23
0  8.022850e+05  -1.903411e+04
1  -7.416928e+05  -1.215811e+04
2  -2.017109e+05  -1.367695e+04
3  -7.478523e+04  -1.216093e+04
4  -2.134612e+04  -6.174061e+03
5  -4.961117e+03  -1.626548e+03
6  -1.082467e+03  5.834134e+01
7  4.264020e+02  5.176111e+02
8  6.227141e+02  -2.941276e+01
9  1.359989e+03  -3.852510e+02
10  4.817088e+02  -1.616850e+02
11  2.149471e+02  1.156022e+02
12  -7.679195e+01  -2.251610e+01
13  1.877149e+01  2.631351e+02
14  1.861999e+02  2.328771e+02
15  7.961476e+01  1.706020e+02
16  4.056264e+01  9.482034e+01
17  5.870474e+01  5.168834e+01
18  7.061544e+01  -1.397892e+01
19  7.562140e+01  -3.095042e+00
20  4.757663e+01  -2.096767e+01
21  2.055269e+01  -3.095780e+01
22  1.714512e+00  -1.779949e+01
23  -6.574359e+00  -1.148898e+01
24  -9.399333e+00  -4.506454e+00
25  -6.463891e+00  -1.825954e+00
26  2.366435e-01  1.589719e+00
27  3.654577e-01  1.876386e+00
28  1.871338e+00  2.454214e+00
29  7.789143e-02  3.474348e+00
30  -4.422212e-01  3.038830e+00
31  7.693392e-02  1.840648e+00
32  2.153779e-01  1.913337e+00
33  -8.590286e-01  1.837412e+00
34  -1.614513e+00  2.263991e+00
35  -2.504977e+00  2.998566e+00
36  -3.328204e+00  2.829450e+00
37  -4.722274e+00  3.512938e-01
38  -4.185912e+00  -2.356890e-01
39  -4.846493e+00  -1.290114e+00
40  3.960109e+00  -2.326935e+00
41  2.404735e+01  -4.926263e+00
42  3.128420e+01  -5.958694e+00
43  4.962371e+01  -3.348049e+00
44  6.459812e+01  1.477741e+01
45  3.192680e+01  -6.480538e+00
46  8.870660e+00  -2.268872e+01
47  5.303402e+01  -1.543605e+01
48  -7.988411e+01  -2.486121e+01
49  -2.232129e+02  5.719074e+01
50  -3.844147e+02  1.720227e+02
51  -3.050322e+02  2.978849e+02
52  -6.948425e+02  4.542911e+02
53  -4.389026e+02  6.590506e+02
54  -2.111146e+02  9.971173e+02
55  -1.182522e+03  5.101572e+02
56  -1.525884e+03  -2.637070e+02
57  -2.685043e+03  -1.697028e+03
58  -5.097097e+03  -1.767982e+03
59  -1.220608e+04  -3.182113e+03
60  -3.344996e+04  -5.425734e+03
61  -7.932136e+04  -8.462859e+03
62  -1.799545e+05  -9.830162e+03
63  -7.183033e+05  -1.949775e+04
ENDPROP
STARTPROP
MASSES:  4.200000e-03   4.500000e-02
SOURCE: GAM_32
SINKS: GAM_32
0  8.022850e+05  -1.903411e+04
1  -7.416928e+05  -1.215811e+04
2  -2.017109e+05  -1.367695e+04
3  -7.478523e+04  -1.216093e+04
4  -2.134612e+04  -6.174061e+03
5  -4.961117e+03  -1.626548e+03
6  -1.082467e+03  5.834134e+01
7  4.264020e+02  5.176111e+02
8  6.227141e+02  -2.941276e+01
9  1.359989e+03  -3.852510e+02
10  4.817088e+02  -1.616850e+02
11  2.149471e+02  1.156022e+02
12  -7.679195e+01  -2.251610e+01
13  1.877149e+01  2.631351e+02
14  1.861999e+02  2.328771e+02
15  7.961476e+01  1.706020e+02
16  4.056264e+01  9.482034e+01
17  5.870474e+01  5.168834e+01
18  7.061544e+01  -1.397892e+01
19  7.562140e+01  -3.095042e+00
20  4.757663e+01  -2.096767e+01
21  2.055269e+01  -3.095780e+01
22  1.714512e+00  -1.779949e+01
23  -6.574359e+00  -1.148898e+01
24  -9.399333e+00  -4.506454e+00
25  -6.463891e+00  -1.825954e+00
26  2.366435e-01  1.589719e+00
27  3.654577e-01  1.876386e+00
28  1.871338e+00  2.454214e+00
29  7.789143e-02  3.474348e+00
30  -4.422212e-01  3.038830e+00
31  7.693392e-02  1.840648e+00
32  2.153779e-01  1.913337e+00
33  -8.590286e-01  1.837412e+00
34  -1.614513e+00  2.263991e+00
35  -2.504977e+00  2.998566e+00
36  -3.328204e+00  2.829450e+00
37  -4.722274e+00  3.512938e-01
38  -4.185912e+00  -2.356890e-01
39  -4.846493e+00  -1.290114e+00
40  3.960109e+00  -2.326935e+00
41  2.404735e+01  -4.926263e+00
42  3.128420e+01  -5.958694e+00
43  4.962371e+01  -3.348049e+00
44  6.459812e+01  1.477741e+01
45  3.192680e+01  -6.480538e+00
46  8.870660e+00  -2.268872e+01
47  5.303402e+01  -1.543605e+01
48  -7.988411e+01  -2.486121e+01
49  -2.232129e+02  5.719074e+01
50  -3.844147e+02  1.720227e+02
51  -3.050322e+02  2.978849e+02
52  -6.948425e+02  4.542911e+02
53  -4.389026e+02  6.590506e+02
54  -2.111146e+02  9.971173e+02
55  -1.182522e+03  5.101572e+02
56  -1.525884e+03  -2.637070e+02
57  -2.685043e+03  -1.697028e+03
58  -5.097097e+03  -1.767982e+03
59  -1.220608e+04  -3.182113e+03
60  -3.344996e+04  -5.425734e+03
61  -7.932136e+04  -8.462859e+03
62  -1.799545e+05  -9.830162e+03
63  -7.183033e+05  -1.949775e+04
ENDPROP
STARTPROP
MASSES:  4.200000e-03   4.500000e-02
SOURCE: GAM_24
SINKS: GAM_24
0  7.191679e+04  6.584729e+03
1  1.356959e+06  3.522939e+02
2  5.580624e+05  -4.862951e+03
3  2.754839e+05  -7.668745e+03
4  1.313536e+05  -4.116041e+03
5  5.923441e+04  -8.145667e+02
6  2.531196e+04  6.517073e+02
7  1.142903e+04  -1.514380e+00
8  4.095008e+03  -4.545367e+02
9  1.520708e+03  -8.356563e+02
10  1.189159e+03  -5.518556e+02
11  1.111732e+03  -5.365617e+02
12  9.112820e+02  -3.862105e+01
13  5.095096e+02  1.097626e+02
14  3.679556e+02  4.458772e+01
15  1.752856e+02  -9.462313e+01
16  1.090898e+02  -2.413874e+02
17  1.094395e+02  -1.474447e+02
18  6.028654e+01  -1.071894e+02
19  2.950109e+01  -8.401468e+01
20  1.940795e+01  -6.308422e+01
21  2.361131e+01  -2.705731e+01
22  1.661228e+01  -1.309206e+01
23  7.074382e+00  -1.175216e+01
24  1.319527e+01  -1.024380e+01
25  1.039805e+01  -9.272603e+00
26  8.700990e+00  -8.547860e+00
27  5.086558e+00  -5.867535e+00
28  2.339059e+00  -2.967121e+00
29  1.705585e+00  -2.214772e+00
30  3.843595e-01  -2.527741e+00
31  5.050085e-01  -1.224599e+00
32  3.708714e-01  -8.003587e-01
33  1.052934e+00  -5.510286e-01
34  2.784375e+00  -6.741480e-02
35  3.725160e+00  1.164373e+00
36  2.653304e+00  3.190924e+00
37  5.968563e-01  5.678977e+00
38  -4.007019e+00  8.969879e+00
39  -1.062260e+01  7.184587e+00
40  -3.040789e+01  1.010871e+01
41  -4.039337e+01  1.719520e+01
42  -5.197385e+01  1.783880e+01
43  -5.146437e+01  3.374600e+01
44  -3.943085e+01  6.380202e+01
45  1.797739e+01  7.962676e+01
46  7.175518e+01  1.282578e+02
47  9.538680e+01  1.202850e+02
48  1.031062e+01  1.505184e+02
49  -2.097900e+01  1.246289e+02
50  -1.543767e+01  1.026478e+02
51  -2.848742e+01  1.688352e+02
52  1.577302e+02  5.414588e+02
53  5.968071e+02  2.156317e+02
54  1.820788e+03  -1.755317e+01
55  5.419458e+03  3.839802e+02
56  8.424583e+03  -1.097806e+03
57  1.889788e+04  -3.853096e+03
58  4.187863e+04  -4.300360e+03
59  7.663477e+04  -5.615695e+03
60  1.468925e+05  -8.894500e+03
61  2.954768e+05  -1.561891e+04
62  5.668435e+05  -1.489407e+04
63  1.355075e+06  2.057644e+02
ENDPROP
STARTPROP
MASSES:  4.200000e-03   4.500000e-02
SOURCE: GAM_42
SINKS: GAM_42
0  7.191679e+04  6.584729e+03
1  1.356959e+06  3.522939e+02
2  5.580624e+05  -4.862951e+03
3  2.754839e+05  -7.668745e+03
4  1.313536e+05  -4.116041e+03
5  5.923441e+04  -8.145667e+02
6  2.531196e+04  6.517073e+02
7  1.142903e+04  -1.514380e+00
8  4.095008e+03  -4.545367e+02
9  1.520708e+03  -8.356563e+02
10  1.189159e+03  -5.518556e+02
11  1.111732e+03  -5.365617e+02
12  9.112820e+02  -3.862105e+01
13  5.095096e+02  1.097626e+02
14  3.679556e+02  4.458772e+01
15  1.752856e+02  -9.462313e+01
16  1.090898e+02  -2.413874e+02
17  1.094395e+02  -1.474447e+02
18  6.028654e+01  -1.071894e+02
19  2.950109e+01  -8.401468e+01
20  1.940795e+01  -6.308422e+01
21  2.361131e+01  -2.705731e+01
22  1.661228e+01  -1.309206e+01
23  7.074382e+00  -1.175216e+01
24  1.319527e+01  -1.024380e+01
25  1.039805e+01  -9.272603e+00
26  8.700990e+00  -8.547860e+00
27  5.086558e+00  -5.867535e+00
28  2.339059e+00  -2.967121e+00
29  1.705585e+00  -2.214772e+00
30  3.843595e-01  -2.527741e+00
31  5.050085e-01  -1.224599e+00
32  3.708714e-01  -8.003587e-01
33  1.052934e+00  -5.510286e-01
34  2.784375e+00  -6.741480e-02
35  3.725160e+00  1.164373e+00
36  2.653304e+00  3.190924e+00
37  5.968563e-01  5.678977e+00
38  -4.007019e+00  8.969879e+00
39  -1.062260e+01  7.184587e+00
40  -3.040789e+01  1.010871e+01
41  -4.039337e+01  1.719520e+01
42  -5.197385e+01  1.783880e+01
43  -5.146437e+01  3.374600e+01
44  -3.943085e+01  6.380202e+01
45  1.797739e+01  7.962676e+01
46  7.175518e+01  1.282578e+02
47  9.538680e+01  1.202850e+02
48  1.031062e+01  1.505184e+02
49  -2.097900e+01  1.246289e+02
50  -1.543767e+01  1.026478e+02
51  -2.848742e+01  1.688352e+02
52  1.577302e+02  5.414588e+02
53  5.968071e+02  2.156317e+02
54  1.820788e+03  -1.755317e+01
55  5.419458e+03  3.839802e+02
56  8.424583e+03  -1.097806e+03
57  1.889788e+04  -3.853096e+03
58  4.187863e+04  -4.300360e+03
59  7.663477e+04  -5.615695e+03
60  1.468925e+05  -8.894500e+03
61  2.954768e+05  -1.561891e+04
62  5.668435e+05  -1.489407e+04
63  1.355075e+06  2.057644e+02
ENDPROP
STARTPROP
MASSES:  4.200000e-03   4.500000e-02
SOURCE: GAM_34
SINKS: GAM_34
0  -2.164295e+04  1.553143e+04
1  1.335703e+06  1.339150e+04
2  5.520881e+05  1.125134e+04
3  2.720596e+05  7.792426e+03
4  1.334399e+05  5.948268e+03
5  6.836757e+04  2.918065e+03
6  3.095750e+04  8.810925e+02
7  1.383518e+04  9.061768e+02
8  7.162542e+03  1.840505e+02
9  4.117722e+03  -5.031458e+02
10  1.817291e+03  -6.858496e+02
11  7.557366e+02  9.648488e+01
12  -1.047031e+02  4.951500e+02
13  -2.554285e+02  2.981745e+02
14  2.386519e-01  2.329521e+02
15  8.292346e+01  1.818426e+02
16  1.768837e+02  1.032537e+02
17  4.913718e+01  -2.536669e+01
18  2.721295e+01  -2.229048e+00
19  -3.206648e+01  2.573121e+01
20  -3.943452e+01  4.658836e+01
21  -2.541469e+01  3.422917e+01
22  -1.479490e+01  2.105445e+01
23  -1.173852e+01  1.044099e+01
24  -6.662652e+00  5.063067e+00
25  -2.407449e+00  4.495574e+00
26  -3.234730e+00  1.760848e+00
27  -1.233682e+00  -3.574236e-01
28  -1.644103e-01  2.139519e+00
29  -1.027910e+00  1.874070e+00
30  -8.141392e-01  2.171497e+00
31  -2.632192e+00  2.620135e+00
32  -3.453662e+00  1.949929e+00
33  -2.563743e+00  1.553552e+00
34  -1.540802e+00  9.583628e-01
35  -1.277295e+00  -4.390796e-01
36  -1.206968e+00  -1.535091e+00
37  -7.188262e-01  -1.209242e+00
38  -1.951443e+00  -1.947316e+00
39  -4.928685e-01  -2.876601e+00
40  5.713810e+00  -3.672295e+00
41  9.417331e+00  -1.759078e+01
42  5.589866e+00  -3.122991e+01
43  -2.839761e+01  -1.301425e+01
44  -7.227147e+01  1.843277e+01
45  -7.171541e+01  4.430897e+01
46  -6.733157e+01  1.075838e+02
47  -2.336888e+01  1.968567e+02
48  -7.636091e+01  2.624437e+02
49  9.607888e+01  3.358750e+02
50  2.094310e+02  3.194317e+02
51  2.141467e+02  3.574151e+02
52  2.181487e+02  1.096594e+02
53  3.888135e+02  -4.872133e+02
54  2.131131e+03  -2.623680e+02
55  4.029498e+03  6.126896e+02
56  8.813219e+03  9.432370e+02
57  1.683593e+04  2.037687e+03
58  3.275382e+04  3.567178e+03
59  6.809334e+04  2.061049e+03
60  1.398051e+05  3.063666e+03
61  2.820140e+05  4.926653e+03
62  5.348857e+05  4.962322e+03
63  1.303638e+06  1.046325e+04
ENDPROP
STARTPROP
MASSES:  4.200000e-03   4.500000e-02
SOURCE: GAM_43
SINKS: GAM_43
0  -2.164295e+04  1.553143e+04
1  1.335703e+06  1.339150e+04
2  5.520881e+05  1.125134e+04
3  2.720596e+05  7.792426e+03
4  1.334399e+05  5.948268e+03
5  6.836757e+04  2.918065e+03
6  3.095750e+04  8.810925e+02
7  1.383518e+04  9.061768e+02
8  7.162542e+03  1.840505e+02
9  4.117722e+03  -5.031458e+02
10  1.817291e+03  -6.858496e+02
11  7.557366e+02  9.648488e+01
12  -1.047031e+02  4.951500e+02
13  -2.554285e+02  2.981745e+02
14  2.386519e-01  2.329521e+02
15  8.292346e+01  1.818426e+02
16  1.768837e+02  1.032537e+02
17  4.913718e+01  -2.536669e+01
18  2.721295e+01  -2.229048e+00
19  -3.206648e+01  2.573121e+01
20  -3.943452e+01  4.658836e+01
21  -2.541469e+01  3.422917e+01
22  -1.479490e+01  2.105445e+01
23  -1.173852e+01  1.044099e+01
24  -6.662652e+00  5.063067e+00
25  -2.407449e+00  4.495574e+00
26  -3.234730e+00  1.760848e+00
27  -1.233682e+00  -3.574236e-01
28  -1.644103e-01  2.139519e+00
29  -1.027910e+00  1.874070e+00
30  -8.141392e-01  2.171497e+00
31  -2.632192e+00  2.620135e+00
32  -3.453662e+00  1.949929e+00
33  -2.563743e+00  1.553552e+00
34  -1.540802e+00  9.583628e-01
35  -1.277295e+00  -4.390796e-01
36  -1.206968e+00  -1.535091e+00
37  -7.188262e-01  -1.209242e+00
38  -1.951443e+00  -1.947316e+00
39  -4.928685e-01  -2.876601e+00
40  5.713810e+00  -3.672295e+00
41  9.417331e+00  -1.759078e+01
42  5.589866e+00  -3.122991e+01
43  -2.839761e+01  -1.301425e+01
44  -7.227147e+01  1.843277e+01
45  -7.171541e+01  4.430897e+01
46  -6.733157e+01  1.075838e+02
47  -2.336888e+01  1.968567e+02
48  -7.636091e+01  2.624437e+02
49  9.607888e+01  3.358750e+02
50  2.094310e+02  3.194317e+02
51  2.141467e+02  3.574151e+02
52  2.181487e+02  1.096594e+02
53  3.888135e+02  -4.872133e+02
54  2.131131e+03  -2.623680e+02
55  4.029498e+03  6.126896e+02
56  8.813219e+03  9.432370e+02
57  1.683593e+04  2.037687e+03
58  3.275382e+04  3.567178e+03
59  6.809334e+04  2.061049e+03
60  1.398051e+05  3.063666e+03
61  2.820140e+05  4.926653e+03
62  5.348857e+05  4.962322e+03
63  1.303638e+06  1.046325e+04
ENDPROP
STARTPROP
MASSES:  4.200000e-03   4.500000e-02
SOURCE: GAM_15
SINKS: GAM_15
0  -5.902714e+04  -1.060352e+04
1  -1.048104e+06  -1.329018e+04
2  -3.415499e+05  -1.145712e+04
3  -1.366352e+05  -8.928519e+03
4  -5.630100e+04  -3.333009e+03
5  -2.647906e+04  1.772072e+03
6  -1.137374e+04  4.273273e+02
7  -6.382312e+03  5.269396e+02
8  -3.183529e+03  1.436733e+03
9  -1.000805e+03  1.032493e+03
10  1.084683e+02  6.088743e+02
11  4.522576e+02  7.449771e+02
12  1.856937e+02  9.992720e+02
13  -1.893512e+02  9.165238e+02
14  -2.224696e+02  7.170597e+02
15  -1.767220e+02  4.293425e+02
16  5.272987e+00  2.367621e+02
17  2.248493e+01  1.231823e+02
18  -5.046473e+01  6.750480e+01
19  -7.422121e+01  1.370139e+01
20  -4.126073e+01  -2.547217e+01
21  -7.834410e+00  -1.996290e+01
22  -5.637308e+00  -9.615546e+00
23  -1.240172e+01  -5.269734e+00
24  -1.614741e+01  -6.279730e-01
25  -1.208555e+01  3.246100e+00
26  -6.518805e+00  2.670897e+00
27  -4.480893e+00  2.494987e+00
28  -4.564369e+00  2.350650e+00
29  -1.468888e+00  2.455457e+00
30  -4.676556e-01  3.251078e+00
31  9.661130e-02  2.231248e+00
32  5.889241e-01  1.557669e+00
33  -7.025409e-01  1.601038e+00
34  -2.328746e+00  1.670130e+00
35  -5.354133e+00  1.672478e+00
36  -5.918103e+00  3.884374e-01
37  -6.412051e+00  -5.288617e+00
38  -7.458377e+00  -8.020329e+00
39  -9.295600e+00  -5.866170e+00
40  -9.162435e+00  -1.086152e+01
41  -2.170479e+01  -7.270343e+00
42  -1.928306e+01  5.900566e+00
43  -6.122669e+00  2.087913e+01
44  -4.921854e+01  3.376663e+01
45  -1.647188e+02  1.687500e+01
46  -2.528912e+02  6.251334e+01
47  -2.524080e+02  1.816304e+02
48  -3.145659e+02  4.125408e+02
49  -3.440781e+02  4.747623e+02
50  -2.848649e+02  5.007528e+02
51  9.684934e+01  6.069265e+02
52  3.400970e+02  5.321298e+02
53  9.268441e+02  1.028502e+03
54  9.201706e+02  1.386273e+03
55  6.904896e+02  1.837584e+03
56  1.240590e+03  2.761183e+03
57  1.910135e+03  2.553711e+03
58  1.437627e+03  4.321849e+03
59  -8.240736e+03  7.319915e+03
60  -5.304972e+04  5.634129e+03
61  -1.418347e+05  6.814481e+03
62  -3.390356e+05  3.452166e+03
63  -1.052778e+06  -8.277106e+03
ENDPROP
STARTPROP
MASSES:  4.200000e-03   4.500000e-02
SOURCE: GAM_25
SINKS: GAM_25
0  -4.163952e+04  8.875337e+03
1  -1.034528e+06  1.325818e+04
2  -3.229195e+05  8.861188e+03
3  -1.281834e+05  6.311061e+03
4  -4.915211e+04  4.013902e+03
5  -1.788664e+04  6.754337e+03
6  -6.765569e+03  7.088104e+03
7  -1.754587e+03  4.399925e+03
8  -2.686791e+02  3.300137e+03
9  7.531010e+01  2.593124e+03
10  -4.024574e+02  1.055972e+03
11  -4.542040e+02  -1.666018e+02
12  8.582556e+01  -7.474286e+02
13  2.764604e+02  -9.895393e+02
14  4.627608e+02  -6.590148e+02
15  5.371797e+02  -3.720057e+02
16  3.497913e+02  -2.009182e+02
17  1.904197e+02  -3.625090e+01
18  7.793939e+01  8.125626e+00
19  -8.277999e+00  3.245228e+01
20  -3.685037e+00  2.871429e+01
21  1.628085e+01  2.241000e+01
22  8.465945e+00  1.924233e+01
23  -8.481831e+00  1.949487e+01
24  -1.050478e+01  1.081803e+01
25  -8.376821e+00  1.091699e+01
26  -2.974947e+00  1.074990e+01
27  -2.522090e+00  8.304250e+00
28  -2.812032e+00  4.785195e+00
29  -2.680806e+00  3.275135e+00
30  -1.752745e+00  2.554924e+00
31  -1.078211e+00  5.685058e-01
32  -1.636767e+00  -3.126272e-01
33  -3.391515e+00  -9.118083e-01
34  -3.320415e+00  -2.003793e+00
35  -3.699932e+00  -1.878057e+00
36  -2.431446e+00  -1.653911e-01
37  4.546033e-01  -1.938621e+00
38  -2.469131e+00  -2.757621e+00
39  -8.964428e+00  -6.492984e+00
40  -1.349271e+01  -1.662109e+01
41  -2.502547e+01  -3.378426e+01
42  -5.202852e+01  -4.688123e+01
43  -8.345183e+01  -4.370815e+01
44  -9.996843e+01  -2.281206e+01
45  -1.080489e+02  1.254603e+00
46  -1.080681e+02  2.012449e+01
47  -1.178679e+02  5.601097e+01
48  -1.498157e+02  2.765402e+01
49  -1.574721e+02  -4.857313e+01
50  -1.393621e+01  -1.648551e+02
51  2.148603e+02  -2.906338e+02
52  9.933690e+01  -3.619325e+02
53  -7.030525e+02  -3.457301e+02
54  -8.256993e+02  -4.838161e+02
55  -1.484647e+03  8.665633e+01
56  -3.530149e+03  1.178748e+03
57  -8.160326e+03  1.178394e+03
58  -1.611595e+04  1.433064e+03
59  -3.713651e+04  7.895839e+02
60  -7.506065e+04  -3.719516e+03
61  -1.608244e+05  -7.642449e+03
62  -3.398860e+05  -9.980923e+03
63  -1.035367e+06  -1.027446e+04
ENDPROP
STARTPROP
MASSES:  4.200000e-03   4.500000e-02
SOURCE: GAM_35
SINKS: GAM_35
0  -1.141652e+05  1.392224e+02
1  -1.088955e+06  2.830235e+03
2  -3.684095e+05  -2.024164e+03
3  -1.545478e+05  -5.546428e+03
4  -6.877236e+04  -7.042726e+03
5  -3.450052e+04  -8.920210e+03
6  -1.390607e+04  -7.672829e+03
7  -3.799729e+03  -4.925705e+03
8  -1.045649e+02  -2.042338e+03
9  4.612318e+02  -6.304735e+01
10  -5.164881e+01  1.760950e+02
11  -6.218194e+02  4.303450e+02
12  -5.959301e+02  5.016684e+02
13  -1.561588e+02  1.482171e+02
14  -1.510799e+02  -1.968218e+02
15  -2.471577e+02  -3.235487e+02
16  -2.090516e+02  -2.656534e+02
17  -1.261120e+02  -1.955766e+02
18  -7.675533e+01  -1.053187e+02
19  -6.863041e+01  -6.669312e+01
20  -4.029371e+01  -3.414071e+01
21  -4.660146e+01  -3.108194e+01
22  -2.928184e+01  -2.546307e+01
23  -2.370512e+01  -1.615164e+01
24  -1.882342e+01  -3.576991e+00
25  -8.770880e+00  -3.567469e-01
26  -4.217563e+00  5.428452e-01
27  -3.428653e+00  2.060266e+00
28  -4.013402e-01  1.693108e+00
29  -4.050321e-01  5.603817e-01
30  -2.026042e-01  -8.114049e-01
31  3.712520e-01  -2.111817e+00
32  5.215701e-01  -2.538267e+00
33  6.082810e-01  -7.625762e-01
34  8.881097e-01  6.138987e-01
35  8.588772e-02  1.500498e+00
36  -2.426119e+00  1.124884e+00
37  -4.888411e+00  2.231694e+00
38  -4.604494e+00  3.588658e+00
39  -2.284888e+00  4.504443e+00
40  2.241705e+00  2.781107e+00
41  -8.049034e+00  1.022459e+01
42  -3.107668e+01  9.824984e+00
43  -4.273413e+01  4.408503e+00
44  -8.833509e+01  -6.381429e+00
45  -1.088386e+02  -2.143776e+01
46  -9.658059e+01  -4.844668e+00
47  -6.195628e+01  2.738076e+01
48  1.301799e+00  1.503603e+01
49  2.981039e+02  4.274180e+01
50  4.172182e+02  6.707988e+01
51  4.942950e+02  -9.172203e+01
52  5.532158e+02  -5.092719e+02
53  -1.418826e+02  -4.323134e+02
54  -2.334306e+03  -2.225718e+02
55  -4.350999e+03  -9.720534e+02
56  -6.088617e+03  -2.370554e+03
57  -9.205416e+03  -2.935110e+03
58  -1.606625e+04  -2.505002e+03
59  -3.127940e+04  -2.440665e+03
60  -6.584607e+04  2.614751e+03
61  -1.427857e+05  7.619581e+03
62  -3.353157e+05  7.438943e+03
63  -1.067714e+06  -6.038964e+03
ENDPROP
STARTPROP
MASSES:  4.200000e-03   4.500000e-02
SOURCE: GAM_45
SINKS: GAM_45
0  -1.323102e+06  1.394070e+04
1  9.380699e+05  1.069051e+04
2  4.729071e+05  1.154505e+04
3  3.267964e+05  9.786958e+03
4  2.198915e+05  6.859403e+03
5  1.480720e+05  4.097258e+03
6  9.723671e+04  1.106046e+03
7  6.503202e+04  1.199005e+02
8  4.614605e+04  -2.814240e+02
9  3.181673e+04  -5.326213e+02
10  2.219883e+04  -5.354370e+02
11  1.544927e+04  -5.898343e+02
12  1.057708e+04  -1.294672e+02
13  7.161716e+03  -3.528700e+01
14  4.915994e+03  6.949618e+01
15  3.296803e+03  1.407020e+02
16  2.360514e+03  1.109110e+02
17  1.652696e+03  1.284591e+02
18  1.113042e+03  8.112290e+01
19  7.774217e+02  7.951593e+01
20  5.053166e+02  4.384936e+01
21  3.262514e+02  2.903091e+01
22  2.186328e+02  1.509804e+01
23  1.458991e+02  1.436906e+01
24  9.122160e+01  9.626905e+00
25  6.269022e+01  9.885657e+00
26  3.997979e+01  5.589222e+00
27  2.847494e+01  3.895648e+00
28  1.909640e+01  2.834520e+00
29  1.401262e+01  1.647699e+00
30  1.107187e+01  1.445668e+00
31  8.896029e+00  1.080011e+00
32  8.444544e+00  1.208018e+00
33  9.276324e+00  2.420776e+00
34  1.141278e+01  2.035874e+00
35  1.513254e+01  3.307141e+00
36  2.199744e+01  5.089285e+00
37  3.135337e+01  7.654902e+00
38  4.207989e+01  1.067304e+01
39  6.469876e+01  1.376551e+01
40  8.783290e+01  1.679594e+01
41  1.401876e+02  2.192864e+01
42  2.083597e+02  1.861597e+01
43  3.164957e+02  2.770580e+01
44  4.871230e+02  2.417672e+01
45  7.176192e+02  6.507270e+01
46  1.090660e+03  1.536237e+02
47  1.613732e+03  2.253165e+02
48  2.367549e+03  3.116684e+02
49  3.357073e+03  4.003827e+02
50  4.800304e+03  6.368711e+02
51  6.686825e+03  8.085918e+02
52  9.735174e+03  9.951243e+02
53  1.394627e+04  1.153508e+03
54  2.046173e+04  1.680639e+03
55  3.069952e+04  2.514607e+03
56  4.539884e+04  2.829664e+03
57  6.880666e+04  3.362202e+03
58  1.033357e+05  4.036558e+03
59  1.524801e+05  4.065915e+03
60  2.244183e+05  2.405668e+03
61  3.274630e+05  5.807052e+02
62  4.633114e+05  3.300406e+03
63  9.339095e+05  5.992134e+03
ENDPROP
STARTPROP
MASSES:  4.200000e-03   4.500000e-02
SOURCE: PSAX4
SINKS: GAM_4
0  1.987174e+03  2.037147e+04
1  1.669029e+06  1.635760e+04
2  1.049064e+06  1.612532e+04
3  7.196837e+05  1.061512e+04
4  4.951821e+05  5.505993e+03
5  3.376744e+05  5.957050e+03
6  2.277763e+05  1.806238e+03
7  1.547767e+05  7.171195e+02
8  1.087477e+05  2.900627e+02
9  7.575000e+04  -1.365030e+01
10  5.204432e+04  3.087400e+02
11  3.571617e+04  4.737933e+01
12  2.445741e+04  4.812741e+02
13  1.670350e+04  3.126456e+02
14  1.133165e+04  2.568942e+02
15  7.562080e+03  1.956795e+02
16  5.260457e+03  1.142520e+02
17  3.637250e+03  9.152717e+01
18  2.472232e+03  4.661239e+01
19  1.716778e+03  2.913144e+01
20  1.151542e+03  -5.940791e+00
21  7.811085e+02  -6.960798e+00
22  5.333523e+02  -1.177072e+01
23  3.649046e+02  -1.020508e+01
24  2.441061e+02  -1.231769e+01
25  1.688634e+02  -7.834793e+00
26  1.107828e+02  -5.044279e+00
27  7.456415e+01  -2.606788e+00
28  4.921164e+01  -8.103723e-01
29  3.078993e+01  -2.848933e-01
30  1.648002e+01  1.313029e-01
31  5.097535e+00  1.697914e-01
32  -5.398714e+00  8.002160e-02
33  -1.641593e+01  -4.170337e-01
34  -3.011767e+01  -2.233125e-01
35  -4.738797e+01  -1.135362e+00
36  -7.323799e+01  -1.317906e+00
37  -1.050708e+02  -1.678289e+00
38  -1.530519e+02  -4.176429e+00
39  -2.221501e+02  -4.829603e+00
40  -3.175528e+02  -7.144400e+00
41  -4.633524e+02  -1.673924e+01
42  -6.592025e+02  -2.182180e+01
43  -9.422778e+02  -3.293554e+01
44  -1.367423e+03  -3.425287e+01
45  -1.953968e+03  -7.194878e+01
46  -2.819286e+03  -1.309102e+02
47  -4.117323e+03  -1.059294e+02
48  -5.906110e+03  -2.130513e+02
49  -8.407323e+03  -2.414012e+02
50  -1.191417e+04  -4.097372e+02
51  -1.694338e+04  -4.299573e+02
52  -2.424330e+04  -3.636668e+02
53  -3.477559e+04  -1.700111e+02
54  -5.070467e+04  -3.098593e+02
55  -7.392418e+04  -4.237591e+02
56  -1.077722e+05  3.720104e+02
57  -1.587592e+05  6.930861e+02
58  -2.345809e+05  1.343523e+03
59  -3.407986e+05  2.615789e+03
60  -4.905839e+05  7.499083e+03
61  -7.129646e+05  1.670826e+04
62  -1.031493e+06  1.523548e+04
63  -1.651738e+06  1.601415e+04
ENDPROP
STARTPROP
MASSES:  4.200000e-03   4.500000e-02
SOURCE: WWPSAX4
SINKS: GAM_4
0  1.150397e+08  -1.001178e+08
1  2.053369e+09  2.062022e+08
2  2.889248e+08  6.288316e+07
3  4.153746e+08  -5.175606e+07
4  2.915123e+08  -1.252303e+07
5  2.002246e+08  3.923749e+07
6  1.786818e+08  1.116281e+07
7  9.952333e+07  1.996021e+07
8  9.514823e+07  1.453270e+07
9  4.969756e+07  5.493271e+06
10  3.363082e+07  -2.189152e+06
11  1.786347e+07  -2.025551e+06
12  1.969649e+07  -2.059654e+06
13  1.023989e+07  2.628355e+06
14  1.189848e+07  -7.330811e+05
15  5.729645e+06  -3.476499e+04
16  2.637981e+06  -8.691724e+04
17  2.509909e+06  4.345273e+05
18  1.718617e+06  -2.868629e+05
19  1.712816e+06  1.871476e+05
20  9.901783e+05  -2.767462e+05
21  4.440604e+05  1.375263e+05
22  4.175427e+05  -1.859300e+05
23  1.473304e+05  1.249606e+05
24  3.097791e+05  7.437112e+04
25  4.951810e+04  4.608325e+03
26  1.115856e+05  6.238835e+04
27  2.150463e+03  1.139757e+04
28  2.119729e+04  -1.137953e+03
29  3.814208e+04  2.915208e+03
30  -1.177925e+04  7.941392e+03
31  -8.111795e+03  3.319931e+03
32  8.963034e+03  5.523106e+02
33  -1.586092e+03  2.671991e+03
34  -1.010632e+04  1.379103e+04
35  -2.220541e+04  -8.779607e+03
36  -6.581920e+04  -1.510017e+04
37  -5.776638e+04  -4.148475e+03
38  -9.789516e+04  4.361468e+04
39  -1.570167e+05  -1.510400e+04
40  -2.499559e+05  -1.362300e+05
41  -2.963723e+05  1.888311e+04
42  -3.836378e+05  4.504443e+04
43  -4.003211e+05  7.996295e+04
44  -5.466142e+05  7.545362e+03
45  -8.342402e+05  3.170140e+04
46  -2.221325e+06  2.446337e+05
47  -2.310991e+06  -3.270832e+05
48  -3.026871e+06  -1.398681e+06
49  -2.786953e+06  9.984306e+05
50  -7.471334e+06  -9.714151e+05
51  -6.424313e+06  -9.292895e+05
52  -1.179212e+07  -9.661282e+05
53  -2.965032e+07  3.171168e+06
54  -3.195698e+07  -1.226024e+07
55  -4.404919e+07  -6.381794e+06
56  -3.777391e+07  7.113915e+06
57  -1.325318e+08  2.132793e+07
58  -1.321610e+08  4.170125e+07
59  -2.698929e+08  6.152125e+07
60  -3.949982e+08  9.961230e+07
61  -2.920918e+08  -3.480380e+07
62  -8.470832e+08  5.387875e+07
63  -1.854800e+09  2.262635e+08
ENDPROP
STARTPROP
MASSES:  4.200000e-03   4.500000e-02
SOURCE: WWGAM_5
SINKS: GAM_5
0  1.710368e+10  7.081923e+01
1  2.990375e+09  2.651131e+08
2  1.045100e+09  7.960785e+07
3  8.866679e+08  -4.645665e+07
4  5.335396e+08  -2.788901e+06
5  3.689024e+08  4.126454e+07
6  2.991703e+08  1.855511e+07
7  1.690212e+08  1.488193e+07
8  1.424813e+08  1.569811e+07
9  9.412691e+07  3.464645e+06
10  6.379643e+07  -2.396648e+06
11  4.232630e+07  4.225319e+05
12  3.613999e+07  -2.603027e+06
13  2.057569e+07  4.132665e+06
14  1.692857e+07  -9.007437e+05
15  1.014205e+07  -4.357365e+04
16  5.742495e+06  2.754643e+05
17  3.920361e+06  -1.325475e+05
18  3.509110e+06  -8.044661e+05
19  2.461035e+06  2.821518e+05
20  1.819468e+06  -2.047969e+05
21  7.821509e+05  1.379037e+05
22  7.254291e+05  -2.069401e+05
23  3.897339e+05  4.878846e+04
24  4.658653e+05  7.947379e+04
25  1.458497e+05  8.496201e+03
26  1.565009e+05  1.450993e+03
27  5.304222e+04  -1.765163e+04
28  8.547572e+04  -8.933244e+03
29  7.425359e+04  -5.964283e+03
30  3.844897e+04  1.798798e+00
31  4.012790e+04  1.488227e+04
32  4.355966e+04  -1.390082e+03
33  1.600929e+04  5.619536e+02
34  6.285408e+04  -1.614268e+04
35  7.657511e+04  5.348145e+03
36  9.262677e+04  1.192812e+03
37  1.052629e+05  -1.951575e+04
38  1.894427e+05  -1.074934e+04
39  3.295742e+05  5.111150e+04
40  4.672720e+05  1.502096e+05
41  6.297123e+05  -1.848194e+04
42  7.139689e+05  -1.726297e+05
43  6.855273e+05  -1.280471e+05
44  1.457065e+06  2.684724e+05
45  2.717378e+06  1.312597e+04
46  3.699337e+06  -3.070650e+05
47  4.479426e+06  5.125298e+05
48  6.967583e+06  8.816327e+05
49  6.592710e+06  -7.771074e+05
50  1.633000e+07  2.857347e+05
51  1.721964e+07  3.795455e+06
52  1.980990e+07  -8.765424e+05
53  4.171113e+07  -6.305912e+06
54  5.734461e+07  1.175294e+07
55  9.454808e+07  -4.322930e+06
56  1.342622e+08  9.920342e+06
57  2.521062e+08  -1.313596e+07
58  3.095093e+08  -2.679663e+07
59  4.896848e+08  -5.836533e+07
60  7.903400e+08  -8.814704e+07
61  6.108112e+08  6.020996e+07
62  1.479795e+09  -9.590132e+07
63  2.929918e+09  -2.314870e+08
ENDPROP
