STARTPROP
MASSES:  4.500000e-02   4.200000e-03
SOURCE: GAM_1
SINKS: GAM_1
0  1.197789e+06  7.739094e+03
1  1.904674e+06  4.227002e+03
2  8.832258e+05  1.900883e+03
3  4.571234e+05  3.499436e+03
4  2.268356e+05  4.869147e+03
5  1.041759e+05  3.429473e+03
6  4.908235e+04  4.541776e+03
7  2.246299e+04  2.672844e+03
8  1.144430e+04  1.834311e+03
9  6.073380e+03  2.362787e+03
10  3.087253e+03  2.262445e+03
11  1.545634e+03  1.614002e+03
12  1.379069e+03  1.057667e+03
13  1.132719e+03  3.095274e+02
14  8.226923e+02  4.960711e+01
15  5.180374e+02  -4.546288e+01
16  2.519306e+02  -1.537265e+01
17  9.643963e+01  -2.735549e+01
18  9.853179e+01  -2.289353e+01
19  1.236671e+02  -3.696724e+01
20  1.396841e+02  -5.271877e+01
21  1.221103e+02  -5.740172e+01
22  9.162614e+01  -4.868517e+01
23  5.128879e+01  -3.025989e+01
24  2.295502e+01  -2.222191e+01
25  6.710531e+00  -1.442269e+01
26  4.174852e+00  -8.020685e+00
27  4.634167e-01  -4.327187e+00
28  -2.649261e+00  -3.601808e+00
29  -9.270937e-01  -2.280118e+00
30  4.668636e-01  -6.972997e-01
31  6.694394e-01  -3.420902e-01
32  7.356551e-01  -1.263197e+00
33  1.924221e-01  -2.360100e+00
34  -1.678248e+00  -2.429786e+00
35  -1.076141e+00  3.770492e-01
36  1.324243e+00  3.393085e+00
37  4.460605e+00  5.247453e+00
38  7.356369e+00  4.352265e+00
39  9.235486e+00  6.717914e+00
40  1.390549e+01  1.101622e+01
41  1.385240e+01  1.193068e+01
42  1.032057e+01  4.266485e+00
43  2.191617e+00  1.021917e+01
44  7.225237e+00  2.949658e+01
45  -2.571434e+01  1.111192e+02
46  -5.475264e+01  1.712098e+02
47  -7.020284e+01  2.395693e+02
48  -3.848115e+01  1.758039e+02
49  3.141383e+02  6.900632e+01
50  9.876508e+02  -1.319223e+01
51  1.793444e+03  1.795526e+02
52  3.591988e+03  8.433416e+02
53  5.998301e+03  1.358682e+03
54  9.910723e+03  1.286243e+03
55  1.628159e+04  -3.638782e+01
56  2.789937e+04  -4.933439e+02
57  4.818620e+04  -1.073903e+03
58  8.292512e+04  2.280539e+03
59  1.481717e+05  6.060039e+03
60  2.740298e+05  4.902764e+03
61  5.090354e+05  1.017351e+04
62  9.374136e+05  1.360395e+04
63  1.951699e+06  4.090484e+03
ENDPROP
STARTPROP
MASSES:  4.500000e-02   4.200000e-03
SOURCE: GAM_2
SINKS: GAM_2
0  1.166189e+06  -1.519123e+04
1  1.880394e+06  -1.425342e+04
2  8.563374e+05  -8.086161e+03
3  4.403832e+05  -8.916841e+03
4  2.188720e+05  -1.008646e+04
5  1.000425e+05  -5.998293e+03
6  4.328523e+04  -2.655304e+03
7  1.670595e+04  -1.892081e+03
8  3.729431e+03  7.420648e+01
9  1.909693e+03  5.959249e+02
10  1.134829e+03  -2.748546e+02
11  3.830035e+01  -6.731336e+02
12  8.624211e+01  -2.265000e+02
13  4.629697e+02  -4.178977e+01
14  3.990588e+02  7.769943e+01
15  3.799830e+02  1.058228e+02
16  1.336471e+02  -3.573958e+01
17  5.525131e+01  -1.074676e+02
18  1.605080e+01  -3.417383e+01
19  -3.073943e+01  4.848134e+01
20  -4.416354e+01  6.223503e+01
21  -1.783040e+01  3.930892e+01
22  -3.855384e+00  1.489151e+01
23  -6.843493e+00  -3.480504e+00
24  -7.580746e+00  -7.518613e+00
25  -4.467828e+00  -9.978831e+00
26  -1.300514e+00  -1.017957e+01
27  -1.933853e+00  -9.871689e+00
28  -6.112116e-01  -9.586169e+00
29  -2.018203e+00  -4.135974e+00
30  -3.994472e+00  -2.369080e+00
31  -2.854399e+00  4.622655e-04
32  -1.583027e+00  2.373792e+00
33  -1.434058e+00  2.795561e+00
34  -1.144095e+00  2.123478e+00
35  -2.149571e-01  1.077063e+00
36  -5.703497e-01  1.604745e+00
37  -4.266899e+00  3.679148e-01
38  -1.064315e+01  1.059075e+00
39  -1.439164e+01  -1.832673e+00
40  -2.143776e+01  5.845624e+00
41  -3.311237e+01  1.504509e+01
42  -3.346825e+01  2.697631e+01
43  -1.522706e+01  4.220767e+01
44  1.514401e+01  4.668918e+01
45  3.970797e+01  8.667991e+00
46  2.352775e+01  -2.158415e+01
47  1.229286e+02  -4.780581e+01
48  2.530290e+02  1.131447e+00
49  3.650724e+02  2.492346e+02
50  5.693501e+02  5.611976e+02
51  1.318877e+03  8.505254e+02
52  2.646049e+03  1.102957e+03
53  4.086125e+03  6.949786e+02
54  5.212278e+03  4.933199e+02
55  7.286588e+03  1.323940e+03
56  1.243672e+04  1.569915e+03
57  2.436680e+04  6.656621e+02
58  5.413358e+04  -2.210822e+03
59  1.131339e+05  -2.950812e+03
60  2.261768e+05  -3.344991e+03
61  4.417140e+05  -9.123223e+03
62  8.674715e+05  -1.357354e+04
63  1.900775e+06  -1.783597e+04
ENDPROP
STARTPROP
MASSES:  4.500000e-02   4.200000e-03
SOURCE: GAM_3
SINKS: GAM_3
0  1.163995e+06  -2.157045e+04
1  1.854377e+06  -2.476076e+04
2  8.421357e+05  -2.477914e+04
3  4.457058e+05  -2.223742e+04
4  2.299209e+05  -2.500287e+04
5  1.173392e+05  -2.306596e+04
6  5.915086e+04  -1.424239e+04
7  3.049487e+04  -6.991750e+03
8  1.504554e+04  -2.039668e+03
9  6.671431e+03  -1.491287e+02
10  2.381205e+03  -3.473727e+02
11  8.490337e+02  4.376465e+01
12  5.839941e+02  2.076738e+02
13  4.926242e+02  2.081637e+02
14  3.357314e+02  1.598671e+02
15  2.695601e+02  1.940231e+02
16  1.408490e+02  1.334322e+02
17  9.622248e+01  7.191042e+01
18  8.632511e+01  7.303863e+01
19  4.733275e+01  1.066441e+02
20  6.132822e+01  1.209714e+02
21  4.472045e+01  8.747683e+01
22  3.081398e+01  4.254805e+01
23  2.075949e+01  1.446131e+01
24  1.139974e+01  7.742675e+00
25  1.511997e+00  3.363107e+00
26  -1.904488e+00  2.862756e+00
27  -1.921343e+00  5.731139e+00
28  -3.436356e+00  5.405594e+00
29  -3.249564e+00  5.023022e+00
30  -2.066194e+00  3.919996e+00
31  -1.442405e+00  2.541119e+00
32  -2.004687e+00  1.287336e+00
33  -3.281965e+00  -3.035664e-01
34  -2.257869e+00  -1.115448e+00
35  -8.139846e-01  -6.251021e-01
36  1.776261e+00  9.672729e-01
37  3.443766e+00  1.303821e+00
38  1.407606e+00  -3.128725e+00
39  -3.879781e+00  -8.899857e+00
40  -2.293655e+00  -4.046151e+00
41  -3.773239e+00  8.086204e+00
42  -3.583827e+01  2.115483e+01
43  -8.384190e+01  6.027648e+01
44  -1.260779e+02  7.215988e+01
45  -1.530761e+02  7.007151e+01
46  -2.069212e+02  9.052689e+01
47  -2.742501e+02  1.198508e+02
48  -3.088487e+02  1.490140e+02
49  -4.568597e+01  1.540455e+02
50  6.014201e+02  1.375840e+02
51  1.295071e+03  3.637169e+02
52  2.488778e+03  2.754755e+02
53  4.479416e+03  5.951996e+02
54  7.044604e+03  2.220497e+03
55  1.190150e+04  4.721377e+03
56  2.065808e+04  5.592671e+03
57  3.584523e+04  6.492366e+03
58  6.834752e+04  7.749621e+03
59  1.314740e+05  9.338085e+03
60  2.479807e+05  1.145077e+04
61  4.661153e+05  1.096724e+04
62  8.836418e+05  5.323988e+03
63  1.915847e+06  -1.333270e+04
ENDPROP
STARTPROP
MASSES:  4.500000e-02   4.200000e-03
SOURCE: GAM_4
SINKS: GAM_4
0  2.129104e+06  7.148314e+03
1  -3.004229e+05  3.206362e+03
2  -1.712842e+04  1.662621e+03
3  -1.357840e+04  -1.084265e+03
4  -7.927734e+03  3.569328e+02
5  -6.752203e+03  1.098550e+03
6  -3.430343e+03  8.100681e+02
7  -2.457431e+03  5.191586e+02
8  -2.674843e+03  1.226288e+02
9  -1.445947e+03  -6.371145e+02
10  -5.617364e+02  -6.020377e+02
11  -4.987959e+02  -6.670296e+02
12  -2.960874e+02  -4.560934e+02
13  -2.664469e+02  -2.376052e+02
14  -1.331548e+02  -1.322959e+02
15  -1.188088e+02  -6.096117e+01
16  -7.192787e+01  -3.519925e+01
17  -1.922906e+01  -2.747103e+01
18  -3.725151e+01  9.951889e+00
19  -1.827717e+01  -9.615734e-02
20  -4.217357e+00  1.030777e+01
21  -9.704262e+00  8.412961e+00
22  -7.572170e+00  6.759921e+00
23  -7.934419e+00  3.406555e+00
24  -9.254924e+00  2.917605e+00
25  -4.501817e+00  3.464376e-01
26  -5.207081e+00  9.594162e-01
27  -4.485283e+00  4.838394e-02
28  -4.119729e+00  -5.746676e-01
29  -3.784674e+00  -2.867362e-02
30  -4.010790e+00  -4.060824e-01
31  -3.625960e+00  -7.866248e-01
32  -3.987185e+00  -1.122379e+00
33  -4.870239e+00  -1.392102e+00
34  -5.327904e+00  -1.281194e+00
35  -6.271780e+00  -9.418179e-01
36  -6.983289e+00  -5.419250e-01
37  -7.885007e+00  -2.817501e-01
38  -1.041687e+01  -2.454606e+00
39  -1.131596e+01  -4.942676e+00
40  -1.708349e+01  -1.097564e+01
41  -1.605346e+01  -2.512194e+01
42  -1.998965e+01  -3.565754e+01
43  -2.152360e+01  -5.596578e+01
44  -3.155892e+01  -7.814984e+01
45  -2.369626e+01  -1.028509e+02
46  -1.990023e+01  -1.938426e+02
47  -1.592795e+01  -2.398766e+02
48  -4.166460e+01  -3.676977e+02
49  1.071659e+01  -3.868276e+02
50  3.009866e+01  -5.307650e+02
51  8.664045e+01  -6.245123e+02
52  2.700366e+02  -7.879448e+02
53  6.119606e+02  -1.047601e+03
54  8.488043e+02  -1.718818e+03
55  8.660268e+02  -1.981711e+03
56  1.870387e+03  -2.541895e+03
57  1.907271e+03  -3.206663e+03
58  1.459485e+03  -3.451729e+03
59  1.847956e+03  -4.645612e+03
60  -2.627157e+02  -2.855592e+03
61  -2.808448e+03  -2.951744e+03
62  -1.200392e+04  4.556688e+03
63  -2.962826e+05  7.463056e+03
ENDPROP
STARTPROP
MASSES:  4.500000e-02   4.200000e-03
SOURCE: GAM_5
SINKS: GAM_5
0  6.722431e+06  3.114385e+04
1  6.755593e+06  4.557009e+04
2  4.777306e+06  3.128426e+04
3  3.443118e+06  2.174810e+04
4  2.431037e+06  9.498729e+03
5  1.671912e+06  2.376927e+03
6  1.135294e+06  6.819073e+02
7  7.707538e+05  5.125320e+03
8  5.239477e+05  4.896913e+03
9  3.445992e+05  3.452663e+03
10  2.311508e+05  2.492494e+03
11  1.590925e+05  9.295554e+02
12  1.075167e+05  -6.032515e+02
13  7.410768e+04  -1.155926e+03
14  5.136512e+04  -8.923761e+02
15  3.515308e+04  -2.405629e+02
16  2.434518e+04  6.862701e+01
17  1.668585e+04  3.068343e+02
18  1.149648e+04  3.160570e+02
19  7.807903e+03  2.785732e+02
20  5.320541e+03  2.376491e+02
21  3.643318e+03  2.273441e+02
22  2.580706e+03  1.866693e+02
23  1.805711e+03  1.362406e+02
24  1.233805e+03  9.032359e+01
25  8.513420e+02  5.277932e+01
26  6.004948e+02  3.010426e+01
27  4.072799e+02  1.876162e+01
28  2.685105e+02  1.008364e+01
29  1.920564e+02  3.496873e+00
30  1.510236e+02  2.274960e+00
31  1.307972e+02  1.775264e+00
32  1.320068e+02  -1.959306e+00
33  1.528165e+02  -6.744131e+00
34  1.906173e+02  -6.672955e+00
35  2.528855e+02  -6.188568e+00
36  3.540015e+02  -8.590618e+00
37  5.082925e+02  -1.811900e+01
38  7.232144e+02  -2.130393e+01
39  1.004916e+03  -3.303125e+01
40  1.426212e+03  -4.761021e+01
41  2.036202e+03  -7.632330e+01
42  2.902398e+03  -1.279572e+02
43  4.087142e+03  -1.316514e+02
44  5.901209e+03  -7.641554e+01
45  8.534656e+03  2.659516e+01
46  1.226913e+04  3.794104e+01
47  1.797947e+04  8.301146e+01
48  2.604910e+04  3.371185e+02
49  3.775072e+04  9.427440e+02
50  5.459866e+04  1.380092e+03
51  7.791208e+04  1.789227e+03
52  1.133276e+05  2.266206e+03
53  1.676054e+05  8.113921e+02
54  2.442393e+05  -3.202785e+03
55  3.543994e+05  -7.401913e+03
56  5.176579e+05  -1.050842e+04
57  7.491104e+05  -1.115304e+04
58  1.086165e+06  -1.330863e+04
59  1.589081e+06  -1.734309e+04
60  2.291289e+06  -3.443443e+04
61  3.263005e+06  -4.000703e+04
62  4.634832e+06  -2.437846e+04
63  6.629871e+06  -1.018875e+03
ENDPROP
STARTPROP
MASSES:  4.500000e-02   4.200000e-03
SOURCE: GAM_12
SINKS: GAM_12
0  7.585780e+05  1.693615e+04
1  -7.471787e+05  1.554299e+04
2  -2.068078e+05  1.237988e+04
3  -1.000655e+05  6.329690e+03
4  -4.657405e+04  4.413058e+03
5  -1.857908e+04  4.643397e+03
6  -5.592622e+03  2.867870e+03
7  -8.049926e+02  3.629549e+03
8  1.133986e+03  1.534207e+03
9  1.620257e+03  7.610385e+02
10  1.117137e+03  2.847155e+02
11  8.630987e+02  -1.662997e+02
12  4.475979e+02  -1.585438e+02
13  7.004610e+02  1.048840e+01
14  4.893751e+02  1.095405e+02
15  4.014748e+02  5.070316e+01
16  2.198881e+02  5.692691e+01
17  8.589501e+01  4.275814e-01
18  9.046543e+01  -6.172745e+01
19  6.119357e+01  -6.235359e+01
20  3.532045e+01  -3.118528e+01
21  1.575824e+01  -4.516360e+00
22  -8.007466e+00  8.364703e+00
23  -1.447641e+00  7.749918e+00
24  2.533987e+00  2.885524e+00
25  -1.146693e+00  2.731091e+00
26  1.696768e+00  4.627988e+00
27  1.030220e+00  6.563007e-01
28  8.322684e-01  -2.303561e-01
29  -3.084032e-01  -2.365766e+00
30  -7.582236e-01  -2.503069e+00
31  -7.760933e-01  -1.166947e+00
32  -3.775183e-01  -1.005125e+00
33  7.925652e-01  -2.018249e+00
34  9.830405e-01  -1.782365e+00
35  1.460933e+00  -1.249977e+00
36  1.498013e+00  -2.487445e-01
37  1.336379e+00  -8.480705e-02
38  4.224183e+00  3.313020e+00
39  -1.508114e+00  5.873738e+00
40  -4.644049e+00  7.854494e+00
41  -2.396323e+00  9.179237e+00
42  -7.094866e+00  1.631714e+01
43  -3.147581e+01  2.880070e+01
44  -7.411363e+01  1.858603e+01
45  -1.416553e+02  -6.576502e+00
46  -1.419314e+02  -9.117468e+00
47  -1.558251e+02  -4.526641e+01
48  -1.567359e+02  5.197496e+00
49  -1.650519e+02  7.088792e+01
50  -1.106887e+02  6.721605e+01
51  -5.810646e+01  4.761359e+01
52  -2.569194e+02  1.231932e+02
53  -2.845907e+02  3.616684e+01
54  -3.536959e+02  -3.984494e+02
55  3.344215e+02  -7.184842e+02
56  1.594727e+03  -1.746728e+03
57  -6.749961e+02  -2.521175e+03
58  -5.608949e+03  -1.576062e+03
59  -1.446731e+04  -1.525361e+03
60  -3.595484e+04  -3.852138e+02
61  -8.468892e+04  -8.525108e+02
62  -2.227425e+05  8.991614e+03
63  -7.683096e+05  1.804158e+04
ENDPROP
STARTPROP
MASSES:  4.500000e-02   4.200000e-03
SOURCE: GAM_21
SINKS: GAM_21
0  7.585780e+05  1.693615e+04
1  -7.471787e+05  1.554299e+04
2  -2.068078e+05  1.237988e+04
3  -1.000655e+05  6.329690e+03
4  -4.657405e+04  4.413058e+03
5  -1.857908e+04  4.643397e+03
6  -5.592622e+03  2.867870e+03
7  -8.049926e+02  3.629549e+03
8  1.133986e+03  1.534207e+03
9  1.620257e+03  7.610385e+02
10  1.117137e+03  2.847155e+02
11  8.630987e+02  -1.662997e+02
12  4.475979e+02  -1.585438e+02
13  7.004610e+02  1.048840e+01
14  4.893751e+02  1.095405e+02
15  4.014748e+02  5.070316e+01
16  2.198881e+02  5.692691e+01
17  8.589501e+01  4.275814e-01
18  9.046543e+01  -6.172745e+01
19  6.119357e+01  -6.235359e+01
20  3.532045e+01  -3.118528e+01
21  1.575824e+01  -4.516360e+00
22  -8.007466e+00  8.364703e+00
23  -1.447641e+00  7.749918e+00
24  2.533987e+00  2.885524e+00
25  -1.146693e+00  2.731091e+00
26  1.696768e+00  4.627988e+00
27  1.030220e+00  6.563007e-01
28  8.322684e-01  -2.303561e-01
29  -3.084032e-01  -2.365766e+00
30  -7.582236e-01  -2.503069e+00
31  -7.760933e-01  -1.166947e+00
32  -3.775183e-01  -1.005125e+00
33  7.925652e-01  -2.018249e+00
34  9.830405e-01  -1.782365e+00
35  1.460933e+00  -1.249977e+00
36  1.498013e+00  -2.487445e-01
37  1.336379e+00  -8.480705e-02
38  4.224183e+00  3.313020e+00
39  -1.508114e+00  5.873738e+00
40  -4.644049e+00  7.854494e+00
41  -2.396323e+00  9.179237e+00
42  -7.094866e+00  1.631714e+01
43  -3.147581e+01  2.880070e+01
44  -7.411363e+01  1.858603e+01
45  -1.416553e+02  -6.576502e+00
46  -1.419314e+02  -9.117468e+00
47  -1.558251e+02  -4.526641e+01
48  -1.567359e+02  5.197496e+00
49  -1.650519e+02  7.088792e+01
50  -1.106887e+02  6.721605e+01
51  -5.810646e+01  4.761359e+01
52  -2.569194e+02  1.231932e+02
53  -2.845907e+02  3.616684e+01
54  -3.536959e+02  -3.984494e+02
55  3.344215e+02  -7.184842e+02
56  1.594727e+03  -1.746728e+03
57  -6.749961e+02  -2.521175e+03
58  -5.608949e+03  -1.576062e+03
59  -1.446731e+04  -1.525361e+03
60  -3.595484e+04  -3.852138e+02
61  -8.468892e+04  -8.525108e+02
62  -2.227425e+05  8.991614e+03
63  -7.683096e+05  1.804158e+04
ENDPROP
STARTPROP
MASSES:  4.500000e-02   4.200000e-03
SOURCE: GAM_13
SINKS: GAM_13
0  8.075123e+05  -1.093884e+03
1  -7.157778e+05  2.258963e+03
2  -1.773656e+05  3.074306e+03
3  -6.474410e+04  5.166475e+02
4  -2.949915e+04  -1.772789e+03
5  -1.341092e+04  -2.098077e+03
6  -7.572829e+03  -2.890487e+03
7  -3.741008e+03  -3.404088e+03
8  -1.788731e+03  -2.644373e+03
9  -1.850028e+02  -2.068197e+03
10  -2.505719e+02  -9.521475e+02
11  -2.327180e+02  -1.729493e+02
12  -1.027137e+02  2.398134e+02
13  -2.139479e+02  1.528467e+01
14  -2.534058e+02  -4.800620e+01
15  -1.851972e+02  1.190991e+00
16  -1.408878e+02  6.455731e+01
17  -2.911925e+01  5.700865e+01
18  -2.043672e+01  9.273225e+01
19  -1.111355e+01  3.987997e+01
20  -1.150124e+01  6.263381e+00
21  -3.039028e-01  1.476808e+01
22  6.661591e+00  1.333622e+01
23  1.182510e+01  4.385347e+00
24  5.142925e+00  2.942269e+00
25  1.125271e+00  2.327533e+00
26  -2.807888e+00  3.220574e+00
27  -3.500547e+00  2.819716e+00
28  -1.559029e+00  1.681723e+00
29  1.120123e-01  7.911640e-02
30  5.027894e-01  6.600245e-01
31  -3.305078e-01  1.249727e+00
32  -1.041918e+00  -3.175505e-01
33  -1.375981e+00  -1.820551e-01
34  -1.722700e+00  1.349421e-01
35  -5.299201e-01  1.397924e+00
36  2.274350e-01  1.353443e+00
37  2.222900e+00  -1.693942e+00
38  8.676550e+00  -6.445810e+00
39  1.508005e+01  -1.159793e+01
40  1.471203e+01  -7.527044e+00
41  1.776147e+01  -5.696894e+00
42  9.560606e+00  1.174519e+00
43  -3.519722e+00  3.033017e+00
44  -1.915840e+00  -3.186706e+00
45  4.715480e+00  -1.849686e+01
46  4.294649e+01  -1.141671e+01
47  7.695705e+01  -1.916355e+01
48  9.269226e+01  4.381540e+00
49  2.863623e+02  6.391017e+01
50  4.572696e+02  2.580721e+02
51  2.623523e+02  3.308631e+02
52  2.229709e+01  3.558566e+02
53  2.586254e+02  6.544398e+02
54  5.452981e+02  6.697665e+02
55  3.788532e+02  1.094390e+03
56  4.601807e+02  1.255000e+03
57  -6.136666e+02  1.249747e+03
58  -2.192090e+03  9.266883e+02
59  -5.623410e+03  -5.603985e+02
60  -1.694332e+04  -2.546718e+03
61  -4.917278e+04  -2.211750e+03
62  -1.677633e+05  7.096362e+03
63  -7.185392e+05  8.340188e+03
ENDPROP
STARTPROP
MASSES:  4.500000e-02   4.200000e-03
SOURCE: GAM_31
SINKS: GAM_31
0  8.075123e+05  -1.093884e+03
1  -7.157778e+05  2.258963e+03
2  -1.773656e+05  3.074306e+03
3  -6.474410e+04  5.166475e+02
4  -2.949915e+04  -1.772789e+03
5  -1.341092e+04  -2.098077e+03
6  -7.572829e+03  -2.890487e+03
7  -3.741008e+03  -3.404088e+03
8  -1.788731e+03  -2.644373e+03
9  -1.850028e+02  -2.068197e+03
10  -2.505719e+02  -9.521475e+02
11  -2.327180e+02  -1.729493e+02
12  -1.027137e+02  2.398134e+02
13  -2.139479e+02  1.528467e+01
14  -2.534058e+02  -4.800620e+01
15  -1.851972e+02  1.190991e+00
16  -1.408878e+02  6.455731e+01
17  -2.911925e+01  5.700865e+01
18  -2.043672e+01  9.273225e+01
19  -1.111355e+01  3.987997e+01
20  -1.150124e+01  6.263381e+00
21  -3.039028e-01  1.476808e+01
22  6.661591e+00  1.333622e+01
23  1.182510e+01  4.385347e+00
24  5.142925e+00  2.942269e+00
25  1.125271e+00  2.327533e+00
26  -2.807888e+00  3.220574e+00
27  -3.500547e+00  2.819716e+00
28  -1.559029e+00  1.681723e+00
29  1.120123e-01  7.911640e-02
30  5.027894e-01  6.600245e-01
31  -3.305078e-01  1.249727e+00
32  -1.041918e+00  -3.175505e-01
33  -1.375981e+00  -1.820551e-01
34  -1.722700e+00  1.349421e-01
35  -5.299201e-01  1.397924e+00
36  2.274350e-01  1.353443e+00
37  2.222900e+00  -1.693942e+00
38  8.676550e+00  -6.445810e+00
39  1.508005e+01  -1.159793e+01
40  1.471203e+01  -7.527044e+00
41  1.776147e+01  -5.696894e+00
42  9.560606e+00  1.174519e+00
43  -3.519722e+00  3.033017e+00
44  -1.915840e+00  -3.186706e+00
45  4.715480e+00  -1.849686e+01
46  4.294649e+01  -1.141671e+01
47  7.695705e+01  -1.916355e+01
48  9.269226e+01  4.381540e+00
49  2.863623e+02  6.391017e+01
50  4.572696e+02  2.580721e+02
51  2.623523e+02  3.308631e+02
52  2.229709e+01  3.558566e+02
53  2.586254e+02  6.544398e+02
54  5.452981e+02  6.697665e+02
55  3.788532e+02  1.094390e+03
56  4.601807e+02  1.255000e+03
57  -6.136666e+02  1.249747e+03
58  -2.192090e+03  9.266883e+02
59  -5.623410e+03  -5.603985e+02
60  -1.694332e+04  -2.546718e+03
61  -4.917278e+04  -2.211750e+03
62  -1.677633e+05  7.096362e+03
63  -7.185392e+05  8.340188e+03
ENDPROP
STARTPROP
MASSES:  4.500000e-02   4.200000e-03
SOURCE: GAM_14
SINKS: GAM_14
0  1.957201e+04  -7.558899e+03
1  1.324392e+06  -5.082269e+03
2  5.567131e+05  -6.153155e+03
3  2.933336e+05  -2.298599e+03
4  1.504330e+05  3.464044e+02
5  6.816645e+04  1.320612e+03
6  2.652199e+04  3.832071e+03
7  1.028982e+04  4.053872e+03
8  5.766741e+03  3.276090e+03
9  3.362541e+03  1.472122e+03
10  1.688371e+03  7.693579e+02
11  6.024000e+02  4.600798e+02
12  7.052392e+02  2.500841e+02
13  7.287260e+02  1.598427e+02
14  6.755906e+02  4.697881e+01
15  5.946455e+02  7.384922e+01
16  4.208713e+02  -1.176809e+01
17  2.332063e+02  -6.068169e+01
18  1.834532e+02  -2.159592e+00
19  1.222088e+02  -1.475136e+01
20  9.929491e+01  -3.944097e+01
21  5.278332e+01  -5.757523e+01
22  2.813007e+01  -4.367191e+01
23  4.180369e+00  -2.876856e+01
24  -4.075496e+00  -1.841136e+01
25  -6.049590e+00  -1.415971e+01
26  -4.774182e+00  -7.734195e+00
27  -2.724722e+00  -2.957350e+00
28  -1.997500e+00  -2.633307e+00
29  8.906048e-01  -2.419546e-01
30  1.420543e+00  1.237467e+00
31  6.274567e-01  1.938935e-01
32  4.137365e-01  -1.598137e+00
33  3.556753e-01  -1.754449e+00
34  7.505492e-01  -7.422661e-01
35  5.811665e-01  1.199110e+00
36  7.245362e-01  3.622853e+00
37  1.639881e+00  6.506079e+00
38  5.031289e+00  6.846328e+00
39  5.027698e+00  9.748794e+00
40  6.818446e+00  9.682590e+00
41  5.054114e+00  5.723612e+00
42  -5.564462e+00  1.327882e+00
43  -2.525625e+01  -1.446684e+00
44  -4.580167e+01  -9.882518e+00
45  -6.365236e+01  9.173787e+00
46  -5.219971e+01  2.976867e+01
47  -1.534799e+02  5.448897e+01
48  -1.622984e+02  5.593463e+01
49  -9.284462e+00  1.074791e+02
50  2.088145e+02  1.391305e+02
51  1.691239e+02  9.837743e+01
52  1.231281e+03  -3.187893e+02
53  3.023457e+03  -4.449627e+02
54  5.249606e+03  -7.127341e+02
55  9.324913e+03  -1.102952e+03
56  1.585799e+04  -8.533054e+02
57  2.632691e+04  -9.321122e+02
58  4.634557e+04  2.071852e+03
59  8.174623e+04  3.259717e+03
60  1.581158e+05  -2.615258e+03
61  2.933073e+05  -1.068625e+04
62  5.662621e+05  -1.041632e+04
63  1.346041e+06  -1.310205e+04
ENDPROP
STARTPROP
MASSES:  4.500000e-02   4.200000e-03
SOURCE: GAM_41
SINKS: GAM_41
0  1.957201e+04  -7.558899e+03
1  1.324392e+06  -5.082269e+03
2  5.567131e+05  -6.153155e+03
3  2.933336e+05  -2.298599e+03
4  1.504330e+05  3.464044e+02
5  6.816645e+04  1.320612e+03
6  2.652199e+04  3.832071e+03
7  1.028982e+04  4.053872e+03
8  5.766741e+03  3.276090e+03
9  3.362541e+03  1.472122e+03
10  1.688371e+03  7.693579e+02
11  6.024000e+02  4.600798e+02
12  7.052392e+02  2.500841e+02
13  7.287260e+02  1.598427e+02
14  6.755906e+02  4.697881e+01
15  5.946455e+02  7.384922e+01
16  4.208713e+02  -1.176809e+01
17  2.332063e+02  -6.068169e+01
18  1.834532e+02  -2.159592e+00
19  1.222088e+02  -1.475136e+01
20  9.929491e+01  -3.944097e+01
21  5.278332e+01  -5.757523e+01
22  2.813007e+01  -4.367191e+01
23  4.180369e+00  -2.876856e+01
24  -4.075496e+00  -1.841136e+01
25  -6.049590e+00  -1.415971e+01
26  -4.774182e+00  -7.734195e+00
27  -2.724722e+00  -2.957350e+00
28  -1.997500e+00  -2.633307e+00
29  8.906048e-01  -2.419546e-01
30  1.420543e+00  1.237467e+00
31  6.274567e-01  1.938935e-01
32  4.137365e-01  -1.598137e+00
33  3.556753e-01  -1.754449e+00
34  7.505492e-01  -7.422661e-01
35  5.811665e-01  1.199110e+00
36  7.245362e-01  3.622853e+00
37  1.639881e+00  6.506079e+00
38  5.031289e+00  6.846328e+00
39  5.027698e+00  9.748794e+00
40  6.818446e+00  9.682590e+00
41  5.054114e+00  5.723612e+00
42  -5.564462e+00  1.327882e+00
43  -2.525625e+01  -1.446684e+00
44  -4.580167e+01  -9.882518e+00
45  -6.365236e+01  9.173787e+00
46  -5.219971e+01  2.976867e+01
47  -1.534799e+02  5.448897e+01
48  -1.622984e+02  5.593463e+01
49  -9.284462e+00  1.074791e+02
50  2.088145e+02  1.391305e+02
51  1.691239e+02  9.837743e+01
52  1.231281e+03  -3.187893e+02
53  3.023457e+03  -4.449627e+02
54  5.249606e+03  -7.127341e+02
55  9.324913e+03  -1.102952e+03
56  1.585799e+04  -8.533054e+02
57  2.632691e+04  -9.321122e+02
58  4.634557e+04  2.071852e+03
59  8.174623e+04  3.259717e+03
60  1.581158e+05  -2.615258e+03
61  2.933073e+05  -1.068625e+04
62  5.662621e+05  -1.041632e+04
63  1.346041e+06  -1.310205e+04
ENDPROP
STARTPROP
MASSES:  4.500000e-02   4.200000e-03
SOURCE: GAM_23
SINKS: GAM_23
0  8.107449e+05  -3.467974e+03
1  -7.030781e+05  -5.975317e+03
2  -1.744539e+05  -2.255420e+03
3  -7.329023e+04  -1.240786e+03
4  -3.525283e+04  -5.644100e+03
5  -1.394612e+04  -4.656332e+03
6  -6.879417e+03  -3.758095e+03
7  -4.350188e+03  -1.949883e+03
8  -2.504547e+03  -1.250122e+03
9  -1.024207e+03  -1.176880e+03
10  3.472960e+01  -7.704830e+02
11  4.097808e+02  -2.300768e+02
12  3.104745e+02  1.455886e+02
13  4.080812e+02  3.922289e+02
14  2.250275e+02  2.992675e+02
15  1.717058e+02  2.035097e+02
16  2.871974e+01  1.681085e+02
17  -2.576688e+01  8.980701e+01
18  -1.359606e+01  4.352989e+01
19  1.210302e+01  3.448758e+01
20  -8.636284e+00  2.993223e+01
21  -3.120110e-04  3.050018e+01
22  7.574267e+00  2.867442e+01
23  1.414567e+01  5.794283e+00
24  1.057628e+01  -1.451598e+00
25  4.205247e+00  -4.695186e+00
26  3.524597e+00  -3.424219e+00
27  2.440312e+00  -2.443203e+00
28  8.872319e-01  2.679855e-01
29  -1.687068e+00  1.170067e+00
30  -2.372912e+00  3.921559e-01
31  -1.320556e+00  1.748277e-01
32  -1.258790e+00  7.546546e-01
33  -1.129041e+00  3.712029e-01
34  -1.346484e+00  1.207222e+00
35  -8.685505e-01  3.080716e+00
36  4.556817e-01  4.559041e+00
37  4.034497e+00  3.433404e+00
38  5.629894e+00  -1.117050e+00
39  1.191145e+01  -8.230637e+00
40  1.286114e+01  -1.213791e+01
41  1.190162e+01  -1.794558e+01
42  9.658256e+00  -1.594430e+01
43  -7.468069e-01  -2.395027e+01
44  -1.374937e+01  -2.008723e+01
45  -1.221171e+01  2.424086e+01
46  -3.170063e+01  5.488934e+01
47  -1.234548e+02  1.224392e+02
48  -2.506668e+02  1.457439e+02
49  -3.957151e+02  2.449207e+02
50  -4.144665e+02  3.993534e+02
51  -5.507345e+02  2.350909e+02
52  -5.832313e+02  1.480958e+01
53  -2.284702e+02  4.313777e+01
54  1.397945e+02  -2.152988e+02
55  9.127220e+02  -3.682873e+02
56  3.037516e+03  -9.902387e+02
57  4.327024e+03  -9.827291e+02
58  5.554210e+03  1.651992e+02
59  1.382893e+03  -4.628444e+01
60  -2.003055e+04  1.049608e+03
61  -6.124975e+04  -1.863644e+02
62  -1.577182e+05  1.879767e+03
63  -7.030510e+05  1.349486e+03
ENDPROP
STARTPROP
MASSES:  4.500000e-02   4.200000e-03
SOURCE: GAM_32
SINKS: GAM_32
0  8.107449e+05  -3.467974e+03
1  -7.030781e+05  -5.975317e+03
2  -1.744539e+05  -2.255420e+03
3  -7.329023e+04  -1.240786e+03
4  -3.525283e+04  -5.644100e+03
5  -1.394612e+04  -4.656332e+03
6  -6.879417e+03  -3.758095e+03
7  -4.350188e+03  -1.949883e+03
8  -2.504547e+03  -1.250122e+03
9  -1.024207e+03  -1.176880e+03
10  3.472960e+01  -7.704830e+02
11  4.097808e+02  -2.300768e+02
12  3.104745e+02  1.455886e+02
13  4.080812e+02  3.922289e+02
14  2.250275e+02  2.992675e+02
15  1.717058e+02  2.035097e+02
16  2.871974e+01  1.681085e+02
17  -2.576688e+01  8.980701e+01
18  -1.359606e+01  4.352989e+01
19  1.210302e+01  3.448758e+01
20  -8.636284e+00  2.993223e+01
21  -3.120110e-04  3.050018e+01
22  7.574267e+00  2.867442e+01
23  1.414567e+01  5.794283e+00
24  1.057628e+01  -1.451598e+00
25  4.205247e+00  -4.695186e+00
26  3.524597e+00  -3.424219e+00
27  2.440312e+00  -2.443203e+00
28  8.872319e-01  2.679855e-01
29  -1.687068e+00  1.170067e+00
30  -2.372912e+00  3.921559e-01
31  -1.320556e+00  1.748277e-01
32  -1.258790e+00  7.546546e-01
33  -1.129041e+00  3.712029e-01
34  -1.346484e+00  1.207222e+00
35  -8.685505e-01  3.080716e+00
36  4.556817e-01  4.559041e+00
37  4.034497e+00  3.433404e+00
38  5.629894e+00  -1.117050e+00
39  1.191145e+01  -8.230637e+00
40  1.286114e+01  -1.213791e+01
41  1.190162e+01  -1.794558e+01
42  9.658256e+00  -1.594430e+01
43  -7.468069e-01  -2.395027e+01
44  -1.374937e+01  -2.008723e+01
45  -1.221171e+01  2.424086e+01
46  -3.170063e+01  5.488934e+01
47  -1.234548e+02  1.224392e+02
48  -2.506668e+02  1.457439e+02
49  -3.957151e+02  2.449207e+02
50  -4.144665e+02  3.993534e+02
51  -5.507345e+02  2.350909e+02
52  -5.832313e+02  1.480958e+01
53  -2.284702e+02  4.313777e+01
54  1.397945e+02  -2.152988e+02
55  9.127220e+02  -3.682873e+02
56  3.037516e+03  -9.902387e+02
57  4.327024e+03  -9.827291e+02
58  5.554210e+03  1.651992e+02
59  1.382893e+03  -4.628444e+01
60  -2.003055e+04  1.049608e+03
61  -6.124975e+04  -1.863644e+02
62  -1.577182e+05  1.879767e+03
63  -7.030510e+05  1.349486e+03
ENDPROP
STARTPROP
MASSES:  4.500000e-02   4.200000e-03
SOURCE: GAM_24
SINKS: GAM_24
0  3.413477e+04  -4.208428e+03
1  1.342283e+06  -3.441206e+03
2  5.656760e+05  -5.444101e+03
3  2.768305e+05  -8.273785e+03
4  1.344602e+05  -9.721286e+03
5  6.440577e+04  -8.411890e+03
6  2.813563e+04  -5.800296e+03
7  1.238325e+04  -5.035144e+03
8  6.381291e+03  -3.633981e+03
9  4.520769e+03  -1.575622e+03
10  2.430807e+03  -5.020565e+02
11  1.774616e+03  7.601141e+01
12  9.855413e+02  -9.248025e+01
13  7.419113e+02  -5.063630e+01
14  5.902174e+02  -4.840579e+01
15  3.925888e+02  -5.137852e+01
16  3.658469e+02  1.097043e+00
17  2.686898e+02  8.731896e+01
18  1.288632e+02  1.241784e+02
19  6.889047e+01  1.127487e+02
20  1.800950e+01  6.616698e+01
21  1.613224e+00  3.020423e+01
22  -1.078464e+01  1.414509e+01
23  -9.796317e+00  1.551141e+01
24  -7.739746e+00  1.654887e+01
25  -3.100576e+00  1.252847e+01
26  5.475772e-01  5.060912e+00
27  7.761590e-01  1.217652e-01
28  -3.056685e-01  -1.371805e+00
29  -6.835071e-01  -1.674458e+00
30  1.148079e+00  -3.032475e+00
31  1.844871e+00  -1.834602e+00
32  1.484821e+00  2.310595e-01
33  6.603707e-01  8.314717e-01
34  -1.037780e-02  1.507365e+00
35  4.243457e-01  6.700109e-01
36  -9.737149e-01  2.160376e+00
37  -1.382211e+00  4.967702e+00
38  -1.507035e+00  4.477348e+00
39  8.293497e-01  3.042283e+00
40  -3.187480e-01  7.304228e+00
41  3.402194e+00  9.718762e+00
42  1.482756e+01  4.437824e+00
43  4.408839e+00  7.958694e+00
44  -2.434234e+00  2.396659e+01
45  9.846310e+00  4.720489e+01
46  -5.875991e+00  8.201303e+01
47  7.284606e+01  1.108864e+02
48  1.104413e+02  8.001313e+01
49  1.307099e+02  1.148808e+02
50  3.424290e+02  3.076743e+02
51  1.050543e+03  3.414049e+02
52  1.912959e+03  5.444328e+02
53  3.338260e+03  7.302582e+02
54  5.248839e+03  1.129556e+03
55  8.510033e+03  1.833876e+03
56  1.406016e+04  8.192257e+02
57  2.446485e+04  9.305105e+02
58  4.304096e+04  1.112987e+03
59  8.081391e+04  -1.950540e+03
60  1.544815e+05  -7.357322e+03
61  2.956656e+05  -8.068988e+03
62  5.564740e+05  -1.024357e+04
63  1.344139e+06  -1.223478e+04
ENDPROP
STARTPROP
MASSES:  4.500000e-02   4.200000e-03
SOURCE: GAM_42
SINKS: GAM_42
0  3.413477e+04  -4.208428e+03
1  1.342283e+06  -3.441206e+03
2  5.656760e+05  -5.444101e+03
3  2.768305e+05  -8.273785e+03
4  1.344602e+05  -9.721286e+03
5  6.440577e+04  -8.411890e+03
6  2.813563e+04  -5.800296e+03
7  1.238325e+04  -5.035144e+03
8  6.381291e+03  -3.633981e+03
9  4.520769e+03  -1.575622e+03
10  2.430807e+03  -5.020565e+02
11  1.774616e+03  7.601141e+01
12  9.855413e+02  -9.248025e+01
13  7.419113e+02  -5.063630e+01
14  5.902174e+02  -4.840579e+01
15  3.925888e+02  -5.137852e+01
16  3.658469e+02  1.097043e+00
17  2.686898e+02  8.731896e+01
18  1.288632e+02  1.241784e+02
19  6.889047e+01  1.127487e+02
20  1.800950e+01  6.616698e+01
21  1.613224e+00  3.020423e+01
22  -1.078464e+01  1.414509e+01
23  -9.796317e+00  1.551141e+01
24  -7.739746e+00  1.654887e+01
25  -3.100576e+00  1.252847e+01
26  5.475772e-01  5.060912e+00
27  7.761590e-01  1.217652e-01
28  -3.056685e-01  -1.371805e+00
29  -6.835071e-01  -1.674458e+00
30  1.148079e+00  -3.032475e+00
31  1.844871e+00  -1.834602e+00
32  1.484821e+00  2.310595e-01
33  6.603707e-01  8.314717e-01
34  -1.037780e-02  1.507365e+00
35  4.243457e-01  6.700109e-01
36  -9.737149e-01  2.160376e+00
37  -1.382211e+00  4.967702e+00
38  -1.507035e+00  4.477348e+00
39  8.293497e-01  3.042283e+00
40  -3.187480e-01  7.304228e+00
41  3.402194e+00  9.718762e+00
42  1.482756e+01  4.437824e+00
43  4.408839e+00  7.958694e+00
44  -2.434234e+00  2.396659e+01
45  9.846310e+00  4.720489e+01
46  -5.875991e+00  8.201303e+01
47  7.284606e+01  1.108864e+02
48  1.104413e+02  8.001313e+01
49  1.307099e+02  1.148808e+02
50  3.424290e+02  3.076743e+02
51  1.050543e+03  3.414049e+02
52  1.912959e+03  5.444328e+02
53  3.338260e+03  7.302582e+02
54  5.248839e+03  1.129556e+03
55  8.510033e+03  1.833876e+03
56  1.406016e+04  8.192257e+02
57  2.446485e+04  9.305105e+02
58  4.304096e+04  1.112987e+03
59  8.081391e+04  -1.950540e+03
60  1.544815e+05  -7.357322e+03
61  2.956656e+05  -8.068988e+03
62  5.564740e+05  -1.024357e+04
63  1.344139e+06  -1.223478e+04
ENDPROP
STARTPROP
MASSES:  4.500000e-02   4.200000e-03
SOURCE: GAM_34
SINKS: GAM_34
0  4.284515e+04  -2.615664e+03
1  1.329108e+06  -1.249479e+04
2  5.464204e+05  -1.247145e+04
3  2.778380e+05  -1.101339e+04
4  1.356449e+05  -1.047149e+04
5  6.642813e+04  -6.173389e+03
6  3.216861e+04  -3.101489e+03
7  1.584927e+04  -1.507941e+03
8  6.556359e+03  -1.201630e+02
9  3.341189e+03  7.060892e+02
10  1.338621e+03  6.246573e+02
11  7.919048e+02  4.249961e+02
12  6.647631e+02  4.163263e+02
13  3.995036e+02  2.072187e+02
14  1.792569e+02  1.145282e+02
15  1.914293e+01  1.815713e+01
16  1.229143e+02  5.612162e+01
17  1.646381e+02  7.102691e+01
18  7.779250e+01  1.147130e+02
19  4.919409e+01  8.455908e+01
20  3.094361e+01  3.807376e+01
21  2.166513e+01  1.122603e+01
22  1.213566e+01  1.100621e+00
23  -5.156704e+00  3.549402e+00
24  -1.271758e+01  7.607697e-01
25  -9.082176e+00  1.232582e-01
26  -3.031431e+00  -2.633668e+00
27  -3.150827e-01  -2.254897e+00
28  1.607171e+00  -1.400242e+00
29  1.655975e+00  -1.695595e+00
30  1.577488e+00  -6.745172e-01
31  5.498084e-01  -1.191159e+00
32  -1.710108e+00  -1.870210e+00
33  -3.057278e+00  -2.638966e+00
34  -3.629557e+00  -3.697352e+00
35  -3.573414e+00  -5.969692e+00
36  -1.147741e+00  -5.554633e+00
37  2.925345e+00  -3.333649e+00
38  7.872726e+00  -3.740341e+00
39  6.282728e+00  -1.637388e+00
40  8.182699e+00  -4.381270e+00
41  -2.027718e+00  -4.348841e+00
42  -2.468264e+01  -5.224750e+00
43  -2.059876e+01  -6.272978e+00
44  -3.989009e+01  9.029790e+00
45  -5.945543e+01  1.407139e+01
46  -1.500685e+02  -2.185831e+01
47  -2.528944e+02  -1.120897e+01
48  -2.864408e+02  -1.990295e+01
49  -1.916181e+02  -2.006572e+01
50  7.427077e+01  3.046557e+02
51  7.263482e+02  6.043118e+02
52  1.855594e+03  1.111030e+03
53  3.376759e+03  1.837924e+03
54  5.495138e+03  1.525963e+03
55  8.756335e+03  8.338354e+02
56  1.539121e+04  3.054872e+02
57  2.565022e+04  1.036575e+03
58  4.527705e+04  6.322491e+02
59  9.081472e+04  -4.858209e+02
60  1.675803e+05  -3.150191e+03
61  3.177588e+05  -6.254588e+03
62  6.014337e+05  -1.415452e+03
63  1.377956e+06  -1.441710e+02
ENDPROP
STARTPROP
MASSES:  4.500000e-02   4.200000e-03
SOURCE: GAM_43
SINKS: GAM_43
0  4.284515e+04  -2.615664e+03
1  1.329108e+06  -1.249479e+04
2  5.464204e+05  -1.247145e+04
3  2.778380e+05  -1.101339e+04
4  1.356449e+05  -1.047149e+04
5  6.642813e+04  -6.173389e+03
6  3.216861e+04  -3.101489e+03
7  1.584927e+04  -1.507941e+03
8  6.556359e+03  -1.201630e+02
9  3.341189e+03  7.060892e+02
10  1.338621e+03  6.246573e+02
11  7.919048e+02  4.249961e+02
12  6.647631e+02  4.163263e+02
13  3.995036e+02  2.072187e+02
14  1.792569e+02  1.145282e+02
15  1.914293e+01  1.815713e+01
16  1.229143e+02  5.612162e+01
17  1.646381e+02  7.102691e+01
18  7.779250e+01  1.147130e+02
19  4.919409e+01  8.455908e+01
20  3.094361e+01  3.807376e+01
21  2.166513e+01  1.122603e+01
22  1.213566e+01  1.100621e+00
23  -5.156704e+00  3.549402e+00
24  -1.271758e+01  7.607697e-01
25  -9.082176e+00  1.232582e-01
26  -3.031431e+00  -2.633668e+00
27  -3.150827e-01  -2.254897e+00
28  1.607171e+00  -1.400242e+00
29  1.655975e+00  -1.695595e+00
30  1.577488e+00  -6.745172e-01
31  5.498084e-01  -1.191159e+00
32  -1.710108e+00  -1.870210e+00
33  -3.057278e+00  -2.638966e+00
34  -3.629557e+00  -3.697352e+00
35  -3.573414e+00  -5.969692e+00
36  -1.147741e+00  -5.554633e+00
37  2.925345e+00  -3.333649e+00
38  7.872726e+00  -3.740341e+00
39  6.282728e+00  -1.637388e+00
40  8.182699e+00  -4.381270e+00
41  -2.027718e+00  -4.348841e+00
42  -2.468264e+01  -5.224750e+00
43  -2.059876e+01  -6.272978e+00
44  -3.989009e+01  9.029790e+00
45  -5.945543e+01  1.407139e+01
46  -1.500685e+02  -2.185831e+01
47  -2.528944e+02  -1.120897e+01
48  -2.864408e+02  -1.990295e+01
49  -1.916181e+02  -2.006572e+01
50  7.427077e+01  3.046557e+02
51  7.263482e+02  6.043118e+02
52  1.855594e+03  1.111030e+03
53  3.376759e+03  1.837924e+03
54  5.495138e+03  1.525963e+03
55  8.756335e+03  8.338354e+02
56  1.539121e+04  3.054872e+02
57  2.565022e+04  1.036575e+03
58  4.527705e+04  6.322491e+02
59  9.081472e+04  -4.858209e+02
60  1.675803e+05  -3.150191e+03
61  3.177588e+05  -6.254588e+03
62  6.014337e+05  -1.415452e+03
63  1.377956e+06  -1.441710e+02
ENDPROP
STARTPROP
MASSES:  4.500000e-02   4.200000e-03
SOURCE: GAM_15
SINKS: GAM_15
0  -7.453420e+04  1.042466e+04
1  -1.036890e+06  1.192093e+04
2  -3.185491e+05  8.046862e+03
3  -1.332506e+05  1.899397e+03
4  -6.216085e+04  -2.968655e+03
5  -2.984112e+04  -2.988144e+03
6  -1.614915e+04  -1.024856e+03
7  -8.033421e+03  -3.663704e+02
8  -3.742836e+03  -1.143547e+02
9  -2.113995e+03  -9.051700e+01
10  -1.024540e+03  1.165096e+02
11  -1.483930e+02  3.464919e+02
12  -2.932666e+02  6.447387e+02
13  -8.331917e+02  6.750587e+02
14  -9.783473e+02  5.290965e+02
15  -8.595348e+02  2.849902e+02
16  -5.802455e+02  5.806224e+01
17  -3.298107e+02  -7.828348e+00
18  -1.815562e+02  -1.295806e+01
19  -8.736365e+01  2.222580e+01
20  -2.727999e+01  -1.041167e+00
21  3.394670e+00  -9.243976e+00
22  6.891861e-01  -1.799096e+01
23  -6.315438e+00  -1.280640e+01
24  -8.517768e+00  -7.285942e+00
25  -5.562621e+00  -5.283019e+00
26  -5.490609e+00  -4.166538e+00
27  -7.293266e+00  -2.285938e+00
28  -5.535051e+00  -1.576795e+00
29  -3.990594e+00  -3.417243e+00
30  -4.269513e+00  -3.845867e+00
31  -2.335822e+00  -1.570441e+00
32  -1.880436e+00  7.200354e-01
33  -1.322582e+00  1.725320e+00
34  -1.065754e+00  2.130491e+00
35  -8.997316e-01  1.238703e+00
36  3.207862e-01  7.028695e-01
37  -2.955212e+00  -1.964793e+00
38  -8.798822e+00  -1.014656e+01
39  -1.532889e+01  -1.354705e+01
40  -1.609507e+01  -2.033572e+01
41  -6.447660e+00  -2.343174e+01
42  7.183170e+00  -2.361993e+01
43  1.856532e+01  -1.157066e+01
44  4.552090e+01  1.825670e+01
45  1.083658e+02  8.771755e+01
46  1.292877e+02  1.807916e+02
47  1.221287e+02  2.594510e+02
48  9.967026e+01  3.101537e+02
49  1.704621e+01  2.864335e+02
50  -2.489429e+01  1.936473e+02
51  5.938672e+01  4.092900e+02
52  2.529392e+02  5.916016e+02
53  1.305788e+02  7.509570e+02
54  -2.497720e+00  7.427904e+02
55  6.742518e+01  1.999272e+03
56  -1.240195e+02  2.317732e+03
57  -2.993395e+03  7.008774e+02
58  -9.787822e+03  1.794216e+03
59  -2.404749e+04  2.325781e+01
60  -5.495793e+04  -5.644980e+03
61  -1.282654e+05  -6.971470e+03
62  -3.234502e+05  -2.849815e+03
63  -1.047611e+06  8.619313e+03
ENDPROP
STARTPROP
MASSES:  4.500000e-02   4.200000e-03
SOURCE: GAM_25
SINKS: GAM_25
0  -1.056315e+05  3.486503e+04
1  -1.072045e+06  3.549186e+04
2  -3.449215e+05  3.198022e+04
3  -1.467999e+05  2.131146e+04
4  -5.854047e+04  1.336169e+04
5  -2.554321e+04  9.440437e+03
6  -1.576867e+04  1.517584e+03
7  -9.081590e+03  -2.438022e+03
8  -3.763856e+03  -1.770528e+03
9  -9.076649e+02  -4.586015e+02
10  -1.072450e+02  -2.600445e+02
11  1.141466e+02  -7.566408e+01
12  2.437349e+02  -3.992320e+01
13  1.536631e+02  1.408809e+01
14  1.666916e+02  6.489718e+01
15  9.703425e+01  7.638453e+01
16  -7.196466e-01  3.237489e+01
17  2.776624e+00  9.317315e+01
18  1.299326e+01  6.097796e+01
19  2.397773e+01  6.282517e+01
20  5.250778e+01  4.536534e+01
21  4.045355e+01  2.315309e+01
22  3.008985e+01  5.651202e+00
23  2.489116e+01  6.056008e-01
24  2.364341e+01  3.375301e-01
25  1.162249e+01  5.014264e+00
26  5.448003e+00  3.723489e+00
27  1.622862e+00  2.469359e+00
28  1.012456e-01  1.170924e+00
29  2.531362e-01  7.822848e-01
30  1.025819e-01  -6.627266e-01
31  -3.487713e-01  -1.876189e+00
32  -1.807785e-01  -2.331531e+00
33  2.781527e-01  -2.798736e+00
34  1.391973e+00  -2.807783e+00
35  1.943436e+00  -2.083059e+00
36  3.174821e+00  -3.787380e+00
37  6.275715e+00  -5.369525e+00
38  1.138303e+01  -5.318409e+00
39  1.507475e+01  -5.930992e+00
40  1.122533e+01  -5.165657e+00
41  -9.137611e+00  1.728396e+00
42  -2.112164e+01  -1.155135e+01
43  -1.701505e+01  -1.918263e+01
44  -2.833065e+01  -3.942999e+01
45  -8.087558e+01  -7.394393e+01
46  -1.199552e+02  -9.386200e+01
47  -2.183768e+02  -1.127349e+02
48  -3.870262e+02  -2.334362e+02
49  -5.101664e+02  -3.386398e+02
50  -5.392661e+02  -2.768250e+02
51  -5.948645e+02  -6.029293e+02
52  -5.970287e+02  -8.656950e+02
53  -6.729013e+02  -8.079395e+02
54  -1.260114e+03  -1.309962e+02
55  -1.828786e+03  3.217287e+02
56  -3.654619e+03  3.856263e+02
57  -6.374922e+03  -2.092674e+03
58  -1.146494e+04  -5.192404e+03
59  -2.415646e+04  -7.192677e+03
60  -5.604802e+04  -4.038407e+03
61  -1.394540e+05  7.292505e+02
62  -3.486576e+05  1.191664e+04
63  -1.079807e+06  3.373361e+04
ENDPROP
STARTPROP
MASSES:  4.500000e-02   4.200000e-03
SOURCE: GAM_35
SINKS: GAM_35
0  3.403253e+03  -7.072956e+03
1  -9.469108e+05  -2.057190e+03
2  -2.521151e+05  7.495304e+03
3  -9.129960e+04  1.337591e+03
4  -3.574505e+04  -9.342221e+02
5  -1.003337e+04  3.146219e+03
6  -2.894871e+03  2.079325e+03
7  -6.546975e+02  1.623489e+03
8  7.729341e+02  6.913981e+02
9  1.230931e+03  1.049332e+03
10  1.094162e+03  9.549221e+02
11  7.430393e+02  1.709410e+02
12  7.056699e+02  -1.407670e+02
13  4.701081e+02  -1.767418e+01
14  -4.206092e+01  -6.391135e+01
15  -1.108617e+02  -4.493562e+01
16  -2.331695e+02  7.273933e+00
17  -2.017576e+02  -7.087754e+01
18  -7.470591e+01  -5.045594e+01
19  4.045759e+01  -4.928990e+01
20  3.266958e+01  -4.669238e+01
21  2.458227e+01  -4.960949e+01
22  1.750045e+01  -2.913749e+01
23  5.369014e+00  -9.088453e+00
24  -1.930469e+00  -1.181335e+01
25  5.264089e+00  -8.052111e+00
26  8.010050e+00  -7.591472e+00
27  7.552090e+00  -5.058356e+00
28  2.822240e+00  -3.815413e+00
29  -5.754818e-01  -2.651964e+00
30  -1.828150e+00  -2.394315e+00
31  -2.005039e+00  -1.704850e+00
32  -1.862078e+00  -2.238690e+00
33  -2.156484e+00  -3.252047e+00
34  -2.649580e+00  -3.980400e+00
35  -2.987096e-01  -4.671046e+00
36  2.382339e+00  -4.060041e+00
37  8.860227e-01  -3.102894e+00
38  1.419509e+00  -1.215886e+00
39  3.817769e+00  3.068015e+00
40  1.280486e+01  2.071746e+00
41  1.836788e+01  -1.035520e+01
42  2.449993e+01  -2.233984e+01
43  1.896281e+01  -4.251882e+01
44  3.575008e+01  -7.627614e+01
45  4.558219e+01  -1.389300e+02
46  1.254296e+01  -1.929301e+02
47  6.995208e+01  -1.387581e+02
48  2.084384e+02  -4.557073e+01
49  2.853486e+02  1.016881e+02
50  2.647518e+02  2.719503e+02
51  3.992853e+02  5.153870e+02
52  6.657138e+02  5.458085e+02
53  7.361882e+02  6.878707e+02
54  1.208669e+03  1.351359e+03
55  1.849330e+03  1.490431e+03
56  2.158204e+03  7.347315e+02
57  3.082453e+03  -4.283820e+01
58  -3.983939e+03  -2.110103e+03
59  -2.135704e+04  -9.221839e+03
60  -5.011838e+04  -1.602302e+04
61  -1.212035e+05  -1.652733e+04
62  -3.029313e+05  -1.181924e+04
63  -1.000369e+06  -5.966458e+03
ENDPROP
STARTPROP
MASSES:  4.500000e-02   4.200000e-03
SOURCE: GAM_45
SINKS: GAM_45
0  -1.285267e+06  -4.890166e+03
1  9.675961e+05  1.342716e+03
2  4.987267e+05  5.522436e+02
3  3.480954e+05  3.600560e+02
4  2.421171e+05  -3.431622e+03
5  1.587888e+05  -4.283941e+03
6  1.071715e+05  -1.296822e+03
7  7.138874e+04  -3.289933e+02
8  4.846760e+04  -5.625657e+02
9  3.340987e+04  -1.037174e+03
10  2.306605e+04  -3.093619e+02
11  1.599470e+04  -2.060773e+02
12  1.112799e+04  -1.086659e+02
13  7.668124e+03  7.747158e+01
14  5.286665e+03  2.131145e+02
15  3.650321e+03  1.490968e+02
16  2.483602e+03  1.128092e+02
17  1.690757e+03  8.212727e+01
18  1.131530e+03  6.688974e+01
19  7.805305e+02  7.674371e+01
20  5.289074e+02  5.496159e+01
21  3.561844e+02  3.640086e+01
22  2.394321e+02  2.084199e+01
23  1.598917e+02  1.176612e+01
24  1.015746e+02  3.699954e+00
25  6.623679e+01  -1.125805e+00
26  4.436220e+01  -1.467491e+00
27  2.979555e+01  -9.050402e-01
28  2.005719e+01  -2.774832e+00
29  1.435120e+01  -3.117857e+00
30  1.232635e+01  -2.770374e+00
31  1.225564e+01  -2.975275e+00
32  1.302521e+01  -3.455659e+00
33  1.594730e+01  -4.635677e+00
34  2.026658e+01  -5.310588e+00
35  2.830005e+01  -7.475642e+00
36  3.857956e+01  -9.411597e+00
37  5.587181e+01  -1.412305e+01
38  8.095875e+01  -1.759443e+01
39  1.150858e+02  -2.537416e+01
40  1.615822e+02  -3.501628e+01
41  2.221284e+02  -4.132864e+01
42  3.165496e+02  -6.499367e+01
43  4.479887e+02  -8.165648e+01
44  6.338784e+02  -1.032006e+02
45  9.240640e+02  -1.360121e+02
46  1.352849e+03  -1.558279e+02
47  1.990487e+03  -2.385416e+02
48  2.858612e+03  -3.237517e+02
49  4.145621e+03  -2.983761e+02
50  6.063494e+03  -4.692902e+02
51  8.982565e+03  -4.756744e+02
52  1.237488e+04  -5.569771e+02
53  1.847878e+04  -9.721927e+02
54  2.669106e+04  -1.383027e+03
55  3.868616e+04  -2.513644e+03
56  5.598517e+04  -4.312043e+03
57  8.063017e+04  -5.899224e+03
58  1.175437e+05  -5.983257e+03
59  1.708566e+05  -5.413560e+03
60  2.496624e+05  -8.429666e+03
61  3.593638e+05  -8.724847e+03
62  5.053176e+05  -7.630752e+03
63  9.772366e+05  -5.596713e+03
ENDPROP
STARTPROP
MASSES:  4.500000e-02   4.200000e-03
SOURCE: PSAX4
SINKS: GAM_4
0  1.784845e+04  7.419339e+03
1  1.652814e+06  7.583709e+03
2  1.036018e+06  2.475367e+03
3  7.177573e+05  1.414526e+02
4  4.959448e+05  -3.025760e+03
5  3.335780e+05  -2.120147e+03
6  2.249649e+05  6.573823e+02
7  1.515492e+05  1.129945e+03
8  1.022162e+05  3.248193e+02
9  6.939184e+04  -5.654801e+02
10  4.781730e+04  -1.776430e+02
11  3.295715e+04  -2.678793e+02
12  2.260120e+04  -2.592616e+02
13  1.540023e+04  -1.324469e+02
14  1.057576e+04  1.294937e+02
15  7.229703e+03  1.263723e+02
16  4.968823e+03  1.186731e+02
17  3.397725e+03  1.209198e+02
18  2.305332e+03  1.285966e+02
19  1.616676e+03  1.167264e+02
20  1.114142e+03  7.671720e+01
21  7.639072e+02  5.338777e+01
22  5.310608e+02  3.660069e+01
23  3.634271e+02  2.617700e+01
24  2.433724e+02  1.395333e+01
25  1.633577e+02  5.341615e+00
26  1.078196e+02  3.390713e+00
27  6.916777e+01  1.850685e+00
28  4.317119e+01  1.590926e-01
29  2.562574e+01  -9.944650e-01
30  1.272322e+01  -8.193346e-01
31  2.000948e+00  -4.157905e-01
32  -8.076930e+00  -6.284984e-01
33  -1.947245e+01  2.041460e-01
34  -3.296599e+01  -1.415931e-01
35  -5.069778e+01  2.563502e-01
36  -7.390046e+01  1.068496e-01
37  -1.075482e+02  2.079233e+00
38  -1.559632e+02  5.023220e+00
39  -2.252074e+02  5.878222e+00
40  -3.166192e+02  6.485871e+00
41  -4.433448e+02  5.950741e+00
42  -6.426724e+02  1.201745e+01
43  -9.074993e+02  2.173327e+01
44  -1.276500e+03  2.538711e+01
45  -1.832062e+03  1.378142e+01
46  -2.649144e+03  -2.979510e+01
47  -3.807932e+03  -3.030963e+01
48  -5.483292e+03  -5.766563e+01
49  -7.894492e+03  -1.810322e+02
50  -1.140158e+04  -2.557276e+02
51  -1.672543e+04  -4.505438e+02
52  -2.365428e+04  -6.563460e+02
53  -3.492173e+04  -5.729183e+02
54  -5.065599e+04  -4.605645e+02
55  -7.417114e+04  6.308427e+01
56  -1.087316e+05  1.502993e+03
57  -1.566306e+05  3.277214e+03
58  -2.271356e+05  3.024337e+03
59  -3.311482e+05  3.251882e+03
60  -4.818610e+05  5.888682e+03
61  -6.956908e+05  7.735343e+03
62  -1.005745e+06  1.548369e+04
63  -1.618719e+06  1.235796e+04
ENDPROP
STARTPROP
MASSES:  4.500000e-02   4.200000e-03
SOURCE: WWPSAX4
SINKS: GAM_4
0  -6.781895e+07  2.323002e+08
1  1.531617e+09  1.206316e+08
2  6.557849e+08  4.430171e+07
3  4.627623e+08  9.436490e+06
4  2.117960e+08  4.121902e+07
5  1.409492e+08  2.846661e+07
6  1.013811e+08  -9.269904e+06
7  6.705596e+07  -1.197325e+07
8  7.209023e+07  3.273506e+06
9  2.949174e+07  -5.567093e+06
10  1.393697e+07  2.758282e+06
11  1.913220e+07  3.410194e+06
12  8.462821e+06  -3.563764e+06
13  1.123110e+07  -1.044130e+06
14  1.014318e+07  3.248977e+06
15  3.520511e+06  -6.140713e+05
16  3.773850e+06  -5.668834e+05
17  2.821813e+06  5.787292e+05
18  1.275424e+06  2.221713e+05
19  6.409476e+05  -5.336331e+04
20  5.964159e+05  9.619634e+04
21  7.100941e+05  -1.238049e+04
22  3.977010e+05  -1.054316e+05
23  2.133265e+05  1.743568e+04
24  4.816926e+04  3.891789e+02
25  1.996833e+05  3.484625e+04
26  5.424365e+04  2.325437e+04
27  9.644393e+04  -2.705367e+02
28  6.164251e+03  1.555567e+04
29  2.214176e+04  -4.701729e+03
30  -5.105366e+03  -1.482636e+04
31  1.063613e+04  -1.059922e+04
32  -1.658219e+04  -1.109179e+04
33  -1.545409e+04  -1.199919e+04
34  -6.688097e+03  1.281697e+04
35  -4.606058e+04  -2.401133e+02
36  -9.025485e+04  -1.297883e+04
37  -5.944901e+04  -1.660335e+03
38  -1.191587e+05  2.865497e+03
39  -1.333431e+05  -1.928562e+04
40  -1.119065e+05  -4.638262e+04
41  -1.646015e+05  -2.958566e+04
42  -4.275782e+05  -1.852159e+05
43  -3.114691e+05  1.939524e+05
44  -1.061227e+06  2.488341e+05
45  -1.223212e+06  2.930014e+05
46  -1.610607e+06  -2.783655e+05
47  -1.466705e+06  1.034272e+06
48  -2.670742e+06  -3.764573e+05
49  -3.995951e+06  -1.793813e+06
50  -3.597567e+06  1.428110e+06
51  -1.002342e+07  3.345980e+06
52  -9.516392e+06  1.152469e+05
53  -1.530955e+07  -2.352485e+06
54  -3.030814e+07  7.546847e+06
55  -5.902401e+07  -1.918538e+07
56  -7.684969e+07  -7.394389e+06
57  -9.187105e+07  6.248426e+06
58  -1.176083e+08  9.544075e+06
59  -1.921249e+08  -5.147231e+07
60  -3.494013e+08  -6.531869e+07
61  -5.223727e+08  -8.072206e+07
62  -9.596119e+08  2.633406e+07
63  -1.866914e+09  -6.509192e+07
ENDPROP
STARTPROP
MASSES:  4.500000e-02   4.200000e-03
SOURCE: WWGAM_5
SINKS: GAM_5
0  1.664044e+10  -3.791655e+01
1  2.412714e+09  1.346433e+08
2  1.193035e+09  1.149680e+08
3  8.612696e+08  3.511609e+07
4  4.873102e+08  7.283671e+07
5  3.414013e+08  8.874365e+06
6  2.340451e+08  5.181196e+06
7  1.855789e+08  -2.710964e+06
8  1.493840e+08  1.797792e+06
9  7.586795e+07  -5.697095e+06
10  5.229325e+07  1.812832e+06
11  3.616671e+07  -2.346933e+06
12  2.345109e+07  -7.172173e+06
13  1.996050e+07  1.097910e+06
14  1.551288e+07  2.161315e+06
15  6.814207e+06  -3.484215e+05
16  6.955053e+06  -1.521477e+06
17  4.700625e+06  1.784513e+05
18  3.206933e+06  -1.422917e+04
19  1.940180e+06  7.905144e+04
20  1.000895e+06  1.287501e+04
21  1.133835e+06  5.077110e+04
22  7.051037e+05  5.749321e+04
23  5.422318e+05  -2.917403e+04
24  2.628659e+05  -3.045824e+02
25  2.381002e+05  4.507784e+04
26  1.283613e+05  5.149865e+04
27  1.610087e+05  -5.660675e+02
28  5.068211e+04  9.693610e+03
29  5.270898e+04  -4.290236e+03
30  3.858200e+04  -7.492671e+02
31  3.342866e+04  -5.384012e+03
32  2.999763e+04  1.040833e+04
33  4.435049e+04  -1.963381e+02
34  3.249091e+04  -6.901069e+03
35  7.145249e+04  2.206212e+03
36  1.263485e+05  2.876502e+04
37  8.967825e+04  -1.888118e+04
38  1.997797e+05  -1.023756e+04
39  2.841341e+05  8.716513e+03
40  2.128709e+05  1.575981e+04
41  4.558834e+05  -4.238162e+04
42  7.311715e+05  6.795156e+04
43  8.937666e+05  -1.293045e+05
44  1.760132e+06  -1.127375e+05
45  2.559397e+06  -1.222080e+05
46  3.025104e+06  5.584976e+05
47  3.849102e+06  -8.928648e+05
48  6.712996e+06  7.349465e+05
49  8.679762e+06  2.917041e+06
50  9.332751e+06  1.658753e+05
51  1.992145e+07  -3.383918e+06
52  2.703308e+07  -4.007000e+05
53  3.583080e+07  4.423889e+06
54  5.322223e+07  -6.344941e+06
55  1.075382e+08  1.782166e+06
56  1.465095e+08  -4.212569e+06
57  1.703214e+08  -1.532429e+07
58  2.320929e+08  -1.652818e+07
59  3.465257e+08  4.071290e+07
60  6.375235e+08  7.012684e+07
61  9.001313e+08  3.936918e+07
62  1.681254e+09  -4.093541e+07
63  2.823180e+09  5.352330e+07
ENDPROP
