STARTPROP
MASSES:  4.500000e-02   4.200000e-03
SOURCE: GAM_1
SINKS: GAM_1
0  1.174924e+06  -1.233218e+04
1  1.919721e+06  -5.538835e+04
2  9.128898e+05  -4.009324e+04
3  4.873001e+05  -2.341229e+04
4  2.569139e+05  -9.650482e+03
5  1.313813e+05  -4.571722e+03
6  7.009134e+04  -3.453315e+03
7  3.731003e+04  -2.142733e+03
8  1.861157e+04  7.510557e+01
9  8.095695e+03  3.728094e+01
10  3.429036e+03  4.310176e+02
11  1.619405e+03  1.406065e+02
12  1.903287e+02  -1.351125e+02
13  -2.610679e+02  -2.727887e+02
14  -1.777911e+02  -2.198165e+02
15  1.210886e+01  4.531583e+01
16  -1.964124e+01  2.105897e+01
17  -4.335014e+01  1.583803e+01
18  4.907019e+01  -1.932628e+01
19  5.556427e+01  -3.509509e+01
20  2.732682e+01  -3.963772e+01
21  3.177520e+01  -4.680591e+01
22  3.852929e+01  -3.202302e+01
23  3.644730e+01  -1.594134e+01
24  2.295752e+01  -4.079731e+00
25  8.668937e+00  2.801812e+00
26  3.243546e+00  3.714277e+00
27  3.060204e+00  -2.011684e+00
28  3.325736e+00  -1.705131e+00
29  2.098167e+00  -6.388562e-01
30  -2.156714e-01  -8.496511e-01
31  -1.672696e+00  -3.881665e-01
32  -2.031111e+00  -1.520839e-01
33  -3.857523e+00  1.979691e+00
34  -6.723031e+00  3.539096e+00
35  -9.459879e+00  2.859873e+00
36  -1.379502e+01  3.673390e+00
37  -1.677569e+01  6.723065e+00
38  -1.683951e+01  1.570430e+01
39  -1.509743e+01  2.161066e+01
40  -3.640366e+00  2.285450e+01
41  2.675397e+00  1.208787e+01
42  -1.363075e+01  1.827674e+01
43  -3.545010e+01  2.525282e+01
44  -5.269984e+01  2.402197e+01
45  -5.164594e+01  4.135290e+00
46  -1.020836e+02  -4.282408e+01
47  -6.918043e+01  -8.957330e+01
48  1.578607e+01  -9.231284e+01
49  1.029306e+02  -1.252575e+02
50  1.172053e+02  -3.899685e+02
51  -5.763535e+02  -5.968208e+02
52  -8.715713e+02  -4.652315e+02
53  -1.064949e+02  2.291539e+02
54  1.449521e+03  1.163031e+03
55  3.324874e+03  1.087169e+03
56  9.501383e+03  -3.006849e+02
57  1.965012e+04  -9.032480e+02
58  4.052791e+04  -1.415190e+03
59  8.949107e+04  -1.689080e+03
60  1.960004e+05  1.909182e+03
61  4.137902e+05  5.171792e+03
62  8.291770e+05  1.553545e+04
63  1.850727e+06  3.051606e+04
ENDPROP
STARTPROP
MASSES:  4.500000e-02   4.200000e-03
SOURCE: GAM_2
SINKS: GAM_2
0  1.182981e+06  -1.547392e+04
1  1.946659e+06  -5.664684e+04
2  9.584038e+05  -2.336173e+04
3  5.165470e+05  -9.186615e+03
4  2.667913e+05  5.534968e+01
5  1.357640e+05  3.809048e+03
6  6.579977e+04  3.367191e+03
7  2.863554e+04  3.291067e+03
8  1.310411e+04  2.722879e+03
9  5.271828e+03  1.924453e+03
10  1.554177e+03  3.783313e+02
11  1.260389e+02  -5.631833e+02
12  9.243178e+01  -1.061857e+03
13  2.621536e+02  -6.612216e+02
14  3.651810e+02  -3.391587e+02
15  2.963423e+02  -2.351832e+02
16  1.572564e+02  -2.058261e+02
17  4.845251e+01  -9.958190e+01
18  -2.301465e+01  -2.348081e+01
19  -5.965539e+01  4.193569e+00
20  -2.463057e+01  2.485656e+01
21  -2.284141e+00  5.402586e+00
22  -1.623734e+01  -4.905292e+00
23  -3.897642e+01  -4.967078e+00
24  -3.363856e+01  -3.323727e-01
25  -1.888118e+01  -1.185261e+00
26  -7.087632e+00  6.106368e-01
27  -2.752532e+00  1.288676e+00
28  -2.654182e+00  3.217758e+00
29  -1.520113e+00  5.876256e+00
30  -1.026754e-01  4.009335e+00
31  -9.758174e-02  2.780228e+00
32  2.302301e-01  7.516001e-01
33  1.372323e+00  5.715195e-01
34  2.370261e+00  1.847823e+00
35  3.040666e+00  3.207499e+00
36  2.817615e+00  4.339690e+00
37  5.450689e+00  9.087279e+00
38  5.849673e+00  1.143305e+01
39  3.692870e+00  7.668988e+00
40  -4.510572e+00  5.295383e-02
41  -3.827180e+00  -1.034333e+01
42  -1.021638e+01  -1.180657e+01
43  -1.943646e+01  -5.391376e-01
44  -1.009984e+01  1.899781e+01
45  -1.325921e+01  9.365496e+01
46  -3.587033e+01  1.245186e+02
47  -1.894180e+01  1.293162e+02
48  1.883912e+01  2.112206e+02
49  5.898995e+01  3.362458e+02
50  1.442477e+02  6.047198e+02
51  -1.056558e+02  8.149763e+02
52  -2.508449e+02  8.389887e+02
53  1.031099e+03  7.999904e+02
54  4.199804e+03  6.216719e+02
55  9.377076e+03  5.602626e+00
56  1.667564e+04  -1.182068e+02
57  3.144429e+04  1.504981e+02
58  5.961304e+04  6.828362e+02
59  1.171591e+05  1.271227e+03
60  2.373128e+05  4.088122e+03
61  4.603659e+05  7.963841e+03
62  8.747786e+05  1.591373e+04
63  1.880488e+06  2.956811e+04
ENDPROP
STARTPROP
MASSES:  4.500000e-02   4.200000e-03
SOURCE: GAM_3
SINKS: GAM_3
0  1.213448e+06  -1.799165e+04
1  1.949185e+06  -4.527558e+04
2  9.288435e+05  -2.124028e+04
3  4.928744e+05  -5.039283e+03
4  2.631599e+05  1.083629e+03
5  1.434758e+05  2.492209e+03
6  7.682413e+04  -3.491023e+02
7  3.961434e+04  -6.270968e+02
8  2.218815e+04  -8.691633e+02
9  1.020902e+04  -8.745247e+02
10  4.100320e+03  -1.482470e+02
11  1.359024e+03  5.712989e+02
12  8.528222e+01  1.109818e+02
13  -5.029518e+02  5.419745e+01
14  -5.126575e+02  4.838025e+00
15  -4.009963e+02  -1.217671e+02
16  -2.618368e+02  -3.353620e+01
17  -2.151173e+01  -5.885875e+01
18  4.746593e+01  -5.377699e+01
19  7.937233e+01  -2.414563e+01
20  6.259229e+01  -1.346717e+01
21  4.413334e+01  8.586376e+00
22  1.297727e+01  1.552273e+01
23  -3.719278e+00  1.239150e+01
24  -1.297762e+01  8.606549e+00
25  -9.302902e+00  1.452214e+01
26  -2.030196e+00  1.428858e+01
27  8.706843e-01  1.188832e+01
28  1.895346e+00  9.149781e+00
29  1.276613e+00  4.502839e+00
30  1.176887e+00  5.566513e-01
31  9.531221e-02  -1.672778e+00
32  -1.642243e+00  -1.198022e+00
33  -1.307239e+00  -1.019750e+00
34  -1.451876e+00  -1.808131e+00
35  -1.823396e+00  -3.711344e+00
36  -1.372245e+00  -5.326719e+00
37  1.481890e+00  -7.025080e+00
38  6.732530e+00  -4.089106e+00
39  1.162345e+01  -4.990169e+00
40  1.717427e+01  -4.468730e+00
41  2.643145e+01  -7.863791e-01
42  3.592993e+01  2.536605e+01
43  2.724123e+01  6.528437e+01
44  1.928328e+01  1.001397e+02
45  -2.442110e+01  1.132704e+02
46  -2.848213e+01  1.074072e+02
47  -5.130924e+01  -5.956100e+00
48  -7.672506e+01  -2.076820e+02
49  -6.095674e+00  -1.821989e+02
50  1.373194e+01  8.560142e+01
51  3.013676e+02  2.781675e+02
52  3.557414e+02  3.867401e+02
53  1.044601e+03  5.042721e+02
54  2.195450e+03  7.315809e+02
55  4.822186e+03  1.377350e+03
56  1.277483e+04  1.833398e+03
57  3.177373e+04  4.182480e+03
58  6.241313e+04  5.806103e+03
59  1.160079e+05  3.644734e+03
60  2.289718e+05  1.718679e+03
61  4.524154e+05  2.012506e+03
62  8.833931e+05  7.798143e+03
63  1.912614e+06  2.392273e+04
ENDPROP
STARTPROP
MASSES:  4.500000e-02   4.200000e-03
SOURCE: GAM_4
SINKS: GAM_4
0  2.115630e+06  7.526086e+02
1  -3.058611e+05  4.648196e+04
2  -1.458426e+04  3.099790e+04
3  -9.243315e+03  1.755541e+04
4  -4.924773e+03  1.204343e+04
5  -1.683187e+03  6.525331e+03
6  -3.520340e+02  3.219772e+03
7  9.583078e+02  1.593930e+03
8  3.714230e+02  1.239699e+03
9  1.767040e+02  1.227197e+02
10  4.736531e+01  3.391522e+02
11  3.454624e+02  1.165928e+02
12  2.001801e+02  1.288385e+02
13  2.628954e+02  1.240358e+02
14  7.294050e+01  1.011304e+02
15  8.373549e+01  -1.958205e+01
16  8.475517e+01  2.647656e+01
17  6.385164e+01  1.841147e+01
18  5.045519e+01  -6.943829e+00
19  4.248518e+01  -1.164396e+01
20  3.672668e+01  -2.025145e+01
21  3.393788e+01  -2.291989e+01
22  2.973390e+01  -1.726108e+01
23  1.627960e+01  -1.297261e+01
24  1.282435e+01  -1.040198e+01
25  1.332742e+01  -7.683963e+00
26  1.105660e+01  -7.229331e+00
27  8.659788e+00  -5.596935e+00
28  6.254828e+00  -3.388352e+00
29  5.772114e+00  -3.172420e+00
30  5.007484e+00  -2.870287e+00
31  4.706737e+00  -2.480645e+00
32  3.751942e+00  -2.284433e+00
33  2.966340e+00  -2.038820e+00
34  2.591240e+00  -2.411737e+00
35  2.095181e+00  -2.523088e+00
36  6.776350e-01  -3.607136e+00
37  2.639850e-01  -4.542277e+00
38  -4.783988e-01  -6.266083e+00
39  -2.248472e+00  -6.200882e+00
40  -1.035559e+00  -9.381173e+00
41  -3.272713e+00  -1.105391e+01
42  -6.540777e+00  -8.798671e+00
43  -1.698000e+01  -1.131438e+01
44  -2.267212e+01  -1.806605e+01
45  -3.269706e+01  -1.091123e+01
46  -4.845781e+01  -1.327032e+01
47  -6.560786e+01  -3.381796e+01
48  -5.199299e+01  -2.791112e+01
49  -1.071748e+02  4.739613e+01
50  -4.914478e+01  6.661077e+01
51  -9.817937e+01  2.004673e+02
52  2.514157e+02  1.795293e+02
53  2.995331e+02  1.807273e+02
54  1.956176e+02  3.184785e+02
55  2.352874e+02  1.632972e+02
56  1.715873e+02  -4.030664e+02
57  -6.176739e+02  -1.158624e+03
58  8.822772e+01  -2.625892e+03
59  -1.670328e+02  -5.484984e+03
60  -5.331718e+03  -8.506938e+03
61  -9.154649e+03  -1.780238e+04
62  -1.210243e+04  -3.055992e+04
63  -2.947330e+05  -4.674486e+04
ENDPROP
STARTPROP
MASSES:  4.500000e-02   4.200000e-03
SOURCE: GAM_5
SINKS: GAM_5
0  6.722372e+06  -3.872956e+04
1  6.661429e+06  -1.073623e+05
2  4.719104e+06  -8.026441e+04
3  3.402400e+06  -3.979710e+04
4  2.393741e+06  -1.127583e+04
5  1.666872e+06  -4.600392e+03
6  1.146873e+06  -1.713173e+03
7  7.938711e+05  4.076477e+03
8  5.624381e+05  9.121646e+03
9  3.986241e+05  8.577239e+03
10  2.784778e+05  8.338607e+03
11  1.913096e+05  7.708727e+03
12  1.306985e+05  5.645658e+03
13  8.638213e+04  3.242715e+03
14  5.774946e+04  1.951182e+03
15  3.958589e+04  1.577336e+03
16  2.719362e+04  1.401779e+03
17  1.835286e+04  1.006244e+03
18  1.260467e+04  6.299430e+02
19  8.864602e+03  4.223556e+02
20  6.276279e+03  3.142245e+02
21  4.437695e+03  2.417163e+02
22  3.127878e+03  1.864750e+02
23  2.127013e+03  1.577728e+02
24  1.456301e+03  1.223692e+02
25  1.012721e+03  9.344944e+01
26  7.054001e+02  6.877582e+01
27  4.975755e+02  4.971638e+01
28  3.342129e+02  3.155654e+01
29  2.352914e+02  1.858410e+01
30  1.779045e+02  1.243533e+01
31  1.482686e+02  7.023252e+00
32  1.412364e+02  3.456726e+00
33  1.502866e+02  4.844323e+00
34  1.808660e+02  8.843184e+00
35  2.382392e+02  1.222191e+01
36  3.315363e+02  1.717161e+01
37  4.789316e+02  2.786895e+01
38  7.030812e+02  4.814373e+01
39  1.030072e+03  7.322883e+01
40  1.503657e+03  8.610016e+01
41  2.193297e+03  9.058553e+01
42  3.188144e+03  8.929033e+01
43  4.538375e+03  1.009806e+02
44  6.396373e+03  1.073317e+02
45  9.173404e+03  1.155953e+02
46  1.336130e+04  6.367600e+01
47  1.917983e+04  -7.963746e+01
48  2.758744e+04  -4.026101e+02
49  3.983860e+04  -4.810784e+02
50  5.830787e+04  2.865426e+02
51  8.501373e+04  2.004721e+03
52  1.250635e+05  3.400864e+03
53  1.860449e+05  6.589625e+03
54  2.731676e+05  1.248351e+04
55  3.989853e+05  1.878721e+04
56  5.813655e+05  2.226205e+04
57  8.250224e+05  2.018012e+04
58  1.155789e+06  1.850221e+04
59  1.635143e+06  2.050252e+04
60  2.335056e+06  2.660443e+04
61  3.348020e+06  3.364072e+04
62  4.662418e+06  3.722464e+04
63  6.610131e+06  4.781135e+04
ENDPROP
STARTPROP
MASSES:  4.500000e-02   4.200000e-03
SOURCE: GAM_12
SINKS: GAM_12
0  8.106436e+05  -2.253862e+03
1  -7.125958e+05  3.041762e+04
2  -1.879569e+05  9.342659e+03
3  -7.624718e+04  -7.595772e+00
4  -3.363625e+04  -1.488227e+03
5  -1.007120e+04  -4.583426e+02
6  -4.648604e+03  1.173308e+03
7  -2.921157e+03  9.962462e+01
8  -1.683492e+03  -8.119680e+02
9  -2.568810e+02  -2.358237e+02
10  2.867973e+02  2.963186e+02
11  2.639534e+02  2.390940e+02
12  1.039779e+03  5.669127e+02
13  9.482731e+02  6.180373e+02
14  7.188999e+02  4.228530e+02
15  4.028369e+02  1.490810e+02
16  1.313839e+02  -3.306207e+01
17  5.603061e+01  -2.558632e+01
18  2.281205e+01  -7.726506e+00
19  1.424026e+01  -1.448491e+01
20  1.328673e+01  1.929600e+01
21  1.000714e+01  1.397564e+01
22  4.518036e+00  1.223716e+01
23  -5.258108e-01  -8.901549e-01
24  -9.460390e+00  -5.743338e+00
25  -5.930492e+00  -2.036485e+00
26  -9.687576e-01  -8.673517e-01
27  -2.158091e-01  1.011230e+00
28  -7.665458e-01  1.734627e+00
29  -1.141842e-01  1.313882e+00
30  -7.413916e-02  4.553867e-01
31  -8.022786e-01  1.824241e-01
32  8.578745e-02  -3.641493e-01
33  7.119025e-01  -5.734351e-01
34  5.181506e-01  4.366892e-02
35  1.143009e+00  1.870163e+00
36  1.107819e+00  3.470460e+00
37  1.512482e+00  3.408981e+00
38  4.376369e+00  7.453293e+00
39  7.764727e+00  1.079447e+01
40  1.157488e+01  1.217090e+01
41  1.370153e+01  1.569305e+01
42  1.338693e+01  2.442723e+01
43  2.596000e+01  1.140792e+01
44  2.894048e+01  -2.645427e+00
45  6.219493e+01  4.501772e+00
46  8.906056e+01  3.907950e+00
47  8.783366e+01  1.276383e+01
48  -4.040288e+01  3.669178e+01
49  -2.213762e+02  -1.641060e+01
50  -3.696282e+02  -6.785722e+01
51  -5.998802e+01  -1.559717e+02
52  4.679926e+02  -3.552731e+02
53  4.133033e+02  -4.623828e+02
54  -8.679705e+02  2.785034e+02
55  -1.918615e+03  6.176587e+02
56  -2.636176e+03  4.963853e+02
57  -3.768187e+03  4.785071e+02
58  -3.232629e+03  -3.851966e+02
59  -8.037705e+03  -1.398485e+03
60  -1.526252e+04  -3.800433e+03
61  -4.358904e+04  -1.063834e+04
62  -1.571247e+05  -1.253714e+04
63  -7.000655e+05  -2.949927e+04
ENDPROP
STARTPROP
MASSES:  4.500000e-02   4.200000e-03
SOURCE: GAM_21
SINKS: GAM_21
0  8.106436e+05  -2.253862e+03
1  -7.125958e+05  3.041762e+04
2  -1.879569e+05  9.342659e+03
3  -7.624718e+04  -7.595772e+00
4  -3.363625e+04  -1.488227e+03
5  -1.007120e+04  -4.583426e+02
6  -4.648604e+03  1.173308e+03
7  -2.921157e+03  9.962462e+01
8  -1.683492e+03  -8.119680e+02
9  -2.568810e+02  -2.358237e+02
10  2.867973e+02  2.963186e+02
11  2.639534e+02  2.390940e+02
12  1.039779e+03  5.669127e+02
13  9.482731e+02  6.180373e+02
14  7.188999e+02  4.228530e+02
15  4.028369e+02  1.490810e+02
16  1.313839e+02  -3.306207e+01
17  5.603061e+01  -2.558632e+01
18  2.281205e+01  -7.726506e+00
19  1.424026e+01  -1.448491e+01
20  1.328673e+01  1.929600e+01
21  1.000714e+01  1.397564e+01
22  4.518036e+00  1.223716e+01
23  -5.258108e-01  -8.901549e-01
24  -9.460390e+00  -5.743338e+00
25  -5.930492e+00  -2.036485e+00
26  -9.687576e-01  -8.673517e-01
27  -2.158091e-01  1.011230e+00
28  -7.665458e-01  1.734627e+00
29  -1.141842e-01  1.313882e+00
30  -7.413916e-02  4.553867e-01
31  -8.022786e-01  1.824241e-01
32  8.578745e-02  -3.641493e-01
33  7.119025e-01  -5.734351e-01
34  5.181506e-01  4.366892e-02
35  1.143009e+00  1.870163e+00
36  1.107819e+00  3.470460e+00
37  1.512482e+00  3.408981e+00
38  4.376369e+00  7.453293e+00
39  7.764727e+00  1.079447e+01
40  1.157488e+01  1.217090e+01
41  1.370153e+01  1.569305e+01
42  1.338693e+01  2.442723e+01
43  2.596000e+01  1.140792e+01
44  2.894048e+01  -2.645427e+00
45  6.219493e+01  4.501772e+00
46  8.906056e+01  3.907950e+00
47  8.783366e+01  1.276383e+01
48  -4.040288e+01  3.669178e+01
49  -2.213762e+02  -1.641060e+01
50  -3.696282e+02  -6.785722e+01
51  -5.998802e+01  -1.559717e+02
52  4.679926e+02  -3.552731e+02
53  4.133033e+02  -4.623828e+02
54  -8.679705e+02  2.785034e+02
55  -1.918615e+03  6.176587e+02
56  -2.636176e+03  4.963853e+02
57  -3.768187e+03  4.785071e+02
58  -3.232629e+03  -3.851966e+02
59  -8.037705e+03  -1.398485e+03
60  -1.526252e+04  -3.800433e+03
61  -4.358904e+04  -1.063834e+04
62  -1.571247e+05  -1.253714e+04
63  -7.000655e+05  -2.949927e+04
ENDPROP
STARTPROP
MASSES:  4.500000e-02   4.200000e-03
SOURCE: GAM_13
SINKS: GAM_13
0  8.000748e+05  6.130414e+03
1  -7.064111e+05  4.136833e+04
2  -1.602901e+05  2.377673e+04
3  -5.464467e+04  1.201516e+04
4  -1.577223e+04  4.466108e+03
5  -6.394944e+03  -1.664913e+02
6  -2.919240e+03  -1.733567e+03
7  -2.533143e+03  -1.966243e+03
8  -2.877270e+03  -1.978054e+03
9  -2.309111e+03  -1.736170e+03
10  -2.226912e+03  -5.695990e+02
11  -1.146937e+03  -9.361095e+01
12  -3.623384e+02  -2.361615e+02
13  1.451684e+01  -7.865471e+01
14  -9.643986e+01  -4.698376e+01
15  -1.797324e+02  -7.460700e+01
16  -6.340060e+01  -3.557618e+01
17  3.725745e+01  -3.776902e+00
18  4.316269e+01  1.134674e+01
19  4.181712e+01  2.551880e+01
20  4.500575e+01  2.644264e+01
21  4.228809e+01  1.330528e+00
22  5.814101e+00  1.111860e+00
23  -3.443868e+00  6.775874e+00
24  -3.317314e+00  1.715391e+00
25  -2.027115e+00  2.312465e+00
26  -2.923826e+00  -2.150198e+00
27  -3.045862e+00  -2.297957e+00
28  -2.096619e+00  -4.183313e-01
29  -2.848763e+00  -1.061425e-01
30  -1.271037e+00  1.135543e-01
31  -1.068515e+00  1.050988e+00
32  -1.555077e+00  -1.019246e+00
33  -1.356997e+00  -2.537663e+00
34  -3.510219e+00  -2.529458e+00
35  -5.227395e+00  -2.070983e+00
36  -4.138245e+00  -1.500088e+00
37  -1.882803e+00  -3.290635e+00
38  -1.083190e+00  -8.304366e+00
39  1.767512e-02  -1.234688e+01
40  3.824018e+00  -1.033407e+01
41  -3.527516e+00  -7.519898e+00
42  -1.193377e+01  -1.352713e+00
43  -2.122419e+01  -2.721645e+00
44  -2.646968e+01  -1.502088e+01
45  -3.441455e+01  -6.488342e+01
46  -7.012042e+01  -1.149278e+02
47  -1.166161e+02  -1.865424e+02
48  -9.020902e+01  -2.460141e+02
49  -1.343585e+02  -2.752296e+02
50  -2.780589e+01  -3.438070e+02
51  -1.371481e+02  -4.925095e+02
52  -4.637132e+02  -6.160915e+02
53  -8.698589e+02  -8.688193e+02
54  -1.293683e+03  -1.287204e+03
55  -4.361779e+02  -2.390581e+03
56  9.768839e+02  -2.124699e+03
57  1.728074e+03  -1.539397e+03
58  1.321497e+03  -2.298692e+03
59  5.854126e+02  -3.963292e+03
60  -8.882242e+03  -7.221288e+03
61  -5.634483e+04  -1.163499e+04
62  -1.703244e+05  -2.016690e+04
63  -7.006050e+05  -3.406829e+04
ENDPROP
STARTPROP
MASSES:  4.500000e-02   4.200000e-03
SOURCE: GAM_31
SINKS: GAM_31
0  8.000748e+05  6.130414e+03
1  -7.064111e+05  4.136833e+04
2  -1.602901e+05  2.377673e+04
3  -5.464467e+04  1.201516e+04
4  -1.577223e+04  4.466108e+03
5  -6.394944e+03  -1.664913e+02
6  -2.919240e+03  -1.733567e+03
7  -2.533143e+03  -1.966243e+03
8  -2.877270e+03  -1.978054e+03
9  -2.309111e+03  -1.736170e+03
10  -2.226912e+03  -5.695990e+02
11  -1.146937e+03  -9.361095e+01
12  -3.623384e+02  -2.361615e+02
13  1.451684e+01  -7.865471e+01
14  -9.643986e+01  -4.698376e+01
15  -1.797324e+02  -7.460700e+01
16  -6.340060e+01  -3.557618e+01
17  3.725745e+01  -3.776902e+00
18  4.316269e+01  1.134674e+01
19  4.181712e+01  2.551880e+01
20  4.500575e+01  2.644264e+01
21  4.228809e+01  1.330528e+00
22  5.814101e+00  1.111860e+00
23  -3.443868e+00  6.775874e+00
24  -3.317314e+00  1.715391e+00
25  -2.027115e+00  2.312465e+00
26  -2.923826e+00  -2.150198e+00
27  -3.045862e+00  -2.297957e+00
28  -2.096619e+00  -4.183313e-01
29  -2.848763e+00  -1.061425e-01
30  -1.271037e+00  1.135543e-01
31  -1.068515e+00  1.050988e+00
32  -1.555077e+00  -1.019246e+00
33  -1.356997e+00  -2.537663e+00
34  -3.510219e+00  -2.529458e+00
35  -5.227395e+00  -2.070983e+00
36  -4.138245e+00  -1.500088e+00
37  -1.882803e+00  -3.290635e+00
38  -1.083190e+00  -8.304366e+00
39  1.767512e-02  -1.234688e+01
40  3.824018e+00  -1.033407e+01
41  -3.527516e+00  -7.519898e+00
42  -1.193377e+01  -1.352713e+00
43  -2.122419e+01  -2.721645e+00
44  -2.646968e+01  -1.502088e+01
45  -3.441455e+01  -6.488342e+01
46  -7.012042e+01  -1.149278e+02
47  -1.166161e+02  -1.865424e+02
48  -9.020902e+01  -2.460141e+02
49  -1.343585e+02  -2.752296e+02
50  -2.780589e+01  -3.438070e+02
51  -1.371481e+02  -4.925095e+02
52  -4.637132e+02  -6.160915e+02
53  -8.698589e+02  -8.688193e+02
54  -1.293683e+03  -1.287204e+03
55  -4.361779e+02  -2.390581e+03
56  9.768839e+02  -2.124699e+03
57  1.728074e+03  -1.539397e+03
58  1.321497e+03  -2.298692e+03
59  5.854126e+02  -3.963292e+03
60  -8.882242e+03  -7.221288e+03
61  -5.634483e+04  -1.163499e+04
62  -1.703244e+05  -2.016690e+04
63  -7.006050e+05  -3.406829e+04
ENDPROP
STARTPROP
MASSES:  4.500000e-02   4.200000e-03
SOURCE: GAM_14
SINKS: GAM_14
0  1.461629e+04  5.607519e+02
1  1.359727e+06  -2.580592e+04
2  5.958974e+05  -1.217293e+04
3  3.194408e+05  -3.520563e+03
4  1.706800e+05  -8.248118e+02
5  8.741407e+04  2.378923e+03
6  4.635537e+04  2.658522e+03
7  2.325088e+04  1.267065e+03
8  1.414862e+04  -7.666663e+02
9  8.760816e+03  -6.856955e+02
10  4.577672e+03  -1.724399e+02
11  2.069892e+03  4.584578e+02
12  9.011405e+02  6.197806e+02
13  3.811391e+02  6.123106e+02
14  4.493648e+00  3.707433e+02
15  -1.528477e+02  2.197187e+02
16  -6.475389e+01  8.232117e+01
17  2.337688e+01  1.755615e+01
18  -1.374084e+01  -3.906013e+01
19  -6.380588e+00  -1.993524e+01
20  -4.677598e+00  -1.086201e+01
21  1.482431e+01  8.025146e+00
22  1.241524e+01  1.864388e+00
23  2.490394e+00  -1.178438e+01
24  2.992538e-01  -1.381975e+01
25  3.669304e+00  -8.784770e+00
26  4.980308e+00  -1.922944e+00
27  1.997740e+00  3.758077e+00
28  2.761566e-01  5.726074e+00
29  -9.251046e-01  3.140820e+00
30  -1.498792e-01  2.796945e-01
31  -7.146556e-01  8.260418e-01
32  5.256473e-02  -5.514294e-01
33  4.158729e-01  -9.706612e-01
34  7.133435e-01  -1.561087e+00
35  2.594995e-01  -1.254330e+00
36  -1.347378e+00  -8.789313e-01
37  -3.047761e+00  -1.596626e+00
38  -7.013637e+00  7.980332e-03
39  -9.737360e+00  -2.277664e-01
40  -7.709768e+00  -6.997150e+00
41  -3.457484e+00  -1.111483e+01
42  -8.930396e+00  -2.173680e+01
43  3.853357e+00  -3.947830e+01
44  1.854029e+01  -4.352128e+01
45  5.727852e+01  -6.288567e+01
46  5.014532e+01  -8.530314e+01
47  -1.588371e+00  -8.421281e+01
48  -1.255947e+01  -9.749342e+00
49  -1.053439e+02  1.289878e+02
50  -1.845825e+02  2.269885e+02
51  -7.423670e+00  3.445803e+02
52  -2.587732e+01  3.461783e+02
53  -1.625325e+02  3.189092e+02
54  1.289437e+03  7.849022e+02
55  2.069639e+03  5.647737e+02
56  4.150370e+03  7.750104e+02
57  1.202941e+04  2.827173e+03
58  2.636970e+04  2.249828e+03
59  5.927627e+04  1.994072e+03
60  1.240940e+05  7.698828e+03
61  2.521216e+05  9.577726e+03
62  5.181444e+05  1.882714e+04
63  1.292528e+06  3.540514e+04
ENDPROP
STARTPROP
MASSES:  4.500000e-02   4.200000e-03
SOURCE: GAM_41
SINKS: GAM_41
0  1.461629e+04  5.607519e+02
1  1.359727e+06  -2.580592e+04
2  5.958974e+05  -1.217293e+04
3  3.194408e+05  -3.520563e+03
4  1.706800e+05  -8.248118e+02
5  8.741407e+04  2.378923e+03
6  4.635537e+04  2.658522e+03
7  2.325088e+04  1.267065e+03
8  1.414862e+04  -7.666663e+02
9  8.760816e+03  -6.856955e+02
10  4.577672e+03  -1.724399e+02
11  2.069892e+03  4.584578e+02
12  9.011405e+02  6.197806e+02
13  3.811391e+02  6.123106e+02
14  4.493648e+00  3.707433e+02
15  -1.528477e+02  2.197187e+02
16  -6.475389e+01  8.232117e+01
17  2.337688e+01  1.755615e+01
18  -1.374084e+01  -3.906013e+01
19  -6.380588e+00  -1.993524e+01
20  -4.677598e+00  -1.086201e+01
21  1.482431e+01  8.025146e+00
22  1.241524e+01  1.864388e+00
23  2.490394e+00  -1.178438e+01
24  2.992538e-01  -1.381975e+01
25  3.669304e+00  -8.784770e+00
26  4.980308e+00  -1.922944e+00
27  1.997740e+00  3.758077e+00
28  2.761566e-01  5.726074e+00
29  -9.251046e-01  3.140820e+00
30  -1.498792e-01  2.796945e-01
31  -7.146556e-01  8.260418e-01
32  5.256473e-02  -5.514294e-01
33  4.158729e-01  -9.706612e-01
34  7.133435e-01  -1.561087e+00
35  2.594995e-01  -1.254330e+00
36  -1.347378e+00  -8.789313e-01
37  -3.047761e+00  -1.596626e+00
38  -7.013637e+00  7.980332e-03
39  -9.737360e+00  -2.277664e-01
40  -7.709768e+00  -6.997150e+00
41  -3.457484e+00  -1.111483e+01
42  -8.930396e+00  -2.173680e+01
43  3.853357e+00  -3.947830e+01
44  1.854029e+01  -4.352128e+01
45  5.727852e+01  -6.288567e+01
46  5.014532e+01  -8.530314e+01
47  -1.588371e+00  -8.421281e+01
48  -1.255947e+01  -9.749342e+00
49  -1.053439e+02  1.289878e+02
50  -1.845825e+02  2.269885e+02
51  -7.423670e+00  3.445803e+02
52  -2.587732e+01  3.461783e+02
53  -1.625325e+02  3.189092e+02
54  1.289437e+03  7.849022e+02
55  2.069639e+03  5.647737e+02
56  4.150370e+03  7.750104e+02
57  1.202941e+04  2.827173e+03
58  2.636970e+04  2.249828e+03
59  5.927627e+04  1.994072e+03
60  1.240940e+05  7.698828e+03
61  2.521216e+05  9.577726e+03
62  5.181444e+05  1.882714e+04
63  1.292528e+06  3.540514e+04
ENDPROP
STARTPROP
MASSES:  4.500000e-02   4.200000e-03
SOURCE: GAM_23
SINKS: GAM_23
0  7.693749e+05  -8.403471e+03
1  -7.488849e+05  2.915802e+04
2  -2.086469e+05  1.885808e+04
3  -8.918075e+04  1.022241e+04
4  -3.779530e+04  4.242143e+03
5  -1.262119e+04  3.711035e+03
6  -2.757044e+03  2.097420e+03
7  9.009995e+02  6.900345e+02
8  1.615946e+03  -4.459931e+02
9  -2.277825e+01  -1.076072e+03
10  -1.312682e+02  -8.063904e+02
11  -7.032925e+02  -1.190239e+02
12  -6.406682e+02  -1.880691e+02
13  -4.639756e+02  3.308741e+01
14  -1.056961e+02  6.259035e+01
15  1.194719e+02  9.147675e+01
16  1.716382e+02  8.290330e+01
17  2.710722e+02  2.866425e+01
18  2.413204e+02  4.111057e+01
19  1.531055e+02  1.309719e+01
20  8.613115e+01  2.508464e+01
21  4.119402e+01  3.031232e+01
22  3.470293e+01  2.965036e+01
23  2.394179e+01  1.673976e+01
24  1.466228e+01  2.051909e+00
25  5.504414e+00  -5.190471e+00
26  8.576063e-01  -6.508104e+00
27  4.508014e-01  -5.144626e+00
28  1.321751e-01  -3.370294e+00
29  1.781707e-01  -3.069879e+00
30  -5.413765e-01  -1.760861e+00
31  -8.201575e-02  -6.643589e-01
32  6.869288e-01  6.934770e-01
33  1.521930e+00  9.265847e-01
34  1.356572e+00  6.692783e-01
35  1.540966e+00  1.768427e+00
36  1.234162e+00  3.911782e+00
37  4.706401e-01  5.494613e+00
38  2.179304e+00  5.968280e+00
39  6.386828e+00  3.982447e+00
40  8.130353e+00  6.970672e+00
41  1.480094e+00  3.906189e+00
42  -2.383538e+01  6.266565e+00
43  -3.482037e+01  -2.689353e+00
44  -2.869772e+01  -8.197542e+00
45  -9.073345e+01  -2.262924e+01
46  -8.452705e+01  -3.855459e+01
47  -7.579873e+01  -3.277636e+01
48  -7.863532e+01  -5.981731e+01
49  -1.166603e+02  -2.226960e+02
50  -3.440377e+02  -3.207780e+02
51  -4.580037e+02  -3.143481e+02
52  -6.398050e+02  9.404076e+00
53  -7.950225e+02  -8.651847e+01
54  -3.486217e+02  2.509639e+02
55  3.938028e+02  8.466151e+02
56  -1.037519e+02  6.838293e+01
57  -2.370833e+03  5.052578e+02
58  -4.918622e+03  3.705642e+02
59  -1.315319e+04  -3.327474e+03
60  -2.977714e+04  -7.110493e+03
61  -7.281707e+04  -8.095053e+03
62  -1.824229e+05  -1.963069e+04
63  -7.233380e+05  -4.085624e+04
ENDPROP
STARTPROP
MASSES:  4.500000e-02   4.200000e-03
SOURCE: GAM_32
SINKS: GAM_32
0  7.693749e+05  -8.403471e+03
1  -7.488849e+05  2.915802e+04
2  -2.086469e+05  1.885808e+04
3  -8.918075e+04  1.022241e+04
4  -3.779530e+04  4.242143e+03
5  -1.262119e+04  3.711035e+03
6  -2.757044e+03  2.097420e+03
7  9.009995e+02  6.900345e+02
8  1.615946e+03  -4.459931e+02
9  -2.277825e+01  -1.076072e+03
10  -1.312682e+02  -8.063904e+02
11  -7.032925e+02  -1.190239e+02
12  -6.406682e+02  -1.880691e+02
13  -4.639756e+02  3.308741e+01
14  -1.056961e+02  6.259035e+01
15  1.194719e+02  9.147675e+01
16  1.716382e+02  8.290330e+01
17  2.710722e+02  2.866425e+01
18  2.413204e+02  4.111057e+01
19  1.531055e+02  1.309719e+01
20  8.613115e+01  2.508464e+01
21  4.119402e+01  3.031232e+01
22  3.470293e+01  2.965036e+01
23  2.394179e+01  1.673976e+01
24  1.466228e+01  2.051909e+00
25  5.504414e+00  -5.190471e+00
26  8.576063e-01  -6.508104e+00
27  4.508014e-01  -5.144626e+00
28  1.321751e-01  -3.370294e+00
29  1.781707e-01  -3.069879e+00
30  -5.413765e-01  -1.760861e+00
31  -8.201575e-02  -6.643589e-01
32  6.869288e-01  6.934770e-01
33  1.521930e+00  9.265847e-01
34  1.356572e+00  6.692783e-01
35  1.540966e+00  1.768427e+00
36  1.234162e+00  3.911782e+00
37  4.706401e-01  5.494613e+00
38  2.179304e+00  5.968280e+00
39  6.386828e+00  3.982447e+00
40  8.130353e+00  6.970672e+00
41  1.480094e+00  3.906189e+00
42  -2.383538e+01  6.266565e+00
43  -3.482037e+01  -2.689353e+00
44  -2.869772e+01  -8.197542e+00
45  -9.073345e+01  -2.262924e+01
46  -8.452705e+01  -3.855459e+01
47  -7.579873e+01  -3.277636e+01
48  -7.863532e+01  -5.981731e+01
49  -1.166603e+02  -2.226960e+02
50  -3.440377e+02  -3.207780e+02
51  -4.580037e+02  -3.143481e+02
52  -6.398050e+02  9.404076e+00
53  -7.950225e+02  -8.651847e+01
54  -3.486217e+02  2.509639e+02
55  3.938028e+02  8.466151e+02
56  -1.037519e+02  6.838293e+01
57  -2.370833e+03  5.052578e+02
58  -4.918622e+03  3.705642e+02
59  -1.315319e+04  -3.327474e+03
60  -2.977714e+04  -7.110493e+03
61  -7.281707e+04  -8.095053e+03
62  -1.824229e+05  -1.963069e+04
63  -7.233380e+05  -4.085624e+04
ENDPROP
STARTPROP
MASSES:  4.500000e-02   4.200000e-03
SOURCE: GAM_24
SINKS: GAM_24
0  3.462479e+04  5.970187e+03
1  1.342930e+06  -3.413129e+04
2  5.749791e+05  -2.481260e+04
3  3.023918e+05  -1.149683e+04
4  1.554128e+05  -3.632598e+03
5  7.840496e+04  -1.704006e+03
6  4.062350e+04  -3.255858e+03
7  1.708126e+04  -7.737562e+02
8  8.850519e+03  1.239314e+02
9  4.723616e+03  2.394626e+02
10  2.467439e+03  2.846024e+02
11  2.125249e+03  -9.953860e+01
12  1.104635e+03  4.646909e+02
13  6.920999e+02  3.047147e+02
14  3.691334e+02  6.128967e+01
15  2.141782e+02  1.739042e+02
16  1.747767e+02  1.088939e+02
17  7.778036e+01  6.059127e+01
18  2.243942e+01  5.325636e+01
19  3.087367e+01  8.354224e+01
20  5.071096e+01  7.744791e+01
21  4.170837e+01  5.291179e+01
22  3.163196e+01  4.159893e+01
23  6.034893e+00  1.727623e+01
24  -6.188969e+00  1.155714e+01
25  -6.465630e+00  5.173548e+00
26  -3.950369e+00  5.577178e+00
27  -4.059850e+00  5.481704e+00
28  -3.356212e+00  4.396565e+00
29  -3.208073e+00  4.252692e+00
30  -2.207638e+00  2.250610e+00
31  -2.076738e+00  9.971715e-01
32  -9.640931e-01  -1.248436e-01
33  -3.212442e-01  -7.988484e-01
34  5.137152e-01  -4.952003e-01
35  1.619029e-01  2.856177e-01
36  -7.677306e-01  2.923594e+00
37  -1.214316e+00  4.649997e+00
38  -2.153027e+00  7.462507e+00
39  -3.013153e+00  9.299264e+00
40  -8.348371e+00  7.929925e+00
41  -8.879155e+00  1.283069e+01
42  -1.274169e+01  2.981215e+01
43  -2.438349e+01  3.119575e+01
44  -4.753197e+01  5.853182e+01
45  -1.000638e+02  8.624972e+01
46  -1.814552e+02  1.527126e+02
47  -2.272185e+02  2.487841e+02
48  -1.284142e+02  3.909366e+02
49  8.307883e+01  4.902808e+02
50  1.911682e+02  5.302617e+02
51  2.745141e+02  3.954825e+02
52  4.822352e+02  3.646540e+02
53  6.637636e+02  3.989100e+02
54  2.101157e+03  1.236509e+03
55  4.497326e+03  2.341984e+03
56  9.879778e+03  2.818804e+03
57  2.055674e+04  3.517072e+03
58  3.810240e+04  6.216977e+03
59  6.672925e+04  1.033438e+04
60  1.375821e+05  1.786786e+04
61  2.817767e+05  2.382838e+04
62  5.596246e+05  3.419004e+04
63  1.329387e+06  5.075576e+04
ENDPROP
STARTPROP
MASSES:  4.500000e-02   4.200000e-03
SOURCE: GAM_42
SINKS: GAM_42
0  3.462479e+04  5.970187e+03
1  1.342930e+06  -3.413129e+04
2  5.749791e+05  -2.481260e+04
3  3.023918e+05  -1.149683e+04
4  1.554128e+05  -3.632598e+03
5  7.840496e+04  -1.704006e+03
6  4.062350e+04  -3.255858e+03
7  1.708126e+04  -7.737562e+02
8  8.850519e+03  1.239314e+02
9  4.723616e+03  2.394626e+02
10  2.467439e+03  2.846024e+02
11  2.125249e+03  -9.953860e+01
12  1.104635e+03  4.646909e+02
13  6.920999e+02  3.047147e+02
14  3.691334e+02  6.128967e+01
15  2.141782e+02  1.739042e+02
16  1.747767e+02  1.088939e+02
17  7.778036e+01  6.059127e+01
18  2.243942e+01  5.325636e+01
19  3.087367e+01  8.354224e+01
20  5.071096e+01  7.744791e+01
21  4.170837e+01  5.291179e+01
22  3.163196e+01  4.159893e+01
23  6.034893e+00  1.727623e+01
24  -6.188969e+00  1.155714e+01
25  -6.465630e+00  5.173548e+00
26  -3.950369e+00  5.577178e+00
27  -4.059850e+00  5.481704e+00
28  -3.356212e+00  4.396565e+00
29  -3.208073e+00  4.252692e+00
30  -2.207638e+00  2.250610e+00
31  -2.076738e+00  9.971715e-01
32  -9.640931e-01  -1.248436e-01
33  -3.212442e-01  -7.988484e-01
34  5.137152e-01  -4.952003e-01
35  1.619029e-01  2.856177e-01
36  -7.677306e-01  2.923594e+00
37  -1.214316e+00  4.649997e+00
38  -2.153027e+00  7.462507e+00
39  -3.013153e+00  9.299264e+00
40  -8.348371e+00  7.929925e+00
41  -8.879155e+00  1.283069e+01
42  -1.274169e+01  2.981215e+01
43  -2.438349e+01  3.119575e+01
44  -4.753197e+01  5.853182e+01
45  -1.000638e+02  8.624972e+01
46  -1.814552e+02  1.527126e+02
47  -2.272185e+02  2.487841e+02
48  -1.284142e+02  3.909366e+02
49  8.307883e+01  4.902808e+02
50  1.911682e+02  5.302617e+02
51  2.745141e+02  3.954825e+02
52  4.822352e+02  3.646540e+02
53  6.637636e+02  3.989100e+02
54  2.101157e+03  1.236509e+03
55  4.497326e+03  2.341984e+03
56  9.879778e+03  2.818804e+03
57  2.055674e+04  3.517072e+03
58  3.810240e+04  6.216977e+03
59  6.672925e+04  1.033438e+04
60  1.375821e+05  1.786786e+04
61  2.817767e+05  2.382838e+04
62  5.596246e+05  3.419004e+04
63  1.329387e+06  5.075576e+04
ENDPROP
STARTPROP
MASSES:  4.500000e-02   4.200000e-03
SOURCE: GAM_34
SINKS: GAM_34
0  1.051387e+03  -4.603546e+03
1  1.317736e+06  -3.616526e+04
2  5.682906e+05  -1.508290e+04
3  3.000173e+05  -5.543057e+03
4  1.515835e+05  -8.415032e+02
5  7.433347e+04  5.132885e+02
6  3.643379e+04  -6.883764e+02
7  1.984009e+04  -1.446554e+03
8  1.115513e+04  -1.864076e+03
9  6.013079e+03  -2.315139e+03
10  3.118077e+03  -9.902997e+02
11  9.586669e+02  -4.235579e-01
12  -7.047341e+01  -3.840212e+02
13  -9.297389e+01  -4.238851e+02
14  -8.023312e+01  -4.621480e+02
15  -1.085710e+02  -2.190366e+02
16  -9.266151e+01  -2.683274e+01
17  -5.772719e+01  -3.322356e+01
18  -1.892168e+01  -3.300644e+01
19  -1.447010e+01  -1.016171e+01
20  1.448640e+01  3.085468e+00
21  3.293709e+01  2.164433e+01
22  1.153230e+01  1.292999e+01
23  -2.449208e+00  4.272828e+00
24  -9.144957e+00  8.931283e+00
25  -3.872981e+00  2.172702e+00
26  -1.738174e+00  -3.017634e+00
27  -1.905975e+00  -2.425607e+00
28  -1.910816e-01  -6.577474e-01
29  2.956475e-01  -5.002999e-01
30  1.164680e+00  1.090682e+00
31  1.347632e+00  1.438831e+00
32  1.070843e+00  2.444471e+00
33  2.487636e-01  2.968349e+00
34  1.007061e+00  2.873574e+00
35  2.249660e+00  3.417665e+00
36  2.005674e+00  5.858350e+00
37  4.516171e+00  9.419987e+00
38  6.701108e+00  1.239426e+01
39  1.053154e+01  1.443574e+01
40  2.374212e+01  1.847965e+01
41  2.774437e+01  1.941471e+01
42  3.391370e+01  9.732027e+00
43  2.120974e+01  9.362529e+00
44  3.984731e+00  1.127798e+01
45  -3.845481e+01  4.145287e+01
46  -4.905944e+01  9.515926e+01
47  -4.268211e+01  7.827139e+01
48  -6.495644e+01  2.568889e+01
49  -7.152231e+01  8.026882e+01
50  1.741043e+02  1.849552e+01
51  5.065094e+02  8.656350e+01
52  7.721647e+02  -1.178225e+02
53  7.587306e+02  -4.803740e+02
54  1.957393e+03  2.208624e+02
55  2.249174e+03  5.484509e+02
56  6.151142e+03  1.249448e+03
57  1.816351e+04  1.912902e+03
58  3.986877e+04  1.944366e+03
59  8.181345e+04  4.008620e+02
60  1.500919e+05  -1.464574e+01
61  2.811492e+05  -2.506001e+02
62  5.511485e+05  7.820929e+03
63  1.309519e+06  2.807871e+04
ENDPROP
STARTPROP
MASSES:  4.500000e-02   4.200000e-03
SOURCE: GAM_43
SINKS: GAM_43
0  1.051387e+03  -4.603546e+03
1  1.317736e+06  -3.616526e+04
2  5.682906e+05  -1.508290e+04
3  3.000173e+05  -5.543057e+03
4  1.515835e+05  -8.415032e+02
5  7.433347e+04  5.132885e+02
6  3.643379e+04  -6.883764e+02
7  1.984009e+04  -1.446554e+03
8  1.115513e+04  -1.864076e+03
9  6.013079e+03  -2.315139e+03
10  3.118077e+03  -9.902997e+02
11  9.586669e+02  -4.235579e-01
12  -7.047341e+01  -3.840212e+02
13  -9.297389e+01  -4.238851e+02
14  -8.023312e+01  -4.621480e+02
15  -1.085710e+02  -2.190366e+02
16  -9.266151e+01  -2.683274e+01
17  -5.772719e+01  -3.322356e+01
18  -1.892168e+01  -3.300644e+01
19  -1.447010e+01  -1.016171e+01
20  1.448640e+01  3.085468e+00
21  3.293709e+01  2.164433e+01
22  1.153230e+01  1.292999e+01
23  -2.449208e+00  4.272828e+00
24  -9.144957e+00  8.931283e+00
25  -3.872981e+00  2.172702e+00
26  -1.738174e+00  -3.017634e+00
27  -1.905975e+00  -2.425607e+00
28  -1.910816e-01  -6.577474e-01
29  2.956475e-01  -5.002999e-01
30  1.164680e+00  1.090682e+00
31  1.347632e+00  1.438831e+00
32  1.070843e+00  2.444471e+00
33  2.487636e-01  2.968349e+00
34  1.007061e+00  2.873574e+00
35  2.249660e+00  3.417665e+00
36  2.005674e+00  5.858350e+00
37  4.516171e+00  9.419987e+00
38  6.701108e+00  1.239426e+01
39  1.053154e+01  1.443574e+01
40  2.374212e+01  1.847965e+01
41  2.774437e+01  1.941471e+01
42  3.391370e+01  9.732027e+00
43  2.120974e+01  9.362529e+00
44  3.984731e+00  1.127798e+01
45  -3.845481e+01  4.145287e+01
46  -4.905944e+01  9.515926e+01
47  -4.268211e+01  7.827139e+01
48  -6.495644e+01  2.568889e+01
49  -7.152231e+01  8.026882e+01
50  1.741043e+02  1.849552e+01
51  5.065094e+02  8.656350e+01
52  7.721647e+02  -1.178225e+02
53  7.587306e+02  -4.803740e+02
54  1.957393e+03  2.208624e+02
55  2.249174e+03  5.484509e+02
56  6.151142e+03  1.249448e+03
57  1.816351e+04  1.912902e+03
58  3.986877e+04  1.944366e+03
59  8.181345e+04  4.008620e+02
60  1.500919e+05  -1.464574e+01
61  2.811492e+05  -2.506001e+02
62  5.511485e+05  7.820929e+03
63  1.309519e+06  2.807871e+04
ENDPROP
STARTPROP
MASSES:  4.500000e-02   4.200000e-03
SOURCE: GAM_15
SINKS: GAM_15
0  -5.661653e+04  6.677035e+02
1  -1.021365e+06  3.309264e+04
2  -3.302951e+05  1.341696e+04
3  -1.457160e+05  3.526145e+03
4  -5.265370e+04  -7.508311e+02
5  -1.445359e+04  -1.484198e+03
6  1.372913e+03  -1.188333e+03
7  3.671511e+03  -1.807856e+03
8  3.221847e+03  -1.372232e+03
9  1.458340e+03  -1.255332e+03
10  5.973168e+02  -1.197222e+03
11  -4.989606e+02  -9.420625e+02
12  -4.561667e+02  -2.511429e+02
13  -2.582128e+02  -3.538904e+01
14  -1.326845e+02  -1.009756e+02
15  2.017567e+01  -1.343587e+02
16  2.180998e+01  6.282560e+00
17  1.229644e+00  -7.145561e-01
18  -5.148576e-01  -1.075755e+01
19  2.043007e+01  7.119736e+00
20  3.435329e+01  1.247095e+01
21  1.410549e+01  8.340871e+00
22  5.302379e+00  -2.715033e+00
23  -9.266487e+00  -1.058721e+01
24  -5.156929e+00  -1.820493e+00
25  -1.520198e+00  1.716335e+00
26  -5.679900e-01  -8.478612e-01
27  9.661602e-01  -5.002233e+00
28  7.416834e-01  -5.426973e+00
29  1.607287e+00  -3.699375e+00
30  1.058805e+00  -1.279738e+00
31  -3.516528e-01  2.610971e-01
32  5.807272e-01  6.846841e-01
33  9.402954e-01  4.271778e-01
34  -7.749124e-02  1.079313e-02
35  4.437443e-01  -4.566277e-01
36  2.121070e+00  1.999819e-01
37  2.223874e+00  1.427488e+00
38  2.375909e+00  5.552480e+00
39  4.622433e+00  8.376498e+00
40  9.501340e+00  1.200943e+01
41  3.004875e+01  1.373878e+01
42  4.242952e+01  7.751536e+00
43  6.139127e+01  -9.294426e+00
44  4.305530e+01  -3.773671e+01
45  -5.883123e+00  -3.166393e+01
46  -6.183506e+01  -4.088530e+01
47  -1.742843e+02  -6.362773e+01
48  -3.153860e+02  -2.573869e+01
49  -5.217742e+02  1.223277e+02
50  -7.833760e+02  2.104393e+02
51  -1.036483e+03  2.331925e+02
52  -1.227440e+03  9.257548e+01
53  -1.154151e+03  3.838913e+02
54  -9.985718e+02  8.232371e+02
55  -7.266463e+02  1.020917e+03
56  -2.449968e+03  4.325730e+02
57  -5.590636e+03  1.741935e+03
58  -7.623392e+03  2.531370e+03
59  -1.563881e+04  -2.170597e+03
60  -3.994717e+04  -6.299775e+03
61  -1.161383e+05  -1.367748e+04
62  -3.059950e+05  -2.401127e+04
63  -1.002789e+06  -3.686444e+04
ENDPROP
STARTPROP
MASSES:  4.500000e-02   4.200000e-03
SOURCE: GAM_25
SINKS: GAM_25
0  -7.032548e+04  2.652599e+02
1  -1.055133e+06  4.586251e+04
2  -3.611708e+05  3.022276e+04
3  -1.581405e+05  2.055000e+04
4  -6.650364e+04  1.004346e+04
5  -2.895886e+04  2.169353e+03
6  -1.663629e+04  2.568573e+02
7  -8.709375e+03  1.180971e+03
8  -2.838219e+03  1.104734e+03
9  -7.959062e+02  -1.809239e+02
10  2.785448e+02  -1.731428e+03
11  3.071779e+02  -2.126897e+03
12  -9.517405e+01  -1.627971e+03
13  -5.967655e+02  -9.435140e+02
14  -3.436518e+02  -5.608008e+02
15  8.480014e+01  -3.779571e+02
16  1.803226e+02  -2.203379e+02
17  1.544533e+02  -8.215189e+01
18  8.668516e+01  -4.932436e+01
19  2.581593e+01  -6.558307e+01
20  -3.938883e+01  -2.509921e+01
21  -4.964096e+01  -2.124452e+01
22  -1.578101e+01  -1.545471e+01
23  5.789828e+00  -7.624839e+00
24  5.047932e+00  -5.907125e+00
25  1.990116e+00  -2.812783e+00
26  1.989596e-01  -7.630465e-01
27  1.804450e+00  1.913247e+00
28  5.695539e+00  2.121790e+00
29  6.670523e+00  1.749566e+00
30  4.275682e+00  1.212473e-01
31  1.366824e+00  6.325137e-01
32  -3.325258e-01  -8.149670e-01
33  -6.725369e-01  -2.896788e+00
34  -5.101967e-01  -4.974979e+00
35  -4.903489e-01  -6.310652e+00
36  -2.407735e+00  -6.364287e+00
37  -2.254413e+00  -8.878112e+00
38  -1.206865e+00  -1.294758e+01
39  6.125084e+00  -2.035366e+01
40  2.506811e+00  -3.184593e+01
41  -2.578594e+00  -5.188682e+01
42  -3.722212e+00  -6.465574e+01
43  4.066224e+00  -7.228098e+01
44  1.922927e+01  -8.403402e+01
45  3.254496e+01  -5.578444e+01
46  8.895027e+00  -3.718274e+01
47  1.070361e+02  -7.698863e+01
48  2.057353e+02  -7.558944e+01
49  3.396163e+02  -1.084122e+01
50  3.732900e+02  -8.926058e+01
51  2.846906e+02  -2.096765e+02
52  -2.941361e+02  -2.916251e+02
53  -1.075868e+03  -4.272606e+02
54  -1.514497e+03  -2.107839e+02
55  1.680940e+02  -3.459669e+02
56  -9.739957e+02  -1.076957e+03
57  -3.851205e+03  -1.793359e+03
58  -9.227472e+03  -1.371206e+03
59  -2.300573e+04  -4.336219e+01
60  -5.078322e+04  1.920427e+03
61  -1.272441e+05  2.578067e+03
62  -3.038957e+05  -2.440553e+03
63  -1.007528e+06  -3.113107e+04
ENDPROP
STARTPROP
MASSES:  4.500000e-02   4.200000e-03
SOURCE: GAM_35
SINKS: GAM_35
0  -9.573744e+04  5.763267e+03
1  -1.042988e+06  4.534316e+04
2  -3.411489e+05  2.494356e+04
3  -1.474625e+05  1.121228e+04
4  -7.400386e+04  4.869026e+03
5  -3.741274e+04  1.223866e+03
6  -1.872940e+04  1.279288e+03
7  -8.833481e+03  5.805852e+02
8  -4.114286e+03  -5.407362e+02
9  -1.350590e+03  -5.710420e+02
10  -2.424142e+02  -6.079486e+01
11  5.479160e+02  4.211898e+02
12  6.813550e+02  7.002739e+02
13  5.064086e+02  4.569498e+02
14  3.188811e+02  1.396061e+02
15  2.400255e+02  1.149780e+02
16  1.563820e+02  6.571900e+01
17  1.049169e+02  4.947172e+01
18  1.048316e+02  5.407113e+01
19  4.030324e+01  1.937930e+01
20  -9.363780e+00  -6.487873e+00
21  -4.753792e+00  -9.890528e+00
22  1.593888e+00  -1.495073e+01
23  -2.293302e-01  -5.193692e+00
24  -4.344351e+00  3.906841e-01
25  4.935238e+00  -5.485811e+00
26  -1.990615e+00  -9.586068e+00
27  -5.284860e+00  -9.723589e+00
28  -3.087040e+00  -5.905285e+00
29  4.110879e-01  -2.114286e+00
30  1.940862e+00  -1.235610e-01
31  2.659490e+00  9.939719e-01
32  2.096012e+00  2.145838e+00
33  3.610548e-01  1.616948e+00
34  -6.606015e-01  7.580397e-01
35  -2.170407e-01  6.500465e-01
36  -8.092468e-01  8.982807e-01
37  -1.982138e+00  2.510450e+00
38  -6.146054e+00  7.804937e+00
39  -1.503422e+01  1.493939e+01
40  -1.579983e+01  2.383725e+01
41  -2.627564e+00  3.058254e+01
42  3.819149e+00  2.915640e+01
43  2.927064e+01  3.092274e+01
44  5.208639e+01  7.016389e+01
45  1.176612e+02  8.459391e+01
46  2.375822e+02  4.474128e+01
47  3.516563e+02  3.930546e+01
48  3.912708e+02  6.544755e+00
49  3.020202e+02  9.778047e+01
50  1.446629e+02  2.819853e+02
51  -9.963719e+01  2.713539e+02
52  -4.466613e+02  2.170526e+01
53  -1.413441e+03  -1.014543e+02
54  -2.751248e+03  -4.622180e+00
55  -4.272729e+03  1.660556e+02
56  -5.558559e+03  -1.002776e+01
57  -7.931979e+03  -5.084984e+02
58  -1.116674e+04  -3.180668e+03
59  -1.758786e+04  -6.741657e+03
60  -4.159768e+04  -1.224356e+04
61  -1.194926e+05  -2.424428e+04
62  -3.166877e+05  -3.905933e+04
63  -1.048658e+06  -4.715652e+04
ENDPROP
STARTPROP
MASSES:  4.500000e-02   4.200000e-03
SOURCE: GAM_45
SINKS: GAM_45
0  -1.297074e+06  1.717842e+04
1  9.703746e+05  -3.121532e+04
2  5.038634e+05  -1.733079e+04
3  3.532662e+05  -8.378014e+03
4  2.469032e+05  -4.572367e+03
5  1.702400e+05  -2.337062e+03
6  1.176992e+05  -1.336919e+03
7  8.175407e+04  4.612897e+02
8  5.831856e+04  -6.160586e+01
9  4.091683e+04  1.380811e+01
10  2.746760e+04  1.673522e+02
11  1.881081e+04  2.476291e+01
12  1.266826e+04  -1.841808e+02
13  8.600754e+03  -1.085588e+02
14  6.015482e+03  -9.967089e+01
15  4.124920e+03  -3.308365e+01
16  2.849496e+03  -1.001800e+01
17  1.979977e+03  -2.987490e+01
18  1.374099e+03  -2.836765e+01
19  9.766240e+02  -2.125078e+01
20  6.810156e+02  -1.911120e+01
21  4.746665e+02  -2.046297e+01
22  3.142340e+02  -1.533774e+01
23  2.095360e+02  -9.199902e+00
24  1.426734e+02  -1.020751e+01
25  9.962796e+01  -2.949595e+00
26  6.835361e+01  -2.950774e+00
27  4.663203e+01  -3.043341e+00
28  3.089310e+01  -9.903453e-01
29  2.282235e+01  -6.930929e-01
30  1.691839e+01  1.421723e-01
31  1.383549e+01  1.287229e+00
32  1.293515e+01  2.810489e+00
33  1.392332e+01  3.813401e+00
34  1.649753e+01  5.426458e+00
35  2.205813e+01  7.671133e+00
36  3.113552e+01  9.986556e+00
37  4.461035e+01  1.268081e+01
38  7.035451e+01  1.746830e+01
39  1.016908e+02  2.643641e+01
40  1.532023e+02  4.350914e+01
41  2.285830e+02  6.268264e+01
42  3.354698e+02  8.364892e+01
43  5.020800e+02  1.193941e+02
44  7.177050e+02  1.639955e+02
45  1.032321e+03  2.086798e+02
46  1.496917e+03  3.214537e+02
47  2.148186e+03  4.383932e+02
48  3.130585e+03  5.562677e+02
49  4.506289e+03  8.006970e+02
50  6.568421e+03  9.718298e+02
51  9.474700e+03  1.382546e+03
52  1.341800e+04  1.833549e+03
53  1.965977e+04  2.771422e+03
54  2.908225e+04  4.444985e+03
55  4.277551e+04  6.272688e+03
56  6.257679e+04  9.006569e+03
57  8.968928e+04  1.195434e+04
58  1.303562e+05  1.609561e+04
59  1.863756e+05  2.102388e+04
60  2.568439e+05  2.851436e+04
61  3.597404e+05  3.788646e+04
62  5.025778e+05  4.875005e+04
63  9.559184e+05  6.439728e+04
ENDPROP
STARTPROP
MASSES:  4.500000e-02   4.200000e-03
SOURCE: PSAX4
SINKS: GAM_4
0  9.870415e+03  -2.091815e+04
1  1.651376e+06  -1.428734e+04
2  1.039753e+06  -6.252960e+03
3  7.201604e+05  2.133134e+03
4  5.051092e+05  3.658229e+03
5  3.493762e+05  2.265975e+03
6  2.417067e+05  2.638805e+03
7  1.669147e+05  4.245390e+03
8  1.180794e+05  3.179691e+03
9  8.100557e+04  2.870259e+03
10  5.517397e+04  2.622086e+03
11  3.771554e+04  1.741913e+03
12  2.534052e+04  1.102467e+03
13  1.702468e+04  7.587626e+02
14  1.164976e+04  5.248386e+02
15  8.017625e+03  4.030963e+02
16  5.561901e+03  3.075462e+02
17  3.808311e+03  1.745978e+02
18  2.659828e+03  1.240797e+02
19  1.869130e+03  1.006789e+02
20  1.302956e+03  8.637307e+01
21  9.068600e+02  5.847844e+01
22  6.164890e+02  4.542595e+01
23  4.217566e+02  3.311635e+01
24  2.883263e+02  1.877812e+01
25  2.012392e+02  1.635762e+01
26  1.351369e+02  9.497021e+00
27  8.954754e+01  4.640729e+00
28  5.858163e+01  3.567275e+00
29  3.776107e+01  2.473432e-01
30  2.153363e+01  -2.298420e-01
31  9.254479e+00  -1.286896e+00
32  -1.677502e+00  -1.494177e+00
33  -1.324527e+01  -2.229601e+00
34  -2.567121e+01  -2.409529e+00
35  -4.103747e+01  -3.481810e+00
36  -6.259783e+01  -4.539457e+00
37  -9.367870e+01  -6.208084e+00
38  -1.421793e+02  -7.313063e+00
39  -2.053908e+02  -1.182538e+01
40  -3.038442e+02  -2.113216e+01
41  -4.456445e+02  -2.949343e+01
42  -6.471323e+02  -3.471388e+01
43  -9.612875e+02  -4.432615e+01
44  -1.360629e+03  -4.783479e+01
45  -1.941109e+03  -5.048552e+01
46  -2.787180e+03  -7.208754e+01
47  -3.981785e+03  -9.474645e+01
48  -5.766824e+03  -2.219043e+01
49  -8.308605e+03  -8.455197e+01
50  -1.201904e+04  5.008054e+01
51  -1.745701e+04  -9.287112e+01
52  -2.507082e+04  -2.201326e+02
53  -3.672688e+04  -6.449466e+02
54  -5.455808e+04  -1.804591e+03
55  -8.007479e+04  -2.749444e+03
56  -1.167007e+05  -4.570362e+03
57  -1.684556e+05  -6.033538e+03
58  -2.486614e+05  -6.476765e+03
59  -3.560426e+05  -7.685791e+03
60  -5.024340e+05  -9.224018e+03
61  -7.176620e+05  -1.416208e+04
62  -1.024079e+06  -1.392239e+04
63  -1.614353e+06  -2.050872e+04
ENDPROP
STARTPROP
MASSES:  4.500000e-02   4.200000e-03
SOURCE: WWPSAX4
SINKS: GAM_4
0  1.357617e+08  -1.033173e+09
1  1.458109e+09  -8.857193e+07
2  1.209842e+09  -6.188613e+07
3  4.929072e+08  3.465806e+06
4  3.137195e+08  1.473311e+06
5  2.047352e+08  -5.756132e+07
6  1.148349e+08  -2.354735e+07
7  1.322972e+08  3.182236e+06
8  5.839895e+07  7.435452e+05
9  3.179599e+07  7.094357e+06
10  3.636946e+07  2.711922e+06
11  1.790360e+07  -1.984780e+06
12  1.285751e+07  2.758925e+06
13  1.173291e+07  6.160092e+06
14  5.354088e+06  -2.457391e+06
15  2.619125e+06  1.454359e+06
16  2.363132e+06  3.312677e+05
17  1.719027e+06  5.320662e+04
18  1.236701e+06  2.730506e+05
19  1.812682e+06  -1.067699e+05
20  5.940877e+05  -3.600610e+05
21  6.463892e+05  -2.029152e+05
22  2.305095e+05  8.688446e+04
23  9.839568e+04  2.427612e+04
24  8.473185e+04  2.795325e+04
25  7.869710e+04  6.059802e+04
26  3.950713e+04  3.686361e+04
27  1.117573e+05  5.007474e+04
28  5.975951e+04  -9.577006e+03
29  4.477646e+03  -9.295675e+03
30  2.607000e+04  -1.355341e+04
31  -5.955925e+02  1.464856e+04
32  -3.084425e+02  4.960632e+03
33  2.058108e+02  1.567250e+03
34  -2.898594e+03  -1.797132e+04
35  -4.023136e+03  1.599813e+04
36  -3.624806e+04  -8.529055e+03
37  -6.490017e+04  6.342586e+03
38  -9.059934e+04  -4.240090e+03
39  -2.783042e+05  -1.149316e+05
40  -1.982736e+05  8.862043e+04
41  -1.951637e+05  -1.486168e+05
42  -6.106878e+05  2.059268e+05
43  -4.316240e+05  -1.879664e+05
44  -7.133749e+05  2.797436e+05
45  -8.793100e+05  -4.822948e+05
46  -2.556096e+06  3.612608e+04
47  -2.808887e+06  -6.262040e+05
48  -2.986239e+06  6.681134e+04
49  -3.794507e+06  -8.618618e+05
50  -7.177919e+06  3.694756e+05
51  -1.092156e+07  -3.586533e+05
52  -1.742381e+07  -4.008483e+06
53  -1.746956e+07  2.159422e+06
54  -1.724701e+07  -2.453749e+06
55  -4.810138e+07  -1.273845e+07
56  -5.858269e+07  -8.497343e+06
57  -7.436652e+07  -1.502588e+07
58  -8.370707e+07  -1.546635e+07
59  -2.218126e+08  1.968466e+07
60  -2.386682e+08  4.512266e+06
61  -3.661445e+08  -4.074515e+07
62  -7.617079e+08  -3.322566e+07
63  -1.487109e+09  7.425570e+07
ENDPROP
STARTPROP
MASSES:  4.500000e-02   4.200000e-03
SOURCE: WWGAM_5
SINKS: GAM_5
0  1.624576e+10  5.515856e+01
1  2.318480e+09  -8.313062e+07
2  1.708737e+09  1.195923e+07
3  9.531511e+08  1.762654e+07
4  4.839846e+08  -1.110619e+07
5  4.005810e+08  -3.638701e+07
6  2.441864e+08  -2.608134e+07
7  2.272439e+08  -1.410964e+07
8  1.327361e+08  1.224871e+06
9  7.368276e+07  4.310658e+06
10  7.570430e+07  8.279791e+06
11  4.082770e+07  -1.371949e+05
12  2.964481e+07  -2.715517e+06
13  2.101964e+07  4.217123e+06
14  1.328065e+07  -2.842417e+06
15  8.453230e+06  2.307415e+06
16  5.941924e+06  1.191277e+06
17  4.034619e+06  -4.455153e+05
18  3.041123e+06  1.210619e+05
19  3.622722e+06  -3.336844e+05
20  1.274091e+06  -1.555166e+05
21  1.399946e+06  1.676499e+05
22  6.769766e+05  7.293263e+04
23  3.806803e+05  6.080973e+04
24  2.587964e+05  1.120476e+05
25  2.095119e+05  7.609801e+04
26  1.498532e+05  8.420429e+04
27  1.367035e+05  6.316052e+04
28  1.283559e+05  1.437917e+04
29  6.243407e+04  1.297702e+04
30  5.959874e+04  4.753055e+03
31  4.954854e+04  -2.974990e+03
32  3.890142e+04  -3.063080e+03
33  3.575883e+04  -1.203103e+04
34  4.775309e+04  5.744707e+03
35  2.880294e+04  2.623463e+03
36  7.463714e+04  -3.016039e+03
37  1.097729e+05  -1.797251e+04
38  2.043787e+05  -6.608330e+03
39  3.595057e+05  8.476850e+04
40  4.148444e+05  -7.283878e+04
41  3.951920e+05  1.610799e+05
42  1.009957e+06  -2.859846e+05
43  1.275937e+06  1.609681e+05
44  1.446899e+06  -2.144858e+05
45  1.811401e+06  7.244996e+05
46  3.774441e+06  8.128937e+04
47  5.250687e+06  3.444219e+05
48  5.844321e+06  -4.198820e+05
49  7.843029e+06  8.855192e+05
50  1.316399e+07  1.164510e+06
51  2.149615e+07  8.135728e+04
52  3.003577e+07  3.067622e+06
53  4.389049e+07  -7.826785e+04
54  5.437963e+07  8.744910e+06
55  9.279744e+07  1.356852e+07
56  1.436314e+08  1.435218e+07
57  2.008664e+08  1.236672e+07
58  2.741650e+08  3.875015e+07
59  3.714507e+08  -2.469336e+07
60  5.121499e+08  -1.954132e+07
61  6.855597e+08  4.816244e+07
62  1.146733e+09  7.731432e+07
63  2.204006e+09  -5.466769e+07
ENDPROP
