STARTPROP
MASSES:  4.500000e-02   4.200000e-03
SOURCE: GAM_1
SINKS: GAM_1
0  1.182125e+06  -9.636283e+03
1  1.932396e+06  -5.511530e+04
2  9.159371e+05  -4.016633e+04
3  4.882045e+05  -2.307683e+04
4  2.571784e+05  -9.134533e+03
5  1.316160e+05  -4.255771e+03
6  7.005856e+04  -3.384813e+03
7  3.724220e+04  -2.189057e+03
8  1.859219e+04  9.444889e+01
9  7.991155e+03  4.350023e+01
10  3.392592e+03  4.591618e+02
11  1.523865e+03  1.435194e+02
12  1.175750e+02  -9.023429e+01
13  -3.352845e+02  -2.297411e+02
14  -2.473740e+02  -1.799275e+02
15  -1.829404e+01  9.021257e+01
16  -2.017176e+01  6.005900e+01
17  -3.999043e+01  3.705163e+01
18  5.264264e+01  -2.944653e+00
19  6.425230e+01  -2.863027e+01
20  3.795916e+01  -3.923368e+01
21  4.080505e+01  -4.407843e+01
22  4.699764e+01  -2.555743e+01
23  4.329024e+01  -1.171070e+01
24  2.584489e+01  -2.069640e+00
25  9.797322e+00  2.989000e+00
26  3.608625e+00  4.412922e+00
27  3.508800e+00  -1.657892e+00
28  3.752573e+00  -1.895472e+00
29  2.284021e+00  -9.189215e-01
30  -1.204338e-01  -1.012572e+00
31  -1.784105e+00  -2.887154e-01
32  -1.973542e+00  1.006405e-01
33  -3.845459e+00  2.414024e+00
34  -7.028706e+00  4.190358e+00
35  -9.777604e+00  3.456889e+00
36  -1.409170e+01  4.419237e+00
37  -1.770227e+01  8.012069e+00
38  -1.828057e+01  1.658026e+01
39  -1.614571e+01  2.082393e+01
40  -2.950973e+00  2.031389e+01
41  3.833517e+00  9.155371e+00
42  -1.596678e+01  1.845152e+01
43  -4.427803e+01  2.636405e+01
44  -7.104106e+01  2.148296e+01
45  -6.870645e+01  -4.069369e+00
46  -1.094272e+02  -6.849000e+01
47  -6.764109e+01  -1.313722e+02
48  2.711110e+01  -1.422753e+02
49  1.292850e+02  -1.856559e+02
50  1.477490e+02  -4.716107e+02
51  -5.827943e+02  -7.019161e+02
52  -9.014258e+02  -5.670506e+02
53  -1.733012e+02  1.698977e+02
54  1.394284e+03  1.095917e+03
55  3.344197e+03  9.917080e+02
56  9.722797e+03  -5.107154e+02
57  2.030452e+04  -1.157254e+03
58  4.180240e+04  -1.518866e+03
59  9.134171e+04  -1.291752e+03
60  1.983018e+05  2.829930e+03
61  4.170005e+05  6.792049e+03
62  8.321449e+05  1.837777e+04
63  1.861799e+06  3.538455e+04
ENDPROP
STARTPROP
MASSES:  4.500000e-02   4.200000e-03
SOURCE: GAM_2
SINKS: GAM_2
0  1.185824e+06  -1.581940e+04
1  1.957401e+06  -5.809177e+04
2  9.595175e+05  -2.355004e+04
3  5.165916e+05  -8.547523e+03
4  2.664487e+05  1.578942e+02
5  1.348053e+05  3.582393e+03
6  6.464828e+04  3.082820e+03
7  2.780868e+04  2.837635e+03
8  1.238765e+04  2.213339e+03
9  4.752179e+03  1.632130e+03
10  1.261064e+03  2.370280e+02
11  4.773693e+01  -6.031497e+02
12  1.135067e+02  -1.111169e+03
13  3.120969e+02  -7.360900e+02
14  3.496281e+02  -4.194431e+02
15  2.679785e+02  -2.928111e+02
16  1.345963e+02  -2.297695e+02
17  3.313159e+01  -1.081420e+02
18  -2.649031e+01  -2.476191e+01
19  -5.750111e+01  -1.257094e+00
20  -2.203293e+01  1.961516e+01
21  -3.736231e-01  3.011501e+00
22  -1.789446e+01  -4.709387e+00
23  -4.342268e+01  -2.864747e+00
24  -3.635743e+01  1.553542e+00
25  -2.063579e+01  7.208295e-01
26  -7.213381e+00  1.931695e+00
27  -2.333157e+00  1.759356e+00
28  -2.379621e+00  3.181954e+00
29  -1.337299e+00  5.668336e+00
30  -9.059076e-03  3.808527e+00
31  3.477237e-02  2.853413e+00
32  3.767174e-01  7.222472e-01
33  1.363719e+00  6.670305e-01
34  2.264971e+00  2.216055e+00
35  2.733241e+00  3.842640e+00
36  2.708381e+00  5.279801e+00
37  5.549554e+00  1.010481e+01
38  5.325217e+00  1.272693e+01
39  2.470240e+00  9.841595e+00
40  -5.418123e+00  3.518131e+00
41  -4.408640e+00  -5.266555e+00
42  -1.150182e+01  -1.299029e+00
43  -2.543050e+01  1.726299e+01
44  -1.993565e+01  3.968615e+01
45  -1.778943e+01  1.173132e+02
46  -3.871127e+01  1.553334e+02
47  -1.537301e+01  1.780068e+02
48  1.094542e+01  2.703540e+02
49  2.558692e+01  3.914083e+02
50  8.954873e+01  6.551067e+02
51  -1.660373e+02  8.574757e+02
52  -3.621997e+02  8.810200e+02
53  8.798312e+02  8.923535e+02
54  4.124773e+03  7.895279e+02
55  9.341757e+03  2.641122e+02
56  1.642038e+04  1.554627e+02
57  3.106095e+04  4.554248e+02
58  5.879154e+04  8.557948e+02
59  1.163196e+05  1.402020e+03
60  2.362072e+05  4.555734e+03
61  4.593167e+05  8.643563e+03
62  8.741529e+05  1.653865e+04
63  1.886648e+06  3.066239e+04
ENDPROP
STARTPROP
MASSES:  4.500000e-02   4.200000e-03
SOURCE: GAM_3
SINKS: GAM_3
0  1.218290e+06  -1.757740e+04
1  1.959430e+06  -4.627300e+04
2  9.306089e+05  -2.161681e+04
3  4.933158e+05  -4.632700e+03
4  2.625760e+05  1.508467e+03
5  1.427423e+05  2.725048e+03
6  7.646673e+04  -4.343441e+02
7  3.956425e+04  -4.750260e+02
8  2.217254e+04  -6.835253e+02
9  1.013087e+04  -6.909592e+02
10  4.087057e+03  6.666524e+01
11  1.482457e+03  8.017370e+02
12  1.740247e+02  2.881778e+02
13  -4.452023e+02  1.493134e+02
14  -4.904323e+02  5.801399e+01
15  -3.926352e+02  -9.231977e+01
16  -2.519514e+02  -3.572935e+01
17  -6.265704e+00  -5.710571e+01
18  5.737763e+01  -4.764640e+01
19  7.430456e+01  -1.787353e+01
20  5.779692e+01  -5.403533e+00
21  4.319287e+01  1.516813e+01
22  1.273096e+01  2.061376e+01
23  -3.851342e+00  1.499048e+01
24  -1.403263e+01  8.966904e+00
25  -1.067450e+01  1.519219e+01
26  -2.702749e+00  1.504640e+01
27  6.050490e-01  1.226586e+01
28  1.769361e+00  9.147753e+00
29  1.191084e+00  4.295512e+00
30  1.113214e+00  1.870784e-01
31  1.619199e-01  -2.153361e+00
32  -1.317578e+00  -1.613607e+00
33  -7.296244e-01  -1.295264e+00
34  -8.615554e-01  -2.203646e+00
35  -8.832661e-01  -4.330533e+00
36  3.149760e-01  -6.048842e+00
37  3.905205e+00  -8.327072e+00
38  9.918537e+00  -5.600082e+00
39  1.487151e+01  -7.698532e+00
40  2.152949e+01  -8.063500e+00
41  3.092990e+01  -2.508159e+00
42  4.176040e+01  2.842369e+01
43  3.509551e+01  7.127158e+01
44  3.396113e+01  1.084340e+02
45  -7.413343e+00  1.340073e+02
46  -1.996310e+01  1.445047e+02
47  -5.696826e+01  4.760671e+01
48  -7.027291e+01  -1.541885e+02
49  1.394079e+01  -1.405618e+02
50  5.416336e+01  1.224323e+02
51  3.625788e+02  2.736493e+02
52  4.025610e+02  3.128052e+02
53  1.094478e+03  3.770813e+02
54  2.151278e+03  6.704646e+02
55  4.740879e+03  1.321432e+03
56  1.274629e+04  1.609448e+03
57  3.205975e+04  3.806576e+03
58  6.311632e+04  5.400547e+03
59  1.171305e+05  3.115161e+03
60  2.307562e+05  1.100087e+03
61  4.555015e+05  1.844658e+03
62  8.873880e+05  7.853854e+03
63  1.923474e+06  2.519334e+04
ENDPROP
STARTPROP
MASSES:  4.500000e-02   4.200000e-03
SOURCE: GAM_4
SINKS: GAM_4
0  2.124808e+06  1.211263e+03
1  -3.120519e+05  4.878430e+04
2  -1.334284e+04  3.278373e+04
3  -8.924907e+03  1.885627e+04
4  -4.548469e+03  1.289437e+04
5  -1.490535e+03  6.938624e+03
6  -2.365798e+02  3.584996e+03
7  9.975773e+02  1.754721e+03
8  3.894830e+02  1.334390e+03
9  2.256860e+02  1.566475e+02
10  -4.714935e+01  3.802933e+02
11  3.366821e+02  7.699697e+01
12  1.825406e+02  9.742512e+01
13  2.448694e+02  8.432223e+01
14  4.999017e+01  9.205024e+01
15  6.387486e+01  -3.601632e+01
16  7.072349e+01  1.052207e+01
17  5.482586e+01  5.693021e+00
18  4.595551e+01  -1.687813e+01
19  3.634890e+01  -1.880455e+01
20  3.243904e+01  -2.673769e+01
21  3.039273e+01  -2.884446e+01
22  2.761563e+01  -2.259820e+01
23  1.434464e+01  -1.646159e+01
24  1.109249e+01  -1.234182e+01
25  1.229722e+01  -9.282469e+00
26  1.030637e+01  -8.306140e+00
27  8.189025e+00  -6.013351e+00
28  5.908100e+00  -3.720081e+00
29  5.488865e+00  -3.210297e+00
30  4.760159e+00  -2.861846e+00
31  4.609753e+00  -2.518112e+00
32  3.653934e+00  -2.192826e+00
33  2.908494e+00  -1.960012e+00
34  2.652701e+00  -2.287234e+00
35  2.135380e+00  -2.278620e+00
36  6.525390e-01  -3.294846e+00
37  4.341265e-01  -3.909290e+00
38  -2.487811e-01  -5.542630e+00
39  -2.393688e+00  -5.367082e+00
40  -1.163098e+00  -8.263862e+00
41  -3.352896e+00  -9.736172e+00
42  -7.960728e+00  -6.674839e+00
43  -1.902225e+01  -8.240752e+00
44  -2.719312e+01  -1.316279e+01
45  -4.006722e+01  -4.164869e+00
46  -6.130440e+01  -9.151705e+00
47  -8.621797e+01  -3.210947e+01
48  -7.687064e+01  -2.661264e+01
49  -1.438932e+02  2.687699e+01
50  -8.635912e+01  3.433443e+01
51  -1.399945e+02  1.625008e+02
52  2.134917e+02  1.261678e+02
53  2.334437e+02  6.935785e+01
54  1.228815e+02  1.272817e+02
55  1.778487e+02  -9.904511e+01
56  7.627269e+01  -6.891416e+02
57  -6.943499e+02  -1.532081e+03
58  8.791037e+01  -2.937023e+03
59  -2.711229e+01  -5.777057e+03
60  -5.258138e+03  -8.699051e+03
61  -9.179917e+03  -1.824879e+04
62  -1.089753e+04  -3.129546e+04
63  -3.006319e+05  -4.818950e+04
ENDPROP
STARTPROP
MASSES:  4.500000e-02   4.200000e-03
SOURCE: GAM_5
SINKS: GAM_5
0  6.764253e+06  -4.068143e+04
1  6.705842e+06  -1.095763e+05
2  4.749566e+06  -8.118660e+04
3  3.423611e+06  -3.991549e+04
4  2.408148e+06  -1.068347e+04
5  1.678274e+06  -3.878769e+03
6  1.155048e+06  -1.267887e+03
7  8.001575e+05  4.076299e+03
8  5.669975e+05  9.188911e+03
9  4.013177e+05  8.797535e+03
10  2.802232e+05  8.551065e+03
11  1.927889e+05  7.959907e+03
12  1.321956e+05  5.921796e+03
13  8.757654e+04  3.403430e+03
14  5.861292e+04  2.080775e+03
15  4.012729e+04  1.695079e+03
16  2.753306e+04  1.466588e+03
17  1.859954e+04  1.040918e+03
18  1.279973e+04  6.317753e+02
19  9.033741e+03  4.198405e+02
20  6.408186e+03  3.254854e+02
21  4.532862e+03  2.554100e+02
22  3.192967e+03  2.025596e+02
23  2.162664e+03  1.693099e+02
24  1.472407e+03  1.317437e+02
25  1.019794e+03  1.022956e+02
26  7.078057e+02  7.589726e+01
27  4.991876e+02  5.647476e+01
28  3.337595e+02  3.842184e+01
29  2.342073e+02  2.432834e+01
30  1.773694e+02  1.678076e+01
31  1.488610e+02  1.047507e+01
32  1.433113e+02  6.074661e+00
33  1.542249e+02  6.713604e+00
34  1.871395e+02  9.907902e+00
35  2.474602e+02  1.297128e+01
36  3.454063e+02  1.781920e+01
37  4.990366e+02  2.813552e+01
38  7.323409e+02  4.748303e+01
39  1.071105e+03  7.033096e+01
40  1.559727e+03  8.194444e+01
41  2.270235e+03  8.491986e+01
42  3.296053e+03  8.373663e+01
43  4.690792e+03  9.566127e+01
44  6.588205e+03  1.039271e+02
45  9.429311e+03  1.153422e+02
46  1.375646e+04  6.052182e+01
47  1.975552e+04  -1.005902e+02
48  2.833848e+04  -4.615894e+02
49  4.077409e+04  -5.553465e+02
50  5.954100e+04  1.796877e+02
51  8.665761e+04  1.896051e+03
52  1.273209e+05  3.276571e+03
53  1.891547e+05  6.680558e+03
54  2.772152e+05  1.300476e+04
55  4.041045e+05  1.960728e+04
56  5.873661e+05  2.313610e+04
57  8.321017e+05  2.066910e+04
58  1.164667e+06  1.853691e+04
59  1.647034e+06  2.109541e+04
60  2.351149e+06  2.842566e+04
61  3.368738e+06  3.466619e+04
62  4.686571e+06  3.589238e+04
63  6.648783e+06  4.666205e+04
ENDPROP
STARTPROP
MASSES:  4.500000e-02   4.200000e-03
SOURCE: GAM_12
SINKS: GAM_12
0  8.136656e+05  -2.479455e+03
1  -7.174677e+05  3.139553e+04
2  -1.858568e+05  9.685555e+03
3  -7.510023e+04  7.550932e+02
4  -3.305242e+04  -4.416597e+02
5  -9.871636e+03  1.487149e+02
6  -4.524165e+03  1.545330e+03
7  -2.862537e+03  4.044506e+02
8  -1.810921e+03  -6.433862e+02
9  -3.463112e+02  -1.010685e+02
10  2.190788e+02  4.151051e+02
11  1.984616e+02  3.440933e+02
12  1.013040e+03  6.352449e+02
13  9.180006e+02  6.705926e+02
14  6.926575e+02  4.743809e+02
15  3.731268e+02  1.832999e+02
16  1.128368e+02  -1.751677e+01
17  4.862719e+01  -2.608197e+01
18  1.988722e+01  -9.067230e+00
19  8.145168e+00  -1.702510e+01
20  1.104361e+01  1.937211e+01
21  6.763610e+00  1.760400e+01
22  1.339507e+00  1.471939e+01
23  -1.288259e+00  6.871544e-01
24  -8.822523e+00  -5.506236e+00
25  -5.525635e+00  -1.991897e+00
26  -6.308749e-01  -5.563460e-01
27  -7.622856e-01  9.155891e-01
28  -1.520743e+00  1.700299e+00
29  -5.606069e-01  1.399299e+00
30  -3.506008e-01  4.407780e-01
31  -1.093560e+00  1.396139e-01
32  -1.328543e-01  -4.430184e-01
33  6.627433e-01  -7.687627e-01
34  5.637446e-01  -1.857893e-01
35  1.500902e+00  1.525990e+00
36  1.681244e+00  2.891727e+00
37  2.195319e+00  2.808136e+00
38  5.463641e+00  7.212419e+00
39  8.847700e+00  1.069307e+01
40  1.335638e+01  1.226360e+01
41  1.592340e+01  1.528765e+01
42  1.394675e+01  2.568236e+01
43  2.654323e+01  1.301645e+01
44  2.963390e+01  -1.071566e-01
45  6.283075e+01  1.761000e+00
46  8.351607e+01  -4.681383e+00
47  7.226058e+01  -7.512407e+00
48  -6.573700e+01  1.791843e+01
49  -2.502709e+02  -4.293154e+01
50  -3.617589e+02  -9.179781e+01
51  -1.725374e+01  -1.745663e+02
52  4.907895e+02  -3.742196e+02
53  4.022011e+02  -5.155854e+02
54  -9.499390e+02  1.793190e+02
55  -2.139732e+03  5.608179e+02
56  -3.048315e+03  3.602543e+02
57  -4.177384e+03  3.525710e+02
58  -3.554919e+03  -4.243254e+02
59  -8.351178e+03  -1.519304e+03
60  -1.573696e+04  -4.083349e+03
61  -4.369176e+04  -1.129618e+04
62  -1.557350e+05  -1.377957e+04
63  -7.048971e+05  -3.150988e+04
ENDPROP
STARTPROP
MASSES:  4.500000e-02   4.200000e-03
SOURCE: GAM_21
SINKS: GAM_21
0  8.136656e+05  -2.479455e+03
1  -7.174677e+05  3.139553e+04
2  -1.858568e+05  9.685555e+03
3  -7.510023e+04  7.550932e+02
4  -3.305242e+04  -4.416597e+02
5  -9.871636e+03  1.487149e+02
6  -4.524165e+03  1.545330e+03
7  -2.862537e+03  4.044506e+02
8  -1.810921e+03  -6.433862e+02
9  -3.463112e+02  -1.010685e+02
10  2.190788e+02  4.151051e+02
11  1.984616e+02  3.440933e+02
12  1.013040e+03  6.352449e+02
13  9.180006e+02  6.705926e+02
14  6.926575e+02  4.743809e+02
15  3.731268e+02  1.832999e+02
16  1.128368e+02  -1.751677e+01
17  4.862719e+01  -2.608197e+01
18  1.988722e+01  -9.067230e+00
19  8.145168e+00  -1.702510e+01
20  1.104361e+01  1.937211e+01
21  6.763610e+00  1.760400e+01
22  1.339507e+00  1.471939e+01
23  -1.288259e+00  6.871544e-01
24  -8.822523e+00  -5.506236e+00
25  -5.525635e+00  -1.991897e+00
26  -6.308749e-01  -5.563460e-01
27  -7.622856e-01  9.155891e-01
28  -1.520743e+00  1.700299e+00
29  -5.606069e-01  1.399299e+00
30  -3.506008e-01  4.407780e-01
31  -1.093560e+00  1.396139e-01
32  -1.328543e-01  -4.430184e-01
33  6.627433e-01  -7.687627e-01
34  5.637446e-01  -1.857893e-01
35  1.500902e+00  1.525990e+00
36  1.681244e+00  2.891727e+00
37  2.195319e+00  2.808136e+00
38  5.463641e+00  7.212419e+00
39  8.847700e+00  1.069307e+01
40  1.335638e+01  1.226360e+01
41  1.592340e+01  1.528765e+01
42  1.394675e+01  2.568236e+01
43  2.654323e+01  1.301645e+01
44  2.963390e+01  -1.071566e-01
45  6.283075e+01  1.761000e+00
46  8.351607e+01  -4.681383e+00
47  7.226058e+01  -7.512407e+00
48  -6.573700e+01  1.791843e+01
49  -2.502709e+02  -4.293154e+01
50  -3.617589e+02  -9.179781e+01
51  -1.725374e+01  -1.745663e+02
52  4.907895e+02  -3.742196e+02
53  4.022011e+02  -5.155854e+02
54  -9.499390e+02  1.793190e+02
55  -2.139732e+03  5.608179e+02
56  -3.048315e+03  3.602543e+02
57  -4.177384e+03  3.525710e+02
58  -3.554919e+03  -4.243254e+02
59  -8.351178e+03  -1.519304e+03
60  -1.573696e+04  -4.083349e+03
61  -4.369176e+04  -1.129618e+04
62  -1.557350e+05  -1.377957e+04
63  -7.048971e+05  -3.150988e+04
ENDPROP
STARTPROP
MASSES:  4.500000e-02   4.200000e-03
SOURCE: GAM_13
SINKS: GAM_13
0  8.026720e+05  6.662683e+03
1  -7.128656e+05  4.358149e+04
2  -1.587611e+05  2.584382e+04
3  -5.345839e+04  1.369555e+04
4  -1.507331e+04  5.286443e+03
5  -5.883851e+03  6.485923e+02
6  -2.636949e+03  -9.600690e+02
7  -2.591749e+03  -1.418939e+03
8  -3.041162e+03  -1.569463e+03
9  -2.458727e+03  -1.624410e+03
10  -2.326995e+03  -6.482841e+02
11  -1.230624e+03  -2.049200e+02
12  -3.489031e+02  -3.065992e+02
13  3.316689e+01  -1.334096e+02
14  -8.886301e+01  -7.239394e+01
15  -1.663975e+02  -8.557183e+01
16  -5.866088e+01  -3.822160e+01
17  3.396948e+01  -4.796409e+00
18  3.844413e+01  1.376639e+01
19  3.787038e+01  2.331533e+01
20  4.217847e+01  2.453004e+01
21  4.002204e+01  -2.464014e+00
22  7.224799e+00  -2.307962e+00
23  -6.367536e-01  5.024946e+00
24  -1.379035e+00  8.699874e-01
25  -1.600961e+00  2.761763e+00
26  -2.928606e+00  -1.728305e+00
27  -3.066385e+00  -2.133528e+00
28  -2.110868e+00  -3.099445e-01
29  -2.737882e+00  1.492834e-01
30  -1.199257e+00  3.170884e-01
31  -8.681080e-01  1.135574e+00
32  -1.267535e+00  -1.039084e+00
33  -1.194398e+00  -2.914608e+00
34  -3.440524e+00  -2.831705e+00
35  -5.280138e+00  -2.333516e+00
36  -3.647142e+00  -1.983365e+00
37  -1.277239e+00  -4.088809e+00
38  5.180505e-02  -8.808613e+00
39  1.581104e+00  -1.306021e+01
40  5.782114e+00  -1.082944e+01
41  -1.614357e+00  -8.761947e+00
42  -1.124776e+01  -4.124229e+00
43  -2.186515e+01  -6.943510e+00
44  -2.524755e+01  -1.828411e+01
45  -3.473586e+01  -7.500192e+01
46  -8.252982e+01  -1.325945e+02
47  -1.411813e+02  -2.053023e+02
48  -1.344186e+02  -2.557915e+02
49  -1.707327e+02  -2.857565e+02
50  -7.859410e+01  -3.547833e+02
51  -1.845200e+02  -5.211261e+02
52  -5.289372e+02  -6.514304e+02
53  -8.936491e+02  -9.056181e+02
54  -1.341761e+03  -1.248365e+03
55  -6.488583e+02  -2.226236e+03
56  7.359537e+02  -1.886692e+03
57  1.755930e+03  -1.277868e+03
58  1.346157e+03  -2.062006e+03
59  5.934123e+02  -4.039588e+03
60  -8.738396e+03  -7.761380e+03
61  -5.623206e+04  -1.260974e+04
62  -1.700522e+05  -2.117267e+04
63  -7.072025e+05  -3.605411e+04
ENDPROP
STARTPROP
MASSES:  4.500000e-02   4.200000e-03
SOURCE: GAM_31
SINKS: GAM_31
0  8.026720e+05  6.662683e+03
1  -7.128656e+05  4.358149e+04
2  -1.587611e+05  2.584382e+04
3  -5.345839e+04  1.369555e+04
4  -1.507331e+04  5.286443e+03
5  -5.883851e+03  6.485923e+02
6  -2.636949e+03  -9.600690e+02
7  -2.591749e+03  -1.418939e+03
8  -3.041162e+03  -1.569463e+03
9  -2.458727e+03  -1.624410e+03
10  -2.326995e+03  -6.482841e+02
11  -1.230624e+03  -2.049200e+02
12  -3.489031e+02  -3.065992e+02
13  3.316689e+01  -1.334096e+02
14  -8.886301e+01  -7.239394e+01
15  -1.663975e+02  -8.557183e+01
16  -5.866088e+01  -3.822160e+01
17  3.396948e+01  -4.796409e+00
18  3.844413e+01  1.376639e+01
19  3.787038e+01  2.331533e+01
20  4.217847e+01  2.453004e+01
21  4.002204e+01  -2.464014e+00
22  7.224799e+00  -2.307962e+00
23  -6.367536e-01  5.024946e+00
24  -1.379035e+00  8.699874e-01
25  -1.600961e+00  2.761763e+00
26  -2.928606e+00  -1.728305e+00
27  -3.066385e+00  -2.133528e+00
28  -2.110868e+00  -3.099445e-01
29  -2.737882e+00  1.492834e-01
30  -1.199257e+00  3.170884e-01
31  -8.681080e-01  1.135574e+00
32  -1.267535e+00  -1.039084e+00
33  -1.194398e+00  -2.914608e+00
34  -3.440524e+00  -2.831705e+00
35  -5.280138e+00  -2.333516e+00
36  -3.647142e+00  -1.983365e+00
37  -1.277239e+00  -4.088809e+00
38  5.180505e-02  -8.808613e+00
39  1.581104e+00  -1.306021e+01
40  5.782114e+00  -1.082944e+01
41  -1.614357e+00  -8.761947e+00
42  -1.124776e+01  -4.124229e+00
43  -2.186515e+01  -6.943510e+00
44  -2.524755e+01  -1.828411e+01
45  -3.473586e+01  -7.500192e+01
46  -8.252982e+01  -1.325945e+02
47  -1.411813e+02  -2.053023e+02
48  -1.344186e+02  -2.557915e+02
49  -1.707327e+02  -2.857565e+02
50  -7.859410e+01  -3.547833e+02
51  -1.845200e+02  -5.211261e+02
52  -5.289372e+02  -6.514304e+02
53  -8.936491e+02  -9.056181e+02
54  -1.341761e+03  -1.248365e+03
55  -6.488583e+02  -2.226236e+03
56  7.359537e+02  -1.886692e+03
57  1.755930e+03  -1.277868e+03
58  1.346157e+03  -2.062006e+03
59  5.934123e+02  -4.039588e+03
60  -8.738396e+03  -7.761380e+03
61  -5.623206e+04  -1.260974e+04
62  -1.700522e+05  -2.117267e+04
63  -7.072025e+05  -3.605411e+04
ENDPROP
STARTPROP
MASSES:  4.500000e-02   4.200000e-03
SOURCE: GAM_14
SINKS: GAM_14
0  1.633419e+04  2.863094e+02
1  1.369691e+06  -2.718413e+04
2  5.961525e+05  -1.265159e+04
3  3.195862e+05  -3.593087e+03
4  1.705658e+05  -6.542333e+02
5  8.756266e+04  2.323393e+03
6  4.637159e+04  2.650001e+03
7  2.315945e+04  1.181494e+03
8  1.422214e+04  -7.496676e+02
9  8.849000e+03  -6.852629e+02
10  4.765563e+03  -1.321382e+02
11  2.150347e+03  5.101997e+02
12  9.324659e+02  6.541312e+02
13  3.628511e+02  6.243110e+02
14  -1.689489e+01  3.485461e+02
15  -1.186946e+02  1.937755e+02
16  -3.808807e+01  7.584545e+01
17  3.373363e+01  2.472300e+01
18  -6.912063e+00  -3.340320e+01
19  3.085384e+00  -1.777235e+01
20  4.974611e+00  -6.747089e+00
21  2.301643e+01  1.254516e+01
22  1.862189e+01  5.296853e+00
23  5.628909e+00  -1.053283e+01
24  2.037297e+00  -1.292278e+01
25  4.544337e+00  -8.322668e+00
26  5.295348e+00  -1.474684e+00
27  2.388744e+00  3.714039e+00
28  5.868665e-03  5.513315e+00
29  -9.885511e-01  2.797727e+00
30  1.019890e-02  7.304379e-02
31  -4.999606e-01  7.297080e-01
32  1.656110e-01  -8.988808e-01
33  2.964247e-01  -1.363663e+00
34  6.685356e-01  -1.881663e+00
35  1.445634e-01  -1.412230e+00
36  -1.418462e+00  -9.651137e-01
37  -3.108254e+00  -1.865778e+00
38  -7.597724e+00  -1.236367e-01
39  -1.024421e+01  -7.395240e-01
40  -6.769810e+00  -8.616601e+00
41  -1.604828e+00  -1.310114e+01
42  -9.205886e+00  -2.339753e+01
43  -1.471880e+00  -4.026709e+01
44  6.438407e+00  -4.656270e+01
45  4.777153e+01  -7.214203e+01
46  4.285685e+01  -1.060968e+02
47  -6.581891e+00  -1.177368e+02
48  -1.671773e+01  -4.297866e+01
49  -1.156403e+02  1.003932e+02
50  -1.996383e+02  1.946210e+02
51  -4.320865e+01  3.458778e+02
52  -1.015822e+02  3.609900e+02
53  -1.711675e+02  3.549950e+02
54  1.290363e+03  8.948879e+02
55  2.197137e+03  7.268885e+02
56  4.453149e+03  9.732107e+02
57  1.253553e+04  3.105772e+03
58  2.724539e+04  2.582744e+03
59  6.048800e+04  2.230596e+03
60  1.257714e+05  7.753223e+03
61  2.545922e+05  9.536897e+03
62  5.212307e+05  1.915836e+04
63  1.302876e+06  3.630525e+04
ENDPROP
STARTPROP
MASSES:  4.500000e-02   4.200000e-03
SOURCE: GAM_41
SINKS: GAM_41
0  1.633419e+04  2.863094e+02
1  1.369691e+06  -2.718413e+04
2  5.961525e+05  -1.265159e+04
3  3.195862e+05  -3.593087e+03
4  1.705658e+05  -6.542333e+02
5  8.756266e+04  2.323393e+03
6  4.637159e+04  2.650001e+03
7  2.315945e+04  1.181494e+03
8  1.422214e+04  -7.496676e+02
9  8.849000e+03  -6.852629e+02
10  4.765563e+03  -1.321382e+02
11  2.150347e+03  5.101997e+02
12  9.324659e+02  6.541312e+02
13  3.628511e+02  6.243110e+02
14  -1.689489e+01  3.485461e+02
15  -1.186946e+02  1.937755e+02
16  -3.808807e+01  7.584545e+01
17  3.373363e+01  2.472300e+01
18  -6.912063e+00  -3.340320e+01
19  3.085384e+00  -1.777235e+01
20  4.974611e+00  -6.747089e+00
21  2.301643e+01  1.254516e+01
22  1.862189e+01  5.296853e+00
23  5.628909e+00  -1.053283e+01
24  2.037297e+00  -1.292278e+01
25  4.544337e+00  -8.322668e+00
26  5.295348e+00  -1.474684e+00
27  2.388744e+00  3.714039e+00
28  5.868665e-03  5.513315e+00
29  -9.885511e-01  2.797727e+00
30  1.019890e-02  7.304379e-02
31  -4.999606e-01  7.297080e-01
32  1.656110e-01  -8.988808e-01
33  2.964247e-01  -1.363663e+00
34  6.685356e-01  -1.881663e+00
35  1.445634e-01  -1.412230e+00
36  -1.418462e+00  -9.651137e-01
37  -3.108254e+00  -1.865778e+00
38  -7.597724e+00  -1.236367e-01
39  -1.024421e+01  -7.395240e-01
40  -6.769810e+00  -8.616601e+00
41  -1.604828e+00  -1.310114e+01
42  -9.205886e+00  -2.339753e+01
43  -1.471880e+00  -4.026709e+01
44  6.438407e+00  -4.656270e+01
45  4.777153e+01  -7.214203e+01
46  4.285685e+01  -1.060968e+02
47  -6.581891e+00  -1.177368e+02
48  -1.671773e+01  -4.297866e+01
49  -1.156403e+02  1.003932e+02
50  -1.996383e+02  1.946210e+02
51  -4.320865e+01  3.458778e+02
52  -1.015822e+02  3.609900e+02
53  -1.711675e+02  3.549950e+02
54  1.290363e+03  8.948879e+02
55  2.197137e+03  7.268885e+02
56  4.453149e+03  9.732107e+02
57  1.253553e+04  3.105772e+03
58  2.724539e+04  2.582744e+03
59  6.048800e+04  2.230596e+03
60  1.257714e+05  7.753223e+03
61  2.545922e+05  9.536897e+03
62  5.212307e+05  1.915836e+04
63  1.302876e+06  3.630525e+04
ENDPROP
STARTPROP
MASSES:  4.500000e-02   4.200000e-03
SOURCE: GAM_23
SINKS: GAM_23
0  7.727499e+05  -7.515276e+03
1  -7.559562e+05  3.185998e+04
2  -2.086359e+05  2.062219e+04
3  -8.998478e+04  1.108566e+04
4  -3.888284e+04  4.613017e+03
5  -1.344474e+04  3.720566e+03
6  -3.273084e+03  2.205463e+03
7  7.362611e+02  8.734157e+02
8  1.227761e+03  -3.638740e+02
9  -2.957331e+02  -9.837990e+02
10  -3.064189e+02  -7.091319e+02
11  -8.663800e+02  -4.668154e+01
12  -7.540964e+02  -1.324297e+02
13  -5.094818e+02  8.103079e+01
14  -1.217824e+02  8.443866e+01
15  1.206849e+02  1.108228e+02
16  1.759420e+02  8.583134e+01
17  2.781361e+02  3.547612e+01
18  2.456056e+02  4.818034e+01
19  1.530304e+02  1.478171e+01
20  8.302518e+01  2.346310e+01
21  4.089938e+01  2.877201e+01
22  3.454316e+01  2.960557e+01
23  2.606488e+01  1.804255e+01
24  1.644171e+01  3.770812e+00
25  5.685118e+00  -3.890860e+00
26  6.505992e-01  -5.757895e+00
27  7.100661e-01  -4.430018e+00
28  7.696208e-01  -2.892113e+00
29  7.107316e-01  -3.069072e+00
30  -1.854893e-01  -1.964486e+00
31  2.865492e-01  -8.497680e-01
32  1.325214e+00  4.878420e-01
33  2.211733e+00  6.856602e-01
34  2.173592e+00  5.040923e-01
35  2.453932e+00  1.446429e+00
36  2.191968e+00  3.715269e+00
37  2.150394e+00  5.166955e+00
38  4.262938e+00  5.894462e+00
39  9.005164e+00  4.901635e+00
40  1.081114e+01  7.902429e+00
41  3.054323e+00  4.925487e+00
42  -2.272131e+01  5.313386e+00
43  -3.360987e+01  -5.710636e+00
44  -2.455255e+01  -1.270724e+01
45  -8.545294e+01  -3.037180e+01
46  -7.772732e+01  -4.968707e+01
47  -6.260534e+01  -4.159392e+01
48  -6.413572e+01  -5.348633e+01
49  -1.160951e+02  -2.119234e+02
50  -3.909662e+02  -3.302611e+02
51  -5.659534e+02  -3.494611e+02
52  -7.534310e+02  4.774771e+01
53  -9.502327e+02  2.406065e+01
54  -4.504623e+02  3.608817e+02
55  2.175924e+02  9.561275e+02
56  -1.382462e+02  2.678173e+02
57  -2.049807e+03  7.013978e+02
58  -4.230553e+03  7.019044e+02
59  -1.221335e+04  -2.995910e+03
60  -2.885436e+04  -6.716243e+03
61  -7.182364e+04  -7.659637e+03
62  -1.819346e+05  -1.930193e+04
63  -7.295904e+05  -4.101451e+04
ENDPROP
STARTPROP
MASSES:  4.500000e-02   4.200000e-03
SOURCE: GAM_32
SINKS: GAM_32
0  7.727499e+05  -7.515276e+03
1  -7.559562e+05  3.185998e+04
2  -2.086359e+05  2.062219e+04
3  -8.998478e+04  1.108566e+04
4  -3.888284e+04  4.613017e+03
5  -1.344474e+04  3.720566e+03
6  -3.273084e+03  2.205463e+03
7  7.362611e+02  8.734157e+02
8  1.227761e+03  -3.638740e+02
9  -2.957331e+02  -9.837990e+02
10  -3.064189e+02  -7.091319e+02
11  -8.663800e+02  -4.668154e+01
12  -7.540964e+02  -1.324297e+02
13  -5.094818e+02  8.103079e+01
14  -1.217824e+02  8.443866e+01
15  1.206849e+02  1.108228e+02
16  1.759420e+02  8.583134e+01
17  2.781361e+02  3.547612e+01
18  2.456056e+02  4.818034e+01
19  1.530304e+02  1.478171e+01
20  8.302518e+01  2.346310e+01
21  4.089938e+01  2.877201e+01
22  3.454316e+01  2.960557e+01
23  2.606488e+01  1.804255e+01
24  1.644171e+01  3.770812e+00
25  5.685118e+00  -3.890860e+00
26  6.505992e-01  -5.757895e+00
27  7.100661e-01  -4.430018e+00
28  7.696208e-01  -2.892113e+00
29  7.107316e-01  -3.069072e+00
30  -1.854893e-01  -1.964486e+00
31  2.865492e-01  -8.497680e-01
32  1.325214e+00  4.878420e-01
33  2.211733e+00  6.856602e-01
34  2.173592e+00  5.040923e-01
35  2.453932e+00  1.446429e+00
36  2.191968e+00  3.715269e+00
37  2.150394e+00  5.166955e+00
38  4.262938e+00  5.894462e+00
39  9.005164e+00  4.901635e+00
40  1.081114e+01  7.902429e+00
41  3.054323e+00  4.925487e+00
42  -2.272131e+01  5.313386e+00
43  -3.360987e+01  -5.710636e+00
44  -2.455255e+01  -1.270724e+01
45  -8.545294e+01  -3.037180e+01
46  -7.772732e+01  -4.968707e+01
47  -6.260534e+01  -4.159392e+01
48  -6.413572e+01  -5.348633e+01
49  -1.160951e+02  -2.119234e+02
50  -3.909662e+02  -3.302611e+02
51  -5.659534e+02  -3.494611e+02
52  -7.534310e+02  4.774771e+01
53  -9.502327e+02  2.406065e+01
54  -4.504623e+02  3.608817e+02
55  2.175924e+02  9.561275e+02
56  -1.382462e+02  2.678173e+02
57  -2.049807e+03  7.013978e+02
58  -4.230553e+03  7.019044e+02
59  -1.221335e+04  -2.995910e+03
60  -2.885436e+04  -6.716243e+03
61  -7.182364e+04  -7.659637e+03
62  -1.819346e+05  -1.930193e+04
63  -7.295904e+05  -4.101451e+04
ENDPROP
STARTPROP
MASSES:  4.500000e-02   4.200000e-03
SOURCE: GAM_24
SINKS: GAM_24
0  3.759012e+04  6.087690e+03
1  1.351731e+06  -3.551208e+04
2  5.753583e+05  -2.636613e+04
3  3.029084e+05  -1.240361e+04
4  1.566856e+05  -3.594804e+03
5  7.926646e+04  -1.169551e+03
6  4.136370e+04  -2.777929e+03
7  1.749050e+04  -7.875324e+02
8  8.978666e+03  2.188776e+01
9  4.691322e+03  2.361574e+02
10  2.391924e+03  2.691768e+02
11  2.075428e+03  -8.883359e+01
12  1.130611e+03  4.751112e+02
13  6.971549e+02  3.201342e+02
14  3.754883e+02  5.681661e+01
15  2.211161e+02  1.583250e+02
16  1.842345e+02  9.673941e+01
17  8.208920e+01  5.231948e+01
18  2.796488e+01  4.685385e+01
19  4.564904e+01  8.366610e+01
20  5.841157e+01  7.903517e+01
21  4.972453e+01  5.092903e+01
22  3.594176e+01  4.125190e+01
23  8.461748e+00  1.766037e+01
24  -5.991036e+00  1.277043e+01
25  -4.994634e+00  5.979299e+00
26  -2.568608e+00  6.093677e+00
27  -3.122963e+00  6.118561e+00
28  -2.840062e+00  4.709976e+00
29  -3.181075e+00  4.365202e+00
30  -2.224493e+00  2.302571e+00
31  -1.960403e+00  9.398620e-01
32  -8.133549e-01  -1.975852e-01
33  -3.196253e-01  -9.381210e-01
34  5.819267e-01  -7.208154e-01
35  -8.669204e-02  -1.639592e-02
36  -1.161459e+00  2.737621e+00
37  -2.001651e+00  4.704469e+00
38  -3.561516e+00  7.300847e+00
39  -4.484110e+00  9.515270e+00
40  -1.061552e+01  8.753189e+00
41  -1.112106e+01  1.502832e+01
42  -1.434167e+01  3.664213e+01
43  -2.325219e+01  4.204835e+01
44  -4.703143e+01  7.079049e+01
45  -1.037397e+02  9.386014e+01
46  -1.888653e+02  1.571863e+02
47  -2.480719e+02  2.444605e+02
48  -1.554543e+02  3.835809e+02
49  4.895557e+01  4.692915e+02
50  1.415038e+02  5.223855e+02
51  2.403869e+02  3.746506e+02
52  4.558222e+02  3.505520e+02
53  6.270218e+02  3.771237e+02
54  2.059479e+03  1.255693e+03
55  4.401250e+03  2.274167e+03
56  9.733329e+03  2.688257e+03
57  2.043835e+04  3.298037e+03
58  3.782471e+04  5.954701e+03
59  6.664106e+04  1.039712e+04
60  1.380743e+05  1.798702e+04
61  2.832099e+05  2.434946e+04
62  5.625276e+05  3.470468e+04
63  1.340642e+06  5.235788e+04
ENDPROP
STARTPROP
MASSES:  4.500000e-02   4.200000e-03
SOURCE: GAM_42
SINKS: GAM_42
0  3.759012e+04  6.087690e+03
1  1.351731e+06  -3.551208e+04
2  5.753583e+05  -2.636613e+04
3  3.029084e+05  -1.240361e+04
4  1.566856e+05  -3.594804e+03
5  7.926646e+04  -1.169551e+03
6  4.136370e+04  -2.777929e+03
7  1.749050e+04  -7.875324e+02
8  8.978666e+03  2.188776e+01
9  4.691322e+03  2.361574e+02
10  2.391924e+03  2.691768e+02
11  2.075428e+03  -8.883359e+01
12  1.130611e+03  4.751112e+02
13  6.971549e+02  3.201342e+02
14  3.754883e+02  5.681661e+01
15  2.211161e+02  1.583250e+02
16  1.842345e+02  9.673941e+01
17  8.208920e+01  5.231948e+01
18  2.796488e+01  4.685385e+01
19  4.564904e+01  8.366610e+01
20  5.841157e+01  7.903517e+01
21  4.972453e+01  5.092903e+01
22  3.594176e+01  4.125190e+01
23  8.461748e+00  1.766037e+01
24  -5.991036e+00  1.277043e+01
25  -4.994634e+00  5.979299e+00
26  -2.568608e+00  6.093677e+00
27  -3.122963e+00  6.118561e+00
28  -2.840062e+00  4.709976e+00
29  -3.181075e+00  4.365202e+00
30  -2.224493e+00  2.302571e+00
31  -1.960403e+00  9.398620e-01
32  -8.133549e-01  -1.975852e-01
33  -3.196253e-01  -9.381210e-01
34  5.819267e-01  -7.208154e-01
35  -8.669204e-02  -1.639592e-02
36  -1.161459e+00  2.737621e+00
37  -2.001651e+00  4.704469e+00
38  -3.561516e+00  7.300847e+00
39  -4.484110e+00  9.515270e+00
40  -1.061552e+01  8.753189e+00
41  -1.112106e+01  1.502832e+01
42  -1.434167e+01  3.664213e+01
43  -2.325219e+01  4.204835e+01
44  -4.703143e+01  7.079049e+01
45  -1.037397e+02  9.386014e+01
46  -1.888653e+02  1.571863e+02
47  -2.480719e+02  2.444605e+02
48  -1.554543e+02  3.835809e+02
49  4.895557e+01  4.692915e+02
50  1.415038e+02  5.223855e+02
51  2.403869e+02  3.746506e+02
52  4.558222e+02  3.505520e+02
53  6.270218e+02  3.771237e+02
54  2.059479e+03  1.255693e+03
55  4.401250e+03  2.274167e+03
56  9.733329e+03  2.688257e+03
57  2.043835e+04  3.298037e+03
58  3.782471e+04  5.954701e+03
59  6.664106e+04  1.039712e+04
60  1.380743e+05  1.798702e+04
61  2.832099e+05  2.434946e+04
62  5.625276e+05  3.470468e+04
63  1.340642e+06  5.235788e+04
ENDPROP
STARTPROP
MASSES:  4.500000e-02   4.200000e-03
SOURCE: GAM_34
SINKS: GAM_34
0  2.082447e+03  -5.861449e+03
1  1.327468e+06  -3.779809e+04
2  5.703966e+05  -1.570865e+04
3  3.015618e+05  -5.037510e+03
4  1.526323e+05  -3.904055e+02
5  7.445816e+04  4.760823e+02
6  3.628746e+04  -7.457779e+02
7  1.973274e+04  -1.503002e+03
8  1.119815e+04  -1.755637e+03
9  6.105895e+03  -2.278903e+03
10  3.200481e+03  -9.073571e+02
11  1.077076e+03  8.674342e+01
12  2.334879e+01  -2.644670e+02
13  -5.854338e+01  -3.576925e+02
14  -6.862287e+01  -4.206185e+02
15  -7.976718e+01  -1.955193e+02
16  -7.018748e+01  -2.001027e+01
17  -5.669106e+01  -3.567550e+01
18  -2.309862e+01  -3.234765e+01
19  -1.571962e+01  -9.229108e+00
20  1.497910e+01  4.882009e+00
21  3.211596e+01  2.280609e+01
22  1.079343e+01  1.280386e+01
23  -3.642947e+00  4.499589e+00
24  -8.779157e+00  1.034243e+01
25  -2.504593e+00  3.318521e+00
26  -5.313468e-01  -2.503887e+00
27  -1.226449e+00  -2.339156e+00
28  1.831575e-01  -6.184645e-01
29  5.780130e-01  -5.399922e-01
30  1.212070e+00  9.504548e-01
31  1.331616e+00  1.366406e+00
32  9.296960e-01  2.492479e+00
33  3.180911e-02  2.988763e+00
34  9.681023e-01  3.063779e+00
35  2.264656e+00  3.540110e+00
36  2.364400e+00  5.985036e+00
37  5.106116e+00  9.364083e+00
38  7.525139e+00  1.230452e+01
39  1.185361e+01  1.453969e+01
40  2.577655e+01  1.937309e+01
41  3.143033e+01  2.005737e+01
42  3.597531e+01  1.092560e+01
43  2.289116e+01  1.057191e+01
44  6.282983e+00  1.311648e+01
45  -4.028477e+01  4.568993e+01
46  -5.742734e+01  9.937729e+01
47  -5.872644e+01  7.882245e+01
48  -8.689279e+01  2.264706e+01
49  -9.280798e+01  6.421649e+01
50  1.263099e+02  -3.370590e+00
51  4.323403e+02  5.145543e+01
52  6.822065e+02  -2.214493e+02
53  5.956821e+02  -6.712644e+02
54  1.553826e+03  -8.202463e+01
55  1.922096e+03  1.351030e+02
56  6.012303e+03  7.640741e+02
57  1.833419e+04  1.261433e+03
58  3.996681e+04  1.134468e+03
59  8.195260e+04  -3.558963e+02
60  1.508897e+05  -6.969829e+02
61  2.830993e+05  -1.118213e+03
62  5.521447e+05  7.076566e+03
63  1.316970e+06  2.798393e+04
ENDPROP
STARTPROP
MASSES:  4.500000e-02   4.200000e-03
SOURCE: GAM_43
SINKS: GAM_43
0  2.082447e+03  -5.861449e+03
1  1.327468e+06  -3.779809e+04
2  5.703966e+05  -1.570865e+04
3  3.015618e+05  -5.037510e+03
4  1.526323e+05  -3.904055e+02
5  7.445816e+04  4.760823e+02
6  3.628746e+04  -7.457779e+02
7  1.973274e+04  -1.503002e+03
8  1.119815e+04  -1.755637e+03
9  6.105895e+03  -2.278903e+03
10  3.200481e+03  -9.073571e+02
11  1.077076e+03  8.674342e+01
12  2.334879e+01  -2.644670e+02
13  -5.854338e+01  -3.576925e+02
14  -6.862287e+01  -4.206185e+02
15  -7.976718e+01  -1.955193e+02
16  -7.018748e+01  -2.001027e+01
17  -5.669106e+01  -3.567550e+01
18  -2.309862e+01  -3.234765e+01
19  -1.571962e+01  -9.229108e+00
20  1.497910e+01  4.882009e+00
21  3.211596e+01  2.280609e+01
22  1.079343e+01  1.280386e+01
23  -3.642947e+00  4.499589e+00
24  -8.779157e+00  1.034243e+01
25  -2.504593e+00  3.318521e+00
26  -5.313468e-01  -2.503887e+00
27  -1.226449e+00  -2.339156e+00
28  1.831575e-01  -6.184645e-01
29  5.780130e-01  -5.399922e-01
30  1.212070e+00  9.504548e-01
31  1.331616e+00  1.366406e+00
32  9.296960e-01  2.492479e+00
33  3.180911e-02  2.988763e+00
34  9.681023e-01  3.063779e+00
35  2.264656e+00  3.540110e+00
36  2.364400e+00  5.985036e+00
37  5.106116e+00  9.364083e+00
38  7.525139e+00  1.230452e+01
39  1.185361e+01  1.453969e+01
40  2.577655e+01  1.937309e+01
41  3.143033e+01  2.005737e+01
42  3.597531e+01  1.092560e+01
43  2.289116e+01  1.057191e+01
44  6.282983e+00  1.311648e+01
45  -4.028477e+01  4.568993e+01
46  -5.742734e+01  9.937729e+01
47  -5.872644e+01  7.882245e+01
48  -8.689279e+01  2.264706e+01
49  -9.280798e+01  6.421649e+01
50  1.263099e+02  -3.370590e+00
51  4.323403e+02  5.145543e+01
52  6.822065e+02  -2.214493e+02
53  5.956821e+02  -6.712644e+02
54  1.553826e+03  -8.202463e+01
55  1.922096e+03  1.351030e+02
56  6.012303e+03  7.640741e+02
57  1.833419e+04  1.261433e+03
58  3.996681e+04  1.134468e+03
59  8.195260e+04  -3.558963e+02
60  1.508897e+05  -6.969829e+02
61  2.830993e+05  -1.118213e+03
62  5.521447e+05  7.076566e+03
63  1.316970e+06  2.798393e+04
ENDPROP
STARTPROP
MASSES:  4.500000e-02   4.200000e-03
SOURCE: GAM_15
SINKS: GAM_15
0  -5.702583e+04  -5.136590e+02
1  -1.029555e+06  3.412361e+04
2  -3.308217e+05  1.411968e+04
3  -1.460302e+05  3.970088e+03
4  -5.288865e+04  -5.116341e+02
5  -1.463521e+04  -1.534746e+03
6  1.354795e+03  -1.295947e+03
7  3.860000e+03  -1.822697e+03
8  3.196881e+03  -1.452274e+03
9  1.409950e+03  -1.305584e+03
10  5.758296e+02  -1.201611e+03
11  -5.008118e+02  -9.569083e+02
12  -4.381717e+02  -2.364335e+02
13  -2.583275e+02  -1.004448e+01
14  -1.385567e+02  -5.429923e+01
15  2.843760e+01  -9.935373e+01
16  2.216531e+01  1.040444e+01
17  3.033558e-02  -5.112229e+00
18  -8.334943e+00  -1.395925e+01
19  2.078032e+01  7.660163e+00
20  3.542646e+01  1.589176e+01
21  1.370576e+01  1.307156e+01
22  2.852387e+00  -2.869692e-01
23  -1.296099e+01  -8.215002e+00
24  -8.109179e+00  -3.569551e-01
25  -3.522699e+00  1.588670e+00
26  -1.658900e+00  -1.749749e+00
27  3.066284e-01  -6.072666e+00
28  4.327176e-01  -5.885521e+00
29  1.560111e+00  -3.861841e+00
30  1.227827e+00  -1.172339e+00
31  1.553471e-03  4.902001e-01
32  8.913461e-01  8.571815e-01
33  1.207910e+00  5.127075e-01
34  3.321515e-01  -1.014656e-02
35  1.070365e+00  -3.783487e-01
36  2.942194e+00  2.449504e-01
37  3.508157e+00  1.514995e+00
38  4.378251e+00  6.173646e+00
39  7.111267e+00  9.031229e+00
40  1.211750e+01  1.181770e+01
41  3.352343e+01  1.315822e+01
42  4.654354e+01  7.976067e+00
43  6.360210e+01  -9.737911e+00
44  3.591358e+01  -3.491220e+01
45  -1.596133e+01  -2.475110e+01
46  -6.802211e+01  -2.764427e+01
47  -1.872473e+02  -4.787944e+01
48  -3.517786e+02  -1.490218e+01
49  -5.877806e+02  1.342879e+02
50  -8.711468e+02  2.261890e+02
51  -1.117919e+03  2.489656e+02
52  -1.288028e+03  1.247496e+02
53  -1.248711e+03  4.687110e+02
54  -1.101207e+03  9.960942e+02
55  -7.679237e+02  1.227849e+03
56  -2.410919e+03  6.161706e+02
57  -5.259598e+03  1.861457e+03
58  -7.059733e+03  3.136587e+03
59  -1.544193e+04  -1.524491e+03
60  -4.001487e+04  -6.228587e+03
61  -1.164919e+05  -1.474075e+04
62  -3.056841e+05  -2.576529e+04
63  -1.009648e+06  -3.941545e+04
ENDPROP
STARTPROP
MASSES:  4.500000e-02   4.200000e-03
SOURCE: GAM_25
SINKS: GAM_25
0  -6.486402e+04  8.742514e+02
1  -1.057934e+06  4.835031e+04
2  -3.576866e+05  3.188171e+04
3  -1.567123e+05  2.179741e+04
4  -6.543344e+04  1.109360e+04
5  -2.822984e+04  2.601375e+03
6  -1.644440e+04  6.370642e+02
7  -8.691851e+03  1.500065e+03
8  -3.004864e+03  1.197751e+03
9  -1.008682e+03  -8.300331e+01
10  2.297001e+02  -1.665873e+03
11  3.602813e+02  -2.042032e+03
12  -1.792823e+00  -1.566823e+03
13  -4.807378e+02  -8.814331e+02
14  -2.792585e+02  -5.371361e+02
15  9.157947e+01  -3.689522e+02
16  1.825379e+02  -2.325724e+02
17  1.541411e+02  -9.330985e+01
18  9.275748e+01  -5.893811e+01
19  3.264174e+01  -7.198254e+01
20  -3.577412e+01  -2.964163e+01
21  -5.186410e+01  -2.646833e+01
22  -1.680175e+01  -1.995370e+01
23  6.178421e+00  -1.022369e+01
24  6.126313e+00  -7.004174e+00
25  3.073015e+00  -2.878812e+00
26  6.963458e-01  1.591510e-01
27  2.085519e+00  2.994327e+00
28  6.186945e+00  2.857162e+00
29  7.230087e+00  2.016167e+00
30  4.772159e+00  2.502858e-01
31  1.667655e+00  8.033330e-01
32  -8.863615e-02  -7.009881e-01
33  -4.449663e-01  -2.706380e+00
34  -5.184793e-01  -4.538125e+00
35  -4.699926e-01  -5.922675e+00
36  -2.720593e+00  -5.799471e+00
37  -2.762131e+00  -8.106315e+00
38  -1.566714e+00  -1.246383e+01
39  5.585038e+00  -2.068473e+01
40  2.193382e+00  -3.375635e+01
41  -1.903847e+00  -5.588104e+01
42  -2.689845e-01  -6.842300e+01
43  7.433791e+00  -7.502480e+01
44  1.976027e+01  -9.100366e+01
45  3.185586e+01  -7.096706e+01
46  1.280149e+01  -6.040503e+01
47  1.062304e+02  -1.046702e+02
48  1.913814e+02  -9.717173e+01
49  3.226088e+02  -1.824290e+01
50  3.672108e+02  -7.371291e+01
51  3.164783e+02  -1.627512e+02
52  -2.058385e+02  -2.445347e+02
53  -8.891625e+02  -4.204528e+02
54  -1.246900e+03  -2.987938e+02
55  5.049915e+02  -4.476450e+02
56  -6.037306e+02  -1.034845e+03
57  -3.516487e+03  -1.589820e+03
58  -8.951951e+03  -9.628308e+02
59  -2.265189e+04  4.694915e+02
60  -4.995373e+04  2.513645e+03
61  -1.253028e+05  3.231684e+03
62  -3.009997e+05  -2.488506e+03
63  -1.009404e+06  -3.239167e+04
ENDPROP
STARTPROP
MASSES:  4.500000e-02   4.200000e-03
SOURCE: GAM_35
SINKS: GAM_35
0  -9.176753e+04  4.075186e+03
1  -1.048646e+06  4.603023e+04
2  -3.408390e+05  2.575307e+04
3  -1.479899e+05  1.164077e+04
4  -7.533752e+04  4.813419e+03
5  -3.827170e+04  1.263600e+03
6  -1.907571e+04  1.085751e+03
7  -8.741890e+03  6.278140e+02
8  -3.956396e+03  -3.971126e+02
9  -1.308327e+03  -5.367759e+02
10  -2.546159e+02  -3.864293e+00
11  5.177787e+02  4.384665e+02
12  7.149956e+02  7.260916e+02
13  5.338839e+02  5.064461e+02
14  3.006516e+02  1.718034e+02
15  2.338790e+02  1.284437e+02
16  1.381448e+02  6.335366e+01
17  8.567076e+01  3.552698e+01
18  8.353167e+01  4.051362e+01
19  1.895925e+01  1.137287e+01
20  -2.676495e+01  -1.123224e+01
21  -1.326433e+01  -1.163281e+01
22  -4.652575e+00  -1.741296e+01
23  -3.167272e-01  -5.018800e+00
24  -1.074308e+00  1.167982e+00
25  9.088931e+00  -4.722679e+00
26  4.035042e-01  -9.439488e+00
27  -4.825862e+00  -1.002053e+01
28  -3.454091e+00  -5.921187e+00
29  -1.037611e-01  -1.978374e+00
30  1.426515e+00  8.895896e-02
31  2.102949e+00  1.387906e+00
32  1.803319e+00  2.554170e+00
33  3.463986e-01  1.957155e+00
34  -4.381022e-01  1.313727e+00
35  9.557899e-02  1.369327e+00
36  -6.082421e-01  1.689558e+00
37  -1.837493e+00  3.418462e+00
38  -6.214046e+00  9.288066e+00
39  -1.603885e+01  1.732273e+01
40  -1.798735e+01  2.771270e+01
41  -4.875828e+00  3.326872e+01
42  9.515564e-01  3.010832e+01
43  2.546072e+01  3.135945e+01
44  4.525296e+01  7.189595e+01
45  1.065902e+02  9.039039e+01
46  2.230980e+02  5.273949e+01
47  3.425558e+02  5.137564e+01
48  3.866607e+02  2.664328e+01
49  2.980951e+02  1.187305e+02
50  1.536893e+02  2.958546e+02
51  -5.807006e+01  2.869478e+02
52  -3.854373e+02  2.490431e+01
53  -1.396590e+03  -9.651091e+01
54  -2.685441e+03  -3.232295e-01
55  -4.074803e+03  2.841587e+02
56  -5.243961e+03  2.278527e+02
57  -7.520277e+03  -2.651614e+02
58  -1.061288e+04  -3.041022e+03
59  -1.665732e+04  -6.893535e+03
60  -4.055804e+04  -1.296797e+04
61  -1.180425e+05  -2.524425e+04
62  -3.149885e+05  -4.063055e+04
63  -1.051876e+06  -4.997008e+04
ENDPROP
STARTPROP
MASSES:  4.500000e-02   4.200000e-03
SOURCE: GAM_45
SINKS: GAM_45
0  -1.300822e+06  1.761539e+04
1  9.794843e+05  -3.245340e+04
2  5.050963e+05  -1.778506e+04
3  3.539165e+05  -8.310083e+03
4  2.471141e+05  -4.227563e+03
5  1.706752e+05  -2.054780e+03
6  1.178802e+05  -9.725204e+02
7  8.198596e+04  8.125493e+02
8  5.857633e+04  2.064597e+02
9  4.102737e+04  2.993015e+02
10  2.758776e+04  4.087178e+02
11  1.893536e+04  1.838199e+02
12  1.279356e+04  -3.284196e+01
13  8.686110e+03  1.090623e+00
14  6.085475e+03  -1.819723e+01
15  4.165347e+03  2.301738e+01
16  2.886935e+03  2.718734e+01
17  2.011981e+03  -5.282659e+00
18  1.393592e+03  -1.106167e+01
19  9.918413e+02  -4.385019e+00
20  6.921425e+02  -3.541912e+00
21  4.811979e+02  -7.230176e+00
22  3.170909e+02  -5.311402e+00
23  2.104006e+02  -1.223253e+00
24  1.428983e+02  -4.250512e+00
25  9.911232e+01  1.884171e+00
26  6.777770e+01  5.184947e-01
27  4.587530e+01  -1.016460e+00
28  3.030517e+01  3.628316e-01
29  2.231571e+01  2.937711e-01
30  1.659450e+01  6.631238e-01
31  1.380568e+01  1.828873e+00
32  1.306842e+01  3.190653e+00
33  1.426672e+01  4.222047e+00
34  1.693363e+01  5.827460e+00
35  2.283026e+01  8.047601e+00
36  3.226379e+01  1.054806e+01
37  4.645889e+01  1.355030e+01
38  7.338755e+01  1.865237e+01
39  1.061447e+02  2.834583e+01
40  1.597630e+02  4.655869e+01
41  2.386598e+02  6.559292e+01
42  3.497124e+02  8.770488e+01
43  5.211856e+02  1.238800e+02
44  7.434151e+02  1.710003e+02
45  1.064048e+03  2.149344e+02
46  1.543627e+03  3.304805e+02
47  2.219162e+03  4.521980e+02
48  3.220728e+03  5.649454e+02
49  4.632032e+03  8.234647e+02
50  6.733076e+03  9.949743e+02
51  9.674100e+03  1.399488e+03
52  1.368712e+04  1.865007e+03
53  2.005017e+04  2.802271e+03
54  2.961019e+04  4.529345e+03
55  4.347950e+04  6.439310e+03
56  6.346811e+04  9.224741e+03
57  9.071772e+04  1.237008e+04
58  1.315557e+05  1.667981e+04
59  1.877816e+05  2.167637e+04
60  2.586124e+05  2.945302e+04
61  3.618875e+05  3.898251e+04
62  5.048868e+05  5.051966e+04
63  9.658579e+05  6.694716e+04
ENDPROP
STARTPROP
MASSES:  4.500000e-02   4.200000e-03
SOURCE: PSAX4
SINKS: GAM_4
0  9.637374e+03  -2.112645e+04
1  1.663034e+06  -1.449886e+04
2  1.044444e+06  -6.216222e+03
3  7.232282e+05  2.679424e+03
4  5.074629e+05  4.054934e+03
5  3.513149e+05  2.278407e+03
6  2.430498e+05  2.801862e+03
7  1.679664e+05  4.367092e+03
8  1.188415e+05  3.294389e+03
9  8.147390e+04  2.964764e+03
10  5.559351e+04  2.721887e+03
11  3.810088e+04  1.793174e+03
12  2.566486e+04  1.164121e+03
13  1.723763e+04  7.820283e+02
14  1.179748e+04  5.516792e+02
15  8.100984e+03  4.207835e+02
16  5.628766e+03  3.177480e+02
17  3.865440e+03  1.824245e+02
18  2.696624e+03  1.250634e+02
19  1.898241e+03  1.065809e+02
20  1.321050e+03  9.434462e+01
21  9.167442e+02  6.522439e+01
22  6.215801e+02  5.171101e+01
23  4.229415e+02  3.744610e+01
24  2.883034e+02  2.279256e+01
25  2.002391e+02  1.999902e+01
26  1.340063e+02  1.232572e+01
27  8.831884e+01  6.502878e+00
28  5.751655e+01  4.981954e+00
29  3.684840e+01  1.210210e+00
30  2.071606e+01  3.590475e-01
31  8.583309e+00  -9.384528e-01
32  -2.316920e+00  -1.412323e+00
33  -1.419087e+01  -2.385260e+00
34  -2.694046e+01  -2.627097e+00
35  -4.280178e+01  -3.593710e+00
36  -6.528207e+01  -4.745494e+00
37  -9.770904e+01  -6.475159e+00
38  -1.480264e+02  -7.425850e+00
39  -2.135921e+02  -1.193267e+01
40  -3.155624e+02  -2.147963e+01
41  -4.620630e+02  -2.880516e+01
42  -6.700919e+02  -3.419587e+01
43  -9.939015e+02  -4.297114e+01
44  -1.403275e+03  -4.628177e+01
45  -1.998202e+03  -4.665159e+01
46  -2.865379e+03  -6.914485e+01
47  -4.102800e+03  -9.069608e+01
48  -5.930921e+03  -9.041809e+00
49  -8.521442e+03  -8.178371e+01
50  -1.230945e+04  6.533191e+01
51  -1.781471e+04  -6.426190e+01
52  -2.557759e+04  -1.699499e+02
53  -3.737859e+04  -5.769071e+02
54  -5.544737e+04  -1.767146e+03
55  -8.129574e+04  -2.732401e+03
56  -1.182581e+05  -4.602105e+03
57  -1.703386e+05  -6.227055e+03
58  -2.510849e+05  -6.637701e+03
59  -3.589672e+05  -7.926608e+03
60  -5.063033e+05  -9.519980e+03
61  -7.222081e+05  -1.432938e+04
62  -1.029237e+06  -1.457900e+04
63  -1.626188e+06  -2.085773e+04
ENDPROP
STARTPROP
MASSES:  4.500000e-02   4.200000e-03
SOURCE: WWPSAX4
SINKS: GAM_4
0  1.652524e+08  -1.079177e+09
1  1.474471e+09  -9.132882e+07
2  1.212726e+09  -6.912148e+07
3  4.841436e+08  2.081822e+06
4  3.225143e+08  4.845496e+06
5  2.031900e+08  -5.767350e+07
6  1.123493e+08  -2.355897e+07
7  1.331286e+08  5.200253e+06
8  5.992268e+07  3.490749e+06
9  3.235403e+07  7.007877e+06
10  3.708780e+07  2.484555e+06
11  1.797314e+07  -1.777878e+06
12  1.382543e+07  2.923967e+06
13  1.210797e+07  6.335650e+06
14  5.399585e+06  -2.400352e+06
15  2.717504e+06  1.335138e+06
16  2.641460e+06  3.302860e+05
17  1.683187e+06  1.367420e+05
18  1.285942e+06  2.935903e+05
19  1.882273e+06  -5.265523e+04
20  5.341097e+05  -4.151875e+05
21  6.715729e+05  -1.977952e+05
22  2.153392e+05  1.045677e+05
23  1.062946e+05  2.597033e+04
24  8.085000e+04  2.456295e+04
25  7.785323e+04  7.225216e+04
26  2.468629e+04  3.967931e+04
27  1.078886e+05  4.955558e+04
28  5.601245e+04  -8.590446e+03
29  7.242177e+03  -7.155000e+03
30  2.461909e+04  -1.356689e+04
31  2.029801e+03  1.500417e+04
32  -1.012841e+03  5.946143e+03
33  4.610567e+02  4.033978e+03
34  -3.501126e+03  -1.717744e+04
35  -1.917585e+03  1.693676e+04
36  -3.571582e+04  -1.135217e+04
37  -6.877535e+04  -1.204946e+03
38  -9.834586e+04  -1.004771e+04
39  -2.861321e+05  -1.359159e+05
40  -1.932874e+05  9.808701e+04
41  -1.976423e+05  -1.494061e+05
42  -6.457556e+05  2.111603e+05
43  -4.543087e+05  -1.595278e+05
44  -7.494999e+05  2.669494e+05
45  -1.016666e+06  -4.776862e+05
46  -2.695559e+06  1.220215e+05
47  -3.044750e+06  -6.420236e+05
48  -3.182287e+06  7.081243e+04
49  -3.927518e+06  -1.057989e+06
50  -7.023004e+06  2.670243e+05
51  -1.076824e+07  -3.264091e+05
52  -1.736530e+07  -3.662034e+06
53  -1.848740e+07  2.093381e+06
54  -1.758539e+07  -2.639165e+06
55  -4.805129e+07  -1.335723e+07
56  -5.893216e+07  -8.710727e+06
57  -7.480371e+07  -1.531133e+07
58  -8.320697e+07  -1.578689e+07
59  -2.232299e+08  2.099317e+07
60  -2.429888e+08  2.824301e+06
61  -3.698744e+08  -4.322041e+07
62  -7.665003e+08  -2.645705e+07
63  -1.478043e+09  6.634222e+07
ENDPROP
STARTPROP
MASSES:  4.500000e-02   4.200000e-03
SOURCE: WWGAM_5
SINKS: GAM_5
0  1.643331e+10  7.058583e+01
1  2.344674e+09  -8.656796e+07
2  1.717291e+09  7.787570e+06
3  9.520147e+08  1.969085e+07
4  4.926601e+08  -6.770055e+06
5  4.066689e+08  -3.525632e+07
6  2.432974e+08  -2.730583e+07
7  2.305869e+08  -1.324937e+07
8  1.363488e+08  3.113124e+06
9  7.372659e+07  3.173104e+06
10  7.700662e+07  7.271894e+06
11  4.116111e+07  5.364372e+05
12  3.091563e+07  -2.351233e+06
13  2.177339e+07  4.315656e+06
14  1.350726e+07  -2.703056e+06
15  8.751113e+06  2.053371e+06
16  6.145970e+06  1.181923e+06
17  4.122305e+06  -4.301162e+05
18  3.098063e+06  9.087142e+04
19  3.698175e+06  -3.157246e+05
20  1.262041e+06  -1.755215e+05
21  1.441617e+06  1.834580e+05
22  6.707446e+05  9.053190e+04
23  3.938177e+05  6.563757e+04
24  2.561231e+05  1.077977e+05
25  2.038389e+05  8.267035e+04
26  1.387707e+05  8.853839e+04
27  1.362197e+05  6.520293e+04
28  1.245621e+05  1.639042e+04
29  6.412328e+04  1.804690e+04
30  5.686096e+04  5.950409e+03
31  4.930555e+04  -9.876821e+02
32  4.124759e+04  -1.916185e+03
33  3.402226e+04  -1.333741e+04
34  4.937433e+04  7.531481e+03
35  2.699049e+04  2.760548e+03
36  7.640868e+04  -4.313976e+03
37  1.102369e+05  -1.298024e+04
38  2.118241e+05  -6.344792e+03
39  3.791592e+05  9.966872e+04
40  4.282992e+05  -7.994017e+04
41  3.986322e+05  1.564938e+05
42  1.042904e+06  -2.971196e+05
43  1.369885e+06  1.323238e+05
44  1.514423e+06  -1.855188e+05
45  1.920104e+06  7.429743e+05
46  3.997678e+06  3.068274e+04
47  5.453766e+06  4.164603e+05
48  6.158092e+06  -4.431547e+05
49  8.106080e+06  9.934794e+05
50  1.316947e+07  1.348882e+06
51  2.156174e+07  7.033700e+04
52  3.003033e+07  2.744618e+06
53  4.515392e+07  -3.455909e+05
54  5.521369e+07  8.425041e+06
55  9.414080e+07  1.362307e+07
56  1.470625e+08  1.548856e+07
57  2.019626e+08  1.472856e+07
58  2.755948e+08  3.857872e+07
59  3.726594e+08  -2.421447e+07
60  5.189239e+08  -1.671368e+07
61  7.007510e+08  4.853370e+07
62  1.151731e+09  7.265611e+07
63  2.200217e+09  -4.799851e+07
ENDPROP
