STARTPROP
MASSES:  4.500000e-02   4.500000e-02
SOURCE: GAM_1
SINKS: GAM_1
0  1.282088e+06  9.098521e+02
1  1.902645e+06  -4.024774e+02
2  8.369792e+05  -3.073051e+02
3  4.182434e+05  -3.525200e+02
4  2.052993e+05  2.505404e+01
5  9.856416e+04  6.133361e+01
6  4.720874e+04  6.066121e+01
7  2.205231e+04  -2.495190e+01
8  1.002831e+04  -1.820809e+01
9  4.544496e+03  -1.305420e+01
10  2.079829e+03  1.155490e+01
11  1.075033e+03  1.116737e+01
12  5.583807e+02  1.720554e+01
13  2.732750e+02  1.290380e+01
14  1.202231e+02  5.537220e+00
15  6.993432e+01  3.300158e+00
16  3.365826e+01  1.446049e+00
17  1.294581e+01  3.888890e-01
18  8.430976e-01  1.747947e-01
19  -1.794726e+00  -1.171109e-01
20  -2.548467e+00  1.001721e-01
21  -1.641555e+00  1.314077e-01
22  -1.358824e+00  1.591893e-01
23  -7.140917e-01  1.375555e-01
24  -2.181223e-01  9.713288e-02
25  -2.056187e-02  3.777347e-02
26  4.013489e-02  1.123866e-02
27  4.095642e-02  5.708324e-03
28  5.319758e-02  -2.811816e-05
29  2.361469e-02  -3.375845e-03
30  1.386515e-02  -3.586885e-03
31  1.322817e-02  -3.766322e-03
32  9.537373e-04  -3.453201e-03
33  -1.068717e-03  -3.051849e-03
34  -2.043832e-02  -4.376170e-03
35  -6.517907e-02  -7.205341e-03
36  -7.712829e-02  -1.171397e-02
37  -6.178037e-02  -1.754726e-02
38  -1.210495e-01  -1.020834e-02
39  -2.937701e-01  5.066184e-04
40  -7.863593e-01  1.245326e-02
41  -1.167543e+00  3.586259e-02
42  -1.361162e+00  3.740672e-02
43  -7.599026e-01  2.798020e-02
44  2.768586e-01  7.139844e-02
45  1.813319e+00  6.896404e-02
46  4.139615e+00  4.080439e-01
47  4.333477e+00  -4.518136e-02
48  1.134579e+01  4.125836e-01
49  4.842934e+01  -2.844759e-01
50  9.110514e+01  -4.189146e+00
51  1.451808e+02  -8.410614e+00
52  3.392471e+02  -1.282058e+01
53  9.654512e+02  -1.511639e+01
54  2.363315e+03  9.668691e+00
55  5.034018e+03  -8.675497e+00
56  1.113950e+04  -3.514168e+00
57  2.358648e+04  2.022146e+01
58  4.714619e+04  7.558849e+01
59  9.626288e+04  3.013838e+02
60  1.952893e+05  6.592120e+02
61  4.051702e+05  1.202151e+03
62  8.261448e+05  2.220414e+03
63  1.901152e+06  2.627952e+03
ENDPROP
STARTPROP
MASSES:  4.500000e-02   4.500000e-02
SOURCE: GAM_2
SINKS: GAM_2
0  1.265774e+06  -4.934988e+01
1  1.889735e+06  -2.013147e+03
2  8.103758e+05  -1.700967e+03
3  3.950747e+05  -1.174048e+03
4  1.926248e+05  -4.094279e+02
5  9.381273e+04  -1.265176e+02
6  4.640171e+04  1.330210e+01
7  2.322624e+04  -1.174247e+01
8  1.164398e+04  -3.167480e+01
9  5.658295e+03  9.570225e+00
10  2.898718e+03  2.175535e+01
11  1.426536e+03  1.818409e+01
12  6.784210e+02  1.475176e+01
13  3.567670e+02  9.963668e+00
14  1.733955e+02  3.503270e+00
15  1.048887e+02  8.287971e-01
16  6.641985e+01  8.435129e-01
17  4.413872e+01  8.402370e-01
18  2.574811e+01  5.011924e-01
19  1.020232e+01  3.348035e-01
20  2.225890e+00  1.554061e-01
21  -4.206098e-01  1.333817e-01
22  -3.657252e-01  7.841385e-02
23  1.828774e-01  5.031203e-02
24  -3.135363e-02  3.363095e-02
25  -4.701956e-02  2.454812e-02
26  -1.020548e-01  2.377372e-02
27  -9.529299e-02  1.169258e-02
28  -3.667593e-02  1.496234e-03
29  7.783165e-03  -4.138688e-03
30  2.608244e-02  -3.101281e-03
31  1.726056e-02  -1.695086e-03
32  5.491011e-03  -1.676179e-03
33  1.790558e-03  -1.325950e-03
34  5.864816e-03  1.053748e-04
35  3.914139e-03  2.325901e-03
36  -7.548229e-03  6.208156e-03
37  -3.460067e-02  6.847757e-03
38  -6.723815e-02  1.185136e-02
39  -1.376727e-01  4.217580e-03
40  -2.573356e-01  4.651079e-03
41  -2.536855e-01  3.563718e-02
42  -3.140127e-01  1.255324e-01
43  -6.288405e-01  3.087031e-01
44  -1.975286e-02  5.695593e-01
45  3.012968e+00  7.717902e-01
46  1.160693e+01  1.035642e+00
47  3.110687e+01  7.991467e-01
48  6.699096e+01  1.489867e+00
49  1.230345e+02  1.358206e+00
50  1.813035e+02  3.433979e+00
51  3.160535e+02  3.924305e+00
52  5.947298e+02  1.282904e+00
53  1.209776e+03  1.477331e+00
54  2.430790e+03  3.469152e+00
55  4.870625e+03  2.508445e+01
56  9.814117e+03  7.691093e+01
57  1.990012e+04  1.036916e+02
58  4.105710e+04  1.905579e+02
59  8.604949e+04  4.203757e+02
60  1.815168e+05  5.164749e+02
61  3.917080e+05  1.118801e+03
62  8.198003e+05  2.176728e+03
63  1.892135e+06  2.154692e+03
ENDPROP
STARTPROP
MASSES:  4.500000e-02   4.500000e-02
SOURCE: GAM_3
SINKS: GAM_3
0  1.281107e+06  1.041608e+03
1  1.915375e+06  -8.531300e+02
2  8.458116e+05  -4.611381e+02
3  4.169551e+05  -2.123612e+02
4  2.054225e+05  -4.391134e+01
5  1.004444e+05  9.036095e+01
6  4.793948e+04  1.243070e+02
7  2.225255e+04  8.330950e+01
8  1.073819e+04  2.657933e+01
9  5.521317e+03  1.800576e+01
10  2.842545e+03  1.082941e+01
11  1.371353e+03  -6.977458e+00
12  6.620478e+02  -1.376390e+01
13  3.188574e+02  -6.010306e+00
14  1.448160e+02  -4.080737e+00
15  7.167223e+01  -3.319162e+00
16  4.623531e+01  -2.072017e+00
17  1.835008e+01  -1.776929e+00
18  2.035249e+00  -9.585207e-01
19  -3.006161e+00  -3.990992e-01
20  -2.545512e+00  -5.320316e-02
21  -1.169368e+00  1.589034e-01
22  -9.441913e-01  1.063595e-01
23  -6.648298e-01  4.394974e-02
24  -2.517420e-01  2.582424e-02
25  -1.482592e-01  1.430630e-02
26  -7.765445e-02  1.116135e-02
27  -5.194166e-02  1.550515e-02
28  -1.783987e-02  1.194689e-02
29  9.076411e-03  8.157852e-03
30  4.572452e-04  6.065100e-03
31  -3.655512e-03  3.538859e-03
32  -4.420254e-03  8.776152e-04
33  -7.602932e-04  -7.194105e-04
34  1.269904e-02  -2.323143e-04
35  2.766639e-02  1.358856e-03
36  4.932066e-02  1.288498e-03
37  9.112794e-02  -3.015769e-03
38  1.829901e-01  -1.595222e-02
39  3.744726e-01  -1.906067e-02
40  5.537067e-01  -4.697590e-02
41  1.031046e+00  -7.725376e-02
42  1.767542e+00  -8.943064e-02
43  2.497687e+00  -6.904766e-02
44  4.335602e+00  -8.447815e-02
45  8.777553e+00  9.593553e-02
46  1.436278e+01  3.587689e-01
47  2.492182e+01  4.566465e-01
48  5.716466e+01  1.379468e+00
49  1.039267e+02  2.918682e+00
50  1.673947e+02  1.716549e+00
51  2.576179e+02  -9.094376e-01
52  5.016908e+02  -2.234016e+00
53  1.227611e+03  -9.037460e+00
54  2.781856e+03  -1.206536e+01
55  5.609327e+03  -3.009352e+00
56  1.143084e+04  9.248005e+01
57  2.262903e+04  1.614303e+02
58  4.327266e+04  2.216967e+02
59  8.442281e+04  2.609002e+02
60  1.752014e+05  2.964719e+02
61  3.816057e+05  2.098118e+02
62  8.046858e+05  6.483535e+02
63  1.892447e+06  1.855381e+03
ENDPROP
STARTPROP
MASSES:  4.500000e-02   4.500000e-02
SOURCE: GAM_4
SINKS: GAM_4
0  2.126335e+06  4.349885e+02
1  -2.709045e+05  5.294356e+02
2  -3.165798e+03  -9.303368e+00
3  -1.103341e+03  -1.637177e+02
4  -9.667197e+01  -1.362956e+02
5  -3.799774e+01  2.215624e+01
6  8.437633e+01  -1.156879e+00
7  -1.058683e+02  -5.992972e+00
8  4.589070e+01  -8.849039e+00
9  7.753256e+01  -1.853823e+01
10  4.129024e+00  -1.408145e+01
11  6.646637e+00  -1.108167e+01
12  1.379713e+01  -7.819700e+00
13  5.620088e+00  -2.891989e+00
14  -7.529701e+00  -7.947837e-01
15  -1.576391e+00  -4.878204e-01
16  -2.341243e+00  -7.476264e-02
17  3.546866e-01  -5.278266e-02
18  5.950446e-01  4.139181e-02
19  -4.790950e-01  1.338491e-01
20  2.063870e-01  4.744174e-02
21  -8.130402e-02  4.841683e-02
22  8.810063e-02  3.165057e-02
23  6.511272e-02  3.566348e-03
24  1.564734e-02  1.425044e-02
25  8.038873e-03  8.734434e-03
26  -1.334891e-02  4.316619e-03
27  7.146534e-03  1.523249e-03
28  1.196970e-02  2.944214e-03
29  1.469976e-02  2.769792e-03
30  1.410333e-02  3.183614e-03
31  1.276347e-02  2.782408e-03
32  9.952564e-03  3.080148e-03
33  1.300428e-02  2.975199e-03
34  1.214158e-02  3.128203e-03
35  1.305442e-02  2.913642e-03
36  1.102169e-02  3.291926e-03
37  6.225445e-03  3.302155e-03
38  9.602407e-04  3.432416e-03
39  1.020374e-02  9.089105e-03
40  2.652154e-02  2.983013e-03
41  3.321039e-02  7.685160e-03
42  -2.114539e-02  1.595788e-02
43  5.811313e-02  8.909242e-02
44  3.937287e-01  1.932249e-01
45  4.992331e-01  2.200467e-01
46  -1.732661e-01  7.122559e-02
47  5.489464e-01  -2.917912e-02
48  3.950040e-01  -1.089298e-02
49  -4.850585e-01  -5.220657e-02
50  -1.529452e+00  5.719313e-01
51  -3.059832e+00  1.606993e+00
52  1.366332e+00  6.250439e-01
53  -8.409477e+00  -6.469001e-01
54  3.674176e+01  -5.522468e+00
55  -8.659412e+01  -1.239259e+01
56  -8.856089e+01  -2.626824e+01
57  6.318468e+01  -1.106689e+01
58  1.927057e+02  -7.449226e+01
59  -2.437282e+02  -1.254931e+02
60  6.372838e+01  -2.417654e+02
61  -1.522946e+03  -5.619236e+02
62  6.392649e+02  -7.117360e+02
63  -2.659558e+05  -1.428817e+03
ENDPROP
STARTPROP
MASSES:  4.500000e-02   4.500000e-02
SOURCE: GAM_5
SINKS: GAM_5
0  5.280952e+06  4.581278e+03
1  5.189721e+06  1.368148e+03
2  3.231766e+06  9.930398e+02
3  2.025927e+06  -9.593986e+02
4  1.246123e+06  -6.412530e+02
5  7.700706e+05  4.986755e+02
6  4.717028e+05  5.632308e+02
7  2.899538e+05  3.097828e+01
8  1.761228e+05  -1.950198e+02
9  1.073751e+05  -9.647477e+01
10  6.615125e+04  -9.067937e+01
11  4.028369e+04  -4.543235e+01
12  2.480818e+04  1.413992e+01
13  1.546874e+04  1.413163e+01
14  9.365339e+03  1.287731e+01
15  5.762424e+03  8.312045e+00
16  3.521225e+03  6.591589e+00
17  2.179783e+03  1.440035e+00
18  1.325754e+03  -3.208143e-01
19  8.005764e+02  -2.164629e-01
20  4.890425e+02  3.418260e-01
21  2.984494e+02  2.412363e-01
22  1.808688e+02  -1.100481e-02
23  1.079260e+02  -1.172562e-01
24  6.389518e+01  3.513690e-03
25  3.782178e+01  -9.780478e-03
26  2.297736e+01  1.720334e-03
27  1.405817e+01  1.482020e-02
28  8.683700e+00  2.347492e-03
29  5.493543e+00  -2.345585e-03
30  3.749786e+00  -9.121459e-03
31  2.845022e+00  -1.492939e-02
32  2.624639e+00  -2.391062e-02
33  3.000309e+00  -4.954772e-02
34  4.135324e+00  -9.692526e-02
35  6.302729e+00  -1.701235e-01
36  9.864540e+00  -2.479416e-01
37  1.571148e+01  -3.592385e-01
38  2.569128e+01  -5.422553e-01
39  4.277089e+01  -8.342000e-01
40  7.042458e+01  -1.345464e+00
41  1.150850e+02  -1.961637e+00
42  1.877244e+02  -2.339307e+00
43  3.043532e+02  -2.800134e+00
44  4.985544e+02  -2.091940e+00
45  8.086137e+02  -5.030167e-01
46  1.302968e+03  1.321352e+00
47  2.103825e+03  1.818148e+00
48  3.356579e+03  2.199192e-02
49  5.472296e+03  -4.833325e+00
50  8.981502e+03  -6.160121e+00
51  1.465540e+04  -5.413266e+00
52  2.381037e+04  -1.377531e+01
53  3.921159e+04  1.899866e+01
54  6.479176e+04  1.284663e+02
55  1.069322e+05  4.179812e+02
56  1.723636e+05  8.195212e+02
57  2.787007e+05  1.069862e+03
58  4.517554e+05  1.494991e+03
59  7.398960e+05  2.378571e+03
60  1.202473e+06  3.668583e+03
61  1.965463e+06  5.399177e+03
62  3.173406e+06  6.968784e+03
63  5.159823e+06  6.683780e+03
ENDPROP
STARTPROP
MASSES:  4.500000e-02   4.500000e-02
SOURCE: GAM_12
SINKS: GAM_12
0  8.972974e+05  3.394712e+02
1  -6.170759e+05  4.964937e+02
2  -1.305813e+05  -6.840624e+01
3  -4.513658e+04  4.673893e+01
4  -1.650627e+04  -4.987600e+01
5  -5.578156e+03  4.669186e+01
6  -2.041340e+03  6.347352e+01
7  -8.647789e+02  5.853184e+01
8  -4.519048e+02  2.706820e+01
9  -3.502361e+02  1.990154e+01
10  -3.380349e+02  4.911544e+00
11  -2.070363e+02  -3.414689e+00
12  -8.672046e+01  1.097386e+00
13  -2.607532e+01  1.519648e+00
14  -4.118138e+00  2.582738e+00
15  1.372556e+00  2.338651e+00
16  2.897283e+00  2.557951e-01
17  2.822922e+00  -3.874121e-01
18  -2.533202e-01  -2.446757e-01
19  -6.394535e-01  -1.635265e-01
20  -4.243720e-01  -1.405183e-01
21  -5.842478e-01  -1.112644e-01
22  -7.962643e-01  -1.391205e-02
23  -5.099643e-01  4.248199e-02
24  -2.880701e-01  1.228501e-02
25  -1.358362e-01  -1.285292e-03
26  -6.425125e-02  6.638996e-04
27  -2.641219e-02  -5.154928e-03
28  -1.155314e-02  6.974800e-04
29  -2.767939e-03  1.536928e-03
30  3.215178e-03  4.799594e-05
31  3.570155e-03  -1.356906e-03
32  7.818534e-03  -2.770340e-03
33  1.040655e-02  -2.375173e-03
34  1.208198e-02  -2.810373e-03
35  1.900467e-02  -3.927342e-03
36  1.919429e-02  -4.047383e-03
37  1.293642e-02  -1.083467e-02
38  3.442613e-02  -1.655335e-02
39  3.483908e-02  -2.722060e-02
40  -7.624682e-02  -2.996163e-02
41  -3.199011e-01  -2.727399e-02
42  -5.206319e-01  -1.715901e-02
43  -1.159805e-01  7.201406e-03
44  2.695131e-01  5.906548e-02
45  1.366087e+00  9.857209e-02
46  2.026532e+00  1.129020e-01
47  1.262346e+00  4.083928e-01
48  -6.953457e+00  4.674158e-01
49  -1.495062e+01  7.675313e-01
50  -2.423588e+01  1.230555e+00
51  -1.348769e+01  -1.144379e+00
52  1.135177e+01  -4.839492e+00
53  4.848884e+00  -1.755406e+01
54  -7.030440e+01  -1.989703e+01
55  -9.706264e+01  -3.688494e+01
56  3.916780e+01  -2.400995e+01
57  -1.010215e+02  -3.080546e+01
58  -7.495655e+02  -4.065146e+01
59  -3.061297e+03  -6.418084e+01
60  -1.305877e+04  -8.701599e+01
61  -4.588837e+04  -2.364700e+02
62  -1.351573e+05  -8.334091e+02
63  -6.247125e+05  -1.883850e+03
ENDPROP
STARTPROP
MASSES:  4.500000e-02   4.500000e-02
SOURCE: GAM_21
SINKS: GAM_21
0  8.972974e+05  3.394712e+02
1  -6.170759e+05  4.964937e+02
2  -1.305813e+05  -6.840624e+01
3  -4.513658e+04  4.673893e+01
4  -1.650627e+04  -4.987600e+01
5  -5.578156e+03  4.669186e+01
6  -2.041340e+03  6.347352e+01
7  -8.647789e+02  5.853184e+01
8  -4.519048e+02  2.706820e+01
9  -3.502361e+02  1.990154e+01
10  -3.380349e+02  4.911544e+00
11  -2.070363e+02  -3.414689e+00
12  -8.672046e+01  1.097386e+00
13  -2.607532e+01  1.519648e+00
14  -4.118138e+00  2.582738e+00
15  1.372556e+00  2.338651e+00
16  2.897283e+00  2.557951e-01
17  2.822922e+00  -3.874121e-01
18  -2.533202e-01  -2.446757e-01
19  -6.394535e-01  -1.635265e-01
20  -4.243720e-01  -1.405183e-01
21  -5.842478e-01  -1.112644e-01
22  -7.962643e-01  -1.391205e-02
23  -5.099643e-01  4.248199e-02
24  -2.880701e-01  1.228501e-02
25  -1.358362e-01  -1.285292e-03
26  -6.425125e-02  6.638996e-04
27  -2.641219e-02  -5.154928e-03
28  -1.155314e-02  6.974800e-04
29  -2.767939e-03  1.536928e-03
30  3.215178e-03  4.799594e-05
31  3.570155e-03  -1.356906e-03
32  7.818534e-03  -2.770340e-03
33  1.040655e-02  -2.375173e-03
34  1.208198e-02  -2.810373e-03
35  1.900467e-02  -3.927342e-03
36  1.919429e-02  -4.047383e-03
37  1.293642e-02  -1.083467e-02
38  3.442613e-02  -1.655335e-02
39  3.483908e-02  -2.722060e-02
40  -7.624682e-02  -2.996163e-02
41  -3.199011e-01  -2.727399e-02
42  -5.206319e-01  -1.715901e-02
43  -1.159805e-01  7.201406e-03
44  2.695131e-01  5.906548e-02
45  1.366087e+00  9.857209e-02
46  2.026532e+00  1.129020e-01
47  1.262346e+00  4.083928e-01
48  -6.953457e+00  4.674158e-01
49  -1.495062e+01  7.675313e-01
50  -2.423588e+01  1.230555e+00
51  -1.348769e+01  -1.144379e+00
52  1.135177e+01  -4.839492e+00
53  4.848884e+00  -1.755406e+01
54  -7.030440e+01  -1.989703e+01
55  -9.706264e+01  -3.688494e+01
56  3.916780e+01  -2.400995e+01
57  -1.010215e+02  -3.080546e+01
58  -7.495655e+02  -4.065146e+01
59  -3.061297e+03  -6.418084e+01
60  -1.305877e+04  -8.701599e+01
61  -4.588837e+04  -2.364700e+02
62  -1.351573e+05  -8.334091e+02
63  -6.247125e+05  -1.883850e+03
ENDPROP
STARTPROP
MASSES:  4.500000e-02   4.500000e-02
SOURCE: GAM_13
SINKS: GAM_13
0  8.862657e+05  -1.574422e+03
1  -6.313677e+05  -4.571046e+02
2  -1.373096e+05  -2.004038e+02
3  -4.912593e+04  2.051609e+01
4  -1.636206e+04  -1.483002e+02
5  -5.088218e+03  -7.704356e+01
6  -1.029089e+03  -1.438076e+02
7  -1.365820e+02  -5.448783e+01
8  9.400709e+01  -8.222609e+00
9  9.176176e+01  -8.831594e+00
10  1.331993e+01  -1.158771e+01
11  -3.887103e+01  -6.911772e+00
12  3.168096e+01  -5.297985e+00
13  2.147905e+01  -3.033967e+00
14  2.159896e+01  -2.745538e+00
15  2.036046e+01  -1.956792e+00
16  1.066928e+01  -1.230054e+00
17  1.409428e+00  -5.384576e-01
18  -1.565118e+00  -3.573454e-01
19  -3.071453e-02  -2.384252e-01
20  5.628533e-01  -1.201925e-01
21  4.502606e-01  -8.221194e-02
22  4.565557e-01  -7.416338e-02
23  2.542549e-01  -4.170859e-02
24  7.000750e-02  -1.357516e-02
25  1.409665e-02  -1.097507e-02
26  1.824726e-02  -1.333644e-02
27  -1.704442e-02  -8.405591e-03
28  -1.510879e-02  -5.086582e-03
29  -1.125005e-02  -2.188595e-03
30  -1.053185e-02  -1.133766e-03
31  -3.238730e-03  -5.616331e-04
32  2.946288e-03  -8.998809e-04
33  8.800778e-03  -4.775202e-04
34  9.317748e-03  -1.353943e-03
35  9.067954e-03  -2.192957e-03
36  2.868687e-03  -4.969116e-04
37  -2.756036e-02  3.034219e-04
38  -6.321538e-02  1.004896e-03
39  -1.154607e-01  4.851525e-03
40  -7.306263e-02  -5.285559e-03
41  3.376895e-02  -3.112965e-02
42  3.493666e-01  -2.990547e-02
43  1.578934e-01  5.232641e-02
44  -1.442036e-01  1.932577e-01
45  1.002271e+00  5.969845e-01
46  3.492944e-02  1.001241e+00
47  -9.115675e-01  1.154434e+00
48  -4.963032e+00  6.516595e-02
49  -9.953128e+00  -7.540290e-01
50  5.617325e+00  -1.437751e+00
51  1.193368e+01  -1.298936e-01
52  1.963232e+01  -1.590490e+00
53  2.414914e+01  -3.028444e-02
54  1.275491e+02  5.675801e+00
55  1.847760e+02  -1.176122e+01
56  4.171270e+02  -3.475085e+01
57  2.416268e+02  -4.877502e+01
58  -5.481313e+02  -4.903214e+01
59  -2.979801e+03  -1.718632e+02
60  -1.202256e+04  -1.015757e+02
61  -4.237305e+04  -2.850666e+02
62  -1.316868e+05  -4.811008e+02
63  -6.250193e+05  -2.056855e+03
ENDPROP
STARTPROP
MASSES:  4.500000e-02   4.500000e-02
SOURCE: GAM_31
SINKS: GAM_31
0  8.862657e+05  -1.574422e+03
1  -6.313677e+05  -4.571046e+02
2  -1.373096e+05  -2.004038e+02
3  -4.912593e+04  2.051609e+01
4  -1.636206e+04  -1.483002e+02
5  -5.088218e+03  -7.704356e+01
6  -1.029089e+03  -1.438076e+02
7  -1.365820e+02  -5.448783e+01
8  9.400709e+01  -8.222609e+00
9  9.176176e+01  -8.831594e+00
10  1.331993e+01  -1.158771e+01
11  -3.887103e+01  -6.911772e+00
12  3.168096e+01  -5.297985e+00
13  2.147905e+01  -3.033967e+00
14  2.159896e+01  -2.745538e+00
15  2.036046e+01  -1.956792e+00
16  1.066928e+01  -1.230054e+00
17  1.409428e+00  -5.384576e-01
18  -1.565118e+00  -3.573454e-01
19  -3.071453e-02  -2.384252e-01
20  5.628533e-01  -1.201925e-01
21  4.502606e-01  -8.221194e-02
22  4.565557e-01  -7.416338e-02
23  2.542549e-01  -4.170859e-02
24  7.000750e-02  -1.357516e-02
25  1.409665e-02  -1.097507e-02
26  1.824726e-02  -1.333644e-02
27  -1.704442e-02  -8.405591e-03
28  -1.510879e-02  -5.086582e-03
29  -1.125005e-02  -2.188595e-03
30  -1.053185e-02  -1.133766e-03
31  -3.238730e-03  -5.616331e-04
32  2.946288e-03  -8.998809e-04
33  8.800778e-03  -4.775202e-04
34  9.317748e-03  -1.353943e-03
35  9.067954e-03  -2.192957e-03
36  2.868687e-03  -4.969116e-04
37  -2.756036e-02  3.034219e-04
38  -6.321538e-02  1.004896e-03
39  -1.154607e-01  4.851525e-03
40  -7.306263e-02  -5.285559e-03
41  3.376895e-02  -3.112965e-02
42  3.493666e-01  -2.990547e-02
43  1.578934e-01  5.232641e-02
44  -1.442036e-01  1.932577e-01
45  1.002271e+00  5.969845e-01
46  3.492944e-02  1.001241e+00
47  -9.115675e-01  1.154434e+00
48  -4.963032e+00  6.516595e-02
49  -9.953128e+00  -7.540290e-01
50  5.617325e+00  -1.437751e+00
51  1.193368e+01  -1.298936e-01
52  1.963232e+01  -1.590490e+00
53  2.414914e+01  -3.028444e-02
54  1.275491e+02  5.675801e+00
55  1.847760e+02  -1.176122e+01
56  4.171270e+02  -3.475085e+01
57  2.416268e+02  -4.877502e+01
58  -5.481313e+02  -4.903214e+01
59  -2.979801e+03  -1.718632e+02
60  -1.202256e+04  -1.015757e+02
61  -4.237305e+04  -2.850666e+02
62  -1.316868e+05  -4.811008e+02
63  -6.250193e+05  -2.056855e+03
ENDPROP
STARTPROP
MASSES:  4.500000e-02   4.500000e-02
SOURCE: GAM_14
SINKS: GAM_14
0  1.501728e+05  -5.905640e+02
1  1.355808e+06  -1.790520e+03
2  5.348308e+05  -7.873273e+02
3  2.601849e+05  -2.457304e+02
4  1.259379e+05  -2.108274e+02
5  6.234786e+04  -1.083380e+02
6  2.930413e+04  1.941893e+01
7  1.277416e+04  3.936552e+01
8  5.263131e+03  -9.066438e+00
9  2.297913e+03  -3.338543e+01
10  1.058176e+03  -1.573336e+01
11  5.653249e+02  -7.000865e+00
12  2.524434e+02  2.304957e+00
13  9.711967e+01  4.240120e+00
14  2.669515e+01  2.396075e+00
15  2.082571e+01  1.856782e+00
16  1.304927e+01  1.354255e+00
17  7.484610e+00  8.341339e-01
18  6.723911e-01  5.095723e-01
19  -2.345116e+00  2.124645e-01
20  -2.117561e+00  1.246473e-01
21  -1.398494e+00  1.810744e-01
22  -1.042657e+00  1.344952e-01
23  -6.405726e-01  4.002357e-02
24  -2.842683e-01  1.925362e-02
25  -1.217703e-01  1.435472e-02
26  -6.893316e-02  1.303759e-02
27  -1.987525e-02  8.247541e-03
28  -4.614826e-03  8.185758e-04
29  -1.844816e-02  -2.433776e-03
30  -6.334395e-03  -3.127623e-03
31  -5.444336e-03  -2.572340e-03
32  -9.266388e-03  -1.307161e-03
33  -1.257720e-02  -4.142471e-04
34  -1.126268e-02  -2.844432e-03
35  -1.019684e-02  -6.159635e-03
36  7.628379e-03  -1.056102e-02
37  4.081123e-02  -1.461872e-02
38  5.260303e-02  -1.984128e-02
39  4.014789e-02  -2.660871e-02
40  -3.130063e-01  -4.679922e-02
41  -9.254551e-01  -3.505592e-02
42  -1.033974e+00  3.242187e-02
43  -1.146822e+00  6.625783e-02
44  1.770110e-01  1.839873e-01
45  8.905523e-01  1.787404e-01
46  4.217565e+00  2.696717e-01
47  1.188895e+01  2.458865e-01
48  1.361779e+01  -1.103476e-01
49  1.494072e+01  -8.053094e-01
50  3.172237e+01  -1.699326e+00
51  1.814962e+01  -4.846693e+00
52  1.355892e+02  -1.147567e+01
53  3.857057e+02  -1.700844e+01
54  1.284256e+03  -2.163470e+01
55  3.214390e+03  -9.680256e+00
56  7.015367e+03  -2.019501e+01
57  1.406643e+04  -8.797102e+01
58  2.841998e+04  -8.270348e+01
59  5.814908e+04  2.097134e+01
60  1.204999e+05  2.711337e+02
61  2.551744e+05  5.578900e+02
62  5.359975e+05  9.520212e+02
63  1.359765e+06  1.373143e+03
ENDPROP
STARTPROP
MASSES:  4.500000e-02   4.500000e-02
SOURCE: GAM_41
SINKS: GAM_41
0  1.501728e+05  -5.905640e+02
1  1.355808e+06  -1.790520e+03
2  5.348308e+05  -7.873273e+02
3  2.601849e+05  -2.457304e+02
4  1.259379e+05  -2.108274e+02
5  6.234786e+04  -1.083380e+02
6  2.930413e+04  1.941893e+01
7  1.277416e+04  3.936552e+01
8  5.263131e+03  -9.066438e+00
9  2.297913e+03  -3.338543e+01
10  1.058176e+03  -1.573336e+01
11  5.653249e+02  -7.000865e+00
12  2.524434e+02  2.304957e+00
13  9.711967e+01  4.240120e+00
14  2.669515e+01  2.396075e+00
15  2.082571e+01  1.856782e+00
16  1.304927e+01  1.354255e+00
17  7.484610e+00  8.341339e-01
18  6.723911e-01  5.095723e-01
19  -2.345116e+00  2.124645e-01
20  -2.117561e+00  1.246473e-01
21  -1.398494e+00  1.810744e-01
22  -1.042657e+00  1.344952e-01
23  -6.405726e-01  4.002357e-02
24  -2.842683e-01  1.925362e-02
25  -1.217703e-01  1.435472e-02
26  -6.893316e-02  1.303759e-02
27  -1.987525e-02  8.247541e-03
28  -4.614826e-03  8.185758e-04
29  -1.844816e-02  -2.433776e-03
30  -6.334395e-03  -3.127623e-03
31  -5.444336e-03  -2.572340e-03
32  -9.266388e-03  -1.307161e-03
33  -1.257720e-02  -4.142471e-04
34  -1.126268e-02  -2.844432e-03
35  -1.019684e-02  -6.159635e-03
36  7.628379e-03  -1.056102e-02
37  4.081123e-02  -1.461872e-02
38  5.260303e-02  -1.984128e-02
39  4.014789e-02  -2.660871e-02
40  -3.130063e-01  -4.679922e-02
41  -9.254551e-01  -3.505592e-02
42  -1.033974e+00  3.242187e-02
43  -1.146822e+00  6.625783e-02
44  1.770110e-01  1.839873e-01
45  8.905523e-01  1.787404e-01
46  4.217565e+00  2.696717e-01
47  1.188895e+01  2.458865e-01
48  1.361779e+01  -1.103476e-01
49  1.494072e+01  -8.053094e-01
50  3.172237e+01  -1.699326e+00
51  1.814962e+01  -4.846693e+00
52  1.355892e+02  -1.147567e+01
53  3.857057e+02  -1.700844e+01
54  1.284256e+03  -2.163470e+01
55  3.214390e+03  -9.680256e+00
56  7.015367e+03  -2.019501e+01
57  1.406643e+04  -8.797102e+01
58  2.841998e+04  -8.270348e+01
59  5.814908e+04  2.097134e+01
60  1.204999e+05  2.711337e+02
61  2.551744e+05  5.578900e+02
62  5.359975e+05  9.520212e+02
63  1.359765e+06  1.373143e+03
ENDPROP
STARTPROP
MASSES:  4.500000e-02   4.500000e-02
SOURCE: GAM_23
SINKS: GAM_23
0  8.865438e+05  3.857257e+02
1  -6.316701e+05  1.397678e+03
2  -1.372483e+05  8.218577e+02
3  -4.957013e+04  1.343722e+02
4  -1.914677e+04  3.129192e+01
5  -6.906902e+03  2.922552e+01
6  -3.302320e+03  6.831130e+01
7  -1.859283e+03  6.999472e+01
8  -7.175938e+02  4.988355e+01
9  -2.023949e+02  2.650552e+01
10  -8.746370e+01  2.430742e+01
11  -1.840994e+01  9.154019e+00
12  4.027536e+00  3.912768e+00
13  8.572783e+00  4.579829e+00
14  2.365705e+00  5.236842e+00
15  -9.086212e+00  4.359301e+00
16  -3.725838e+00  2.492202e+00
17  2.387561e+00  1.334523e+00
18  3.015232e+00  8.173342e-01
19  3.478040e+00  3.689581e-01
20  2.883593e+00  1.075083e-01
21  1.459242e+00  7.398742e-02
22  8.153516e-01  2.591979e-02
23  3.668386e-01  1.956817e-02
24  1.638931e-01  8.022504e-03
25  6.438045e-02  -7.217003e-03
26  5.681141e-02  -4.028217e-03
27  3.756477e-02  -3.322367e-03
28  -7.728705e-04  -2.464013e-03
29  -3.616235e-03  -1.299194e-03
30  -8.255733e-03  -1.600857e-03
31  -6.129542e-03  -1.311364e-03
32  -5.410920e-03  -2.756109e-04
33  -7.693271e-03  1.226345e-03
34  -6.627005e-03  1.059945e-03
35  1.455739e-03  1.911967e-03
36  3.096186e-02  3.713539e-03
37  3.189779e-02  3.454724e-05
38  3.117458e-02  -2.792588e-04
39  -1.284300e-02  6.264666e-03
40  4.602108e-04  1.199765e-02
41  -7.567713e-02  1.805808e-02
42  -1.504120e-01  5.948649e-03
43  9.739748e-02  9.471727e-03
44  4.955711e-01  -4.838440e-02
45  1.033141e+00  -1.610468e-01
46  1.369088e+00  1.518168e-01
47  2.957012e+00  1.371277e-01
48  7.536107e+00  -9.653007e-02
49  1.643275e+01  3.697691e-01
50  3.104815e+01  -5.492557e-01
51  3.390225e+01  -8.153317e-01
52  -1.084224e+00  8.700882e-01
53  -6.834420e+01  5.732660e+00
54  -7.836518e+01  9.532328e+00
55  -2.156850e+02  2.905199e+01
56  -4.280207e+02  1.754021e+01
57  -6.039292e+02  -1.336802e+01
58  -1.188931e+03  -3.482889e+01
59  -4.457309e+03  2.338680e+01
60  -1.397165e+04  -5.627912e+01
61  -4.552018e+04  -3.841856e+02
62  -1.406881e+05  -6.599162e+02
63  -6.355602e+05  -1.253680e+03
ENDPROP
STARTPROP
MASSES:  4.500000e-02   4.500000e-02
SOURCE: GAM_32
SINKS: GAM_32
0  8.865438e+05  3.857257e+02
1  -6.316701e+05  1.397678e+03
2  -1.372483e+05  8.218577e+02
3  -4.957013e+04  1.343722e+02
4  -1.914677e+04  3.129192e+01
5  -6.906902e+03  2.922552e+01
6  -3.302320e+03  6.831130e+01
7  -1.859283e+03  6.999472e+01
8  -7.175938e+02  4.988355e+01
9  -2.023949e+02  2.650552e+01
10  -8.746370e+01  2.430742e+01
11  -1.840994e+01  9.154019e+00
12  4.027536e+00  3.912768e+00
13  8.572783e+00  4.579829e+00
14  2.365705e+00  5.236842e+00
15  -9.086212e+00  4.359301e+00
16  -3.725838e+00  2.492202e+00
17  2.387561e+00  1.334523e+00
18  3.015232e+00  8.173342e-01
19  3.478040e+00  3.689581e-01
20  2.883593e+00  1.075083e-01
21  1.459242e+00  7.398742e-02
22  8.153516e-01  2.591979e-02
23  3.668386e-01  1.956817e-02
24  1.638931e-01  8.022504e-03
25  6.438045e-02  -7.217003e-03
26  5.681141e-02  -4.028217e-03
27  3.756477e-02  -3.322367e-03
28  -7.728705e-04  -2.464013e-03
29  -3.616235e-03  -1.299194e-03
30  -8.255733e-03  -1.600857e-03
31  -6.129542e-03  -1.311364e-03
32  -5.410920e-03  -2.756109e-04
33  -7.693271e-03  1.226345e-03
34  -6.627005e-03  1.059945e-03
35  1.455739e-03  1.911967e-03
36  3.096186e-02  3.713539e-03
37  3.189779e-02  3.454724e-05
38  3.117458e-02  -2.792588e-04
39  -1.284300e-02  6.264666e-03
40  4.602108e-04  1.199765e-02
41  -7.567713e-02  1.805808e-02
42  -1.504120e-01  5.948649e-03
43  9.739748e-02  9.471727e-03
44  4.955711e-01  -4.838440e-02
45  1.033141e+00  -1.610468e-01
46  1.369088e+00  1.518168e-01
47  2.957012e+00  1.371277e-01
48  7.536107e+00  -9.653007e-02
49  1.643275e+01  3.697691e-01
50  3.104815e+01  -5.492557e-01
51  3.390225e+01  -8.153317e-01
52  -1.084224e+00  8.700882e-01
53  -6.834420e+01  5.732660e+00
54  -7.836518e+01  9.532328e+00
55  -2.156850e+02  2.905199e+01
56  -4.280207e+02  1.754021e+01
57  -6.039292e+02  -1.336802e+01
58  -1.188931e+03  -3.482889e+01
59  -4.457309e+03  2.338680e+01
60  -1.397165e+04  -5.627912e+01
61  -4.552018e+04  -3.841856e+02
62  -1.406881e+05  -6.599162e+02
63  -6.355602e+05  -1.253680e+03
ENDPROP
STARTPROP
MASSES:  4.500000e-02   4.500000e-02
SOURCE: GAM_24
SINKS: GAM_24
0  1.414678e+05  3.845556e+02
1  1.349289e+06  -9.429987e+02
2  5.346365e+05  -7.818805e+02
3  2.647154e+05  -5.931598e+02
4  1.283978e+05  -3.395699e+02
5  6.089996e+04  -1.258882e+02
6  2.940765e+04  -5.923477e+00
7  1.389217e+04  -5.019888e+00
8  6.326584e+03  -2.738077e+00
9  3.269569e+03  2.898082e+01
10  1.836197e+03  3.289230e+01
11  1.046457e+03  1.262443e+01
12  5.310064e+02  1.283762e+01
13  2.518317e+02  8.569879e+00
14  1.336376e+02  2.079766e+00
15  8.298810e+01  9.722195e-02
16  5.211189e+01  7.150221e-01
17  3.304141e+01  6.949695e-01
18  2.278425e+01  -1.994833e-02
19  1.043609e+01  -5.825583e-02
20  4.670621e+00  2.268889e-01
21  2.857538e+00  1.171526e-01
22  1.054541e+00  1.354397e-01
23  3.724973e-01  8.234864e-02
24  5.686730e-02  5.334628e-02
25  -4.509355e-02  3.867246e-02
26  -7.152325e-02  2.497952e-02
27  -5.472343e-02  8.674986e-03
28  -1.259208e-02  -1.819011e-04
29  -4.362850e-04  -1.460200e-03
30  4.670936e-03  -2.059960e-03
31  1.912837e-03  -1.745914e-03
32  3.445780e-03  -9.463279e-04
33  -2.046157e-03  -4.102460e-04
34  -1.910784e-03  9.271568e-04
35  8.554306e-03  2.892167e-03
36  2.877819e-02  6.293874e-03
37  2.055457e-02  1.078157e-02
38  7.504184e-03  1.626637e-02
39  -1.275663e-01  3.192710e-02
40  -3.264928e-01  4.261697e-02
41  -6.086795e-01  8.093724e-02
42  -1.665656e+00  1.779541e-01
43  -2.444165e+00  2.184975e-01
44  -2.430564e+00  3.876869e-01
45  -2.069878e+00  6.596722e-01
46  3.557688e-01  6.155036e-01
47  3.187080e+00  1.043817e-02
48  1.250481e+01  -4.186042e-01
49  3.654086e+01  -4.897475e-01
50  7.312420e+01  -8.064602e-01
51  1.759093e+02  -3.922550e+00
52  4.039824e+02  -3.694131e+00
53  7.623677e+02  -1.207297e+00
54  1.615225e+03  -1.630410e+00
55  3.142604e+03  4.238406e+01
56  6.620724e+03  1.035094e+02
57  1.392402e+04  2.022216e+02
58  2.811279e+04  1.928575e+02
59  5.677170e+04  2.480461e+02
60  1.166564e+05  2.546248e+02
61  2.491649e+05  5.258788e+02
62  5.184386e+05  1.278617e+03
63  1.335465e+06  1.736346e+03
ENDPROP
STARTPROP
MASSES:  4.500000e-02   4.500000e-02
SOURCE: GAM_42
SINKS: GAM_42
0  1.414678e+05  3.845556e+02
1  1.349289e+06  -9.429987e+02
2  5.346365e+05  -7.818805e+02
3  2.647154e+05  -5.931598e+02
4  1.283978e+05  -3.395699e+02
5  6.089996e+04  -1.258882e+02
6  2.940765e+04  -5.923477e+00
7  1.389217e+04  -5.019888e+00
8  6.326584e+03  -2.738077e+00
9  3.269569e+03  2.898082e+01
10  1.836197e+03  3.289230e+01
11  1.046457e+03  1.262443e+01
12  5.310064e+02  1.283762e+01
13  2.518317e+02  8.569879e+00
14  1.336376e+02  2.079766e+00
15  8.298810e+01  9.722195e-02
16  5.211189e+01  7.150221e-01
17  3.304141e+01  6.949695e-01
18  2.278425e+01  -1.994833e-02
19  1.043609e+01  -5.825583e-02
20  4.670621e+00  2.268889e-01
21  2.857538e+00  1.171526e-01
22  1.054541e+00  1.354397e-01
23  3.724973e-01  8.234864e-02
24  5.686730e-02  5.334628e-02
25  -4.509355e-02  3.867246e-02
26  -7.152325e-02  2.497952e-02
27  -5.472343e-02  8.674986e-03
28  -1.259208e-02  -1.819011e-04
29  -4.362850e-04  -1.460200e-03
30  4.670936e-03  -2.059960e-03
31  1.912837e-03  -1.745914e-03
32  3.445780e-03  -9.463279e-04
33  -2.046157e-03  -4.102460e-04
34  -1.910784e-03  9.271568e-04
35  8.554306e-03  2.892167e-03
36  2.877819e-02  6.293874e-03
37  2.055457e-02  1.078157e-02
38  7.504184e-03  1.626637e-02
39  -1.275663e-01  3.192710e-02
40  -3.264928e-01  4.261697e-02
41  -6.086795e-01  8.093724e-02
42  -1.665656e+00  1.779541e-01
43  -2.444165e+00  2.184975e-01
44  -2.430564e+00  3.876869e-01
45  -2.069878e+00  6.596722e-01
46  3.557688e-01  6.155036e-01
47  3.187080e+00  1.043817e-02
48  1.250481e+01  -4.186042e-01
49  3.654086e+01  -4.897475e-01
50  7.312420e+01  -8.064602e-01
51  1.759093e+02  -3.922550e+00
52  4.039824e+02  -3.694131e+00
53  7.623677e+02  -1.207297e+00
54  1.615225e+03  -1.630410e+00
55  3.142604e+03  4.238406e+01
56  6.620724e+03  1.035094e+02
57  1.392402e+04  2.022216e+02
58  2.811279e+04  1.928575e+02
59  5.677170e+04  2.480461e+02
60  1.166564e+05  2.546248e+02
61  2.491649e+05  5.258788e+02
62  5.184386e+05  1.278617e+03
63  1.335465e+06  1.736346e+03
ENDPROP
STARTPROP
MASSES:  4.500000e-02   4.500000e-02
SOURCE: GAM_34
SINKS: GAM_34
0  1.360029e+05  -5.776844e+02
1  1.342455e+06  -1.546270e+03
2  5.337958e+05  -7.695250e+02
3  2.622426e+05  -5.785174e+02
4  1.255413e+05  -3.426132e+02
5  5.994137e+04  -1.560571e+02
6  2.891839e+04  -7.585096e+00
7  1.388335e+04  -1.034101e+01
8  7.131815e+03  8.837604e+00
9  3.342818e+03  1.747278e+01
10  1.679358e+03  1.800348e+01
11  7.429235e+02  5.550442e+00
12  3.027382e+02  1.393564e+00
13  1.684546e+02  2.286627e+00
14  1.038154e+02  2.856250e+00
15  5.839011e+01  1.011002e+00
16  2.138335e+01  2.420648e+00
17  2.016045e+00  2.198461e+00
18  -3.708889e+00  9.350359e-01
19  -3.715748e+00  3.267981e-01
20  -2.531726e+00  1.824576e-01
21  -8.611071e-01  9.667553e-03
22  -5.571645e-01  -3.297889e-02
23  -3.694442e-01  1.447604e-02
24  -1.999701e-01  1.031069e-02
25  -1.508497e-01  1.600401e-02
26  -7.303489e-02  1.256308e-02
27  -5.429264e-02  4.287446e-03
28  -1.164714e-03  3.904464e-03
29  -5.561180e-03  2.329053e-03
30  -1.489529e-02  1.873907e-03
31  -1.061930e-02  1.492957e-03
32  -8.045833e-03  1.836451e-03
33  -1.429263e-02  1.302934e-03
34  -1.859527e-02  4.670903e-04
35  -2.351048e-02  -1.466351e-03
36  -1.388165e-02  -1.008068e-03
37  1.539997e-02  -3.301410e-03
38  4.951532e-02  -1.162969e-02
39  1.474655e-01  -1.440109e-02
40  3.575933e-01  -4.903557e-02
41  2.937541e-01  -1.113578e-01
42  2.202560e-01  -1.220098e-01
43  -1.591643e-02  -1.605778e-01
44  3.666799e-02  -1.125939e-01
45  3.366803e+00  1.552026e-01
46  8.268783e+00  4.530464e-01
47  1.558266e+01  1.152998e+00
48  2.872118e+01  1.976074e+00
49  4.956320e+01  2.805029e+00
50  7.778089e+01  1.856353e+00
51  1.295805e+02  -6.853943e-01
52  2.699946e+02  -3.494313e+00
53  6.179842e+02  -1.174570e+01
54  1.578197e+03  -2.587123e+01
55  3.358390e+03  -3.352745e+00
56  7.085237e+03  2.362592e+01
57  1.416506e+04  2.676589e+01
58  2.836798e+04  5.080973e+01
59  5.622988e+04  2.039209e+02
60  1.164894e+05  2.247561e+02
61  2.479827e+05  6.172449e+02
62  5.194531e+05  1.408029e+03
63  1.337496e+06  1.867279e+03
ENDPROP
STARTPROP
MASSES:  4.500000e-02   4.500000e-02
SOURCE: GAM_43
SINKS: GAM_43
0  1.360029e+05  -5.776844e+02
1  1.342455e+06  -1.546270e+03
2  5.337958e+05  -7.695250e+02
3  2.622426e+05  -5.785174e+02
4  1.255413e+05  -3.426132e+02
5  5.994137e+04  -1.560571e+02
6  2.891839e+04  -7.585096e+00
7  1.388335e+04  -1.034101e+01
8  7.131815e+03  8.837604e+00
9  3.342818e+03  1.747278e+01
10  1.679358e+03  1.800348e+01
11  7.429235e+02  5.550442e+00
12  3.027382e+02  1.393564e+00
13  1.684546e+02  2.286627e+00
14  1.038154e+02  2.856250e+00
15  5.839011e+01  1.011002e+00
16  2.138335e+01  2.420648e+00
17  2.016045e+00  2.198461e+00
18  -3.708889e+00  9.350359e-01
19  -3.715748e+00  3.267981e-01
20  -2.531726e+00  1.824576e-01
21  -8.611071e-01  9.667553e-03
22  -5.571645e-01  -3.297889e-02
23  -3.694442e-01  1.447604e-02
24  -1.999701e-01  1.031069e-02
25  -1.508497e-01  1.600401e-02
26  -7.303489e-02  1.256308e-02
27  -5.429264e-02  4.287446e-03
28  -1.164714e-03  3.904464e-03
29  -5.561180e-03  2.329053e-03
30  -1.489529e-02  1.873907e-03
31  -1.061930e-02  1.492957e-03
32  -8.045833e-03  1.836451e-03
33  -1.429263e-02  1.302934e-03
34  -1.859527e-02  4.670903e-04
35  -2.351048e-02  -1.466351e-03
36  -1.388165e-02  -1.008068e-03
37  1.539997e-02  -3.301410e-03
38  4.951532e-02  -1.162969e-02
39  1.474655e-01  -1.440109e-02
40  3.575933e-01  -4.903557e-02
41  2.937541e-01  -1.113578e-01
42  2.202560e-01  -1.220098e-01
43  -1.591643e-02  -1.605778e-01
44  3.666799e-02  -1.125939e-01
45  3.366803e+00  1.552026e-01
46  8.268783e+00  4.530464e-01
47  1.558266e+01  1.152998e+00
48  2.872118e+01  1.976074e+00
49  4.956320e+01  2.805029e+00
50  7.778089e+01  1.856353e+00
51  1.295805e+02  -6.853943e-01
52  2.699946e+02  -3.494313e+00
53  6.179842e+02  -1.174570e+01
54  1.578197e+03  -2.587123e+01
55  3.358390e+03  -3.352745e+00
56  7.085237e+03  2.362592e+01
57  1.416506e+04  2.676589e+01
58  2.836798e+04  5.080973e+01
59  5.622988e+04  2.039209e+02
60  1.164894e+05  2.247561e+02
61  2.479827e+05  6.172449e+02
62  5.194531e+05  1.408029e+03
63  1.337496e+06  1.867279e+03
ENDPROP
STARTPROP
MASSES:  4.500000e-02   4.500000e-02
SOURCE: GAM_15
SINKS: GAM_15
0  1.023651e+05  -4.004493e+02
1  -8.815725e+05  7.758456e+02
2  -2.376975e+05  7.294541e+02
3  -8.986480e+04  5.171687e+02
4  -3.264925e+04  2.740811e+02
5  -9.397847e+03  1.005939e+02
6  -2.799511e+03  2.616220e+01
7  -5.252160e+01  3.493320e+01
8  4.542297e+02  1.412367e+01
9  1.328097e+02  -1.814531e+01
10  4.390377e+01  1.525554e+00
11  1.334784e+02  5.062923e+00
12  7.528290e+01  1.948163e+00
13  -8.474374e+00  3.163466e+00
14  -3.309352e+01  1.318743e+00
15  -2.631350e+01  5.149837e-02
16  -1.653414e+01  6.741764e-01
17  -1.330530e+01  1.237052e+00
18  -1.015755e+01  8.744358e-01
19  -4.498752e+00  5.911834e-02
20  -2.571884e+00  -1.200165e-01
21  -1.001386e+00  -2.327763e-02
22  -5.036967e-01  6.505289e-02
23  -3.593083e-01  7.566994e-02
24  -2.757466e-01  3.531410e-02
25  -8.823200e-02  2.249799e-03
26  5.296024e-03  -3.036676e-03
27  -8.533077e-03  2.665426e-04
28  -2.075554e-02  1.725439e-03
29  -3.270430e-02  8.510749e-04
30  -2.031562e-02  -2.695070e-04
31  -7.781508e-03  -1.633353e-03
32  -3.680250e-03  -1.830891e-03
33  -3.301907e-03  -3.566240e-04
34  4.453607e-04  -3.593797e-04
35  3.502490e-03  -2.663973e-03
36  2.540539e-02  -1.811964e-03
37  3.393674e-02  -1.064381e-03
38  4.601140e-02  -1.248486e-03
39  5.148596e-02  4.844117e-03
40  -1.538931e-01  4.342498e-02
41  -7.156894e-01  7.131376e-02
42  -1.187954e+00  8.728933e-02
43  -2.054947e+00  1.093072e-01
44  -2.785106e+00  1.660898e-01
45  -1.712641e-01  2.155496e-01
46  5.237249e+00  1.583956e-01
47  8.229612e+00  3.673194e-01
48  7.948231e+00  5.638056e-01
49  1.024625e+01  1.387940e+00
50  -4.130677e+00  1.454117e+00
51  -4.622056e+01  1.086273e+00
52  -2.882749e+01  -4.856193e-01
53  2.862531e+00  -5.878189e+00
54  9.750097e+01  -7.759342e+00
55  2.862045e+02  -7.808323e+00
56  1.582995e+02  1.062650e+01
57  -1.098146e+03  8.996974e+01
58  -3.389554e+03  2.265849e+02
59  -9.767344e+03  2.256318e+02
60  -2.830640e+04  2.985199e+02
61  -8.542748e+04  -4.969813e+01
62  -2.401484e+05  -4.905264e+02
63  -8.883935e+05  -1.520565e+03
ENDPROP
STARTPROP
MASSES:  4.500000e-02   4.500000e-02
SOURCE: GAM_25
SINKS: GAM_25
0  8.722349e+04  1.695649e+03
1  -8.880710e+05  2.172941e+03
2  -2.382163e+05  1.548946e+03
3  -8.349151e+04  5.424991e+02
4  -2.673312e+04  1.636632e+02
5  -5.971803e+03  1.488866e+02
6  -5.847944e+01  1.966514e+02
7  -3.913215e+01  1.334004e+02
8  -2.721925e+02  4.497196e+01
9  -3.588189e+01  1.206434e+01
10  3.251902e+01  -1.080986e+01
11  -8.979356e+01  -1.730035e+01
12  -1.026885e+02  -1.503605e+01
13  -7.206429e+01  -3.083218e+00
14  -5.747093e+01  -1.180562e+00
15  -3.380911e+01  -1.261411e+00
16  -1.408227e+01  -2.894151e-01
17  -6.284942e+00  -9.696885e-01
18  -3.218065e+00  -1.605806e+00
19  -9.876771e-01  -1.003858e+00
20  -9.159087e-02  -3.599838e-01
21  -6.031016e-01  -1.192101e-01
22  -1.734364e-01  -8.824096e-02
23  -4.345140e-03  -5.094708e-02
24  -5.061314e-02  -1.101220e-02
25  9.948713e-02  1.101056e-03
26  7.589611e-02  9.303709e-03
27  1.420332e-02  3.085220e-03
28  -1.961792e-02  2.118873e-03
29  -3.113414e-02  6.177566e-04
30  -1.742269e-02  2.007383e-03
31  4.290364e-04  2.055857e-03
32  1.076144e-02  1.751395e-03
33  1.844728e-02  9.186624e-04
34  1.769829e-02  -3.557299e-04
35  8.493515e-03  2.637004e-03
36  -2.459537e-02  5.376481e-03
37  -7.824330e-02  3.069029e-03
38  -4.666752e-02  -5.842511e-03
39  -7.529546e-02  -1.118857e-02
40  -2.603830e-01  -2.751722e-02
41  -4.192009e-01  -6.994458e-02
42  -4.349437e-01  -9.033442e-02
43  -9.766114e-01  -1.111652e-01
44  -6.324209e-01  -1.422612e-01
45  9.411037e-01  -1.939720e-01
46  7.582421e+00  -3.425098e-01
47  1.026531e+01  -1.387520e-01
48  1.000018e+01  -1.492376e-02
49  1.100016e+01  5.758668e-01
50  1.845171e+01  -4.390462e-01
51  3.907240e+01  -7.914380e-01
52  9.774256e+00  9.124563e-01
53  -5.524258e+01  5.022701e+00
54  -1.556598e+02  2.763257e+00
55  -2.872417e+02  -1.103077e-01
56  -2.075279e+02  -7.837865e+00
57  -3.051078e+02  -5.313731e+01
58  -2.236592e+03  -3.385735e+01
59  -9.398949e+03  -5.402967e+01
60  -3.337434e+04  -2.862713e+01
61  -9.874667e+04  -6.580556e+01
62  -2.664918e+05  -3.150083e+02
63  -9.110036e+05  -2.977513e+02
ENDPROP
STARTPROP
MASSES:  4.500000e-02   4.500000e-02
SOURCE: GAM_35
SINKS: GAM_35
0  8.472679e+04  -1.016667e+03
1  -9.058652e+05  1.059571e+03
2  -2.547818e+05  1.050785e+03
3  -9.126304e+04  5.502852e+02
4  -3.168859e+04  1.795606e+02
5  -9.365891e+03  1.078401e+02
6  -3.826873e+03  4.777505e+01
7  -1.591679e+03  -6.599802e+01
8  -6.693380e+02  -1.245129e+02
9  -3.013235e+02  -8.665673e+01
10  -1.307769e+02  -2.962349e+01
11  -1.552154e+02  -4.829631e+00
12  -1.247936e+02  -1.847669e+00
13  -8.968544e+01  -6.837314e-01
14  -5.019623e+01  -1.189753e+00
15  -2.478829e+01  -1.093907e+00
16  -1.368643e+01  -4.059909e-01
17  -8.424347e+00  1.784617e-01
18  -4.330696e+00  3.064692e-01
19  -3.406503e+00  2.295393e-01
20  -2.398517e+00  6.282248e-02
21  -1.576587e+00  -3.374890e-02
22  -1.087461e+00  -5.537098e-02
23  -2.254879e-01  -3.013442e-02
24  1.440115e-01  -1.611897e-02
25  8.527438e-02  -1.927317e-02
26  2.964517e-02  -6.275162e-03
27  2.980917e-02  -8.855881e-05
28  1.789140e-02  1.612748e-03
29  -6.668764e-03  -3.184241e-04
30  -6.892323e-03  -1.337842e-03
31  -3.537765e-03  -2.689865e-03
32  7.922468e-03  -2.250088e-03
33  1.930414e-02  -1.696918e-03
34  1.677147e-02  -1.282963e-03
35  1.607484e-02  -7.196268e-04
36  1.117158e-02  2.327969e-03
37  2.820039e-02  3.907418e-03
38  6.648798e-02  9.230331e-04
39  1.659603e-01  -9.738753e-03
40  1.519366e-01  -5.754972e-03
41  1.735557e-01  -7.374631e-03
42  -3.122985e-01  -2.742792e-02
43  -8.045205e-01  -9.311401e-02
44  -8.883084e-01  -2.030483e-01
45  1.171994e-01  -1.329556e-01
46  9.345809e-01  -1.418030e-01
47  3.233604e+00  -1.383580e-01
48  1.150113e+01  2.938930e-01
49  2.286764e+01  -9.124829e-01
50  2.615765e+01  -5.172870e-01
51  4.370832e+01  2.819839e+00
52  9.171326e+01  9.546772e+00
53  1.041369e+02  2.485238e+01
54  1.349404e+01  2.867443e+01
55  -1.873841e+02  2.583494e+01
56  -7.160770e+02  -5.486259e+00
57  -1.704769e+03  -3.044224e+01
58  -3.443020e+03  -1.235934e+02
59  -9.343987e+03  -1.657540e+02
60  -3.111309e+04  6.488501e+01
61  -9.319823e+04  -1.313851e+02
62  -2.627287e+05  -6.217813e+02
63  -9.129698e+05  -1.642593e+03
ENDPROP
STARTPROP
MASSES:  4.500000e-02   4.500000e-02
SOURCE: GAM_45
SINKS: GAM_45
0  -1.040514e+06  -9.582681e+02
1  1.076868e+06  -1.624201e+03
2  5.101243e+05  -1.629836e+03
3  3.209817e+05  -1.061375e+03
4  1.959087e+05  -7.530594e+02
5  1.198375e+05  -4.519703e+02
6  7.400372e+04  -2.985820e+02
7  4.542988e+04  -2.082112e+02
8  2.770204e+04  -8.489159e+01
9  1.693767e+04  -5.649493e+01
10  1.043674e+04  -2.729315e+01
11  6.445493e+03  -1.646393e+01
12  3.979619e+03  -1.122552e+01
13  2.479077e+03  -6.073579e+00
14  1.485154e+03  -5.145834e+00
15  9.121742e+02  -3.171433e+00
16  5.535314e+02  -1.570298e+00
17  3.367286e+02  -5.843132e-01
18  2.055365e+02  -3.222525e-01
19  1.237571e+02  -1.162658e-01
20  7.501118e+01  -1.577473e-01
21  4.438316e+01  -3.128024e-02
22  2.670970e+01  -7.734515e-02
23  1.595751e+01  -2.830807e-02
24  9.513121e+00  2.118419e-02
25  5.734311e+00  3.274351e-02
26  3.502444e+00  2.191100e-02
27  2.155645e+00  1.441945e-02
28  1.344228e+00  5.280146e-03
29  8.582817e-01  1.941665e-03
30  5.793878e-01  5.930829e-04
31  4.401218e-01  -3.204821e-05
32  4.065085e-01  -1.470275e-03
33  4.806829e-01  -5.057963e-03
34  6.869034e-01  -1.307569e-02
35  1.072302e+00  -2.695824e-02
36  1.732557e+00  -4.620412e-02
37  2.778004e+00  -7.014657e-02
38  4.462320e+00  -1.204971e-01
39  7.216228e+00  -1.765707e-01
40  1.200602e+01  -2.682981e-01
41  1.962028e+01  -3.968709e-01
42  3.224541e+01  -5.679197e-01
43  5.273959e+01  -8.136148e-01
44  8.608974e+01  -8.875762e-01
45  1.404034e+02  -8.528524e-01
46  2.296811e+02  -6.729121e-01
47  3.729075e+02  -8.842468e-01
48  5.919347e+02  -1.148532e-03
49  9.590546e+02  4.185277e-01
50  1.527413e+03  -2.406613e-01
51  2.476925e+03  -2.909593e-01
52  3.983164e+03  -1.181958e+00
53  6.451565e+03  1.800679e+01
54  1.057941e+04  3.791655e+01
55  1.764143e+04  7.399086e+01
56  2.832881e+04  1.077730e+02
57  4.622515e+04  2.459734e+02
58  7.402881e+04  3.211411e+02
59  1.198477e+05  4.249940e+02
60  1.937626e+05  6.866358e+02
61  3.172739e+05  8.380354e+02
62  5.013163e+05  1.472235e+03
63  1.070590e+06  1.959573e+03
ENDPROP
STARTPROP
MASSES:  4.500000e-02   4.500000e-02
SOURCE: PSAX4
SINKS: GAM_4
0  1.484059e+04  -6.315718e+01
1  1.663043e+06  -7.909940e+02
2  9.125541e+05  -1.292480e+03
3  5.621056e+05  -6.677298e+02
4  3.417488e+05  -2.250536e+02
5  2.089858e+05  -3.557668e+01
6  1.286070e+05  1.001477e+02
7  7.927574e+04  -1.104774e+01
8  4.809625e+04  -8.689023e+00
9  2.935326e+04  -1.192367e+01
10  1.804892e+04  9.487056e-01
11  1.109870e+04  5.752986e+00
12  6.802910e+03  1.146034e+00
13  4.209598e+03  -6.383322e-01
14  2.539952e+03  -1.897321e+00
15  1.560932e+03  -2.158229e+00
16  9.516082e+02  -2.187190e-01
17  5.815312e+02  5.253005e-01
18  3.547407e+02  7.812830e-02
19  2.157260e+02  6.301605e-02
20  1.315159e+02  -1.809414e-02
21  7.808080e+01  2.524444e-02
22  4.680558e+01  -8.201819e-02
23  2.819899e+01  -5.712225e-02
24  1.687289e+01  5.304784e-03
25  1.014031e+01  1.313277e-02
26  6.192855e+00  1.349078e-02
27  3.779720e+00  1.118083e-02
28  2.308775e+00  4.639866e-03
29  1.383744e+00  1.693348e-03
30  7.840871e-01  3.378800e-04
31  3.531855e-01  1.627730e-03
32  -2.562178e-03  4.524327e-03
33  -3.697939e-01  8.390739e-03
34  -8.333048e-01  1.879204e-02
35  -1.518446e+00  3.847986e-02
36  -2.598625e+00  6.562337e-02
37  -4.269613e+00  1.002629e-01
38  -6.944719e+00  1.632022e-01
39  -1.133559e+01  2.407479e-01
40  -1.884891e+01  3.687701e-01
41  -3.078217e+01  5.440466e-01
42  -5.052187e+01  7.470246e-01
43  -8.295447e+01  1.071019e+00
44  -1.357069e+02  1.074824e+00
45  -2.212182e+02  9.982743e-01
46  -3.606352e+02  7.078801e-01
47  -5.865716e+02  7.437565e-01
48  -9.409750e+02  -2.083054e-01
49  -1.533339e+03  -8.052400e-01
50  -2.453127e+03  7.999939e-02
51  -4.000387e+03  1.237924e+00
52  -6.494069e+03  3.306877e+00
53  -1.058786e+04  -1.558924e+01
54  -1.743649e+04  -3.124647e+01
55  -2.902747e+04  -8.883616e+01
56  -4.699952e+04  -1.654652e+02
57  -7.714113e+04  -2.893551e+02
58  -1.248187e+05  -4.042677e+02
59  -2.035267e+05  -5.277583e+02
60  -3.298574e+05  -7.413446e+02
61  -5.452544e+05  -9.276801e+02
62  -8.833742e+05  -1.760153e+03
63  -1.628516e+06  -1.569115e+03
ENDPROP
STARTPROP
MASSES:  4.500000e-02   4.500000e-02
SOURCE: WWPSAX4
SINKS: GAM_4
0  -1.318252e+08  -2.087492e+07
1  1.988447e+09  -9.162168e+06
2  5.761744e+08  -2.187496e+06
3  2.506832e+08  4.640854e+06
4  2.086387e+08  1.488413e+06
5  1.079273e+08  -3.181215e+06
6  1.075219e+08  -1.112970e+06
7  4.762790e+07  9.912503e+05
8  1.712452e+07  -3.640442e+03
9  1.093805e+07  -1.964199e+04
10  1.380325e+07  -5.195390e+04
11  6.222482e+06  1.197653e+05
12  3.817445e+06  -5.095095e+04
13  2.196018e+06  -3.717135e+04
14  1.072892e+06  -2.103486e+04
15  5.103949e+05  1.368059e+04
16  4.551239e+05  -1.569297e+04
17  2.488217e+05  -5.404549e+03
18  1.654186e+05  6.701306e+02
19  1.200542e+05  -3.757290e+03
20  4.734561e+04  -1.084323e+03
21  2.830061e+04  4.767334e+02
22  2.331147e+04  -8.728626e+02
23  1.329814e+04  4.702700e+01
24  8.428054e+03  3.787451e+02
25  4.668245e+03  -1.821628e+02
26  2.662973e+03  -1.159374e+02
27  2.711320e+03  8.505535e+01
28  2.033695e+03  -5.197539e+01
29  7.930120e+02  -1.142095e+01
30  3.318678e+02  1.096569e+01
31  1.678472e+02  -2.499611e+00
32  -1.665449e+01  -7.384096e+00
33  -1.972108e+02  1.068705e+01
34  -4.234205e+02  6.311191e+00
35  -7.493316e+02  -1.352320e+00
36  -1.357620e+03  4.096971e+01
37  -2.732178e+03  1.247145e+02
38  -4.237082e+03  1.548124e+01
39  -7.469341e+03  -1.729179e+02
40  -6.315753e+03  1.793010e+02
41  -2.346186e+04  4.535535e+02
42  -2.274744e+04  4.641959e+02
43  -3.319590e+04  -2.166485e+02
44  -5.896971e+04  -5.594052e+02
45  -1.377172e+05  1.627635e+03
46  -2.346381e+05  3.841429e+03
47  -3.275725e+05  -6.782390e+02
48  -5.355636e+05  -4.150375e+03
49  -6.704895e+05  -1.432898e+04
50  -1.455489e+06  1.522361e+04
51  -2.032552e+06  -1.680119e+04
52  -2.817579e+06  7.789578e+04
53  -5.207348e+06  3.634089e+04
54  -1.060117e+07  5.671156e+04
55  -1.497975e+07  7.333171e+04
56  -2.301301e+07  -6.142439e+05
57  -4.135616e+07  -3.755635e+05
58  -7.000966e+07  -6.604497e+05
59  -1.087894e+08  -9.989214e+05
60  -1.094330e+08  2.832930e+06
61  -2.584032e+08  -2.430036e+06
62  -5.425104e+08  -6.773093e+06
63  -1.742900e+09  3.161071e+06
ENDPROP
STARTPROP
MASSES:  4.500000e-02   4.500000e-02
SOURCE: WWGAM_5
SINKS: GAM_5
0  1.975240e+10  -1.834012e+00
1  2.749909e+09  -1.457205e+07
2  8.323723e+08  -3.902991e+06
3  4.319990e+08  2.644331e+06
4  3.291511e+08  1.124900e+06
5  1.750251e+08  -2.050760e+06
6  1.498863e+08  -1.018496e+06
7  7.384320e+07  4.311750e+05
8  3.367681e+07  -8.003073e+04
9  2.132255e+07  -1.432935e+05
10  1.773462e+07  -1.062172e+04
11  9.726426e+06  1.567043e+04
12  6.034359e+06  -3.946942e+04
13  3.611741e+06  -5.295563e+04
14  2.041295e+06  -3.330078e+03
15  1.104609e+06  1.660555e+04
16  7.972855e+05  -1.145993e+04
17  4.880180e+05  -2.260448e+03
18  2.770479e+05  9.451049e+02
19  1.865987e+05  -2.776057e+03
20  8.499825e+04  -8.112770e+02
21  5.179302e+04  -1.495138e+02
22  3.888985e+04  -2.830134e+02
23  2.203633e+04  1.377334e+02
24  1.365295e+04  1.539424e+02
25  8.145532e+03  -1.540474e+02
26  4.620541e+03  -1.151784e+02
27  3.927404e+03  8.503405e+01
28  2.818742e+03  -7.168809e+01
29  1.316450e+03  -1.267719e+01
30  7.900380e+02  1.566307e+00
31  6.669374e+02  -8.813684e+00
32  5.255642e+02  -1.723947e+00
33  6.342929e+02  -2.071895e+01
34  9.126980e+02  -2.132628e+01
35  1.426913e+03  -4.442233e+01
36  2.173227e+03  -7.824279e+01
37  3.941464e+03  -1.302109e+02
38  7.560231e+03  -1.256731e+02
39  1.096928e+04  5.339184e+01
40  1.206235e+04  -4.182375e+02
41  3.441067e+04  -7.563888e+02
42  3.986208e+04  -5.590126e+02
43  5.414422e+04  1.903799e+02
44  1.052354e+05  -8.484969e+02
45  2.078891e+05  -1.377872e+03
46  3.505329e+05  -3.578235e+03
47  5.419006e+05  3.043002e+03
48  8.273589e+05  3.658135e+03
49  1.239631e+06  9.339703e+03
50  2.228382e+06  -1.055410e+04
51  3.463506e+06  2.567935e+04
52  4.925478e+06  -9.536852e+04
53  8.959842e+06  -7.566879e+04
54  1.541526e+07  -4.092759e+04
55  2.239966e+07  5.162038e+04
56  3.704246e+07  4.937772e+05
57  6.877001e+07  4.228382e+05
58  1.130576e+08  8.105462e+05
59  1.778024e+08  9.649241e+05
60  2.252133e+08  -8.286513e+05
61  4.437519e+08  3.271104e+06
62  8.266088e+08  2.283725e+06
63  2.345396e+09  1.870349e+06
ENDPROP
