STARTPROP
MASSES:  4.500000e-02   4.500000e-02
SOURCE: GAM_1
SINKS: GAM_1
0  1.272085e+06  1.809922e+03
1  1.902506e+06  -9.494938e+01
2  8.269788e+05  6.282701e+02
3  4.085079e+05  1.995392e+03
4  2.064165e+05  1.404530e+03
5  1.052002e+05  7.842852e+02
6  5.386062e+04  3.498635e+02
7  2.561404e+04  1.612013e+02
8  1.139260e+04  8.414208e+01
9  5.273294e+03  2.902326e+01
10  2.408294e+03  -1.946497e+01
11  1.221550e+03  -2.901438e+01
12  6.085944e+02  -2.156788e+01
13  2.884955e+02  -8.187256e+00
14  1.335194e+02  2.829273e+00
15  7.683812e+01  6.437859e+00
16  3.727691e+01  4.745382e+00
17  1.951447e+01  2.255693e+00
18  1.040553e+01  2.706510e-01
19  4.739481e+00  -4.777284e-01
20  3.565212e+00  -3.529686e-01
21  2.476799e+00  -3.238818e-01
22  1.404756e+00  -1.716160e-01
23  9.922372e-01  -3.165380e-02
24  5.691093e-01  2.723213e-03
25  3.088302e-01  5.124685e-03
26  7.303606e-02  9.852880e-03
27  -1.118925e-02  -1.875368e-03
28  -4.991018e-02  -9.060303e-03
29  -4.157877e-02  -8.138575e-03
30  -2.823479e-02  -4.750019e-03
31  -1.235747e-02  -2.185365e-03
32  9.694500e-04  -8.946841e-04
33  3.842611e-03  -2.753495e-04
34  5.065400e-03  -3.313738e-03
35  -7.815415e-03  -1.000216e-02
36  -1.140222e-02  -1.482307e-02
37  2.757679e-03  -2.540609e-02
38  1.028801e-04  -1.827729e-02
39  5.576498e-02  6.911943e-03
40  4.409113e-02  4.646138e-02
41  4.919650e-02  9.924073e-02
42  -5.197471e-01  1.716825e-01
43  -1.926203e+00  3.637906e-01
44  -4.406841e+00  5.131805e-01
45  -6.360192e+00  2.186247e-01
46  -5.197618e+00  1.365691e-03
47  9.209950e-01  -1.062072e+00
48  1.099183e+01  -3.168941e+00
49  2.758613e+01  -4.302190e+00
50  8.697229e+01  -1.073690e+01
51  2.007489e+02  -2.223065e+01
52  3.531538e+02  -3.491838e+01
53  1.024223e+03  -4.183237e+01
54  2.611194e+03  -4.220138e+01
55  5.539878e+03  -5.998071e+01
56  1.108253e+04  -7.110096e+01
57  2.187239e+04  5.179444e+01
58  4.482249e+04  3.643073e+02
59  9.204022e+04  4.919186e+02
60  1.900356e+05  2.042794e+02
61  3.953702e+05  5.123647e+02
62  8.203983e+05  9.587897e+02
63  1.900702e+06  1.894663e+02
ENDPROP
STARTPROP
MASSES:  4.500000e-02   4.500000e-02
SOURCE: GAM_2
SINKS: GAM_2
0  1.329290e+06  -1.115283e+03
1  1.934268e+06  -8.626465e+02
2  8.378832e+05  7.039399e+01
3  4.176303e+05  8.347804e+02
4  2.066530e+05  8.118820e+02
5  1.001213e+05  1.989597e+02
6  4.996750e+04  1.803170e+01
7  2.475085e+04  7.602217e+01
8  1.136033e+04  7.959263e+00
9  5.102694e+03  4.039154e+00
10  2.256525e+03  1.881403e+01
11  1.068852e+03  1.915076e+01
12  4.624054e+02  6.530995e+00
13  2.258603e+02  -5.139608e+00
14  1.067791e+02  -7.582627e+00
15  5.991042e+01  -3.121865e+00
16  3.082243e+01  -1.396656e+00
17  1.122797e+01  4.498187e-02
18  4.672050e+00  -3.852420e-01
19  -1.753927e+00  -7.655488e-01
20  -8.210646e-01  -5.201102e-01
21  -6.760078e-02  -3.569238e-01
22  -2.797392e-01  -2.888551e-01
23  6.925892e-02  -1.833713e-01
24  6.505087e-02  -9.830483e-02
25  6.732788e-02  -3.786411e-02
26  7.111923e-02  1.357306e-02
27  2.123145e-02  2.814602e-02
28  1.931393e-02  9.570037e-03
29  1.468396e-02  -2.553638e-03
30  1.549339e-02  -5.678873e-03
31  1.336680e-02  -4.147881e-03
32  1.318963e-02  -1.423394e-03
33  1.734656e-02  1.445080e-03
34  1.998294e-02  3.399405e-03
35  3.096537e-02  5.524723e-03
36  3.532287e-02  1.245651e-03
37  4.861520e-02  -2.767341e-03
38  1.198384e-01  -2.466661e-03
39  1.726679e-01  -2.144409e-02
40  1.399428e-01  -4.038480e-02
41  4.196228e-01  -5.592353e-02
42  7.093986e-01  -3.204158e-02
43  2.634226e+00  -5.039361e-02
44  7.265270e+00  -2.771239e-01
45  1.334307e+01  -6.370076e-01
46  2.535425e+01  -4.398853e-01
47  5.203717e+01  -8.753145e-02
48  1.050343e+02  -1.293282e+00
49  1.806176e+02  -1.155947e+00
50  2.847644e+02  4.853949e-01
51  4.891757e+02  -2.555137e+00
52  7.622792e+02  -1.164449e+01
53  1.460187e+03  -2.320546e+01
54  2.956900e+03  -3.633644e+01
55  6.050855e+03  1.560987e+01
56  1.209402e+04  4.535966e+01
57  2.339775e+04  1.135114e+01
58  4.625513e+04  -8.477347e+01
59  9.575766e+04  -5.392795e+02
60  1.989196e+05  -7.202778e+02
61  4.193304e+05  -9.075072e+02
62  8.623316e+05  -8.673443e+02
63  1.959733e+06  -8.117155e+02
ENDPROP
STARTPROP
MASSES:  4.500000e-02   4.500000e-02
SOURCE: GAM_3
SINKS: GAM_3
0  1.322939e+06  7.569343e+02
1  1.930376e+06  2.191171e+03
2  8.385760e+05  3.302645e+03
3  4.175143e+05  3.366051e+03
4  2.063293e+05  1.935796e+03
5  1.022300e+05  7.108578e+02
6  5.098620e+04  2.374925e+02
7  2.452489e+04  -3.946799e+01
8  1.214341e+04  1.525797e+01
9  6.290627e+03  -1.942985e+01
10  3.192042e+03  1.436014e+01
11  1.600074e+03  2.424136e+01
12  8.545693e+02  2.556796e+01
13  4.014435e+02  2.076108e+01
14  2.019445e+02  1.233410e+01
15  9.767354e+01  4.457496e+00
16  3.483683e+01  2.627941e-01
17  1.044173e+01  -1.218696e+00
18  -1.042466e+00  -1.326147e+00
19  -1.602538e+00  -1.295502e+00
20  -8.419802e-01  -7.940508e-01
21  6.448082e-01  -3.696027e-01
22  5.411515e-01  -1.908685e-01
23  -1.165050e-01  -9.384284e-02
24  -7.902510e-02  -5.452117e-02
25  -1.516864e-01  -4.013940e-02
26  -1.221840e-01  -2.644423e-02
27  -3.526714e-02  -1.290185e-02
28  -5.285800e-02  -1.514798e-02
29  -4.844368e-02  -1.322444e-02
30  -4.567713e-02  -1.132306e-02
31  -2.952243e-02  -7.190594e-03
32  -2.238682e-02  -3.282723e-03
33  -1.311045e-02  -1.665155e-03
34  -8.117857e-03  -9.685911e-04
35  -1.991364e-02  2.755502e-04
36  -4.403039e-02  -9.678326e-04
37  -7.747995e-02  7.263496e-05
38  -1.119019e-01  1.307769e-02
39  -2.309721e-01  4.217290e-02
40  -3.453007e-01  6.784440e-02
41  -3.378436e-01  1.398193e-01
42  2.055252e-01  1.505168e-01
43  1.765411e-01  8.226254e-02
44  8.229515e-01  -2.445194e-01
45  1.893251e+00  -4.664212e-01
46  2.215051e+00  -2.017003e-01
47  2.125296e+00  6.494233e-01
48  5.737515e+00  1.787811e+00
49  2.820505e+01  5.402407e-01
50  7.650360e+01  -7.160245e+00
51  2.143294e+02  -2.097498e+01
52  4.675392e+02  -4.735393e+01
53  1.030166e+03  -6.039635e+01
54  2.368461e+03  -2.803846e+01
55  5.155088e+03  4.531341e+00
56  1.071193e+04  -2.201971e+01
57  2.236655e+04  -6.741409e+01
58  4.578841e+04  6.571368e+01
59  9.505397e+04  1.322774e+02
60  1.966861e+05  -7.770193e+01
61  4.133394e+05  -2.676519e+02
62  8.464316e+05  3.095052e+02
63  1.940957e+06  7.355066e+02
ENDPROP
STARTPROP
MASSES:  4.500000e-02   4.500000e-02
SOURCE: GAM_4
SINKS: GAM_4
0  2.120344e+06  -1.192808e+03
1  -2.681220e+05  7.615771e+02
2  -2.605717e+02  1.177210e+03
3  -3.947435e+03  6.684979e+02
4  7.239377e+02  1.703489e+02
5  -1.505876e+01  1.194761e+01
6  7.524381e+00  5.357173e+01
7  1.227140e+01  5.475828e+01
8  -1.230641e+02  4.466287e+00
9  1.879720e+00  1.740474e+00
10  -8.508889e+00  1.607803e+00
11  6.340551e-01  2.043079e+00
12  1.077359e+01  2.816445e+00
13  5.500430e+00  1.708946e+00
14  -5.948880e-01  -8.460448e-01
15  -6.187239e-01  3.725488e-01
16  2.511756e-01  5.032339e-01
17  2.990364e-01  9.605810e-01
18  2.505155e-01  6.899304e-01
19  -1.327854e-01  1.948678e-01
20  4.360895e-01  -2.505314e-02
21  -5.028239e-02  2.758371e-02
22  -4.553492e-02  1.687620e-03
23  -4.525935e-02  -2.808221e-02
24  -5.615766e-02  -2.199834e-02
25  1.543695e-02  -1.355499e-02
26  -3.600680e-03  -1.616857e-02
27  -9.125833e-03  -7.808803e-03
28  -2.692085e-02  -2.986286e-03
29  -2.035826e-02  -7.029527e-04
30  -2.025774e-02  -1.064765e-03
31  -1.925125e-02  -5.303237e-04
32  -1.820590e-02  -7.991964e-04
33  -2.093163e-02  -3.879335e-04
34  -2.089876e-02  5.775949e-04
35  -2.436206e-02  3.015126e-05
36  -2.044788e-02  8.101344e-05
37  -2.384965e-02  -3.961190e-03
38  -1.694162e-02  -2.559625e-03
39  -5.424098e-03  -1.110230e-02
40  -2.110286e-02  -1.223313e-02
41  -3.584090e-02  -6.355355e-03
42  1.339500e-01  6.844383e-03
43  2.793997e-01  -1.785782e-02
44  -1.570482e-01  -6.336140e-02
45  -1.316706e-01  -2.962470e-01
46  -1.227573e+00  -5.863745e-01
47  -1.542510e+00  -8.083199e-01
48  1.678693e+00  -1.166016e+00
49  -4.128960e+00  -2.651140e+00
50  -1.607852e+00  -3.066050e+00
51  -1.325154e+01  -8.420302e+00
52  7.377690e+00  -2.162300e+01
53  6.577068e+00  -3.249309e+01
54  -3.743312e+00  -5.400243e+01
55  3.949395e+01  -6.309933e+01
56  1.108258e+02  -3.804663e+01
57  7.893437e+01  -2.909971e+01
58  -1.586828e+02  -1.920144e+02
59  1.059800e+02  -2.635943e+02
60  -1.522439e+02  -6.528103e+02
61  -1.346931e+03  -9.115393e+02
62  -1.941934e+03  -9.849906e+02
63  -2.737516e+05  -4.064336e+02
ENDPROP
STARTPROP
MASSES:  4.500000e-02   4.500000e-02
SOURCE: GAM_5
SINKS: GAM_5
0  5.374945e+06  3.211967e+03
1  5.301745e+06  7.410861e+03
2  3.277750e+06  4.850709e+03
3  2.051870e+06  6.449455e+03
4  1.282810e+06  6.186597e+03
5  7.991809e+05  5.056813e+03
6  4.974204e+05  2.947332e+03
7  3.130445e+05  1.724872e+03
8  1.918417e+05  1.062637e+03
9  1.161133e+05  6.608089e+02
10  6.955046e+04  5.608803e+02
11  4.136703e+04  3.034996e+02
12  2.485351e+04  1.124336e+02
13  1.496598e+04  8.756563e+01
14  8.996805e+03  4.555838e+01
15  5.532766e+03  2.460049e+01
16  3.408024e+03  1.286442e+01
17  2.080743e+03  1.254842e+01
18  1.246663e+03  1.166062e+01
19  7.448751e+02  1.066886e+01
20  4.512546e+02  6.768428e+00
21  2.738560e+02  4.046443e+00
22  1.688681e+02  2.453612e+00
23  1.039659e+02  1.271434e+00
24  6.392791e+01  5.305923e-01
25  3.957103e+01  2.925009e-01
26  2.418294e+01  1.156041e-01
27  1.499857e+01  5.886624e-02
28  9.494552e+00  3.804558e-02
29  6.023988e+00  2.085729e-02
30  3.910042e+00  8.997373e-03
31  2.758443e+00  3.744070e-03
32  2.341057e+00  1.010642e-03
33  2.533140e+00  -6.064452e-05
34  3.436146e+00  -6.870068e-03
35  5.201146e+00  -8.623241e-03
36  8.197336e+00  -1.530864e-02
37  1.338121e+01  -7.555540e-02
38  2.217151e+01  -1.741976e-01
39  3.650946e+01  -3.155444e-01
40  6.156469e+01  -6.484034e-01
41  1.039983e+02  -1.208006e+00
42  1.714283e+02  -2.199436e+00
43  2.821332e+02  -3.678491e+00
44  4.621996e+02  -4.951797e+00
45  7.595216e+02  -4.882685e+00
46  1.232626e+03  -7.749096e+00
47  2.023172e+03  -1.551433e+01
48  3.339695e+03  -2.245803e+01
49  5.535080e+03  -3.051781e+01
50  9.049932e+03  -2.528041e+01
51  1.476886e+04  -3.367271e+01
52  2.448894e+04  -1.193926e+02
53  4.015292e+04  -2.819733e+02
54  6.568601e+04  -4.038960e+02
55  1.072625e+05  -2.811353e+02
56  1.749521e+05  -1.550869e+02
57  2.800550e+05  5.637160e+01
58  4.578356e+05  2.910575e+02
59  7.605911e+05  2.578120e+02
60  1.253210e+06  -7.938759e+02
61  2.027745e+06  2.008705e+02
62  3.215424e+06  1.885711e+03
63  5.231622e+06  2.177722e+03
ENDPROP
STARTPROP
MASSES:  4.500000e-02   4.500000e-02
SOURCE: GAM_12
SINKS: GAM_12
0  9.275681e+05  -8.216375e+02
1  -6.053580e+05  1.091257e+03
2  -1.256949e+05  5.395983e+02
3  -4.794800e+04  9.426215e+01
4  -1.887504e+04  -2.968839e+02
5  -7.682688e+03  -2.614149e+02
6  -2.683311e+03  -7.350424e+01
7  -1.060609e+03  -3.454192e+01
8  -2.535806e+02  -9.295993e+00
9  -2.051717e+02  -3.138437e+01
10  -1.645445e+02  -3.359783e+01
11  1.522216e+01  -2.442227e+01
12  2.507075e+01  -1.250745e+01
13  1.574754e+01  -7.149869e+00
14  1.812433e+01  -3.915810e+00
15  1.163685e+01  -2.244860e+00
16  5.725340e+00  -8.112706e-01
17  1.264764e+00  1.994572e-01
18  -9.347199e-01  -1.078981e-01
19  -7.554216e-01  1.061089e-01
20  -7.587669e-01  1.241561e-02
21  -5.315028e-01  -9.626798e-02
22  1.050090e-01  -6.602258e-02
23  4.056990e-03  -1.886846e-02
24  1.461974e-01  -3.703772e-03
25  1.148104e-01  6.503448e-03
26  5.777840e-02  8.408957e-03
27  7.454255e-03  1.088087e-02
28  -1.401619e-02  4.679723e-03
29  -1.253496e-02  9.189317e-04
30  -1.238179e-02  -1.788826e-03
31  -6.791344e-03  -1.417589e-03
32  9.026156e-04  -1.756740e-03
33  4.339934e-03  -1.172095e-03
34  1.383925e-03  -1.038888e-03
35  -3.217063e-03  -3.345094e-03
36  -1.551886e-02  -2.280427e-03
37  4.339084e-03  -2.809950e-03
38  2.023846e-02  -1.454036e-02
39  5.562170e-03  -2.817101e-02
40  -3.955918e-02  -6.228588e-02
41  6.303528e-02  -1.093982e-01
42  4.191229e-02  -1.881683e-01
43  4.685823e-03  -9.346382e-02
44  -1.238518e-02  3.125065e-02
45  5.320875e-01  1.467454e-01
46  1.640599e+00  2.489609e-01
47  2.681473e+00  1.713087e-01
48  1.990885e+00  -9.588855e-01
49  3.938447e+00  -3.086174e+00
50  1.074249e+01  -4.658681e+00
51  -4.148534e-01  -4.428166e+00
52  7.846378e+00  -5.697016e+00
53  8.404305e+00  -4.075800e+00
54  -8.867106e+01  -1.411177e+01
55  -2.872342e+02  -2.119668e+01
56  -6.497959e+02  -2.418456e+00
57  -1.625898e+03  -9.939820e+01
58  -3.265307e+03  -1.494845e+02
59  -6.501882e+03  -1.825005e+02
60  -1.737155e+04  -4.694377e+01
61  -4.837357e+04  -2.741591e+02
62  -1.312232e+05  -5.563732e+01
63  -6.143144e+05  4.616278e+02
ENDPROP
STARTPROP
MASSES:  4.500000e-02   4.500000e-02
SOURCE: GAM_21
SINKS: GAM_21
0  9.275681e+05  -8.216375e+02
1  -6.053580e+05  1.091257e+03
2  -1.256949e+05  5.395983e+02
3  -4.794800e+04  9.426215e+01
4  -1.887504e+04  -2.968839e+02
5  -7.682688e+03  -2.614149e+02
6  -2.683311e+03  -7.350424e+01
7  -1.060609e+03  -3.454192e+01
8  -2.535806e+02  -9.295993e+00
9  -2.051717e+02  -3.138437e+01
10  -1.645445e+02  -3.359783e+01
11  1.522216e+01  -2.442227e+01
12  2.507075e+01  -1.250745e+01
13  1.574754e+01  -7.149869e+00
14  1.812433e+01  -3.915810e+00
15  1.163685e+01  -2.244860e+00
16  5.725340e+00  -8.112706e-01
17  1.264764e+00  1.994572e-01
18  -9.347199e-01  -1.078981e-01
19  -7.554216e-01  1.061089e-01
20  -7.587669e-01  1.241561e-02
21  -5.315028e-01  -9.626798e-02
22  1.050090e-01  -6.602258e-02
23  4.056990e-03  -1.886846e-02
24  1.461974e-01  -3.703772e-03
25  1.148104e-01  6.503448e-03
26  5.777840e-02  8.408957e-03
27  7.454255e-03  1.088087e-02
28  -1.401619e-02  4.679723e-03
29  -1.253496e-02  9.189317e-04
30  -1.238179e-02  -1.788826e-03
31  -6.791344e-03  -1.417589e-03
32  9.026156e-04  -1.756740e-03
33  4.339934e-03  -1.172095e-03
34  1.383925e-03  -1.038888e-03
35  -3.217063e-03  -3.345094e-03
36  -1.551886e-02  -2.280427e-03
37  4.339084e-03  -2.809950e-03
38  2.023846e-02  -1.454036e-02
39  5.562170e-03  -2.817101e-02
40  -3.955918e-02  -6.228588e-02
41  6.303528e-02  -1.093982e-01
42  4.191229e-02  -1.881683e-01
43  4.685823e-03  -9.346382e-02
44  -1.238518e-02  3.125065e-02
45  5.320875e-01  1.467454e-01
46  1.640599e+00  2.489609e-01
47  2.681473e+00  1.713087e-01
48  1.990885e+00  -9.588855e-01
49  3.938447e+00  -3.086174e+00
50  1.074249e+01  -4.658681e+00
51  -4.148534e-01  -4.428166e+00
52  7.846378e+00  -5.697016e+00
53  8.404305e+00  -4.075800e+00
54  -8.867106e+01  -1.411177e+01
55  -2.872342e+02  -2.119668e+01
56  -6.497959e+02  -2.418456e+00
57  -1.625898e+03  -9.939820e+01
58  -3.265307e+03  -1.494845e+02
59  -6.501882e+03  -1.825005e+02
60  -1.737155e+04  -4.694377e+01
61  -4.837357e+04  -2.741591e+02
62  -1.312232e+05  -5.563732e+01
63  -6.143144e+05  4.616278e+02
ENDPROP
STARTPROP
MASSES:  4.500000e-02   4.500000e-02
SOURCE: GAM_13
SINKS: GAM_13
0  8.992557e+05  -5.940659e+02
1  -6.202761e+05  6.622824e+02
2  -1.226071e+05  -3.027491e+02
3  -4.221922e+04  -3.371867e+02
4  -1.219824e+04  -3.750552e+01
5  -4.030067e+03  -7.790734e+01
6  -1.730606e+03  2.251733e+01
7  -1.344071e+03  -3.822126e+01
8  -9.059945e+02  -2.276051e+01
9  -5.028862e+02  -2.884455e+01
10  -2.704661e+02  -3.466744e+01
11  -1.029321e+02  -9.629741e+00
12  3.178951e+01  -1.309171e-01
13  9.190056e+00  -6.115704e-01
14  -1.228350e+00  1.980472e+00
15  1.309349e+01  3.458332e+00
16  8.536325e+00  2.417248e+00
17  2.228274e+00  1.308410e+00
18  1.767807e+00  4.875228e-01
19  1.846084e+00  -8.529613e-02
20  1.296915e+00  -2.602748e-01
21  1.138310e+00  -1.920795e-01
22  9.261477e-01  -9.863677e-02
23  5.625235e-01  -5.765996e-02
24  4.437018e-01  -2.450260e-02
25  1.841674e-01  2.633788e-03
26  1.179173e-01  -7.401095e-03
27  6.168917e-02  -9.300543e-03
28  4.526121e-02  -2.040914e-03
29  2.444274e-02  -4.353585e-04
30  2.167094e-02  4.245958e-04
31  2.416497e-02  -1.320213e-03
32  1.374666e-02  -5.250834e-04
33  6.441915e-03  -1.494638e-04
34  1.353686e-02  1.323369e-03
35  1.285729e-02  5.009994e-04
36  7.413462e-03  -3.418755e-03
37  2.253795e-02  -4.000176e-03
38  1.523696e-02  -3.178678e-03
39  -6.807034e-02  -2.955112e-03
40  -1.886646e-01  1.007077e-02
41  -3.107418e-01  5.570059e-02
42  -1.499304e-01  6.093005e-02
43  1.459780e-01  5.027391e-02
44  9.637142e-01  1.927901e-01
45  2.573924e+00  4.028347e-01
46  3.898844e+00  3.429584e-01
47  4.896349e+00  -2.283742e-02
48  2.706899e+00  6.592135e-01
49  1.635185e+00  1.967400e+00
50  7.281157e-01  1.734406e-01
51  -2.021329e+01  3.374756e+00
52  -2.744562e+01  3.718787e+00
53  -1.543715e+01  5.961741e-01
54  -2.009350e+01  -2.835828e+00
55  -1.151901e+02  1.726390e+01
56  -2.703838e+02  1.179627e+01
57  -1.396321e+03  3.795419e+01
58  -3.733987e+03  3.887614e+01
59  -8.127905e+03  6.288523e+01
60  -2.095095e+04  -4.426354e+01
61  -5.259724e+04  -5.989114e+02
62  -1.359131e+05  -7.189408e+02
63  -6.309105e+05  -4.248867e+02
ENDPROP
STARTPROP
MASSES:  4.500000e-02   4.500000e-02
SOURCE: GAM_31
SINKS: GAM_31
0  8.992557e+05  -5.940659e+02
1  -6.202761e+05  6.622824e+02
2  -1.226071e+05  -3.027491e+02
3  -4.221922e+04  -3.371867e+02
4  -1.219824e+04  -3.750552e+01
5  -4.030067e+03  -7.790734e+01
6  -1.730606e+03  2.251733e+01
7  -1.344071e+03  -3.822126e+01
8  -9.059945e+02  -2.276051e+01
9  -5.028862e+02  -2.884455e+01
10  -2.704661e+02  -3.466744e+01
11  -1.029321e+02  -9.629741e+00
12  3.178951e+01  -1.309171e-01
13  9.190056e+00  -6.115704e-01
14  -1.228350e+00  1.980472e+00
15  1.309349e+01  3.458332e+00
16  8.536325e+00  2.417248e+00
17  2.228274e+00  1.308410e+00
18  1.767807e+00  4.875228e-01
19  1.846084e+00  -8.529613e-02
20  1.296915e+00  -2.602748e-01
21  1.138310e+00  -1.920795e-01
22  9.261477e-01  -9.863677e-02
23  5.625235e-01  -5.765996e-02
24  4.437018e-01  -2.450260e-02
25  1.841674e-01  2.633788e-03
26  1.179173e-01  -7.401095e-03
27  6.168917e-02  -9.300543e-03
28  4.526121e-02  -2.040914e-03
29  2.444274e-02  -4.353585e-04
30  2.167094e-02  4.245958e-04
31  2.416497e-02  -1.320213e-03
32  1.374666e-02  -5.250834e-04
33  6.441915e-03  -1.494638e-04
34  1.353686e-02  1.323369e-03
35  1.285729e-02  5.009994e-04
36  7.413462e-03  -3.418755e-03
37  2.253795e-02  -4.000176e-03
38  1.523696e-02  -3.178678e-03
39  -6.807034e-02  -2.955112e-03
40  -1.886646e-01  1.007077e-02
41  -3.107418e-01  5.570059e-02
42  -1.499304e-01  6.093005e-02
43  1.459780e-01  5.027391e-02
44  9.637142e-01  1.927901e-01
45  2.573924e+00  4.028347e-01
46  3.898844e+00  3.429584e-01
47  4.896349e+00  -2.283742e-02
48  2.706899e+00  6.592135e-01
49  1.635185e+00  1.967400e+00
50  7.281157e-01  1.734406e-01
51  -2.021329e+01  3.374756e+00
52  -2.744562e+01  3.718787e+00
53  -1.543715e+01  5.961741e-01
54  -2.009350e+01  -2.835828e+00
55  -1.151901e+02  1.726390e+01
56  -2.703838e+02  1.179627e+01
57  -1.396321e+03  3.795419e+01
58  -3.733987e+03  3.887614e+01
59  -8.127905e+03  6.288523e+01
60  -2.095095e+04  -4.426354e+01
61  -5.259724e+04  -5.989114e+02
62  -1.359131e+05  -7.189408e+02
63  -6.309105e+05  -4.248867e+02
ENDPROP
STARTPROP
MASSES:  4.500000e-02   4.500000e-02
SOURCE: GAM_14
SINKS: GAM_14
0  1.934600e+05  -7.437602e+02
1  1.389186e+06  -1.018164e+03
2  5.531409e+05  7.317853e+00
3  2.764103e+05  5.202494e+02
4  1.374648e+05  7.981976e+02
5  6.763108e+04  5.607329e+02
6  3.262778e+04  2.858362e+02
7  1.560687e+04  3.895288e+01
8  7.201637e+03  2.293680e+01
9  3.049943e+03  2.881334e+01
10  1.140859e+03  -5.952923e+00
11  4.424870e+02  6.056898e-01
12  1.541032e+02  -3.756133e+00
13  6.263901e+01  4.794061e+00
14  1.771244e+01  3.733057e+00
15  -3.250484e+00  2.633093e+00
16  -7.284836e+00  4.972516e-01
17  -3.294437e+00  5.725173e-01
18  3.802080e+00  4.578592e-01
19  2.041936e+00  4.237665e-02
20  1.644452e+00  7.917450e-02
21  6.802517e-01  -1.089318e-01
22  1.319978e-01  -1.198475e-01
23  3.382026e-01  -2.718606e-02
24  3.722980e-01  2.302238e-02
25  1.871358e-01  7.637741e-03
26  2.466451e-02  -2.888468e-03
27  -1.350044e-02  -4.217579e-03
28  -3.571617e-02  -8.540128e-03
29  -3.195403e-02  -8.379110e-03
30  -2.459827e-02  -2.290625e-03
31  -1.341959e-02  -4.448500e-04
32  -4.651619e-03  -9.001272e-05
33  -1.626221e-03  -3.106478e-04
34  -5.919903e-03  -3.681520e-03
35  -1.195916e-02  -4.568751e-03
36  -3.075821e-02  1.458499e-03
37  -7.811353e-02  3.176697e-05
38  -1.910062e-01  -2.332766e-03
39  -2.625844e-01  -3.627507e-04
40  -3.190459e-01  -1.688220e-02
41  -4.882875e-01  -1.862684e-02
42  -7.087669e-01  5.380975e-02
43  -1.361068e+00  2.507622e-02
44  -1.791492e+00  -9.934078e-02
45  -3.013198e+00  3.006857e-01
46  -5.337927e+00  4.625219e-01
47  -6.408842e+00  -2.165670e-01
48  -1.007781e+01  -2.812061e+00
49  6.455599e-01  -5.554604e+00
50  7.686809e+00  -1.045485e+01
51  7.193484e+01  -1.275584e+01
52  1.296083e+02  -1.773082e+01
53  3.593126e+02  -1.009221e+01
54  1.055632e+03  1.574409e+01
55  2.738078e+03  4.080408e+01
56  6.314795e+03  6.619767e+01
57  1.350526e+04  3.596510e+01
58  2.947620e+04  3.671508e+01
59  6.240141e+04  1.796494e+02
60  1.272058e+05  1.076052e+02
61  2.656249e+05  2.111402e+02
62  5.586796e+05  -4.284541e+00
63  1.393520e+06  -9.809707e+02
ENDPROP
STARTPROP
MASSES:  4.500000e-02   4.500000e-02
SOURCE: GAM_41
SINKS: GAM_41
0  1.934600e+05  -7.437602e+02
1  1.389186e+06  -1.018164e+03
2  5.531409e+05  7.317853e+00
3  2.764103e+05  5.202494e+02
4  1.374648e+05  7.981976e+02
5  6.763108e+04  5.607329e+02
6  3.262778e+04  2.858362e+02
7  1.560687e+04  3.895288e+01
8  7.201637e+03  2.293680e+01
9  3.049943e+03  2.881334e+01
10  1.140859e+03  -5.952923e+00
11  4.424870e+02  6.056898e-01
12  1.541032e+02  -3.756133e+00
13  6.263901e+01  4.794061e+00
14  1.771244e+01  3.733057e+00
15  -3.250484e+00  2.633093e+00
16  -7.284836e+00  4.972516e-01
17  -3.294437e+00  5.725173e-01
18  3.802080e+00  4.578592e-01
19  2.041936e+00  4.237665e-02
20  1.644452e+00  7.917450e-02
21  6.802517e-01  -1.089318e-01
22  1.319978e-01  -1.198475e-01
23  3.382026e-01  -2.718606e-02
24  3.722980e-01  2.302238e-02
25  1.871358e-01  7.637741e-03
26  2.466451e-02  -2.888468e-03
27  -1.350044e-02  -4.217579e-03
28  -3.571617e-02  -8.540128e-03
29  -3.195403e-02  -8.379110e-03
30  -2.459827e-02  -2.290625e-03
31  -1.341959e-02  -4.448500e-04
32  -4.651619e-03  -9.001272e-05
33  -1.626221e-03  -3.106478e-04
34  -5.919903e-03  -3.681520e-03
35  -1.195916e-02  -4.568751e-03
36  -3.075821e-02  1.458499e-03
37  -7.811353e-02  3.176697e-05
38  -1.910062e-01  -2.332766e-03
39  -2.625844e-01  -3.627507e-04
40  -3.190459e-01  -1.688220e-02
41  -4.882875e-01  -1.862684e-02
42  -7.087669e-01  5.380975e-02
43  -1.361068e+00  2.507622e-02
44  -1.791492e+00  -9.934078e-02
45  -3.013198e+00  3.006857e-01
46  -5.337927e+00  4.625219e-01
47  -6.408842e+00  -2.165670e-01
48  -1.007781e+01  -2.812061e+00
49  6.455599e-01  -5.554604e+00
50  7.686809e+00  -1.045485e+01
51  7.193484e+01  -1.275584e+01
52  1.296083e+02  -1.773082e+01
53  3.593126e+02  -1.009221e+01
54  1.055632e+03  1.574409e+01
55  2.738078e+03  4.080408e+01
56  6.314795e+03  6.619767e+01
57  1.350526e+04  3.596510e+01
58  2.947620e+04  3.671508e+01
59  6.240141e+04  1.796494e+02
60  1.272058e+05  1.076052e+02
61  2.656249e+05  2.111402e+02
62  5.586796e+05  -4.284541e+00
63  1.393520e+06  -9.809707e+02
ENDPROP
STARTPROP
MASSES:  4.500000e-02   4.500000e-02
SOURCE: GAM_23
SINKS: GAM_23
0  8.967728e+05  1.178096e+03
1  -6.169137e+05  1.713604e+03
2  -1.277723e+05  1.602789e+03
3  -4.381332e+04  8.315196e+02
4  -1.493277e+04  3.973071e+02
5  -4.939929e+03  1.086472e+02
6  -1.535695e+03  1.902671e+02
7  -1.060599e+03  1.707687e+02
8  -3.584155e+02  9.224470e+01
9  5.133178e+00  3.490235e+01
10  2.511938e-01  1.631057e+00
11  -4.970648e+01  2.307980e+00
12  -4.912879e+01  -6.816710e+00
13  -5.025423e+01  -6.333968e+00
14  -2.292899e+01  -1.117205e+00
15  -6.455936e+00  1.608144e+00
16  -3.699005e+00  2.016588e+00
17  -5.377581e-01  1.256537e+00
18  1.108206e+00  8.182907e-01
19  6.610684e-01  5.712592e-01
20  -8.940296e-01  3.026565e-01
21  -1.342221e+00  2.468246e-01
22  -1.157809e+00  1.085022e-01
23  -6.261888e-01  -2.742860e-02
24  -2.160899e-01  -2.003927e-02
25  -1.094488e-01  -2.388601e-02
26  -4.379208e-02  -1.467522e-02
27  -1.285421e-02  -5.077252e-03
28  -8.414439e-03  -1.863882e-03
29  -2.073237e-03  -2.113330e-03
30  -5.306430e-03  -1.606120e-03
31  -2.136584e-03  -6.335232e-05
32  -2.818989e-03  7.397125e-04
33  -6.516090e-04  -6.380318e-04
34  5.170748e-04  1.151260e-03
35  8.241187e-03  3.416286e-05
36  6.420517e-03  2.992722e-03
37  -2.004627e-02  1.028640e-02
38  -2.796844e-02  3.059267e-02
39  -3.700796e-02  4.395253e-02
40  4.708645e-03  6.449591e-02
41  -6.436281e-02  8.229012e-02
42  -3.629173e-01  9.915096e-02
43  -1.074042e-01  5.544855e-02
44  1.241596e-01  3.511210e-02
45  1.225470e+00  2.342997e-01
46  1.148867e+00  4.977540e-01
47  2.661567e+00  -4.246875e-02
48  6.963466e-01  2.073627e-01
49  -1.034885e+00  -2.650584e-01
50  5.507819e+00  -7.347455e-01
51  9.552141e+00  -2.709676e+00
52  3.800340e+01  3.551300e+00
53  5.880693e+01  1.680945e+00
54  7.267074e+01  -2.202370e+00
55  -4.635679e+01  -1.982267e+01
56  -6.041248e+02  -7.260228e+01
57  -1.274393e+03  -1.327457e+02
58  -2.868240e+03  -1.239780e+02
59  -5.704027e+03  -2.323414e+02
60  -1.746847e+04  -4.819597e+02
61  -4.879631e+04  -3.126998e+02
62  -1.411365e+05  1.113096e+02
63  -6.365061e+05  8.232319e+02
ENDPROP
STARTPROP
MASSES:  4.500000e-02   4.500000e-02
SOURCE: GAM_32
SINKS: GAM_32
0  8.967728e+05  1.178096e+03
1  -6.169137e+05  1.713604e+03
2  -1.277723e+05  1.602789e+03
3  -4.381332e+04  8.315196e+02
4  -1.493277e+04  3.973071e+02
5  -4.939929e+03  1.086472e+02
6  -1.535695e+03  1.902671e+02
7  -1.060599e+03  1.707687e+02
8  -3.584155e+02  9.224470e+01
9  5.133178e+00  3.490235e+01
10  2.511938e-01  1.631057e+00
11  -4.970648e+01  2.307980e+00
12  -4.912879e+01  -6.816710e+00
13  -5.025423e+01  -6.333968e+00
14  -2.292899e+01  -1.117205e+00
15  -6.455936e+00  1.608144e+00
16  -3.699005e+00  2.016588e+00
17  -5.377581e-01  1.256537e+00
18  1.108206e+00  8.182907e-01
19  6.610684e-01  5.712592e-01
20  -8.940296e-01  3.026565e-01
21  -1.342221e+00  2.468246e-01
22  -1.157809e+00  1.085022e-01
23  -6.261888e-01  -2.742860e-02
24  -2.160899e-01  -2.003927e-02
25  -1.094488e-01  -2.388601e-02
26  -4.379208e-02  -1.467522e-02
27  -1.285421e-02  -5.077252e-03
28  -8.414439e-03  -1.863882e-03
29  -2.073237e-03  -2.113330e-03
30  -5.306430e-03  -1.606120e-03
31  -2.136584e-03  -6.335232e-05
32  -2.818989e-03  7.397125e-04
33  -6.516090e-04  -6.380318e-04
34  5.170748e-04  1.151260e-03
35  8.241187e-03  3.416286e-05
36  6.420517e-03  2.992722e-03
37  -2.004627e-02  1.028640e-02
38  -2.796844e-02  3.059267e-02
39  -3.700796e-02  4.395253e-02
40  4.708645e-03  6.449591e-02
41  -6.436281e-02  8.229012e-02
42  -3.629173e-01  9.915096e-02
43  -1.074042e-01  5.544855e-02
44  1.241596e-01  3.511210e-02
45  1.225470e+00  2.342997e-01
46  1.148867e+00  4.977540e-01
47  2.661567e+00  -4.246875e-02
48  6.963466e-01  2.073627e-01
49  -1.034885e+00  -2.650584e-01
50  5.507819e+00  -7.347455e-01
51  9.552141e+00  -2.709676e+00
52  3.800340e+01  3.551300e+00
53  5.880693e+01  1.680945e+00
54  7.267074e+01  -2.202370e+00
55  -4.635679e+01  -1.982267e+01
56  -6.041248e+02  -7.260228e+01
57  -1.274393e+03  -1.327457e+02
58  -2.868240e+03  -1.239780e+02
59  -5.704027e+03  -2.323414e+02
60  -1.746847e+04  -4.819597e+02
61  -4.879631e+04  -3.126998e+02
62  -1.411365e+05  1.113096e+02
63  -6.365061e+05  8.232319e+02
ENDPROP
STARTPROP
MASSES:  4.500000e-02   4.500000e-02
SOURCE: GAM_24
SINKS: GAM_24
0  1.585010e+05  1.272510e+03
1  1.365338e+06  3.659233e+02
2  5.360157e+05  6.698616e+02
3  2.691487e+05  6.437345e+02
4  1.320781e+05  8.414577e+02
5  6.406764e+04  6.020948e+02
6  3.224474e+04  3.118405e+02
7  1.575083e+04  1.019843e+02
8  7.210606e+03  7.170921e+01
9  3.339034e+03  6.908752e+01
10  1.367885e+03  4.144501e+01
11  5.813831e+02  1.538223e+01
12  2.833859e+02  7.303078e+00
13  1.289538e+02  1.592661e+00
14  6.524298e+01  3.614551e-01
15  2.770028e+01  2.159665e+00
16  -1.199711e-01  2.312918e-01
17  7.175955e+00  -3.245461e-01
18  6.952237e+00  -1.905040e-01
19  2.958160e+00  -7.829270e-01
20  1.300009e+00  -3.520178e-01
21  7.072040e-01  -2.333165e-01
22  -2.047749e-01  -2.949383e-01
23  -1.930124e-01  -1.492384e-01
24  7.382385e-02  -1.098531e-01
25  9.879591e-02  -5.845030e-02
26  1.172901e-01  -1.478364e-02
27  1.102761e-01  3.821366e-03
28  4.230470e-02  1.549465e-03
29  1.487625e-02  -2.598945e-04
30  3.061078e-03  8.585434e-04
31  1.509833e-03  -1.405128e-04
32  -1.613066e-03  -2.865900e-03
33  -7.312721e-04  -1.882487e-03
34  8.103923e-03  9.179435e-04
35  1.787549e-02  2.456731e-03
36  3.709544e-02  -2.053999e-03
37  8.372891e-02  -6.456538e-03
38  1.540046e-01  -1.809896e-02
39  2.518450e-01  -5.011819e-02
40  1.596301e-01  -1.109028e-01
41  1.924809e-01  -2.229899e-01
42  1.624236e-01  -2.631861e-01
43  1.056763e+00  -5.011086e-01
44  2.975189e+00  -5.469372e-01
45  8.917529e+00  -8.988212e-01
46  1.728753e+01  -9.745111e-01
47  3.719877e+01  -1.306181e+00
48  6.126059e+01  -1.029670e+00
49  1.119262e+02  -2.192379e+00
50  1.749879e+02  4.746322e-01
51  3.245686e+02  -2.783207e+00
52  5.938586e+02  -6.743741e+00
53  1.224417e+03  -1.466048e+01
54  2.229449e+03  -2.807726e+01
55  4.181577e+03  3.118732e+00
56  8.211401e+03  4.808272e+01
57  1.531690e+04  2.281262e+00
58  3.004853e+04  2.682156e+02
59  5.835920e+04  4.927727e+02
60  1.243130e+05  9.641194e+02
61  2.615277e+05  1.337374e+03
62  5.399847e+05  1.629781e+03
63  1.369215e+06  9.773514e+02
ENDPROP
STARTPROP
MASSES:  4.500000e-02   4.500000e-02
SOURCE: GAM_42
SINKS: GAM_42
0  1.585010e+05  1.272510e+03
1  1.365338e+06  3.659233e+02
2  5.360157e+05  6.698616e+02
3  2.691487e+05  6.437345e+02
4  1.320781e+05  8.414577e+02
5  6.406764e+04  6.020948e+02
6  3.224474e+04  3.118405e+02
7  1.575083e+04  1.019843e+02
8  7.210606e+03  7.170921e+01
9  3.339034e+03  6.908752e+01
10  1.367885e+03  4.144501e+01
11  5.813831e+02  1.538223e+01
12  2.833859e+02  7.303078e+00
13  1.289538e+02  1.592661e+00
14  6.524298e+01  3.614551e-01
15  2.770028e+01  2.159665e+00
16  -1.199711e-01  2.312918e-01
17  7.175955e+00  -3.245461e-01
18  6.952237e+00  -1.905040e-01
19  2.958160e+00  -7.829270e-01
20  1.300009e+00  -3.520178e-01
21  7.072040e-01  -2.333165e-01
22  -2.047749e-01  -2.949383e-01
23  -1.930124e-01  -1.492384e-01
24  7.382385e-02  -1.098531e-01
25  9.879591e-02  -5.845030e-02
26  1.172901e-01  -1.478364e-02
27  1.102761e-01  3.821366e-03
28  4.230470e-02  1.549465e-03
29  1.487625e-02  -2.598945e-04
30  3.061078e-03  8.585434e-04
31  1.509833e-03  -1.405128e-04
32  -1.613066e-03  -2.865900e-03
33  -7.312721e-04  -1.882487e-03
34  8.103923e-03  9.179435e-04
35  1.787549e-02  2.456731e-03
36  3.709544e-02  -2.053999e-03
37  8.372891e-02  -6.456538e-03
38  1.540046e-01  -1.809896e-02
39  2.518450e-01  -5.011819e-02
40  1.596301e-01  -1.109028e-01
41  1.924809e-01  -2.229899e-01
42  1.624236e-01  -2.631861e-01
43  1.056763e+00  -5.011086e-01
44  2.975189e+00  -5.469372e-01
45  8.917529e+00  -8.988212e-01
46  1.728753e+01  -9.745111e-01
47  3.719877e+01  -1.306181e+00
48  6.126059e+01  -1.029670e+00
49  1.119262e+02  -2.192379e+00
50  1.749879e+02  4.746322e-01
51  3.245686e+02  -2.783207e+00
52  5.938586e+02  -6.743741e+00
53  1.224417e+03  -1.466048e+01
54  2.229449e+03  -2.807726e+01
55  4.181577e+03  3.118732e+00
56  8.211401e+03  4.808272e+01
57  1.531690e+04  2.281262e+00
58  3.004853e+04  2.682156e+02
59  5.835920e+04  4.927727e+02
60  1.243130e+05  9.641194e+02
61  2.615277e+05  1.337374e+03
62  5.399847e+05  1.629781e+03
63  1.369215e+06  9.773514e+02
ENDPROP
STARTPROP
MASSES:  4.500000e-02   4.500000e-02
SOURCE: GAM_34
SINKS: GAM_34
0  1.537605e+05  7.969377e+01
1  1.356420e+06  -2.105748e+02
2  5.310284e+05  7.590285e+02
3  2.644135e+05  1.236162e+03
4  1.329445e+05  9.346969e+02
5  6.626047e+04  5.317669e+02
6  3.348127e+04  3.129440e+02
7  1.643934e+04  2.390608e+02
8  7.559435e+03  1.620611e+02
9  3.536628e+03  1.265822e+01
10  1.761980e+03  -2.035592e+01
11  9.093604e+02  -2.330201e+01
12  4.926672e+02  -1.452798e+01
13  2.259383e+02  -4.056574e+00
14  1.008538e+02  -3.118958e+00
15  5.341610e+01  -2.832242e+00
16  2.394798e+01  -2.157088e+00
17  1.288176e+01  -2.598912e+00
18  3.365272e+00  -1.330323e+00
19  1.526616e+00  -8.795422e-01
20  7.930906e-01  -4.489849e-01
21  4.202423e-01  -2.202189e-01
22  5.932683e-01  -2.593942e-02
23  7.083149e-02  -2.425657e-02
24  -1.902614e-01  -2.470817e-02
25  -2.480916e-01  -1.774659e-02
26  -1.517323e-01  -5.268424e-03
27  -5.938318e-02  -8.553912e-03
28  -5.578452e-02  -2.158283e-03
29  -4.852932e-02  -1.889528e-03
30  -2.594747e-02  -1.269899e-03
31  -1.100804e-02  -6.230792e-04
32  -9.140396e-03  -4.113579e-04
33  -4.817105e-04  -1.911275e-04
34  -6.442352e-04  -1.935867e-03
35  -1.752390e-02  -2.711889e-03
36  -3.085407e-02  -7.926713e-04
37  -3.435453e-02  2.708794e-03
38  -3.252591e-02  -3.279090e-03
39  -7.926886e-02  1.270054e-03
40  -1.009394e-01  7.571953e-03
41  -3.381448e-01  -1.428999e-02
42  -4.487289e-01  -1.124490e-01
43  -4.217519e-01  -2.719722e-01
44  -6.614761e-01  -6.247639e-01
45  -2.758030e+00  -7.887089e-01
46  -3.121873e+00  -1.193219e+00
47  -6.433674e+00  -8.596778e-01
48  -5.255982e+00  -8.599063e-01
49  -5.239230e-01  1.325453e+00
50  3.992224e+01  -7.685975e-01
51  1.406542e+02  -2.315811e+00
52  2.919804e+02  -5.701297e+00
53  6.158490e+02  -2.847029e+01
54  1.333621e+03  -1.311513e+01
55  3.156633e+03  -7.854487e+00
56  6.851786e+03  2.884131e+01
57  1.416198e+04  6.851065e+01
58  2.849726e+04  1.993451e+02
59  5.968062e+04  4.316715e+02
60  1.268554e+05  3.092724e+02
61  2.670135e+05  2.280944e+02
62  5.499376e+05  6.786798e+02
63  1.371245e+06  -5.375278e+02
ENDPROP
STARTPROP
MASSES:  4.500000e-02   4.500000e-02
SOURCE: GAM_43
SINKS: GAM_43
0  1.537605e+05  7.969377e+01
1  1.356420e+06  -2.105748e+02
2  5.310284e+05  7.590285e+02
3  2.644135e+05  1.236162e+03
4  1.329445e+05  9.346969e+02
5  6.626047e+04  5.317669e+02
6  3.348127e+04  3.129440e+02
7  1.643934e+04  2.390608e+02
8  7.559435e+03  1.620611e+02
9  3.536628e+03  1.265822e+01
10  1.761980e+03  -2.035592e+01
11  9.093604e+02  -2.330201e+01
12  4.926672e+02  -1.452798e+01
13  2.259383e+02  -4.056574e+00
14  1.008538e+02  -3.118958e+00
15  5.341610e+01  -2.832242e+00
16  2.394798e+01  -2.157088e+00
17  1.288176e+01  -2.598912e+00
18  3.365272e+00  -1.330323e+00
19  1.526616e+00  -8.795422e-01
20  7.930906e-01  -4.489849e-01
21  4.202423e-01  -2.202189e-01
22  5.932683e-01  -2.593942e-02
23  7.083149e-02  -2.425657e-02
24  -1.902614e-01  -2.470817e-02
25  -2.480916e-01  -1.774659e-02
26  -1.517323e-01  -5.268424e-03
27  -5.938318e-02  -8.553912e-03
28  -5.578452e-02  -2.158283e-03
29  -4.852932e-02  -1.889528e-03
30  -2.594747e-02  -1.269899e-03
31  -1.100804e-02  -6.230792e-04
32  -9.140396e-03  -4.113579e-04
33  -4.817105e-04  -1.911275e-04
34  -6.442352e-04  -1.935867e-03
35  -1.752390e-02  -2.711889e-03
36  -3.085407e-02  -7.926713e-04
37  -3.435453e-02  2.708794e-03
38  -3.252591e-02  -3.279090e-03
39  -7.926886e-02  1.270054e-03
40  -1.009394e-01  7.571953e-03
41  -3.381448e-01  -1.428999e-02
42  -4.487289e-01  -1.124490e-01
43  -4.217519e-01  -2.719722e-01
44  -6.614761e-01  -6.247639e-01
45  -2.758030e+00  -7.887089e-01
46  -3.121873e+00  -1.193219e+00
47  -6.433674e+00  -8.596778e-01
48  -5.255982e+00  -8.599063e-01
49  -5.239230e-01  1.325453e+00
50  3.992224e+01  -7.685975e-01
51  1.406542e+02  -2.315811e+00
52  2.919804e+02  -5.701297e+00
53  6.158490e+02  -2.847029e+01
54  1.333621e+03  -1.311513e+01
55  3.156633e+03  -7.854487e+00
56  6.851786e+03  2.884131e+01
57  1.416198e+04  6.851065e+01
58  2.849726e+04  1.993451e+02
59  5.968062e+04  4.316715e+02
60  1.268554e+05  3.092724e+02
61  2.670135e+05  2.280944e+02
62  5.499376e+05  6.786798e+02
63  1.371245e+06  -5.375278e+02
ENDPROP
STARTPROP
MASSES:  4.500000e-02   4.500000e-02
SOURCE: GAM_15
SINKS: GAM_15
0  1.534386e+05  9.809460e+01
1  -8.617145e+05  1.522807e+03
2  -2.249119e+05  9.895974e+02
3  -8.299614e+04  5.938487e+01
4  -2.693675e+04  -4.815554e+02
5  -5.818706e+03  -2.491247e+02
6  -5.414891e+01  -1.031415e+02
7  1.352996e+03  -2.315589e+01
8  1.041278e+03  -5.481286e+01
9  7.622248e+02  -2.606559e+01
10  3.719455e+02  -3.134340e+01
11  8.065789e+01  -3.634870e+01
12  -8.173310e+00  -1.927606e+01
13  -3.381501e+01  -1.173360e+01
14  -2.121247e+01  -4.414504e+00
15  -1.262097e+01  -2.781484e+00
16  -6.410574e+00  -2.965408e+00
17  -7.818301e+00  -2.396683e+00
18  -7.093214e+00  -1.183312e+00
19  -1.601002e+00  -1.639103e-01
20  -1.903527e-01  3.104433e-01
21  1.443080e-01  2.862917e-01
22  9.865035e-02  2.406791e-01
23  -1.571001e-01  2.150359e-01
24  -1.898667e-01  1.068899e-01
25  -1.230839e-01  5.051458e-02
26  -4.633555e-02  3.086500e-02
27  1.602638e-04  1.873164e-02
28  1.324714e-02  1.219294e-02
29  1.811636e-02  1.078189e-02
30  1.733747e-02  8.050554e-03
31  5.164195e-03  4.505922e-03
32  -3.798277e-03  1.893097e-03
33  7.038009e-05  4.582075e-04
34  -5.163483e-03  -7.287470e-04
35  -1.337574e-02  -2.186958e-03
36  -4.026802e-02  -6.272138e-03
37  -6.445472e-02  -6.685317e-03
38  -9.444122e-02  -9.519641e-03
39  -1.464369e-01  -9.771738e-03
40  -2.318882e-01  -4.300402e-02
41  -2.904937e-01  -8.777060e-02
42  -1.459339e-01  -1.130956e-01
43  4.007612e-01  -1.278743e-01
44  2.579773e-01  -2.763262e-01
45  1.228628e-01  -1.088155e-01
46  2.115866e+00  5.655529e-01
47  6.352464e+00  1.490817e+00
48  1.646775e+01  2.559046e+00
49  3.093866e+01  2.313362e+00
50  3.250630e+01  -3.766952e-02
51  3.677445e+01  -8.739780e+00
52  5.579209e+01  -2.574303e+01
53  5.798473e+01  -3.393800e+01
54  -5.784573e+01  -4.166219e+01
55  -2.616169e+02  -4.771830e+01
56  -8.928796e+02  -6.133903e+01
57  -2.181444e+03  -4.720023e+01
58  -5.619114e+03  -2.789749e+01
59  -1.304616e+04  1.601452e+02
60  -2.785143e+04  3.594051e+02
61  -7.880987e+04  -5.335745e+02
62  -2.234757e+05  -6.948809e+01
63  -8.590421e+05  3.983751e+02
ENDPROP
STARTPROP
MASSES:  4.500000e-02   4.500000e-02
SOURCE: GAM_25
SINKS: GAM_25
0  1.238383e+05  2.288168e+03
1  -8.874544e+05  2.486128e+03
2  -2.439147e+05  9.079537e+02
3  -9.089171e+04  5.056268e+02
4  -3.681867e+04  3.874792e+02
5  -1.409351e+04  5.129469e+02
6  -5.434312e+03  3.358126e+02
7  -2.689562e+03  1.607395e+02
8  -1.660766e+03  1.025073e+02
9  -6.184681e+02  7.324218e+01
10  -2.420685e+02  4.125810e+01
11  -6.465784e+01  1.171549e+01
12  -4.356895e+01  1.273431e+00
13  -4.214555e+01  -5.904308e+00
14  -2.304093e+00  -1.457444e+00
15  1.567962e+00  8.418011e-01
16  3.667386e+00  -9.089866e-02
17  5.778428e+00  -6.471503e-01
18  5.836571e+00  1.475728e-02
19  2.497979e+00  2.085434e-01
20  1.557295e+00  7.713180e-02
21  6.812176e-01  1.887128e-01
22  -3.052202e-01  2.180732e-01
23  -3.206508e-01  1.808823e-01
24  -1.395010e-01  1.320597e-01
25  -9.918990e-02  7.617828e-02
26  -1.318536e-02  4.858360e-02
27  4.013059e-02  2.433071e-02
28  5.289303e-02  7.100897e-03
29  3.609007e-02  1.686168e-03
30  2.644710e-02  8.878369e-04
31  1.335610e-02  6.661803e-04
32  7.034407e-03  -7.306885e-04
33  -2.020792e-03  -1.098807e-03
34  -1.636152e-03  -2.090159e-04
35  -3.658187e-03  1.880193e-04
36  -2.233680e-03  1.966914e-03
37  -1.318122e-02  1.396970e-02
38  -7.127255e-03  2.549906e-02
39  -3.259740e-02  4.790274e-02
40  -1.156871e-02  6.516047e-02
41  6.234663e-02  9.954243e-02
42  -9.199484e-03  1.579440e-01
43  6.650655e-01  2.493745e-01
44  1.002627e+00  3.728152e-01
45  1.605394e+00  7.249150e-01
46  1.638171e+00  1.011120e+00
47  1.753600e+00  2.407611e-01
48  6.051599e+00  -9.549387e-01
49  -1.064059e+01  -2.108428e+00
50  -3.804381e+01  -3.312818e+00
51  -5.643681e+01  -5.013181e+00
52  -5.812506e+01  -1.199404e+01
53  -2.223370e+01  -1.242772e+01
54  -1.860382e+02  -2.789809e+01
55  -6.815508e+02  -3.841987e+01
56  -1.293791e+03  -3.610510e+01
57  -2.382995e+03  -8.078281e+01
58  -4.232612e+03  -1.886307e+02
59  -1.088533e+04  -1.643381e+02
60  -3.070768e+04  -5.246781e+01
61  -9.126887e+04  -1.688377e+02
62  -2.517984e+05  7.187832e+01
63  -8.891726e+05  1.740101e+03
ENDPROP
STARTPROP
MASSES:  4.500000e-02   4.500000e-02
SOURCE: GAM_35
SINKS: GAM_35
0  9.688888e+04  5.428411e+02
1  -8.947521e+05  -1.056413e+03
2  -2.383022e+05  -1.888068e+03
3  -8.596671e+04  -1.440322e+03
4  -3.125489e+04  -6.919623e+02
5  -1.144575e+04  -2.001397e+02
6  -4.321097e+03  -9.359071e+01
7  -1.656295e+03  -1.203432e+02
8  -4.975984e+02  -1.275054e+02
9  -9.478014e+01  -6.200867e+01
10  -1.452705e+02  -6.050219e+00
11  -1.259926e+02  2.909977e+00
12  -6.753108e+01  3.777873e-01
13  -4.496035e+01  -5.657114e+00
14  -3.572085e+01  -5.380804e+00
15  -2.375553e+01  -4.603273e+00
16  -1.692480e+01  -2.021641e+00
17  -7.537690e+00  -1.050478e+00
18  -1.986724e+00  -3.091906e-01
19  2.961814e-01  -3.240107e-01
20  -2.311204e-01  -4.410695e-01
21  -8.948829e-01  -4.042151e-01
22  -7.057488e-01  -2.781494e-01
23  -4.777988e-01  -1.738656e-01
24  -1.988321e-01  -1.007717e-01
25  -7.804136e-02  -5.080025e-02
26  9.856347e-02  -2.461039e-02
27  1.304751e-01  -4.269007e-03
28  7.631718e-02  8.236782e-05
29  4.581481e-02  2.137228e-03
30  2.594478e-02  -1.474904e-03
31  5.450544e-03  -2.719424e-03
32  -2.552153e-04  -3.192060e-03
33  3.666063e-03  -3.523361e-03
34  1.151979e-02  -4.029244e-03
35  1.331664e-02  -7.068245e-03
36  2.141714e-02  -1.094769e-02
37  4.618336e-02  -1.142291e-02
38  9.409701e-02  -8.090126e-03
39  2.332973e-01  -4.818049e-03
40  2.823711e-01  1.468296e-02
41  3.025441e-01  5.331822e-02
42  3.730444e-01  1.423860e-01
43  -2.053225e-01  2.847563e-01
44  -1.115693e+00  3.728735e-01
45  -1.019414e+00  7.693108e-02
46  -2.914192e+00  -4.220093e-01
47  -1.068439e+01  -1.039998e+00
48  -2.068787e+01  -2.410672e+00
49  -3.097440e+01  -3.940875e+00
50  -4.071356e+01  -5.523759e+00
51  -4.009505e+01  -3.728122e+00
52  -8.576133e+01  -7.440015e+00
53  -8.759556e+01  -2.996163e+01
54  -1.986189e+02  -6.133109e+01
55  -1.536931e+02  -7.133137e+01
56  -4.638696e+02  -5.490935e+01
57  -1.637005e+03  3.466546e+01
58  -5.116612e+03  2.654674e+01
59  -1.225159e+04  5.662384e+01
60  -3.430096e+04  5.030508e+02
61  -9.546629e+04  3.808860e+02
62  -2.552923e+05  -1.645106e+02
63  -9.098761e+05  -6.584428e+02
ENDPROP
STARTPROP
MASSES:  4.500000e-02   4.500000e-02
SOURCE: GAM_45
SINKS: GAM_45
0  -9.954997e+05  1.094058e+03
1  1.110776e+06  -7.653629e+02
2  5.319816e+05  -1.094979e+03
3  3.444550e+05  -1.375518e+02
4  2.161086e+05  2.300820e+02
5  1.355583e+05  6.180538e+02
6  8.361696e+04  3.451934e+02
7  5.170202e+04  9.128312e+01
8  3.085249e+04  4.819660e+01
9  1.877223e+04  -6.704483e+00
10  1.134739e+04  1.543391e+01
11  6.801354e+03  1.372623e+01
12  4.142366e+03  3.401674e+00
13  2.534160e+03  7.079523e-01
14  1.546879e+03  -4.770006e+00
15  9.466576e+02  -1.593606e+00
16  5.769908e+02  8.679161e-01
17  3.461973e+02  1.622677e+00
18  2.042175e+02  4.913130e-01
19  1.236861e+02  6.196022e-01
20  7.670049e+01  2.281551e-01
21  4.679366e+01  1.804252e-01
22  2.930450e+01  1.370788e-01
23  1.780524e+01  8.807357e-03
24  1.102927e+01  -4.580061e-02
25  6.788754e+00  -3.998480e-02
26  4.192338e+00  -3.544516e-02
27  2.586926e+00  -1.776738e-02
28  1.624849e+00  -1.090246e-02
29  1.007757e+00  -6.646818e-03
30  6.414832e-01  -3.834276e-03
31  4.490283e-01  -1.487372e-03
32  3.693203e-01  2.983554e-04
33  3.878747e-01  3.628011e-03
34  4.985156e-01  6.650589e-03
35  7.342932e-01  9.664353e-03
36  1.165776e+00  1.723473e-02
37  1.880979e+00  2.107693e-02
38  3.148478e+00  3.122782e-02
39  5.168799e+00  3.863350e-02
40  8.488053e+00  4.980738e-02
41  1.445435e+01  -3.901453e-02
42  2.401964e+01  -5.167272e-02
43  3.989068e+01  -1.144866e-01
44  6.639200e+01  -1.304197e-01
45  1.118950e+02  -7.748954e-02
46  1.812447e+02  -5.356043e-02
47  2.999123e+02  -1.148035e+00
48  4.993360e+02  -3.541064e-01
49  8.352938e+02  2.026414e+00
50  1.383646e+03  7.295636e+00
51  2.282278e+03  1.104114e+01
52  3.744557e+03  1.184938e+01
53  6.247525e+03  -3.211376e+00
54  1.027380e+04  -1.816913e+01
55  1.694921e+04  3.590327e+00
56  2.814649e+04  8.922727e+01
57  4.567555e+04  1.204651e+02
58  7.456321e+04  1.420637e+02
59  1.218684e+05  1.606504e+02
60  2.000861e+05  4.487615e+02
61  3.254759e+05  5.968256e+02
62  5.198511e+05  1.159484e+03
63  1.102163e+06  1.429822e+02
ENDPROP
STARTPROP
MASSES:  4.500000e-02   4.500000e-02
SOURCE: PSAX4
SINKS: GAM_4
0  2.806573e+04  1.910211e+03
1  1.712490e+06  2.743271e+03
2  9.299187e+05  1.586659e+03
3  5.801038e+05  2.025402e+03
4  3.598450e+05  1.966423e+03
5  2.232797e+05  1.812390e+03
6  1.371844e+05  1.180090e+03
7  8.451727e+04  6.870846e+02
8  5.040254e+04  4.267758e+02
9  3.066011e+04  2.321014e+02
10  1.844958e+04  1.649872e+02
11  1.101666e+04  8.972264e+01
12  6.660834e+03  4.674579e+01
13  4.058744e+03  3.078934e+01
14  2.467123e+03  1.214822e+01
15  1.503477e+03  9.784897e+00
16  9.172046e+02  7.825473e+00
17  5.547339e+02  6.639230e+00
18  3.301768e+02  3.774772e+00
19  1.993151e+02  2.902160e+00
20  1.231245e+02  1.581265e+00
21  7.484875e+01  1.017943e+00
22  4.677016e+01  6.410018e-01
23  2.853961e+01  2.920318e-01
24  1.758866e+01  1.159049e-01
25  1.085389e+01  6.735283e-02
26  6.681142e+00  2.016006e-02
27  4.081080e+00  1.366991e-02
28  2.512128e+00  8.829988e-03
29  1.476472e+00  7.281530e-03
30  8.141963e-01  4.830525e-03
31  3.757806e-01  4.141216e-03
32  3.582480e-02  1.960643e-03
33  -2.808184e-01  2.634695e-04
34  -6.679973e-01  1.503004e-03
35  -1.230576e+00  2.461460e-03
36  -2.118489e+00  4.500006e-03
37  -3.528774e+00  1.523171e-02
38  -5.923317e+00  2.182103e-02
39  -9.696563e+00  5.191056e-02
40  -1.599921e+01  1.031537e-01
41  -2.708784e+01  3.482479e-01
42  -4.500442e+01  5.066374e-01
43  -7.460966e+01  7.942123e-01
44  -1.241924e+02  1.250895e+00
45  -2.063853e+02  1.615938e+00
46  -3.343293e+02  2.693197e+00
47  -5.480005e+02  4.687626e+00
48  -9.000073e+02  5.795006e+00
49  -1.486254e+03  7.219026e+00
50  -2.445001e+03  8.074199e+00
51  -4.011682e+03  8.342452e+00
52  -6.555098e+03  2.869158e+01
53  -1.085553e+04  6.247194e+01
54  -1.774912e+04  1.052829e+02
55  -2.905703e+04  1.110048e+02
56  -4.816574e+04  5.225333e+01
57  -7.754564e+04  -2.674360e+01
58  -1.266173e+05  -3.524435e+01
59  -2.073598e+05  4.113038e+01
60  -3.402361e+05  2.465698e+02
61  -5.581179e+05  -3.491385e+02
62  -9.067583e+05  -1.178110e+03
63  -1.667021e+06  -4.926543e+02
ENDPROP
STARTPROP
MASSES:  4.500000e-02   4.500000e-02
SOURCE: WWPSAX4
SINKS: GAM_4
0  9.545496e+06  3.295604e+06
1  3.574912e+09  -2.302558e+07
2  5.240411e+08  2.272580e+06
3  3.436329e+08  -3.683570e+06
4  1.611607e+08  2.325050e+06
5  1.231426e+08  1.001000e+06
6  8.467376e+07  8.225364e+05
7  4.563720e+07  -4.196777e+05
8  2.007523e+07  -3.889095e+05
9  1.536806e+07  2.746832e+05
10  9.298499e+06  3.487292e+05
11  5.096314e+06  9.591865e+04
12  2.697100e+06  1.976223e+05
13  2.598322e+06  8.637915e+04
14  1.245318e+06  -6.999899e+04
15  6.084239e+05  -2.489636e+04
16  5.026363e+05  3.746775e+04
17  3.266929e+05  1.443030e+04
18  1.450068e+05  -3.181554e+03
19  1.000124e+05  3.440367e+03
20  5.888026e+04  -3.175318e+03
21  3.343370e+04  1.587426e+03
22  2.459369e+04  6.299763e+02
23  1.735290e+04  4.849809e+02
24  5.482849e+03  1.102293e+02
25  5.986381e+03  4.428812e+01
26  3.748807e+03  -7.658269e+01
27  1.578682e+03  -2.675675e+01
28  1.710255e+03  -2.701060e+01
29  6.908159e+02  3.549964e+01
30  2.885004e+02  -6.786038e+00
31  1.423327e+02  -3.573436e+00
32  -1.546523e+02  4.756866e+00
33  -2.142647e+02  -8.017093e+00
34  -3.649334e+02  -2.926151e+00
35  -7.239233e+02  -2.702371e+01
36  -8.776912e+02  1.108969e+01
37  -1.525723e+03  4.968673e+01
38  -4.523450e+03  -1.232066e+01
39  -4.961345e+03  2.996243e+01
40  -1.138868e+04  6.039039e+01
41  -1.364816e+04  9.546757e+02
42  -3.054314e+04  -3.496267e+02
43  -3.150734e+04  4.546815e+02
44  -6.511952e+04  6.793798e+03
45  -1.585268e+05  -6.760369e+02
46  -1.239614e+05  -5.101500e+03
47  -3.178094e+05  -4.448491e+03
48  -4.580611e+05  -9.655246e+03
49  -1.152767e+06  -1.159940e+04
50  -1.475172e+06  2.744415e+03
51  -2.668389e+06  2.012274e+04
52  -5.057723e+06  1.334224e+04
53  -7.592156e+06  -1.553274e+05
54  -7.584981e+06  1.327727e+05
55  -1.320509e+07  -4.213958e+04
56  -2.797682e+07  1.936558e+05
57  -5.598673e+07  -7.179901e+05
58  -9.453053e+07  3.220257e+05
59  -1.058973e+08  1.156058e+06
60  -1.648205e+08  1.795897e+06
61  -2.193905e+08  4.596884e+06
62  -4.400970e+08  -2.058331e+05
63  -1.470117e+09  9.621320e+05
ENDPROP
STARTPROP
MASSES:  4.500000e-02   4.500000e-02
SOURCE: WWGAM_5
SINKS: GAM_5
0  2.064238e+10  1.977702e+00
1  4.223308e+09  -1.513216e+07
2  8.217248e+08  -3.557216e+04
3  5.654810e+08  -2.732691e+06
4  2.866027e+08  2.418468e+06
5  1.904633e+08  1.351485e+06
6  1.207081e+08  9.859877e+05
7  7.298430e+07  -4.424360e+05
8  3.808742e+07  1.165813e+04
9  2.581382e+07  1.453321e+04
10  1.532134e+07  2.312826e+05
11  8.939107e+06  2.840438e+04
12  4.483493e+06  2.509192e+05
13  3.776708e+06  6.336736e+04
14  1.956972e+06  -5.974482e+04
15  1.223757e+06  -1.704758e+04
16  7.598586e+05  2.831104e+04
17  4.899370e+05  1.255469e+04
18  2.453375e+05  6.653550e+02
19  1.811985e+05  2.831262e+03
20  9.494668e+04  -1.010224e+03
21  5.640240e+04  1.389480e+03
22  3.568825e+04  7.949717e+02
23  2.744625e+04  4.979095e+02
24  1.097351e+04  -2.247316e+02
25  8.945266e+03  3.499410e+01
26  5.681456e+03  1.353175e+01
27  3.016697e+03  5.273016e+01
28  2.499692e+03  6.557687e+00
29  1.234728e+03  2.752796e+01
30  8.544448e+02  -9.541679e+00
31  6.083646e+02  -6.453640e+00
32  5.384402e+02  7.696352e+00
33  7.110346e+02  2.313180e+01
34  8.390665e+02  -2.626341e+00
35  1.320834e+03  5.674677e+01
36  1.827909e+03  -3.365701e+01
37  2.516665e+03  3.301362e+01
38  5.954091e+03  -8.250970e+01
39  8.318598e+03  -1.332238e+02
40  1.453749e+04  -1.621314e+02
41  2.519262e+04  -1.336651e+03
42  4.575327e+04  -8.173882e+02
43  5.624023e+04  -1.531105e+03
44  1.177077e+05  -5.126803e+03
45  2.211166e+05  -1.974594e+03
46  2.174502e+05  2.591927e+03
47  5.356342e+05  9.091962e+03
48  7.931485e+05  1.003625e+04
49  1.579933e+06  -7.440170e+02
50  2.091108e+06  -1.652068e+03
51  4.095993e+06  -1.070523e+04
52  7.245406e+06  3.579795e+03
53  1.095153e+07  1.062836e+05
54  1.350378e+07  -9.312803e+04
55  2.444846e+07  2.504653e+04
56  4.699572e+07  -6.072949e+04
57  8.288642e+07  4.327328e+05
58  1.356454e+08  -9.375405e+05
59  1.829586e+08  9.527136e+05
60  2.814575e+08  -1.462975e+06
61  4.575546e+08  -6.956961e+06
62  7.675331e+08  -7.236431e+04
63  2.112045e+09  -1.173262e+07
ENDPROP
