STARTPROP
MASSES:  4.500000e-02   4.500000e-02
SOURCE: GAM_1
SINKS: GAM_1
0  1.295823e+06  1.134532e+03
1  1.931517e+06  -4.111656e+02
2  8.684707e+05  1.715985e+02
3  4.356125e+05  -3.591472e+02
4  2.141368e+05  -5.171370e+02
5  1.032854e+05  -1.811528e+02
6  5.046362e+04  2.519922e+01
7  2.470473e+04  1.690364e+02
8  1.182600e+04  1.427790e+02
9  5.074518e+03  7.458788e+01
10  2.240449e+03  4.353038e+01
11  1.041330e+03  7.157380e+00
12  4.689802e+02  -3.640825e+00
13  2.160201e+02  5.004444e+00
14  1.072366e+02  7.123777e+00
15  5.799495e+01  4.830282e+00
16  3.091636e+01  1.750515e+00
17  7.785872e+00  8.535062e-01
18  7.284636e+00  7.562969e-01
19  4.023732e+00  2.720892e-01
20  7.369978e-01  6.099605e-02
21  6.412300e-01  5.416786e-03
22  1.123113e+00  6.588411e-02
23  9.309851e-01  7.968485e-02
24  3.440421e-01  3.015871e-02
25  1.115469e-01  2.332886e-02
26  -9.248655e-03  -8.748989e-03
27  -1.577837e-02  -8.295874e-03
28  -1.566609e-02  -3.953109e-03
29  -9.385014e-03  -1.701654e-03
30  6.229802e-04  2.440445e-03
31  1.146979e-03  3.486614e-03
32  6.781640e-03  4.688849e-03
33  9.187328e-03  6.193679e-03
34  8.890227e-03  8.444360e-03
35  7.610850e-04  1.147857e-02
36  -2.431032e-02  1.469271e-02
37  -5.757885e-02  2.101029e-02
38  -7.442224e-02  2.027199e-02
39  -8.161810e-03  2.247772e-02
40  1.189622e-01  4.213500e-02
41  1.788398e-01  8.975186e-02
42  3.510287e-01  1.122608e-01
43  4.841346e-01  1.281640e-01
44  7.938795e-01  -1.041034e-01
45  4.592749e+00  -2.965597e-01
46  1.003696e+01  -9.516180e-01
47  2.629262e+01  -1.711854e+00
48  5.200572e+01  -1.865639e+00
49  8.002407e+01  -1.281620e+00
50  1.257739e+02  -2.177717e+00
51  1.862979e+02  1.203715e+00
52  4.634655e+02  1.490454e+01
53  1.076899e+03  2.161649e+01
54  2.202692e+03  2.093770e+01
55  4.393811e+03  -7.182575e+00
56  9.649333e+03  -3.460121e+01
57  1.986337e+04  -9.339435e+01
58  4.002895e+04  -1.531354e+02
59  8.610050e+04  -4.015650e+01
60  1.852975e+05  -4.300819e+01
61  3.942300e+05  -1.412909e+02
62  8.089416e+05  6.542374e+02
63  1.885071e+06  5.642774e+02
ENDPROP
STARTPROP
MASSES:  4.500000e-02   4.500000e-02
SOURCE: GAM_2
SINKS: GAM_2
0  1.264670e+06  5.909282e+02
1  1.922730e+06  5.029561e+02
2  8.808678e+05  6.604096e+02
3  4.469724e+05  3.420385e+02
4  2.162869e+05  2.684911e+02
5  1.034575e+05  2.215676e+02
6  4.861016e+04  1.073703e+02
7  2.228399e+04  -4.883228e+00
8  1.061072e+04  -1.203158e+02
9  4.863416e+03  -8.139072e+01
10  2.319233e+03  -2.754812e+01
11  1.082702e+03  -2.254816e+01
12  5.135342e+02  -4.465828e+00
13  2.757533e+02  4.627258e-01
14  1.372158e+02  -8.986055e-01
15  4.483941e+01  -1.113405e+00
16  3.296569e+00  -1.017013e+00
17  -6.890309e+00  -9.158130e-01
18  -4.826297e+00  -3.842287e-01
19  -8.502432e-01  -1.247476e-01
20  3.510909e-01  4.290418e-02
21  -3.450341e-01  7.101783e-02
22  -7.915881e-01  6.430214e-02
23  -1.326858e+00  3.825399e-02
24  -1.063292e+00  2.723787e-02
25  -6.301393e-01  3.754587e-02
26  -3.072401e-01  3.559368e-02
27  -1.425839e-01  2.191056e-02
28  -5.871738e-02  1.336163e-02
29  -2.121912e-02  9.570631e-03
30  -7.338849e-03  5.043413e-03
31  1.763120e-03  8.527573e-04
32  7.963904e-03  5.866361e-04
33  9.813024e-03  1.299869e-03
34  7.203209e-03  2.285904e-03
35  1.036476e-02  5.633469e-03
36  2.747087e-02  8.042920e-03
37  8.334875e-02  5.604541e-04
38  9.408147e-02  -8.338488e-03
39  2.594119e-01  1.815980e-03
40  5.509493e-01  5.084551e-02
41  7.983132e-01  9.092806e-02
42  1.264713e+00  1.018730e-01
43  1.971814e+00  -1.636241e-01
44  3.551382e+00  -3.423083e-01
45  6.538062e+00  -5.439259e-01
46  8.853386e+00  -6.383464e-01
47  7.786942e+00  -1.683639e+00
48  -2.090702e+00  -3.501989e+00
49  7.085107e+00  -4.182748e+00
50  3.176894e+01  -6.068405e+00
51  4.526698e+01  -5.212611e+00
52  2.146599e+02  3.613571e+00
53  7.726032e+02  2.313561e+01
54  1.862274e+03  3.360291e+01
55  4.519154e+03  1.858450e+01
56  9.714278e+03  8.258603e+01
57  2.084510e+04  8.490055e+01
58  4.287573e+04  1.060044e+02
59  9.082832e+04  -3.839623e+01
60  1.934952e+05  1.578244e+02
61  4.035282e+05  -7.918600e+01
62  8.198281e+05  8.357557e+01
63  1.885008e+06  3.049511e+02
ENDPROP
STARTPROP
MASSES:  4.500000e-02   4.500000e-02
SOURCE: GAM_3
SINKS: GAM_3
0  1.316257e+06  -7.446413e+02
1  1.952486e+06  -2.151464e+03
2  8.825201e+05  -2.171801e+03
3  4.452468e+05  -1.633969e+03
4  2.188125e+05  -9.464797e+02
5  1.074011e+05  -3.012657e+02
6  5.224036e+04  -3.268048e+01
7  2.409323e+04  2.241294e+01
8  1.196603e+04  8.022721e+00
9  5.550733e+03  1.747215e+00
10  2.548387e+03  -2.161683e+01
11  1.006325e+03  -3.197273e+01
12  3.641163e+02  -2.528076e+01
13  1.168728e+02  -1.642465e+01
14  3.112048e+01  -8.335378e+00
15  8.921096e-01  -3.850654e+00
16  -3.509429e+00  -2.399749e+00
17  3.682796e+00  -1.593171e+00
18  5.932781e+00  -8.679955e-01
19  3.072886e+00  -5.667914e-01
20  1.456454e+00  -3.454273e-01
21  8.289223e-01  -2.664708e-01
22  4.589230e-01  -2.280540e-01
23  -3.556323e-02  -2.264832e-01
24  1.552791e-01  -1.344084e-01
25  1.869340e-01  -6.281020e-02
26  2.048911e-01  -3.723629e-02
27  1.313836e-01  -1.935300e-02
28  8.001903e-02  -1.024771e-02
29  6.287633e-02  -1.908409e-03
30  5.839414e-02  2.863106e-04
31  4.417817e-02  2.917388e-04
32  3.470656e-02  3.744581e-06
33  3.074962e-02  9.880141e-05
34  2.514801e-02  2.432626e-03
35  1.818364e-02  2.276756e-03
36  3.725017e-02  1.239302e-03
37  9.207580e-02  3.203462e-03
38  2.019763e-01  1.338902e-02
39  2.908290e-01  8.535728e-03
40  3.594849e-01  2.055748e-02
41  3.785769e-01  2.991733e-02
42  4.300918e-01  3.320409e-02
43  4.477894e-01  1.311434e-02
44  2.096498e-01  -9.063586e-02
45  1.436989e-01  3.748735e-03
46  3.500720e+00  5.208576e-01
47  5.740269e+00  8.279283e-01
48  1.670784e+01  2.026380e-01
49  4.314183e+01  -1.349278e+00
50  8.752160e+01  4.101589e+00
51  1.871950e+02  7.839775e+00
52  4.071844e+02  2.902471e+00
53  1.114580e+03  1.252535e+01
54  2.474071e+03  3.392414e+01
55  5.260361e+03  4.832552e+01
56  1.121888e+04  1.994900e+01
57  2.378595e+04  -4.964217e+01
58  4.722855e+04  -1.030016e+02
59  9.440596e+04  -6.799299e+01
60  1.961284e+05  1.945814e+02
61  4.104484e+05  -1.958801e+02
62  8.411917e+05  -6.431579e+01
63  1.924684e+06  -5.368779e+02
ENDPROP
STARTPROP
MASSES:  4.500000e-02   4.500000e-02
SOURCE: GAM_4
SINKS: GAM_4
0  2.135719e+06  2.225763e+03
1  -2.716556e+05  1.657558e+03
2  -2.005055e+03  1.207996e+03
3  -2.460206e+03  9.697640e+02
4  -6.300485e+02  6.147697e+02
5  -2.868021e+02  4.171289e+02
6  -7.392564e+01  3.115503e+02
7  1.701691e+02  1.360547e+02
8  -9.227333e+00  5.468435e+01
9  -6.072987e+00  9.179063e+00
10  -2.359107e+01  7.910075e+00
11  2.162783e+01  -5.027404e-01
12  1.185182e+01  1.449013e+00
13  1.491958e+01  1.918072e+00
14  -2.786880e+00  -1.124285e+00
15  -1.748522e+00  -3.934571e-01
16  7.883279e-01  3.035876e-01
17  -2.182408e-02  2.532223e-03
18  1.133707e-01  -1.028333e-01
19  -4.138680e-01  -9.961476e-02
20  -1.993044e-01  4.317456e-02
21  1.392852e-01  4.545811e-03
22  6.540924e-02  5.184060e-03
23  -8.365350e-02  3.509253e-03
24  -8.937907e-03  -1.266306e-03
25  -1.228098e-02  4.508886e-03
26  2.656994e-03  5.796619e-03
27  5.111474e-03  2.122661e-03
28  -3.218995e-03  1.775864e-03
29  1.328906e-03  1.112798e-03
30  1.517828e-03  2.079635e-03
31  4.757808e-03  1.261321e-03
32  3.484460e-03  1.627259e-03
33  1.815464e-03  1.985176e-03
34  1.964922e-03  1.473982e-03
35  2.949258e-03  2.611955e-03
36  2.333943e-03  2.442241e-03
37  7.896484e-03  3.066398e-03
38  8.839432e-03  4.424685e-04
39  -1.972552e-02  -2.286065e-03
40  -5.010626e-03  -2.631000e-03
41  4.987158e-02  1.017423e-03
42  -2.841212e-02  2.474461e-02
43  -9.061340e-02  5.635889e-02
44  1.178688e-01  6.271779e-02
45  -4.306636e-01  4.279995e-02
46  1.925732e-01  1.506567e-01
47  1.232416e+00  3.856063e-02
48  5.299301e-01  -1.905686e-01
49  -7.182302e-01  -6.745112e-01
50  -5.686979e-01  -4.825345e-02
51  -8.865668e+00  -1.729455e+00
52  8.909445e+00  -5.298689e+00
53  1.254892e+01  -1.409456e+01
54  2.411886e+01  -2.254953e+01
55  4.472581e+01  -2.443005e+01
56  4.011041e+01  -2.076758e+01
57  -1.555472e+02  -1.229502e+01
58  1.374280e+02  1.492225e+01
59  4.000606e+01  2.147815e+01
60  -1.082876e+03  -3.472706e+01
61  -1.654959e+03  8.718681e+00
62  -1.638532e+03  -4.578217e+01
63  -2.652551e+05  1.318153e+03
ENDPROP
STARTPROP
MASSES:  4.500000e-02   4.500000e-02
SOURCE: GAM_5
SINKS: GAM_5
0  5.289884e+06  4.114458e+02
1  5.200922e+06  -2.201729e+03
2  3.305033e+06  -2.390395e+03
3  2.127692e+06  -2.306673e+03
4  1.329565e+06  -1.928786e+03
5  8.229055e+05  -3.225707e+02
6  5.028890e+05  4.044239e+01
7  3.067937e+05  4.373802e+01
8  1.900901e+05  2.931679e+01
9  1.179858e+05  1.514754e+02
10  7.246475e+04  1.505172e+02
11  4.394263e+04  6.602715e+01
12  2.654586e+04  2.173389e+01
13  1.565322e+04  -2.695585e+00
14  9.283752e+03  -2.619343e+00
15  5.580594e+03  4.559010e+00
16  3.370085e+03  3.949380e+00
17  2.026365e+03  2.926998e+00
18  1.229403e+03  2.375589e+00
19  7.600812e+02  1.494222e+00
20  4.770304e+02  4.469006e-01
21  2.972589e+02  -1.382815e-03
22  1.853528e+02  -3.323732e-01
23  1.130467e+02  -2.984983e-01
24  6.948930e+01  -2.317311e-01
25  4.310408e+01  -1.056088e-01
26  2.640642e+01  -2.904667e-02
27  1.600578e+01  4.684807e-03
28  9.366331e+00  2.846630e-04
29  5.682824e+00  -1.862172e-03
30  3.732306e+00  -1.460965e-03
31  2.727483e+00  -2.096670e-04
32  2.393871e+00  1.286640e-04
33  2.672162e+00  -6.266968e-04
34  3.652368e+00  -3.494493e-03
35  5.599040e+00  -1.682488e-02
36  8.925071e+00  -3.925031e-02
37  1.455195e+01  -6.804035e-02
38  2.399588e+01  -6.465408e-02
39  3.958239e+01  -8.130499e-02
40  6.589036e+01  6.180314e-03
41  1.094183e+02  2.057405e-01
42  1.815397e+02  4.996300e-01
43  2.971010e+02  1.152001e+00
44  4.790465e+02  3.020582e+00
45  7.812707e+02  6.035170e+00
46  1.287092e+03  9.063957e+00
47  2.096514e+03  1.082263e+01
48  3.406795e+03  1.166926e+01
49  5.585425e+03  1.848651e+01
50  9.242056e+03  3.043091e+01
51  1.529221e+04  4.623744e+01
52  2.538727e+04  6.505777e+01
53  4.221050e+04  6.030398e+01
54  6.964437e+04  2.343585e+01
55  1.148268e+05  3.460256e+01
56  1.886283e+05  -1.657592e+01
57  3.038392e+05  -1.262125e+02
58  4.841198e+05  3.705438e+02
59  7.790287e+05  1.402394e+03
60  1.265986e+06  2.611467e+03
61  2.051021e+06  2.548490e+03
62  3.205597e+06  2.888010e+03
63  5.129781e+06  1.603271e+03
ENDPROP
STARTPROP
MASSES:  4.500000e-02   4.500000e-02
SOURCE: GAM_12
SINKS: GAM_12
0  9.236736e+05  5.568035e+02
1  -6.202929e+05  7.928032e+02
2  -1.417561e+05  -2.576192e+00
3  -5.261351e+04  1.774672e+02
4  -1.905381e+04  1.081825e+01
5  -6.459538e+03  -4.386651e+01
6  -2.642220e+03  2.667183e-01
7  -1.335874e+03  4.264068e+00
8  -8.751570e+02  -2.381766e-01
9  -3.145132e+02  -5.850391e+00
10  -2.023016e+02  1.244104e+00
11  -2.037196e+02  -2.090524e+00
12  -5.998461e+01  -3.661676e+00
13  1.095018e+00  -1.445190e+00
14  1.883475e+01  1.096310e-01
15  8.470266e+00  -2.198129e-01
16  1.772229e+00  -2.747124e-01
17  -1.119903e+00  -3.313476e-01
18  -8.805002e-01  -4.254635e-01
19  -1.610872e+00  -2.483467e-01
20  -2.506185e-01  -2.493834e-01
21  1.692797e-01  -1.472345e-01
22  3.885543e-01  -7.821305e-02
23  2.358032e-01  -4.702737e-02
24  3.142977e-02  -2.064605e-02
25  -5.347923e-02  -2.315460e-03
26  -4.730504e-02  2.749008e-03
27  -4.028729e-02  1.059786e-03
28  -3.331696e-02  7.224671e-04
29  -1.149302e-02  1.196025e-03
30  -9.590587e-03  1.289865e-03
31  -6.905568e-03  1.445192e-03
32  -7.920514e-03  2.158785e-03
33  -3.337371e-03  2.106449e-03
34  -3.159267e-03  2.528982e-03
35  2.134978e-03  2.683719e-03
36  1.796614e-02  2.982744e-05
37  3.836077e-02  -4.399483e-03
38  7.718254e-02  -6.692023e-03
39  1.328940e-01  -1.278823e-02
40  1.875673e-01  -3.065378e-02
41  1.267593e-01  -6.764063e-02
42  1.821366e-01  -1.248730e-01
43  5.477269e-01  -1.655561e-01
44  7.560639e-02  -2.274961e-01
45  -3.606591e-01  -4.304266e-01
46  -2.271938e+00  -4.253631e-01
47  -3.541563e+00  -2.609780e-01
48  -1.125947e+01  1.114019e+00
49  -1.196451e+01  9.256931e-01
50  -1.916316e+01  2.487419e+00
51  1.330354e+00  2.754425e+00
52  4.199457e+01  5.049597e+00
53  8.230117e+01  9.060318e+00
54  -2.800128e+01  7.276488e+00
55  -2.524526e+02  2.794271e+01
56  -3.665692e+02  2.937621e+01
57  -4.246538e+02  6.739298e+01
58  -7.534622e+01  2.056477e+02
59  -2.791882e+03  1.297330e+02
60  -9.814981e+03  1.451226e+02
61  -3.502826e+04  2.046785e+02
62  -1.231404e+05  -8.355173e+01
63  -6.142594e+05  -5.040985e+01
ENDPROP
STARTPROP
MASSES:  4.500000e-02   4.500000e-02
SOURCE: GAM_21
SINKS: GAM_21
0  9.236736e+05  5.568035e+02
1  -6.202929e+05  7.928032e+02
2  -1.417561e+05  -2.576192e+00
3  -5.261351e+04  1.774672e+02
4  -1.905381e+04  1.081825e+01
5  -6.459538e+03  -4.386651e+01
6  -2.642220e+03  2.667183e-01
7  -1.335874e+03  4.264068e+00
8  -8.751570e+02  -2.381766e-01
9  -3.145132e+02  -5.850391e+00
10  -2.023016e+02  1.244104e+00
11  -2.037196e+02  -2.090524e+00
12  -5.998461e+01  -3.661676e+00
13  1.095018e+00  -1.445190e+00
14  1.883475e+01  1.096310e-01
15  8.470266e+00  -2.198129e-01
16  1.772229e+00  -2.747124e-01
17  -1.119903e+00  -3.313476e-01
18  -8.805002e-01  -4.254635e-01
19  -1.610872e+00  -2.483467e-01
20  -2.506185e-01  -2.493834e-01
21  1.692797e-01  -1.472345e-01
22  3.885543e-01  -7.821305e-02
23  2.358032e-01  -4.702737e-02
24  3.142977e-02  -2.064605e-02
25  -5.347923e-02  -2.315460e-03
26  -4.730504e-02  2.749008e-03
27  -4.028729e-02  1.059786e-03
28  -3.331696e-02  7.224671e-04
29  -1.149302e-02  1.196025e-03
30  -9.590587e-03  1.289865e-03
31  -6.905568e-03  1.445192e-03
32  -7.920514e-03  2.158785e-03
33  -3.337371e-03  2.106449e-03
34  -3.159267e-03  2.528982e-03
35  2.134978e-03  2.683719e-03
36  1.796614e-02  2.982744e-05
37  3.836077e-02  -4.399483e-03
38  7.718254e-02  -6.692023e-03
39  1.328940e-01  -1.278823e-02
40  1.875673e-01  -3.065378e-02
41  1.267593e-01  -6.764063e-02
42  1.821366e-01  -1.248730e-01
43  5.477269e-01  -1.655561e-01
44  7.560639e-02  -2.274961e-01
45  -3.606591e-01  -4.304266e-01
46  -2.271938e+00  -4.253631e-01
47  -3.541563e+00  -2.609780e-01
48  -1.125947e+01  1.114019e+00
49  -1.196451e+01  9.256931e-01
50  -1.916316e+01  2.487419e+00
51  1.330354e+00  2.754425e+00
52  4.199457e+01  5.049597e+00
53  8.230117e+01  9.060318e+00
54  -2.800128e+01  7.276488e+00
55  -2.524526e+02  2.794271e+01
56  -3.665692e+02  2.937621e+01
57  -4.246538e+02  6.739298e+01
58  -7.534622e+01  2.056477e+02
59  -2.791882e+03  1.297330e+02
60  -9.814981e+03  1.451226e+02
61  -3.502826e+04  2.046785e+02
62  -1.231404e+05  -8.355173e+01
63  -6.142594e+05  -5.040985e+01
ENDPROP
STARTPROP
MASSES:  4.500000e-02   4.500000e-02
SOURCE: GAM_13
SINKS: GAM_13
0  8.873135e+05  2.746648e+01
1  -6.318556e+05  9.832508e+02
2  -1.315060e+05  1.011531e+02
3  -4.543610e+04  5.876641e+02
4  -1.432133e+04  3.913312e+02
5  -4.375639e+03  8.093057e+01
6  -1.143003e+03  1.798691e+01
7  -5.558141e+02  2.370067e+01
8  -7.613060e+02  3.538691e+01
9  -4.395201e+02  1.561777e+01
10  -3.281417e+02  5.801057e+00
11  -2.112523e+02  -7.010987e+00
12  -1.189133e+02  -4.300699e+00
13  -5.458827e+01  -1.619277e+00
14  -3.801257e+01  -1.134246e+00
15  -2.768424e+01  1.182686e+00
16  -1.413751e+01  1.501844e+00
17  -6.172980e+00  4.400910e-01
18  -2.747939e+00  7.702988e-02
19  -1.200258e+00  -6.205968e-02
20  -1.147284e+00  -9.693850e-02
21  -5.835911e-01  -4.583074e-02
22  -4.083234e-01  6.620432e-03
23  -3.144433e-01  1.189645e-03
24  -2.224783e-01  4.762853e-03
25  -1.136128e-01  9.583855e-05
26  -6.771654e-02  3.837204e-03
27  -1.404837e-02  -1.811926e-03
28  -2.256830e-02  2.791274e-03
29  -1.463211e-02  3.637745e-03
30  -6.193842e-03  2.029406e-03
31  -1.504991e-03  8.492145e-04
32  -5.477141e-03  5.126411e-04
33  -6.518366e-03  -3.246444e-04
34  -6.817011e-03  -1.702999e-03
35  -1.227702e-02  -2.796193e-03
36  9.999017e-05  -2.631503e-03
37  2.044480e-02  -5.308388e-03
38  3.223093e-02  -1.055374e-02
39  5.721066e-02  -9.949245e-03
40  2.943023e-02  -2.390293e-02
41  -1.098453e-01  -1.984076e-02
42  -3.527006e-01  1.240488e-02
43  -1.511607e-01  5.347233e-02
44  2.632601e-01  1.793208e-01
45  4.282907e-01  1.216728e-01
46  -1.156780e-01  2.708803e-01
47  -1.151787e+00  7.951634e-01
48  1.127642e+00  1.307096e+00
49  1.079601e+00  1.200356e+00
50  -1.916247e+00  6.840050e-01
51  -4.387152e+01  1.654133e+00
52  -1.436498e+02  1.013125e+00
53  -2.885891e+02  2.825571e+00
54  -4.136775e+02  -7.394627e-01
55  -3.928143e+02  -1.000764e+01
56  -2.625201e+02  -8.527845e+00
57  -1.521504e+02  -1.048694e+00
58  -1.482814e+03  2.632894e+01
59  -3.591498e+03  -3.535953e+01
60  -1.232726e+04  5.485158e+01
61  -4.543366e+04  8.230515e+01
62  -1.387456e+05  3.579699e+02
63  -6.334475e+05  6.318959e+02
ENDPROP
STARTPROP
MASSES:  4.500000e-02   4.500000e-02
SOURCE: GAM_31
SINKS: GAM_31
0  8.873135e+05  2.746648e+01
1  -6.318556e+05  9.832508e+02
2  -1.315060e+05  1.011531e+02
3  -4.543610e+04  5.876641e+02
4  -1.432133e+04  3.913312e+02
5  -4.375639e+03  8.093057e+01
6  -1.143003e+03  1.798691e+01
7  -5.558141e+02  2.370067e+01
8  -7.613060e+02  3.538691e+01
9  -4.395201e+02  1.561777e+01
10  -3.281417e+02  5.801057e+00
11  -2.112523e+02  -7.010987e+00
12  -1.189133e+02  -4.300699e+00
13  -5.458827e+01  -1.619277e+00
14  -3.801257e+01  -1.134246e+00
15  -2.768424e+01  1.182686e+00
16  -1.413751e+01  1.501844e+00
17  -6.172980e+00  4.400910e-01
18  -2.747939e+00  7.702988e-02
19  -1.200258e+00  -6.205968e-02
20  -1.147284e+00  -9.693850e-02
21  -5.835911e-01  -4.583074e-02
22  -4.083234e-01  6.620432e-03
23  -3.144433e-01  1.189645e-03
24  -2.224783e-01  4.762853e-03
25  -1.136128e-01  9.583855e-05
26  -6.771654e-02  3.837204e-03
27  -1.404837e-02  -1.811926e-03
28  -2.256830e-02  2.791274e-03
29  -1.463211e-02  3.637745e-03
30  -6.193842e-03  2.029406e-03
31  -1.504991e-03  8.492145e-04
32  -5.477141e-03  5.126411e-04
33  -6.518366e-03  -3.246444e-04
34  -6.817011e-03  -1.702999e-03
35  -1.227702e-02  -2.796193e-03
36  9.999017e-05  -2.631503e-03
37  2.044480e-02  -5.308388e-03
38  3.223093e-02  -1.055374e-02
39  5.721066e-02  -9.949245e-03
40  2.943023e-02  -2.390293e-02
41  -1.098453e-01  -1.984076e-02
42  -3.527006e-01  1.240488e-02
43  -1.511607e-01  5.347233e-02
44  2.632601e-01  1.793208e-01
45  4.282907e-01  1.216728e-01
46  -1.156780e-01  2.708803e-01
47  -1.151787e+00  7.951634e-01
48  1.127642e+00  1.307096e+00
49  1.079601e+00  1.200356e+00
50  -1.916247e+00  6.840050e-01
51  -4.387152e+01  1.654133e+00
52  -1.436498e+02  1.013125e+00
53  -2.885891e+02  2.825571e+00
54  -4.136775e+02  -7.394627e-01
55  -3.928143e+02  -1.000764e+01
56  -2.625201e+02  -8.527845e+00
57  -1.521504e+02  -1.048694e+00
58  -1.482814e+03  2.632894e+01
59  -3.591498e+03  -3.535953e+01
60  -1.232726e+04  5.485158e+01
61  -4.543366e+04  8.230515e+01
62  -1.387456e+05  3.579699e+02
63  -6.334475e+05  6.318959e+02
ENDPROP
STARTPROP
MASSES:  4.500000e-02   4.500000e-02
SOURCE: GAM_14
SINKS: GAM_14
0  1.693764e+05  1.445955e+02
1  1.407896e+06  -7.018499e+02
2  5.868775e+05  -6.439454e+02
3  2.926556e+05  -7.234578e+02
4  1.456017e+05  -3.295987e+02
5  7.052921e+04  -3.948231e+01
6  3.443991e+04  1.191751e+02
7  1.606283e+04  7.292240e+01
8  8.440638e+03  8.019373e+00
9  4.436037e+03  2.070647e+01
10  2.267605e+03  3.791109e+01
11  1.017060e+03  1.952383e+01
12  4.668192e+02  8.830511e+00
13  1.923063e+02  3.838973e+00
14  7.611073e+01  1.136893e+00
15  2.902664e+01  -2.648097e-01
16  1.099899e+01  2.921383e-01
17  3.949556e+00  3.331446e-01
18  1.243425e-02  3.031703e-01
19  -1.517235e-01  4.240544e-01
20  6.483629e-01  2.696777e-01
21  1.253424e-02  2.634465e-01
22  1.478152e-01  1.651205e-01
23  2.365717e-01  7.634459e-02
24  1.338775e-01  3.520656e-02
25  1.041384e-01  2.510577e-02
26  -2.216206e-02  1.993768e-05
27  9.754742e-03  -5.531343e-03
28  6.677603e-03  -4.345050e-04
29  -6.920148e-03  -2.004273e-04
30  -5.772513e-03  1.034853e-03
31  -6.679280e-03  1.263261e-03
32  -2.353540e-03  2.131104e-03
33  -4.608780e-04  3.548943e-03
34  -5.860649e-03  4.500790e-03
35  -2.782494e-02  5.346234e-03
36  -4.622198e-02  6.156400e-03
37  -6.026531e-02  4.463738e-03
38  -1.028302e-01  2.573401e-03
39  -6.963994e-02  3.976120e-03
40  5.016983e-02  2.228796e-02
41  4.685188e-01  8.323561e-02
42  1.028729e+00  1.305356e-01
43  1.451437e+00  2.674794e-01
44  2.370300e+00  2.129589e-01
45  5.227588e+00  1.721114e-01
46  7.931159e+00  -8.088859e-01
47  1.162233e+01  -1.218175e+00
48  2.633966e+01  -2.262709e+00
49  5.041633e+01  -3.703707e+00
50  9.250556e+01  -8.744203e-01
51  2.042972e+02  1.810250e+00
52  3.946177e+02  -3.262395e+00
53  7.024380e+02  -1.217505e+01
54  1.525864e+03  -1.405761e+01
55  3.034912e+03  -2.913598e+01
56  6.190334e+03  -5.004594e+01
57  1.370199e+04  -7.713345e+01
58  2.734016e+04  -1.655392e+02
59  5.778878e+04  -2.875224e+02
60  1.212633e+05  -1.807554e+01
61  2.548038e+05  -9.932804e+01
62  5.352664e+05  4.338693e+02
63  1.362446e+06  7.904620e+02
ENDPROP
STARTPROP
MASSES:  4.500000e-02   4.500000e-02
SOURCE: GAM_41
SINKS: GAM_41
0  1.693764e+05  1.445955e+02
1  1.407896e+06  -7.018499e+02
2  5.868775e+05  -6.439454e+02
3  2.926556e+05  -7.234578e+02
4  1.456017e+05  -3.295987e+02
5  7.052921e+04  -3.948231e+01
6  3.443991e+04  1.191751e+02
7  1.606283e+04  7.292240e+01
8  8.440638e+03  8.019373e+00
9  4.436037e+03  2.070647e+01
10  2.267605e+03  3.791109e+01
11  1.017060e+03  1.952383e+01
12  4.668192e+02  8.830511e+00
13  1.923063e+02  3.838973e+00
14  7.611073e+01  1.136893e+00
15  2.902664e+01  -2.648097e-01
16  1.099899e+01  2.921383e-01
17  3.949556e+00  3.331446e-01
18  1.243425e-02  3.031703e-01
19  -1.517235e-01  4.240544e-01
20  6.483629e-01  2.696777e-01
21  1.253424e-02  2.634465e-01
22  1.478152e-01  1.651205e-01
23  2.365717e-01  7.634459e-02
24  1.338775e-01  3.520656e-02
25  1.041384e-01  2.510577e-02
26  -2.216206e-02  1.993768e-05
27  9.754742e-03  -5.531343e-03
28  6.677603e-03  -4.345050e-04
29  -6.920148e-03  -2.004273e-04
30  -5.772513e-03  1.034853e-03
31  -6.679280e-03  1.263261e-03
32  -2.353540e-03  2.131104e-03
33  -4.608780e-04  3.548943e-03
34  -5.860649e-03  4.500790e-03
35  -2.782494e-02  5.346234e-03
36  -4.622198e-02  6.156400e-03
37  -6.026531e-02  4.463738e-03
38  -1.028302e-01  2.573401e-03
39  -6.963994e-02  3.976120e-03
40  5.016983e-02  2.228796e-02
41  4.685188e-01  8.323561e-02
42  1.028729e+00  1.305356e-01
43  1.451437e+00  2.674794e-01
44  2.370300e+00  2.129589e-01
45  5.227588e+00  1.721114e-01
46  7.931159e+00  -8.088859e-01
47  1.162233e+01  -1.218175e+00
48  2.633966e+01  -2.262709e+00
49  5.041633e+01  -3.703707e+00
50  9.250556e+01  -8.744203e-01
51  2.042972e+02  1.810250e+00
52  3.946177e+02  -3.262395e+00
53  7.024380e+02  -1.217505e+01
54  1.525864e+03  -1.405761e+01
55  3.034912e+03  -2.913598e+01
56  6.190334e+03  -5.004594e+01
57  1.370199e+04  -7.713345e+01
58  2.734016e+04  -1.655392e+02
59  5.778878e+04  -2.875224e+02
60  1.212633e+05  -1.807554e+01
61  2.548038e+05  -9.932804e+01
62  5.352664e+05  4.338693e+02
63  1.362446e+06  7.904620e+02
ENDPROP
STARTPROP
MASSES:  4.500000e-02   4.500000e-02
SOURCE: GAM_23
SINKS: GAM_23
0  8.985728e+05  1.737221e+03
1  -6.470615e+05  1.816203e+03
2  -1.535647e+05  1.152036e+03
3  -6.048447e+04  9.764379e+02
4  -2.448008e+04  5.415041e+02
5  -8.823851e+03  2.034336e+02
6  -2.544810e+03  7.817114e+01
7  -5.006758e+02  2.091174e+01
8  -4.037288e+00  1.569528e+01
9  -4.009338e+01  7.711205e+00
10  -6.617093e+01  -3.426000e-01
11  -9.317682e+01  1.163024e+00
12  -6.245446e+01  4.003384e+00
13  -3.703248e+01  4.019788e+00
14  -3.699443e+00  2.858559e+00
15  1.158307e+01  1.100775e+00
16  8.846547e+00  1.615519e+00
17  8.770940e+00  1.818920e+00
18  6.759375e+00  1.013576e+00
19  3.160358e+00  3.984168e-01
20  1.900373e+00  1.333501e-01
21  9.944663e-01  5.922696e-02
22  5.945315e-01  2.171922e-02
23  6.212167e-01  2.249980e-02
24  3.597387e-01  1.605048e-02
25  1.314755e-01  4.210765e-03
26  2.660406e-02  2.082701e-03
27  1.517926e-02  2.733029e-03
28  -9.532830e-03  2.264937e-03
29  -1.072628e-02  1.875848e-03
30  -1.025868e-02  4.543800e-04
31  8.187982e-04  -4.839289e-04
32  9.666501e-03  -5.846424e-04
33  1.000231e-02  1.187730e-03
34  8.390282e-03  2.483109e-03
35  7.585958e-03  3.943199e-03
36  1.126330e-02  5.337402e-03
37  5.046384e-03  5.050642e-03
38  1.930892e-02  7.764902e-04
39  2.520449e-03  -4.386173e-03
40  9.467030e-03  1.578211e-02
41  -2.275321e-02  2.069904e-02
42  -8.626120e-02  2.689441e-02
43  -3.347652e-01  7.399657e-02
44  5.506350e-02  6.278187e-02
45  -1.650754e+00  2.018099e-02
46  -2.505016e+00  -1.213168e-01
47  -3.999269e+00  -1.862262e-01
48  6.994063e-01  -7.075415e-02
49  -3.059098e+00  2.422778e-01
50  -2.034781e+01  2.412098e+00
51  -3.465174e+01  2.178431e+00
52  -9.899512e+00  1.476470e+00
53  8.187905e-01  2.376325e+00
54  1.001817e+01  1.143872e+01
55  -1.811386e+02  1.032617e+01
56  -4.139234e+02  1.901870e+01
57  -9.748332e+02  5.397993e+01
58  -1.401351e+03  1.355086e+02
59  -5.367469e+03  3.882578e+02
60  -1.520817e+04  5.311740e+02
61  -4.512287e+04  1.082261e+03
62  -1.313723e+05  1.502393e+03
63  -6.265138e+05  1.657512e+03
ENDPROP
STARTPROP
MASSES:  4.500000e-02   4.500000e-02
SOURCE: GAM_32
SINKS: GAM_32
0  8.985728e+05  1.737221e+03
1  -6.470615e+05  1.816203e+03
2  -1.535647e+05  1.152036e+03
3  -6.048447e+04  9.764379e+02
4  -2.448008e+04  5.415041e+02
5  -8.823851e+03  2.034336e+02
6  -2.544810e+03  7.817114e+01
7  -5.006758e+02  2.091174e+01
8  -4.037288e+00  1.569528e+01
9  -4.009338e+01  7.711205e+00
10  -6.617093e+01  -3.426000e-01
11  -9.317682e+01  1.163024e+00
12  -6.245446e+01  4.003384e+00
13  -3.703248e+01  4.019788e+00
14  -3.699443e+00  2.858559e+00
15  1.158307e+01  1.100775e+00
16  8.846547e+00  1.615519e+00
17  8.770940e+00  1.818920e+00
18  6.759375e+00  1.013576e+00
19  3.160358e+00  3.984168e-01
20  1.900373e+00  1.333501e-01
21  9.944663e-01  5.922696e-02
22  5.945315e-01  2.171922e-02
23  6.212167e-01  2.249980e-02
24  3.597387e-01  1.605048e-02
25  1.314755e-01  4.210765e-03
26  2.660406e-02  2.082701e-03
27  1.517926e-02  2.733029e-03
28  -9.532830e-03  2.264937e-03
29  -1.072628e-02  1.875848e-03
30  -1.025868e-02  4.543800e-04
31  8.187982e-04  -4.839289e-04
32  9.666501e-03  -5.846424e-04
33  1.000231e-02  1.187730e-03
34  8.390282e-03  2.483109e-03
35  7.585958e-03  3.943199e-03
36  1.126330e-02  5.337402e-03
37  5.046384e-03  5.050642e-03
38  1.930892e-02  7.764902e-04
39  2.520449e-03  -4.386173e-03
40  9.467030e-03  1.578211e-02
41  -2.275321e-02  2.069904e-02
42  -8.626120e-02  2.689441e-02
43  -3.347652e-01  7.399657e-02
44  5.506350e-02  6.278187e-02
45  -1.650754e+00  2.018099e-02
46  -2.505016e+00  -1.213168e-01
47  -3.999269e+00  -1.862262e-01
48  6.994063e-01  -7.075415e-02
49  -3.059098e+00  2.422778e-01
50  -2.034781e+01  2.412098e+00
51  -3.465174e+01  2.178431e+00
52  -9.899512e+00  1.476470e+00
53  8.187905e-01  2.376325e+00
54  1.001817e+01  1.143872e+01
55  -1.811386e+02  1.032617e+01
56  -4.139234e+02  1.901870e+01
57  -9.748332e+02  5.397993e+01
58  -1.401351e+03  1.355086e+02
59  -5.367469e+03  3.882578e+02
60  -1.520817e+04  5.311740e+02
61  -4.512287e+04  1.082261e+03
62  -1.313723e+05  1.502393e+03
63  -6.265138e+05  1.657512e+03
ENDPROP
STARTPROP
MASSES:  4.500000e-02   4.500000e-02
SOURCE: GAM_24
SINKS: GAM_24
0  1.959552e+05  3.763591e+02
1  1.402511e+06  -9.786718e+02
2  5.748455e+05  -4.757913e+02
3  2.859572e+05  -9.422058e+01
4  1.385676e+05  -1.822074e+02
5  6.683960e+04  -7.797892e+01
6  3.232624e+04  -1.640021e+02
7  1.430117e+04  -1.961742e+02
8  6.695754e+03  -1.095382e+02
9  3.433206e+03  -3.181272e+01
10  1.624375e+03  -3.586770e+00
11  9.103460e+02  -7.037080e+00
12  4.428328e+02  5.759994e+00
13  2.128001e+02  6.962556e+00
14  1.137435e+02  3.363001e+00
15  3.706007e+01  2.131683e+00
16  9.784591e+00  1.312204e+00
17  -2.637784e-01  2.710868e-01
18  -2.363323e+00  -1.119733e-01
19  -1.517989e-01  -1.250470e-01
20  7.175627e-01  6.908244e-02
21  6.987486e-01  1.288384e-02
22  3.105031e-01  4.768137e-02
23  -3.363611e-01  6.052785e-02
24  -6.063944e-01  2.459319e-03
25  -3.912640e-01  -4.666828e-04
26  -2.030526e-01  1.228977e-02
27  -8.952810e-02  6.569537e-03
28  -4.336602e-02  -1.987676e-03
29  -8.584409e-03  -3.069446e-03
30  2.216890e-03  -1.983812e-03
31  1.672916e-03  -1.335783e-03
32  1.779803e-03  -6.656624e-04
33  8.626350e-04  6.240353e-04
34  2.178982e-03  1.314750e-03
35  -6.798886e-03  -1.240491e-03
36  -7.782206e-04  -1.720379e-03
37  -8.247213e-03  -1.091693e-02
38  -1.438378e-02  -1.031321e-02
39  -2.388234e-03  -1.783419e-02
40  -2.138819e-02  -4.796415e-03
41  8.038823e-02  -4.142556e-02
42  4.112409e-01  -9.487960e-02
43  9.521612e-01  -1.692403e-01
44  6.200609e-01  -2.114348e-01
45  8.199774e-01  -4.785068e-01
46  1.785234e+00  -8.322657e-01
47  2.862188e+00  -1.266205e+00
48  4.549916e-02  -1.650157e+00
49  9.001531e+00  -1.629888e+00
50  2.362626e+01  -3.356085e+00
51  4.967791e+01  -6.545741e+00
52  1.329354e+02  -6.309484e+00
53  4.402544e+02  -1.014163e+01
54  1.209025e+03  5.513228e+00
55  2.811330e+03  -1.189225e+00
56  6.417160e+03  1.774884e+01
57  1.431696e+04  2.119037e-01
58  2.843405e+04  4.116058e+01
59  5.812747e+04  9.015748e+01
60  1.251677e+05  2.326932e+02
61  2.679312e+05  -1.792234e+02
62  5.515939e+05  -4.101565e+01
63  1.377497e+06  -4.826578e+02
ENDPROP
STARTPROP
MASSES:  4.500000e-02   4.500000e-02
SOURCE: GAM_42
SINKS: GAM_42
0  1.959552e+05  3.763591e+02
1  1.402511e+06  -9.786718e+02
2  5.748455e+05  -4.757913e+02
3  2.859572e+05  -9.422058e+01
4  1.385676e+05  -1.822074e+02
5  6.683960e+04  -7.797892e+01
6  3.232624e+04  -1.640021e+02
7  1.430117e+04  -1.961742e+02
8  6.695754e+03  -1.095382e+02
9  3.433206e+03  -3.181272e+01
10  1.624375e+03  -3.586770e+00
11  9.103460e+02  -7.037080e+00
12  4.428328e+02  5.759994e+00
13  2.128001e+02  6.962556e+00
14  1.137435e+02  3.363001e+00
15  3.706007e+01  2.131683e+00
16  9.784591e+00  1.312204e+00
17  -2.637784e-01  2.710868e-01
18  -2.363323e+00  -1.119733e-01
19  -1.517989e-01  -1.250470e-01
20  7.175627e-01  6.908244e-02
21  6.987486e-01  1.288384e-02
22  3.105031e-01  4.768137e-02
23  -3.363611e-01  6.052785e-02
24  -6.063944e-01  2.459319e-03
25  -3.912640e-01  -4.666828e-04
26  -2.030526e-01  1.228977e-02
27  -8.952810e-02  6.569537e-03
28  -4.336602e-02  -1.987676e-03
29  -8.584409e-03  -3.069446e-03
30  2.216890e-03  -1.983812e-03
31  1.672916e-03  -1.335783e-03
32  1.779803e-03  -6.656624e-04
33  8.626350e-04  6.240353e-04
34  2.178982e-03  1.314750e-03
35  -6.798886e-03  -1.240491e-03
36  -7.782206e-04  -1.720379e-03
37  -8.247213e-03  -1.091693e-02
38  -1.438378e-02  -1.031321e-02
39  -2.388234e-03  -1.783419e-02
40  -2.138819e-02  -4.796415e-03
41  8.038823e-02  -4.142556e-02
42  4.112409e-01  -9.487960e-02
43  9.521612e-01  -1.692403e-01
44  6.200609e-01  -2.114348e-01
45  8.199774e-01  -4.785068e-01
46  1.785234e+00  -8.322657e-01
47  2.862188e+00  -1.266205e+00
48  4.549916e-02  -1.650157e+00
49  9.001531e+00  -1.629888e+00
50  2.362626e+01  -3.356085e+00
51  4.967791e+01  -6.545741e+00
52  1.329354e+02  -6.309484e+00
53  4.402544e+02  -1.014163e+01
54  1.209025e+03  5.513228e+00
55  2.811330e+03  -1.189225e+00
56  6.417160e+03  1.774884e+01
57  1.431696e+04  2.119037e-01
58  2.843405e+04  4.116058e+01
59  5.812747e+04  9.015748e+01
60  1.251677e+05  2.326932e+02
61  2.679312e+05  -1.792234e+02
62  5.515939e+05  -4.101565e+01
63  1.377497e+06  -4.826578e+02
ENDPROP
STARTPROP
MASSES:  4.500000e-02   4.500000e-02
SOURCE: GAM_34
SINKS: GAM_34
0  1.523130e+05  1.925358e+02
1  1.374328e+06  -2.056962e+02
2  5.686300e+05  -5.712739e+02
3  2.853491e+05  -2.808621e+02
4  1.362016e+05  -9.679258e+01
5  6.421944e+04  -5.199080e+01
6  2.889157e+04  -3.801143e+00
7  1.348232e+04  4.428544e+00
8  6.492730e+03  8.937999e+00
9  3.034436e+03  1.124651e+01
10  1.462138e+03  -1.270497e+01
11  6.108865e+02  -8.513142e+00
12  2.738545e+02  -4.963781e+00
13  1.340504e+02  -5.368098e-01
14  6.235748e+01  2.475623e-01
15  2.917324e+01  1.347130e+00
16  1.467897e+01  3.932862e-02
17  4.766652e+00  -4.025185e-01
18  3.186237e+00  -1.213120e-01
19  -1.934944e-01  -1.049949e-01
20  -1.761591e-01  -1.305710e-01
21  -2.985897e-02  -7.958886e-02
22  -9.859483e-02  -8.397378e-03
23  -2.178633e-01  -4.974691e-02
24  -8.781182e-02  -4.078646e-02
25  6.110575e-02  -2.835074e-02
26  1.384401e-01  -6.233437e-03
27  1.114904e-01  2.762659e-03
28  9.357417e-02  -1.342736e-03
29  7.196085e-02  2.099074e-04
30  5.414807e-02  1.802086e-04
31  3.138056e-02  1.761565e-04
32  1.990727e-02  4.845700e-05
33  1.296048e-02  -1.020190e-03
34  9.284586e-03  -1.421093e-03
35  1.071086e-02  -2.338144e-03
36  -3.629035e-03  -2.513217e-03
37  2.883065e-03  -4.395008e-03
38  2.199222e-03  -1.268217e-03
39  4.598757e-03  -5.248003e-03
40  1.535446e-02  -1.873139e-02
41  -1.516790e-01  -5.623330e-02
42  -2.243195e-01  -6.015713e-02
43  4.608158e-01  -9.402609e-02
44  9.083240e-01  -2.053612e-01
45  -1.761275e-01  -2.052329e-01
46  -4.169404e-01  -4.369554e-01
47  -2.001329e+00  -8.142515e-01
48  -2.469863e+00  -1.195371e+00
49  8.876290e+00  -9.377569e-01
50  5.679699e+01  8.292070e-01
51  1.432952e+02  1.582336e+00
52  3.048772e+02  -3.062605e+00
53  6.346866e+02  -1.508228e+00
54  1.541150e+03  1.579419e+01
55  3.096875e+03  4.696846e+01
56  6.369464e+03  5.433803e+01
57  1.415574e+04  3.720621e+00
58  2.977572e+04  -6.361918e+01
59  6.366830e+04  1.228437e+02
60  1.286865e+05  4.103907e+02
61  2.641988e+05  2.882529e+02
62  5.412167e+05  6.912713e+02
63  1.354942e+06  4.316298e+02
ENDPROP
STARTPROP
MASSES:  4.500000e-02   4.500000e-02
SOURCE: GAM_43
SINKS: GAM_43
0  1.523130e+05  1.925358e+02
1  1.374328e+06  -2.056962e+02
2  5.686300e+05  -5.712739e+02
3  2.853491e+05  -2.808621e+02
4  1.362016e+05  -9.679258e+01
5  6.421944e+04  -5.199080e+01
6  2.889157e+04  -3.801143e+00
7  1.348232e+04  4.428544e+00
8  6.492730e+03  8.937999e+00
9  3.034436e+03  1.124651e+01
10  1.462138e+03  -1.270497e+01
11  6.108865e+02  -8.513142e+00
12  2.738545e+02  -4.963781e+00
13  1.340504e+02  -5.368098e-01
14  6.235748e+01  2.475623e-01
15  2.917324e+01  1.347130e+00
16  1.467897e+01  3.932862e-02
17  4.766652e+00  -4.025185e-01
18  3.186237e+00  -1.213120e-01
19  -1.934944e-01  -1.049949e-01
20  -1.761591e-01  -1.305710e-01
21  -2.985897e-02  -7.958886e-02
22  -9.859483e-02  -8.397378e-03
23  -2.178633e-01  -4.974691e-02
24  -8.781182e-02  -4.078646e-02
25  6.110575e-02  -2.835074e-02
26  1.384401e-01  -6.233437e-03
27  1.114904e-01  2.762659e-03
28  9.357417e-02  -1.342736e-03
29  7.196085e-02  2.099074e-04
30  5.414807e-02  1.802086e-04
31  3.138056e-02  1.761565e-04
32  1.990727e-02  4.845700e-05
33  1.296048e-02  -1.020190e-03
34  9.284586e-03  -1.421093e-03
35  1.071086e-02  -2.338144e-03
36  -3.629035e-03  -2.513217e-03
37  2.883065e-03  -4.395008e-03
38  2.199222e-03  -1.268217e-03
39  4.598757e-03  -5.248003e-03
40  1.535446e-02  -1.873139e-02
41  -1.516790e-01  -5.623330e-02
42  -2.243195e-01  -6.015713e-02
43  4.608158e-01  -9.402609e-02
44  9.083240e-01  -2.053612e-01
45  -1.761275e-01  -2.052329e-01
46  -4.169404e-01  -4.369554e-01
47  -2.001329e+00  -8.142515e-01
48  -2.469863e+00  -1.195371e+00
49  8.876290e+00  -9.377569e-01
50  5.679699e+01  8.292070e-01
51  1.432952e+02  1.582336e+00
52  3.048772e+02  -3.062605e+00
53  6.346866e+02  -1.508228e+00
54  1.541150e+03  1.579419e+01
55  3.096875e+03  4.696846e+01
56  6.369464e+03  5.433803e+01
57  1.415574e+04  3.720621e+00
58  2.977572e+04  -6.361918e+01
59  6.366830e+04  1.228437e+02
60  1.286865e+05  4.103907e+02
61  2.641988e+05  2.882529e+02
62  5.412167e+05  6.912713e+02
63  1.354942e+06  4.316298e+02
ENDPROP
STARTPROP
MASSES:  4.500000e-02   4.500000e-02
SOURCE: GAM_15
SINKS: GAM_15
0  1.239353e+05  -1.085701e+03
1  -8.814323e+05  5.337733e+02
2  -2.492785e+05  -1.627533e+02
3  -9.985806e+04  1.948007e+02
4  -3.649250e+04  -8.990539e+01
5  -1.320178e+04  -3.617863e+02
6  -3.921084e+03  -2.528411e+02
7  -5.447235e+02  -1.157524e+02
8  -2.693847e+02  -5.929288e+01
9  -2.483233e+02  1.453525e+01
10  -1.869167e+02  1.259081e+01
11  -1.674355e+02  5.143017e-01
12  -5.773887e+01  -6.236888e+00
13  -5.400412e+01  -4.075837e+00
14  -2.736391e+01  1.750578e-01
15  -1.297253e+01  -4.693879e-01
16  -1.137193e+01  -1.590158e-01
17  -4.694592e+00  -1.738220e-01
18  -3.490343e+00  -1.840521e-01
19  -1.105531e+00  -1.005038e-01
20  -7.207613e-01  -1.538547e-01
21  -1.382204e-01  -1.374284e-01
22  -1.981665e-01  -9.736989e-02
23  -2.103891e-01  -4.628244e-02
24  -1.040569e-01  -4.672151e-03
25  -5.352775e-02  1.255311e-03
26  3.736401e-02  6.844382e-04
27  1.839642e-02  4.282980e-03
28  9.522112e-03  2.565249e-03
29  1.389741e-02  -5.275468e-05
30  1.808740e-02  -1.015360e-03
31  7.873605e-03  -4.987279e-04
32  8.827177e-03  4.356133e-04
33  2.408085e-03  1.142652e-03
34  -6.996230e-03  1.385288e-03
35  -1.336519e-02  2.563003e-03
36  -7.300556e-04  4.029387e-03
37  3.361400e-02  6.050665e-03
38  7.542393e-02  9.718602e-03
39  1.754371e-01  1.727760e-02
40  3.435566e-01  3.166561e-02
41  5.730073e-01  6.657388e-02
42  7.134295e-01  1.057638e-01
43  1.540244e+00  2.101179e-01
44  2.295717e+00  4.027831e-01
45  2.393118e+00  7.816676e-01
46  2.194752e+00  1.089345e+00
47  2.905452e+00  1.600476e+00
48  -6.093185e-01  1.721878e+00
49  -5.009069e+00  2.237523e+00
50  -1.829218e+01  4.057598e+00
51  -1.828837e+01  3.720082e-01
52  2.456041e+01  -2.611078e+00
53  1.501547e+02  2.154458e+00
54  3.301001e+02  1.630411e+01
55  4.714322e+02  3.107221e+01
56  1.609325e+02  5.317851e+01
57  -2.953621e+02  4.641884e+01
58  -1.347108e+03  5.018392e+01
59  -5.772946e+03  1.427518e+02
60  -2.180903e+04  2.509510e+02
61  -7.624805e+04  5.264551e+02
62  -2.317946e+05  6.631058e+02
63  -8.753690e+05  -9.143954e+00
ENDPROP
STARTPROP
MASSES:  4.500000e-02   4.500000e-02
SOURCE: GAM_25
SINKS: GAM_25
0  1.456638e+05  1.156629e+03
1  -8.809161e+05  1.237825e+03
2  -2.604533e+05  1.673694e+02
3  -1.042103e+05  2.932097e+02
4  -3.906746e+04  4.011300e+00
5  -1.453363e+04  -3.610879e+01
6  -6.785695e+03  -6.602345e+01
7  -3.045803e+03  -2.356525e+01
8  -9.772169e+02  4.598294e+00
9  -2.694054e+02  4.040319e+01
10  7.924115e+01  4.727961e+01
11  1.082697e+02  3.107327e+01
12  4.169270e+01  3.001705e+00
13  -3.180904e+01  -2.540032e+00
14  -2.610950e+01  6.197938e-01
15  -3.434157e+00  2.099046e+00
16  4.034368e+00  2.200884e+00
17  4.668021e+00  1.513089e+00
18  2.807933e+00  1.166461e+00
19  6.701608e-01  4.592324e-01
20  -1.108762e+00  1.142403e-01
21  -1.159133e+00  3.684397e-02
22  -3.367820e-01  -5.470411e-04
23  2.756410e-01  -1.353491e-02
24  2.743690e-01  5.137618e-03
25  1.979513e-01  1.347351e-02
26  1.573605e-01  1.555718e-02
27  1.084773e-01  1.023646e-02
28  1.039892e-01  3.559580e-03
29  5.962240e-02  3.938464e-03
30  2.952358e-02  4.540418e-03
31  1.995994e-02  2.868622e-03
32  1.907520e-02  1.405082e-03
33  1.472478e-02  7.369009e-06
34  8.089216e-03  -1.194066e-03
35  -6.529743e-03  -1.981357e-03
36  -1.334636e-02  -2.399214e-03
37  8.886703e-03  -2.452953e-03
38  2.951525e-02  -6.043388e-03
39  1.638784e-02  -1.558089e-02
40  -7.144432e-02  -3.928044e-02
41  -3.864137e-02  -3.820852e-02
42  9.877382e-02  8.259170e-03
43  5.337214e-01  -8.814850e-03
44  2.349338e+00  -4.704388e-02
45  5.546790e+00  -3.484029e-01
46  9.374392e+00  -8.919372e-01
47  1.665626e+01  -1.926532e+00
48  1.792219e+01  -3.078595e+00
49  1.861521e+01  -4.023162e+00
50  2.748711e+01  -3.643602e+00
51  6.410324e+01  -3.136199e+00
52  4.856339e+01  -6.636473e-01
53  -1.193912e+02  1.692447e+01
54  -2.773858e+02  1.277278e+01
55  -1.533661e+02  -2.494180e+01
56  -5.087674e+02  -1.112714e+01
57  -1.687592e+03  4.465176e+01
58  -4.204649e+03  1.314517e+02
59  -1.026913e+04  1.940412e+02
60  -2.654587e+04  4.008677e+02
61  -8.078821e+04  5.228274e+02
62  -2.233548e+05  4.608171e+02
63  -8.577453e+05  7.885661e+02
ENDPROP
STARTPROP
MASSES:  4.500000e-02   4.500000e-02
SOURCE: GAM_35
SINKS: GAM_35
0  9.706163e+04  -5.633380e+02
1  -8.908794e+05  7.618399e+02
2  -2.489121e+05  -2.160119e+02
3  -9.725647e+04  6.581214e+01
4  -4.122308e+04  1.673660e+02
5  -1.759956e+04  1.860189e+02
6  -7.066825e+03  1.528457e+02
7  -2.591024e+03  1.350390e+02
8  -1.198402e+03  1.277955e+02
9  -5.652222e+02  7.561734e+01
10  -2.061450e+02  2.224985e+01
11  -4.956491e+01  7.253683e+00
12  1.574804e+01  2.599385e+00
13  -8.697018e+00  -2.229595e-01
14  -1.293837e+01  -2.138299e-01
15  3.224618e+00  -1.007340e-01
16  2.056786e+00  3.351375e-01
17  -3.634595e+00  3.800021e-01
18  -2.156692e+00  1.169610e-01
19  -1.641521e+00  -1.996093e-01
20  -1.095454e+00  -1.914034e-02
21  -3.743184e-01  4.311341e-02
22  -1.274727e-01  4.012867e-02
23  1.096296e-01  -1.898744e-03
24  1.899123e-01  -6.479031e-04
25  2.504769e-01  2.458563e-03
26  9.326886e-02  1.030796e-02
27  4.408302e-02  1.038574e-02
28  9.482123e-03  3.467385e-03
29  2.414553e-03  2.158636e-03
30  -2.002044e-03  3.026731e-03
31  -5.752226e-03  2.922943e-03
32  -4.048198e-03  2.216750e-03
33  -3.439262e-03  7.620959e-04
34  7.823731e-03  -1.102879e-03
35  3.046603e-02  -2.012402e-03
36  5.758758e-02  -3.568192e-03
37  4.688861e-02  -1.177298e-03
38  -6.130981e-02  3.580694e-03
39  -1.625167e-01  6.397416e-03
40  -1.185473e-01  1.052310e-02
41  1.885082e-01  -1.447463e-03
42  3.717572e-01  -1.451290e-02
43  1.112856e+00  -5.962053e-02
44  1.365088e+00  -1.030551e-01
45  8.379802e-01  1.301164e-01
46  -5.053163e-02  4.407571e-01
47  -7.525261e-02  9.346406e-01
48  -6.951441e-02  8.189725e-01
49  1.170424e-01  1.338463e+00
50  -1.810375e+01  1.273480e+00
51  -4.659401e+01  -6.464065e-01
52  -8.478976e+01  3.544264e+00
53  -2.402075e+02  8.866781e+00
54  -5.096666e+02  1.789082e+01
55  -9.284960e+02  3.261203e+01
56  -1.324148e+03  9.308916e+01
57  -2.170789e+03  1.204891e+02
58  -3.227422e+03  1.269007e+02
59  -7.724363e+03  3.133996e+02
60  -2.609158e+04  4.432618e+02
61  -8.485955e+04  7.503126e+02
62  -2.460656e+05  1.079780e+03
63  -9.061749e+05  7.560207e+02
ENDPROP
STARTPROP
MASSES:  4.500000e-02   4.500000e-02
SOURCE: GAM_45
SINKS: GAM_45
0  -9.882733e+05  -5.927964e+02
1  1.134567e+06  -9.263140e+02
2  5.609436e+05  -6.657760e+02
3  3.520549e+05  -6.678913e+02
4  2.180391e+05  -3.037946e+02
5  1.341452e+05  -1.154908e+02
6  8.248755e+04  -2.630482e+01
7  5.081509e+04  -2.469743e+01
8  3.174661e+04  3.060276e+01
9  1.937004e+04  4.586174e+01
10  1.160073e+04  1.302297e+01
11  6.996442e+03  -7.904956e+00
12  4.154844e+03  -2.024986e+00
13  2.458905e+03  -4.750228e+00
14  1.500462e+03  -1.981931e+00
15  9.027259e+02  -7.579574e-02
16  5.581161e+02  -5.584873e-02
17  3.437074e+02  6.444937e-01
18  2.145409e+02  5.266584e-01
19  1.345134e+02  4.782694e-01
20  8.412051e+01  3.461769e-02
21  5.197192e+01  -8.606525e-02
22  3.150733e+01  -5.022017e-02
23  1.897731e+01  -6.906137e-03
24  1.159567e+01  2.391494e-02
25  7.061972e+00  2.601630e-02
26  4.231154e+00  1.843483e-02
27  2.499775e+00  1.274670e-02
28  1.486774e+00  6.809003e-03
29  9.314352e-01  3.078949e-03
30  6.191237e-01  2.310105e-03
31  4.541862e-01  1.259013e-03
32  3.956749e-01  3.787671e-04
33  4.433335e-01  4.287530e-04
34  5.958933e-01  3.889262e-04
35  9.074663e-01  7.173835e-04
36  1.444942e+00  2.017040e-03
37  2.367621e+00  1.616076e-03
38  3.945692e+00  9.371153e-03
39  6.497054e+00  1.041634e-02
40  1.081529e+01  4.026776e-02
41  1.810836e+01  1.083144e-01
42  3.011461e+01  2.146795e-01
43  5.113672e+01  4.143384e-01
44  8.309438e+01  8.049459e-01
45  1.348248e+02  1.814356e+00
46  2.200330e+02  3.220141e+00
47  3.586715e+02  5.074111e+00
48  5.890508e+02  7.623674e+00
49  9.598743e+02  1.036471e+01
50  1.578586e+03  1.500380e+01
51  2.568263e+03  1.998875e+01
52  4.224091e+03  2.397236e+01
53  6.963254e+03  3.434618e+01
54  1.159072e+04  2.363466e+01
55  1.918596e+04  3.724585e+00
56  3.141275e+04  -2.469577e+01
57  5.134710e+04  -2.274546e+01
58  8.321821e+04  6.020050e+00
59  1.340244e+05  3.614158e+02
60  2.137818e+05  6.904895e+02
61  3.444345e+05  8.412696e+02
62  5.434175e+05  2.136762e+03
63  1.115017e+06  8.982711e+02
ENDPROP
STARTPROP
MASSES:  4.500000e-02   4.500000e-02
SOURCE: PSAX4
SINKS: GAM_4
0  2.940149e+04  -2.090904e+03
1  1.727077e+06  -2.023630e+03
2  9.645463e+05  -1.151859e+03
3  5.941823e+05  -9.367922e+02
4  3.668441e+05  -6.530827e+02
5  2.244504e+05  -2.539370e+02
6  1.373459e+05  -1.438539e+02
7  8.401753e+04  -8.565504e+01
8  5.217654e+04  4.802369e-01
9  3.168861e+04  4.661593e+01
10  1.911391e+04  1.442454e+01
11  1.151879e+04  -6.359638e+00
12  6.865376e+03  -3.185500e+00
13  4.079030e+03  -4.869444e+00
14  2.462392e+03  -1.104028e+00
15  1.483454e+03  7.741310e-01
16  9.087898e+02  1.154431e+00
17  5.538553e+02  1.586971e+00
18  3.425963e+02  8.395313e-01
19  2.127750e+02  6.200056e-01
20  1.323695e+02  2.427957e-02
21  8.165948e+01  -1.525181e-01
22  4.993531e+01  -1.107899e-01
23  3.035501e+01  -4.638655e-02
24  1.858667e+01  5.196325e-03
25  1.136671e+01  1.295163e-02
26  6.816123e+00  7.281687e-03
27  4.014346e+00  2.856482e-03
28  2.359459e+00  1.134938e-03
29  1.395223e+00  5.304300e-04
30  7.831666e-01  1.082627e-03
31  3.603555e-01  4.687727e-04
32  2.263439e-02  1.188819e-03
33  -3.124160e-01  1.480610e-03
34  -7.233874e-01  2.495894e-03
35  -1.332214e+00  4.025435e-03
36  -2.276557e+00  7.571030e-03
37  -3.816684e+00  1.785340e-02
38  -6.371214e+00  1.542684e-02
39  -1.052325e+01  3.408645e-02
40  -1.739517e+01  2.673066e-02
41  -2.890315e+01  -1.666933e-02
42  -4.777830e+01  -6.123579e-02
43  -8.065755e+01  -1.580759e-01
44  -1.310217e+02  -3.791602e-01
45  -2.127242e+02  -1.303293e+00
46  -3.475407e+02  -2.631057e+00
47  -5.673736e+02  -4.209144e+00
48  -9.307372e+02  -5.344860e+00
49  -1.514384e+03  -6.853038e+00
50  -2.485962e+03  -1.014402e+01
51  -4.072483e+03  -1.478381e+01
52  -6.710632e+03  -1.895911e+01
53  -1.109567e+04  -3.078887e+01
54  -1.856084e+04  -1.534008e+01
55  -3.074330e+04  1.267663e+01
56  -5.047708e+04  3.071304e+01
57  -8.285149e+04  5.629466e+01
58  -1.355647e+05  -2.687206e+01
59  -2.189378e+05  -5.008594e+02
60  -3.519537e+05  -1.028121e+03
61  -5.719149e+05  -1.210990e+03
62  -9.220190e+05  -2.749886e+03
63  -1.666103e+06  -2.449965e+03
ENDPROP
STARTPROP
MASSES:  4.500000e-02   4.500000e-02
SOURCE: WWPSAX4
SINKS: GAM_4
0  1.683715e+08  -1.669171e+07
1  1.379391e+09  1.844495e+06
2  1.044264e+09  -3.751592e+06
3  3.441945e+08  -3.568563e+06
4  1.898362e+08  3.173190e+05
5  1.211473e+08  -5.049772e+05
6  4.948619e+07  5.661998e+05
7  5.006887e+07  -4.902388e+05
8  2.666555e+07  3.417317e+05
9  9.993560e+06  2.296468e+05
10  1.002927e+07  -1.270808e+03
11  4.997320e+06  -1.440945e+05
12  3.766065e+06  -7.874657e+02
13  2.349668e+06  4.585466e+04
14  8.923903e+05  -3.339571e+04
15  5.785688e+05  7.040732e+03
16  4.582555e+05  2.241302e+04
17  2.515402e+05  -3.057832e+03
18  1.539682e+05  2.565107e+03
19  1.314780e+05  7.993159e+02
20  7.031694e+04  -8.166046e+02
21  4.125500e+04  1.140166e+03
22  1.657216e+04  1.353588e+01
23  8.208190e+03  -5.203994e+02
24  8.987864e+03  -1.671628e+02
25  5.755916e+03  2.052897e+02
26  3.557908e+03  2.770184e+01
27  2.271336e+03  8.106916e-01
28  1.428384e+03  -1.016015e+01
29  6.836934e+02  3.588604e+01
30  6.777444e+02  1.952694e+00
31  2.322029e+02  -4.703604e+00
32  -2.551440e+00  4.674797e+00
33  -2.571245e+02  -1.066062e+01
34  -3.855622e+02  3.045357e+01
35  -5.644400e+02  1.624823e+01
36  -1.339674e+03  5.787054e+01
37  -1.563421e+03  -6.942268e+01
38  -3.883686e+03  8.778765e+01
39  -5.352400e+03  1.621946e+02
40  -6.248419e+03  9.955674e+01
41  -1.045041e+04  -4.436979e+00
42  -2.867136e+04  4.751456e+02
43  -3.549395e+04  -6.046041e+02
44  -5.941957e+04  4.977261e+02
45  -9.102564e+04  -1.934589e+03
46  -2.097092e+05  -2.201320e+03
47  -3.619542e+05  -6.461129e+03
48  -4.330715e+05  -3.016526e+03
49  -7.502974e+05  1.275087e+04
50  -7.825626e+05  1.075657e+04
51  -1.963088e+06  -1.119672e+04
52  -3.486297e+06  -4.243286e+04
53  -5.484946e+06  1.268846e+04
54  -5.967087e+06  -1.179747e+05
55  -1.765746e+07  -1.069904e+05
56  -2.297474e+07  1.901917e+05
57  -3.405123e+07  -6.715118e+05
58  -4.491630e+07  2.433453e+05
59  -1.284034e+08  6.949299e+05
60  -1.581071e+08  -7.415147e+05
61  -3.329710e+08  -1.919396e+06
62  -5.867898e+08  1.403280e+06
63  -1.342580e+09  -1.979707e+06
ENDPROP
STARTPROP
MASSES:  4.500000e-02   4.500000e-02
SOURCE: WWGAM_5
SINKS: GAM_5
0  2.044306e+10  8.549175e-01
1  1.892129e+09  1.498238e+06
2  1.316953e+09  -2.834333e+05
3  5.505181e+08  -1.793514e+06
4  2.818130e+08  -5.243304e+05
5  1.969515e+08  -1.962977e+04
6  9.671224e+07  2.927478e+05
7  7.525513e+07  -4.001222e+04
8  4.638224e+07  3.714269e+05
9  1.987644e+07  -4.430463e+04
10  1.772545e+07  -1.056085e+05
11  8.191477e+06  -6.334482e+04
12  6.013531e+06  5.117499e+04
13  3.571831e+06  5.633169e+04
14  1.810976e+06  -4.563392e+04
15  1.120412e+06  3.246708e+03
16  7.934804e+05  1.419779e+04
17  4.023641e+05  -1.197018e+03
18  2.563784e+05  2.678951e+03
19  2.191809e+05  3.335662e+02
20  1.162123e+05  -1.313561e+02
21  6.965390e+04  1.657303e+02
22  3.423598e+04  -1.505140e+02
23  2.027455e+04  -6.245967e+02
24  1.558796e+04  -4.086501e+02
25  1.007380e+04  2.311726e+02
26  6.011691e+03  6.558271e+01
27  3.180296e+03  -2.453574e+01
28  2.314858e+03  -1.492793e+01
29  1.176453e+03  4.082931e+01
30  1.222574e+03  1.520887e+01
31  7.605848e+02  -7.466169e+00
32  4.753616e+02  -2.393693e+00
33  6.554752e+02  9.777594e-01
34  9.283361e+02  -2.891091e+01
35  1.136251e+03  -6.630132e+00
36  2.077364e+03  -4.499219e+01
37  2.723935e+03  5.478574e+01
38  6.181283e+03  -5.625486e+01
39  9.654159e+03  -2.139674e+02
40  1.122671e+04  2.494385e+00
41  2.007432e+04  -2.267168e+01
42  4.513066e+04  -7.950106e+02
43  6.176407e+04  1.303563e+03
44  9.496845e+04  -5.062429e+02
45  1.502125e+05  2.009321e+03
46  3.172290e+05  3.823992e+03
47  5.341661e+05  6.718219e+03
48  6.644458e+05  7.460543e+01
49  1.181696e+06  -1.043682e+04
50  1.514342e+06  2.677302e+02
51  3.205284e+06  2.019146e+04
52  5.623316e+06  5.068539e+04
53  9.422715e+06  -6.401624e+03
54  1.282708e+07  -2.510780e+04
55  2.627883e+07  5.208113e+04
56  4.370877e+07  -3.038778e+05
57  6.442741e+07  6.136880e+05
58  8.928369e+07  -9.092807e+04
59  1.833584e+08  -1.119553e+06
60  2.751439e+08  1.536153e+06
61  5.004181e+08  2.759646e+06
62  8.028556e+08  3.865823e+05
63  1.840616e+09  -2.592938e+06
ENDPROP
