STARTPROP
MASSES:  4.200000e-03   4.500000e-02
SOURCE: GAM_1
SINKS: GAM_1
0  1.230375e+06  -1.688563e+04
1  1.914376e+06  -7.463341e+03
2  8.721499e+05  -8.179980e+02
3  4.599922e+05  -1.870486e+03
4  2.491216e+05  1.006111e+02
5  1.388930e+05  3.668213e+02
6  7.476024e+04  9.316249e+02
7  4.379992e+04  -2.913522e+02
8  2.535211e+04  -4.916870e+02
9  1.345693e+04  1.200996e+02
10  6.220320e+03  3.289838e+02
11  2.015336e+03  -1.294158e+02
12  8.893173e+02  2.159114e+01
13  2.793242e+02  4.474825e+01
14  3.164053e+02  1.429076e+02
15  3.739049e+02  1.799362e+02
16  2.470560e+02  5.043433e+01
17  1.451356e+02  -3.253508e+01
18  -7.265722e+00  6.640566e+01
19  -1.960006e+01  3.978131e+01
20  3.324882e+01  4.344375e+01
21  2.826624e+01  2.885974e+01
22  2.781155e+01  4.570215e+00
23  2.716963e+01  5.596707e+00
24  9.455222e+00  4.651200e+00
25  2.686286e+00  7.754990e+00
26  -1.616211e+00  6.017504e+00
27  -3.743971e+00  7.297762e+00
28  -4.297060e+00  5.630444e+00
29  -1.235080e+00  4.389919e+00
30  -4.613012e-01  3.081928e+00
31  -3.897439e-01  1.444039e+00
32  -1.286737e+00  -1.944545e-01
33  -2.107653e+00  -6.700526e-01
34  -1.859981e+00  -1.679173e-01
35  2.249422e-01  2.362114e-01
36  -1.011351e-01  1.168131e+00
37  -9.928372e-01  -4.852216e-01
38  -5.683327e+00  1.103296e+00
39  -2.238466e-01  -6.228242e+00
40  8.579436e+00  -1.811842e+01
41  1.837503e+01  -2.943460e+01
42  3.797120e+01  -4.161822e+01
43  7.529826e+01  -4.346574e+01
44  1.079855e+02  -7.399481e+00
45  1.579898e+02  3.691493e+01
46  1.411324e+02  8.809900e+01
47  1.003753e+02  8.901947e+01
48  3.008596e+02  9.874250e+00
49  6.757166e+02  -1.144420e+01
50  1.109926e+03  -2.564310e+00
51  1.845197e+03  8.077517e+01
52  2.948941e+03  3.551914e+02
53  3.873056e+03  5.201393e+02
54  6.361975e+03  1.185070e+03
55  1.056463e+04  1.640937e+03
56  1.914552e+04  9.488366e+02
57  3.915650e+04  -1.625104e+02
58  7.511762e+04  -1.305404e+03
59  1.408262e+05  -8.167751e+02
60  2.686498e+05  5.079776e+03
61  5.018390e+05  -1.297481e+03
62  9.282982e+05  -7.377510e+03
63  1.935420e+06  -1.634109e+04
ENDPROP
STARTPROP
MASSES:  4.200000e-03   4.500000e-02
SOURCE: GAM_2
SINKS: GAM_2
0  1.250828e+06  1.051319e+03
1  1.948047e+06  8.086003e+03
2  9.063439e+05  6.450656e+03
3  4.906494e+05  -2.544600e+03
4  2.621917e+05  -1.011284e+04
5  1.404090e+05  -3.708077e+03
6  7.624895e+04  3.092032e+03
7  4.252536e+04  2.887150e+03
8  2.216638e+04  1.829519e+03
9  1.252631e+04  2.664808e+02
10  8.158156e+03  -2.515411e+02
11  5.165610e+03  -2.374261e+02
12  3.856235e+03  -2.394157e+02
13  2.755457e+03  -1.324744e+02
14  1.692763e+03  -3.587427e+01
15  8.251602e+02  -2.228218e+01
16  4.745242e+02  8.782691e+01
17  2.298060e+02  1.409838e+02
18  1.517728e+02  2.964988e+01
19  1.197892e+02  -6.726453e+01
20  9.242935e+01  -9.797923e+01
21  5.334854e+01  -7.734973e+01
22  3.176972e+01  -3.019162e+01
23  2.019573e+01  -8.613168e+00
24  1.107311e+01  -5.891109e+00
25  1.477275e+00  -4.421860e+00
26  8.550031e-01  2.561493e-01
27  1.084380e+00  1.395152e+00
28  -3.310422e-01  -5.088616e-01
29  -1.605956e+00  -1.284139e+00
30  -8.765002e-01  -6.909395e-01
31  8.828748e-01  -4.016649e-01
32  2.410396e+00  -7.658468e-01
33  2.472785e+00  -1.425090e+00
34  2.085272e+00  -1.665747e+00
35  1.064595e+00  -1.188195e+00
36  3.683797e+00  -8.741307e-01
37  8.673251e+00  -1.901514e+00
38  1.086022e+01  -4.247621e+00
39  1.671805e+01  -3.412028e+00
40  1.934903e+01  -1.531306e-01
41  2.065777e+01  7.009717e+00
42  1.118904e+01  8.489951e+00
43  8.131953e+00  1.428191e+01
44  -4.575980e+00  2.088919e+01
45  -8.145015e+01  3.357041e+01
46  -1.170704e+02  9.283957e+01
47  -1.437728e+02  2.062501e+02
48  -2.747600e+02  2.075963e+02
49  -3.427356e+02  1.318222e+02
50  -1.393999e+02  -2.561428e+01
51  2.987984e+02  -1.518759e+02
52  1.330123e+03  -4.057983e+02
53  2.604874e+03  -9.799791e+02
54  4.141698e+03  -1.727654e+03
55  6.520040e+03  -2.621898e+03
56  1.078738e+04  -3.918206e+03
57  2.477936e+04  -4.192432e+03
58  5.721890e+04  -2.559804e+03
59  1.216595e+05  -2.781130e+03
60  2.424192e+05  4.130012e+02
61  4.727502e+05  -3.092351e+03
62  9.063275e+05  -8.801632e+03
63  1.931028e+06  -7.764310e+03
ENDPROP
STARTPROP
MASSES:  4.200000e-03   4.500000e-02
SOURCE: GAM_3
SINKS: GAM_3
0  1.216859e+06  -6.263356e+03
1  1.903173e+06  1.760101e+04
2  8.627846e+05  2.484889e+04
3  4.459597e+05  2.089223e+04
4  2.256531e+05  1.250537e+04
5  1.140201e+05  6.224576e+03
6  5.713445e+04  3.689550e+03
7  3.110290e+04  2.743715e+02
8  1.880676e+04  9.213880e+01
9  9.928853e+03  9.917315e+01
10  4.074922e+03  -1.641500e+02
11  1.640614e+03  -6.534461e+02
12  8.591234e+02  -8.022344e+02
13  6.275965e+02  -5.056193e+02
14  2.221886e+02  -2.138082e+02
15  6.536029e+01  1.893108e+01
16  3.627442e+01  5.017326e+01
17  2.182514e+02  1.645810e+02
18  1.864674e+02  1.896562e+02
19  9.346465e+01  1.602938e+02
20  4.923082e+01  1.297071e+02
21  2.194157e+01  8.653153e+01
22  7.727232e+00  6.018622e+01
23  2.169816e+01  3.044593e+01
24  2.898406e+01  2.007578e+01
25  2.677388e+01  1.487059e+01
26  2.353018e+01  7.282071e+00
27  1.297013e+01  6.070144e-01
28  7.671426e+00  -7.541421e-01
29  2.600809e+00  -6.403252e-01
30  3.120303e+00  -9.799921e-01
31  2.382010e+00  3.660197e-01
32  2.562213e+00  5.667526e-01
33  3.164802e+00  7.471691e-01
34  2.106456e+00  1.176574e+00
35  1.493937e+00  2.731728e+00
36  2.006061e+00  1.551915e+00
37  1.727539e+00  8.537776e-01
38  -3.657705e+00  6.230796e+00
39  -7.541650e+00  1.745479e+01
40  1.581067e+00  2.078988e+01
41  9.601120e+00  2.218824e+01
42  5.730817e+00  3.466516e+01
43  -1.097767e+00  5.952772e+01
44  -6.502015e-01  1.046547e+02
45  -7.633770e+00  1.416755e+02
46  -2.931691e+01  2.150569e+02
47  -9.870275e+01  2.570550e+02
48  -2.126263e+02  3.426604e+02
49  -1.555979e+02  5.138198e+02
50  1.759571e+02  6.769157e+02
51  9.181258e+02  7.654519e+02
52  1.659061e+03  6.440451e+02
53  2.042722e+03  3.128996e+02
54  3.657697e+03  6.532592e+02
55  6.914884e+03  1.072980e+03
56  1.349136e+04  -1.388510e+02
57  2.684407e+04  -2.962336e+03
58  5.990455e+04  -6.511621e+03
59  1.229644e+05  -8.993547e+03
60  2.422010e+05  -9.055018e+03
61  4.529908e+05  -1.204105e+04
62  8.785392e+05  -1.043090e+04
63  1.911282e+06  -1.402075e+04
ENDPROP
STARTPROP
MASSES:  4.200000e-03   4.500000e-02
SOURCE: GAM_4
SINKS: GAM_4
0  2.113762e+06  -1.184917e+04
1  -2.984890e+05  -1.670129e+04
2  -1.056585e+04  -1.735633e+04
3  -1.005767e+04  -1.572098e+04
4  -4.390991e+03  -9.939581e+03
5  -1.895911e+03  -9.676157e+03
6  -1.174970e+03  -6.835403e+03
7  2.861202e+02  -4.432890e+03
8  3.277188e+02  -3.279851e+03
9  4.301420e+02  -1.379518e+03
10  7.065203e+02  -4.116478e+02
11  3.058227e+02  8.330679e+01
12  2.865582e+02  5.185413e+01
13  2.514858e+02  -6.531684e+00
14  8.521697e+01  2.876167e+01
15  5.172882e+01  1.203618e+00
16  5.714111e+01  -1.740803e+01
17  1.169214e+01  -2.921343e+01
18  2.479386e+01  -2.610151e+01
19  2.475305e+01  -3.832168e+01
20  3.274912e+01  -3.184277e+01
21  1.746531e+01  -2.695234e+01
22  1.825252e+01  -1.681007e+01
23  1.248549e+01  -1.161864e+01
24  7.560034e+00  -7.523798e+00
25  5.351676e+00  -8.063526e+00
26  4.075377e+00  -3.649901e+00
27  1.903938e+00  -4.530303e+00
28  2.437563e+00  -2.548909e+00
29  2.208596e+00  -1.406394e+00
30  9.087642e-01  -1.085520e+00
31  5.036327e-01  -3.410385e-01
32  2.108895e-01  8.260205e-02
33  5.435069e-01  5.005594e-01
34  1.014770e+00  8.805987e-01
35  1.680600e+00  1.634102e+00
36  3.166748e+00  2.462392e+00
37  4.772678e+00  2.701724e+00
38  4.270210e+00  3.261901e+00
39  7.881041e+00  4.996792e+00
40  8.746465e+00  5.073213e+00
41  1.419372e+01  4.356925e+00
42  1.448764e+01  4.844544e+00
43  2.302179e+01  1.604110e+01
44  2.885839e+01  2.029305e+01
45  3.490365e+01  2.774880e+01
46  4.073063e+01  2.577985e+01
47  5.631691e+01  2.398131e+01
48  5.368479e+01  6.633673e+01
49  4.207583e+00  2.991290e+01
50  5.940244e+01  2.982386e+01
51  -3.647373e+01  1.069433e+00
52  -7.586944e+01  -1.144552e+02
53  -4.454805e+02  -2.862110e+02
54  -6.056742e+02  -1.193374e+02
55  -9.419583e+02  -3.845275e+02
56  -7.674618e+02  -1.050192e+03
57  -7.797745e+02  -1.048246e+03
58  -1.740344e+03  -1.239266e+03
59  -3.225993e+02  6.290236e+01
60  -5.170232e+03  5.464339e+02
61  -8.155661e+03  1.048291e+03
62  -1.309615e+04  4.192352e+03
63  -2.987763e+05  9.772162e+03
ENDPROP
STARTPROP
MASSES:  4.200000e-03   4.500000e-02
SOURCE: GAM_5
SINKS: GAM_5
0  6.992997e+06  5.640011e+02
1  6.803856e+06  8.161033e+03
2  4.652693e+06  1.371140e+04
3  3.278828e+06  8.211657e+03
4  2.331353e+06  2.026359e+03
5  1.633569e+06  8.579301e+03
6  1.134477e+06  1.514897e+04
7  7.766505e+05  2.024052e+04
8  5.409712e+05  1.718325e+04
9  3.839714e+05  1.414128e+04
10  2.679099e+05  1.052947e+04
11  1.882589e+05  6.866634e+03
12  1.326834e+05  4.740652e+03
13  9.306649e+04  3.240300e+03
14  6.501394e+04  1.990821e+03
15  4.450759e+04  1.265458e+03
16  3.039284e+04  8.903423e+02
17  2.066836e+04  6.964803e+02
18  1.399396e+04  4.506208e+02
19  9.453705e+03  2.543410e+02
20  6.353354e+03  1.898162e+02
21  4.381423e+03  1.811275e+02
22  3.059630e+03  1.293972e+02
23  2.088759e+03  9.881791e+01
24  1.418542e+03  7.008484e+01
25  9.522627e+02  4.691707e+01
26  6.564826e+02  3.142523e+01
27  4.700777e+02  1.786104e+01
28  3.345231e+02  4.968171e+00
29  2.401548e+02  -2.016592e+00
30  1.824711e+02  -5.059429e+00
31  1.481961e+02  -7.402047e+00
32  1.358032e+02  -1.040637e+01
33  1.450534e+02  -1.154014e+01
34  1.755802e+02  -1.249872e+01
35  2.263520e+02  -1.461591e+01
36  3.076182e+02  -1.725045e+01
37  4.349591e+02  -1.885206e+01
38  6.123391e+02  -2.666527e+01
39  8.745481e+02  -3.579702e+01
40  1.261995e+03  -5.098372e+01
41  1.844641e+03  -5.937223e+01
42  2.717650e+03  -3.245136e+01
43  3.956457e+03  4.935680e+01
44  5.764469e+03  1.223116e+02
45  8.300621e+03  2.134903e+02
46  1.220279e+04  2.816316e+02
47  1.800280e+04  3.854490e+02
48  2.647942e+04  5.800006e+02
49  3.881487e+04  8.901361e+02
50  5.632954e+04  1.242644e+03
51  8.198301e+04  1.351241e+03
52  1.177773e+05  1.795047e+03
53  1.672987e+05  2.701274e+03
54  2.373000e+05  3.432975e+03
55  3.450679e+05  6.055256e+03
56  5.028170e+05  8.764847e+03
57  7.354589e+05  6.413740e+03
58  1.105780e+06  7.927200e+02
59  1.660719e+06  -9.081187e+03
60  2.450553e+06  -2.111566e+04
61  3.498060e+06  -2.844003e+04
62  4.885435e+06  -2.229896e+04
63  6.881703e+06  -6.061931e+03
ENDPROP
STARTPROP
MASSES:  4.200000e-03   4.500000e-02
SOURCE: GAM_12
SINKS: GAM_12
0  8.130519e+05  -5.559191e+03
1  -6.729441e+05  -8.498160e+03
2  -1.438964e+05  4.267781e+03
3  -4.270460e+04  1.684438e+03
4  -1.924591e+04  5.267496e+02
5  -1.260399e+04  -6.370535e+02
6  -2.982869e+03  3.868803e+02
7  -4.027895e+02  1.409329e+03
8  -2.217471e+02  8.409195e+02
9  -3.599506e+02  7.290160e+02
10  8.164617e+01  6.690550e+02
11  1.131194e+03  2.822096e+02
12  8.350860e+02  1.310790e+02
13  4.817739e+02  9.811076e+01
14  4.512267e+02  9.259197e+01
15  3.653504e+02  1.778970e+01
16  1.414903e+02  -1.047771e+02
17  5.024673e+01  -1.033407e+02
18  1.796464e+01  -8.803108e+01
19  4.338118e+00  -2.433952e+01
20  2.069326e+01  3.043715e+00
21  1.033965e+01  5.376482e-01
22  7.166000e+00  -8.134466e-01
23  5.173225e+00  -8.905455e+00
24  3.047183e+00  -4.326666e+00
25  1.597404e-01  -3.590188e+00
26  2.513737e+00  -2.566565e+00
27  4.874152e+00  1.110994e+00
28  3.523873e+00  1.633479e+00
29  3.062505e+00  1.881692e+00
30  3.514278e+00  1.911469e+00
31  2.469018e+00  9.227024e-01
32  1.382284e+00  -4.848588e-01
33  9.418162e-01  -1.213471e+00
34  1.109619e+00  -1.284910e+00
35  2.567832e+00  -2.779583e+00
36  4.603374e+00  -3.839545e+00
37  3.408633e+00  -5.655014e+00
38  -1.971977e+00  -6.650105e+00
39  -6.411478e+00  -3.159024e+00
40  -1.064719e+01  -2.740356e-01
41  -8.946612e+00  5.064313e+00
42  -1.899603e+01  3.885239e-01
43  -2.063229e+01  -5.730316e+00
44  -4.551662e+00  -1.480174e+01
45  1.584020e+01  -5.670254e+00
46  8.455551e+01  1.771842e+01
47  1.018083e+02  -3.485184e+01
48  1.585438e+02  -3.309990e+01
49  3.207189e+02  -7.016705e+01
50  3.409503e+02  3.207885e+01
51  -5.725906e+01  6.605712e+01
52  -1.233180e+02  2.359896e+02
53  -5.659366e+02  4.229054e+02
54  -1.494901e+03  7.737141e+02
55  -3.116214e+03  9.440416e+02
56  -2.129342e+03  1.397586e+03
57  -3.077051e+03  2.570486e+03
58  -3.612401e+03  1.796720e+03
59  -8.674334e+03  1.429972e+03
60  -2.145508e+04  3.041721e+03
61  -7.141896e+04  3.210152e+03
62  -1.830358e+05  4.145494e+03
63  -7.052873e+05  3.768471e+03
ENDPROP
STARTPROP
MASSES:  4.200000e-03   4.500000e-02
SOURCE: GAM_21
SINKS: GAM_21
0  8.130519e+05  -5.559191e+03
1  -6.729441e+05  -8.498160e+03
2  -1.438964e+05  4.267781e+03
3  -4.270460e+04  1.684438e+03
4  -1.924591e+04  5.267496e+02
5  -1.260399e+04  -6.370535e+02
6  -2.982869e+03  3.868803e+02
7  -4.027895e+02  1.409329e+03
8  -2.217471e+02  8.409195e+02
9  -3.599506e+02  7.290160e+02
10  8.164617e+01  6.690550e+02
11  1.131194e+03  2.822096e+02
12  8.350860e+02  1.310790e+02
13  4.817739e+02  9.811076e+01
14  4.512267e+02  9.259197e+01
15  3.653504e+02  1.778970e+01
16  1.414903e+02  -1.047771e+02
17  5.024673e+01  -1.033407e+02
18  1.796464e+01  -8.803108e+01
19  4.338118e+00  -2.433952e+01
20  2.069326e+01  3.043715e+00
21  1.033965e+01  5.376482e-01
22  7.166000e+00  -8.134466e-01
23  5.173225e+00  -8.905455e+00
24  3.047183e+00  -4.326666e+00
25  1.597404e-01  -3.590188e+00
26  2.513737e+00  -2.566565e+00
27  4.874152e+00  1.110994e+00
28  3.523873e+00  1.633479e+00
29  3.062505e+00  1.881692e+00
30  3.514278e+00  1.911469e+00
31  2.469018e+00  9.227024e-01
32  1.382284e+00  -4.848588e-01
33  9.418162e-01  -1.213471e+00
34  1.109619e+00  -1.284910e+00
35  2.567832e+00  -2.779583e+00
36  4.603374e+00  -3.839545e+00
37  3.408633e+00  -5.655014e+00
38  -1.971977e+00  -6.650105e+00
39  -6.411478e+00  -3.159024e+00
40  -1.064719e+01  -2.740356e-01
41  -8.946612e+00  5.064313e+00
42  -1.899603e+01  3.885239e-01
43  -2.063229e+01  -5.730316e+00
44  -4.551662e+00  -1.480174e+01
45  1.584020e+01  -5.670254e+00
46  8.455551e+01  1.771842e+01
47  1.018083e+02  -3.485184e+01
48  1.585438e+02  -3.309990e+01
49  3.207189e+02  -7.016705e+01
50  3.409503e+02  3.207885e+01
51  -5.725906e+01  6.605712e+01
52  -1.233180e+02  2.359896e+02
53  -5.659366e+02  4.229054e+02
54  -1.494901e+03  7.737141e+02
55  -3.116214e+03  9.440416e+02
56  -2.129342e+03  1.397586e+03
57  -3.077051e+03  2.570486e+03
58  -3.612401e+03  1.796720e+03
59  -8.674334e+03  1.429972e+03
60  -2.145508e+04  3.041721e+03
61  -7.141896e+04  3.210152e+03
62  -1.830358e+05  4.145494e+03
63  -7.052873e+05  3.768471e+03
ENDPROP
STARTPROP
MASSES:  4.200000e-03   4.500000e-02
SOURCE: GAM_13
SINKS: GAM_13
0  8.145698e+05  6.913463e+03
1  -6.974682e+05  -4.748639e+03
2  -1.748810e+05  -8.631275e+03
3  -7.862283e+04  -9.070711e+03
4  -3.465078e+04  -2.244573e+03
5  -1.984153e+04  -3.467247e+03
6  -1.306752e+04  -3.284631e+03
7  -6.236747e+03  -3.707993e+03
8  -2.050137e+03  -2.497035e+03
9  -1.292375e+02  -9.113474e+02
10  1.632840e+03  -4.925368e+02
11  1.175962e+03  -2.729483e+02
12  6.059661e+02  6.009278e+01
13  3.720258e+02  3.237445e+02
14  1.142211e+02  1.348181e+02
15  3.011718e+00  7.575409e+01
16  2.136133e+01  1.422903e+01
17  -4.056051e+01  3.875631e-01
18  -3.745141e+01  -2.071206e+01
19  2.285879e+01  -4.370976e+01
20  2.885200e+01  -5.000809e+01
21  -7.908735e+00  -3.095076e+01
22  -1.700316e+01  -1.461862e+01
23  -1.469147e+01  -9.012360e+00
24  -1.462996e+01  -5.683033e-01
25  -5.913063e+00  4.875830e-01
26  -1.815316e+00  2.885323e+00
27  -2.391243e+00  3.812598e+00
28  -1.026959e+00  3.511632e+00
29  -1.483750e+00  2.750528e+00
30  -1.019662e+00  3.241881e+00
31  -2.410299e+00  2.669305e+00
32  -3.525347e+00  2.204701e+00
33  -3.191687e+00  1.853959e+00
34  -2.342480e+00  1.291840e+00
35  -8.079965e-01  7.926772e-01
36  5.661201e-01  -6.144224e-01
37  5.449484e-01  -8.537793e-01
38  2.866341e+00  9.430328e-01
39  5.618199e+00  1.132253e+00
40  6.183511e+00  3.055418e+00
41  2.164903e+00  1.477935e+01
42  4.172876e+00  1.863462e+01
43  1.191921e+01  3.255910e+01
44  6.971137e+00  4.797426e+01
45  2.313204e+01  5.832443e+01
46  -6.035112e+00  4.196776e+01
47  -2.937819e+01  -7.334625e+00
48  -3.756100e+01  -6.098931e+01
49  -1.200071e+02  -4.572727e+01
50  5.753862e+01  -1.282862e+02
51  -1.917265e+01  -1.624269e+02
52  -3.369770e+01  -2.293082e+02
53  9.653548e+01  -2.142961e+02
54  3.000838e+02  -8.076031e+02
55  3.341725e+01  -5.292516e+02
56  -1.077357e+01  -2.599209e+02
57  -5.305237e+02  -6.197527e+02
58  -2.876692e+03  -2.789263e+03
59  -5.823844e+03  -1.377632e+03
60  -2.341469e+04  -1.560335e+03
61  -6.268987e+04  -2.609584e+03
62  -1.665296e+05  2.851933e+03
63  -7.112454e+05  1.224803e+04
ENDPROP
STARTPROP
MASSES:  4.200000e-03   4.500000e-02
SOURCE: GAM_31
SINKS: GAM_31
0  8.145698e+05  6.913463e+03
1  -6.974682e+05  -4.748639e+03
2  -1.748810e+05  -8.631275e+03
3  -7.862283e+04  -9.070711e+03
4  -3.465078e+04  -2.244573e+03
5  -1.984153e+04  -3.467247e+03
6  -1.306752e+04  -3.284631e+03
7  -6.236747e+03  -3.707993e+03
8  -2.050137e+03  -2.497035e+03
9  -1.292375e+02  -9.113474e+02
10  1.632840e+03  -4.925368e+02
11  1.175962e+03  -2.729483e+02
12  6.059661e+02  6.009278e+01
13  3.720258e+02  3.237445e+02
14  1.142211e+02  1.348181e+02
15  3.011718e+00  7.575409e+01
16  2.136133e+01  1.422903e+01
17  -4.056051e+01  3.875631e-01
18  -3.745141e+01  -2.071206e+01
19  2.285879e+01  -4.370976e+01
20  2.885200e+01  -5.000809e+01
21  -7.908735e+00  -3.095076e+01
22  -1.700316e+01  -1.461862e+01
23  -1.469147e+01  -9.012360e+00
24  -1.462996e+01  -5.683033e-01
25  -5.913063e+00  4.875830e-01
26  -1.815316e+00  2.885323e+00
27  -2.391243e+00  3.812598e+00
28  -1.026959e+00  3.511632e+00
29  -1.483750e+00  2.750528e+00
30  -1.019662e+00  3.241881e+00
31  -2.410299e+00  2.669305e+00
32  -3.525347e+00  2.204701e+00
33  -3.191687e+00  1.853959e+00
34  -2.342480e+00  1.291840e+00
35  -8.079965e-01  7.926772e-01
36  5.661201e-01  -6.144224e-01
37  5.449484e-01  -8.537793e-01
38  2.866341e+00  9.430328e-01
39  5.618199e+00  1.132253e+00
40  6.183511e+00  3.055418e+00
41  2.164903e+00  1.477935e+01
42  4.172876e+00  1.863462e+01
43  1.191921e+01  3.255910e+01
44  6.971137e+00  4.797426e+01
45  2.313204e+01  5.832443e+01
46  -6.035112e+00  4.196776e+01
47  -2.937819e+01  -7.334625e+00
48  -3.756100e+01  -6.098931e+01
49  -1.200071e+02  -4.572727e+01
50  5.753862e+01  -1.282862e+02
51  -1.917265e+01  -1.624269e+02
52  -3.369770e+01  -2.293082e+02
53  9.653548e+01  -2.142961e+02
54  3.000838e+02  -8.076031e+02
55  3.341725e+01  -5.292516e+02
56  -1.077357e+01  -2.599209e+02
57  -5.305237e+02  -6.197527e+02
58  -2.876692e+03  -2.789263e+03
59  -5.823844e+03  -1.377632e+03
60  -2.341469e+04  -1.560335e+03
61  -6.268987e+04  -2.609584e+03
62  -1.665296e+05  2.851933e+03
63  -7.112454e+05  1.224803e+04
ENDPROP
STARTPROP
MASSES:  4.200000e-03   4.500000e-02
SOURCE: GAM_14
SINKS: GAM_14
0  2.617693e+04  1.320767e+04
1  1.306139e+06  1.748723e+04
2  5.370769e+05  5.253921e+03
3  2.755646e+05  3.679883e+01
4  1.464259e+05  -8.859820e+02
5  7.846973e+04  -3.214429e+03
6  4.376770e+04  -3.625067e+03
7  2.380336e+04  -3.579933e+03
8  1.478491e+04  -3.358217e+03
9  8.192663e+03  -2.646325e+03
10  5.367280e+03  -1.541793e+03
11  2.998107e+03  -1.100657e+03
12  1.673407e+03  -7.988980e+02
13  1.128293e+03  -5.178240e+02
14  8.740492e+02  -1.195812e+02
15  5.260743e+02  -9.190337e+01
16  3.109592e+02  -4.229072e+01
17  2.117986e+02  8.411970e+00
18  1.570987e+02  -1.509725e+01
19  5.930460e+01  -1.497271e+01
20  2.016691e+00  -4.864733e+00
21  -7.510326e-01  -7.018827e-01
22  -3.582111e+00  3.134564e+00
23  2.590523e+00  9.542359e+00
24  5.670196e+00  -4.583552e+00
25  5.040324e-01  -7.941690e+00
26  -7.476999e+00  -7.406799e+00
27  -7.581819e+00  -5.001580e+00
28  -5.518117e+00  -2.270602e+00
29  -2.740965e+00  -1.946251e+00
30  -2.780405e+00  -1.862152e+00
31  -1.901315e+00  -1.000093e+00
32  2.329956e-01  -4.786745e-01
33  1.354280e+00  -8.813776e-01
34  1.766856e+00  3.817665e-01
35  1.286345e+00  6.362555e-01
36  -5.135096e-02  3.120338e+00
37  -9.439650e-01  2.876622e+00
38  1.953528e+00  4.291615e+00
39  1.005717e+01  1.854793e+00
40  2.097042e+01  -1.934812e-01
41  3.174485e+01  1.477290e+00
42  3.878875e+01  -2.985070e+00
43  4.626093e+01  -3.908876e+00
44  4.288739e+01  4.671128e+00
45  7.627260e+01  3.382488e+00
46  7.868946e+01  -2.065279e+01
47  9.543062e+01  -6.755873e+01
48  9.992714e+01  -1.512823e+02
49  1.022580e+02  -1.654756e+02
50  2.047029e+02  -4.144434e+02
51  5.868513e+02  -5.069433e+02
52  9.450434e+02  -8.974341e+01
53  1.518590e+03  2.529354e+02
54  2.876331e+03  4.063928e+02
55  6.320606e+03  -2.771364e+02
56  1.195855e+04  2.877641e+00
57  2.201425e+04  -2.070357e+02
58  4.010868e+04  -2.114118e+03
59  7.278554e+04  -1.838964e+03
60  1.434837e+05  -2.442855e+03
61  2.956158e+05  -9.453236e+03
62  5.769744e+05  -1.319901e+04
63  1.342129e+06  6.574676e+01
ENDPROP
STARTPROP
MASSES:  4.200000e-03   4.500000e-02
SOURCE: GAM_41
SINKS: GAM_41
0  2.617693e+04  1.320767e+04
1  1.306139e+06  1.748723e+04
2  5.370769e+05  5.253921e+03
3  2.755646e+05  3.679883e+01
4  1.464259e+05  -8.859820e+02
5  7.846973e+04  -3.214429e+03
6  4.376770e+04  -3.625067e+03
7  2.380336e+04  -3.579933e+03
8  1.478491e+04  -3.358217e+03
9  8.192663e+03  -2.646325e+03
10  5.367280e+03  -1.541793e+03
11  2.998107e+03  -1.100657e+03
12  1.673407e+03  -7.988980e+02
13  1.128293e+03  -5.178240e+02
14  8.740492e+02  -1.195812e+02
15  5.260743e+02  -9.190337e+01
16  3.109592e+02  -4.229072e+01
17  2.117986e+02  8.411970e+00
18  1.570987e+02  -1.509725e+01
19  5.930460e+01  -1.497271e+01
20  2.016691e+00  -4.864733e+00
21  -7.510326e-01  -7.018827e-01
22  -3.582111e+00  3.134564e+00
23  2.590523e+00  9.542359e+00
24  5.670196e+00  -4.583552e+00
25  5.040324e-01  -7.941690e+00
26  -7.476999e+00  -7.406799e+00
27  -7.581819e+00  -5.001580e+00
28  -5.518117e+00  -2.270602e+00
29  -2.740965e+00  -1.946251e+00
30  -2.780405e+00  -1.862152e+00
31  -1.901315e+00  -1.000093e+00
32  2.329956e-01  -4.786745e-01
33  1.354280e+00  -8.813776e-01
34  1.766856e+00  3.817665e-01
35  1.286345e+00  6.362555e-01
36  -5.135096e-02  3.120338e+00
37  -9.439650e-01  2.876622e+00
38  1.953528e+00  4.291615e+00
39  1.005717e+01  1.854793e+00
40  2.097042e+01  -1.934812e-01
41  3.174485e+01  1.477290e+00
42  3.878875e+01  -2.985070e+00
43  4.626093e+01  -3.908876e+00
44  4.288739e+01  4.671128e+00
45  7.627260e+01  3.382488e+00
46  7.868946e+01  -2.065279e+01
47  9.543062e+01  -6.755873e+01
48  9.992714e+01  -1.512823e+02
49  1.022580e+02  -1.654756e+02
50  2.047029e+02  -4.144434e+02
51  5.868513e+02  -5.069433e+02
52  9.450434e+02  -8.974341e+01
53  1.518590e+03  2.529354e+02
54  2.876331e+03  4.063928e+02
55  6.320606e+03  -2.771364e+02
56  1.195855e+04  2.877641e+00
57  2.201425e+04  -2.070357e+02
58  4.010868e+04  -2.114118e+03
59  7.278554e+04  -1.838964e+03
60  1.434837e+05  -2.442855e+03
61  2.956158e+05  -9.453236e+03
62  5.769744e+05  -1.319901e+04
63  1.342129e+06  6.574676e+01
ENDPROP
STARTPROP
MASSES:  4.200000e-03   4.500000e-02
SOURCE: GAM_23
SINKS: GAM_23
0  7.888486e+05  -2.393808e+04
1  -7.164703e+05  -2.605518e+04
2  -1.893529e+05  -1.635796e+04
3  -8.031383e+04  -6.975062e+03
4  -3.949695e+04  -5.496068e+03
5  -2.256972e+04  -1.574180e+03
6  -1.384737e+04  -6.643498e+02
7  -8.514034e+03  -2.631964e+02
8  -3.928135e+03  -1.401899e+03
9  -1.159523e+03  -6.900705e+01
10  -1.001450e+03  3.947279e+02
11  -1.545317e+02  3.730926e+02
12  7.041172e+01  3.450085e+02
13  -3.660666e+00  3.814733e+02
14  -6.731150e+01  1.626918e+02
15  4.694776e+01  1.564948e+02
16  -4.500240e+01  1.076626e+02
17  2.242191e+00  3.886176e+01
18  -8.335665e+00  7.475752e+00
19  -2.141048e+01  2.967654e+01
20  8.121388e-01  1.469057e+01
21  -8.203344e+00  2.959943e+01
22  -1.846240e+01  3.150316e+01
23  -1.452934e+01  1.790013e+01
24  -1.093483e+01  4.636213e+00
25  -9.168102e+00  -2.957687e+00
26  -4.570046e+00  -3.069435e+00
27  -2.484820e+00  -3.119473e+00
28  -3.881110e+00  -1.830955e+00
29  -4.457654e+00  -1.437917e+00
30  -3.653612e+00  -1.163172e+00
31  -3.167115e+00  -1.073467e+00
32  -2.095240e+00  -1.138362e+00
33  -1.417813e+00  -1.338984e+00
34  -1.417086e+00  -5.919943e-01
35  -7.113546e-01  -5.757760e-01
36  -5.298695e-01  -4.085681e-01
37  -9.401284e-02  7.200984e-01
38  -2.740371e+00  1.684621e+00
39  -9.744917e+00  5.391659e-01
40  -1.149232e+01  2.019352e+00
41  -9.318572e+00  2.624053e+00
42  -1.360125e+01  -1.044396e+01
43  -1.445291e+01  -2.224537e+01
44  -1.310479e+01  -3.308191e+01
45  -2.013679e+01  -4.331307e+01
46  -3.046376e+01  -9.878522e+01
47  -1.642652e+01  -1.551153e+02
48  1.057660e+02  -2.210191e+02
49  2.693409e+02  -2.134430e+02
50  2.353103e+02  -2.478894e+02
51  2.690260e+02  -1.562961e+02
52  4.684179e+02  4.442417e+01
53  1.130758e+03  9.895373e+01
54  1.674192e+03  -1.737089e+02
55  2.597077e+03  -7.230050e+02
56  3.920711e+03  -1.101440e+03
57  5.469907e+03  -1.905816e+03
58  4.280178e+02  -1.719185e+03
59  -7.802865e+03  -1.701644e+03
60  -2.701376e+04  -1.166513e+03
61  -6.404054e+04  -2.565527e+03
62  -1.811660e+05  2.194189e+02
63  -7.120569e+05  -1.894159e+03
ENDPROP
STARTPROP
MASSES:  4.200000e-03   4.500000e-02
SOURCE: GAM_32
SINKS: GAM_32
0  7.888486e+05  -2.393808e+04
1  -7.164703e+05  -2.605518e+04
2  -1.893529e+05  -1.635796e+04
3  -8.031383e+04  -6.975062e+03
4  -3.949695e+04  -5.496068e+03
5  -2.256972e+04  -1.574180e+03
6  -1.384737e+04  -6.643498e+02
7  -8.514034e+03  -2.631964e+02
8  -3.928135e+03  -1.401899e+03
9  -1.159523e+03  -6.900705e+01
10  -1.001450e+03  3.947279e+02
11  -1.545317e+02  3.730926e+02
12  7.041172e+01  3.450085e+02
13  -3.660666e+00  3.814733e+02
14  -6.731150e+01  1.626918e+02
15  4.694776e+01  1.564948e+02
16  -4.500240e+01  1.076626e+02
17  2.242191e+00  3.886176e+01
18  -8.335665e+00  7.475752e+00
19  -2.141048e+01  2.967654e+01
20  8.121388e-01  1.469057e+01
21  -8.203344e+00  2.959943e+01
22  -1.846240e+01  3.150316e+01
23  -1.452934e+01  1.790013e+01
24  -1.093483e+01  4.636213e+00
25  -9.168102e+00  -2.957687e+00
26  -4.570046e+00  -3.069435e+00
27  -2.484820e+00  -3.119473e+00
28  -3.881110e+00  -1.830955e+00
29  -4.457654e+00  -1.437917e+00
30  -3.653612e+00  -1.163172e+00
31  -3.167115e+00  -1.073467e+00
32  -2.095240e+00  -1.138362e+00
33  -1.417813e+00  -1.338984e+00
34  -1.417086e+00  -5.919943e-01
35  -7.113546e-01  -5.757760e-01
36  -5.298695e-01  -4.085681e-01
37  -9.401284e-02  7.200984e-01
38  -2.740371e+00  1.684621e+00
39  -9.744917e+00  5.391659e-01
40  -1.149232e+01  2.019352e+00
41  -9.318572e+00  2.624053e+00
42  -1.360125e+01  -1.044396e+01
43  -1.445291e+01  -2.224537e+01
44  -1.310479e+01  -3.308191e+01
45  -2.013679e+01  -4.331307e+01
46  -3.046376e+01  -9.878522e+01
47  -1.642652e+01  -1.551153e+02
48  1.057660e+02  -2.210191e+02
49  2.693409e+02  -2.134430e+02
50  2.353103e+02  -2.478894e+02
51  2.690260e+02  -1.562961e+02
52  4.684179e+02  4.442417e+01
53  1.130758e+03  9.895373e+01
54  1.674192e+03  -1.737089e+02
55  2.597077e+03  -7.230050e+02
56  3.920711e+03  -1.101440e+03
57  5.469907e+03  -1.905816e+03
58  4.280178e+02  -1.719185e+03
59  -7.802865e+03  -1.701644e+03
60  -2.701376e+04  -1.166513e+03
61  -6.404054e+04  -2.565527e+03
62  -1.811660e+05  2.194189e+02
63  -7.120569e+05  -1.894159e+03
ENDPROP
STARTPROP
MASSES:  4.200000e-03   4.500000e-02
SOURCE: GAM_24
SINKS: GAM_24
0  2.561139e+04  -1.157712e+04
1  1.317205e+06  3.519693e+03
2  5.574292e+05  9.022796e+03
3  2.964660e+05  6.513061e+03
4  1.537219e+05  2.323392e+03
5  8.010335e+04  3.049834e+03
6  4.028453e+04  2.693851e+03
7  2.269824e+04  1.221644e+03
8  1.368936e+04  1.273675e+03
9  7.879064e+03  8.858691e+02
10  5.344760e+03  6.096893e+02
11  2.424766e+03  8.251316e+02
12  1.113873e+03  8.417655e+02
13  9.729698e+02  1.480860e+02
14  7.805982e+02  -2.244058e+02
15  3.885846e+02  -1.937010e+02
16  8.567058e+01  -1.160707e+02
17  -5.438666e+01  -8.834721e+01
18  -5.543482e+01  -1.092590e+02
19  2.356291e+01  -6.714100e+01
20  3.361086e+01  -7.270092e+01
21  -8.530665e+00  -4.781478e+01
22  -1.862390e+01  -4.260383e+01
23  -2.156548e+01  -3.083740e+01
24  -2.742409e+01  -1.566964e+01
25  -2.175886e+01  3.413594e+00
26  -1.004971e+01  3.824634e+00
27  -3.032106e+00  2.956473e-01
28  4.156362e-02  -8.460537e-01
29  1.148209e+00  -1.029183e+00
30  1.107687e+00  1.639869e-01
31  1.508014e-01  4.099393e-01
32  -1.113795e+00  1.309186e+00
33  -8.139851e-01  1.389929e+00
34  -1.323545e+00  1.210949e+00
35  -1.917485e+00  1.208257e+00
36  -1.264011e+00  -2.227919e-01
37  5.818103e-01  -5.668564e-01
38  -1.211010e+00  -1.935426e+00
39  -4.493964e+00  -4.867207e+00
40  -6.727261e+00  -1.200226e+01
41  -8.604486e+00  -1.318532e+00
42  -1.132556e+01  -4.533109e-01
43  -2.969866e+01  7.610864e+00
44  -3.348380e+01  4.338483e+01
45  -7.213079e+01  9.986956e+01
46  -8.879783e+01  1.591461e+02
47  -1.127710e+02  2.106544e+02
48  -1.332031e+02  1.503110e+02
49  -1.604984e+02  7.898132e+01
50  -1.515350e+02  1.727800e+02
51  2.019041e+02  1.883545e+02
52  7.268394e+02  -1.939323e+02
53  1.746235e+03  1.037848e+02
54  2.957051e+03  4.299103e+02
55  5.229168e+03  9.776793e+02
56  7.628538e+03  2.024420e+03
57  1.456397e+04  2.854938e+03
58  3.194807e+04  2.156137e+03
59  6.994871e+04  2.500121e+02
60  1.500965e+05  4.667614e+03
61  3.041669e+05  2.080598e+03
62  5.931755e+05  -1.079486e+03
63  1.355109e+06  -1.044194e+04
ENDPROP
STARTPROP
MASSES:  4.200000e-03   4.500000e-02
SOURCE: GAM_42
SINKS: GAM_42
0  2.561139e+04  -1.157712e+04
1  1.317205e+06  3.519693e+03
2  5.574292e+05  9.022796e+03
3  2.964660e+05  6.513061e+03
4  1.537219e+05  2.323392e+03
5  8.010335e+04  3.049834e+03
6  4.028453e+04  2.693851e+03
7  2.269824e+04  1.221644e+03
8  1.368936e+04  1.273675e+03
9  7.879064e+03  8.858691e+02
10  5.344760e+03  6.096893e+02
11  2.424766e+03  8.251316e+02
12  1.113873e+03  8.417655e+02
13  9.729698e+02  1.480860e+02
14  7.805982e+02  -2.244058e+02
15  3.885846e+02  -1.937010e+02
16  8.567058e+01  -1.160707e+02
17  -5.438666e+01  -8.834721e+01
18  -5.543482e+01  -1.092590e+02
19  2.356291e+01  -6.714100e+01
20  3.361086e+01  -7.270092e+01
21  -8.530665e+00  -4.781478e+01
22  -1.862390e+01  -4.260383e+01
23  -2.156548e+01  -3.083740e+01
24  -2.742409e+01  -1.566964e+01
25  -2.175886e+01  3.413594e+00
26  -1.004971e+01  3.824634e+00
27  -3.032106e+00  2.956473e-01
28  4.156362e-02  -8.460537e-01
29  1.148209e+00  -1.029183e+00
30  1.107687e+00  1.639869e-01
31  1.508014e-01  4.099393e-01
32  -1.113795e+00  1.309186e+00
33  -8.139851e-01  1.389929e+00
34  -1.323545e+00  1.210949e+00
35  -1.917485e+00  1.208257e+00
36  -1.264011e+00  -2.227919e-01
37  5.818103e-01  -5.668564e-01
38  -1.211010e+00  -1.935426e+00
39  -4.493964e+00  -4.867207e+00
40  -6.727261e+00  -1.200226e+01
41  -8.604486e+00  -1.318532e+00
42  -1.132556e+01  -4.533109e-01
43  -2.969866e+01  7.610864e+00
44  -3.348380e+01  4.338483e+01
45  -7.213079e+01  9.986956e+01
46  -8.879783e+01  1.591461e+02
47  -1.127710e+02  2.106544e+02
48  -1.332031e+02  1.503110e+02
49  -1.604984e+02  7.898132e+01
50  -1.515350e+02  1.727800e+02
51  2.019041e+02  1.883545e+02
52  7.268394e+02  -1.939323e+02
53  1.746235e+03  1.037848e+02
54  2.957051e+03  4.299103e+02
55  5.229168e+03  9.776793e+02
56  7.628538e+03  2.024420e+03
57  1.456397e+04  2.854938e+03
58  3.194807e+04  2.156137e+03
59  6.994871e+04  2.500121e+02
60  1.500965e+05  4.667614e+03
61  3.041669e+05  2.080598e+03
62  5.931755e+05  -1.079486e+03
63  1.355109e+06  -1.044194e+04
ENDPROP
STARTPROP
MASSES:  4.200000e-03   4.500000e-02
SOURCE: GAM_34
SINKS: GAM_34
0  2.938535e+04  1.106176e+04
1  1.302928e+06  1.290448e+04
2  5.425355e+05  1.422490e+04
3  2.849925e+05  6.977962e+03
4  1.564876e+05  3.728440e+03
5  8.293030e+04  2.674982e+03
6  3.955660e+04  2.998570e+03
7  2.125909e+04  1.364796e+03
8  1.278736e+04  -1.298898e+03
9  6.534558e+03  -1.534861e+03
10  2.878988e+03  -1.627679e+03
11  1.571309e+03  -5.245108e+02
12  1.222222e+03  -3.688541e+02
13  4.690021e+02  -1.317320e+02
14  1.454869e+01  6.150423e+00
15  -1.857492e+02  1.107475e+02
16  -3.500677e+01  8.376907e+01
17  4.025026e+01  1.072157e+02
18  4.430834e+01  9.663439e+01
19  4.047940e+01  8.931113e+01
20  5.110545e+01  7.237795e+01
21  4.693282e+01  4.787891e+01
22  1.357645e+01  4.330115e+01
23  1.532956e+01  3.332613e+01
24  1.072509e+01  1.568171e+01
25  7.866286e+00  1.468203e+01
26  7.246582e+00  8.420039e+00
27  6.542839e+00  6.576915e+00
28  4.124704e+00  4.302136e+00
29  1.147865e+00  2.920689e+00
30  2.413714e-02  1.981948e+00
31  5.247737e-01  9.658559e-01
32  9.389543e-01  9.877876e-01
33  1.170229e-01  9.709388e-01
34  -6.041049e-01  1.052860e+00
35  -1.022034e+00  3.353289e-01
36  -5.742380e-01  -1.100509e+00
37  -1.870526e+00  -6.560733e-01
38  -1.915492e+00  -2.275516e+00
39  -1.791471e+00  -6.389051e+00
40  2.778091e+00  -7.329546e+00
41  -1.007071e+01  -1.251013e+00
42  -1.968746e+01  6.359468e+00
43  -5.194633e+01  2.253670e+00
44  -4.381254e+01  9.643754e-02
45  -1.047069e+01  4.433791e+00
46  -3.399835e+01  3.105699e+01
47  -3.018278e+01  1.933985e+01
48  -3.279585e+01  3.039902e+01
49  4.182815e+01  -2.680541e+01
50  2.913007e+02  1.770272e+02
51  7.645296e+02  3.268973e+02
52  1.324565e+03  3.321770e+02
53  1.311398e+03  3.888230e+02
54  2.587019e+03  1.468113e+02
55  4.183969e+03  -7.141078e+02
56  8.292778e+03  -1.562807e+03
57  1.940186e+04  -2.852010e+03
58  3.991875e+04  -4.895466e+03
59  7.627382e+04  -8.544153e+03
60  1.526383e+05  -1.053173e+04
61  2.966038e+05  -1.441078e+04
62  5.706378e+05  -9.367257e+03
63  1.332918e+06  2.755350e+03
ENDPROP
STARTPROP
MASSES:  4.200000e-03   4.500000e-02
SOURCE: GAM_43
SINKS: GAM_43
0  2.938535e+04  1.106176e+04
1  1.302928e+06  1.290448e+04
2  5.425355e+05  1.422490e+04
3  2.849925e+05  6.977962e+03
4  1.564876e+05  3.728440e+03
5  8.293030e+04  2.674982e+03
6  3.955660e+04  2.998570e+03
7  2.125909e+04  1.364796e+03
8  1.278736e+04  -1.298898e+03
9  6.534558e+03  -1.534861e+03
10  2.878988e+03  -1.627679e+03
11  1.571309e+03  -5.245108e+02
12  1.222222e+03  -3.688541e+02
13  4.690021e+02  -1.317320e+02
14  1.454869e+01  6.150423e+00
15  -1.857492e+02  1.107475e+02
16  -3.500677e+01  8.376907e+01
17  4.025026e+01  1.072157e+02
18  4.430834e+01  9.663439e+01
19  4.047940e+01  8.931113e+01
20  5.110545e+01  7.237795e+01
21  4.693282e+01  4.787891e+01
22  1.357645e+01  4.330115e+01
23  1.532956e+01  3.332613e+01
24  1.072509e+01  1.568171e+01
25  7.866286e+00  1.468203e+01
26  7.246582e+00  8.420039e+00
27  6.542839e+00  6.576915e+00
28  4.124704e+00  4.302136e+00
29  1.147865e+00  2.920689e+00
30  2.413714e-02  1.981948e+00
31  5.247737e-01  9.658559e-01
32  9.389543e-01  9.877876e-01
33  1.170229e-01  9.709388e-01
34  -6.041049e-01  1.052860e+00
35  -1.022034e+00  3.353289e-01
36  -5.742380e-01  -1.100509e+00
37  -1.870526e+00  -6.560733e-01
38  -1.915492e+00  -2.275516e+00
39  -1.791471e+00  -6.389051e+00
40  2.778091e+00  -7.329546e+00
41  -1.007071e+01  -1.251013e+00
42  -1.968746e+01  6.359468e+00
43  -5.194633e+01  2.253670e+00
44  -4.381254e+01  9.643754e-02
45  -1.047069e+01  4.433791e+00
46  -3.399835e+01  3.105699e+01
47  -3.018278e+01  1.933985e+01
48  -3.279585e+01  3.039902e+01
49  4.182815e+01  -2.680541e+01
50  2.913007e+02  1.770272e+02
51  7.645296e+02  3.268973e+02
52  1.324565e+03  3.321770e+02
53  1.311398e+03  3.888230e+02
54  2.587019e+03  1.468113e+02
55  4.183969e+03  -7.141078e+02
56  8.292778e+03  -1.562807e+03
57  1.940186e+04  -2.852010e+03
58  3.991875e+04  -4.895466e+03
59  7.627382e+04  -8.544153e+03
60  1.526383e+05  -1.053173e+04
61  2.966038e+05  -1.441078e+04
62  5.706378e+05  -9.367257e+03
63  1.332918e+06  2.755350e+03
ENDPROP
STARTPROP
MASSES:  4.200000e-03   4.500000e-02
SOURCE: GAM_15
SINKS: GAM_15
0  -1.025024e+04  4.333745e+03
1  -9.684411e+05  -6.541934e+03
2  -2.742378e+05  -6.756944e+03
3  -9.871622e+04  -4.085218e+03
4  -4.133038e+04  1.840478e+03
5  -2.122828e+04  1.130086e+03
6  -1.191928e+04  1.023020e+03
7  -1.005236e+04  1.073079e+03
8  -5.441044e+03  9.253320e+02
9  -1.375418e+03  6.543273e+02
10  4.528024e+02  6.665482e+02
11  4.434696e+02  5.735806e+02
12  7.781929e+02  4.214593e+02
13  8.009486e+02  2.384272e+02
14  6.036743e+02  1.063093e+02
15  3.055649e+02  4.333966e+01
16  1.292282e+02  -8.314599e+00
17  1.521852e+02  -5.522235e+01
18  1.805807e+02  -7.940052e+01
19  1.238516e+02  -7.354002e+01
20  8.382791e+01  -3.409702e+01
21  6.264941e+01  -1.121870e+01
22  2.694131e+01  -7.532664e+00
23  7.000022e+00  2.089498e+00
24  5.015228e+00  4.699313e+00
25  4.695187e+00  4.456865e+00
26  5.779960e+00  7.176044e+00
27  4.106014e+00  6.222990e+00
28  1.028719e+00  3.849611e+00
29  -1.010710e+00  1.843667e+00
30  -2.757542e+00  2.061981e+00
31  -2.363317e+00  2.396951e+00
32  -1.822458e+00  2.698853e+00
33  -1.940819e+00  2.791028e+00
34  -1.994106e+00  1.933770e+00
35  -4.029379e-01  -2.253952e-02
36  4.143248e-01  -2.011996e+00
37  1.788987e+00  -3.854582e+00
38  4.500713e+00  -9.478659e+00
39  8.352532e+00  -1.303796e+01
40  7.380167e+00  -1.031357e+01
41  5.061984e+00  -1.627677e+01
42  5.263668e+00  -2.605435e+01
43  1.792597e+01  -3.005856e+01
44  2.314252e+01  -3.582864e-01
45  -1.443002e+00  3.601866e+01
46  -1.243644e+01  2.036403e+01
47  1.503666e+01  -3.736437e+01
48  4.793727e+01  -8.825295e+01
49  1.475265e+01  -2.035419e+02
50  1.398680e+02  -1.374896e+02
51  2.563943e+02  -5.213928e+01
52  5.639520e+02  7.999995e+01
53  -2.066308e+01  3.352717e+01
54  -5.822194e+01  -2.713604e+01
55  6.515028e+02  6.560364e+01
56  1.536224e+03  -6.152625e+02
57  2.301403e+03  -1.101263e+03
58  3.865152e+03  -2.988076e+03
59  -3.519758e+03  -7.108032e+03
60  -3.768199e+04  -4.663191e+03
61  -1.121480e+05  -5.783651e+03
62  -2.987202e+05  -6.840443e+02
63  -9.854717e+05  1.347275e+04
ENDPROP
STARTPROP
MASSES:  4.200000e-03   4.500000e-02
SOURCE: GAM_25
SINKS: GAM_25
0  -5.356547e+04  -1.364947e+04
1  -1.007530e+06  -1.813081e+04
2  -3.051834e+05  -1.536707e+04
3  -1.195694e+05  -1.173900e+04
4  -5.441947e+04  -6.343315e+03
5  -3.287794e+04  -8.766500e+03
6  -1.641258e+04  -9.726483e+03
7  -9.521239e+03  -5.962540e+03
8  -5.413964e+03  -2.999688e+03
9  -2.973516e+03  -9.171518e+02
10  -8.363952e+02  -2.690688e+02
11  -9.369110e+01  -2.895299e+02
12  -9.918667e+01  -1.925401e+02
13  -3.144884e+02  -2.777069e+02
14  -4.739488e+02  -4.774726e+02
15  -4.947060e+02  -3.611019e+02
16  -3.938715e+02  -3.619261e+02
17  -3.336894e+02  -2.824768e+02
18  -2.030153e+02  -1.194122e+02
19  -1.194629e+02  -3.266022e+00
20  -7.577866e+01  2.566347e+01
21  -5.763743e+01  1.897183e+01
22  -4.585261e+01  7.829478e+00
23  -3.157355e+01  5.553450e+00
24  -2.498179e+01  1.903344e+00
25  -1.682121e+01  1.170979e+00
26  -9.042889e+00  6.685171e+00
27  -2.079242e+00  6.088887e+00
28  1.102727e+00  4.582157e+00
29  6.844389e-01  3.271668e+00
30  1.826844e+00  3.020435e+00
31  6.342243e-01  2.350384e+00
32  -3.485104e-01  2.640802e+00
33  -1.752236e+00  2.549485e+00
34  -3.485595e+00  2.197150e+00
35  -3.170504e+00  1.514267e+00
36  -4.223421e+00  3.867222e+00
37  -5.856338e+00  3.386360e+00
38  -1.065011e+01  1.127585e+00
39  -1.139076e+01  2.254820e+00
40  -1.482906e+01  6.140283e-01
41  -2.276263e+01  9.717135e-01
42  -2.491211e+01  1.068268e+01
43  -1.718738e+01  3.150658e+01
44  -7.252817e+00  7.576831e+01
45  4.434308e+00  8.935086e+01
46  4.381861e+00  1.028241e+02
47  3.656207e+01  1.624760e+02
48  9.304346e+01  2.002290e+02
49  1.549884e+02  2.018172e+02
50  3.100962e+02  1.895993e+02
51  3.102868e+02  -2.168289e+01
52  5.746969e+02  -2.950711e+02
53  6.927035e+02  -3.768385e+02
54  3.544584e+02  -6.377199e+02
55  -3.967945e+02  -9.433357e+02
56  -1.865516e+03  2.675530e+02
57  -4.710930e+03  2.394617e+03
58  -8.517856e+03  6.262117e+03
59  -1.931834e+04  9.428639e+03
60  -4.898636e+04  8.378240e+03
61  -1.198826e+05  9.277450e+03
62  -2.985694e+05  1.779531e+04
63  -1.000438e+06  1.590994e+04
ENDPROP
STARTPROP
MASSES:  4.200000e-03   4.500000e-02
SOURCE: GAM_35
SINKS: GAM_35
0  -4.853981e+04  7.465405e+03
1  -9.956536e+05  -4.981836e+03
2  -2.970439e+05  -7.185544e+03
3  -1.195653e+05  -7.466742e+03
4  -4.896340e+04  -1.611936e+03
5  -2.256792e+04  -1.607284e+03
6  -1.456919e+04  -4.412737e+02
7  -1.015448e+04  1.031465e+03
8  -5.401892e+03  2.189801e+03
9  -4.547870e+03  1.649965e+03
10  -2.248099e+03  1.088717e+03
11  -4.955063e+02  1.132612e+03
12  -2.828262e+02  1.071985e+03
13  -2.603746e+02  6.785705e+02
14  -2.427000e+02  1.970884e+02
15  -2.168505e+02  3.316558e+01
16  -2.471261e+02  2.278702e+01
17  -1.680185e+02  8.326055e+01
18  -4.794318e+01  9.845330e+01
19  -2.936903e+01  6.663832e+01
20  -3.411307e+01  5.557522e+01
21  -2.088381e+01  2.989847e+01
22  -1.682435e+01  6.286962e+00
23  -1.577645e+01  -8.424725e+00
24  -1.652666e+01  -1.256361e+01
25  -1.425785e+01  -1.496739e+01
26  -9.424760e+00  -1.350174e+01
27  -7.483945e+00  -1.074531e+01
28  -3.511981e+00  -4.509714e+00
29  -2.123842e+00  3.856120e-01
30  -7.120759e-01  1.042060e+00
31  4.914852e-01  -1.357192e-01
32  5.290298e-01  -9.900171e-01
33  -6.325422e-01  -1.182703e+00
34  -2.100408e+00  -1.707581e+00
35  -1.382805e+00  -9.774569e-01
36  -1.241681e+00  -4.530006e-01
37  -4.082466e-01  2.282430e-01
38  2.151205e+00  6.189473e-01
39  6.379472e-01  8.403720e-01
40  7.844839e+00  6.547616e-01
41  1.565302e+01  -1.211486e+01
42  2.614175e+01  -2.939993e+01
43  2.170529e+01  -5.061053e+01
44  1.927984e+01  -8.621553e+01
45  7.255537e+01  -1.084693e+02
46  1.127986e+02  -1.131596e+02
47  1.168658e+02  -8.464538e+01
48  1.897775e+02  4.612988e+01
49  3.021467e+02  1.808736e+02
50  3.092952e+02  9.719559e+01
51  -1.015692e+02  -2.367795e+02
52  -6.252546e+02  -2.614682e+02
53  -8.475579e+02  -7.832332e+01
54  9.661960e+02  -5.682675e+02
55  4.343914e+03  -3.884050e+02
56  6.520429e+03  1.131397e+02
57  6.317213e+03  2.689857e+03
58  3.877812e+03  5.813431e+03
59  -2.703232e+03  8.040462e+03
60  -2.735238e+04  1.251348e+04
61  -1.097465e+05  9.229292e+03
62  -3.080998e+05  9.042168e+03
63  -1.022231e+06  1.309238e+04
ENDPROP
STARTPROP
MASSES:  4.200000e-03   4.500000e-02
SOURCE: GAM_45
SINKS: GAM_45
0  -1.275013e+06  -6.627574e+03
1  9.580863e+05  1.418403e+03
2  4.885059e+05  8.828158e+03
3  3.502048e+05  8.445818e+03
4  2.494349e+05  7.060018e+03
5  1.736178e+05  5.808612e+03
6  1.206137e+05  5.257401e+03
7  8.563344e+04  3.944547e+03
8  6.094648e+04  3.180733e+03
9  4.307815e+04  2.510746e+03
10  2.997611e+04  2.267067e+03
11  2.133272e+04  1.369744e+03
12  1.482533e+04  9.498790e+02
13  9.928807e+03  7.666746e+02
14  6.802975e+03  5.002181e+02
15  4.601402e+03  5.406140e+02
16  3.173377e+03  3.568233e+02
17  2.200280e+03  2.446441e+02
18  1.462115e+03  1.554001e+02
19  9.721386e+02  1.394780e+02
20  6.640547e+02  8.937356e+01
21  4.652045e+02  6.194983e+01
22  3.223873e+02  4.349818e+01
23  2.172760e+02  2.907784e+01
24  1.487908e+02  2.222670e+01
25  1.025736e+02  1.204828e+01
26  6.926534e+01  8.130464e+00
27  4.890799e+01  3.330540e+00
28  3.416611e+01  5.901641e-01
29  2.470194e+01  -1.586945e+00
30  1.895070e+01  -2.981720e+00
31  1.527653e+01  -3.741393e+00
32  1.436447e+01  -4.295485e+00
33  1.662121e+01  -5.157913e+00
34  2.087308e+01  -6.448261e+00
35  2.751323e+01  -8.882918e+00
36  3.749986e+01  -1.153017e+01
37  5.288861e+01  -1.626584e+01
38  7.321520e+01  -2.261934e+01
39  1.057429e+02  -3.154486e+01
40  1.437314e+02  -4.416542e+01
41  1.961075e+02  -5.809533e+01
42  2.805696e+02  -7.967963e+01
43  4.137047e+02  -9.587655e+01
44  5.989834e+02  -1.219333e+02
45  8.477876e+02  -1.401843e+02
46  1.205953e+03  -1.670182e+02
47  1.769808e+03  -2.480074e+02
48  2.595508e+03  -3.545816e+02
49  3.802612e+03  -4.272251e+02
50  5.658717e+03  -5.778440e+02
51  8.430545e+03  -6.642747e+02
52  1.259190e+04  -7.884993e+02
53  1.795807e+04  -9.785549e+02
54  2.556605e+04  -1.459581e+03
55  3.668961e+04  -2.027623e+03
56  5.146927e+04  -2.689625e+03
57  7.376391e+04  -4.607712e+03
58  1.065895e+05  -6.200964e+03
59  1.585258e+05  -9.848360e+03
60  2.278114e+05  -1.318460e+04
61  3.380770e+05  -1.449919e+04
62  4.937558e+05  -1.854644e+04
63  9.639801e+05  -1.978753e+04
ENDPROP
STARTPROP
MASSES:  4.200000e-03   4.500000e-02
SOURCE: PSAX4
SINKS: GAM_4
0  -1.558147e+04  1.670181e+04
1  1.634000e+06  5.823870e+03
2  1.010054e+06  1.069614e+04
3  7.031796e+05  9.615945e+03
4  4.947578e+05  7.765688e+03
5  3.434327e+05  4.948090e+03
6  2.377254e+05  5.611010e+03
7  1.667554e+05  4.347009e+03
8  1.177577e+05  3.620008e+03
9  8.198132e+04  2.983377e+03
10  5.713406e+04  2.778646e+03
11  4.036179e+04  1.606894e+03
12  2.812911e+04  9.878429e+02
13  1.907924e+04  8.820793e+02
14  1.306194e+04  4.835597e+02
15  8.904373e+03  4.833363e+02
16  6.023422e+03  3.200562e+02
17  4.121729e+03  1.886330e+02
18  2.783617e+03  1.292531e+02
19  1.874439e+03  1.021106e+02
20  1.290538e+03  6.369841e+01
21  9.012963e+02  4.758068e+01
22  6.213949e+02  2.980105e+01
23  4.184350e+02  1.843737e+01
24  2.845855e+02  1.625868e+01
25  1.927669e+02  9.872731e+00
26  1.312496e+02  6.653085e+00
27  9.072433e+01  3.492690e+00
28  6.096713e+01  1.920986e+00
29  3.973936e+01  1.645379e+00
30  2.350769e+01  1.719220e+00
31  1.086607e+01  2.348420e+00
32  3.049745e-01  2.338641e+00
33  -1.034584e+01  3.806674e+00
34  -2.279134e+01  4.571275e+00
35  -3.754343e+01  6.113594e+00
36  -5.734370e+01  6.445145e+00
37  -8.580970e+01  7.567680e+00
38  -1.262009e+02  1.106570e+01
39  -1.840897e+02  1.177672e+01
40  -2.650683e+02  1.606610e+01
41  -3.740720e+02  1.981923e+01
42  -5.479476e+02  2.674978e+01
43  -7.994688e+02  2.452892e+01
44  -1.173081e+03  2.000370e+01
45  -1.713181e+03  -6.622472e+00
46  -2.455558e+03  -3.100404e+01
47  -3.611004e+03  -1.192596e+01
48  -5.237429e+03  -5.801002e+01
49  -7.719894e+03  -1.280324e+02
50  -1.131475e+04  -1.754241e+02
51  -1.676929e+04  -3.273254e+02
52  -2.454904e+04  -5.234828e+02
53  -3.540174e+04  -7.444319e+02
54  -5.030855e+04  -8.332369e+02
55  -7.204697e+04  -1.071023e+03
56  -1.034333e+05  -2.168936e+03
57  -1.485028e+05  -2.079748e+03
58  -2.188723e+05  -3.778259e+03
59  -3.268954e+05  -2.905644e+03
60  -4.789762e+05  -1.083391e+03
61  -7.105211e+05  1.419941e+03
62  -1.048551e+06  3.085313e+03
63  -1.675658e+06  5.814765e+03
ENDPROP
STARTPROP
MASSES:  4.200000e-03   4.500000e-02
SOURCE: WWPSAX4
SINKS: GAM_4
0  1.188784e+08  1.711599e+08
1  9.382377e+08  2.135560e+08
2  6.661386e+08  -8.800121e+06
3  5.267312e+08  -5.284006e+07
4  3.308809e+08  -3.347775e+07
5  1.706591e+08  2.267230e+07
6  1.214260e+08  2.573492e+07
7  1.143510e+08  1.638133e+07
8  3.283573e+07  1.729538e+07
9  5.696573e+07  6.114959e+06
10  2.230132e+07  3.492814e+06
11  2.653594e+07  1.409468e+06
12  1.657040e+07  -3.153823e+06
13  8.637908e+06  -1.179519e+05
14  3.577310e+06  -4.587262e+05
15  6.923539e+06  9.666473e+05
16  3.805412e+06  1.470210e+06
17  1.237057e+06  4.158965e+05
18  1.645588e+06  2.608386e+03
19  9.675650e+05  3.299097e+05
20  4.507164e+05  1.567734e+05
21  2.711648e+05  -1.165135e+04
22  3.404297e+05  1.479757e+05
23  3.773944e+05  4.000699e+04
24  2.175359e+05  1.502967e+04
25  1.024313e+05  -1.718671e+04
26  1.185996e+05  -3.336282e+03
27  8.411019e+04  1.709324e+04
28  1.015015e+04  1.643790e+04
29  2.822067e+04  1.362990e+04
30  1.614646e+04  1.059494e+04
31  3.651242e+03  1.232585e+04
32  1.755189e+04  -1.210367e+04
33  -1.042397e+04  4.559138e+03
34  -1.146015e+04  1.108656e+04
35  -3.178642e+04  -1.466844e+04
36  -3.055142e+04  -3.553126e+04
37  -4.015184e+04  -1.270445e+04
38  -5.874921e+04  3.557328e+04
39  -1.603740e+05  3.451048e+04
40  -9.697397e+04  8.238688e+04
41  -7.165889e+04  -7.754765e+04
42  -4.484685e+05  -2.750196e+03
43  -4.589683e+05  -2.286855e+05
44  -9.077112e+05  -7.527270e+05
45  -1.234634e+06  1.834418e+05
46  -1.739746e+06  -2.041146e+05
47  -1.463670e+06  -1.982930e+05
48  -2.900618e+06  -4.060195e+05
49  -4.041182e+06  -6.623592e+05
50  -4.592753e+06  -4.976757e+05
51  -9.168067e+06  1.483087e+05
52  -1.214166e+07  -2.414478e+06
53  -1.219917e+07  2.521997e+05
54  -3.003538e+07  2.103742e+06
55  -3.763844e+07  -3.188904e+06
56  -6.883619e+07  -8.507734e+05
57  -6.292021e+07  -7.928537e+06
58  -1.026236e+08  1.002111e+07
59  -1.528562e+08  6.417269e+07
60  -1.642869e+08  -5.463172e+06
61  -1.590146e+08  -4.657841e+07
62  -7.160343e+08  2.971220e+06
63  -1.597066e+09  -1.049423e+07
ENDPROP
STARTPROP
MASSES:  4.200000e-03   4.500000e-02
SOURCE: WWGAM_5
SINKS: GAM_5
0  1.730004e+10  -4.926104e+01
1  1.832655e+09  1.746528e+07
2  1.250011e+09  3.380983e+07
3  9.340684e+08  -6.851690e+07
4  6.357242e+08  -4.447549e+07
5  4.270116e+08  3.963607e+07
6  2.567830e+08  1.068806e+07
7  1.893560e+08  1.460624e+07
8  9.511585e+07  2.265483e+07
9  9.537382e+07  9.123718e+06
10  5.439004e+07  4.267594e+06
11  4.587460e+07  1.412385e+06
12  3.131629e+07  1.465759e+05
13  1.993456e+07  1.421539e+06
14  1.144341e+07  -1.183915e+06
15  1.210716e+07  -7.814945e+04
16  7.266300e+06  1.956681e+06
17  4.662019e+06  5.372660e+05
18  3.716499e+06  -2.518826e+05
19  2.058644e+06  2.323615e+05
20  1.196145e+06  2.658226e+05
21  8.367234e+05  -1.441691e+05
22  5.670775e+05  1.258234e+05
23  5.065298e+05  9.883674e+04
24  3.849504e+05  6.597176e+04
25  1.991268e+05  -2.186985e+03
26  1.517913e+05  -1.979209e+04
27  1.309880e+05  2.497757e+04
28  6.140360e+04  2.134857e+04
29  7.975777e+04  2.205780e+04
30  3.130149e+04  4.424991e+03
31  2.931763e+04  7.142341e+03
32  2.928232e+04  -1.836901e+04
33  2.966836e+04  -4.909889e+03
34  3.849524e+04  -1.009522e+04
35  6.388657e+04  6.272088e+03
36  6.053925e+04  2.486545e+04
37  7.720239e+04  5.540396e+03
38  1.201491e+05  -1.085018e+04
39  2.489204e+05  1.158543e+03
40  2.986240e+05  -1.063234e+05
41  3.143967e+05  3.360784e+04
42  9.076214e+05  -8.259355e+04
43  7.848917e+05  1.181153e+05
44  1.393801e+06  5.046175e+05
45  2.262669e+06  -2.214232e+05
46  2.804156e+06  1.116561e+05
47  3.281791e+06  5.195915e+05
48  6.559196e+06  -5.561378e+05
49  9.781247e+06  8.824030e+05
50  1.129802e+07  5.363499e+05
51  1.731452e+07  -1.641576e+06
52  2.324803e+07  1.336660e+05
53  3.727811e+07  -2.240373e+06
54  5.042075e+07  -1.096674e+06
55  8.502549e+07  2.336594e+06
56  1.199552e+08  3.232514e+06
57  1.503598e+08  4.896892e+06
58  2.719981e+08  1.119108e+07
59  3.385156e+08  -3.043270e+07
60  4.986022e+08  -1.267539e+07
61  5.936302e+08  8.368816e+07
62  1.324149e+09  1.529381e+07
63  2.592882e+09  6.988397e+07
ENDPROP
