STARTPROP
MASSES:  4.500000e-02   4.500000e-02
SOURCE: GAM_1
SINKS: GAM_1
0  1.303286e+06  7.453803e-14
1  1.917448e+06  6.526169e-13
2  8.514663e+05  3.498070e-15
3  4.355004e+05  -3.854745e-15
4  2.124954e+05  -1.501647e-15
5  1.008991e+05  6.214397e-14
6  4.908698e+04  3.302166e-14
7  2.395340e+04  2.434653e-14
8  1.177796e+04  1.077683e-14
9  5.676759e+03  9.177328e-15
10  2.792940e+03  2.376630e-15
11  1.466146e+03  5.881549e-15
12  7.999827e+02  2.147053e-15
13  4.267593e+02  -1.098882e-15
14  2.065492e+02  -5.651631e-16
15  8.075343e+01  -4.048500e-16
16  3.486694e+01  7.662752e-17
17  1.373285e+01  1.870066e-16
18  3.561684e+00  1.556240e-16
19  1.740802e+00  4.301668e-17
20  -1.042018e-01  -3.328873e-18
21  -4.326493e-01  2.834328e-17
22  -4.344252e-01  -1.408017e-17
23  -4.436700e-01  -4.996215e-18
24  -2.164921e-01  -1.472833e-18
25  -1.152270e-01  4.715154e-18
26  -7.042881e-02  -2.921941e-18
27  -2.187420e-02  1.282334e-18
28  1.203119e-02  3.855208e-19
29  3.259457e-03  4.399691e-19
30  -7.779180e-03  3.484871e-20
31  3.563168e-03  2.450928e-19
32  1.190678e-02  -1.666319e-20
33  1.326296e-02  -1.121993e-19
34  1.006080e-02  2.938509e-19
35  -1.467062e-02  -6.237252e-19
36  -4.237843e-02  -8.792585e-19
37  -4.739098e-02  1.822552e-18
38  -5.036098e-02  2.107212e-18
39  -6.140043e-02  4.728674e-18
40  -6.455117e-02  -7.299805e-18
41  -2.380926e-01  1.980025e-17
42  -1.037198e+00  3.054452e-17
43  -1.877109e+00  5.830660e-17
44  -2.874959e+00  4.415524e-17
45  -2.896934e+00  -9.441863e-17
46  4.267162e+00  -1.012762e-16
47  9.993727e+00  4.847881e-17
48  2.190692e+01  2.736145e-16
49  6.359552e+01  3.639433e-16
50  1.382908e+02  -9.900713e-16
51  2.557964e+02  -1.683956e-15
52  5.089834e+02  -1.681390e-15
53  1.167199e+03  7.002459e-16
54  2.588539e+03  -1.123963e-14
55  5.913073e+03  9.202868e-15
56  1.330682e+04  4.424031e-15
57  2.824434e+04  1.826538e-14
58  5.503674e+04  3.983267e-15
59  1.090188e+05  -3.374625e-14
60  2.171630e+05  -1.457891e-13
61  4.364341e+05  2.774902e-13
62  8.624762e+05  5.647018e-13
63  1.935460e+06  -1.983752e-13
ENDPROP
STARTPROP
MASSES:  4.500000e-02   4.500000e-02
SOURCE: GAM_2
SINKS: GAM_2
0  1.350126e+06  -8.733634e-13
1  1.963665e+06  6.503756e-13
2  8.898830e+05  -8.019887e-14
3  4.568449e+05  1.062950e-13
4  2.214242e+05  2.050259e-13
5  1.057888e+05  4.698682e-14
6  5.126212e+04  -3.349111e-14
7  2.419722e+04  -4.038972e-15
8  1.193884e+04  6.669219e-15
9  5.499903e+03  3.374569e-15
10  2.253209e+03  9.070603e-15
11  9.887966e+02  1.353161e-15
12  3.727771e+02  -2.775754e-16
13  1.564205e+02  -9.504277e-16
14  8.165236e+01  -5.681040e-16
15  4.535265e+01  1.138120e-16
16  1.906303e+01  5.048470e-17
17  8.552033e+00  -4.605964e-17
18  4.373857e+00  1.274280e-16
19  3.132362e-01  3.610150e-17
20  1.449166e-01  1.150733e-17
21  2.952340e-01  -2.383988e-17
22  6.975602e-01  -2.452789e-17
23  6.017008e-01  -1.557184e-17
24  4.868830e-01  -9.549292e-18
25  3.214638e-01  -1.846969e-18
26  1.982187e-01  -1.652821e-18
27  1.409512e-01  -2.373093e-19
28  5.767091e-02  1.556597e-18
29  2.811509e-02  1.298371e-18
30  8.307374e-03  2.135330e-19
31  4.364059e-03  3.557789e-20
32  -7.837861e-03  2.390944e-19
33  -2.689357e-02  -7.755035e-20
34  -3.951213e-02  5.995206e-19
35  -5.989489e-02  5.514834e-19
36  -6.756429e-02  8.920460e-20
37  5.740410e-03  2.007747e-19
38  1.410191e-01  -1.881678e-18
39  2.620738e-01  -7.018191e-18
40  4.184726e-01  6.293168e-18
41  1.108377e+00  -4.544110e-18
42  1.402150e+00  2.338962e-18
43  1.823381e+00  -3.266305e-17
44  2.874004e+00  4.984620e-18
45  5.392076e+00  -2.126378e-17
46  8.002124e+00  9.093905e-18
47  2.041516e+01  2.286732e-16
48  4.013149e+01  7.044832e-16
49  4.840755e+01  -8.199242e-16
50  6.430700e+01  -3.756946e-16
51  1.845757e+02  8.704922e-16
52  5.266659e+02  5.053377e-16
53  1.351294e+03  1.246575e-15
54  3.140300e+03  -2.014476e-15
55  7.140967e+03  -4.768324e-15
56  1.426763e+04  2.196642e-14
57  2.914978e+04  2.552433e-14
58  5.866691e+04  1.444972e-14
59  1.152268e+05  -5.272502e-15
60  2.259790e+05  3.669337e-14
61  4.383796e+05  7.235919e-14
62  8.651254e+05  2.795306e-13
63  1.945982e+06  3.063261e-14
ENDPROP
STARTPROP
MASSES:  4.500000e-02   4.500000e-02
SOURCE: GAM_3
SINKS: GAM_3
0  1.336014e+06  4.476647e-13
1  1.949170e+06  -3.690734e-13
2  8.697393e+05  4.472277e-14
3  4.293427e+05  -5.817346e-14
4  2.082821e+05  -3.847861e-14
5  1.009928e+05  6.702144e-14
6  4.952981e+04  -1.856699e-14
7  2.341187e+04  2.690152e-14
8  1.059704e+04  -3.362985e-15
9  5.189573e+03  -6.177306e-15
10  2.518986e+03  3.441620e-15
11  1.303533e+03  8.649723e-16
12  6.655573e+02  2.422799e-15
13  2.721532e+02  -9.083666e-17
14  9.167481e+01  -4.186761e-16
15  4.633217e+01  -2.617969e-16
16  2.495293e+01  3.689500e-16
17  1.390442e+01  1.752635e-16
18  4.173566e+00  1.107148e-16
19  -1.443242e+00  -2.134060e-18
20  -4.271768e-01  2.743452e-17
21  -2.776821e-01  -5.626130e-18
22  -9.670720e-02  1.396347e-17
23  -2.777883e-01  1.156582e-17
24  -2.817075e-02  -1.703412e-18
25  -6.285848e-02  -1.874530e-18
26  -4.023831e-02  -1.280442e-18
27  2.396580e-02  1.062814e-18
28  5.369894e-02  -4.567737e-19
29  4.963123e-02  1.273858e-19
30  3.748762e-02  -3.169585e-19
31  1.172887e-02  -4.424630e-20
32  -1.335827e-03  7.437336e-21
33  -1.021680e-02  1.610187e-19
34  -4.629136e-03  3.495837e-19
35  -1.945285e-02  2.551574e-19
36  -5.060390e-02  -3.967711e-19
37  -1.065404e-01  4.532515e-20
38  -1.211637e-01  4.728572e-18
39  -2.107733e-01  -3.322892e-18
40  -4.456212e-01  3.355793e-18
41  -3.357084e-01  -3.302477e-19
42  -6.600204e-01  1.683459e-17
43  -8.488779e-01  6.387074e-17
44  5.121482e-01  1.596475e-17
45  4.674780e+00  3.287348e-17
46  9.861505e+00  -6.445371e-17
47  8.880464e+00  -9.563145e-17
48  1.660239e+01  5.474040e-17
49  3.431657e+01  5.481796e-16
50  1.020737e+02  5.813278e-16
51  2.372718e+02  1.370660e-15
52  5.203892e+02  3.583511e-15
53  1.164590e+03  6.884629e-16
54  2.684574e+03  8.493235e-15
55  5.992645e+03  -5.640106e-15
56  1.262164e+04  4.841268e-16
57  2.716362e+04  -7.002269e-15
58  5.516726e+04  -6.988340e-15
59  1.104085e+05  1.509407e-14
60  2.230719e+05  -3.658926e-14
61  4.444639e+05  2.641659e-14
62  8.775404e+05  -1.078694e-14
63  1.954462e+06  -4.526209e-13
ENDPROP
STARTPROP
MASSES:  4.500000e-02   4.500000e-02
SOURCE: GAM_4
SINKS: GAM_4
0  2.132265e+06  -2.059583e-13
1  -2.638487e+05  2.669456e-13
2  -4.595693e+02  1.389183e-13
3  -2.508441e+03  -1.189929e-13
4  8.791806e+02  -4.262286e-14
5  -5.704799e+01  2.687920e-15
6  -1.061562e+02  -4.595741e-14
7  1.524197e+02  4.790143e-14
8  1.186918e+02  8.005681e-16
9  -7.135472e+00  1.098991e-15
10  -3.069504e+01  -5.143906e-15
11  1.575091e+01  2.238982e-15
12  -8.094002e+00  -1.151029e-15
13  -5.907729e+00  -1.557518e-15
14  -5.038952e-01  -4.000820e-16
15  2.448574e+00  5.444632e-16
16  -5.255810e-01  -1.411604e-16
17  -1.948756e-01  -2.954971e-16
18  1.077065e+00  2.263331e-16
19  3.403643e-02  -8.270637e-17
20  -4.360038e-01  1.004578e-17
21  5.134083e-02  -5.855041e-18
22  9.885971e-03  -2.486537e-17
23  2.437824e-03  -3.855049e-18
24  -3.953454e-02  1.342942e-18
25  -6.630500e-03  -1.328194e-18
26  -1.679108e-02  7.079151e-19
27  -4.656120e-03  -1.879037e-18
28  -9.898381e-03  -8.551306e-19
29  -9.837270e-03  3.523442e-19
30  -7.701184e-03  8.090560e-19
31  -1.029610e-02  -2.592487e-19
32  -1.067147e-02  4.116391e-19
33  -1.385306e-02  -4.234771e-19
34  -8.311395e-03  2.153323e-19
35  -1.285825e-02  -1.128319e-18
36  -1.598444e-02  5.830475e-19
37  -2.417272e-02  1.737048e-18
38  -1.833171e-02  -1.972570e-18
39  -1.123230e-02  8.242152e-18
40  -3.418830e-02  -1.983856e-17
41  1.088983e-01  -1.268084e-17
42  8.713420e-02  2.515743e-17
43  1.127178e-01  -1.368063e-17
44  -1.604519e-02  -1.083386e-16
45  -5.342893e-02  1.384307e-16
46  -1.304149e-01  4.860994e-17
47  -5.512243e-01  -2.055475e-16
48  5.385098e-01  -3.072273e-16
49  -1.883959e+00  -1.286811e-16
50  3.596326e+00  8.681365e-16
51  -1.052480e+01  -4.829735e-16
52  -1.612409e+00  6.887966e-17
53  2.059131e+01  1.058555e-15
54  -1.414842e+01  -6.981203e-15
55  6.987798e+00  1.346245e-14
56  -5.625230e+01  1.497205e-15
57  -3.988836e+01  -3.062660e-14
58  -2.397564e+02  -2.558935e-14
59  2.547840e+02  6.833924e-14
60  -1.205870e+02  -1.179868e-13
61  -2.711057e+03  -1.547525e-14
62  -3.763915e+03  3.762090e-13
63  -2.646237e+05  -3.010407e-13
ENDPROP
STARTPROP
MASSES:  4.500000e-02   4.500000e-02
SOURCE: GAM_5
SINKS: GAM_5
0  5.453265e+06  0.000000e+00
1  5.303587e+06  0.000000e+00
2  3.359175e+06  0.000000e+00
3  2.171291e+06  0.000000e+00
4  1.356182e+06  0.000000e+00
5  8.193057e+05  0.000000e+00
6  4.937832e+05  0.000000e+00
7  3.018312e+05  0.000000e+00
8  1.850726e+05  0.000000e+00
9  1.131280e+05  0.000000e+00
10  6.915057e+04  0.000000e+00
11  4.260642e+04  0.000000e+00
12  2.612920e+04  0.000000e+00
13  1.595386e+04  0.000000e+00
14  9.600462e+03  0.000000e+00
15  5.807744e+03  0.000000e+00
16  3.474244e+03  0.000000e+00
17  2.083847e+03  0.000000e+00
18  1.268253e+03  0.000000e+00
19  7.661021e+02  0.000000e+00
20  4.571301e+02  0.000000e+00
21  2.752842e+02  0.000000e+00
22  1.688561e+02  0.000000e+00
23  1.048141e+02  0.000000e+00
24  6.456349e+01  0.000000e+00
25  3.961869e+01  0.000000e+00
26  2.389576e+01  0.000000e+00
27  1.423452e+01  0.000000e+00
28  8.711424e+00  0.000000e+00
29  5.560807e+00  0.000000e+00
30  3.751390e+00  0.000000e+00
31  2.920671e+00  0.000000e+00
32  2.839455e+00  0.000000e+00
33  3.415435e+00  0.000000e+00
34  4.748412e+00  0.000000e+00
35  7.160324e+00  0.000000e+00
36  1.128087e+01  0.000000e+00
37  1.795240e+01  0.000000e+00
38  2.874518e+01  0.000000e+00
39  4.713850e+01  0.000000e+00
40  7.791031e+01  0.000000e+00
41  1.295226e+02  0.000000e+00
42  2.117165e+02  0.000000e+00
43  3.355296e+02  0.000000e+00
44  5.466350e+02  0.000000e+00
45  8.988133e+02  0.000000e+00
46  1.463113e+03  0.000000e+00
47  2.382384e+03  0.000000e+00
48  3.909422e+03  0.000000e+00
49  6.490919e+03  0.000000e+00
50  1.060683e+04  0.000000e+00
51  1.728670e+04  0.000000e+00
52  2.846290e+04  0.000000e+00
53  4.614137e+04  0.000000e+00
54  7.505747e+04  0.000000e+00
55  1.231408e+05  0.000000e+00
56  2.006281e+05  0.000000e+00
57  3.290450e+05  0.000000e+00
58  5.316189e+05  0.000000e+00
59  8.457814e+05  0.000000e+00
60  1.338309e+06  0.000000e+00
61  2.117230e+06  0.000000e+00
62  3.291656e+06  0.000000e+00
63  5.271495e+06  0.000000e+00
ENDPROP
STARTPROP
MASSES:  4.500000e-02   4.500000e-02
SOURCE: GAM_12
SINKS: GAM_12
0  9.396968e+05  0.000000e+00
1  -6.012565e+05  0.000000e+00
2  -1.313377e+05  0.000000e+00
3  -4.986196e+04  0.000000e+00
4  -1.524259e+04  0.000000e+00
5  -4.394590e+03  0.000000e+00
6  -2.010790e+03  0.000000e+00
7  -6.726726e+02  0.000000e+00
8  1.428142e+02  0.000000e+00
9  2.813012e+02  0.000000e+00
10  1.507126e+02  0.000000e+00
11  7.399792e+01  0.000000e+00
12  2.084766e+01  0.000000e+00
13  6.437261e+00  0.000000e+00
14  1.110493e+01  0.000000e+00
15  6.215970e+00  0.000000e+00
16  1.370835e+00  0.000000e+00
17  1.704015e+00  0.000000e+00
18  2.030726e+00  0.000000e+00
19  1.614221e+00  0.000000e+00
20  3.681304e-01  0.000000e+00
21  4.675183e-01  0.000000e+00
22  1.998046e-01  0.000000e+00
23  -7.637155e-02  0.000000e+00
24  -3.265936e-02  0.000000e+00
25  -3.900782e-02  0.000000e+00
26  -1.012484e-02  0.000000e+00
27  -9.902573e-03  0.000000e+00
28  -1.810682e-02  0.000000e+00
29  -1.572395e-02  0.000000e+00
30  -5.391124e-03  0.000000e+00
31  5.964288e-03  0.000000e+00
32  1.123350e-02  0.000000e+00
33  2.053985e-02  0.000000e+00
34  2.317687e-02  0.000000e+00
35  1.514024e-02  0.000000e+00
36  -1.508562e-02  0.000000e+00
37  -4.495690e-02  0.000000e+00
38  -8.483656e-02  0.000000e+00
39  -1.156257e-01  0.000000e+00
40  -2.678561e-01  0.000000e+00
41  -5.195570e-01  0.000000e+00
42  -7.517930e-01  0.000000e+00
43  -6.140238e-01  0.000000e+00
44  -8.384537e-01  0.000000e+00
45  -1.721602e+00  0.000000e+00
46  -3.251814e+00  0.000000e+00
47  -7.517256e+00  0.000000e+00
48  -1.392495e+01  0.000000e+00
49  -1.415571e+01  0.000000e+00
50  -2.149805e+01  0.000000e+00
51  -3.052594e+00  0.000000e+00
52  3.135222e+01  0.000000e+00
53  5.203969e+01  0.000000e+00
54  1.142376e+01  0.000000e+00
55  -2.222376e+02  0.000000e+00
56  -6.116742e+02  0.000000e+00
57  -1.181561e+03  0.000000e+00
58  -2.120991e+03  0.000000e+00
59  -5.571612e+03  0.000000e+00
60  -1.410897e+04  0.000000e+00
61  -3.928831e+04  0.000000e+00
62  -1.159888e+05  0.000000e+00
63  -5.864280e+05  0.000000e+00
ENDPROP
STARTPROP
MASSES:  4.500000e-02   4.500000e-02
SOURCE: GAM_21
SINKS: GAM_21
0  9.396968e+05  0.000000e+00
1  -6.012565e+05  0.000000e+00
2  -1.313377e+05  0.000000e+00
3  -4.986196e+04  0.000000e+00
4  -1.524259e+04  0.000000e+00
5  -4.394590e+03  0.000000e+00
6  -2.010790e+03  0.000000e+00
7  -6.726726e+02  0.000000e+00
8  1.428142e+02  0.000000e+00
9  2.813012e+02  0.000000e+00
10  1.507126e+02  0.000000e+00
11  7.399792e+01  0.000000e+00
12  2.084766e+01  0.000000e+00
13  6.437261e+00  0.000000e+00
14  1.110493e+01  0.000000e+00
15  6.215970e+00  0.000000e+00
16  1.370835e+00  0.000000e+00
17  1.704015e+00  0.000000e+00
18  2.030726e+00  0.000000e+00
19  1.614221e+00  0.000000e+00
20  3.681304e-01  0.000000e+00
21  4.675183e-01  0.000000e+00
22  1.998046e-01  0.000000e+00
23  -7.637155e-02  0.000000e+00
24  -3.265936e-02  0.000000e+00
25  -3.900782e-02  0.000000e+00
26  -1.012484e-02  0.000000e+00
27  -9.902573e-03  0.000000e+00
28  -1.810682e-02  0.000000e+00
29  -1.572395e-02  0.000000e+00
30  -5.391124e-03  0.000000e+00
31  5.964288e-03  0.000000e+00
32  1.123350e-02  0.000000e+00
33  2.053985e-02  0.000000e+00
34  2.317687e-02  0.000000e+00
35  1.514024e-02  0.000000e+00
36  -1.508562e-02  0.000000e+00
37  -4.495690e-02  0.000000e+00
38  -8.483656e-02  0.000000e+00
39  -1.156257e-01  0.000000e+00
40  -2.678561e-01  0.000000e+00
41  -5.195570e-01  0.000000e+00
42  -7.517930e-01  0.000000e+00
43  -6.140238e-01  0.000000e+00
44  -8.384537e-01  0.000000e+00
45  -1.721602e+00  0.000000e+00
46  -3.251814e+00  0.000000e+00
47  -7.517256e+00  0.000000e+00
48  -1.392495e+01  0.000000e+00
49  -1.415571e+01  0.000000e+00
50  -2.149805e+01  0.000000e+00
51  -3.052594e+00  0.000000e+00
52  3.135222e+01  0.000000e+00
53  5.203969e+01  0.000000e+00
54  1.142376e+01  0.000000e+00
55  -2.222376e+02  0.000000e+00
56  -6.116742e+02  0.000000e+00
57  -1.181561e+03  0.000000e+00
58  -2.120991e+03  0.000000e+00
59  -5.571612e+03  0.000000e+00
60  -1.410897e+04  0.000000e+00
61  -3.928831e+04  0.000000e+00
62  -1.159888e+05  0.000000e+00
63  -5.864280e+05  0.000000e+00
ENDPROP
STARTPROP
MASSES:  4.500000e-02   4.500000e-02
SOURCE: GAM_13
SINKS: GAM_13
0  9.328285e+05  2.408725e-13
1  -6.034447e+05  -3.081880e-13
2  -1.260042e+05  1.506016e-13
3  -4.685500e+04  -3.893890e-14
4  -1.708142e+04  -3.074486e-14
5  -7.532161e+03  -3.797993e-14
6  -3.929458e+03  -1.319257e-15
7  -2.162371e+03  -2.582191e-14
8  -1.038392e+03  -6.849854e-16
9  -4.247043e+02  -2.983378e-15
10  -5.339978e+01  3.780975e-15
11  2.760534e+01  1.204788e-15
12  -1.650735e+01  6.866091e-17
13  -1.676349e+01  -2.686833e-16
14  -1.049233e+01  2.681663e-16
15  -9.113225e+00  2.422523e-16
16  -9.477413e+00  -1.998837e-16
17  -4.515094e+00  -1.747293e-16
18  -1.093167e-01  2.414287e-17
19  -4.346317e-01  -1.327294e-18
20  -9.133255e-01  1.687088e-17
21  -5.914551e-01  -1.232806e-17
22  -4.643453e-01  2.335243e-18
23  -2.051838e-01  -5.358496e-18
24  -9.789590e-02  3.342354e-18
25  -7.592921e-02  2.559305e-19
26  -2.510072e-02  1.454139e-18
27  -7.445134e-03  -7.161566e-19
28  2.290282e-03  3.008830e-19
29  4.122441e-03  -1.961990e-20
30  -4.616817e-03  -2.654575e-19
31  -5.559889e-03  7.414975e-20
32  -6.829406e-03  3.486473e-20
33  -9.802655e-03  1.022891e-19
34  -9.014257e-03  3.719700e-19
35  -1.879815e-02  4.205742e-19
36  -2.115089e-02  -5.345447e-19
37  -1.905572e-02  -5.925033e-20
38  -1.974914e-04  -4.670433e-19
39  2.298523e-02  -2.213929e-18
40  -2.060239e-02  5.077278e-18
41  -9.896302e-02  -4.728585e-18
42  -3.714118e-01  1.244914e-17
43  -1.012694e+00  2.450327e-17
44  -1.343184e+00  -3.981955e-18
45  -6.113136e-01  -3.780336e-17
46  1.899352e+00  3.380549e-17
47  4.647540e+00  6.995196e-17
48  1.001301e+01  -4.931743e-18
49  2.811920e+01  -6.985878e-17
50  5.396790e+01  -1.833676e-16
51  5.412981e+01  -2.946286e-16
52  5.372314e+01  1.471089e-16
53  7.824706e+01  2.727222e-15
54  5.289303e+01  -2.324005e-15
55  -1.044482e+02  -1.034871e-16
56  -3.346416e+02  7.660364e-15
57  -1.166934e+03  -1.772229e-14
58  -2.804025e+03  7.942513e-15
59  -7.989653e+03  2.593872e-15
60  -2.207318e+04  -4.759782e-14
61  -5.898098e+04  1.849744e-14
62  -1.438378e+05  1.408116e-13
63  -6.146851e+05  -3.999143e-13
ENDPROP
STARTPROP
MASSES:  4.500000e-02   4.500000e-02
SOURCE: GAM_31
SINKS: GAM_31
0  9.328285e+05  2.408725e-13
1  -6.034447e+05  -3.081880e-13
2  -1.260042e+05  1.506016e-13
3  -4.685500e+04  -3.893890e-14
4  -1.708142e+04  -3.074486e-14
5  -7.532161e+03  -3.797993e-14
6  -3.929458e+03  -1.319257e-15
7  -2.162371e+03  -2.582191e-14
8  -1.038392e+03  -6.849854e-16
9  -4.247043e+02  -2.983378e-15
10  -5.339978e+01  3.780975e-15
11  2.760534e+01  1.204788e-15
12  -1.650735e+01  6.866091e-17
13  -1.676349e+01  -2.686833e-16
14  -1.049233e+01  2.681663e-16
15  -9.113225e+00  2.422523e-16
16  -9.477413e+00  -1.998837e-16
17  -4.515094e+00  -1.747293e-16
18  -1.093167e-01  2.414287e-17
19  -4.346317e-01  -1.327294e-18
20  -9.133255e-01  1.687088e-17
21  -5.914551e-01  -1.232806e-17
22  -4.643453e-01  2.335243e-18
23  -2.051838e-01  -5.358496e-18
24  -9.789590e-02  3.342354e-18
25  -7.592921e-02  2.559305e-19
26  -2.510072e-02  1.454139e-18
27  -7.445134e-03  -7.161566e-19
28  2.290282e-03  3.008830e-19
29  4.122441e-03  -1.961990e-20
30  -4.616817e-03  -2.654575e-19
31  -5.559889e-03  7.414975e-20
32  -6.829406e-03  3.486473e-20
33  -9.802655e-03  1.022891e-19
34  -9.014257e-03  3.719700e-19
35  -1.879815e-02  4.205742e-19
36  -2.115089e-02  -5.345447e-19
37  -1.905572e-02  -5.925033e-20
38  -1.974914e-04  -4.670433e-19
39  2.298523e-02  -2.213929e-18
40  -2.060239e-02  5.077278e-18
41  -9.896302e-02  -4.728585e-18
42  -3.714118e-01  1.244914e-17
43  -1.012694e+00  2.450327e-17
44  -1.343184e+00  -3.981955e-18
45  -6.113136e-01  -3.780336e-17
46  1.899352e+00  3.380549e-17
47  4.647540e+00  6.995196e-17
48  1.001301e+01  -4.931743e-18
49  2.811920e+01  -6.985878e-17
50  5.396790e+01  -1.833676e-16
51  5.412981e+01  -2.946286e-16
52  5.372314e+01  1.471089e-16
53  7.824706e+01  2.727222e-15
54  5.289303e+01  -2.324005e-15
55  -1.044482e+02  -1.034871e-16
56  -3.346416e+02  7.660364e-15
57  -1.166934e+03  -1.772229e-14
58  -2.804025e+03  7.942513e-15
59  -7.989653e+03  2.593872e-15
60  -2.207318e+04  -4.759782e-14
61  -5.898098e+04  1.849744e-14
62  -1.438378e+05  1.408116e-13
63  -6.146851e+05  -3.999143e-13
ENDPROP
STARTPROP
MASSES:  4.500000e-02   4.500000e-02
SOURCE: GAM_14
SINKS: GAM_14
0  1.990764e+05  -8.784716e-14
1  1.403984e+06  2.860207e-13
2  5.824064e+05  -4.923161e-14
3  2.905371e+05  1.145928e-13
4  1.392264e+05  -3.009000e-14
5  6.693796e+04  -3.078158e-15
6  3.328973e+04  -4.776171e-14
7  1.653117e+04  -8.921368e-15
8  8.224964e+03  3.249910e-15
9  4.136930e+03  -8.990074e-15
10  2.100923e+03  7.769757e-16
11  1.123438e+03  1.379290e-15
12  6.304304e+02  1.409792e-15
13  3.298161e+02  -3.247230e-16
14  1.557122e+02  8.751908e-16
15  6.615119e+01  -1.556364e-16
16  1.920774e+01  1.369644e-16
17  3.934186e+00  8.538770e-17
18  -2.096743e+00  1.439861e-17
19  -1.620142e+00  -1.788933e-17
20  -1.424682e+00  -4.232487e-17
21  -7.840960e-01  1.858271e-17
22  -3.882301e-01  2.866677e-20
23  -3.717797e-01  -2.779492e-18
24  -2.258856e-01  -2.061293e-18
25  -8.701574e-02  -4.893791e-19
26  -8.238070e-02  -3.972762e-19
27  -6.406095e-02  6.906328e-19
28  -2.281153e-02  3.113121e-19
29  -4.324113e-03  2.700190e-19
30  -3.584383e-03  9.167444e-20
31  7.257491e-03  3.579124e-19
32  1.093831e-02  4.687209e-20
33  2.083143e-02  2.336255e-19
34  2.530120e-02  4.001670e-19
35  2.497077e-02  -1.727261e-19
36  3.998964e-02  5.639909e-19
37  4.967603e-02  -7.315695e-19
38  1.466240e-02  1.067685e-19
39  6.884941e-02  1.634486e-18
40  6.410503e-02  3.661516e-18
41  1.753667e-02  -7.151416e-18
42  -3.757546e-01  1.526690e-17
43  -1.025553e+00  -4.151858e-18
44  -1.966433e+00  -1.269157e-17
45  -2.778084e+00  2.982672e-17
46  -1.517767e-01  -1.227135e-16
47  5.978647e+00  4.767330e-17
48  2.445629e+01  6.685599e-17
49  6.409870e+01  4.595182e-16
50  1.277188e+02  1.645766e-16
51  2.802904e+02  -1.801886e-15
52  4.793895e+02  1.899139e-15
53  8.895702e+02  -1.200517e-15
54  1.718481e+03  6.318555e-16
55  3.550332e+03  -8.843403e-15
56  7.634778e+03  -2.000311e-15
57  1.590349e+04  -2.407637e-14
58  3.279130e+04  -2.792636e-14
59  6.835773e+04  -1.542817e-14
60  1.393731e+05  -1.034845e-13
61  2.813588e+05  6.160358e-14
62  5.640323e+05  -6.344865e-14
63  1.386600e+06  2.557522e-13
ENDPROP
STARTPROP
MASSES:  4.500000e-02   4.500000e-02
SOURCE: GAM_41
SINKS: GAM_41
0  1.990764e+05  -8.784716e-14
1  1.403984e+06  2.860207e-13
2  5.824064e+05  -4.923161e-14
3  2.905371e+05  1.145928e-13
4  1.392264e+05  -3.009000e-14
5  6.693796e+04  -3.078158e-15
6  3.328973e+04  -4.776171e-14
7  1.653117e+04  -8.921368e-15
8  8.224964e+03  3.249910e-15
9  4.136930e+03  -8.990074e-15
10  2.100923e+03  7.769757e-16
11  1.123438e+03  1.379290e-15
12  6.304304e+02  1.409792e-15
13  3.298161e+02  -3.247230e-16
14  1.557122e+02  8.751908e-16
15  6.615119e+01  -1.556364e-16
16  1.920774e+01  1.369644e-16
17  3.934186e+00  8.538770e-17
18  -2.096743e+00  1.439861e-17
19  -1.620142e+00  -1.788933e-17
20  -1.424682e+00  -4.232487e-17
21  -7.840960e-01  1.858271e-17
22  -3.882301e-01  2.866677e-20
23  -3.717797e-01  -2.779492e-18
24  -2.258856e-01  -2.061293e-18
25  -8.701574e-02  -4.893791e-19
26  -8.238070e-02  -3.972762e-19
27  -6.406095e-02  6.906328e-19
28  -2.281153e-02  3.113121e-19
29  -4.324113e-03  2.700190e-19
30  -3.584383e-03  9.167444e-20
31  7.257491e-03  3.579124e-19
32  1.093831e-02  4.687209e-20
33  2.083143e-02  2.336255e-19
34  2.530120e-02  4.001670e-19
35  2.497077e-02  -1.727261e-19
36  3.998964e-02  5.639909e-19
37  4.967603e-02  -7.315695e-19
38  1.466240e-02  1.067685e-19
39  6.884941e-02  1.634486e-18
40  6.410503e-02  3.661516e-18
41  1.753667e-02  -7.151416e-18
42  -3.757546e-01  1.526690e-17
43  -1.025553e+00  -4.151858e-18
44  -1.966433e+00  -1.269157e-17
45  -2.778084e+00  2.982672e-17
46  -1.517767e-01  -1.227135e-16
47  5.978647e+00  4.767330e-17
48  2.445629e+01  6.685599e-17
49  6.409870e+01  4.595182e-16
50  1.277188e+02  1.645766e-16
51  2.802904e+02  -1.801886e-15
52  4.793895e+02  1.899139e-15
53  8.895702e+02  -1.200517e-15
54  1.718481e+03  6.318555e-16
55  3.550332e+03  -8.843403e-15
56  7.634778e+03  -2.000311e-15
57  1.590349e+04  -2.407637e-14
58  3.279130e+04  -2.792636e-14
59  6.835773e+04  -1.542817e-14
60  1.393731e+05  -1.034845e-13
61  2.813588e+05  6.160358e-14
62  5.640323e+05  -6.344865e-14
63  1.386600e+06  2.557522e-13
ENDPROP
STARTPROP
MASSES:  4.500000e-02   4.500000e-02
SOURCE: GAM_23
SINKS: GAM_23
0  9.060591e+05  -1.601227e-13
1  -6.235379e+05  -1.325056e-13
2  -1.420881e+05  9.219692e-14
3  -5.223136e+04  -2.564919e-14
4  -1.801570e+04  -1.857837e-14
5  -6.170189e+03  -7.001767e-14
6  -2.829659e+03  6.750243e-15
7  -1.399462e+03  1.525547e-14
8  -9.566328e+02  1.421511e-15
9  -4.821900e+02  -2.489632e-15
10  -2.098006e+02  1.525509e-15
11  -1.326841e+02  3.590412e-15
12  -6.961017e+01  -2.545669e-16
13  -2.593363e+01  -5.182531e-16
14  -6.530692e+00  -2.971841e-16
15  -2.018575e+00  5.572943e-16
16  -5.770314e+00  -5.276168e-18
17  -6.424005e+00  2.228239e-16
18  -5.190357e+00  -1.350383e-16
19  -1.073165e+00  9.458479e-17
20  -1.359824e-01  -3.414083e-17
21  3.295404e-01  1.008470e-18
22  4.626367e-01  6.936644e-18
23  -5.198963e-02  -1.413228e-18
24  -2.244581e-01  -1.455029e-18
25  -1.671251e-01  -5.782117e-19
26  -1.077155e-02  1.445444e-18
27  4.655547e-02  3.436140e-19
28  1.363243e-02  7.053148e-19
29  -2.876573e-03  2.402273e-19
30  -1.350285e-02  4.631315e-19
31  -1.662544e-02  -1.667451e-19
32  -1.582191e-02  -1.688038e-20
33  -1.448750e-02  -2.750178e-19
34  -1.758671e-02  6.938227e-19
35  -2.315541e-02  -1.264569e-19
36  -3.947477e-02  2.742197e-20
37  -2.667499e-02  1.498417e-20
38  2.814184e-03  -3.723345e-19
39  -3.291541e-02  3.202132e-18
40  -9.676005e-02  -4.971656e-18
41  -3.336395e-01  -8.470247e-18
42  -3.042587e-01  7.838849e-18
43  2.106454e-01  3.272584e-17
44  -2.534726e-01  -1.299650e-17
45  -1.708725e+00  8.854643e-17
46  -2.023737e+00  -5.137977e-17
47  3.612312e+00  3.804423e-17
48  2.240858e+00  3.431039e-16
49  2.903335e+00  -2.269851e-16
50  6.041040e+00  -6.178650e-16
51  3.510018e+01  8.089266e-16
52  4.597575e+01  -1.757387e-15
53  1.032830e+02  4.849006e-15
54  2.577264e+02  1.618479e-15
55  2.233056e+02  2.412350e-15
56  7.751035e+01  -8.828182e-15
57  -5.723785e+02  1.193042e-14
58  -1.513116e+03  2.317252e-14
59  -5.265585e+03  7.084657e-14
60  -1.822442e+04  -9.196597e-14
61  -5.268447e+04  1.283357e-14
62  -1.390272e+05  3.511677e-15
63  -6.223860e+05  -1.727383e-13
ENDPROP
STARTPROP
MASSES:  4.500000e-02   4.500000e-02
SOURCE: GAM_32
SINKS: GAM_32
0  9.060591e+05  -1.601227e-13
1  -6.235379e+05  -1.325056e-13
2  -1.420881e+05  9.219692e-14
3  -5.223136e+04  -2.564919e-14
4  -1.801570e+04  -1.857837e-14
5  -6.170189e+03  -7.001767e-14
6  -2.829659e+03  6.750243e-15
7  -1.399462e+03  1.525547e-14
8  -9.566328e+02  1.421511e-15
9  -4.821900e+02  -2.489632e-15
10  -2.098006e+02  1.525509e-15
11  -1.326841e+02  3.590412e-15
12  -6.961017e+01  -2.545669e-16
13  -2.593363e+01  -5.182531e-16
14  -6.530692e+00  -2.971841e-16
15  -2.018575e+00  5.572943e-16
16  -5.770314e+00  -5.276168e-18
17  -6.424005e+00  2.228239e-16
18  -5.190357e+00  -1.350383e-16
19  -1.073165e+00  9.458479e-17
20  -1.359824e-01  -3.414083e-17
21  3.295404e-01  1.008470e-18
22  4.626367e-01  6.936644e-18
23  -5.198963e-02  -1.413228e-18
24  -2.244581e-01  -1.455029e-18
25  -1.671251e-01  -5.782117e-19
26  -1.077155e-02  1.445444e-18
27  4.655547e-02  3.436140e-19
28  1.363243e-02  7.053148e-19
29  -2.876573e-03  2.402273e-19
30  -1.350285e-02  4.631315e-19
31  -1.662544e-02  -1.667451e-19
32  -1.582191e-02  -1.688038e-20
33  -1.448750e-02  -2.750178e-19
34  -1.758671e-02  6.938227e-19
35  -2.315541e-02  -1.264569e-19
36  -3.947477e-02  2.742197e-20
37  -2.667499e-02  1.498417e-20
38  2.814184e-03  -3.723345e-19
39  -3.291541e-02  3.202132e-18
40  -9.676005e-02  -4.971656e-18
41  -3.336395e-01  -8.470247e-18
42  -3.042587e-01  7.838849e-18
43  2.106454e-01  3.272584e-17
44  -2.534726e-01  -1.299650e-17
45  -1.708725e+00  8.854643e-17
46  -2.023737e+00  -5.137977e-17
47  3.612312e+00  3.804423e-17
48  2.240858e+00  3.431039e-16
49  2.903335e+00  -2.269851e-16
50  6.041040e+00  -6.178650e-16
51  3.510018e+01  8.089266e-16
52  4.597575e+01  -1.757387e-15
53  1.032830e+02  4.849006e-15
54  2.577264e+02  1.618479e-15
55  2.233056e+02  2.412350e-15
56  7.751035e+01  -8.828182e-15
57  -5.723785e+02  1.193042e-14
58  -1.513116e+03  2.317252e-14
59  -5.265585e+03  7.084657e-14
60  -1.822442e+04  -9.196597e-14
61  -5.268447e+04  1.283357e-14
62  -1.390272e+05  3.511677e-15
63  -6.223860e+05  -1.727383e-13
ENDPROP
STARTPROP
MASSES:  4.500000e-02   4.500000e-02
SOURCE: GAM_24
SINKS: GAM_24
0  1.906796e+05  -1.819698e-13
1  1.394932e+06  -7.548525e-14
2  5.710914e+05  -1.858793e-13
3  2.856366e+05  -9.499823e-14
4  1.396192e+05  4.561767e-14
5  6.604013e+04  5.586894e-16
6  3.188845e+04  -1.376503e-15
7  1.568951e+04  2.355959e-14
8  7.774571e+03  -7.167647e-15
9  3.772764e+03  4.079549e-15
10  1.669716e+03  4.520401e-15
11  7.612399e+02  -1.070965e-16
12  3.578559e+02  2.076983e-15
13  1.580818e+02  3.661713e-16
14  7.772309e+01  -3.618771e-16
15  4.445674e+01  2.590167e-16
16  1.570471e+01  1.032389e-16
17  2.937545e+00  2.541200e-16
18  1.286058e+00  3.981298e-17
19  -6.671426e-01  3.989611e-17
20  -3.842662e-01  -2.144720e-17
21  -6.152249e-01  7.382670e-19
22  5.558244e-02  1.415559e-17
23  2.262977e-01  1.608985e-18
24  3.984677e-01  -1.297057e-18
25  3.200682e-01  1.446753e-18
26  2.241880e-01  2.854456e-19
27  1.225502e-01  1.261136e-18
28  4.905911e-02  -9.485170e-19
29  2.956164e-02  -5.048283e-21
30  2.348400e-02  -3.707623e-20
31  1.934026e-02  4.283551e-19
32  6.262653e-03  2.229921e-19
33  -5.662131e-03  -4.999821e-20
34  -1.127116e-02  3.484240e-21
35  -1.267955e-02  -6.466079e-19
36  2.260689e-02  -9.084833e-19
37  1.373447e-02  8.254756e-19
38  3.921089e-02  -4.793253e-19
39  1.786700e-02  4.051468e-18
40  -6.566398e-02  2.619930e-18
41  1.741182e-01  -1.877048e-18
42  1.297309e+00  -2.148622e-18
43  2.012537e+00  2.146665e-17
44  2.948427e+00  -3.280818e-17
45  5.700536e+00  -4.134057e-17
46  1.054405e+01  8.256409e-17
47  2.696223e+01  -1.167544e-16
48  4.743858e+01  -2.533563e-16
49  6.701810e+01  -8.971323e-17
50  6.959322e+01  -1.310006e-16
51  1.309058e+02  5.377948e-16
52  2.659834e+02  -2.736544e-15
53  6.003355e+02  -1.486746e-15
54  1.548662e+03  3.378898e-15
55  3.639081e+03  -3.676150e-15
56  7.551129e+03  -1.232408e-14
57  1.640112e+04  1.337523e-14
58  3.436045e+04  1.176237e-14
59  7.124441e+04  4.734627e-14
60  1.457807e+05  -1.763421e-13
61  2.935077e+05  1.177959e-15
62  5.830690e+05  1.843739e-13
63  1.399287e+06  3.767561e-13
ENDPROP
STARTPROP
MASSES:  4.500000e-02   4.500000e-02
SOURCE: GAM_42
SINKS: GAM_42
0  1.906796e+05  -1.819698e-13
1  1.394932e+06  -7.548525e-14
2  5.710914e+05  -1.858793e-13
3  2.856366e+05  -9.499823e-14
4  1.396192e+05  4.561767e-14
5  6.604013e+04  5.586894e-16
6  3.188845e+04  -1.376503e-15
7  1.568951e+04  2.355959e-14
8  7.774571e+03  -7.167647e-15
9  3.772764e+03  4.079549e-15
10  1.669716e+03  4.520401e-15
11  7.612399e+02  -1.070965e-16
12  3.578559e+02  2.076983e-15
13  1.580818e+02  3.661713e-16
14  7.772309e+01  -3.618771e-16
15  4.445674e+01  2.590167e-16
16  1.570471e+01  1.032389e-16
17  2.937545e+00  2.541200e-16
18  1.286058e+00  3.981298e-17
19  -6.671426e-01  3.989611e-17
20  -3.842662e-01  -2.144720e-17
21  -6.152249e-01  7.382670e-19
22  5.558244e-02  1.415559e-17
23  2.262977e-01  1.608985e-18
24  3.984677e-01  -1.297057e-18
25  3.200682e-01  1.446753e-18
26  2.241880e-01  2.854456e-19
27  1.225502e-01  1.261136e-18
28  4.905911e-02  -9.485170e-19
29  2.956164e-02  -5.048283e-21
30  2.348400e-02  -3.707623e-20
31  1.934026e-02  4.283551e-19
32  6.262653e-03  2.229921e-19
33  -5.662131e-03  -4.999821e-20
34  -1.127116e-02  3.484240e-21
35  -1.267955e-02  -6.466079e-19
36  2.260689e-02  -9.084833e-19
37  1.373447e-02  8.254756e-19
38  3.921089e-02  -4.793253e-19
39  1.786700e-02  4.051468e-18
40  -6.566398e-02  2.619930e-18
41  1.741182e-01  -1.877048e-18
42  1.297309e+00  -2.148622e-18
43  2.012537e+00  2.146665e-17
44  2.948427e+00  -3.280818e-17
45  5.700536e+00  -4.134057e-17
46  1.054405e+01  8.256409e-17
47  2.696223e+01  -1.167544e-16
48  4.743858e+01  -2.533563e-16
49  6.701810e+01  -8.971323e-17
50  6.959322e+01  -1.310006e-16
51  1.309058e+02  5.377948e-16
52  2.659834e+02  -2.736544e-15
53  6.003355e+02  -1.486746e-15
54  1.548662e+03  3.378898e-15
55  3.639081e+03  -3.676150e-15
56  7.551129e+03  -1.232408e-14
57  1.640112e+04  1.337523e-14
58  3.436045e+04  1.176237e-14
59  7.124441e+04  4.734627e-14
60  1.457807e+05  -1.763421e-13
61  2.935077e+05  1.177959e-15
62  5.830690e+05  1.843739e-13
63  1.399287e+06  3.767561e-13
ENDPROP
STARTPROP
MASSES:  4.500000e-02   4.500000e-02
SOURCE: GAM_34
SINKS: GAM_34
0  1.844228e+05  0.000000e+00
1  1.384472e+06  0.000000e+00
2  5.686640e+05  0.000000e+00
3  2.891916e+05  0.000000e+00
4  1.378042e+05  0.000000e+00
5  6.340759e+04  0.000000e+00
6  3.065515e+04  0.000000e+00
7  1.520724e+04  0.000000e+00
8  7.228368e+03  0.000000e+00
9  3.462987e+03  0.000000e+00
10  1.766200e+03  0.000000e+00
11  9.504344e+02  0.000000e+00
12  4.407443e+02  0.000000e+00
13  1.895039e+02  0.000000e+00
14  5.180218e+01  0.000000e+00
15  1.677570e+01  0.000000e+00
16  -8.077268e-01  0.000000e+00
17  -5.070026e+00  0.000000e+00
18  -5.764730e+00  0.000000e+00
19  -4.067716e+00  0.000000e+00
20  -1.619831e+00  0.000000e+00
21  -1.184292e+00  0.000000e+00
22  -6.137585e-01  0.000000e+00
23  -4.533455e-01  0.000000e+00
24  -1.675346e-01  0.000000e+00
25  -7.776455e-03  0.000000e+00
26  -9.506070e-04  0.000000e+00
27  2.412525e-02  0.000000e+00
28  2.103523e-02  0.000000e+00
29  2.261211e-02  0.000000e+00
30  1.427875e-02  0.000000e+00
31  -9.003615e-04  0.000000e+00
32  -2.111217e-03  0.000000e+00
33  -6.496983e-03  0.000000e+00
34  -4.126162e-03  0.000000e+00
35  -1.269647e-02  0.000000e+00
36  -1.697307e-02  0.000000e+00
37  -5.863659e-02  0.000000e+00
38  -1.517120e-01  0.000000e+00
39  -3.301141e-01  0.000000e+00
40  -5.357384e-01  0.000000e+00
41  -7.409444e-01  0.000000e+00
42  -1.227078e+00  0.000000e+00
43  -1.627583e+00  0.000000e+00
44  -2.362472e+00  0.000000e+00
45  -1.348661e+00  0.000000e+00
46  3.113220e+00  0.000000e+00
47  5.319808e+00  0.000000e+00
48  4.393710e+00  0.000000e+00
49  1.100829e+01  0.000000e+00
50  3.521625e+01  0.000000e+00
51  5.940889e+01  0.000000e+00
52  1.576764e+02  0.000000e+00
53  4.931588e+02  0.000000e+00
54  1.339280e+03  0.000000e+00
55  3.408366e+03  0.000000e+00
56  7.435152e+03  0.000000e+00
57  1.630780e+04  0.000000e+00
58  3.485812e+04  0.000000e+00
59  7.258586e+04  0.000000e+00
60  1.428492e+05  0.000000e+00
61  2.825155e+05  0.000000e+00
62  5.615694e+05  0.000000e+00
63  1.380585e+06  0.000000e+00
ENDPROP
STARTPROP
MASSES:  4.500000e-02   4.500000e-02
SOURCE: GAM_43
SINKS: GAM_43
0  1.844228e+05  0.000000e+00
1  1.384472e+06  0.000000e+00
2  5.686640e+05  0.000000e+00
3  2.891916e+05  0.000000e+00
4  1.378042e+05  0.000000e+00
5  6.340759e+04  0.000000e+00
6  3.065515e+04  0.000000e+00
7  1.520724e+04  0.000000e+00
8  7.228368e+03  0.000000e+00
9  3.462987e+03  0.000000e+00
10  1.766200e+03  0.000000e+00
11  9.504344e+02  0.000000e+00
12  4.407443e+02  0.000000e+00
13  1.895039e+02  0.000000e+00
14  5.180218e+01  0.000000e+00
15  1.677570e+01  0.000000e+00
16  -8.077268e-01  0.000000e+00
17  -5.070026e+00  0.000000e+00
18  -5.764730e+00  0.000000e+00
19  -4.067716e+00  0.000000e+00
20  -1.619831e+00  0.000000e+00
21  -1.184292e+00  0.000000e+00
22  -6.137585e-01  0.000000e+00
23  -4.533455e-01  0.000000e+00
24  -1.675346e-01  0.000000e+00
25  -7.776455e-03  0.000000e+00
26  -9.506070e-04  0.000000e+00
27  2.412525e-02  0.000000e+00
28  2.103523e-02  0.000000e+00
29  2.261211e-02  0.000000e+00
30  1.427875e-02  0.000000e+00
31  -9.003615e-04  0.000000e+00
32  -2.111217e-03  0.000000e+00
33  -6.496983e-03  0.000000e+00
34  -4.126162e-03  0.000000e+00
35  -1.269647e-02  0.000000e+00
36  -1.697307e-02  0.000000e+00
37  -5.863659e-02  0.000000e+00
38  -1.517120e-01  0.000000e+00
39  -3.301141e-01  0.000000e+00
40  -5.357384e-01  0.000000e+00
41  -7.409444e-01  0.000000e+00
42  -1.227078e+00  0.000000e+00
43  -1.627583e+00  0.000000e+00
44  -2.362472e+00  0.000000e+00
45  -1.348661e+00  0.000000e+00
46  3.113220e+00  0.000000e+00
47  5.319808e+00  0.000000e+00
48  4.393710e+00  0.000000e+00
49  1.100829e+01  0.000000e+00
50  3.521625e+01  0.000000e+00
51  5.940889e+01  0.000000e+00
52  1.576764e+02  0.000000e+00
53  4.931588e+02  0.000000e+00
54  1.339280e+03  0.000000e+00
55  3.408366e+03  0.000000e+00
56  7.435152e+03  0.000000e+00
57  1.630780e+04  0.000000e+00
58  3.485812e+04  0.000000e+00
59  7.258586e+04  0.000000e+00
60  1.428492e+05  0.000000e+00
61  2.825155e+05  0.000000e+00
62  5.615694e+05  0.000000e+00
63  1.380585e+06  0.000000e+00
ENDPROP
STARTPROP
MASSES:  4.500000e-02   4.500000e-02
SOURCE: GAM_15
SINKS: GAM_15
0  1.744764e+05  6.150679e-14
1  -8.460568e+05  -2.051553e-13
2  -2.226584e+05  -1.483249e-13
3  -8.311909e+04  1.708284e-13
4  -2.773260e+04  -5.846997e-14
5  -9.867716e+03  -4.689728e-14
6  -3.756966e+03  6.491455e-14
7  -7.388033e+02  -1.840860e-15
8  2.180958e+02  1.309095e-14
9  4.250847e+02  -2.288327e-15
10  1.757750e+02  -1.742904e-15
11  -1.067753e+01  -1.632731e-15
12  -3.223265e+01  -2.655258e-15
13  -4.890085e+01  3.899985e-16
14  -3.868782e+01  -1.044042e-15
15  -2.315929e+01  -7.488538e-16
16  -1.679853e+01  -2.440657e-17
17  -1.634203e+01  3.751089e-16
18  -1.034009e+01  -1.349930e-16
19  -6.756526e+00  3.076350e-17
20  -3.058118e+00  -4.748470e-17
21  -1.272122e+00  -1.296906e-17
22  -3.001335e-01  -1.291973e-17
23  3.269824e-01  1.330012e-17
24  2.757611e-01  4.070892e-18
25  1.521383e-01  -4.072706e-18
26  5.911392e-02  2.227279e-18
27  1.405918e-02  -1.867887e-18
28  -3.353553e-03  1.207143e-18
29  -1.607817e-04  1.818644e-20
30  3.190559e-03  -3.373429e-19
31  7.495904e-03  2.469219e-20
32  6.706657e-03  2.148638e-20
33  5.647667e-03  2.328475e-19
34  -7.061178e-03  -4.533513e-19
35  -1.589325e-02  -4.766459e-19
36  -3.504997e-02  -5.070669e-19
37  -5.134339e-03  -1.204109e-18
38  2.888755e-02  -2.080994e-19
39  1.666910e-02  -2.634478e-18
40  1.540902e-01  2.140800e-18
41  4.986509e-01  1.512103e-17
42  4.364579e-01  2.248119e-17
43  1.804284e-01  -9.153223e-18
44  1.690711e+00  3.310823e-17
45  3.150586e+00  4.923816e-17
46  2.328836e+00  -3.862285e-17
47  1.324142e+00  -6.348539e-17
48  -5.386494e+00  2.829183e-16
49  3.265466e+00  -5.821044e-16
50  2.360953e+01  3.019182e-16
51  2.546339e+01  -2.966757e-15
52  8.335347e+01  -1.031573e-15
53  2.671477e+02  6.658767e-16
54  3.742312e+02  -1.283615e-15
55  8.310542e+01  4.647051e-15
56  -1.029216e+03  1.433234e-14
57  -3.356116e+03  1.239934e-15
58  -5.879176e+03  2.083784e-14
59  -1.247139e+04  -2.175411e-14
60  -3.112898e+04  8.201129e-14
61  -8.461058e+04  -7.366636e-14
62  -2.274615e+05  -3.954607e-13
63  -8.477566e+05  8.179230e-13
ENDPROP
STARTPROP
MASSES:  4.500000e-02   4.500000e-02
SOURCE: GAM_25
SINKS: GAM_25
0  1.408312e+05  3.815741e-14
1  -8.549642e+05  -2.695690e-13
2  -2.332332e+05  4.358744e-13
3  -8.659781e+04  -1.030202e-13
4  -2.493540e+04  -1.491700e-13
5  -4.581149e+03  2.432439e-14
6  7.017736e+02  -4.404083e-14
7  1.682922e+03  -3.700652e-14
8  1.215838e+03  9.942642e-15
9  2.797297e+02  6.329237e-15
10  -4.139296e+01  -5.637684e-15
11  -2.997964e+01  -6.498631e-15
12  2.271720e+01  -1.254550e-15
13  3.164621e+01  -4.502310e-16
14  1.812432e+01  -1.298450e-15
15  -3.544205e+00  3.356804e-16
16  -4.501420e+00  3.697280e-16
17  -8.311559e+00  1.025099e-16
18  -5.368564e+00  6.694645e-17
19  -2.933421e+00  5.646418e-17
20  -1.218311e+00  -3.532512e-17
21  -7.353724e-01  2.839918e-17
22  -6.021226e-01  1.367583e-17
23  -4.110557e-01  3.003376e-18
24  -3.663596e-01  3.341703e-18
25  -1.743766e-01  1.064178e-18
26  -4.949226e-02  9.772167e-19
27  8.940711e-03  -6.160918e-19
28  2.108572e-02  9.060490e-19
29  1.502323e-02  -3.104226e-19
30  -3.752853e-03  -6.098095e-19
31  -1.579683e-02  1.573918e-19
32  -1.489638e-02  -1.741319e-19
33  -1.490366e-02  4.286246e-19
34  -9.341238e-03  -2.865553e-19
35  -6.594361e-04  2.483777e-18
36  5.833800e-02  1.534269e-18
37  8.661119e-02  3.099904e-18
38  4.766593e-02  2.727029e-18
39  -7.206602e-02  -1.193357e-18
40  -1.802079e-01  -2.258901e-18
41  -2.780542e-01  5.341611e-18
42  1.572313e-01  4.513084e-18
43  7.845494e-01  -1.133235e-16
44  1.954850e+00  -6.820303e-19
45  1.388149e+00  2.040177e-17
46  1.996348e-01  -1.177239e-16
47  -2.322537e-01  4.161284e-16
48  6.850316e+00  3.742555e-16
49  9.819885e+00  9.115602e-16
50  1.350107e+01  -2.987975e-16
51  1.850318e+01  1.064158e-15
52  -8.750093e+00  -6.859836e-16
53  8.881554e+00  -9.109869e-16
54  -5.036994e+00  3.413257e-15
55  -4.639838e+02  1.891930e-15
56  -1.782446e+03  -1.333303e-14
57  -4.467829e+03  2.512838e-14
58  -9.090476e+03  -1.469190e-14
59  -1.606723e+04  1.368282e-14
60  -3.433486e+04  1.251435e-13
61  -8.830806e+04  3.694688e-13
62  -2.391708e+05  -1.711922e-13
63  -8.738801e+05  -3.545593e-13
ENDPROP
STARTPROP
MASSES:  4.500000e-02   4.500000e-02
SOURCE: GAM_35
SINKS: GAM_35
0  1.245068e+05  -3.467831e-13
1  -8.891884e+05  4.027397e-13
2  -2.494965e+05  -4.317914e-14
3  -9.284116e+04  -2.525874e-13
4  -3.409488e+04  1.831531e-13
5  -1.267535e+04  1.408652e-13
6  -4.026749e+03  1.963509e-14
7  -9.181453e+02  5.933477e-14
8  4.512054e+01  -5.244726e-15
9  4.444630e+01  -9.556548e-15
10  2.811180e+02  6.936438e-15
11  2.087842e+02  -6.713059e-15
12  8.555317e+01  1.097904e-15
13  2.964445e+01  -2.494161e-15
14  9.247712e-01  -1.363016e-15
15  -4.832941e+00  1.157966e-15
16  -8.778907e-01  -8.274898e-17
17  7.875368e-02  -6.430454e-17
18  -6.931510e-01  -5.891167e-18
19  -2.140103e+00  4.331434e-17
20  -1.565403e+00  -4.344465e-18
21  -1.357412e+00  -5.008689e-17
22  -1.072833e+00  5.652380e-18
23  -4.877043e-01  -1.735231e-17
24  -2.221464e-01  -6.300895e-18
25  -1.195505e-01  6.458580e-18
26  -7.022107e-02  2.186199e-18
27  -4.276677e-02  9.897312e-19
28  -3.177154e-02  -5.088398e-19
29  -2.022302e-02  -3.202049e-19
30  -1.966733e-02  -5.980411e-19
31  -5.029696e-03  -8.261425e-20
32  1.047294e-02  2.031516e-19
33  1.599735e-02  1.908898e-19
34  1.152954e-02  -3.042860e-19
35  -4.996968e-03  6.257608e-19
36  -3.201407e-02  -1.025746e-18
37  -4.145565e-02  -6.846585e-18
38  -3.866386e-02  5.521131e-18
39  -1.476641e-02  -2.428372e-18
40  1.046048e-02  -1.104292e-17
41  -1.193036e-01  5.025965e-18
42  -2.471690e-01  -3.617103e-17
43  -5.323878e-01  -1.476187e-17
44  -7.498506e-01  -1.141559e-17
45  -2.360627e+00  4.400519e-17
46  -5.594107e+00  4.141524e-17
47  -9.135890e+00  2.818640e-16
48  -3.500428e-01  2.417450e-16
49  1.297766e+01  8.742737e-16
50  6.990020e+00  -7.940098e-16
51  -2.553990e+01  3.667163e-15
52  -1.037549e+02  -6.565706e-15
53  -2.555700e+02  -8.851974e-15
54  -5.169684e+02  5.056531e-15
55  -9.530614e+02  1.073568e-14
56  -1.642904e+03  3.396727e-15
57  -3.370502e+03  2.982678e-14
58  -7.375769e+03  7.830801e-14
59  -1.560100e+04  -8.040592e-14
60  -3.974158e+04  2.924002e-14
61  -1.036186e+05  2.137895e-14
62  -2.596388e+05  5.062227e-14
63  -8.858797e+05  8.371401e-14
ENDPROP
STARTPROP
MASSES:  4.500000e-02   4.500000e-02
SOURCE: GAM_45
SINKS: GAM_45
0  -9.654705e+05  -4.154815e-14
1  1.127742e+06  -2.951603e-13
2  5.504318e+05  -3.000362e-13
3  3.486787e+05  2.308098e-14
4  2.120634e+05  -2.241235e-13
5  1.291923e+05  -2.887711e-14
6  7.837072e+04  -3.235891e-14
7  4.816165e+04  1.713871e-14
8  2.983375e+04  7.999237e-15
9  1.831475e+04  -1.264956e-14
10  1.110282e+04  1.453031e-15
11  6.886844e+03  2.148234e-15
12  4.191947e+03  -1.124358e-15
13  2.548741e+03  -1.997216e-15
14  1.547298e+03  -1.205048e-15
15  9.435546e+02  -2.157793e-16
16  5.672061e+02  1.771343e-16
17  3.460753e+02  -1.123483e-16
18  2.105094e+02  8.172084e-17
19  1.276055e+02  -2.371731e-17
20  7.791680e+01  2.841762e-18
21  4.779164e+01  1.002979e-17
22  2.953678e+01  1.205595e-17
23  1.826247e+01  5.727243e-21
24  1.109557e+01  -4.854847e-19
25  6.769544e+00  -1.972680e-18
26  3.994050e+00  -2.759891e-18
27  2.410724e+00  -7.037259e-19
28  1.512144e+00  -1.589225e-19
29  9.457050e-01  -4.552686e-19
30  6.436896e-01  6.610887e-20
31  5.036155e-01  5.321377e-20
32  4.941897e-01  5.099170e-20
33  6.130919e-01  1.428014e-20
34  8.825448e-01  5.505456e-19
35  1.339134e+00  -2.067204e-19
36  2.088606e+00  5.631157e-19
37  3.336336e+00  -1.323970e-18
38  5.280434e+00  -8.939264e-19
39  8.407176e+00  3.681462e-18
40  1.354945e+01  -2.737391e-18
41  2.237619e+01  -1.568992e-17
42  3.643253e+01  -4.689042e-18
43  5.933377e+01  8.137935e-19
44  9.658305e+01  4.804570e-17
45  1.564461e+02  3.848931e-17
46  2.546848e+02  -1.797806e-16
47  4.125020e+02  -3.459449e-16
48  6.609188e+02  -3.911581e-16
49  1.079540e+03  -3.248133e-16
50  1.758422e+03  -1.609645e-15
51  2.881000e+03  2.447517e-15
52  4.643506e+03  -4.581510e-16
53  7.570757e+03  -1.455384e-15
54  1.248779e+04  -3.747257e-16
55  2.024047e+04  -1.369855e-14
56  3.295105e+04  1.611529e-14
57  5.438952e+04  -1.521358e-14
58  8.866288e+04  -3.286131e-14
59  1.433399e+05  -3.525148e-15
60  2.283532e+05  1.711153e-13
61  3.614976e+05  1.931079e-13
62  5.597068e+05  1.600347e-13
63  1.129886e+06  -1.323284e-13
ENDPROP
STARTPROP
MASSES:  4.500000e-02   4.500000e-02
SOURCE: PSAX4
SINKS: GAM_4
0  9.426424e+03  1.662895e-14
1  1.723406e+06  -1.470940e-13
2  9.585388e+05  2.928801e-14
3  5.941482e+05  8.268435e-14
4  3.609035e+05  5.011348e-14
5  2.198116e+05  2.141088e-14
6  1.337215e+05  -2.712697e-14
7  8.163079e+04  5.298482e-15
8  5.037980e+04  3.611195e-15
9  3.064838e+04  -3.723377e-15
10  1.853588e+04  -1.065337e-15
11  1.142130e+04  2.986534e-16
12  6.935527e+03  -6.402968e-16
13  4.191661e+03  -5.634738e-17
14  2.523265e+03  -3.267514e-17
15  1.520143e+03  -1.308390e-16
16  9.107413e+02  7.953758e-17
17  5.514410e+02  1.309301e-17
18  3.335686e+02  4.443453e-17
19  2.008885e+02  -2.511346e-17
20  1.219646e+02  2.043327e-17
21  7.476368e+01  1.476403e-18
22  4.596087e+01  4.458174e-18
23  2.835919e+01  2.474994e-18
24  1.716155e+01  -1.114374e-18
25  1.045596e+01  8.872869e-19
26  6.161631e+00  -9.792325e-19
27  3.681491e+00  2.438640e-19
28  2.232705e+00  -2.736276e-19
29  1.283282e+00  3.716378e-20
30  6.797233e-01  -8.524802e-20
31  2.411857e-01  2.719656e-20
32  -1.295197e-01  7.379687e-20
33  -5.395083e-01  -1.030135e-19
34  -1.077517e+00  8.599951e-20
35  -1.850532e+00  -9.329811e-20
36  -3.041224e+00  -6.884744e-19
37  -4.973323e+00  1.544030e-19
38  -7.976997e+00  -1.027371e-18
39  -1.285571e+01  1.752860e-18
40  -2.092027e+01  5.440731e-19
41  -3.465990e+01  -1.529010e-18
42  -5.677023e+01  2.728538e-20
43  -9.229472e+01  -2.385258e-20
44  -1.505805e+02  5.147370e-18
45  -2.448254e+02  -6.840744e-18
46  -3.995547e+02  1.299716e-17
47  -6.521455e+02  8.870473e-18
48  -1.054922e+03  -1.933760e-17
49  -1.739104e+03  2.889057e-16
50  -2.849971e+03  -3.417343e-16
51  -4.693361e+03  -1.553535e-16
52  -7.597090e+03  2.296388e-17
53  -1.244490e+04  -1.128454e-15
54  -2.045273e+04  -1.105730e-15
55  -3.337770e+04  1.768476e-15
56  -5.434641e+04  1.214852e-15
57  -8.930202e+04  4.322308e-15
58  -1.453673e+05  -1.587841e-14
59  -2.352243e+05  -3.767624e-14
60  -3.781008e+05  3.451867e-14
61  -6.051676e+05  1.056106e-13
62  -9.589985e+05  9.073216e-14
63  -1.715016e+06  1.761921e-13
ENDPROP
STARTPROP
MASSES:  4.500000e-02   4.500000e-02
SOURCE: WWPSAX4
SINKS: GAM_4
0  9.146778e+07  0.000000e+00
1  1.455139e+09  7.450581e-09
2  4.877977e+08  -4.423782e-09
3  3.923846e+08  2.328306e-09
4  1.652613e+08  0.000000e+00
5  9.658920e+07  -4.220055e-10
6  7.133253e+07  -1.164153e-10
7  2.898480e+07  -3.492460e-10
8  2.613886e+07  -1.455192e-10
9  1.413408e+07  3.637979e-11
10  7.556019e+06  4.365575e-11
11  7.958522e+06  -4.365575e-11
12  3.234567e+06  0.000000e+00
13  3.013387e+06  2.000888e-11
14  1.437288e+06  -6.366463e-12
15  9.133006e+05  -1.932676e-12
16  4.844630e+05  -4.547474e-12
17  1.860499e+05  9.094947e-13
18  1.384719e+05  0.000000e+00
19  1.380557e+05  1.847411e-13
20  8.910425e+04  1.136868e-13
21  4.164940e+04  -7.815970e-14
22  2.363863e+04  -4.973799e-14
23  1.392683e+04  0.000000e+00
24  9.544982e+03  -6.750156e-14
25  3.780080e+03  -3.552714e-14
26  3.132317e+03  7.105427e-15
27  1.844074e+03  -6.217249e-15
28  9.783235e+02  -1.243450e-14
29  6.567435e+02  -1.332268e-15
30  4.207602e+02  -4.440892e-16
31  6.734562e+01  6.661338e-16
32  -9.182138e+01  2.664535e-15
33  -3.129720e+02  -4.884981e-15
34  -4.578724e+02  4.884981e-15
35  -9.837577e+02  3.552714e-15
36  -1.396425e+03  1.509903e-14
37  -1.738592e+03  -2.664535e-15
38  -4.205635e+03  5.684342e-14
39  -6.249303e+03  -3.552714e-15
40  -1.094163e+04  2.842171e-14
41  -1.175480e+04  -5.684342e-14
42  -4.499154e+04  5.684342e-14
43  -4.162634e+04  2.273737e-13
44  -8.660763e+04  2.842171e-13
45  -1.483111e+05  -1.136868e-13
46  -2.013909e+05  -1.136868e-12
47  -3.974983e+05  1.250555e-12
48  -4.865573e+05  1.705303e-13
49  -7.836202e+05  -2.273737e-12
50  -1.276641e+06  -7.275958e-12
51  -2.100422e+06  2.728484e-12
52  -3.650165e+06  -3.637979e-12
53  -6.260484e+06  1.637090e-11
54  -1.195795e+07  -2.910383e-11
55  -1.919202e+07  -2.328306e-10
56  -3.168161e+07  1.164153e-10
57  -6.825487e+07  -5.820766e-11
58  -7.666053e+07  0.000000e+00
59  -2.041862e+08  9.313226e-10
60  -2.079182e+08  -1.396984e-09
61  -4.503769e+08  -1.862645e-09
62  -5.191218e+08  3.725290e-09
63  -1.552681e+09  5.587935e-09
ENDPROP
STARTPROP
MASSES:  4.500000e-02   4.500000e-02
SOURCE: WWGAM_5
SINKS: GAM_5
0  2.151421e+10  0.000000e+00
1  2.071013e+09  0.000000e+00
2  8.249716e+08  0.000000e+00
3  5.904483e+08  0.000000e+00
4  2.679272e+08  0.000000e+00
5  1.634684e+08  0.000000e+00
6  1.235776e+08  0.000000e+00
7  5.151801e+07  0.000000e+00
8  3.937760e+07  0.000000e+00
9  2.355830e+07  0.000000e+00
10  1.312154e+07  0.000000e+00
11  1.097467e+07  0.000000e+00
12  5.514675e+06  0.000000e+00
13  4.616499e+06  0.000000e+00
14  2.108715e+06  0.000000e+00
15  1.513856e+06  0.000000e+00
16  8.090540e+05  0.000000e+00
17  3.561745e+05  0.000000e+00
18  2.581848e+05  0.000000e+00
19  2.022000e+05  0.000000e+00
20  1.278887e+05  0.000000e+00
21  6.959309e+04  0.000000e+00
22  3.646631e+04  0.000000e+00
23  2.479034e+04  0.000000e+00
24  1.404447e+04  0.000000e+00
25  6.598057e+03  0.000000e+00
26  5.318730e+03  0.000000e+00
27  3.313852e+03  0.000000e+00
28  1.786178e+03  0.000000e+00
29  1.134265e+03  0.000000e+00
30  8.693314e+02  0.000000e+00
31  5.815962e+02  0.000000e+00
32  5.892251e+02  0.000000e+00
33  8.062917e+02  0.000000e+00
34  1.024797e+03  0.000000e+00
35  1.628135e+03  0.000000e+00
36  2.316274e+03  0.000000e+00
37  3.468993e+03  0.000000e+00
38  6.458631e+03  0.000000e+00
39  1.029954e+04  0.000000e+00
40  1.691351e+04  0.000000e+00
41  2.654019e+04  0.000000e+00
42  7.264894e+04  0.000000e+00
43  6.499113e+04  0.000000e+00
44  1.281300e+05  0.000000e+00
45  2.409712e+05  0.000000e+00
46  3.642453e+05  0.000000e+00
47  5.722767e+05  0.000000e+00
48  8.269584e+05  0.000000e+00
49  1.281458e+06  0.000000e+00
50  2.335028e+06  0.000000e+00
51  3.658802e+06  0.000000e+00
52  6.300820e+06  0.000000e+00
53  9.486562e+06  0.000000e+00
54  1.827425e+07  0.000000e+00
55  3.190928e+07  0.000000e+00
56  4.797810e+07  0.000000e+00
57  9.389592e+07  0.000000e+00
58  1.329989e+08  0.000000e+00
59  2.649405e+08  0.000000e+00
60  3.372833e+08  0.000000e+00
61  6.457337e+08  0.000000e+00
62  7.679107e+08  0.000000e+00
63  2.190717e+09  0.000000e+00
ENDPROP
