STARTPROP
MASSES:  4.200000e-03   4.500000e-02
SOURCE: GAM_1
SINKS: GAM_1
0  1.215411e+06  -6.409103e+03
1  1.926171e+06  -8.068368e+03
2  8.940165e+05  -4.758593e+03
3  4.616530e+05  -3.829699e+03
4  2.273513e+05  -3.510195e+03
5  1.027603e+05  -1.169388e+03
6  4.760444e+04  -3.410406e+03
7  2.090062e+04  -3.015282e+03
8  1.038676e+04  -2.240665e+03
9  5.898131e+03  -1.916328e+03
10  3.419244e+03  -1.378483e+03
11  2.127820e+03  -7.890500e+02
12  1.775607e+03  -3.697862e+02
13  1.397138e+03  2.087825e+02
14  9.901495e+02  2.138975e+02
15  6.230935e+02  6.957727e+01
16  3.636342e+02  -1.266342e+00
17  1.769915e+02  2.354094e-01
18  1.371594e+02  -1.273375e+01
19  1.389958e+02  -5.372066e+00
20  1.389731e+02  1.874660e+01
21  1.050614e+02  2.829200e+01
22  7.898275e+01  2.707521e+01
23  4.671854e+01  1.610416e+01
24  2.486143e+01  1.323535e+01
25  8.438698e+00  7.826040e+00
26  6.794433e+00  2.052634e+00
27  4.205846e+00  5.866324e-02
28  5.566065e-01  1.631569e+00
29  9.387350e-01  2.010805e+00
30  1.450967e+00  1.454917e+00
31  9.745312e-01  1.402214e+00
32  1.190674e+00  2.494376e+00
33  5.197314e-01  3.270337e+00
34  -3.755826e-01  3.066438e+00
35  3.948373e-01  -8.816604e-02
36  2.133181e+00  -4.278448e+00
37  4.741170e+00  -5.343191e+00
38  5.733328e+00  -5.104380e+00
39  3.410532e+00  -9.428165e+00
40  3.535911e+00  -1.418441e+01
41  3.199280e+00  -2.169656e+01
42  6.897492e+00  -2.070048e+01
43  8.924999e+00  -3.261262e+01
44  1.088360e+01  -4.534068e+01
45  -1.090071e+01  -1.206587e+02
46  -5.368799e+01  -1.851460e+02
47  -1.205560e+02  -2.783816e+02
48  -9.513285e+01  -2.157832e+02
49  3.207491e+02  -1.141716e+02
50  1.063415e+03  -2.220133e+01
51  2.035554e+03  -2.372885e+02
52  3.980149e+03  -1.033293e+03
53  6.283473e+03  -1.728168e+03
54  1.025764e+04  -1.688272e+03
55  1.691275e+04  -4.637772e+02
56  2.886701e+04  -3.055955e+02
57  4.952163e+04  -9.541044e+02
58  8.534629e+04  -5.079364e+03
59  1.513943e+05  -8.300798e+03
60  2.782342e+05  -5.247667e+03
61  5.162705e+05  -8.244190e+03
62  9.488740e+05  -8.188333e+03
63  1.971269e+06  1.949373e+03
ENDPROP
STARTPROP
MASSES:  4.200000e-03   4.500000e-02
SOURCE: GAM_2
SINKS: GAM_2
0  1.179556e+06  1.641033e+04
1  1.898486e+06  1.305908e+04
2  8.696571e+05  9.286977e+03
3  4.487748e+05  1.232999e+04
4  2.238235e+05  1.380085e+04
5  1.023707e+05  9.819646e+03
6  4.417579e+04  5.110420e+03
7  1.802019e+04  3.590439e+03
8  4.627203e+03  7.105965e+02
9  2.641646e+03  5.373527e+01
10  1.731600e+03  9.065315e+02
11  2.221217e+02  7.975061e+02
12  1.611867e+02  2.065435e+02
13  3.834222e+02  -8.491004e+01
14  3.852727e+02  -1.597998e+02
15  3.918519e+02  -1.228733e+02
16  1.291251e+02  2.695923e+01
17  3.700732e+01  9.763169e+01
18  -1.097481e+01  1.453601e+01
19  -3.661912e+01  -8.327328e+01
20  -4.059685e+01  -7.619356e+01
21  -1.094851e+01  -4.247116e+01
22  1.669292e+00  -1.983353e+01
23  1.354503e+00  -4.268622e+00
24  2.147824e+00  3.282532e+00
25  2.263346e+00  3.711064e+00
26  1.727376e+00  6.079102e+00
27  1.475192e+00  7.308475e+00
28  2.141440e+00  8.366138e+00
29  -1.635072e-02  4.659439e+00
30  -2.737558e+00  3.069098e+00
31  -2.494130e+00  7.631993e-01
32  -1.676273e+00  -9.016758e-01
33  -1.232754e+00  -1.790872e+00
34  -9.544233e-01  -1.652391e+00
35  5.415099e-01  -1.408337e+00
36  3.364415e-01  -1.561683e+00
37  -3.661901e+00  -1.775627e-01
38  -8.729344e+00  -1.888150e+00
39  -1.001679e+01  -1.862229e-01
40  -1.344809e+01  -7.126325e+00
41  -2.247191e+01  -1.587870e+01
42  -2.517403e+01  -3.185779e+01
43  5.644623e+00  -6.158685e+01
44  6.568896e+01  -1.037153e+02
45  1.247837e+02  -9.274504e+01
46  1.412757e+02  -5.654333e+01
47  2.572857e+02  -3.190976e+01
48  3.754286e+02  -8.537712e+01
49  4.993892e+02  -3.043511e+02
50  8.806260e+02  -4.954168e+02
51  1.633073e+03  -5.488497e+02
52  3.007130e+03  -7.487090e+02
53  4.534080e+03  -4.280836e+02
54  5.679834e+03  -5.254216e+02
55  7.765782e+03  -1.348285e+03
56  1.340502e+04  -1.726167e+03
57  2.530682e+04  -1.357439e+03
58  5.339000e+04  1.897834e+03
59  1.114239e+05  2.593444e+03
60  2.254823e+05  4.476471e+03
61  4.436075e+05  9.974024e+03
62  8.726200e+05  1.761809e+04
63  1.915241e+06  2.466235e+04
ENDPROP
STARTPROP
MASSES:  4.200000e-03   4.500000e-02
SOURCE: GAM_3
SINKS: GAM_3
0  1.178613e+06  1.354989e+04
1  1.870508e+06  1.695159e+04
2  8.513843e+05  2.376121e+04
3  4.497531e+05  2.287674e+04
4  2.325111e+05  2.677356e+04
5  1.194585e+05  2.722690e+04
6  6.040279e+04  1.674703e+04
7  3.125421e+04  8.111375e+03
8  1.508615e+04  2.900430e+03
9  6.727473e+03  3.453095e+02
10  2.661631e+03  -6.972302e+00
11  1.376355e+03  -2.266836e+02
12  1.081884e+03  -3.681625e+02
13  7.785516e+02  -2.979501e+02
14  5.166256e+02  -3.201154e+02
15  4.705790e+02  -3.761950e+02
16  2.607660e+02  -3.139393e+02
17  1.523656e+02  -2.036242e+02
18  1.085707e+02  -1.410586e+02
19  7.002304e+01  -1.258986e+02
20  7.583450e+01  -1.183759e+02
21  4.630516e+01  -9.095724e+01
22  3.012926e+01  -4.605846e+01
23  2.122255e+01  -1.575682e+01
24  1.042287e+01  -1.359432e+00
25  1.349114e+00  3.097736e+00
26  -1.107790e+00  1.991638e+00
27  -1.680869e+00  -2.647918e+00
28  -4.062552e+00  -3.921829e+00
29  -3.410857e+00  -3.780264e+00
30  -1.688494e+00  -2.337956e+00
31  -1.005744e+00  -9.188015e-01
32  -1.205375e+00  4.956760e-01
33  -2.227595e+00  2.108447e+00
34  -1.762071e+00  3.208857e+00
35  -1.775329e+00  2.571052e+00
36  -1.315751e-01  1.845605e+00
37  2.460754e+00  2.405898e+00
38  4.338217e+00  5.013837e+00
39  1.621611e+00  1.213558e+01
40  6.386244e+00  1.166429e+01
41  4.399199e+00  6.920082e+00
42  -3.274487e+01  7.531912e+00
43  -8.140904e+01  -1.101074e+01
44  -1.296298e+02  -1.508033e+01
45  -1.857834e+02  7.444690e+00
46  -2.924589e+02  9.240464e+00
47  -4.259151e+02  1.014291e+01
48  -5.220634e+02  -6.795128e+01
49  -3.928976e+02  -1.067263e+02
50  1.328542e+02  -3.881923e+01
51  7.793701e+02  -6.691925e+01
52  1.898598e+03  5.504505e+01
53  3.805968e+03  -1.631741e+02
54  6.132353e+03  -1.286226e+03
55  1.102704e+04  -3.361088e+03
56  2.073207e+04  -4.507543e+03
57  3.669106e+04  -6.521533e+03
58  6.967203e+04  -8.307637e+03
59  1.337818e+05  -1.004661e+04
60  2.522930e+05  -1.298924e+04
61  4.735107e+05  -1.451868e+04
62  8.946781e+05  -9.529398e+03
63  1.937768e+06  9.443113e+03
ENDPROP
STARTPROP
MASSES:  4.200000e-03   4.500000e-02
SOURCE: GAM_4
SINKS: GAM_4
0  2.155079e+06  -8.143239e+03
1  -2.996856e+05  1.324449e+03
2  -1.238488e+04  2.040847e+03
3  -1.072911e+04  4.101320e+03
4  -5.479513e+03  1.985579e+03
5  -5.248185e+03  1.572341e+02
6  -2.392007e+03  -1.528440e+02
7  -2.091459e+03  -4.405291e+02
8  -2.560820e+03  -9.444538e+00
9  -1.559769e+03  7.381310e+02
10  -7.170864e+02  7.041584e+02
11  -5.516041e+02  5.436371e+02
12  -2.458248e+02  3.700753e+02
13  -2.985642e+02  2.162023e+02
14  -1.640627e+02  1.206201e+02
15  -1.274558e+02  7.059794e+01
16  -6.451944e+01  2.835193e+01
17  -2.126029e+01  2.328077e+01
18  -3.473674e+01  -2.632899e+01
19  -1.108607e+00  -5.628986e+00
20  1.871006e+01  -6.404464e+00
21  8.617542e+00  -2.753216e+00
22  7.011302e+00  -1.353543e+00
23  5.237647e+00  3.824161e+00
24  2.857941e+00  4.326564e+00
25  3.111308e+00  4.284925e+00
26  1.458907e-02  2.810626e+00
27  -5.541767e-01  2.987760e+00
28  -1.055125e+00  2.746217e+00
29  -1.292248e+00  1.563360e+00
30  -1.824129e+00  1.404315e+00
31  -2.462334e+00  9.858008e-01
32  -3.287895e+00  8.537885e-01
33  -3.822396e+00  9.363695e-01
34  -4.172280e+00  3.189924e-01
35  -4.845514e+00  6.966943e-02
36  -4.600899e+00  2.313153e-01
37  -4.423062e+00  3.887107e-01
38  -5.235700e+00  2.465260e+00
39  -2.902293e+00  1.976293e+00
40  -7.532130e+00  6.083758e+00
41  -4.303037e+00  1.547924e+01
42  -7.309363e+00  2.045849e+01
43  -8.934079e+00  4.073804e+01
44  -9.318927e+00  5.882383e+01
45  -5.670341e+00  8.106250e+01
46  -1.880675e+00  1.705643e+02
47  -1.378050e+00  2.205190e+02
48  -1.500001e+01  3.455594e+02
49  7.815727e+00  3.691670e+02
50  -1.557779e+01  5.169470e+02
51  -1.915149e+01  5.874272e+02
52  5.196495e+01  6.959015e+02
53  4.188765e+02  9.094890e+02
54  5.801792e+02  1.335622e+03
55  6.797465e+02  1.339873e+03
56  1.215120e+03  1.773268e+03
57  1.474485e+03  2.063637e+03
58  1.343124e+03  1.524642e+03
59  2.148348e+03  1.965374e+03
60  1.680626e+03  -1.372608e+03
61  7.468524e+01  -2.597824e+03
62  -6.809607e+03  -1.099697e+04
63  -2.945152e+05  -1.453639e+04
ENDPROP
STARTPROP
MASSES:  4.200000e-03   4.500000e-02
SOURCE: GAM_5
SINKS: GAM_5
0  6.866525e+06  -1.568127e+04
1  6.888480e+06  -4.250855e+04
2  4.890097e+06  -3.260428e+04
3  3.542587e+06  -2.650159e+04
4  2.514444e+06  -1.527693e+04
5  1.736351e+06  -4.648075e+03
6  1.183196e+06  -2.741975e+03
7  8.076286e+05  -6.040828e+03
8  5.529225e+05  -5.282581e+03
9  3.645600e+05  -2.175648e+03
10  2.451154e+05  -1.263168e+03
11  1.692949e+05  -1.547095e+02
12  1.148807e+05  1.347293e+03
13  7.921065e+04  2.027776e+03
14  5.497927e+04  1.590045e+03
15  3.775033e+04  7.645276e+02
16  2.631415e+04  3.386370e+02
17  1.816337e+04  8.283784e+01
18  1.260945e+04  2.321528e+01
19  8.637140e+03  -2.170130e+01
20  5.915220e+03  -5.593717e+01
21  4.065567e+03  -6.334686e+01
22  2.884064e+03  -6.869650e+01
23  2.029032e+03  -5.281263e+01
24  1.399976e+03  -2.939278e+01
25  9.740185e+02  -1.229687e+01
26  6.855592e+02  -3.610268e+00
27  4.641258e+02  9.481011e-01
28  3.078732e+02  7.889270e-01
29  2.211022e+02  1.603857e+00
30  1.746215e+02  5.186221e-01
31  1.535415e+02  -4.610934e-01
32  1.550895e+02  1.254965e+00
33  1.760968e+02  4.262535e+00
34  2.154620e+02  4.386350e+00
35  2.782167e+02  3.225302e+00
36  3.806986e+02  3.727392e+00
37  5.406272e+02  7.384419e+00
38  7.739469e+02  4.041925e+00
39  1.090712e+03  1.542531e+01
40  1.567645e+03  2.854772e+01
41  2.234895e+03  3.775269e+01
42  3.189525e+03  6.006359e+01
43  4.515915e+03  1.817406e+01
44  6.532553e+03  -8.868124e+01
45  9.448212e+03  -2.445946e+02
46  1.354949e+04  -2.072476e+02
47  1.967666e+04  2.840957e+00
48  2.827238e+04  -7.704202e+00
49  4.074685e+04  -3.093881e+02
50  5.870551e+04  -4.851626e+02
51  8.371766e+04  -6.426612e+02
52  1.212513e+05  -6.417523e+02
53  1.788636e+05  9.999947e+02
54  2.592198e+05  3.241929e+03
55  3.732054e+05  5.671619e+03
56  5.417593e+05  6.931692e+03
57  7.801816e+05  7.575583e+03
58  1.128577e+06  1.249916e+04
59  1.646537e+06  1.700335e+04
60  2.368946e+06  2.713538e+04
61  3.364894e+06  3.255982e+04
62  4.757660e+06  3.087401e+04
63  6.772254e+06  2.340846e+04
ENDPROP
STARTPROP
MASSES:  4.200000e-03   4.500000e-02
SOURCE: GAM_12
SINKS: GAM_12
0  7.659598e+05  -1.827376e+04
1  -7.491467e+05  -1.419280e+04
2  -2.003649e+05  -1.097485e+04
3  -9.603865e+04  -5.376599e+03
4  -4.491241e+04  -4.291138e+03
5  -1.733140e+04  -3.231743e+03
6  -4.168608e+03  -9.347443e+02
7  3.561984e+02  -1.994749e+03
8  1.712272e+03  -6.548295e+02
9  1.407541e+03  -5.122013e+02
10  8.304874e+02  -1.800694e+02
11  6.408655e+02  2.054965e+02
12  3.878830e+02  3.772077e+01
13  6.723498e+02  -6.775530e+01
14  5.113192e+02  -9.557561e+01
15  3.892327e+02  -6.762182e+01
16  2.465290e+02  -1.101337e+02
17  8.540023e+01  -5.805724e+01
18  6.950766e+01  -3.813728e+00
19  3.069473e+01  2.070241e+01
20  1.071896e+01  1.455671e+01
21  -7.253727e+00  -3.348155e+00
22  -2.181717e+01  -3.645839e+00
23  -1.255437e+01  3.158490e+00
24  -6.631861e+00  4.346307e+00
25  -3.782664e+00  2.430829e+00
26  4.777805e-01  1.161363e+00
27  2.432119e+00  3.920623e+00
28  2.197631e+00  3.085535e+00
29  2.186019e+00  3.073521e+00
30  1.247354e+00  2.290772e+00
31  4.032870e-01  5.603523e-01
32  -1.220337e-01  6.222893e-01
33  5.335755e-01  1.811424e+00
34  6.859719e-01  1.538360e+00
35  9.033514e-01  1.201168e+00
36  1.250989e+00  3.371248e-01
37  2.511154e+00  1.360913e-01
38  6.611073e+00  -2.908069e+00
39  3.714626e+00  -5.153176e+00
40  -5.387509e-01  -7.296598e+00
41  2.662755e-01  -4.049050e+00
42  3.396311e+00  -6.016413e+00
43  -1.565989e+01  -9.581940e+00
44  -4.523954e+01  1.414333e+01
45  -1.133538e+02  3.970043e+01
46  -1.200739e+02  4.204808e+01
47  -1.563711e+02  8.817032e+01
48  -1.691967e+02  7.326057e+01
49  -1.826149e+02  3.906179e+01
50  -6.354379e+01  -8.324339e+00
51  -2.562203e+01  -2.059050e+02
52  -2.230104e+02  -5.294436e+02
53  -1.194693e+02  -5.800382e+02
54  -7.014092e+01  -2.762873e+02
55  7.491362e+02  3.689676e+02
56  1.896538e+03  1.514923e+03
57  -5.254776e+01  1.782903e+03
58  -5.913633e+03  1.195825e+03
59  -1.556491e+04  1.184318e+03
60  -3.701180e+04  -7.446481e+02
61  -8.572159e+04  -2.719113e+03
62  -2.212468e+05  -1.204853e+04
63  -7.713392e+05  -2.292766e+04
ENDPROP
STARTPROP
MASSES:  4.200000e-03   4.500000e-02
SOURCE: GAM_21
SINKS: GAM_21
0  7.659598e+05  -1.827376e+04
1  -7.491467e+05  -1.419280e+04
2  -2.003649e+05  -1.097485e+04
3  -9.603865e+04  -5.376599e+03
4  -4.491241e+04  -4.291138e+03
5  -1.733140e+04  -3.231743e+03
6  -4.168608e+03  -9.347443e+02
7  3.561984e+02  -1.994749e+03
8  1.712272e+03  -6.548295e+02
9  1.407541e+03  -5.122013e+02
10  8.304874e+02  -1.800694e+02
11  6.408655e+02  2.054965e+02
12  3.878830e+02  3.772077e+01
13  6.723498e+02  -6.775530e+01
14  5.113192e+02  -9.557561e+01
15  3.892327e+02  -6.762182e+01
16  2.465290e+02  -1.101337e+02
17  8.540023e+01  -5.805724e+01
18  6.950766e+01  -3.813728e+00
19  3.069473e+01  2.070241e+01
20  1.071896e+01  1.455671e+01
21  -7.253727e+00  -3.348155e+00
22  -2.181717e+01  -3.645839e+00
23  -1.255437e+01  3.158490e+00
24  -6.631861e+00  4.346307e+00
25  -3.782664e+00  2.430829e+00
26  4.777805e-01  1.161363e+00
27  2.432119e+00  3.920623e+00
28  2.197631e+00  3.085535e+00
29  2.186019e+00  3.073521e+00
30  1.247354e+00  2.290772e+00
31  4.032870e-01  5.603523e-01
32  -1.220337e-01  6.222893e-01
33  5.335755e-01  1.811424e+00
34  6.859719e-01  1.538360e+00
35  9.033514e-01  1.201168e+00
36  1.250989e+00  3.371248e-01
37  2.511154e+00  1.360913e-01
38  6.611073e+00  -2.908069e+00
39  3.714626e+00  -5.153176e+00
40  -5.387509e-01  -7.296598e+00
41  2.662755e-01  -4.049050e+00
42  3.396311e+00  -6.016413e+00
43  -1.565989e+01  -9.581940e+00
44  -4.523954e+01  1.414333e+01
45  -1.133538e+02  3.970043e+01
46  -1.200739e+02  4.204808e+01
47  -1.563711e+02  8.817032e+01
48  -1.691967e+02  7.326057e+01
49  -1.826149e+02  3.906179e+01
50  -6.354379e+01  -8.324339e+00
51  -2.562203e+01  -2.059050e+02
52  -2.230104e+02  -5.294436e+02
53  -1.194693e+02  -5.800382e+02
54  -7.014092e+01  -2.762873e+02
55  7.491362e+02  3.689676e+02
56  1.896538e+03  1.514923e+03
57  -5.254776e+01  1.782903e+03
58  -5.913633e+03  1.195825e+03
59  -1.556491e+04  1.184318e+03
60  -3.701180e+04  -7.446481e+02
61  -8.572159e+04  -2.719113e+03
62  -2.212468e+05  -1.204853e+04
63  -7.713392e+05  -2.292766e+04
ENDPROP
STARTPROP
MASSES:  4.200000e-03   4.500000e-02
SOURCE: GAM_13
SINKS: GAM_13
0  8.142028e+05  4.872781e+02
1  -7.151934e+05  4.240317e+02
2  -1.742318e+05  1.115307e+03
3  -6.368802e+04  2.673315e+03
4  -2.820779e+04  4.023631e+03
5  -1.251757e+04  4.007883e+03
6  -6.751570e+03  4.053596e+03
7  -2.861945e+03  3.339737e+03
8  -9.814079e+02  2.638674e+03
9  5.156125e+01  2.574437e+03
10  -1.213212e+02  1.472648e+03
11  -1.276557e+02  5.608902e+02
12  -2.350734e+02  2.699153e+01
13  -2.726255e+02  1.277025e+02
14  -2.505620e+02  1.791521e+02
15  -1.623773e+02  1.403303e+02
16  -8.860662e+01  4.209915e+01
17  -1.330773e+01  -1.547564e+00
18  5.067918e+00  -6.343770e+01
19  6.453116e+00  -3.031628e+01
20  2.150741e+00  1.967987e+00
21  -1.731106e-01  -1.211120e+01
22  2.805342e+00  -1.468914e+01
23  3.019054e+00  -8.032687e+00
24  -2.895395e-01  -2.588451e+00
25  -3.919484e+00  -2.748379e+00
26  -3.369888e+00  -2.835718e+00
27  -2.380919e+00  -1.903340e+00
28  -1.375675e-01  -1.537883e+00
29  2.960404e-01  -2.714275e-01
30  7.090941e-01  -1.135040e+00
31  -1.148451e-01  -1.704435e+00
32  -6.723807e-01  -7.115682e-01
33  -1.194742e+00  -1.288910e+00
34  -9.986671e-01  -4.103198e-01
35  1.554503e-01  -7.762498e-01
36  1.547499e+00  -2.289774e-01
37  2.855479e+00  1.437858e+00
38  8.947145e+00  5.411848e+00
39  1.395264e+01  1.090247e+01
40  1.097821e+01  9.349665e+00
41  6.257467e+00  7.956887e+00
42  -5.072332e+00  -3.833306e-01
43  -1.712999e+01  -6.169942e+00
44  -1.360570e+01  -6.515472e+00
45  -2.945250e+00  1.282084e+01
46  2.736592e+01  1.063213e+01
47  6.613930e+01  1.343505e+01
48  5.761858e+01  -5.964611e+01
49  2.025587e+02  -1.283685e+02
50  4.338280e+02  -4.204864e+02
51  2.582140e+02  -7.231099e+02
52  -3.851482e+01  -9.042193e+02
53  1.002999e+02  -1.274497e+03
54  4.295674e+02  -1.278184e+03
55  5.616148e+02  -1.307171e+03
56  8.397988e+02  -1.466954e+03
57  4.475684e+02  -1.526326e+03
58  -1.274384e+03  -1.458666e+03
59  -4.940310e+03  -1.167249e+03
60  -1.624216e+04  -1.039585e+03
61  -4.813194e+04  -9.257111e+01
62  -1.663297e+05  -9.056587e+03
63  -7.223371e+05  -1.373612e+04
ENDPROP
STARTPROP
MASSES:  4.200000e-03   4.500000e-02
SOURCE: GAM_31
SINKS: GAM_31
0  8.142028e+05  4.872781e+02
1  -7.151934e+05  4.240317e+02
2  -1.742318e+05  1.115307e+03
3  -6.368802e+04  2.673315e+03
4  -2.820779e+04  4.023631e+03
5  -1.251757e+04  4.007883e+03
6  -6.751570e+03  4.053596e+03
7  -2.861945e+03  3.339737e+03
8  -9.814079e+02  2.638674e+03
9  5.156125e+01  2.574437e+03
10  -1.213212e+02  1.472648e+03
11  -1.276557e+02  5.608902e+02
12  -2.350734e+02  2.699153e+01
13  -2.726255e+02  1.277025e+02
14  -2.505620e+02  1.791521e+02
15  -1.623773e+02  1.403303e+02
16  -8.860662e+01  4.209915e+01
17  -1.330773e+01  -1.547564e+00
18  5.067918e+00  -6.343770e+01
19  6.453116e+00  -3.031628e+01
20  2.150741e+00  1.967987e+00
21  -1.731106e-01  -1.211120e+01
22  2.805342e+00  -1.468914e+01
23  3.019054e+00  -8.032687e+00
24  -2.895395e-01  -2.588451e+00
25  -3.919484e+00  -2.748379e+00
26  -3.369888e+00  -2.835718e+00
27  -2.380919e+00  -1.903340e+00
28  -1.375675e-01  -1.537883e+00
29  2.960404e-01  -2.714275e-01
30  7.090941e-01  -1.135040e+00
31  -1.148451e-01  -1.704435e+00
32  -6.723807e-01  -7.115682e-01
33  -1.194742e+00  -1.288910e+00
34  -9.986671e-01  -4.103198e-01
35  1.554503e-01  -7.762498e-01
36  1.547499e+00  -2.289774e-01
37  2.855479e+00  1.437858e+00
38  8.947145e+00  5.411848e+00
39  1.395264e+01  1.090247e+01
40  1.097821e+01  9.349665e+00
41  6.257467e+00  7.956887e+00
42  -5.072332e+00  -3.833306e-01
43  -1.712999e+01  -6.169942e+00
44  -1.360570e+01  -6.515472e+00
45  -2.945250e+00  1.282084e+01
46  2.736592e+01  1.063213e+01
47  6.613930e+01  1.343505e+01
48  5.761858e+01  -5.964611e+01
49  2.025587e+02  -1.283685e+02
50  4.338280e+02  -4.204864e+02
51  2.582140e+02  -7.231099e+02
52  -3.851482e+01  -9.042193e+02
53  1.002999e+02  -1.274497e+03
54  4.295674e+02  -1.278184e+03
55  5.616148e+02  -1.307171e+03
56  8.397988e+02  -1.466954e+03
57  4.475684e+02  -1.526326e+03
58  -1.274384e+03  -1.458666e+03
59  -4.940310e+03  -1.167249e+03
60  -1.624216e+04  -1.039585e+03
61  -4.813194e+04  -9.257111e+01
62  -1.663297e+05  -9.056587e+03
63  -7.223371e+05  -1.373612e+04
ENDPROP
STARTPROP
MASSES:  4.200000e-03   4.500000e-02
SOURCE: GAM_14
SINKS: GAM_14
0  2.060797e+04  6.261529e+03
1  1.335532e+06  1.439397e+03
2  5.617799e+05  3.288751e+03
3  2.954357e+05  1.484744e+03
4  1.511836e+05  1.166518e+03
5  6.876330e+04  -1.163346e+02
6  2.657001e+04  -2.938090e+03
7  1.060385e+04  -3.575472e+03
8  5.609060e+03  -2.676691e+03
9  3.653037e+03  -1.094776e+03
10  2.040827e+03  -7.574992e+02
11  1.038830e+03  -2.890649e+02
12  1.087242e+03  1.390030e+01
13  9.907647e+02  -2.693014e+01
14  7.746451e+02  2.869604e+01
15  7.248980e+02  4.616230e+01
16  5.089719e+02  8.955050e+01
17  2.694982e+02  9.634570e+01
18  1.876383e+02  2.937393e+01
19  1.118913e+02  1.474926e+01
20  8.645681e+01  2.899215e+01
21  4.034422e+01  3.991412e+01
22  2.917167e+01  2.798161e+01
23  3.019017e+00  1.791441e+01
24  -4.587435e+00  1.185222e+01
25  -4.578136e+00  9.914326e+00
26  -3.143126e+00  4.724300e+00
27  -2.876297e+00  1.167614e+00
28  -3.635917e+00  1.682105e+00
29  -1.148770e+00  1.044176e+00
30  -7.776365e-01  4.813467e-01
31  -1.654334e+00  1.172968e+00
32  -1.316634e+00  2.229788e+00
33  -1.369590e+00  2.113203e+00
34  -7.429979e-01  2.109212e+00
35  -9.312569e-01  6.781718e-01
36  -1.143378e+00  -9.451086e-01
37  -9.749495e-01  -2.456105e+00
38  1.139866e+00  -9.626157e-01
39  1.677899e+00  -2.578757e+00
40  5.794714e+00  -1.783969e-01
41  6.681613e+00  -2.002834e+00
42  -2.535385e+00  -7.822695e-01
43  -2.708480e+01  -2.206351e+00
44  -5.383472e+01  7.801201e+00
45  -6.880425e+01  -1.351143e+01
46  -6.968972e+01  -6.815459e+01
47  -1.872840e+02  -1.282317e+02
48  -1.322408e+02  -1.567594e+02
49  9.220686e+01  -2.790529e+02
50  3.479315e+02  -3.095766e+02
51  4.386652e+02  -2.340980e+02
52  1.637237e+03  1.717455e+02
53  3.639950e+03  1.318727e+02
54  5.940502e+03  9.031371e+01
55  1.001407e+04  4.215282e+02
56  1.660883e+04  -1.109784e+02
57  2.713402e+04  -2.100216e+02
58  4.797744e+04  -2.625283e+03
59  8.469279e+04  -4.834814e+03
60  1.610879e+05  -5.661115e+02
61  2.967334e+05  7.785579e+03
62  5.720192e+05  7.896875e+03
63  1.359450e+06  1.549947e+04
ENDPROP
STARTPROP
MASSES:  4.200000e-03   4.500000e-02
SOURCE: GAM_41
SINKS: GAM_41
0  2.060797e+04  6.261529e+03
1  1.335532e+06  1.439397e+03
2  5.617799e+05  3.288751e+03
3  2.954357e+05  1.484744e+03
4  1.511836e+05  1.166518e+03
5  6.876330e+04  -1.163346e+02
6  2.657001e+04  -2.938090e+03
7  1.060385e+04  -3.575472e+03
8  5.609060e+03  -2.676691e+03
9  3.653037e+03  -1.094776e+03
10  2.040827e+03  -7.574992e+02
11  1.038830e+03  -2.890649e+02
12  1.087242e+03  1.390030e+01
13  9.907647e+02  -2.693014e+01
14  7.746451e+02  2.869604e+01
15  7.248980e+02  4.616230e+01
16  5.089719e+02  8.955050e+01
17  2.694982e+02  9.634570e+01
18  1.876383e+02  2.937393e+01
19  1.118913e+02  1.474926e+01
20  8.645681e+01  2.899215e+01
21  4.034422e+01  3.991412e+01
22  2.917167e+01  2.798161e+01
23  3.019017e+00  1.791441e+01
24  -4.587435e+00  1.185222e+01
25  -4.578136e+00  9.914326e+00
26  -3.143126e+00  4.724300e+00
27  -2.876297e+00  1.167614e+00
28  -3.635917e+00  1.682105e+00
29  -1.148770e+00  1.044176e+00
30  -7.776365e-01  4.813467e-01
31  -1.654334e+00  1.172968e+00
32  -1.316634e+00  2.229788e+00
33  -1.369590e+00  2.113203e+00
34  -7.429979e-01  2.109212e+00
35  -9.312569e-01  6.781718e-01
36  -1.143378e+00  -9.451086e-01
37  -9.749495e-01  -2.456105e+00
38  1.139866e+00  -9.626157e-01
39  1.677899e+00  -2.578757e+00
40  5.794714e+00  -1.783969e-01
41  6.681613e+00  -2.002834e+00
42  -2.535385e+00  -7.822695e-01
43  -2.708480e+01  -2.206351e+00
44  -5.383472e+01  7.801201e+00
45  -6.880425e+01  -1.351143e+01
46  -6.968972e+01  -6.815459e+01
47  -1.872840e+02  -1.282317e+02
48  -1.322408e+02  -1.567594e+02
49  9.220686e+01  -2.790529e+02
50  3.479315e+02  -3.095766e+02
51  4.386652e+02  -2.340980e+02
52  1.637237e+03  1.717455e+02
53  3.639950e+03  1.318727e+02
54  5.940502e+03  9.031371e+01
55  1.001407e+04  4.215282e+02
56  1.660883e+04  -1.109784e+02
57  2.713402e+04  -2.100216e+02
58  4.797744e+04  -2.625283e+03
59  8.469279e+04  -4.834814e+03
60  1.610879e+05  -5.661115e+02
61  2.967334e+05  7.785579e+03
62  5.720192e+05  7.896875e+03
63  1.359450e+06  1.549947e+04
ENDPROP
STARTPROP
MASSES:  4.200000e-03   4.500000e-02
SOURCE: GAM_23
SINKS: GAM_23
0  8.221093e+05  1.024806e+04
1  -7.022834e+05  1.641623e+04
2  -1.701446e+05  7.843688e+03
3  -6.941723e+04  3.226029e+03
4  -3.263135e+04  4.562397e+03
5  -1.256719e+04  3.243597e+03
6  -6.634813e+03  1.744274e+03
7  -3.770724e+03  6.307159e+02
8  -2.162199e+03  -3.143925e+01
9  -9.203336e+02  5.424790e+02
10  -6.455690e+01  4.400839e+02
11  1.596269e+02  2.896496e+02
12  6.721917e+01  -1.870294e+02
13  1.458756e+02  -3.313564e+02
14  6.974739e+01  -2.711078e+02
15  9.164356e+01  -2.282858e+02
16  2.160918e+01  -1.880934e+02
17  -1.192221e+01  -8.939447e+01
18  1.594543e+01  -3.507489e+01
19  1.621323e+01  -8.308298e+00
20  -2.014734e+01  -1.239991e+01
21  -1.015715e+01  -1.895988e+01
22  1.957534e+00  -2.130182e+01
23  1.107063e+01  -4.560447e+00
24  7.060647e+00  9.184728e-01
25  1.560769e+00  3.439446e+00
26  2.701011e+00  2.747585e+00
27  2.314358e+00  2.927855e+00
28  1.834771e+00  1.452629e+00
29  -6.956391e-01  9.691755e-02
30  -2.109337e+00  -4.734504e-02
31  -1.766882e+00  -3.921905e-01
32  -1.466542e+00  -9.431665e-01
33  -1.375498e+00  -9.898125e-01
34  -1.884225e+00  -1.276543e+00
35  -1.536163e+00  -2.563354e+00
36  -7.940387e-02  -4.672535e+00
37  2.030030e+00  -3.560164e+00
38  4.064889e+00  5.831609e-01
39  1.089681e+01  4.559347e+00
40  1.415094e+01  7.002019e+00
41  1.182059e+01  1.489954e+01
42  1.413969e+01  1.349740e+01
43  1.207066e+01  2.643408e+01
44  -2.589650e+00  2.122811e+01
45  6.460198e-01  -2.166177e+01
46  -7.328830e+00  -6.252866e+01
47  -6.407394e+01  -1.320449e+02
48  -1.707091e+02  -1.245724e+02
49  -2.835360e+02  -2.395579e+02
50  -3.314332e+02  -4.650521e+02
51  -4.997974e+02  -3.057617e+02
52  -4.866432e+02  -2.387354e+01
53  2.279041e+01  1.006997e+02
54  6.983723e+02  2.240588e+02
55  1.456588e+03  1.465601e+02
56  3.458969e+03  5.520610e+02
57  4.724498e+03  5.787515e+02
58  5.547768e+03  -3.001998e+02
59  1.302490e+03  9.446703e+01
60  -2.049836e+04  -6.873554e+02
61  -6.010902e+04  -1.492360e+03
62  -1.575675e+05  -4.220033e+03
63  -7.058571e+05  -4.973523e+03
ENDPROP
STARTPROP
MASSES:  4.200000e-03   4.500000e-02
SOURCE: GAM_32
SINKS: GAM_32
0  8.221093e+05  1.024806e+04
1  -7.022834e+05  1.641623e+04
2  -1.701446e+05  7.843688e+03
3  -6.941723e+04  3.226029e+03
4  -3.263135e+04  4.562397e+03
5  -1.256719e+04  3.243597e+03
6  -6.634813e+03  1.744274e+03
7  -3.770724e+03  6.307159e+02
8  -2.162199e+03  -3.143925e+01
9  -9.203336e+02  5.424790e+02
10  -6.455690e+01  4.400839e+02
11  1.596269e+02  2.896496e+02
12  6.721917e+01  -1.870294e+02
13  1.458756e+02  -3.313564e+02
14  6.974739e+01  -2.711078e+02
15  9.164356e+01  -2.282858e+02
16  2.160918e+01  -1.880934e+02
17  -1.192221e+01  -8.939447e+01
18  1.594543e+01  -3.507489e+01
19  1.621323e+01  -8.308298e+00
20  -2.014734e+01  -1.239991e+01
21  -1.015715e+01  -1.895988e+01
22  1.957534e+00  -2.130182e+01
23  1.107063e+01  -4.560447e+00
24  7.060647e+00  9.184728e-01
25  1.560769e+00  3.439446e+00
26  2.701011e+00  2.747585e+00
27  2.314358e+00  2.927855e+00
28  1.834771e+00  1.452629e+00
29  -6.956391e-01  9.691755e-02
30  -2.109337e+00  -4.734504e-02
31  -1.766882e+00  -3.921905e-01
32  -1.466542e+00  -9.431665e-01
33  -1.375498e+00  -9.898125e-01
34  -1.884225e+00  -1.276543e+00
35  -1.536163e+00  -2.563354e+00
36  -7.940387e-02  -4.672535e+00
37  2.030030e+00  -3.560164e+00
38  4.064889e+00  5.831609e-01
39  1.089681e+01  4.559347e+00
40  1.415094e+01  7.002019e+00
41  1.182059e+01  1.489954e+01
42  1.413969e+01  1.349740e+01
43  1.207066e+01  2.643408e+01
44  -2.589650e+00  2.122811e+01
45  6.460198e-01  -2.166177e+01
46  -7.328830e+00  -6.252866e+01
47  -6.407394e+01  -1.320449e+02
48  -1.707091e+02  -1.245724e+02
49  -2.835360e+02  -2.395579e+02
50  -3.314332e+02  -4.650521e+02
51  -4.997974e+02  -3.057617e+02
52  -4.866432e+02  -2.387354e+01
53  2.279041e+01  1.006997e+02
54  6.983723e+02  2.240588e+02
55  1.456588e+03  1.465601e+02
56  3.458969e+03  5.520610e+02
57  4.724498e+03  5.787515e+02
58  5.547768e+03  -3.001998e+02
59  1.302490e+03  9.446703e+01
60  -2.049836e+04  -6.873554e+02
61  -6.010902e+04  -1.492360e+03
62  -1.575675e+05  -4.220033e+03
63  -7.058571e+05  -4.973523e+03
ENDPROP
STARTPROP
MASSES:  4.200000e-03   4.500000e-02
SOURCE: GAM_24
SINKS: GAM_24
0  3.610170e+04  5.107572e+03
1  1.356387e+06  8.928268e+02
2  5.745854e+05  2.219911e+03
3  2.827460e+05  7.237107e+03
4  1.391732e+05  8.940967e+03
5  6.726522e+04  1.027886e+04
6  2.939157e+04  6.990484e+03
7  1.321310e+04  5.484037e+03
8  6.608198e+03  3.341351e+03
9  4.949981e+03  1.400050e+03
10  2.690594e+03  2.811072e+02
11  1.857466e+03  -1.636848e+02
12  1.150027e+03  1.094107e+02
13  9.274616e+02  5.840601e+01
14  7.683924e+02  7.780699e+01
15  5.338336e+02  5.708101e+01
16  4.920669e+02  3.569663e+01
17  3.625358e+02  -3.978238e+01
18  1.837434e+02  -9.275169e+01
19  9.736922e+01  -1.061482e+02
20  4.137918e+01  -5.690865e+01
21  2.342556e+01  -2.673628e+01
22  9.407145e+00  -2.119709e+01
23  -3.968803e-01  -2.529140e+01
24  -4.110175e+00  -2.414841e+01
25  -1.945382e+00  -1.458585e+01
26  2.609844e+00  -6.103647e+00
27  3.007724e+00  3.487926e-01
28  1.298232e+00  2.512109e+00
29  4.846517e-01  2.015886e+00
30  1.834219e+00  3.009707e+00
31  1.533227e+00  1.679064e+00
32  9.368991e-01  7.754907e-02
33  1.984307e-01  1.451767e-01
34  2.560652e-01  -1.563951e-01
35  1.781162e+00  7.225805e-01
36  7.837211e-01  -4.545839e-02
37  1.200223e-01  -2.652227e+00
38  1.094583e-01  -1.384316e+00
39  2.172787e+00  -1.539848e+00
40  3.528252e+00  -8.892015e+00
41  8.580947e+00  -1.659128e+01
42  1.809982e+01  -1.124432e+01
43  9.910212e+00  -1.238536e+01
44  2.043637e+01  -3.454452e+01
45  4.508292e+01  -5.555130e+01
46  4.980260e+01  -8.952206e+01
47  1.706586e+02  -1.445779e+02
48  2.333945e+02  -1.689475e+02
49  2.954614e+02  -2.247799e+02
50  6.002725e+02  -4.506145e+02
51  1.422422e+03  -4.125348e+02
52  2.443138e+03  -4.417052e+02
53  4.131491e+03  -5.302220e+02
54  6.069571e+03  -6.721778e+02
55  9.358969e+03  -1.384938e+03
56  1.524580e+04  -1.252578e+03
57  2.592055e+04  -2.347756e+03
58  4.467636e+04  -3.263698e+03
59  8.340346e+04  2.046431e+02
60  1.578050e+05  5.233408e+03
61  2.987359e+05  7.217940e+03
62  5.595354e+05  1.159143e+04
63  1.353038e+06  1.668343e+04
ENDPROP
STARTPROP
MASSES:  4.200000e-03   4.500000e-02
SOURCE: GAM_42
SINKS: GAM_42
0  3.610170e+04  5.107572e+03
1  1.356387e+06  8.928268e+02
2  5.745854e+05  2.219911e+03
3  2.827460e+05  7.237107e+03
4  1.391732e+05  8.940967e+03
5  6.726522e+04  1.027886e+04
6  2.939157e+04  6.990484e+03
7  1.321310e+04  5.484037e+03
8  6.608198e+03  3.341351e+03
9  4.949981e+03  1.400050e+03
10  2.690594e+03  2.811072e+02
11  1.857466e+03  -1.636848e+02
12  1.150027e+03  1.094107e+02
13  9.274616e+02  5.840601e+01
14  7.683924e+02  7.780699e+01
15  5.338336e+02  5.708101e+01
16  4.920669e+02  3.569663e+01
17  3.625358e+02  -3.978238e+01
18  1.837434e+02  -9.275169e+01
19  9.736922e+01  -1.061482e+02
20  4.137918e+01  -5.690865e+01
21  2.342556e+01  -2.673628e+01
22  9.407145e+00  -2.119709e+01
23  -3.968803e-01  -2.529140e+01
24  -4.110175e+00  -2.414841e+01
25  -1.945382e+00  -1.458585e+01
26  2.609844e+00  -6.103647e+00
27  3.007724e+00  3.487926e-01
28  1.298232e+00  2.512109e+00
29  4.846517e-01  2.015886e+00
30  1.834219e+00  3.009707e+00
31  1.533227e+00  1.679064e+00
32  9.368991e-01  7.754907e-02
33  1.984307e-01  1.451767e-01
34  2.560652e-01  -1.563951e-01
35  1.781162e+00  7.225805e-01
36  7.837211e-01  -4.545839e-02
37  1.200223e-01  -2.652227e+00
38  1.094583e-01  -1.384316e+00
39  2.172787e+00  -1.539848e+00
40  3.528252e+00  -8.892015e+00
41  8.580947e+00  -1.659128e+01
42  1.809982e+01  -1.124432e+01
43  9.910212e+00  -1.238536e+01
44  2.043637e+01  -3.454452e+01
45  4.508292e+01  -5.555130e+01
46  4.980260e+01  -8.952206e+01
47  1.706586e+02  -1.445779e+02
48  2.333945e+02  -1.689475e+02
49  2.954614e+02  -2.247799e+02
50  6.002725e+02  -4.506145e+02
51  1.422422e+03  -4.125348e+02
52  2.443138e+03  -4.417052e+02
53  4.131491e+03  -5.302220e+02
54  6.069571e+03  -6.721778e+02
55  9.358969e+03  -1.384938e+03
56  1.524580e+04  -1.252578e+03
57  2.592055e+04  -2.347756e+03
58  4.467636e+04  -3.263698e+03
59  8.340346e+04  2.046431e+02
60  1.578050e+05  5.233408e+03
61  2.987359e+05  7.217940e+03
62  5.595354e+05  1.159143e+04
63  1.353038e+06  1.668343e+04
ENDPROP
STARTPROP
MASSES:  4.200000e-03   4.500000e-02
SOURCE: GAM_34
SINKS: GAM_34
0  4.698487e+04  8.562551e+03
1  1.340086e+06  1.522505e+04
2  5.512194e+05  1.318732e+04
3  2.823191e+05  1.171449e+04
4  1.384294e+05  1.155743e+04
5  6.729223e+04  7.641104e+03
6  3.217731e+04  4.075919e+03
7  1.519318e+04  2.746414e+03
8  6.344779e+03  1.208114e+03
9  3.668195e+03  -3.687114e+02
10  1.792707e+03  -6.778447e+02
11  1.168930e+03  -4.346281e+02
12  9.333718e+02  -4.016869e+02
13  5.605213e+02  -1.973434e+02
14  2.305551e+02  -1.441199e+02
15  5.868209e+01  -1.248064e+02
16  1.789630e+02  -8.001695e+01
17  2.052200e+02  -4.659405e+01
18  7.485112e+01  -1.034317e+02
19  3.964117e+01  -9.364512e+01
20  7.823716e+00  -4.962651e+01
21  9.493436e+00  -1.145840e+01
22  3.333455e+00  4.284869e+00
23  -8.624258e+00  5.047133e+00
24  -1.354783e+01  5.258904e+00
25  -8.368497e+00  3.399280e+00
26  -2.555067e+00  4.699038e+00
27  1.421854e+00  2.866387e+00
28  3.760303e+00  7.921258e-01
29  2.807708e+00  1.300340e+00
30  1.997836e+00  9.571495e-01
31  8.371296e-01  1.900202e+00
32  -1.774025e+00  2.316238e+00
33  -3.377884e+00  3.068917e+00
34  -4.074315e+00  4.424870e+00
35  -4.165999e+00  6.586618e+00
36  -2.467282e+00  6.974728e+00
37  1.747389e+00  6.633389e+00
38  4.988041e+00  6.706037e+00
39  -5.189543e-01  2.998629e+00
40  4.035967e+00  6.918052e+00
41  -3.667852e+00  1.015467e+01
42  -2.467151e+01  7.403809e+00
43  -2.254808e+01  1.562990e+01
44  -6.405872e+01  1.989950e+01
45  -1.159050e+02  4.037507e+01
46  -2.316068e+02  8.692055e+01
47  -3.762135e+02  8.267805e+01
48  -4.749248e+02  1.124201e+02
49  -3.599051e+02  1.273156e+02
50  -3.400706e+01  -1.378671e+02
51  6.070176e+02  -3.810977e+02
52  1.665236e+03  -7.073067e+02
53  3.129184e+03  -1.403571e+03
54  4.907125e+03  -1.464245e+03
55  8.289173e+03  -1.002520e+03
56  1.563308e+04  -7.709317e+02
57  2.648336e+04  -1.928726e+03
58  4.572154e+04  -1.510238e+03
59  9.109378e+04  9.671436e+02
60  1.690241e+05  6.224045e+03
61  3.229639e+05  1.177181e+04
62  6.089321e+05  9.751952e+03
63  1.394658e+06  1.122154e+04
ENDPROP
STARTPROP
MASSES:  4.200000e-03   4.500000e-02
SOURCE: GAM_43
SINKS: GAM_43
0  4.698487e+04  8.562551e+03
1  1.340086e+06  1.522505e+04
2  5.512194e+05  1.318732e+04
3  2.823191e+05  1.171449e+04
4  1.384294e+05  1.155743e+04
5  6.729223e+04  7.641104e+03
6  3.217731e+04  4.075919e+03
7  1.519318e+04  2.746414e+03
8  6.344779e+03  1.208114e+03
9  3.668195e+03  -3.687114e+02
10  1.792707e+03  -6.778447e+02
11  1.168930e+03  -4.346281e+02
12  9.333718e+02  -4.016869e+02
13  5.605213e+02  -1.973434e+02
14  2.305551e+02  -1.441199e+02
15  5.868209e+01  -1.248064e+02
16  1.789630e+02  -8.001695e+01
17  2.052200e+02  -4.659405e+01
18  7.485112e+01  -1.034317e+02
19  3.964117e+01  -9.364512e+01
20  7.823716e+00  -4.962651e+01
21  9.493436e+00  -1.145840e+01
22  3.333455e+00  4.284869e+00
23  -8.624258e+00  5.047133e+00
24  -1.354783e+01  5.258904e+00
25  -8.368497e+00  3.399280e+00
26  -2.555067e+00  4.699038e+00
27  1.421854e+00  2.866387e+00
28  3.760303e+00  7.921258e-01
29  2.807708e+00  1.300340e+00
30  1.997836e+00  9.571495e-01
31  8.371296e-01  1.900202e+00
32  -1.774025e+00  2.316238e+00
33  -3.377884e+00  3.068917e+00
34  -4.074315e+00  4.424870e+00
35  -4.165999e+00  6.586618e+00
36  -2.467282e+00  6.974728e+00
37  1.747389e+00  6.633389e+00
38  4.988041e+00  6.706037e+00
39  -5.189543e-01  2.998629e+00
40  4.035967e+00  6.918052e+00
41  -3.667852e+00  1.015467e+01
42  -2.467151e+01  7.403809e+00
43  -2.254808e+01  1.562990e+01
44  -6.405872e+01  1.989950e+01
45  -1.159050e+02  4.037507e+01
46  -2.316068e+02  8.692055e+01
47  -3.762135e+02  8.267805e+01
48  -4.749248e+02  1.124201e+02
49  -3.599051e+02  1.273156e+02
50  -3.400706e+01  -1.378671e+02
51  6.070176e+02  -3.810977e+02
52  1.665236e+03  -7.073067e+02
53  3.129184e+03  -1.403571e+03
54  4.907125e+03  -1.464245e+03
55  8.289173e+03  -1.002520e+03
56  1.563308e+04  -7.709317e+02
57  2.648336e+04  -1.928726e+03
58  4.572154e+04  -1.510238e+03
59  9.109378e+04  9.671436e+02
60  1.690241e+05  6.224045e+03
61  3.229639e+05  1.177181e+04
62  6.089321e+05  9.751952e+03
63  1.394658e+06  1.122154e+04
ENDPROP
STARTPROP
MASSES:  4.200000e-03   4.500000e-02
SOURCE: GAM_15
SINKS: GAM_15
0  -7.417584e+04  -1.715354e+04
1  -1.035545e+06  -1.545731e+04
2  -3.136660e+05  -1.120897e+04
3  -1.293308e+05  -6.418479e+03
4  -5.952404e+04  -2.321673e+03
5  -2.870767e+04  2.475445e+02
6  -1.575007e+04  -9.463072e+01
7  -8.044853e+03  -8.841093e+02
8  -3.952476e+03  -9.987950e+02
9  -2.047256e+03  -7.852957e+02
10  -7.051280e+02  -6.277874e+02
11  1.422873e+02  -4.380006e+02
12  3.439571e+01  -3.237659e+02
13  -5.633484e+02  -2.594003e+02
14  -8.997269e+02  -1.938725e+02
15  -9.562477e+02  -3.738304e+01
16  -6.994802e+02  6.587639e+01
17  -3.742128e+02  3.561642e+01
18  -1.649068e+02  3.360998e+01
19  -6.978099e+01  -4.561321e+00
20  -2.878412e+01  6.963640e+00
21  1.887087e+00  -4.117806e+00
22  8.082967e+00  4.231361e+00
23  8.394736e+00  -1.048710e-01
24  3.083198e+00  -1.208581e-01
25  4.861575e+00  3.016521e+00
26  1.432732e+00  2.712657e+00
27  -3.086621e+00  1.195315e+00
28  -2.572139e+00  7.052420e-01
29  -1.865468e+00  2.604562e+00
30  -2.679628e+00  2.971991e+00
31  -1.372566e+00  1.042441e+00
32  -1.396397e+00  -7.283200e-01
33  -1.290118e+00  -1.461637e+00
34  -1.603792e+00  -1.313118e+00
35  -1.457538e+00  -6.330529e-01
36  -4.501331e-01  -2.288879e-01
37  -4.785110e+00  1.601166e+00
38  -9.855138e+00  9.298051e+00
39  -1.421982e+01  1.360803e+01
40  -1.321328e+01  1.664496e+01
41  -5.265785e+00  1.189190e+01
42  4.239850e+00  3.756847e+00
43  1.173012e+01  -1.054634e+01
44  5.096110e+01  -3.705675e+01
45  1.274211e+02  -1.070786e+02
46  1.574014e+02  -1.836413e+02
47  1.874820e+02  -2.305586e+02
48  1.870259e+02  -2.686238e+02
49  4.401041e+01  -1.880977e+02
50  -2.984837e+01  -1.103889e+02
51  -4.838703e+01  -3.051132e+02
52  1.759635e+02  -6.338764e+02
53  1.660370e+02  -1.044178e+03
54  6.442351e+01  -1.336581e+03
55  1.941728e+02  -2.591695e+03
56  -6.742971e+02  -2.962717e+03
57  -3.931993e+03  -1.690800e+03
58  -1.022978e+04  -3.424654e+03
59  -2.516311e+04  -1.989808e+03
60  -5.702784e+04  5.117507e+03
61  -1.308961e+05  6.634415e+03
62  -3.267723e+05  -2.223994e+02
63  -1.053929e+06  -1.459252e+04
ENDPROP
STARTPROP
MASSES:  4.200000e-03   4.500000e-02
SOURCE: GAM_25
SINKS: GAM_25
0  -1.106871e+05  -2.811312e+04
1  -1.079295e+06  -2.737098e+04
2  -3.462080e+05  -2.898484e+04
3  -1.480323e+05  -2.114009e+04
4  -5.979947e+04  -1.206141e+04
5  -2.530552e+04  -7.517090e+03
6  -1.456851e+04  -5.927028e+02
7  -8.429600e+03  2.866008e+03
8  -4.481669e+03  2.429084e+03
9  -1.898699e+03  1.333372e+03
10  -8.409573e+02  8.283352e+02
11  -1.427457e+02  3.818333e+02
12  3.046492e+02  1.713599e+02
13  4.331368e+02  6.966954e+01
14  5.802351e+02  2.330070e+01
15  4.326753e+02  -6.064552e+01
16  2.485028e+02  -8.360596e+01
17  1.858720e+02  -1.623020e+02
18  1.373596e+02  -1.290722e+02
19  1.028070e+02  -9.599968e+01
20  9.828775e+01  -4.602113e+01
21  5.639525e+01  -9.595003e+00
22  3.258883e+01  9.548835e+00
23  2.147589e+01  1.295412e+01
24  2.198367e+01  7.287799e+00
25  1.448254e+01  -1.628878e+00
26  6.423835e+00  -4.094186e+00
27  2.433977e+00  -2.661719e+00
28  1.891420e+00  -3.829484e-01
29  1.342669e+00  -6.168308e-01
30  8.478334e-01  6.499094e-01
31  1.127304e-01  1.219879e+00
32  2.443713e-01  1.598344e+00
33  2.886668e-01  1.726206e+00
34  5.659483e-01  1.936019e+00
35  6.150778e-01  1.984608e+00
36  1.114779e+00  4.166320e+00
37  3.859463e+00  4.290124e+00
38  1.026311e+01  1.843770e+00
39  1.438654e+01  8.774210e-01
40  1.235317e+01  7.403134e-01
41  -4.173542e+00  -2.729103e+00
42  -1.376148e+01  1.331636e+01
43  -6.877724e+00  2.273346e+01
44  -1.870671e+01  4.232759e+01
45  -8.447323e+01  7.599475e+01
46  -1.355619e+02  9.993280e+01
47  -2.522281e+02  1.104334e+02
48  -4.295546e+02  1.772404e+02
49  -5.709407e+02  2.433199e+02
50  -6.017569e+02  2.148122e+02
51  -7.037948e+02  3.507786e+02
52  -7.484984e+02  4.449200e+02
53  -6.581903e+02  5.163217e+02
54  -7.853659e+02  2.209335e+02
55  -9.534129e+02  5.239289e+02
56  -2.791031e+03  6.198503e+02
57  -5.472733e+03  3.132804e+03
58  -9.864115e+03  6.411947e+03
59  -2.118991e+04  8.728057e+03
60  -5.209035e+04  6.864142e+03
61  -1.357897e+05  -1.417302e+03
62  -3.459874e+05  -1.425745e+04
63  -1.086658e+06  -3.723489e+04
ENDPROP
STARTPROP
MASSES:  4.200000e-03   4.500000e-02
SOURCE: GAM_35
SINKS: GAM_35
0  -7.816046e+03  1.608665e+04
1  -9.555290e+05  1.275240e+04
2  -2.513417e+05  1.899643e+03
3  -8.911999e+04  2.193767e+03
4  -3.470069e+04  2.759845e+03
5  -1.095452e+04  -2.410993e+03
6  -3.995502e+03  -2.087745e+03
7  -6.772735e+02  -1.013312e+03
8  1.281711e+03  4.643580e+02
9  1.707060e+03  5.220355e+01
10  1.106276e+03  -3.238100e+02
11  7.318012e+02  -1.575607e+02
12  7.833495e+02  6.835033e+01
13  6.032097e+02  1.196523e+01
14  1.228918e+02  8.602563e+01
15  1.082482e+01  3.449718e+01
16  -1.253074e+02  3.598443e+01
17  -1.613996e+02  8.504385e+01
18  -5.876337e+01  3.603477e+01
19  2.635409e+01  4.819224e+01
20  4.070548e+00  6.321665e+01
21  -7.272085e+00  6.834674e+01
22  -7.246972e+00  4.593025e+01
23  -1.757854e+01  2.076434e+01
24  -1.775251e+01  1.853816e+01
25  -2.773514e+00  1.179934e+01
26  3.422530e+00  1.022188e+01
27  4.130414e+00  7.055801e+00
28  9.066019e-01  5.653919e+00
29  -1.198269e+00  4.650596e+00
30  -1.589734e+00  3.811603e+00
31  -9.717845e-01  2.713351e+00
32  -1.101461e+00  3.132481e+00
33  -1.100444e+00  3.499110e+00
34  -1.282526e+00  3.538824e+00
35  7.966353e-01  4.274988e+00
36  2.557933e+00  3.448898e+00
37  9.171415e-01  2.149863e+00
38  2.051184e+00  1.245925e+00
39  8.029091e+00  1.163915e-01
40  1.894114e+01  1.631093e+00
41  2.604976e+01  1.261189e+01
42  3.651993e+01  2.778364e+01
43  2.938064e+01  5.658703e+01
44  3.302638e+01  9.255611e+01
45  2.018198e+01  1.482328e+02
46  -2.792343e+00  1.753497e+02
47  6.025902e+01  1.268728e+02
48  2.546744e+02  5.999020e+01
49  4.169943e+02  -1.490751e+02
50  3.437180e+02  -4.151420e+02
51  3.428858e+02  -6.676261e+02
52  5.186564e+02  -8.223394e+02
53  1.025095e+03  -1.003967e+03
54  1.616582e+03  -1.320825e+03
55  2.128659e+03  -1.150238e+03
56  2.779592e+03  -5.959708e+02
57  3.535702e+03  -6.917714e+02
58  -3.509203e+03  -4.278461e+02
59  -2.194286e+04  4.199367e+03
60  -5.225465e+04  9.770552e+03
61  -1.231469e+05  1.295221e+04
62  -3.070428e+05  8.882776e+03
63  -1.016116e+06  6.816526e+03
ENDPROP
STARTPROP
MASSES:  4.200000e-03   4.500000e-02
SOURCE: GAM_45
SINKS: GAM_45
0  -1.296718e+06  2.909586e+03
1  9.792319e+05  -9.658840e+03
2  5.052219e+05  -6.589129e+03
3  3.525111e+05  -5.987027e+03
4  2.464703e+05  -8.772707e+02
5  1.624108e+05  2.863968e+02
6  1.099924e+05  -2.896493e+02
7  7.319519e+04  -5.290525e+02
8  4.975524e+04  -9.578891e+01
9  3.397572e+04  4.318761e+02
10  2.330635e+04  3.684837e+01
11  1.619089e+04  1.171077e+01
12  1.125636e+04  -2.407440e+01
13  7.712792e+03  -1.667280e+02
14  5.326982e+03  -2.249040e+02
15  3.709361e+03  -1.981125e+02
16  2.536986e+03  -1.175749e+02
17  1.745424e+03  -7.914024e+01
18  1.171278e+03  -6.173941e+01
19  8.063634e+02  -8.019010e+01
20  5.536638e+02  -6.340926e+01
21  3.730868e+02  -4.019454e+01
22  2.544118e+02  -2.713847e+01
23  1.727716e+02  -1.655939e+01
24  1.122798e+02  -9.814575e+00
25  7.512868e+01  -4.887347e+00
26  5.033912e+01  -3.219494e+00
27  3.337122e+01  -1.898601e+00
28  2.313772e+01  2.330816e-01
29  1.700875e+01  1.080037e+00
30  1.420166e+01  1.582213e+00
31  1.375901e+01  2.280638e+00
32  1.468757e+01  3.252648e+00
33  1.800631e+01  4.924617e+00
34  2.249536e+01  6.544294e+00
35  3.071632e+01  9.510598e+00
36  4.202367e+01  1.231355e+01
37  6.069240e+01  1.662113e+01
38  8.716046e+01  2.239132e+01
39  1.235445e+02  3.228291e+01
40  1.740504e+02  4.166701e+01
41  2.375114e+02  5.004278e+01
42  3.412733e+02  7.447471e+01
43  4.898647e+02  8.913688e+01
44  6.875510e+02  1.127060e+02
45  1.009652e+03  1.444152e+02
46  1.472500e+03  1.700205e+02
47  2.157929e+03  2.536522e+02
48  3.073016e+03  3.387129e+02
49  4.453145e+03  3.508323e+02
50  6.513449e+03  4.812234e+02
51  9.534618e+03  4.788298e+02
52  1.306068e+04  5.611341e+02
53  1.946075e+04  9.089238e+02
54  2.781188e+04  1.161085e+03
55  4.035177e+04  1.990558e+03
56  5.839877e+04  2.681087e+03
57  8.362602e+04  3.589179e+03
58  1.206783e+05  3.820566e+03
59  1.750517e+05  4.349186e+03
60  2.543890e+05  7.549041e+03
61  3.663933e+05  7.996443e+03
62  5.122597e+05  1.184339e+04
63  9.901819e+05  1.011602e+04
ENDPROP
STARTPROP
MASSES:  4.200000e-03   4.500000e-02
SOURCE: PSAX4
SINKS: GAM_4
0  1.900738e+04  -9.468464e+03
1  1.674622e+06  -9.852579e+03
2  1.052252e+06  -5.442401e+03
3  7.313515e+05  -4.627542e+03
4  5.067034e+05  -1.117373e+03
5  3.430147e+05  -8.007084e+02
6  2.322339e+05  -1.296575e+03
7  1.570869e+05  -1.413605e+03
8  1.068295e+05  -5.699341e+02
9  7.245428e+04  2.757692e+02
10  5.011931e+04  1.969438e+02
11  3.466584e+04  3.031783e+02
12  2.392841e+04  3.425908e+02
13  1.635170e+04  3.185500e+02
14  1.128038e+04  6.581975e+01
15  7.763429e+03  1.895152e+01
16  5.357251e+03  1.941690e+00
17  3.693441e+03  -2.912839e+00
18  2.523825e+03  -2.526303e+01
19  1.763842e+03  -3.941065e+01
20  1.217436e+03  -2.523772e+01
21  8.347187e+02  -1.119524e+01
22  5.853913e+02  -1.123402e+01
23  4.025538e+02  -8.158541e+00
24  2.717917e+02  -3.499961e+00
25  1.837489e+02  6.115031e-01
26  1.219528e+02  4.960804e-01
27  7.884474e+01  8.334250e-02
28  4.981664e+01  -1.746361e-01
29  2.993152e+01  2.098895e-01
30  1.541863e+01  -3.857270e-02
31  3.265433e+00  -4.014626e-01
32  -8.349318e+00  2.082742e-02
33  -2.097232e+01  -3.363469e-01
34  -3.556633e+01  1.513156e-01
35  -5.429992e+01  -9.498023e-02
36  -7.888405e+01  1.053746e-01
37  -1.144298e+02  1.930756e-01
38  -1.646430e+02  -2.321047e+00
39  -2.369728e+02  -2.094966e+00
40  -3.367757e+02  -1.944009e+00
41  -4.728694e+02  -1.652659e+00
42  -6.872036e+02  -4.876975e+00
43  -9.789940e+02  -1.177435e+01
44  -1.372399e+03  -1.250662e+01
45  -1.984017e+03  -4.056552e+00
46  -2.856869e+03  2.899404e+01
47  -4.108118e+03  1.461084e+01
48  -5.855344e+03  3.550632e+01
49  -8.444932e+03  4.972413e+01
50  -1.220256e+04  4.489877e+01
51  -1.778228e+04  7.024699e+01
52  -2.504005e+04  1.384296e+02
53  -3.688936e+04  1.011151e+02
54  -5.302882e+04  -9.880035e+00
55  -7.732756e+04  -3.377075e+02
56  -1.128287e+05  -8.391509e+02
57  -1.619275e+05  -1.871160e+03
58  -2.330660e+05  -1.435970e+03
59  -3.388158e+05  -2.567782e+03
60  -4.907801e+05  -4.641967e+03
61  -7.090337e+05  -5.089008e+03
62  -1.021888e+06  -1.436556e+04
63  -1.638662e+06  -1.253364e+04
ENDPROP
STARTPROP
MASSES:  4.200000e-03   4.500000e-02
SOURCE: WWPSAX4
SINKS: GAM_4
0  -4.323378e+07  -2.872003e+08
1  1.566140e+09  -9.781184e+07
2  6.581897e+08  -2.540459e+07
3  4.878660e+08  -1.805085e+07
4  2.088884e+08  -1.764304e+07
5  1.482948e+08  -4.132009e+07
6  1.076564e+08  -6.860950e+06
7  7.550556e+07  4.241366e+06
8  7.262388e+07  9.769990e+05
9  3.256739e+07  7.103623e+06
10  1.345958e+07  -4.395361e+06
11  2.046420e+07  -4.059557e+06
12  8.124802e+06  1.644121e+06
13  1.348027e+07  1.729751e+05
14  1.177413e+07  -4.275568e+06
15  4.734049e+06  4.737866e+05
16  3.908932e+06  3.606448e+05
17  2.693074e+06  -8.035393e+05
18  1.310187e+06  -2.642415e+05
19  4.810398e+05  2.019801e+04
20  4.959003e+05  -7.498305e+04
21  6.762477e+05  9.625559e+04
22  4.474170e+05  5.856404e+04
23  2.751280e+05  3.713092e+04
24  5.104323e+04  -2.220918e+04
25  1.760496e+05  -1.555939e+04
26  5.466097e+04  -3.190788e+04
27  9.981145e+04  2.471641e+04
28  1.116028e+04  -2.054292e+04
29  1.251613e+04  1.014385e+04
30  -5.317173e+03  2.378151e+04
31  6.384514e+03  8.638380e+03
32  -1.193176e+04  9.849302e+03
33  -2.322833e+04  1.412372e+04
34  -9.825952e+03  -1.489764e+04
35  -4.180819e+04  -4.415754e+03
36  -9.132256e+04  2.940439e+04
37  -8.852148e+04  -9.477374e+03
38  -1.228673e+05  -2.184502e+03
39  -1.250039e+05  1.164207e+04
40  -1.317634e+05  3.036126e+04
41  -1.511270e+05  -6.177350e+03
42  -4.246914e+05  1.928597e+05
43  -3.357247e+05  -4.296914e+04
44  -1.058798e+06  -2.432498e+05
45  -1.108873e+06  -1.125057e+05
46  -2.179291e+06  1.096632e+05
47  -1.128291e+06  -8.715336e+05
48  -2.297204e+06  -1.375380e+05
49  -4.293257e+06  1.097760e+06
50  -3.899670e+06  -6.071228e+05
51  -1.132872e+07  -1.438724e+06
52  -8.172914e+06  -1.732215e+06
53  -1.708020e+07  4.443155e+06
54  -3.012773e+07  -9.038443e+06
55  -6.027139e+07  1.849141e+07
56  -7.833553e+07  1.162478e+07
57  -8.887628e+07  -9.968874e+06
58  -1.208138e+08  -8.543698e+06
59  -2.061383e+08  4.522146e+07
60  -3.654559e+08  4.827068e+07
61  -5.466216e+08  6.738399e+07
62  -9.905048e+08  -5.071909e+07
63  -1.902306e+09  9.266557e+07
ENDPROP
STARTPROP
MASSES:  4.200000e-03   4.500000e-02
SOURCE: WWGAM_5
SINKS: GAM_5
0  1.679032e+10  3.820228e+01
1  2.436001e+09  -1.653809e+08
2  1.221067e+09  -1.117442e+08
3  8.892812e+08  -3.297493e+07
4  4.901683e+08  -6.148442e+07
5  3.626781e+08  -5.695216e+06
6  2.423588e+08  -1.431338e+07
7  1.925604e+08  -1.228796e+07
8  1.553276e+08  -5.442603e+06
9  8.036029e+07  6.732015e+06
10  5.481550e+07  4.969963e+05
11  3.829997e+07  4.596138e+06
12  2.433496e+07  6.271046e+06
13  2.226160e+07  -2.909570e+05
14  1.755857e+07  -3.093499e+06
15  7.560329e+06  -2.317180e+05
16  7.374321e+06  1.029352e+06
17  4.669706e+06  -5.686845e+05
18  3.289871e+06  1.247157e+05
19  1.936092e+06  -9.603509e+04
20  1.160529e+06  8.065702e+04
21  1.190059e+06  5.449907e+04
22  7.683171e+05  -5.449537e+04
23  5.995930e+05  6.432150e+04
24  3.082346e+05  -2.642940e+04
25  2.427522e+05  -3.636768e+04
26  1.217455e+05  -4.875494e+04
27  1.673995e+05  2.441643e+04
28  6.310731e+04  -1.840932e+04
29  4.507563e+04  1.207734e+04
30  3.866896e+04  1.177654e+04
31  3.928424e+04  -2.446263e+03
32  3.864627e+04  -5.662776e+03
33  5.362336e+04  -2.765386e+03
34  4.624485e+04  7.862255e+03
35  7.153281e+04  -3.055758e+03
36  1.263176e+05  -3.871992e+04
37  1.157463e+05  3.125554e+04
38  1.909947e+05  -2.688620e+03
39  2.975440e+05  -2.556973e+03
40  2.514550e+05  -3.306472e+03
41  4.918725e+05  9.322532e+04
42  7.205613e+05  -1.171143e+04
43  1.046891e+06  1.361053e+05
44  1.930897e+06  8.272819e+04
45  2.592804e+06  -1.877554e+05
46  3.836232e+06  -5.866807e+05
47  3.919681e+06  1.129660e+06
48  6.994723e+06  -9.885583e+04
49  9.814635e+06  -1.999487e+06
50  9.613797e+06  -2.746106e+05
51  2.214819e+07  2.270936e+06
52  2.674206e+07  2.951110e+06
53  3.680010e+07  -5.481787e+06
54  5.369937e+07  9.866447e+06
55  1.123884e+08  -2.519367e+06
56  1.502223e+08  5.090413e+06
57  1.751483e+08  1.177183e+07
58  2.442513e+08  1.701622e+07
59  3.725100e+08  -3.658952e+07
60  6.619037e+08  -7.302897e+07
61  9.239362e+08  -2.857050e+07
62  1.705385e+09  4.772782e+07
63  2.847518e+09  -5.848891e+07
ENDPROP
