STARTPROP
MASSES:  4.200000e-03   4.500000e-02
SOURCE: GAM_1
SINKS: GAM_1
0  1.171805e+06  -1.738776e+04
1  1.901085e+06  -1.787141e+04
2  8.751180e+05  -8.511783e+03
3  4.647760e+05  -7.584763e+03
4  2.416825e+05  -7.008042e+03
5  1.239427e+05  -1.662166e+02
6  6.572196e+04  1.011722e+03
7  3.335069e+04  -6.328450e+02
8  1.704629e+04  -1.393431e+03
9  8.426182e+03  -2.045821e+03
10  4.478992e+03  -1.274635e+03
11  1.950435e+03  -5.943660e+02
12  1.574354e+03  -3.740035e+02
13  9.371796e+02  -5.305248e+02
14  5.504648e+02  -6.295489e+02
15  2.807188e+02  -6.201672e+02
16  6.001140e+01  -4.669593e+02
17  8.728183e+01  -3.591917e+02
18  9.530596e+00  -1.983690e+02
19  -6.409005e+01  -8.363073e+01
20  -9.065631e+00  -4.383751e+01
21  3.002684e+01  -1.039066e+01
22  3.053856e+01  6.135326e+00
23  2.006279e+01  9.293562e+00
24  1.108247e+01  9.492353e+00
25  4.692407e+00  6.411808e+00
26  1.993245e+00  1.599391e+00
27  -3.734710e+00  -1.825894e+00
28  -3.497258e+00  -3.676430e+00
29  -2.619214e+00  -4.794140e-01
30  -3.364583e+00  1.010704e+00
31  -3.254255e+00  1.259919e+00
32  -1.846929e+00  7.130460e-01
33  -5.309744e-01  -5.966228e-01
34  6.182315e-01  -1.492515e+00
35  1.803935e+00  -2.420588e+00
36  3.226639e+00  -1.572356e+00
37  3.744058e+00  -2.808886e+00
38  4.664888e+00  -9.095135e+00
39  6.556882e+00  -1.203648e+01
40  1.511760e+01  -1.274728e+01
41  2.894754e+01  -1.082043e+01
42  3.018528e+01  -2.181236e+01
43  6.025210e+01  -3.363584e+01
44  7.940953e+01  -3.669935e+01
45  8.736724e+01  -6.707729e+01
46  1.096104e+02  -8.954384e+01
47  2.614744e+02  -1.747943e+02
48  4.787001e+02  -2.972709e+02
49  1.041447e+03  -6.122073e+02
50  1.762730e+03  -9.324469e+02
51  2.370961e+03  -1.299605e+03
52  3.569641e+03  -1.645002e+03
53  4.800471e+03  -2.202248e+03
54  7.458917e+03  -2.527655e+03
55  1.337723e+04  -1.112970e+03
56  2.192697e+04  2.295345e+03
57  3.907738e+04  1.750099e+03
58  7.117063e+04  -1.422725e+03
59  1.257368e+05  -2.557193e+03
60  2.282370e+05  -6.262812e+03
61  4.324063e+05  -3.892146e+03
62  8.398998e+05  8.499261e+02
63  1.858597e+06  -2.466430e+03
ENDPROP
STARTPROP
MASSES:  4.200000e-03   4.500000e-02
SOURCE: GAM_2
SINKS: GAM_2
0  1.246068e+06  2.148194e+04
1  1.960703e+06  -7.773589e+02
2  9.044395e+05  -4.055463e+03
3  4.728657e+05  -7.388756e+03
4  2.491687e+05  -1.881557e+03
5  1.278037e+05  6.535276e+02
6  6.337986e+04  2.837821e+03
7  3.129120e+04  3.138473e+03
8  1.630463e+04  1.611127e+03
9  7.922505e+03  8.842604e+02
10  4.107866e+03  -3.601429e+02
11  2.440635e+03  -5.220393e+02
12  1.175599e+03  -6.090940e+02
13  8.224001e+02  -2.329996e+02
14  6.897546e+02  -1.667877e+02
15  5.557953e+02  -1.390269e+02
16  4.070579e+02  -8.744862e+01
17  2.354890e+02  -7.577924e+01
18  9.469971e+01  -6.305387e+01
19  -3.079937e+01  -5.365513e+01
20  -1.815766e+01  -1.056153e+01
21  -1.904199e+01  3.245158e+00
22  -5.358591e-01  -9.158298e+00
23  6.811707e+00  -2.405450e+01
24  -1.143460e+00  -1.920902e+01
25  -2.276463e+00  -1.812980e+01
26  -5.289962e-01  -1.310420e+01
27  2.570464e+00  -7.190012e+00
28  5.196844e+00  -2.062940e+00
29  4.911158e+00  -7.216306e-02
30  3.956932e+00  8.163998e-01
31  4.545929e+00  -5.364348e-02
32  4.220345e+00  9.772431e-02
33  2.451975e+00  2.366677e-01
34  1.934140e+00  9.782687e-01
35  2.288984e+00  3.548012e+00
36  2.064424e+00  5.449462e+00
37  4.059916e+00  1.046002e+01
38  5.158542e+00  2.162603e+01
39  2.310774e+00  2.926249e+01
40  -5.631588e+00  3.868983e+01
41  1.058595e+00  4.647855e+01
42  3.120817e+01  6.470738e+01
43  6.172742e+01  8.463962e+01
44  8.926424e+01  8.819441e+01
45  1.503732e+02  8.456050e+01
46  2.686094e+02  -4.006784e+00
47  2.507285e+02  -3.424249e+01
48  3.005641e+02  5.766968e+00
49  4.706454e+02  -8.073883e+01
50  7.484517e+02  -1.935563e+02
51  1.485016e+03  -1.526939e+02
52  1.617970e+03  7.141406e+01
53  1.527252e+03  1.942618e+02
54  3.727822e+03  -1.550558e+02
55  8.028141e+03  -8.275813e+02
56  1.654914e+04  -9.144959e+02
57  3.169267e+04  -3.265047e+03
58  6.072634e+04  -5.407436e+03
59  1.206947e+05  -6.350838e+03
60  2.310320e+05  -2.353702e+03
61  4.567475e+05  4.684347e+03
62  8.846543e+05  1.507496e+04
63  1.920482e+06  1.881459e+04
ENDPROP
STARTPROP
MASSES:  4.200000e-03   4.500000e-02
SOURCE: GAM_3
SINKS: GAM_3
0  1.299634e+06  -7.995926e+03
1  1.982077e+06  -1.752751e+04
2  8.981591e+05  -1.276219e+04
3  4.593009e+05  -7.155749e+03
4  2.268370e+05  -4.673077e+03
5  1.102287e+05  -6.700826e+03
6  5.401456e+04  -7.288269e+03
7  2.806463e+04  -6.128405e+03
8  1.683737e+04  -3.563441e+03
9  9.336698e+03  -6.038228e+02
10  5.060551e+03  -6.908722e+02
11  2.615872e+03  -9.377430e+02
12  7.599812e+02  -4.866041e+02
13  1.913560e+02  -3.994791e+02
14  -1.593565e+02  -3.359939e+02
15  -1.391379e+02  -2.486611e+02
16  -1.854244e+02  -1.530323e+01
17  -1.806118e+02  2.182892e+01
18  -1.692671e+02  -5.943717e+01
19  -8.369235e+01  -8.570849e+01
20  -7.137592e+01  -6.151643e+01
21  -2.795129e+01  -5.686879e+01
22  -1.429945e+01  -3.879818e+01
23  -2.911167e+01  -3.118535e+01
24  -1.629098e+01  -2.175358e+01
25  -9.251654e+00  -1.102603e+01
26  -6.577572e+00  -6.624070e+00
27  -3.507882e+00  -4.452263e+00
28  -1.202172e+00  -4.393313e+00
29  -3.009660e+00  -4.145339e+00
30  -5.197258e+00  -2.690231e+00
31  -5.889691e+00  -1.844720e+00
32  -4.379935e+00  -1.558740e+00
33  -3.927426e+00  -2.334002e+00
34  -3.411543e+00  -1.144573e+00
35  -4.756528e+00  4.953714e-01
36  -5.899767e+00  4.914596e+00
37  -8.302783e+00  7.295320e+00
38  -1.563315e+01  1.067979e+01
39  -3.250895e+01  1.421462e+01
40  -5.150881e+01  6.157177e+00
41  -6.174481e+01  -1.536548e+00
42  -5.364582e+01  -7.279499e+00
43  -4.282894e+01  -1.266624e+01
44  -2.831823e+01  -1.024873e+01
45  -2.070981e+01  -1.484641e+01
46  -6.472205e+01  -3.449604e+01
47  -1.859749e+02  -2.989882e+01
48  -3.965311e+02  -1.305187e+02
49  -6.224093e+02  -2.415865e+02
50  -7.931528e+02  -2.944401e+02
51  -8.692962e+02  -3.094915e+02
52  -1.766139e+02  -6.512051e+02
53  6.705618e+02  -2.967693e+02
54  3.510773e+03  -2.337415e+02
55  1.009448e+04  -1.764237e+03
56  2.140294e+04  -1.356301e+03
57  3.809962e+04  1.161471e+03
58  6.949756e+04  1.973769e+03
59  1.296874e+05  3.853783e+03
60  2.439704e+05  8.261580e+03
61  4.630314e+05  6.851756e+03
62  8.981458e+05  6.350077e+03
63  1.970249e+06  1.725399e+03
ENDPROP
STARTPROP
MASSES:  4.200000e-03   4.500000e-02
SOURCE: GAM_4
SINKS: GAM_4
0  2.137302e+06  2.264791e+04
1  -2.984971e+05  3.127487e+04
2  -9.040215e+03  2.450375e+04
3  -6.222960e+03  2.475620e+04
4  4.945454e+02  2.249421e+04
5  3.519104e+03  1.661380e+04
6  2.953519e+03  1.185090e+04
7  2.761703e+03  8.643325e+03
8  2.859754e+03  6.192179e+03
9  2.020129e+03  4.548238e+03
10  1.261679e+03  2.801774e+03
11  8.996836e+02  1.623586e+03
12  6.418702e+02  9.084625e+02
13  3.926890e+02  6.449484e+02
14  2.665374e+02  3.373037e+02
15  1.263173e+02  2.417042e+02
16  7.231722e+01  1.285690e+02
17  4.983622e+01  1.462066e+02
18  5.197942e+01  9.560590e+01
19  4.334707e+01  6.917046e+01
20  2.460168e+01  5.007919e+01
21  1.741194e+01  2.794237e+01
22  4.748622e+00  2.503061e+01
23  -7.306724e-01  1.343555e+01
24  1.083994e-01  1.118512e+01
25  -9.892979e-01  8.285101e+00
26  -9.756533e-01  3.176257e+00
27  6.934753e-01  3.552830e+00
28  -3.923768e-01  2.153362e+00
29  -3.740376e-02  3.538066e+00
30  -7.745713e-02  3.053826e+00
31  -5.746347e-02  2.377140e+00
32  1.121756e-01  2.152326e+00
33  -2.218348e-01  1.578428e+00
34  3.525137e-01  2.112575e+00
35  -2.253517e-01  2.581454e+00
36  2.373463e-02  3.395812e+00
37  -1.792558e-01  4.200115e+00
38  -1.002419e-01  5.876250e+00
39  -4.114715e-01  7.213773e+00
40  2.425939e-01  5.760745e+00
41  1.250599e+00  1.049759e+01
42  5.218821e+00  1.498141e+01
43  7.981844e+00  1.672968e+01
44  1.351617e+01  1.458711e+01
45  9.053228e-01  7.074863e+00
46  1.042231e+01  -5.297640e+00
47  3.729618e+01  -6.309405e+01
48  8.635899e+01  -1.306167e+02
49  7.249208e+01  -2.316758e+02
50  -2.948528e+01  -2.568493e+02
51  -1.001630e+02  -4.062555e+02
52  -5.050348e+02  -5.420927e+02
53  -6.074745e+02  -4.753519e+02
54  -1.111301e+03  -3.254788e+02
55  -1.924847e+03  -3.371540e+01
56  -2.027536e+03  5.324777e+02
57  -3.506797e+03  7.978038e+01
58  -4.594841e+03  8.768564e+02
59  -5.504049e+03  1.788297e+03
60  -6.824086e+03  2.524923e+03
61  -9.579605e+03  7.616573e+03
62  -1.535653e+04  9.737861e+03
63  -2.914558e+05  1.158414e+04
ENDPROP
STARTPROP
MASSES:  4.200000e-03   4.500000e-02
SOURCE: GAM_5
SINKS: GAM_5
0  7.221780e+06  1.488039e+04
1  6.989882e+06  -8.825938e+03
2  4.819059e+06  -2.828734e+04
3  3.387910e+06  -3.354426e+04
4  2.337102e+06  -3.037230e+04
5  1.648462e+06  -2.688253e+04
6  1.153767e+06  -2.405874e+04
7  7.981237e+05  -1.984898e+04
8  5.607046e+05  -1.244100e+04
9  3.911804e+05  -7.393566e+03
10  2.742530e+05  -4.722494e+03
11  1.941643e+05  -3.960406e+03
12  1.363279e+05  -4.112812e+03
13  9.299796e+04  -3.062273e+03
14  6.382510e+04  -2.340559e+03
15  4.459451e+04  -1.700039e+03
16  3.068887e+04  -1.308944e+03
17  2.094309e+04  -1.169945e+03
18  1.441744e+04  -8.673305e+02
19  9.977769e+03  -5.776392e+02
20  6.981298e+03  -3.628166e+02
21  4.817817e+03  -1.779685e+02
22  3.411678e+03  -9.557216e+01
23  2.418729e+03  -4.735013e+01
24  1.635303e+03  -2.343975e+01
25  1.092580e+03  -2.547731e+01
26  7.385204e+02  -1.817243e+01
27  5.049256e+02  -1.455516e+00
28  3.502781e+02  2.390344e+00
29  2.538960e+02  1.105155e-01
30  1.996687e+02  -1.244005e+00
31  1.745250e+02  -1.956714e+00
32  1.713840e+02  -3.814538e+00
33  1.865428e+02  -7.414355e+00
34  2.190109e+02  -1.141253e+01
35  2.820115e+02  -1.253080e+01
36  3.826207e+02  -1.689653e+01
37  5.201798e+02  -2.734197e+01
38  7.161311e+02  -4.047780e+01
39  1.016176e+03  -4.441932e+01
40  1.473161e+03  -2.374988e+01
41  2.138141e+03  3.970148e-01
42  3.111376e+03  8.943650e+00
43  4.580222e+03  4.280672e+01
44  6.760461e+03  9.658394e+01
45  1.013109e+04  2.852425e+02
46  1.503904e+04  5.227533e+02
47  2.194986e+04  6.378146e+02
48  3.123386e+04  6.781129e+02
49  4.334465e+04  6.372034e+02
50  6.038839e+04  7.942870e+02
51  8.611582e+04  1.553393e+03
52  1.220137e+05  1.336935e+03
53  1.738054e+05  7.091283e+02
54  2.536139e+05  9.246511e+02
55  3.706136e+05  4.913276e+03
56  5.394540e+05  9.450441e+03
57  7.795465e+05  1.327813e+04
58  1.130003e+06  1.432670e+04
59  1.623202e+06  2.177264e+04
60  2.312772e+06  3.476598e+04
61  3.364923e+06  4.387570e+04
62  4.824391e+06  4.556557e+04
63  6.999853e+06  3.660982e+04
ENDPROP
STARTPROP
MASSES:  4.200000e-03   4.500000e-02
SOURCE: GAM_12
SINKS: GAM_12
0  8.388594e+05  8.140310e+03
1  -7.063989e+05  2.400255e+04
2  -1.732783e+05  1.607826e+04
3  -6.055687e+04  1.148742e+04
4  -1.436463e+04  8.865579e+03
5  -2.043697e+03  6.822968e+03
6  1.518401e+03  5.374920e+03
7  2.814101e+03  2.551571e+03
8  1.640229e+03  2.709640e+03
9  1.040792e+03  1.964067e+03
10  7.709332e+02  3.438326e+02
11  4.046113e+02  1.736099e+02
12  -2.024630e+02  6.526509e+00
13  2.304429e+02  -4.095314e+01
14  3.163276e+02  -8.161246e+01
15  1.060146e+02  -1.248174e+02
16  -8.844598e+01  -2.743881e+01
17  -1.029767e+02  -3.384673e+01
18  -6.083418e+01  -2.475622e+01
19  9.562773e+00  -2.648762e+01
20  1.719409e+01  -1.785165e+01
21  1.872067e+01  -1.315834e+01
22  2.756812e+01  4.754750e+00
23  2.681601e+01  8.855084e+00
24  2.121981e+01  2.288928e+00
25  1.600694e+01  2.152278e+00
26  7.904165e+00  -5.120499e-02
27  1.626119e+00  -1.092315e+00
28  7.086622e-01  -9.580688e-01
29  -1.610343e-01  1.388445e+00
30  -6.624209e-01  7.210586e-01
31  -8.453429e-01  5.746330e-01
32  -1.546060e+00  1.710419e-01
33  -1.301600e-01  7.754883e-02
34  -4.640060e-01  6.575777e-01
35  -1.397250e+00  2.552499e+00
36  -2.593281e+00  3.210906e+00
37  -4.477681e+00  8.023465e-01
38  -4.153894e+00  -5.009407e+00
39  -4.174589e+00  -9.505111e+00
40  -7.129935e+00  -1.350210e+01
41  -1.639678e+01  -1.809426e+01
42  -1.804265e+01  -2.651848e+01
43  -1.116836e+01  -2.806522e+01
44  -1.688617e+01  -3.331509e+01
45  -3.853401e+01  -2.827896e+01
46  -1.634600e+01  1.320976e+01
47  -4.534189e+01  9.904201e+01
48  -4.507811e+01  2.322835e+02
49  -1.214078e+02  2.903740e+02
50  -3.599729e+02  3.147006e+02
51  -3.677217e+02  2.642862e+02
52  -1.307381e+02  5.943447e+01
53  3.108689e+02  -7.756906e+02
54  4.713651e+02  -9.064319e+02
55  -3.716532e+02  -1.393324e+03
56  -3.316313e+03  -5.040799e+02
57  -6.018147e+03  -1.065376e+03
58  -6.852101e+03  -1.328744e+03
59  -1.130942e+04  -2.340138e+03
60  -2.199789e+04  -3.567288e+03
61  -6.677916e+04  -4.139971e+03
62  -1.787934e+05  -1.174015e+03
63  -6.932060e+05  -6.850987e+03
ENDPROP
STARTPROP
MASSES:  4.200000e-03   4.500000e-02
SOURCE: GAM_21
SINKS: GAM_21
0  8.388594e+05  8.140310e+03
1  -7.063989e+05  2.400255e+04
2  -1.732783e+05  1.607826e+04
3  -6.055687e+04  1.148742e+04
4  -1.436463e+04  8.865579e+03
5  -2.043697e+03  6.822968e+03
6  1.518401e+03  5.374920e+03
7  2.814101e+03  2.551571e+03
8  1.640229e+03  2.709640e+03
9  1.040792e+03  1.964067e+03
10  7.709332e+02  3.438326e+02
11  4.046113e+02  1.736099e+02
12  -2.024630e+02  6.526509e+00
13  2.304429e+02  -4.095314e+01
14  3.163276e+02  -8.161246e+01
15  1.060146e+02  -1.248174e+02
16  -8.844598e+01  -2.743881e+01
17  -1.029767e+02  -3.384673e+01
18  -6.083418e+01  -2.475622e+01
19  9.562773e+00  -2.648762e+01
20  1.719409e+01  -1.785165e+01
21  1.872067e+01  -1.315834e+01
22  2.756812e+01  4.754750e+00
23  2.681601e+01  8.855084e+00
24  2.121981e+01  2.288928e+00
25  1.600694e+01  2.152278e+00
26  7.904165e+00  -5.120499e-02
27  1.626119e+00  -1.092315e+00
28  7.086622e-01  -9.580688e-01
29  -1.610343e-01  1.388445e+00
30  -6.624209e-01  7.210586e-01
31  -8.453429e-01  5.746330e-01
32  -1.546060e+00  1.710419e-01
33  -1.301600e-01  7.754883e-02
34  -4.640060e-01  6.575777e-01
35  -1.397250e+00  2.552499e+00
36  -2.593281e+00  3.210906e+00
37  -4.477681e+00  8.023465e-01
38  -4.153894e+00  -5.009407e+00
39  -4.174589e+00  -9.505111e+00
40  -7.129935e+00  -1.350210e+01
41  -1.639678e+01  -1.809426e+01
42  -1.804265e+01  -2.651848e+01
43  -1.116836e+01  -2.806522e+01
44  -1.688617e+01  -3.331509e+01
45  -3.853401e+01  -2.827896e+01
46  -1.634600e+01  1.320976e+01
47  -4.534189e+01  9.904201e+01
48  -4.507811e+01  2.322835e+02
49  -1.214078e+02  2.903740e+02
50  -3.599729e+02  3.147006e+02
51  -3.677217e+02  2.642862e+02
52  -1.307381e+02  5.943447e+01
53  3.108689e+02  -7.756906e+02
54  4.713651e+02  -9.064319e+02
55  -3.716532e+02  -1.393324e+03
56  -3.316313e+03  -5.040799e+02
57  -6.018147e+03  -1.065376e+03
58  -6.852101e+03  -1.328744e+03
59  -1.130942e+04  -2.340138e+03
60  -2.199789e+04  -3.567288e+03
61  -6.677916e+04  -4.139971e+03
62  -1.787934e+05  -1.174015e+03
63  -6.932060e+05  -6.850987e+03
ENDPROP
STARTPROP
MASSES:  4.200000e-03   4.500000e-02
SOURCE: GAM_13
SINKS: GAM_13
0  8.176210e+05  2.739956e+04
1  -7.106454e+05  1.736936e+04
2  -1.698590e+05  1.281955e+04
3  -5.593255e+04  8.583606e+03
4  -2.315240e+04  7.946676e+03
5  -1.526880e+04  5.464645e+03
6  -8.886809e+03  3.984804e+03
7  -4.894145e+03  3.591075e+03
8  -2.099509e+03  1.293406e+03
9  -8.165826e+02  4.509156e+02
10  6.158800e+02  -3.707070e+02
11  3.376514e+02  -6.092347e+02
12  2.654106e+02  -5.091580e+02
13  2.127460e+02  -4.736094e+02
14  1.946420e+02  -3.133490e+02
15  1.776056e+01  -1.300218e+02
16  -1.111758e+02  -1.380433e+01
17  -7.317474e+01  8.919683e+01
18  -4.357125e+01  6.316616e+01
19  -2.542684e+01  6.047165e+01
20  -1.985673e+01  5.726571e+01
21  -6.193219e+00  3.236129e+01
22  -1.415412e+01  2.211533e+01
23  -7.715071e+00  1.431485e+01
24  -6.368935e+00  3.760766e+00
25  -4.429753e-01  2.183121e+00
26  -3.018162e-01  4.393917e+00
27  -1.900938e+00  4.432348e+00
28  -1.309569e+00  2.940519e+00
29  -2.161909e+00  1.753950e+00
30  -1.097422e+00  1.502021e+00
31  -6.895336e-02  2.358895e+00
32  8.845850e-01  1.893338e+00
33  6.178818e-01  1.068834e+00
34  -3.392515e-01  4.425182e-01
35  -1.015717e+00  1.639530e+00
36  -8.346169e-02  2.479475e+00
37  -1.628415e+00  5.358375e+00
38  -3.477905e+00  5.891505e+00
39  -6.263413e+00  3.357828e+00
40  -8.124424e+00  -8.622884e-01
41  -1.727482e+01  1.678065e+00
42  -2.075597e+01  1.156249e+01
43  -1.965547e+01  2.291248e+01
44  -8.937658e+00  1.302493e+01
45  -2.846277e+01  1.365214e+01
46  -3.823911e+01  9.647067e+00
47  9.347826e+00  -2.504511e+01
48  -2.534008e+01  -1.597575e+02
49  1.283522e+02  -3.004981e+02
50  2.976346e+02  -2.821747e+02
51  7.142054e+02  -1.039207e+02
52  9.626924e+02  -1.037490e+02
53  8.840259e+02  -1.148091e+02
54  1.244356e+03  1.059990e+02
55  2.146471e+03  1.599080e+03
56  2.445428e+03  2.379606e+03
57  2.173605e+02  8.452612e+02
58  -2.991654e+03  3.084338e+02
59  -1.079014e+04  1.930844e+03
60  -2.463425e+04  6.241568e+03
61  -7.027178e+04  1.372169e+04
62  -1.737730e+05  2.254367e+04
63  -6.996230e+05  2.698727e+04
ENDPROP
STARTPROP
MASSES:  4.200000e-03   4.500000e-02
SOURCE: GAM_31
SINKS: GAM_31
0  8.176210e+05  2.739956e+04
1  -7.106454e+05  1.736936e+04
2  -1.698590e+05  1.281955e+04
3  -5.593255e+04  8.583606e+03
4  -2.315240e+04  7.946676e+03
5  -1.526880e+04  5.464645e+03
6  -8.886809e+03  3.984804e+03
7  -4.894145e+03  3.591075e+03
8  -2.099509e+03  1.293406e+03
9  -8.165826e+02  4.509156e+02
10  6.158800e+02  -3.707070e+02
11  3.376514e+02  -6.092347e+02
12  2.654106e+02  -5.091580e+02
13  2.127460e+02  -4.736094e+02
14  1.946420e+02  -3.133490e+02
15  1.776056e+01  -1.300218e+02
16  -1.111758e+02  -1.380433e+01
17  -7.317474e+01  8.919683e+01
18  -4.357125e+01  6.316616e+01
19  -2.542684e+01  6.047165e+01
20  -1.985673e+01  5.726571e+01
21  -6.193219e+00  3.236129e+01
22  -1.415412e+01  2.211533e+01
23  -7.715071e+00  1.431485e+01
24  -6.368935e+00  3.760766e+00
25  -4.429753e-01  2.183121e+00
26  -3.018162e-01  4.393917e+00
27  -1.900938e+00  4.432348e+00
28  -1.309569e+00  2.940519e+00
29  -2.161909e+00  1.753950e+00
30  -1.097422e+00  1.502021e+00
31  -6.895336e-02  2.358895e+00
32  8.845850e-01  1.893338e+00
33  6.178818e-01  1.068834e+00
34  -3.392515e-01  4.425182e-01
35  -1.015717e+00  1.639530e+00
36  -8.346169e-02  2.479475e+00
37  -1.628415e+00  5.358375e+00
38  -3.477905e+00  5.891505e+00
39  -6.263413e+00  3.357828e+00
40  -8.124424e+00  -8.622884e-01
41  -1.727482e+01  1.678065e+00
42  -2.075597e+01  1.156249e+01
43  -1.965547e+01  2.291248e+01
44  -8.937658e+00  1.302493e+01
45  -2.846277e+01  1.365214e+01
46  -3.823911e+01  9.647067e+00
47  9.347826e+00  -2.504511e+01
48  -2.534008e+01  -1.597575e+02
49  1.283522e+02  -3.004981e+02
50  2.976346e+02  -2.821747e+02
51  7.142054e+02  -1.039207e+02
52  9.626924e+02  -1.037490e+02
53  8.840259e+02  -1.148091e+02
54  1.244356e+03  1.059990e+02
55  2.146471e+03  1.599080e+03
56  2.445428e+03  2.379606e+03
57  2.173605e+02  8.452612e+02
58  -2.991654e+03  3.084338e+02
59  -1.079014e+04  1.930844e+03
60  -2.463425e+04  6.241568e+03
61  -7.027178e+04  1.372169e+04
62  -1.737730e+05  2.254367e+04
63  -6.996230e+05  2.698727e+04
ENDPROP
STARTPROP
MASSES:  4.200000e-03   4.500000e-02
SOURCE: GAM_14
SINKS: GAM_14
0  8.243631e+04  1.214548e+03
1  1.374019e+06  -1.203366e+04
2  5.690113e+05  -1.641899e+04
3  2.911748e+05  -1.315350e+04
4  1.443957e+05  -8.387612e+03
5  7.494816e+04  -6.550760e+03
6  3.832707e+04  -7.265268e+03
7  1.816827e+04  -5.463704e+03
8  6.901371e+03  -3.793585e+03
9  2.683568e+03  -1.549888e+03
10  4.896955e+02  -1.033894e+03
11  -1.135082e+02  -1.086666e+03
12  2.957144e-02  -6.978089e+02
13  -1.431373e+01  -3.915048e+02
14  5.416477e+01  -6.453757e+01
15  1.367543e+02  -3.999855e+01
16  8.454389e+01  3.139260e+01
17  9.390433e+01  1.031562e+02
18  5.233160e-01  6.870323e+01
19  1.217391e+01  1.749557e+01
20  2.036646e+01  5.097369e-01
21  4.181479e+01  5.109103e+00
22  3.007698e+01  9.832122e+00
23  1.675598e+01  -3.337263e+00
24  1.136965e+01  -9.893633e+00
25  3.433439e+00  -9.954762e+00
26  1.268029e+00  -6.581048e+00
27  -9.649582e-01  -5.230168e+00
28  -2.118249e+00  -4.875884e+00
29  -2.650382e+00  -2.935406e+00
30  -1.031999e+00  -2.155358e+00
31  -1.068069e+00  -7.659878e-01
32  -9.185994e-01  -1.145067e+00
33  -1.025229e-01  -2.403357e+00
34  1.423983e+00  -2.448145e+00
35  1.057680e+00  -3.257332e+00
36  1.298307e+00  -1.950279e+00
37  5.975886e-01  2.001507e+00
38  2.307850e+00  2.208347e+00
39  1.221489e+00  -4.290269e+00
40  6.611731e+00  -1.204093e+01
41  1.680331e+01  -2.515272e+01
42  2.126392e+01  -4.021137e+01
43  3.301111e+01  -5.688916e+01
44  3.195474e+01  -5.089858e+01
45  6.123645e+01  -8.310027e+01
46  9.526927e+01  -1.262429e+02
47  1.627201e+02  -1.995875e+02
48  2.425908e+02  -2.619853e+02
49  4.264679e+02  -3.046300e+02
50  5.329393e+02  -3.488718e+02
51  7.404439e+02  -4.471775e+02
52  1.334544e+03  -6.478863e+02
53  2.040927e+03  -8.088856e+02
54  3.295307e+03  -1.195302e+03
55  6.091323e+03  -1.519768e+03
56  1.128824e+04  -7.804729e+02
57  2.111687e+04  -1.845574e+03
58  3.701548e+04  -2.302456e+02
59  6.953537e+04  4.628811e+02
60  1.351963e+05  4.076613e+03
61  2.770965e+05  5.777572e+03
62  5.686857e+05  1.088777e+04
63  1.359239e+06  1.165801e+03
ENDPROP
STARTPROP
MASSES:  4.200000e-03   4.500000e-02
SOURCE: GAM_41
SINKS: GAM_41
0  8.243631e+04  1.214548e+03
1  1.374019e+06  -1.203366e+04
2  5.690113e+05  -1.641899e+04
3  2.911748e+05  -1.315350e+04
4  1.443957e+05  -8.387612e+03
5  7.494816e+04  -6.550760e+03
6  3.832707e+04  -7.265268e+03
7  1.816827e+04  -5.463704e+03
8  6.901371e+03  -3.793585e+03
9  2.683568e+03  -1.549888e+03
10  4.896955e+02  -1.033894e+03
11  -1.135082e+02  -1.086666e+03
12  2.957144e-02  -6.978089e+02
13  -1.431373e+01  -3.915048e+02
14  5.416477e+01  -6.453757e+01
15  1.367543e+02  -3.999855e+01
16  8.454389e+01  3.139260e+01
17  9.390433e+01  1.031562e+02
18  5.233160e-01  6.870323e+01
19  1.217391e+01  1.749557e+01
20  2.036646e+01  5.097369e-01
21  4.181479e+01  5.109103e+00
22  3.007698e+01  9.832122e+00
23  1.675598e+01  -3.337263e+00
24  1.136965e+01  -9.893633e+00
25  3.433439e+00  -9.954762e+00
26  1.268029e+00  -6.581048e+00
27  -9.649582e-01  -5.230168e+00
28  -2.118249e+00  -4.875884e+00
29  -2.650382e+00  -2.935406e+00
30  -1.031999e+00  -2.155358e+00
31  -1.068069e+00  -7.659878e-01
32  -9.185994e-01  -1.145067e+00
33  -1.025229e-01  -2.403357e+00
34  1.423983e+00  -2.448145e+00
35  1.057680e+00  -3.257332e+00
36  1.298307e+00  -1.950279e+00
37  5.975886e-01  2.001507e+00
38  2.307850e+00  2.208347e+00
39  1.221489e+00  -4.290269e+00
40  6.611731e+00  -1.204093e+01
41  1.680331e+01  -2.515272e+01
42  2.126392e+01  -4.021137e+01
43  3.301111e+01  -5.688916e+01
44  3.195474e+01  -5.089858e+01
45  6.123645e+01  -8.310027e+01
46  9.526927e+01  -1.262429e+02
47  1.627201e+02  -1.995875e+02
48  2.425908e+02  -2.619853e+02
49  4.264679e+02  -3.046300e+02
50  5.329393e+02  -3.488718e+02
51  7.404439e+02  -4.471775e+02
52  1.334544e+03  -6.478863e+02
53  2.040927e+03  -8.088856e+02
54  3.295307e+03  -1.195302e+03
55  6.091323e+03  -1.519768e+03
56  1.128824e+04  -7.804729e+02
57  2.111687e+04  -1.845574e+03
58  3.701548e+04  -2.302456e+02
59  6.953537e+04  4.628811e+02
60  1.351963e+05  4.076613e+03
61  2.770965e+05  5.777572e+03
62  5.686857e+05  1.088777e+04
63  1.359239e+06  1.165801e+03
ENDPROP
STARTPROP
MASSES:  4.200000e-03   4.500000e-02
SOURCE: GAM_23
SINKS: GAM_23
0  7.698348e+05  -2.105662e+03
1  -7.338422e+05  1.952264e+03
2  -1.770406e+05  3.077365e+03
3  -6.788846e+04  7.844129e+03
4  -2.102559e+04  8.740436e+03
5  -2.014537e+03  6.645418e+03
6  3.566350e+03  3.047265e+03
7  2.680955e+03  1.382478e+03
8  3.697638e+03  1.128733e+03
9  2.535366e+03  1.173966e+03
10  2.058593e+03  8.432968e+02
11  1.305825e+03  3.784918e+02
12  1.038741e+03  1.292498e+02
13  7.063263e+02  -4.266679e+01
14  3.046602e+02  -1.152641e+02
15  1.103240e+02  -1.382864e+02
16  6.751785e+01  -1.026058e+00
17  1.163696e+02  -1.808405e+00
18  9.889701e+01  5.407088e+00
19  4.713058e+01  2.433574e+01
20  3.088897e+01  4.563238e+01
21  -7.360107e+00  3.238834e+01
22  -2.918437e+00  2.641824e+01
23  2.069699e+00  1.665716e+01
24  -2.548263e+00  1.251911e+01
25  1.270599e+00  3.208891e+00
26  3.586070e+00  1.938092e-01
27  2.569614e+00  7.885093e-01
28  -5.481915e-01  -8.736227e-01
29  -4.008679e-01  -1.054718e+00
30  -9.880094e-01  -1.453981e+00
31  -9.188877e-01  -9.043355e-01
32  1.156829e-02  -2.446031e-01
33  -5.129407e-01  -2.152542e-01
34  -4.438907e-01  4.842316e-01
35  -1.665723e+00  7.578892e-01
36  -2.725218e+00  4.707685e-01
37  -2.546798e+00  9.104066e-01
38  -2.027887e+00  -9.057437e-02
39  5.259347e+00  -3.059982e+00
40  1.264659e+01  -5.633518e+00
41  1.651310e+01  -9.672769e+00
42  2.180037e+01  -2.031274e+01
43  4.043554e+01  -2.990292e+01
44  4.174976e+01  -2.490984e+01
45  5.552124e+01  -2.303694e+01
46  1.273217e+02  -6.565847e+00
47  1.994481e+02  -4.871293e+00
48  3.200032e+02  -1.027581e+00
49  4.199296e+02  1.404677e+02
50  3.131411e+02  6.598222e+01
51  1.669655e+02  -8.824963e+00
52  -2.335481e+02  -2.197267e+02
53  -8.146882e+02  -3.733547e+02
54  -1.277544e+03  -3.428332e+02
55  -1.423769e+03  -6.672870e+02
56  -8.888385e+02  -1.304420e+03
57  -1.903061e+03  -1.570116e+03
58  -3.332762e+03  -9.798033e+02
59  -6.917164e+03  -2.876293e+03
60  -1.994624e+04  -1.718048e+03
61  -6.403167e+04  1.634974e+02
62  -1.766040e+05  1.078047e+03
63  -7.187955e+05  -5.003990e+03
ENDPROP
STARTPROP
MASSES:  4.200000e-03   4.500000e-02
SOURCE: GAM_32
SINKS: GAM_32
0  7.698348e+05  -2.105662e+03
1  -7.338422e+05  1.952264e+03
2  -1.770406e+05  3.077365e+03
3  -6.788846e+04  7.844129e+03
4  -2.102559e+04  8.740436e+03
5  -2.014537e+03  6.645418e+03
6  3.566350e+03  3.047265e+03
7  2.680955e+03  1.382478e+03
8  3.697638e+03  1.128733e+03
9  2.535366e+03  1.173966e+03
10  2.058593e+03  8.432968e+02
11  1.305825e+03  3.784918e+02
12  1.038741e+03  1.292498e+02
13  7.063263e+02  -4.266679e+01
14  3.046602e+02  -1.152641e+02
15  1.103240e+02  -1.382864e+02
16  6.751785e+01  -1.026058e+00
17  1.163696e+02  -1.808405e+00
18  9.889701e+01  5.407088e+00
19  4.713058e+01  2.433574e+01
20  3.088897e+01  4.563238e+01
21  -7.360107e+00  3.238834e+01
22  -2.918437e+00  2.641824e+01
23  2.069699e+00  1.665716e+01
24  -2.548263e+00  1.251911e+01
25  1.270599e+00  3.208891e+00
26  3.586070e+00  1.938092e-01
27  2.569614e+00  7.885093e-01
28  -5.481915e-01  -8.736227e-01
29  -4.008679e-01  -1.054718e+00
30  -9.880094e-01  -1.453981e+00
31  -9.188877e-01  -9.043355e-01
32  1.156829e-02  -2.446031e-01
33  -5.129407e-01  -2.152542e-01
34  -4.438907e-01  4.842316e-01
35  -1.665723e+00  7.578892e-01
36  -2.725218e+00  4.707685e-01
37  -2.546798e+00  9.104066e-01
38  -2.027887e+00  -9.057437e-02
39  5.259347e+00  -3.059982e+00
40  1.264659e+01  -5.633518e+00
41  1.651310e+01  -9.672769e+00
42  2.180037e+01  -2.031274e+01
43  4.043554e+01  -2.990292e+01
44  4.174976e+01  -2.490984e+01
45  5.552124e+01  -2.303694e+01
46  1.273217e+02  -6.565847e+00
47  1.994481e+02  -4.871293e+00
48  3.200032e+02  -1.027581e+00
49  4.199296e+02  1.404677e+02
50  3.131411e+02  6.598222e+01
51  1.669655e+02  -8.824963e+00
52  -2.335481e+02  -2.197267e+02
53  -8.146882e+02  -3.733547e+02
54  -1.277544e+03  -3.428332e+02
55  -1.423769e+03  -6.672870e+02
56  -8.888385e+02  -1.304420e+03
57  -1.903061e+03  -1.570116e+03
58  -3.332762e+03  -9.798033e+02
59  -6.917164e+03  -2.876293e+03
60  -1.994624e+04  -1.718048e+03
61  -6.403167e+04  1.634974e+02
62  -1.766040e+05  1.078047e+03
63  -7.187955e+05  -5.003990e+03
ENDPROP
STARTPROP
MASSES:  4.200000e-03   4.500000e-02
SOURCE: GAM_24
SINKS: GAM_24
0  -1.000518e+04  -2.920009e+03
1  1.318188e+06  -6.055271e+03
2  5.421640e+05  4.007336e+03
3  2.826898e+05  6.056693e+03
4  1.378428e+05  7.960272e+03
5  7.034395e+04  5.018379e+03
6  3.836685e+04  7.926392e+02
7  1.798127e+04  1.041513e+03
8  8.791677e+03  1.142811e+03
9  3.149514e+03  1.127608e+03
10  1.548879e+03  1.585357e+02
11  1.109190e+03  1.619357e+02
12  8.525970e+02  1.385800e+02
13  2.404361e+02  -4.262000e+01
14  -5.104976e+01  -8.213783e+01
15  -1.403833e+02  1.144975e+02
16  -6.868787e+01  1.258523e+02
17  1.352889e+01  7.402047e+01
18  1.654589e+01  1.011846e+01
19  -1.215166e+01  -2.253841e+01
20  -1.112836e+01  -3.395672e+01
21  -8.313580e+00  -2.099088e+01
22  1.013376e+00  -2.552192e+01
23  5.065864e-01  -1.934875e+01
24  3.194294e+00  -1.452709e+01
25  6.581940e-01  -5.179245e+00
26  3.185227e+00  4.064204e+00
27  4.239683e+00  5.311751e+00
28  3.758218e+00  3.640032e+00
29  2.845876e+00  1.696131e-01
30  1.480291e+00  -2.652412e-01
31  1.292144e+00  5.432119e-01
32  1.684698e+00  6.263214e-01
33  -4.800962e-01  1.033675e-02
34  -1.751967e+00  -1.661682e-01
35  -1.938757e+00  7.980456e-01
36  -1.053052e+00  -4.541955e-01
37  -7.160453e-01  -3.053747e-01
38  -2.969596e+00  1.679724e+00
39  -4.500195e+00  2.361601e+00
40  -3.538803e+00  4.583548e+00
41  -9.461093e+00  1.006282e+01
42  1.239026e+00  9.313307e+00
43  3.420447e+00  1.834150e+01
44  -4.265225e+00  1.930519e+01
45  1.857545e+01  9.177971e+00
46  6.803168e+01  -3.939355e+01
47  1.293047e+02  -4.195135e+00
48  2.183163e+02  4.182969e+01
49  2.016407e+02  1.282394e+01
50  1.512353e+02  -3.326961e+01
51  3.779324e+02  -3.438554e+02
52  6.415193e+01  -4.478938e+02
53  1.056346e+02  -5.750745e+02
54  9.537539e+02  -3.691528e+02
55  2.440072e+03  8.867699e+01
56  8.347468e+03  1.469472e+03
57  1.958345e+04  2.770696e+03
58  3.849437e+04  5.726807e+03
59  7.267719e+04  8.534728e+03
60  1.470543e+05  1.193065e+04
61  2.722669e+05  1.551496e+04
62  5.257990e+05  1.468574e+04
63  1.283583e+06  6.305800e+03
ENDPROP
STARTPROP
MASSES:  4.200000e-03   4.500000e-02
SOURCE: GAM_42
SINKS: GAM_42
0  -1.000518e+04  -2.920009e+03
1  1.318188e+06  -6.055271e+03
2  5.421640e+05  4.007336e+03
3  2.826898e+05  6.056693e+03
4  1.378428e+05  7.960272e+03
5  7.034395e+04  5.018379e+03
6  3.836685e+04  7.926392e+02
7  1.798127e+04  1.041513e+03
8  8.791677e+03  1.142811e+03
9  3.149514e+03  1.127608e+03
10  1.548879e+03  1.585357e+02
11  1.109190e+03  1.619357e+02
12  8.525970e+02  1.385800e+02
13  2.404361e+02  -4.262000e+01
14  -5.104976e+01  -8.213783e+01
15  -1.403833e+02  1.144975e+02
16  -6.868787e+01  1.258523e+02
17  1.352889e+01  7.402047e+01
18  1.654589e+01  1.011846e+01
19  -1.215166e+01  -2.253841e+01
20  -1.112836e+01  -3.395672e+01
21  -8.313580e+00  -2.099088e+01
22  1.013376e+00  -2.552192e+01
23  5.065864e-01  -1.934875e+01
24  3.194294e+00  -1.452709e+01
25  6.581940e-01  -5.179245e+00
26  3.185227e+00  4.064204e+00
27  4.239683e+00  5.311751e+00
28  3.758218e+00  3.640032e+00
29  2.845876e+00  1.696131e-01
30  1.480291e+00  -2.652412e-01
31  1.292144e+00  5.432119e-01
32  1.684698e+00  6.263214e-01
33  -4.800962e-01  1.033675e-02
34  -1.751967e+00  -1.661682e-01
35  -1.938757e+00  7.980456e-01
36  -1.053052e+00  -4.541955e-01
37  -7.160453e-01  -3.053747e-01
38  -2.969596e+00  1.679724e+00
39  -4.500195e+00  2.361601e+00
40  -3.538803e+00  4.583548e+00
41  -9.461093e+00  1.006282e+01
42  1.239026e+00  9.313307e+00
43  3.420447e+00  1.834150e+01
44  -4.265225e+00  1.930519e+01
45  1.857545e+01  9.177971e+00
46  6.803168e+01  -3.939355e+01
47  1.293047e+02  -4.195135e+00
48  2.183163e+02  4.182969e+01
49  2.016407e+02  1.282394e+01
50  1.512353e+02  -3.326961e+01
51  3.779324e+02  -3.438554e+02
52  6.415193e+01  -4.478938e+02
53  1.056346e+02  -5.750745e+02
54  9.537539e+02  -3.691528e+02
55  2.440072e+03  8.867699e+01
56  8.347468e+03  1.469472e+03
57  1.958345e+04  2.770696e+03
58  3.849437e+04  5.726807e+03
59  7.267719e+04  8.534728e+03
60  1.470543e+05  1.193065e+04
61  2.722669e+05  1.551496e+04
62  5.257990e+05  1.468574e+04
63  1.283583e+06  6.305800e+03
ENDPROP
STARTPROP
MASSES:  4.200000e-03   4.500000e-02
SOURCE: GAM_34
SINKS: GAM_34
0  -1.734948e+04  -4.083859e+03
1  1.302700e+06  -6.321245e+03
2  5.232888e+05  1.777647e+03
3  2.617152e+05  -2.492302e+03
4  1.303655e+05  2.651521e+03
5  6.735462e+04  2.027376e+03
6  3.149231e+04  1.309487e+03
7  1.662088e+04  4.607340e+02
8  1.144792e+04  2.607481e+02
9  7.360021e+03  6.817529e+02
10  2.740106e+03  2.982422e+02
11  7.116312e+02  -5.233223e+02
12  4.004004e+01  -9.263515e+01
13  -4.686937e+02  -1.527311e+02
14  -5.331364e+02  -1.901159e+02
15  -3.766208e+02  -9.288661e+01
16  -3.530147e+02  -7.885121e+01
17  -1.880154e+02  -5.268999e+01
18  -1.017088e+02  -4.450884e+01
19  -6.100570e+01  -5.487329e+01
20  8.151187e+00  -5.171667e+01
21  2.369516e+01  -4.130691e+01
22  3.607106e+01  -2.180398e+01
23  1.958557e+01  -1.045508e+01
24  4.893272e+00  -1.252140e+01
25  -2.302790e+00  -3.993608e+00
26  -2.955699e+00  -2.813265e-01
27  -4.379303e+00  2.918401e-01
28  -4.615707e+00  5.200060e-01
29  -4.965172e+00  -1.356983e+00
30  -4.224630e+00  -1.689025e+00
31  -4.373165e+00  -1.927762e+00
32  -4.605477e+00  -2.043771e+00
33  -4.491183e+00  -1.702729e+00
34  -3.813387e+00  -3.637310e-02
35  -4.752427e+00  9.059482e-01
36  -4.224336e+00  2.811082e+00
37  -4.138585e+00  3.765229e+00
38  -6.700912e+00  2.151000e+00
39  -1.108086e+01  7.769815e+00
40  -1.767945e+01  1.224945e+01
41  -2.222273e+01  2.093292e+01
42  -2.850125e+01  2.861081e+01
43  -2.871862e+01  5.776642e+01
44  -1.601818e+01  7.171859e+01
45  1.347161e+01  4.602667e+01
46  9.183633e+01  2.074373e+01
47  1.030024e+02  1.657364e+01
48  6.584872e+01  -2.759885e+01
49  -1.647597e+02  -9.598080e+00
50  -5.287240e+02  -1.999245e+02
51  -5.892641e+02  -2.332293e+02
52  4.718668e+01  -1.006091e+02
53  8.815542e+02  -1.172421e+02
54  2.787699e+03  -4.734393e+01
55  6.389347e+03  2.779151e+02
56  1.196243e+04  7.466372e+02
57  2.442986e+04  2.529923e+03
58  4.857423e+04  2.376950e+03
59  8.863718e+04  3.834147e+02
60  1.586943e+05  -1.586092e+03
61  2.922851e+05  2.387116e+02
62  5.652708e+05  7.138141e+03
63  1.318091e+06  -2.271211e+03
ENDPROP
STARTPROP
MASSES:  4.200000e-03   4.500000e-02
SOURCE: GAM_43
SINKS: GAM_43
0  -1.734948e+04  -4.083859e+03
1  1.302700e+06  -6.321245e+03
2  5.232888e+05  1.777647e+03
3  2.617152e+05  -2.492302e+03
4  1.303655e+05  2.651521e+03
5  6.735462e+04  2.027376e+03
6  3.149231e+04  1.309487e+03
7  1.662088e+04  4.607340e+02
8  1.144792e+04  2.607481e+02
9  7.360021e+03  6.817529e+02
10  2.740106e+03  2.982422e+02
11  7.116312e+02  -5.233223e+02
12  4.004004e+01  -9.263515e+01
13  -4.686937e+02  -1.527311e+02
14  -5.331364e+02  -1.901159e+02
15  -3.766208e+02  -9.288661e+01
16  -3.530147e+02  -7.885121e+01
17  -1.880154e+02  -5.268999e+01
18  -1.017088e+02  -4.450884e+01
19  -6.100570e+01  -5.487329e+01
20  8.151187e+00  -5.171667e+01
21  2.369516e+01  -4.130691e+01
22  3.607106e+01  -2.180398e+01
23  1.958557e+01  -1.045508e+01
24  4.893272e+00  -1.252140e+01
25  -2.302790e+00  -3.993608e+00
26  -2.955699e+00  -2.813265e-01
27  -4.379303e+00  2.918401e-01
28  -4.615707e+00  5.200060e-01
29  -4.965172e+00  -1.356983e+00
30  -4.224630e+00  -1.689025e+00
31  -4.373165e+00  -1.927762e+00
32  -4.605477e+00  -2.043771e+00
33  -4.491183e+00  -1.702729e+00
34  -3.813387e+00  -3.637310e-02
35  -4.752427e+00  9.059482e-01
36  -4.224336e+00  2.811082e+00
37  -4.138585e+00  3.765229e+00
38  -6.700912e+00  2.151000e+00
39  -1.108086e+01  7.769815e+00
40  -1.767945e+01  1.224945e+01
41  -2.222273e+01  2.093292e+01
42  -2.850125e+01  2.861081e+01
43  -2.871862e+01  5.776642e+01
44  -1.601818e+01  7.171859e+01
45  1.347161e+01  4.602667e+01
46  9.183633e+01  2.074373e+01
47  1.030024e+02  1.657364e+01
48  6.584872e+01  -2.759885e+01
49  -1.647597e+02  -9.598080e+00
50  -5.287240e+02  -1.999245e+02
51  -5.892641e+02  -2.332293e+02
52  4.718668e+01  -1.006091e+02
53  8.815542e+02  -1.172421e+02
54  2.787699e+03  -4.734393e+01
55  6.389347e+03  2.779151e+02
56  1.196243e+04  7.466372e+02
57  2.442986e+04  2.529923e+03
58  4.857423e+04  2.376950e+03
59  8.863718e+04  3.834147e+02
60  1.586943e+05  -1.586092e+03
61  2.922851e+05  2.387116e+02
62  5.652708e+05  7.138141e+03
63  1.318091e+06  -2.271211e+03
ENDPROP
STARTPROP
MASSES:  4.200000e-03   4.500000e-02
SOURCE: GAM_15
SINKS: GAM_15
0  -1.952021e+04  1.429340e+04
1  -9.899782e+05  2.842275e+04
2  -2.757509e+05  2.800933e+04
3  -9.497617e+04  2.314437e+04
4  -2.886311e+04  1.514774e+04
5  -5.286706e+03  1.192997e+04
6  6.650941e+02  7.553581e+03
7  -3.203684e+03  3.418025e+03
8  -5.708718e+03  1.824929e+03
9  -4.651651e+03  1.060684e+03
10  -2.532607e+03  6.580613e+02
11  -1.300059e+03  4.899121e+02
12  -8.141152e+02  4.341740e+01
13  -4.285305e+02  -5.013429e+01
14  -1.919797e+02  1.369140e+01
15  -3.770346e+01  -8.485853e+01
16  1.057150e+02  -8.507588e+01
17  2.180277e+02  -1.306525e+02
18  2.122135e+02  -1.134852e+02
19  1.279250e+02  -8.739415e+01
20  5.406729e+01  -4.428301e+01
21  1.526913e+01  -2.395208e+01
22  -7.052187e+00  -1.383002e+01
23  -1.956786e+01  -3.181426e+00
24  -1.708434e+01  6.519814e+00
25  -1.191694e+01  3.853162e+00
26  -5.144894e+00  -7.118197e+00
27  1.454262e+00  -8.066921e+00
28  5.904292e-01  -7.525952e+00
29  3.758948e-01  -3.297672e+00
30  6.620761e-01  -2.017684e+00
31  -5.184805e-01  -1.398573e+00
32  -1.814144e+00  -8.128320e-01
33  -1.972162e+00  4.252236e-01
34  -1.941485e-01  4.326932e-01
35  -4.155173e-03  5.639069e-01
36  2.033679e+00  -1.425006e+00
37  9.416468e-01  -1.560161e+00
38  -5.944064e-02  -2.812225e+00
39  6.606834e-01  -4.820566e+00
40  5.648738e+00  -9.776958e+00
41  1.010219e+01  -1.718010e+01
42  -7.990068e-01  -2.695811e+01
43  -1.211184e+01  -4.423263e+01
44  -6.529663e+00  -7.362678e+01
45  -7.379196e+00  -9.990788e+01
46  -1.562991e+00  -1.609936e+02
47  -1.553295e+01  -1.615147e+02
48  -8.716398e+01  -1.501427e+02
49  -3.399288e+01  -6.796226e+01
50  2.857041e+01  1.482399e+02
51  1.032182e+02  4.094558e+02
52  8.588010e+02  6.740154e+02
53  1.643817e+03  8.115917e+02
54  1.738351e+03  1.390457e+02
55  2.120179e+03  -1.098971e+03
56  3.243338e+03  -3.042627e+03
57  8.422474e+02  -3.530437e+03
58  -6.241194e+03  -5.526228e+03
59  -2.263534e+04  -4.230446e+03
60  -5.176528e+04  -5.634451e+02
61  -1.289434e+05  -8.923436e+02
62  -3.238789e+05  1.371780e+03
63  -1.016987e+06  -1.348220e+02
ENDPROP
STARTPROP
MASSES:  4.200000e-03   4.500000e-02
SOURCE: GAM_25
SINKS: GAM_25
0  -4.770744e+04  -7.792614e+03
1  -1.021804e+06  2.487933e+03
2  -3.054978e+05  1.400773e+03
3  -1.097522e+05  4.455811e+03
4  -3.168651e+04  6.366182e+03
5  -6.170299e+03  6.448038e+03
6  5.802389e+02  5.539678e+03
7  1.693489e+03  5.280624e+03
8  3.094454e+03  3.572351e+03
9  1.681030e+03  2.117771e+03
10  7.660345e+02  1.184315e+03
11  7.501291e+01  6.406695e+01
12  1.067419e+01  -2.729241e+02
13  -2.298160e+02  -3.727718e+02
14  -1.669631e+02  -1.330945e+02
15  8.192130e+01  9.122036e+01
16  1.015314e+02  5.970580e+01
17  8.540153e+01  1.031734e+00
18  5.238736e+01  1.873560e+01
19  1.962777e+01  6.109840e+01
20  -9.944310e+00  5.819439e+01
21  -1.554495e+01  3.453950e+01
22  -1.993706e+01  3.706747e+01
23  -2.077989e+01  3.398283e+01
24  -2.102232e+01  2.047223e+01
25  -9.913779e+00  1.144650e+01
26  -5.073583e+00  6.650897e+00
27  -3.310980e+00  6.522647e-01
28  -1.863164e+00  2.402248e+00
29  -2.006967e+00  3.759628e+00
30  -2.346188e+00  2.988474e+00
31  -2.377208e+00  3.194531e+00
32  -2.703054e+00  2.854350e+00
33  -2.390957e+00  6.805945e-01
34  -1.112068e+00  6.190178e-02
35  -2.396991e-01  6.226742e-01
36  1.850714e+00  1.757852e+00
37  5.488239e+00  4.281361e+00
38  4.340285e+00  3.070962e+00
39  -9.276821e+00  4.719661e+00
40  -2.243055e+01  4.625418e+00
41  -2.813654e+01  4.593756e-02
42  -3.306972e+01  -6.019515e+00
43  -1.788272e+01  -1.904180e+01
44  -1.372176e+01  -2.010540e+01
45  -8.837832e+00  9.529964e+00
46  9.866000e+00  1.927712e+01
47  1.629149e+01  -1.364304e-01
48  -5.721642e+01  6.491029e+01
49  -3.599045e+01  1.432990e+02
50  9.859630e+01  1.712182e+02
51  4.942495e+02  -2.604770e+01
52  5.719773e+02  6.991042e+01
53  9.216897e+02  6.430062e+02
54  1.382632e+03  9.993207e+02
55  1.172571e+03  1.510156e+03
56  2.611209e+03  9.756410e+02
57  1.833738e+03  2.281828e+02
58  -4.553204e+03  -5.819001e+02
59  -2.223475e+04  -3.023226e+03
60  -5.004169e+04  -3.263973e+03
61  -1.372109e+05  -4.268141e+03
62  -3.340314e+05  -1.105376e+04
63  -1.020671e+06  -1.484600e+04
ENDPROP
STARTPROP
MASSES:  4.200000e-03   4.500000e-02
SOURCE: GAM_35
SINKS: GAM_35
0  -5.529939e+04  2.352521e+04
1  -1.018428e+06  1.883309e+04
2  -2.941468e+05  4.560220e+03
3  -1.078464e+05  1.771394e+03
4  -4.091527e+04  4.099708e+03
5  -1.772824e+04  5.140533e+03
6  -8.595021e+03  5.298858e+03
7  -3.648574e+03  4.684254e+03
8  7.109277e+02  3.660314e+03
9  3.238960e+03  2.925948e+03
10  2.678482e+03  1.729727e+03
11  1.898092e+03  1.041904e+03
12  1.213169e+03  3.001336e+02
13  5.287680e+02  -7.893833e+00
14  3.164749e+02  6.647808e+01
15  2.396995e+02  1.611519e+02
16  1.122613e+02  8.545629e+01
17  1.990971e+00  -2.973030e+01
18  -6.310633e+01  -4.731627e+01
19  -2.287752e+01  -8.262172e+01
20  -8.408111e+00  -5.739733e+01
21  -1.387855e-01  -4.814887e+01
22  -2.125426e+00  -3.317756e+01
23  3.148020e+00  -1.675327e+01
24  6.377521e+00  -1.079344e+01
25  5.573395e+00  -6.739736e+00
26  2.113522e+00  -8.535171e-01
27  1.746071e+00  -1.439087e+00
28  2.954103e+00  -2.004556e+00
29  3.412673e+00  -1.629445e+00
30  3.296088e+00  -1.460148e+00
31  2.464831e+00  -6.892451e-02
32  6.159208e-01  1.343371e+00
33  -7.568254e-01  2.058975e+00
34  -3.316733e+00  1.367161e+00
35  -5.906395e+00  3.298027e+00
36  -8.691634e+00  4.991596e+00
37  -9.334835e+00  3.540023e+00
38  -1.088765e+01  5.240508e+00
39  -5.216362e+00  5.881767e+00
40  1.207421e+00  4.788057e+00
41  -4.244005e+00  1.612741e+00
42  -1.507138e+01  -8.897023e+00
43  -4.316003e+01  -1.582289e+01
44  -8.979072e+01  7.455119e-01
45  -1.124138e+02  5.995958e+01
46  -1.050707e+02  7.457410e+01
47  -6.256369e+00  4.312017e+01
48  1.442461e+02  4.639260e+01
49  1.907398e+02  9.736337e+01
50  4.452829e+02  1.119619e+02
51  6.146403e+02  4.987603e+01
52  5.225221e+02  1.865163e+01
53  2.713013e+02  7.052186e+02
54  -9.768506e+02  2.229257e+03
55  -2.376216e+03  2.929207e+03
56  -1.704961e+03  3.557656e+03
57  -1.071552e+03  6.249156e+03
58  -3.296466e+03  8.110791e+03
59  -1.316612e+04  9.722918e+03
60  -3.954425e+04  7.624182e+03
61  -9.977641e+04  1.075975e+04
62  -2.857133e+05  1.845962e+04
63  -1.008348e+06  1.595686e+04
ENDPROP
STARTPROP
MASSES:  4.200000e-03   4.500000e-02
SOURCE: GAM_45
SINKS: GAM_45
0  -1.316144e+06  6.528709e+03
1  9.507444e+05  -3.064454e+03
2  4.769522e+05  -7.021483e+03
3  3.419970e+05  -2.962144e+03
4  2.364905e+05  -2.588691e+03
5  1.637933e+05  -3.951492e+02
6  1.146855e+05  3.157610e+01
7  7.891099e+04  6.637777e+02
8  5.605164e+04  6.668026e+02
9  4.002892e+04  -1.490365e+02
10  2.811712e+04  -6.596843e+01
11  1.975249e+04  -2.661756e+02
12  1.364402e+04  -4.431191e+02
13  9.512782e+03  -2.937655e+02
14  6.706240e+03  -3.473277e+02
15  4.702454e+03  -2.236317e+02
16  3.314818e+03  -1.719616e+02
17  2.335304e+03  -1.241799e+02
18  1.635760e+03  -1.176563e+02
19  1.168089e+03  -6.767641e+01
20  8.153166e+02  -5.432901e+01
21  5.589982e+02  -3.792771e+01
22  3.958351e+02  -3.072568e+01
23  2.696865e+02  -2.261537e+01
24  1.771986e+02  -1.463648e+01
25  1.226554e+02  -9.365821e+00
26  8.071573e+01  -4.316695e+00
27  5.650691e+01  7.977013e-01
28  3.816289e+01  1.287794e+00
29  2.806136e+01  1.872403e+00
30  2.149441e+01  2.561850e+00
31  1.786369e+01  1.982107e+00
32  1.698910e+01  1.834866e+00
33  1.944321e+01  2.482789e+00
34  2.344366e+01  1.797599e+00
35  3.020736e+01  2.961580e+00
36  4.018824e+01  2.767485e+00
37  5.676845e+01  2.303154e+00
38  7.982787e+01  1.335625e+00
39  1.112275e+02  3.352519e-01
40  1.645452e+02  -4.305890e+00
41  2.349538e+02  4.971536e+00
42  3.470956e+02  1.223331e+00
43  4.946458e+02  1.182907e+01
44  7.353033e+02  1.560611e+01
45  1.046869e+03  3.913898e+01
46  1.493449e+03  8.973621e+01
47  2.191197e+03  1.782108e+02
48  3.203249e+03  2.712246e+02
49  4.611673e+03  4.372545e+02
50  6.392077e+03  6.098843e+02
51  9.242158e+03  9.685782e+02
52  1.302783e+04  1.478930e+03
53  1.848696e+04  1.760841e+03
54  2.578480e+04  2.230726e+03
55  3.725664e+04  3.368147e+03
56  5.462969e+04  4.624851e+03
57  7.876242e+04  6.942567e+03
58  1.128711e+05  7.780370e+03
59  1.652994e+05  9.906305e+03
60  2.383853e+05  9.972826e+03
61  3.374254e+05  7.141887e+03
62  4.734431e+05  1.472748e+04
63  9.384892e+05  9.877719e+03
ENDPROP
STARTPROP
MASSES:  4.200000e-03   4.500000e-02
SOURCE: PSAX4
SINKS: GAM_4
0  4.394143e+03  -1.459040e+04
1  1.654022e+06  -1.328040e+04
2  1.023956e+06  -1.669945e+04
3  7.169346e+05  -1.394153e+04
4  4.970294e+05  -1.025841e+04
5  3.454840e+05  -8.307663e+03
6  2.417530e+05  -6.513721e+03
7  1.683324e+05  -3.979250e+03
8  1.190647e+05  -2.666152e+03
9  8.362952e+04  -2.382537e+03
10  5.802787e+04  -1.650007e+03
11  4.031165e+04  -1.431512e+03
12  2.761080e+04  -9.916940e+02
13  1.912346e+04  -7.140325e+02
14  1.323937e+04  -5.372326e+02
15  9.044121e+03  -4.334696e+02
16  6.344798e+03  -3.065502e+02
17  4.306045e+03  -2.372943e+02
18  2.992590e+03  -1.777681e+02
19  2.092780e+03  -9.147979e+01
20  1.439489e+03  -5.811245e+01
21  9.899183e+02  -2.341780e+01
22  6.946221e+02  -1.013626e+01
23  4.707569e+02  -6.972498e+00
24  3.128100e+02  -4.762092e+00
25  2.126437e+02  -4.188104e+00
26  1.419953e+02  -1.449702e+00
27  9.678437e+01  8.789658e-02
28  6.381947e+01  -4.395875e-01
29  4.168708e+01  -8.954524e-01
30  2.486510e+01  -8.274289e-01
31  9.567867e+00  -1.193084e+00
32  -3.157107e+00  -6.247901e-01
33  -1.732291e+01  -5.677854e-01
34  -3.185254e+01  1.902104e-01
35  -5.182507e+01  1.957244e-01
36  -7.670267e+01  1.367322e+00
37  -1.097873e+02  2.489799e+00
38  -1.568733e+02  6.026498e+00
39  -2.217173e+02  8.996709e+00
40  -3.170096e+02  1.408390e+01
41  -4.509688e+02  1.132622e+01
42  -6.568396e+02  1.298394e+01
43  -9.449812e+02  8.021478e+00
44  -1.388393e+03  4.969657e+00
45  -2.020164e+03  2.194559e-01
46  -2.890610e+03  -4.048629e+01
47  -4.272762e+03  -9.076643e+01
48  -6.279944e+03  -1.428972e+02
49  -9.163355e+03  -1.907200e+02
50  -1.287761e+04  -2.722822e+02
51  -1.865681e+04  -4.533458e+02
52  -2.646111e+04  -6.488591e+02
53  -3.794705e+04  -6.840952e+02
54  -5.327554e+04  -4.466096e+02
55  -7.619522e+04  -9.326695e+02
56  -1.108150e+05  -1.363260e+03
57  -1.587947e+05  -2.488097e+03
58  -2.296815e+05  -4.009539e+03
59  -3.368381e+05  -5.167956e+03
60  -4.823331e+05  -6.642991e+03
61  -6.966846e+05  -5.870909e+03
62  -1.007174e+06  -1.605939e+04
63  -1.631607e+06  -1.788288e+04
ENDPROP
STARTPROP
MASSES:  4.200000e-03   4.500000e-02
SOURCE: WWPSAX4
SINKS: GAM_4
0  1.971527e+08  -2.566704e+07
1  1.884904e+09  1.103235e+08
2  8.493009e+08  3.043514e+07
3  4.542276e+08  -2.730113e+07
4  2.870967e+08  -5.287660e+07
5  2.492834e+08  4.552467e+07
6  9.235948e+07  -2.343670e+07
7  9.538127e+07  1.548635e+07
8  3.294839e+07  -8.394626e+06
9  3.117200e+07  1.125126e+06
10  3.039745e+07  1.642863e+06
11  2.607844e+07  5.380472e+05
12  6.942018e+06  7.592771e+05
13  9.234218e+06  1.558997e+06
14  8.387632e+06  8.672649e+05
15  6.807844e+06  1.243901e+06
16  4.295754e+06  -8.444542e+04
17  1.905064e+06  7.624003e+04
18  1.125040e+06  1.662764e+05
19  1.274273e+06  4.098397e+04
20  8.617570e+05  -2.197008e+04
21  3.826493e+05  6.430900e+04
22  2.791340e+05  -9.457913e+04
23  3.100986e+05  1.845914e+05
24  1.592892e+05  1.040966e+04
25  1.439328e+05  -6.042513e+04
26  1.212325e+05  -1.557692e+04
27  4.967207e+04  3.571426e+04
28  2.761143e+03  -5.097720e+03
29  3.479202e+04  -3.096316e+03
30  2.130249e+04  4.982424e+03
31  -5.373735e+02  -3.425865e+03
32  -3.704029e+03  -5.679250e+03
33  -5.020026e+03  1.932921e+04
34  3.589537e+03  -4.743320e+03
35  -4.638388e+04  -7.409467e+03
36  -1.988828e+04  -7.773326e+03
37  -2.783933e+04  -6.959136e+03
38  -8.709696e+04  -5.589272e+03
39  -5.678776e+04  3.191624e+04
40  -1.395314e+05  7.183239e+04
41  -2.582818e+05  -6.995577e+04
42  -5.144531e+05  4.595408e+04
43  -4.847218e+05  3.751981e+05
44  -9.341114e+05  -2.744837e+05
45  -9.601037e+05  -7.478500e+04
46  -1.574357e+06  1.750474e+05
47  -2.488608e+06  -3.392398e+05
48  -4.028367e+06  -8.923006e+04
49  -4.242244e+06  1.124936e+06
50  -8.148240e+06  -1.058031e+06
51  -1.275287e+07  -1.226406e+06
52  -1.339530e+07  3.071014e+06
53  -1.479127e+07  1.840116e+06
54  -3.029984e+07  -1.243378e+07
55  -4.480336e+07  -8.854065e+05
56  -6.360745e+07  -4.111729e+06
57  -8.993462e+07  6.245756e+06
58  -9.768489e+07  -1.540904e+07
59  -3.400699e+08  -2.361050e+06
60  -2.349671e+08  3.006287e+07
61  -5.005949e+08  -1.017767e+08
62  -1.303849e+09  -5.238474e+06
63  -2.000179e+09  6.689345e+07
ENDPROP
STARTPROP
MASSES:  4.200000e-03   4.500000e-02
SOURCE: WWGAM_5
SINKS: GAM_5
0  1.727925e+10  -6.465690e+00
1  2.734372e+09  1.857222e+08
2  1.429043e+09  -1.583749e+07
3  8.083375e+08  -4.688590e+07
4  6.189959e+08  -4.135010e+07
5  3.988727e+08  2.987597e+07
6  2.385935e+08  -4.155250e+06
7  1.971314e+08  1.174082e+07
8  1.475310e+08  -2.449396e+07
9  6.959073e+07  -4.426940e+06
10  6.858378e+07  1.651320e+06
11  5.283671e+07  -2.562757e+06
12  2.941333e+07  -1.033741e+06
13  1.882960e+07  3.009942e+06
14  1.711790e+07  -9.533136e+05
15  1.031995e+07  9.552751e+05
16  7.364827e+06  -1.378431e+05
17  4.679284e+06  6.714339e+05
18  3.737205e+06  2.815966e+05
19  2.108670e+06  -4.030600e+04
20  1.552839e+06  1.012920e+05
21  9.565702e+05  8.922650e+04
22  5.958448e+05  -4.615910e+04
23  6.247911e+05  5.146367e+04
24  3.708933e+05  -1.168316e+04
25  3.194553e+05  -1.212262e+05
26  1.628996e+05  2.178731e+03
27  9.813826e+04  3.234285e+04
28  7.475710e+04  -8.858625e+03
29  6.268006e+04  3.716043e+03
30  5.378686e+04  -1.478789e+03
31  4.193541e+04  -2.508099e+02
32  4.821706e+04  1.167420e+04
33  3.384716e+04  -4.906700e+03
34  4.185899e+04  -1.014569e+04
35  8.868268e+04  -2.901080e+03
36  8.263246e+04  -8.956672e+03
37  8.589175e+04  1.891476e+04
38  1.903017e+05  -1.896801e+04
39  1.971702e+05  -8.938080e+03
40  2.710027e+05  -8.693781e+04
41  5.107290e+05  6.694046e+04
42  1.004233e+06  -1.076750e+05
43  1.095001e+06  -4.531549e+05
44  1.609112e+06  6.402719e+04
45  2.512279e+06  7.926612e+04
46  3.178126e+06  -1.177134e+05
47  5.936628e+06  8.243128e+05
48  8.126009e+06  -6.209715e+05
49  9.145762e+06  -7.278440e+05
50  1.662296e+07  1.295589e+06
51  2.387295e+07  -1.565900e+06
52  2.714608e+07  -2.409868e+06
53  3.298407e+07  -1.133800e+05
54  5.956426e+07  7.921231e+06
55  8.304349e+07  -6.394459e+06
56  1.466111e+08  8.746586e+06
57  1.956118e+08  1.072561e+07
58  2.263327e+08  2.937264e+07
59  5.391855e+08  -1.578232e+07
60  5.648588e+08  6.388170e+06
61  9.678307e+08  3.058801e+07
62  1.905811e+09  -6.524832e+06
63  2.892082e+09  -3.888294e+07
ENDPROP
