STARTPROP
MASSES:  4.200000e-03   4.200000e-03
SOURCE: GAM_1
SINKS: GAM_1
0  1.338648e+06  1.445887e+03
1  2.026292e+06  1.306575e+03
2  9.540529e+05  -9.150970e+02
3  5.317401e+05  -1.400072e+03
4  3.381647e+05  -2.616007e+03
5  2.060309e+05  -3.144350e+03
6  1.206336e+05  -2.396274e+03
7  6.038473e+04  -1.131000e+03
8  1.188314e+04  -4.507268e+02
9  -1.032203e+04  -5.703541e+02
10  -2.004299e+04  -9.451762e+02
11  -1.807320e+04  -1.194393e+03
12  -1.227610e+04  -1.627487e+03
13  -8.803135e+03  -1.390995e+03
14  -5.285054e+03  -6.596766e+02
15  -7.719248e+03  -1.719006e+02
16  -6.513790e+03  -1.718382e+02
17  -4.261432e+03  -4.761923e+01
18  -3.522926e+03  -4.753736e+01
19  -4.064879e+03  -1.428392e+02
20  -2.868956e+03  -9.210965e+01
21  -1.308401e+03  -6.976759e+01
22  -1.034328e+03  -9.069071e+01
23  -1.187778e+03  -1.195621e+02
24  -1.246971e+03  -1.490994e+02
25  -1.372615e+02  -1.721127e+02
26  -1.083066e+02  -1.323159e+02
27  -3.749316e+02  -8.500902e+01
28  -5.552187e+02  -7.009408e+01
29  -5.263098e+02  -4.794882e+01
30  -4.037634e+02  -5.301036e+01
31  -9.117887e+02  -1.734359e+01
32  -1.134352e+03  1.768061e+01
33  -7.889839e+02  -1.521463e+00
34  -2.143810e+02  -1.289764e+01
35  -2.823803e+01  -2.150113e+01
36  7.910129e+02  2.461987e+01
37  1.686925e+03  9.326353e+01
38  1.634873e+03  8.145420e+01
39  1.666669e+03  5.797958e+01
40  1.331116e+03  3.361707e+01
41  4.818160e+02  -4.317399e+01
42  -9.333644e+02  -1.438247e+02
43  -1.050970e+03  -9.441372e+01
44  -5.547907e+02  1.441932e+02
45  1.816651e+03  1.627273e+02
46  4.382944e+03  2.524689e+01
47  4.864132e+03  3.905509e+01
48  7.139301e+03  2.111681e+02
49  8.228108e+03  2.331085e+02
50  2.945851e+03  -7.176584e+01
51  -5.491649e+01  -4.105002e+02
52  -8.452896e+03  -3.970880e+02
53  -1.256927e+04  -4.296935e+02
54  3.341884e+03  -5.373960e+02
55  1.466821e+04  -1.166384e+03
56  3.363986e+04  -2.273204e+03
57  6.326190e+04  -2.352526e+03
58  1.160643e+05  -2.233239e+03
59  1.995739e+05  -3.356804e+02
60  3.375618e+05  7.222969e+02
61  6.241733e+05  1.674130e+03
62  1.090800e+06  2.377430e+03
63  2.131355e+06  1.420654e+03
ENDPROP
STARTPROP
MASSES:  4.200000e-03   4.200000e-03
SOURCE: GAM_2
SINKS: GAM_2
0  1.194517e+06  -5.018153e+03
1  1.976403e+06  -3.916502e+03
2  9.463091e+05  -1.870425e+03
3  5.124566e+05  -1.234542e+03
4  2.374635e+05  9.677824e+02
5  8.950084e+04  1.199578e+03
6  4.501576e+04  1.255069e+03
7  3.161712e+04  4.396273e+02
8  2.105445e+04  4.658545e+02
9  1.790736e+04  8.597748e+02
10  1.741565e+04  7.303446e+02
11  1.790610e+04  4.513487e+02
12  1.110951e+04  2.372836e+02
13  2.235688e+03  2.339534e+02
14  -2.927107e+03  5.213822e+02
15  -3.964247e+03  5.013688e+02
16  6.381852e+02  2.066741e+02
17  3.546985e+03  9.367314e+01
18  3.965646e+03  -8.108359e+01
19  4.606530e+03  -1.098069e+02
20  2.289023e+03  -9.077612e+01
21  3.196074e+02  -5.256989e+01
22  -1.354106e+01  -2.840907e+01
23  4.680318e+01  -8.829376e+01
24  -1.327048e+01  -8.229752e+01
25  5.166798e+02  1.080920e+01
26  -2.155995e+01  1.145096e+01
27  -5.550135e+02  1.789635e+01
28  -1.020429e+03  3.342419e+01
29  -8.192629e+02  1.693973e+01
30  -5.976699e+02  1.710692e+01
31  -6.485945e+02  -7.372113e-01
32  -6.749402e+02  2.527818e+01
33  -2.551519e+02  5.959460e+01
34  3.486192e+01  4.681167e+01
35  -7.592277e+01  1.933778e+01
36  2.759914e+02  2.771165e+01
37  5.332916e+02  2.116147e+01
38  6.256251e+02  -2.722116e+01
39  4.817674e+02  -3.178911e+01
40  5.506272e+02  9.823418e+00
41  1.264020e+02  -4.504716e+00
42  -1.715676e+02  -7.812992e+01
43  -8.486652e+02  -6.812172e+01
44  6.119250e+02  -1.152649e+01
45  3.098489e+03  1.062770e+02
46  1.556675e+03  2.056912e+02
47  -4.465641e+03  -3.142964e+01
48  -1.132143e+04  6.203788e+01
49  -1.467128e+04  2.494910e+02
50  -1.414726e+04  -1.156940e+02
51  -1.271894e+04  -2.639344e+02
52  -1.121489e+04  -2.433807e+02
53  -2.116818e+04  -2.376812e+02
54  -2.869062e+04  1.654827e+02
55  -2.512389e+04  8.053552e+02
56  -1.115792e+04  7.649088e+02
57  2.217580e+04  1.026157e+02
58  7.814630e+04  -5.898385e+02
59  1.976031e+05  -1.210249e+03
60  3.726645e+05  -2.884415e+03
61  6.186272e+05  -2.503586e+03
62  1.064615e+06  -2.823629e+03
63  2.039196e+06  -2.968038e+03
ENDPROP
STARTPROP
MASSES:  4.200000e-03   4.200000e-03
SOURCE: GAM_3
SINKS: GAM_3
0  1.391187e+06  3.559673e+03
1  2.175559e+06  4.065208e+03
2  1.078325e+06  7.499879e+02
3  6.162876e+05  4.769384e+02
4  3.743574e+05  1.782929e+03
5  2.201928e+05  1.267162e+03
6  1.286981e+05  -4.537805e+02
7  9.225333e+04  -1.788691e+02
8  7.679860e+04  8.509465e+01
9  6.195819e+04  6.128793e+02
10  4.365108e+04  1.209480e+02
11  2.672882e+04  -4.508437e+02
12  1.130898e+04  -9.363938e+02
13  -7.632644e+02  -7.811558e+02
14  -2.915514e+03  -1.991948e+02
15  -5.757196e+03  2.595118e+01
16  -2.186284e+03  1.006067e+02
17  2.127550e+03  5.580524e+01
18  2.464241e+03  1.133217e+02
19  2.266535e+03  1.011273e+02
20  1.246211e+03  1.321414e+01
21  1.479068e+03  -2.446665e+01
22  8.546317e+02  -1.923716e+01
23  -3.627115e+02  -3.211643e+00
24  -1.045616e+03  -4.467429e+01
25  -1.165213e+03  -2.690364e+01
26  -1.157465e+03  -5.083689e-02
27  -4.235070e+02  2.260676e+00
28  2.205829e+02  -9.556411e+00
29  3.435646e+02  -4.514224e+01
30  2.504094e+02  -4.151354e+01
31  8.383868e+01  -8.019486e+00
32  1.613819e+02  4.707009e+01
33  1.070249e+02  1.030859e+02
34  1.544255e+02  8.421454e+01
35  6.062606e+01  1.860094e+01
36  1.102423e+02  -4.173581e+01
37  1.045390e+02  -4.696804e+01
38  2.042696e+02  7.310945e+00
39  -2.441662e+02  4.676287e+01
40  -1.035517e+03  -1.184277e+00
41  -2.429551e+03  4.962357e+00
42  -4.203555e+03  7.943966e+00
43  -6.026070e+03  -1.479759e+01
44  -6.867925e+03  -5.491934e+01
45  -6.081176e+03  -1.408089e+02
46  -5.763271e+03  -3.044713e+02
47  -4.120905e+03  -6.760072e+02
48  -3.282091e+03  -9.626503e+02
49  -3.938198e+03  -8.380756e+02
50  -4.970147e+03  -1.090283e+03
51  1.151439e+03  -1.195595e+03
52  1.568104e+04  -1.494794e+03
53  2.166325e+04  -1.728443e+03
54  3.279828e+04  -1.575302e+03
55  3.611208e+04  -1.335438e+03
56  3.608420e+04  -1.904525e+03
57  5.904827e+04  -1.494211e+02
58  1.096651e+05  1.605006e+03
59  2.157706e+05  2.640341e+03
60  3.886666e+05  3.152647e+03
61  6.471129e+05  3.341401e+03
62  1.055092e+06  3.319103e+03
63  2.099358e+06  1.861575e+03
ENDPROP
STARTPROP
MASSES:  4.200000e-03   4.200000e-03
SOURCE: GAM_4
SINKS: GAM_4
0  2.175455e+06  -3.331222e+02
1  -2.879265e+05  2.158363e+03
2  -2.027390e+03  8.596423e+02
3  -3.001102e+03  2.221326e+02
4  -5.228216e+03  6.406588e+02
5  1.874938e+03  5.282001e+02
6  2.845216e+03  8.060341e+02
7  8.471866e+02  4.695948e+02
8  1.088905e+03  3.117297e+02
9  1.123777e+03  2.614316e+02
10  -2.786987e+03  2.239864e+02
11  4.196734e+02  2.161447e+02
12  -3.502458e+02  1.511677e+02
13  3.054162e+03  1.946782e+01
14  -9.237781e+01  -8.167734e+01
15  -8.118319e+02  -1.385435e+02
16  4.925253e+02  -3.911843e+01
17  -3.911442e+02  4.657226e+01
18  3.229830e+02  2.376977e+01
19  3.480307e+02  5.094144e+01
20  -1.550030e+02  3.394610e+01
21  -1.112979e+02  1.696071e+01
22  -1.759206e+02  3.960769e+01
23  -1.180934e+02  1.065242e+01
24  -2.886296e+01  -1.829067e+01
25  3.735518e+01  -2.081232e+01
26  -8.343521e+01  -1.351955e+01
27  -2.280664e+01  -1.759617e+01
28  -7.392707e+00  -1.930218e+01
29  1.264519e+02  -1.096594e+01
30  1.019548e+02  -8.738023e-01
31  -4.198695e+01  -1.446744e+01
32  -1.174162e+01  -2.212557e+01
33  1.882409e+01  -2.534902e+01
34  7.101345e+00  -1.908677e+01
35  -1.930005e+01  -4.209714e+01
36  -4.133657e+00  -4.368581e+01
37  1.722184e+02  -6.622904e+01
38  -1.303393e+02  -4.421270e+01
39  -5.259081e+01  -7.598773e+01
40  2.195101e+02  -9.960606e+01
41  -1.533764e+02  -1.796533e+02
42  8.873780e+01  -1.733574e+02
43  7.020266e+00  -1.663616e+02
44  -3.992382e+02  -1.601292e+02
45  -2.945841e+02  -1.701899e+02
46  -5.804230e+01  -1.583745e+02
47  5.740810e+02  -1.715748e+02
48  4.266500e+02  -1.870258e+02
49  -1.729741e+01  -2.518645e+02
50  -9.170500e+02  -3.649630e+02
51  -2.104457e+02  -4.441601e+02
52  -1.152951e+02  -7.668099e+02
53  6.985615e+02  -8.297135e+02
54  1.050856e+03  -1.038019e+03
55  -3.237300e+03  -1.377881e+03
56  -4.548209e+02  -1.083815e+03
57  5.690925e+02  -3.376918e+02
58  3.085398e+03  3.959408e+01
59  5.484761e+03  3.927068e+02
60  2.839459e+03  9.891421e+02
61  8.955919e+02  1.395975e+03
62  -4.288369e+03  7.073494e+02
63  -2.872523e+05  -1.069984e+02
ENDPROP
STARTPROP
MASSES:  4.200000e-03   4.200000e-03
SOURCE: GAM_5
SINKS: GAM_5
0  1.730981e+07  -3.188531e+04
1  1.673933e+07  -4.338605e+04
2  1.364844e+07  -4.237550e+04
3  1.144702e+07  -3.071648e+04
4  9.748888e+06  -1.497719e+04
5  8.423473e+06  -1.672982e+04
6  6.905869e+06  -2.742871e+04
7  5.621001e+06  -3.158964e+04
8  4.671792e+06  -2.825930e+04
9  3.938572e+06  -2.209185e+04
10  3.300250e+06  -1.718075e+04
11  2.755980e+06  -1.277934e+04
12  2.259512e+06  -6.499554e+03
13  1.853887e+06  -2.931096e+03
14  1.540607e+06  -1.408189e+03
15  1.293173e+06  -7.724078e+02
16  1.074119e+06  -1.858904e+02
17  8.782171e+05  -5.671859e+02
18  7.160966e+05  -1.301406e+03
19  5.904756e+05  -1.702084e+03
20  4.862142e+05  -1.954907e+03
21  4.064527e+05  -2.717237e+03
22  3.488292e+05  -3.094143e+03
23  3.015859e+05  -2.772198e+03
24  2.533963e+05  -2.357749e+03
25  2.086692e+05  -1.882570e+03
26  1.783200e+05  -1.548937e+03
27  1.538941e+05  -1.385770e+03
28  1.356661e+05  -1.030664e+03
29  1.253161e+05  -8.015863e+02
30  1.220204e+05  -7.052527e+02
31  1.221146e+05  -5.972751e+02
32  1.230924e+05  -4.500293e+02
33  1.257777e+05  -1.696912e+02
34  1.326378e+05  1.209204e+02
35  1.437203e+05  2.752940e+02
36  1.573978e+05  4.604574e+02
37  1.752962e+05  5.411024e+02
38  2.029448e+05  4.988239e+02
39  2.380814e+05  4.670782e+02
40  2.803051e+05  7.892798e+02
41  3.307587e+05  1.589261e+03
42  3.924952e+05  2.080700e+03
43  4.838769e+05  1.681758e+03
44  5.952912e+05  3.218228e+02
45  7.247396e+05  -1.440537e+03
46  8.618250e+05  -4.437036e+03
47  1.016915e+06  -7.218237e+03
48  1.208573e+06  -1.069319e+04
49  1.438863e+06  -1.424393e+04
50  1.720376e+06  -1.651254e+04
51  2.031146e+06  -1.952948e+04
52  2.396019e+06  -2.278845e+04
53  2.842535e+06  -2.690657e+04
54  3.375790e+06  -3.200449e+04
55  4.021607e+06  -3.126318e+04
56  4.819118e+06  -2.596556e+04
57  5.695940e+06  -2.332956e+04
58  6.752685e+06  -2.717776e+04
59  8.207511e+06  -2.892792e+04
60  9.857227e+06  -3.165057e+04
61  1.179994e+07  -2.462084e+04
62  1.404961e+07  -1.124566e+04
63  1.703824e+07  -1.892746e+04
ENDPROP
STARTPROP
MASSES:  4.200000e-03   4.200000e-03
SOURCE: GAM_12
SINKS: GAM_12
0  7.946895e+05  -3.237415e+02
1  -7.457608e+05  1.632273e+03
2  -1.857978e+05  2.845010e+03
3  -7.089070e+04  2.330556e+03
4  -1.778761e+04  1.447127e+03
5  5.984638e+03  1.888677e+03
6  6.946238e+03  5.552960e+02
7  -1.589980e+02  -5.564263e+02
8  -5.918260e+03  -5.069482e+02
9  -1.142368e+04  -7.471839e+02
10  -9.868735e+03  -7.690915e+02
11  -1.883525e+03  -7.227366e+02
12  -4.865150e+01  -3.418137e+02
13  5.243571e+02  -3.614207e+02
14  -9.491997e+02  -3.540234e+02
15  -2.398031e+03  -3.699321e+02
16  -1.840515e+03  -3.743889e+02
17  -2.619133e+03  -2.568984e+02
18  -2.386313e+03  -2.481536e+01
19  -2.885430e+03  3.141054e+01
20  -2.434225e+03  6.815025e+01
21  -1.395140e+03  7.382642e+01
22  -1.759668e+03  9.539448e+01
23  -1.606481e+03  7.582327e+01
24  -1.499014e+03  6.109142e+01
25  -1.293692e+03  9.402822e+00
26  -1.022800e+03  8.379303e-01
27  -6.532342e+02  1.969591e+01
28  -8.729033e+02  3.459847e+01
29  -6.836846e+02  9.209422e+00
30  -5.758493e+02  -7.093757e+00
31  -1.079129e+02  -3.358273e+01
32  1.218658e+02  -3.295068e+01
33  4.889429e+02  -1.398683e+01
34  4.958277e+02  3.089589e+01
35  5.749243e+02  1.105889e+01
36  2.393024e+02  2.500041e+00
37  -4.169652e+01  4.782464e+01
38  2.122107e+02  7.569774e+01
39  -1.306060e+02  8.536628e+01
40  -5.748402e+02  5.157653e+01
41  -1.129603e+02  -2.123292e+01
42  2.702201e+01  -5.845135e+01
43  -9.378035e+02  6.545316e+00
44  -1.927429e+03  1.262497e+01
45  -1.777029e+03  -2.015007e+02
46  -2.635455e+03  -3.229897e+02
47  -4.036786e+03  -3.368042e+02
48  -4.428673e+03  -4.545173e+02
49  -2.389975e+03  -2.857560e+02
50  3.176971e+03  -1.285145e+02
51  1.643377e+03  1.401902e+02
52  7.048960e+01  1.221252e+02
53  -2.483156e+03  1.779223e+01
54  -4.372958e+03  1.585564e+02
55  -5.814009e+03  8.594825e+00
56  -1.230451e+04  1.932136e+02
57  -1.944165e+04  2.397924e+02
58  -2.392177e+04  4.167975e+02
59  -3.583918e+04  7.179480e+02
60  -3.567572e+04  7.521130e+02
61  -6.787942e+04  6.523038e+02
62  -1.919646e+05  1.194980e+02
63  -7.507404e+05  -3.715034e+02
ENDPROP
STARTPROP
MASSES:  4.200000e-03   4.200000e-03
SOURCE: GAM_21
SINKS: GAM_21
0  7.946895e+05  -3.237415e+02
1  -7.457608e+05  1.632273e+03
2  -1.857978e+05  2.845010e+03
3  -7.089070e+04  2.330556e+03
4  -1.778761e+04  1.447127e+03
5  5.984638e+03  1.888677e+03
6  6.946238e+03  5.552960e+02
7  -1.589980e+02  -5.564263e+02
8  -5.918260e+03  -5.069482e+02
9  -1.142368e+04  -7.471839e+02
10  -9.868735e+03  -7.690915e+02
11  -1.883525e+03  -7.227366e+02
12  -4.865150e+01  -3.418137e+02
13  5.243571e+02  -3.614207e+02
14  -9.491997e+02  -3.540234e+02
15  -2.398031e+03  -3.699321e+02
16  -1.840515e+03  -3.743889e+02
17  -2.619133e+03  -2.568984e+02
18  -2.386313e+03  -2.481536e+01
19  -2.885430e+03  3.141054e+01
20  -2.434225e+03  6.815025e+01
21  -1.395140e+03  7.382642e+01
22  -1.759668e+03  9.539448e+01
23  -1.606481e+03  7.582327e+01
24  -1.499014e+03  6.109142e+01
25  -1.293692e+03  9.402822e+00
26  -1.022800e+03  8.379303e-01
27  -6.532342e+02  1.969591e+01
28  -8.729033e+02  3.459847e+01
29  -6.836846e+02  9.209422e+00
30  -5.758493e+02  -7.093757e+00
31  -1.079129e+02  -3.358273e+01
32  1.218658e+02  -3.295068e+01
33  4.889429e+02  -1.398683e+01
34  4.958277e+02  3.089589e+01
35  5.749243e+02  1.105889e+01
36  2.393024e+02  2.500041e+00
37  -4.169652e+01  4.782464e+01
38  2.122107e+02  7.569774e+01
39  -1.306060e+02  8.536628e+01
40  -5.748402e+02  5.157653e+01
41  -1.129603e+02  -2.123292e+01
42  2.702201e+01  -5.845135e+01
43  -9.378035e+02  6.545316e+00
44  -1.927429e+03  1.262497e+01
45  -1.777029e+03  -2.015007e+02
46  -2.635455e+03  -3.229897e+02
47  -4.036786e+03  -3.368042e+02
48  -4.428673e+03  -4.545173e+02
49  -2.389975e+03  -2.857560e+02
50  3.176971e+03  -1.285145e+02
51  1.643377e+03  1.401902e+02
52  7.048960e+01  1.221252e+02
53  -2.483156e+03  1.779223e+01
54  -4.372958e+03  1.585564e+02
55  -5.814009e+03  8.594825e+00
56  -1.230451e+04  1.932136e+02
57  -1.944165e+04  2.397924e+02
58  -2.392177e+04  4.167975e+02
59  -3.583918e+04  7.179480e+02
60  -3.567572e+04  7.521130e+02
61  -6.787942e+04  6.523038e+02
62  -1.919646e+05  1.194980e+02
63  -7.507404e+05  -3.715034e+02
ENDPROP
STARTPROP
MASSES:  4.200000e-03   4.200000e-03
SOURCE: GAM_13
SINKS: GAM_13
0  7.672981e+05  -9.255932e+02
1  -7.218869e+05  -1.390621e+03
2  -1.845552e+05  -1.185468e+03
3  -7.083163e+04  -2.891220e+03
4  -2.014888e+04  -2.430691e+03
5  -9.975769e+02  -1.624275e+03
6  -8.527278e+03  -1.819619e+03
7  -1.335479e+04  -8.127933e+02
8  -1.606783e+04  -1.180481e+02
9  -2.023644e+04  -2.177086e+02
10  -1.015478e+04  -1.769438e+02
11  1.163855e+03  -4.746571e+02
12  4.498892e+03  -3.073254e+02
13  5.351881e+03  2.051185e+02
14  3.524396e+03  4.126630e+02
15  2.474335e+03  4.482110e+02
16  -2.657924e+02  3.181335e+02
17  9.608951e+02  1.366307e+02
18  -4.916226e+02  -9.741087e+01
19  -1.368651e+03  -1.871625e+02
20  -1.883991e+03  -1.692513e+02
21  -1.052285e+03  -9.419814e+01
22  -7.523453e+02  -6.864933e+01
23  -5.937200e+02  2.198384e+01
24  -2.476578e+02  8.649827e+01
25  -4.111869e+02  6.667921e+01
26  -4.222910e+02  2.671361e+01
27  -2.401476e+02  9.844280e-01
28  -1.249803e+02  2.474239e+01
29  -1.207206e+02  6.447627e+00
30  -1.739850e+02  3.473861e+00
31  -2.776562e+02  1.335682e+01
32  -3.626487e+02  5.737953e+01
33  -3.408391e+02  1.040352e+02
34  -3.207694e+02  1.141349e+02
35  4.234027e+02  8.314651e+01
36  1.069049e+03  6.451675e+01
37  9.259257e+02  -9.331461e+00
38  9.413807e+02  -6.736053e+01
39  1.042276e+03  -1.007636e+02
40  9.575827e+02  -1.061462e+02
41  2.134256e+02  -1.345791e+01
42  -7.084471e+00  1.429161e+01
43  3.863111e+02  3.005002e+01
44  1.019911e+03  1.169941e+02
45  3.121497e+03  1.229311e+02
46  3.026396e+03  1.774740e+02
47  3.265356e+03  2.387348e+02
48  5.047817e+03  1.469660e+02
49  3.925996e+03  1.547813e+02
50  1.839585e+03  2.578439e+02
51  1.485781e+02  3.722624e+02
52  2.342254e+03  -1.538460e+02
53  -8.179911e+02  -1.741574e+02
54  4.451167e+03  -6.942978e+02
55  1.475757e+04  -4.694158e+02
56  1.458316e+04  -4.205746e+02
57  5.645746e+03  -1.036451e+03
58  2.963565e+03  -1.495899e+03
59  -1.692455e+04  -1.492963e+03
60  -6.110004e+04  4.096738e+02
61  -8.542065e+04  -6.776942e+01
62  -1.878235e+05  1.015460e+02
63  -7.443642e+05  1.464522e+03
ENDPROP
STARTPROP
MASSES:  4.200000e-03   4.200000e-03
SOURCE: GAM_31
SINKS: GAM_31
0  7.672981e+05  -9.255932e+02
1  -7.218869e+05  -1.390621e+03
2  -1.845552e+05  -1.185468e+03
3  -7.083163e+04  -2.891220e+03
4  -2.014888e+04  -2.430691e+03
5  -9.975769e+02  -1.624275e+03
6  -8.527278e+03  -1.819619e+03
7  -1.335479e+04  -8.127933e+02
8  -1.606783e+04  -1.180481e+02
9  -2.023644e+04  -2.177086e+02
10  -1.015478e+04  -1.769438e+02
11  1.163855e+03  -4.746571e+02
12  4.498892e+03  -3.073254e+02
13  5.351881e+03  2.051185e+02
14  3.524396e+03  4.126630e+02
15  2.474335e+03  4.482110e+02
16  -2.657924e+02  3.181335e+02
17  9.608951e+02  1.366307e+02
18  -4.916226e+02  -9.741087e+01
19  -1.368651e+03  -1.871625e+02
20  -1.883991e+03  -1.692513e+02
21  -1.052285e+03  -9.419814e+01
22  -7.523453e+02  -6.864933e+01
23  -5.937200e+02  2.198384e+01
24  -2.476578e+02  8.649827e+01
25  -4.111869e+02  6.667921e+01
26  -4.222910e+02  2.671361e+01
27  -2.401476e+02  9.844280e-01
28  -1.249803e+02  2.474239e+01
29  -1.207206e+02  6.447627e+00
30  -1.739850e+02  3.473861e+00
31  -2.776562e+02  1.335682e+01
32  -3.626487e+02  5.737953e+01
33  -3.408391e+02  1.040352e+02
34  -3.207694e+02  1.141349e+02
35  4.234027e+02  8.314651e+01
36  1.069049e+03  6.451675e+01
37  9.259257e+02  -9.331461e+00
38  9.413807e+02  -6.736053e+01
39  1.042276e+03  -1.007636e+02
40  9.575827e+02  -1.061462e+02
41  2.134256e+02  -1.345791e+01
42  -7.084471e+00  1.429161e+01
43  3.863111e+02  3.005002e+01
44  1.019911e+03  1.169941e+02
45  3.121497e+03  1.229311e+02
46  3.026396e+03  1.774740e+02
47  3.265356e+03  2.387348e+02
48  5.047817e+03  1.469660e+02
49  3.925996e+03  1.547813e+02
50  1.839585e+03  2.578439e+02
51  1.485781e+02  3.722624e+02
52  2.342254e+03  -1.538460e+02
53  -8.179911e+02  -1.741574e+02
54  4.451167e+03  -6.942978e+02
55  1.475757e+04  -4.694158e+02
56  1.458316e+04  -4.205746e+02
57  5.645746e+03  -1.036451e+03
58  2.963565e+03  -1.495899e+03
59  -1.692455e+04  -1.492963e+03
60  -6.110004e+04  4.096738e+02
61  -8.542065e+04  -6.776942e+01
62  -1.878235e+05  1.015460e+02
63  -7.443642e+05  1.464522e+03
ENDPROP
STARTPROP
MASSES:  4.200000e-03   4.200000e-03
SOURCE: GAM_14
SINKS: GAM_14
0  1.516852e+04  1.139891e+03
1  1.381868e+06  2.850804e+03
2  6.038125e+05  -8.441412e+02
3  3.386751e+05  -1.077052e+02
4  1.783536e+05  4.764396e+02
5  7.477094e+04  -5.432859e+02
6  2.868045e+04  -2.344804e+02
7  1.360532e+04  -6.270390e+02
8  2.611356e+03  -1.027066e+02
9  1.284955e+03  -1.625149e+01
10  1.129804e+04  3.391623e+02
11  1.003513e+04  2.758757e+02
12  1.185375e+04  2.477099e+02
13  6.991679e+03  2.805238e+02
14  3.829144e+03  4.009129e+02
15  1.290299e+03  1.916923e+02
16  1.809072e+02  -1.188762e+02
17  1.697774e+03  -2.002467e+02
18  1.603349e+03  -4.758346e+01
19  7.984457e+02  -1.652026e+01
20  -3.242083e+01  4.936008e+01
21  -4.647076e+02  1.014778e+02
22  3.973496e+01  1.093637e+02
23  5.111995e+01  1.491812e+02
24  -1.749680e+01  1.194275e+02
25  5.787686e+01  2.936634e+01
26  2.709533e+02  -3.325475e+00
27  1.527902e+02  -5.342250e+01
28  2.348539e+01  -5.795033e+01
29  -7.726791e+00  -6.839827e+01
30  2.019160e+01  -7.878533e+01
31  9.849726e+01  -6.301254e+01
32  1.265368e+02  -6.132500e+01
33  2.864620e+02  -3.018955e+01
34  1.782948e+02  -1.443966e+01
35  4.046142e+02  -2.702203e+01
36  4.958310e+02  -4.803701e+01
37  1.824968e+02  -5.524025e+00
38  -8.975811e+01  1.105704e+01
39  -1.649569e+02  -5.916948e+01
40  1.794019e+02  -7.967553e+01
41  6.864057e+02  -7.158196e+01
42  1.500330e+03  -4.074388e+01
43  2.080974e+03  8.381895e+01
44  2.170498e+03  1.642000e+02
45  1.208218e+03  1.765619e+02
46  1.926673e+03  3.493883e+02
47  4.010484e+03  4.105666e+02
48  3.561599e+03  2.362718e+02
49  1.324935e+03  -1.300952e+02
50  -3.696084e+03  -4.292904e+02
51  -6.008694e+03  -6.218459e+02
52  1.654027e+03  -1.183329e+03
53  2.821760e+03  -1.333830e+03
54  6.967353e+03  -1.562952e+03
55  1.151159e+04  -1.747559e+03
56  2.448843e+04  -7.545506e+02
57  4.326173e+04  -7.676307e+02
58  8.552366e+04  -1.795698e+03
59  1.357931e+05  -2.134124e+03
60  2.056201e+05  -1.834595e+03
61  3.518047e+05  -3.017723e+03
62  6.211344e+05  -1.664598e+03
63  1.392777e+06  -1.467193e+03
ENDPROP
STARTPROP
MASSES:  4.200000e-03   4.200000e-03
SOURCE: GAM_41
SINKS: GAM_41
0  1.516852e+04  1.139891e+03
1  1.381868e+06  2.850804e+03
2  6.038125e+05  -8.441412e+02
3  3.386751e+05  -1.077052e+02
4  1.783536e+05  4.764396e+02
5  7.477094e+04  -5.432859e+02
6  2.868045e+04  -2.344804e+02
7  1.360532e+04  -6.270390e+02
8  2.611356e+03  -1.027066e+02
9  1.284955e+03  -1.625149e+01
10  1.129804e+04  3.391623e+02
11  1.003513e+04  2.758757e+02
12  1.185375e+04  2.477099e+02
13  6.991679e+03  2.805238e+02
14  3.829144e+03  4.009129e+02
15  1.290299e+03  1.916923e+02
16  1.809072e+02  -1.188762e+02
17  1.697774e+03  -2.002467e+02
18  1.603349e+03  -4.758346e+01
19  7.984457e+02  -1.652026e+01
20  -3.242083e+01  4.936008e+01
21  -4.647076e+02  1.014778e+02
22  3.973496e+01  1.093637e+02
23  5.111995e+01  1.491812e+02
24  -1.749680e+01  1.194275e+02
25  5.787686e+01  2.936634e+01
26  2.709533e+02  -3.325475e+00
27  1.527902e+02  -5.342250e+01
28  2.348539e+01  -5.795033e+01
29  -7.726791e+00  -6.839827e+01
30  2.019160e+01  -7.878533e+01
31  9.849726e+01  -6.301254e+01
32  1.265368e+02  -6.132500e+01
33  2.864620e+02  -3.018955e+01
34  1.782948e+02  -1.443966e+01
35  4.046142e+02  -2.702203e+01
36  4.958310e+02  -4.803701e+01
37  1.824968e+02  -5.524025e+00
38  -8.975811e+01  1.105704e+01
39  -1.649569e+02  -5.916948e+01
40  1.794019e+02  -7.967553e+01
41  6.864057e+02  -7.158196e+01
42  1.500330e+03  -4.074388e+01
43  2.080974e+03  8.381895e+01
44  2.170498e+03  1.642000e+02
45  1.208218e+03  1.765619e+02
46  1.926673e+03  3.493883e+02
47  4.010484e+03  4.105666e+02
48  3.561599e+03  2.362718e+02
49  1.324935e+03  -1.300952e+02
50  -3.696084e+03  -4.292904e+02
51  -6.008694e+03  -6.218459e+02
52  1.654027e+03  -1.183329e+03
53  2.821760e+03  -1.333830e+03
54  6.967353e+03  -1.562952e+03
55  1.151159e+04  -1.747559e+03
56  2.448843e+04  -7.545506e+02
57  4.326173e+04  -7.676307e+02
58  8.552366e+04  -1.795698e+03
59  1.357931e+05  -2.134124e+03
60  2.056201e+05  -1.834595e+03
61  3.518047e+05  -3.017723e+03
62  6.211344e+05  -1.664598e+03
63  1.392777e+06  -1.467193e+03
ENDPROP
STARTPROP
MASSES:  4.200000e-03   4.200000e-03
SOURCE: GAM_23
SINKS: GAM_23
0  7.882723e+05  -1.708753e+03
1  -7.572080e+05  -1.723035e+03
2  -1.642748e+05  -1.060046e+03
3  -4.925033e+04  -1.106109e+03
4  1.669853e+04  -6.930695e+02
5  3.438590e+04  3.231643e+02
6  3.121431e+04  3.808063e+02
7  2.020547e+04  7.812019e+02
8  8.336875e+03  1.064740e+03
9  5.002045e+03  1.113569e+03
10  2.369329e+03  1.023593e+03
11  -1.727647e+03  1.018858e+03
12  -2.952955e+03  1.117299e+03
13  2.403194e+03  7.151812e+02
14  3.579991e+03  5.085031e+02
15  4.696415e+03  3.188449e+02
16  5.024678e+03  3.309928e+02
17  4.554208e+03  2.528761e+02
18  4.734049e+03  3.095875e+02
19  3.738238e+03  2.900555e+02
20  1.798692e+03  2.537312e+02
21  3.357029e+02  1.811060e+02
22  7.659037e+02  -3.472875e+01
23  3.712461e+02  -8.498730e+01
24  -1.952290e+02  -9.565999e+01
25  -1.106017e+03  -6.955604e+01
26  -1.172290e+03  -3.923650e+01
27  -6.055665e+02  -8.406148e+01
28  -1.491036e+02  -9.150907e+01
29  3.607902e+01  -5.078747e+01
30  2.529413e+02  5.030650e+00
31  2.446071e+02  5.210164e+01
32  1.856384e+02  6.823569e+01
33  1.740140e+02  9.521222e+01
34  -1.486064e+02  8.620305e+01
35  -1.408771e+02  5.499811e+01
36  1.222114e+02  5.213552e+01
37  1.072411e+02  7.908573e+01
38  3.055547e+01  1.308368e+02
39  -6.701180e+02  1.461970e+02
40  -2.571264e+02  8.626871e+01
41  -1.055211e+03  2.306110e+01
42  -1.436465e+03  -2.722477e+01
43  7.874346e+01  -1.063925e+02
44  1.350572e+03  -1.403388e+02
45  2.404391e+02  -3.020841e+01
46  -2.516560e+03  1.380068e+02
47  -2.834237e+03  1.213539e+02
48  -3.179197e+03  -1.928609e+02
49  -3.932058e+03  -8.430260e+01
50  -9.112389e+03  -1.484742e+01
51  -9.955270e+03  2.299534e+02
52  -1.300890e+04  -3.289513e+02
53  -1.635651e+04  -6.182466e+02
54  -2.441884e+04  -1.238644e+02
55  -1.571083e+04  1.717681e+02
56  -1.866998e+04  6.704559e+02
57  -1.531781e+04  1.007205e+03
58  -1.194607e+04  1.029890e+03
59  -2.256245e+04  4.101815e+02
60  -5.172279e+04  -3.072806e+02
61  -1.091486e+05  3.605962e+02
62  -2.143447e+05  6.703454e+02
63  -7.391437e+05  -4.445640e+02
ENDPROP
STARTPROP
MASSES:  4.200000e-03   4.200000e-03
SOURCE: GAM_32
SINKS: GAM_32
0  7.882723e+05  -1.708753e+03
1  -7.572080e+05  -1.723035e+03
2  -1.642748e+05  -1.060046e+03
3  -4.925033e+04  -1.106109e+03
4  1.669853e+04  -6.930695e+02
5  3.438590e+04  3.231643e+02
6  3.121431e+04  3.808063e+02
7  2.020547e+04  7.812019e+02
8  8.336875e+03  1.064740e+03
9  5.002045e+03  1.113569e+03
10  2.369329e+03  1.023593e+03
11  -1.727647e+03  1.018858e+03
12  -2.952955e+03  1.117299e+03
13  2.403194e+03  7.151812e+02
14  3.579991e+03  5.085031e+02
15  4.696415e+03  3.188449e+02
16  5.024678e+03  3.309928e+02
17  4.554208e+03  2.528761e+02
18  4.734049e+03  3.095875e+02
19  3.738238e+03  2.900555e+02
20  1.798692e+03  2.537312e+02
21  3.357029e+02  1.811060e+02
22  7.659037e+02  -3.472875e+01
23  3.712461e+02  -8.498730e+01
24  -1.952290e+02  -9.565999e+01
25  -1.106017e+03  -6.955604e+01
26  -1.172290e+03  -3.923650e+01
27  -6.055665e+02  -8.406148e+01
28  -1.491036e+02  -9.150907e+01
29  3.607902e+01  -5.078747e+01
30  2.529413e+02  5.030650e+00
31  2.446071e+02  5.210164e+01
32  1.856384e+02  6.823569e+01
33  1.740140e+02  9.521222e+01
34  -1.486064e+02  8.620305e+01
35  -1.408771e+02  5.499811e+01
36  1.222114e+02  5.213552e+01
37  1.072411e+02  7.908573e+01
38  3.055547e+01  1.308368e+02
39  -6.701180e+02  1.461970e+02
40  -2.571264e+02  8.626871e+01
41  -1.055211e+03  2.306110e+01
42  -1.436465e+03  -2.722477e+01
43  7.874346e+01  -1.063925e+02
44  1.350572e+03  -1.403388e+02
45  2.404391e+02  -3.020841e+01
46  -2.516560e+03  1.380068e+02
47  -2.834237e+03  1.213539e+02
48  -3.179197e+03  -1.928609e+02
49  -3.932058e+03  -8.430260e+01
50  -9.112389e+03  -1.484742e+01
51  -9.955270e+03  2.299534e+02
52  -1.300890e+04  -3.289513e+02
53  -1.635651e+04  -6.182466e+02
54  -2.441884e+04  -1.238644e+02
55  -1.571083e+04  1.717681e+02
56  -1.866998e+04  6.704559e+02
57  -1.531781e+04  1.007205e+03
58  -1.194607e+04  1.029890e+03
59  -2.256245e+04  4.101815e+02
60  -5.172279e+04  -3.072806e+02
61  -1.091486e+05  3.605962e+02
62  -2.143447e+05  6.703454e+02
63  -7.391437e+05  -4.445640e+02
ENDPROP
STARTPROP
MASSES:  4.200000e-03   4.200000e-03
SOURCE: GAM_24
SINKS: GAM_24
0  -3.230420e+04  9.707194e+02
1  1.352768e+06  -2.698587e+02
2  5.543333e+05  -1.592728e+03
3  2.782812e+05  -2.657345e+03
4  1.236779e+05  -2.678460e+03
5  7.451771e+04  -2.047424e+03
6  5.003790e+04  -7.437471e+02
7  3.307416e+04  -5.219187e+02
8  2.828023e+04  5.472472e+01
9  2.130056e+04  4.048096e+02
10  1.084781e+04  6.704541e+02
11  9.772829e+03  7.119853e+02
12  1.174919e+04  6.762822e+02
13  9.752757e+03  5.066309e+02
14  9.962736e+03  5.511504e+01
15  7.147743e+03  -6.905025e+01
16  4.773980e+03  -6.573038e+01
17  5.415905e+03  -7.043904e+01
18  4.119219e+03  3.735652e+01
19  1.331203e+03  8.822807e+01
20  6.358259e+02  1.723686e+01
21  4.425778e+02  -4.800373e+00
22  3.645929e+01  -3.812213e+01
23  4.457589e+02  1.719759e+00
24  2.821109e+02  2.491885e+01
25  3.912731e+02  9.432776e+01
26  -1.996252e+02  1.067085e+02
27  -3.414473e+02  8.847348e+01
28  -3.115251e+02  9.854062e+01
29  -1.374266e+02  1.100801e+02
30  -7.963698e+01  6.412419e+01
31  -1.558437e+02  4.561148e+01
32  -1.375678e+02  2.834317e+01
33  -2.264363e+02  3.510970e+01
34  -6.667421e+01  4.647134e+01
35  2.113917e+02  1.004659e+02
36  3.283445e+02  1.141502e+02
37  3.111207e+02  9.582237e+01
38  2.322738e+02  2.088411e+01
39  2.544804e+02  -3.038360e+01
40  9.252655e+02  -9.873400e+01
41  8.659111e+02  -1.016529e+02
42  1.177124e+03  -1.672979e+01
43  1.681354e+03  9.372844e+01
44  1.307857e+03  6.701884e+01
45  -3.048605e+01  -8.847644e-01
46  -1.329067e+03  -1.471552e+02
47  -1.180348e+03  -4.199728e+02
48  -6.811743e+01  -4.010648e+02
49  3.877899e+03  -3.499253e+02
50  3.655053e+03  -1.270288e+02
51  5.546872e+03  -1.501585e+02
52  4.638553e+03  -2.416514e+02
53  6.451013e+03  -3.572410e+02
54  1.705448e+04  -4.869351e+02
55  3.437754e+04  -2.619367e+02
56  4.104225e+04  9.403039e+02
57  5.620969e+04  1.181469e+03
58  8.855849e+04  5.039347e+02
59  1.476202e+05  -3.573047e+02
60  2.441508e+05  -1.404910e+03
61  3.757822e+05  -3.231890e+03
62  5.961898e+05  -9.899268e+02
63  1.303475e+06  -8.288621e+01
ENDPROP
STARTPROP
MASSES:  4.200000e-03   4.200000e-03
SOURCE: GAM_42
SINKS: GAM_42
0  -3.230420e+04  9.707194e+02
1  1.352768e+06  -2.698587e+02
2  5.543333e+05  -1.592728e+03
3  2.782812e+05  -2.657345e+03
4  1.236779e+05  -2.678460e+03
5  7.451771e+04  -2.047424e+03
6  5.003790e+04  -7.437471e+02
7  3.307416e+04  -5.219187e+02
8  2.828023e+04  5.472472e+01
9  2.130056e+04  4.048096e+02
10  1.084781e+04  6.704541e+02
11  9.772829e+03  7.119853e+02
12  1.174919e+04  6.762822e+02
13  9.752757e+03  5.066309e+02
14  9.962736e+03  5.511504e+01
15  7.147743e+03  -6.905025e+01
16  4.773980e+03  -6.573038e+01
17  5.415905e+03  -7.043904e+01
18  4.119219e+03  3.735652e+01
19  1.331203e+03  8.822807e+01
20  6.358259e+02  1.723686e+01
21  4.425778e+02  -4.800373e+00
22  3.645929e+01  -3.812213e+01
23  4.457589e+02  1.719759e+00
24  2.821109e+02  2.491885e+01
25  3.912731e+02  9.432776e+01
26  -1.996252e+02  1.067085e+02
27  -3.414473e+02  8.847348e+01
28  -3.115251e+02  9.854062e+01
29  -1.374266e+02  1.100801e+02
30  -7.963698e+01  6.412419e+01
31  -1.558437e+02  4.561148e+01
32  -1.375678e+02  2.834317e+01
33  -2.264363e+02  3.510970e+01
34  -6.667421e+01  4.647134e+01
35  2.113917e+02  1.004659e+02
36  3.283445e+02  1.141502e+02
37  3.111207e+02  9.582237e+01
38  2.322738e+02  2.088411e+01
39  2.544804e+02  -3.038360e+01
40  9.252655e+02  -9.873400e+01
41  8.659111e+02  -1.016529e+02
42  1.177124e+03  -1.672979e+01
43  1.681354e+03  9.372844e+01
44  1.307857e+03  6.701884e+01
45  -3.048605e+01  -8.847644e-01
46  -1.329067e+03  -1.471552e+02
47  -1.180348e+03  -4.199728e+02
48  -6.811743e+01  -4.010648e+02
49  3.877899e+03  -3.499253e+02
50  3.655053e+03  -1.270288e+02
51  5.546872e+03  -1.501585e+02
52  4.638553e+03  -2.416514e+02
53  6.451013e+03  -3.572410e+02
54  1.705448e+04  -4.869351e+02
55  3.437754e+04  -2.619367e+02
56  4.104225e+04  9.403039e+02
57  5.620969e+04  1.181469e+03
58  8.855849e+04  5.039347e+02
59  1.476202e+05  -3.573047e+02
60  2.441508e+05  -1.404910e+03
61  3.757822e+05  -3.231890e+03
62  5.961898e+05  -9.899268e+02
63  1.303475e+06  -8.288621e+01
ENDPROP
STARTPROP
MASSES:  4.200000e-03   4.200000e-03
SOURCE: GAM_34
SINKS: GAM_34
0  -7.815986e+04  -2.811309e+03
1  1.265992e+06  -6.969422e+02
2  5.097473e+05  8.103843e+02
3  2.673681e+05  9.186680e+02
4  1.522732e+05  1.143332e+03
5  8.765013e+04  1.365698e+03
6  5.049276e+04  2.036392e+03
7  2.600441e+04  3.140999e+03
8  2.445344e+04  3.164673e+03
9  2.383457e+04  2.443940e+03
10  1.731747e+04  1.193156e+03
11  1.540934e+04  3.230041e+02
12  1.339754e+04  -1.187868e+01
13  5.153558e+03  -2.589990e+02
14  -3.876536e+02  -3.315468e+02
15  -8.508507e+02  -8.736613e+01
16  1.868145e+03  3.193575e+01
17  3.261245e+03  1.459487e+02
18  4.804034e+03  1.723658e+01
19  4.986070e+03  -9.526265e+00
20  4.244663e+03  4.567934e+01
21  3.624111e+03  6.743083e-01
22  2.092300e+03  8.856686e+01
23  1.709285e+03  1.635130e+02
24  1.026473e+03  4.149710e+01
25  4.905923e+02  4.275966e+00
26  4.750620e+01  2.495424e+01
27  5.077108e+02  2.932911e+01
28  4.284127e+02  4.186380e+01
29  4.695305e+02  5.948027e+01
30  4.048775e+02  6.932030e+01
31  3.508848e+02  7.803485e+01
32  6.892583e+02  8.353351e+01
33  6.973033e+02  1.156971e+02
34  2.285076e+02  1.057503e+02
35  -1.581664e+02  7.808241e+01
36  -3.977999e+02  3.704487e+01
37  -1.937885e+02  -1.080678e+01
38  1.295114e+02  -5.151774e+01
39  -1.406141e+01  -6.763524e+01
40  -1.005203e+02  -8.977227e+01
41  -1.940179e+02  -6.496417e+01
42  -5.873730e+02  -5.134190e+01
43  4.315723e+02  -1.033860e+02
44  2.233183e+03  -1.616925e+01
45  1.804660e+03  1.978087e+01
46  1.617844e+03  -1.081089e+02
47  6.885706e+02  -2.583769e+02
48  1.495392e+03  -3.799828e+02
49  1.352092e+03  -3.742868e+02
50  -4.166191e+02  -3.088699e+02
51  -5.104740e+03  -2.704615e+02
52  -8.903651e+03  -2.535752e+02
53  -1.655063e+04  -8.116437e+01
54  -2.088431e+04  -4.291520e+02
55  -1.381636e+04  5.821295e-01
56  -8.445059e+03  -3.927680e+01
57  2.643758e+03  -4.212677e+02
58  4.163527e+04  -1.131027e+03
59  1.053607e+05  -2.240251e+03
60  2.182451e+05  -3.345250e+03
61  3.836493e+05  -1.306401e+03
62  6.572261e+05  4.152121e+02
63  1.351548e+06  -4.189841e+02
ENDPROP
STARTPROP
MASSES:  4.200000e-03   4.200000e-03
SOURCE: GAM_43
SINKS: GAM_43
0  -7.815986e+04  -2.811309e+03
1  1.265992e+06  -6.969422e+02
2  5.097473e+05  8.103843e+02
3  2.673681e+05  9.186680e+02
4  1.522732e+05  1.143332e+03
5  8.765013e+04  1.365698e+03
6  5.049276e+04  2.036392e+03
7  2.600441e+04  3.140999e+03
8  2.445344e+04  3.164673e+03
9  2.383457e+04  2.443940e+03
10  1.731747e+04  1.193156e+03
11  1.540934e+04  3.230041e+02
12  1.339754e+04  -1.187868e+01
13  5.153558e+03  -2.589990e+02
14  -3.876536e+02  -3.315468e+02
15  -8.508507e+02  -8.736613e+01
16  1.868145e+03  3.193575e+01
17  3.261245e+03  1.459487e+02
18  4.804034e+03  1.723658e+01
19  4.986070e+03  -9.526265e+00
20  4.244663e+03  4.567934e+01
21  3.624111e+03  6.743083e-01
22  2.092300e+03  8.856686e+01
23  1.709285e+03  1.635130e+02
24  1.026473e+03  4.149710e+01
25  4.905923e+02  4.275966e+00
26  4.750620e+01  2.495424e+01
27  5.077108e+02  2.932911e+01
28  4.284127e+02  4.186380e+01
29  4.695305e+02  5.948027e+01
30  4.048775e+02  6.932030e+01
31  3.508848e+02  7.803485e+01
32  6.892583e+02  8.353351e+01
33  6.973033e+02  1.156971e+02
34  2.285076e+02  1.057503e+02
35  -1.581664e+02  7.808241e+01
36  -3.977999e+02  3.704487e+01
37  -1.937885e+02  -1.080678e+01
38  1.295114e+02  -5.151774e+01
39  -1.406141e+01  -6.763524e+01
40  -1.005203e+02  -8.977227e+01
41  -1.940179e+02  -6.496417e+01
42  -5.873730e+02  -5.134190e+01
43  4.315723e+02  -1.033860e+02
44  2.233183e+03  -1.616925e+01
45  1.804660e+03  1.978087e+01
46  1.617844e+03  -1.081089e+02
47  6.885706e+02  -2.583769e+02
48  1.495392e+03  -3.799828e+02
49  1.352092e+03  -3.742868e+02
50  -4.166191e+02  -3.088699e+02
51  -5.104740e+03  -2.704615e+02
52  -8.903651e+03  -2.535752e+02
53  -1.655063e+04  -8.116437e+01
54  -2.088431e+04  -4.291520e+02
55  -1.381636e+04  5.821295e-01
56  -8.445059e+03  -3.927680e+01
57  2.643758e+03  -4.212677e+02
58  4.163527e+04  -1.131027e+03
59  1.053607e+05  -2.240251e+03
60  2.182451e+05  -3.345250e+03
61  3.836493e+05  -1.306401e+03
62  6.572261e+05  4.152121e+02
63  1.351548e+06  -4.189841e+02
ENDPROP
STARTPROP
MASSES:  4.200000e-03   4.200000e-03
SOURCE: GAM_15
SINKS: GAM_15
0  -1.876636e+05  -8.898732e+02
1  -1.151036e+06  -2.671616e+03
2  -4.202970e+05  -3.040053e+03
3  -1.997336e+05  -1.950046e+03
4  -8.420848e+04  -1.017313e+03
5  -5.181541e+04  -1.648006e+02
6  -3.451317e+04  -3.676113e+01
7  -1.663303e+04  8.131337e+01
8  -6.353241e+03  1.755820e+02
9  6.865463e+03  -5.699748e+02
10  1.607298e+04  -9.025578e+02
11  6.558040e+03  -2.330816e+02
12  -3.256829e+03  4.854990e+01
13  -6.799569e+03  6.184653e+01
14  -8.043688e+03  5.239677e+01
15  -1.014014e+04  -7.753674e+00
16  -6.883651e+03  1.692111e+01
17  -5.850064e+03  1.613769e+02
18  -5.820535e+03  2.073368e+02
19  -4.275486e+03  5.886078e+01
20  -2.979995e+03  -6.799132e+01
21  -9.887647e+02  -1.938520e+02
22  3.445784e+02  -2.529473e+02
23  5.614526e+02  -1.433901e+02
24  1.946180e+02  -2.664041e+01
25  2.890146e+01  1.867118e+01
26  4.191259e+02  -8.541978e+00
27  5.838312e+02  -1.746168e+01
28  2.429956e+02  -5.712398e+01
29  3.880243e+02  -8.000355e+01
30  5.388730e+02  -5.155379e+01
31  4.634438e+02  -3.511354e+01
32  2.268314e+02  -1.813754e+01
33  2.325323e+02  2.210675e+01
34  3.190737e+02  2.317609e+01
35  2.457353e+02  7.588253e+01
36  2.053852e+02  8.719844e+01
37  -4.019031e+02  7.934980e+01
38  -4.883818e+02  2.545462e+01
39  -8.098812e+02  2.842380e+00
40  -1.702192e+03  -1.365505e+01
41  -1.546370e+03  -1.182481e+02
42  -1.655101e+03  -2.032583e+02
43  -7.616000e+02  -2.943460e+02
44  8.436056e+02  -1.834926e+02
45  1.734595e+02  -2.245393e+02
46  -1.153368e+03  -1.174496e+02
47  -4.716781e+03  4.875552e+01
48  -6.049760e+03  1.835905e+02
49  -6.699253e+03  7.288092e+01
50  -3.398878e+03  -3.050311e+02
51  5.593012e+01  -6.450170e+02
52  2.534698e+03  -6.505610e+02
53  4.193665e+03  -1.985575e+02
54  1.120046e+04  2.299915e+02
55  2.766718e+04  2.776783e+02
56  3.370374e+04  1.380155e+02
57  4.532341e+04  5.848082e+01
58  5.015444e+04  1.602865e+01
59  1.922258e+04  1.362477e+01
60  -4.289138e+04  -4.184391e+02
61  -1.649035e+05  3.941519e+02
62  -3.744473e+05  1.103560e+03
63  -1.138138e+06  3.136938e+02
ENDPROP
STARTPROP
MASSES:  4.200000e-03   4.200000e-03
SOURCE: GAM_25
SINKS: GAM_25
0  -8.598035e+04  1.155683e+03
1  -1.046301e+06  2.547938e+03
2  -2.985091e+05  3.196029e+03
3  -7.104933e+04  1.413163e+03
4  3.089085e+04  1.146648e+03
5  5.516098e+04  8.096373e+02
6  4.374277e+04  5.533429e+02
7  2.192812e+04  6.948136e+02
8  1.895185e+03  7.110864e+02
9  6.421685e+03  4.950152e+02
10  1.616901e+04  2.394903e+02
11  2.059094e+04  -5.704994e+02
12  1.567666e+04  -6.860128e+02
13  1.386171e+04  -1.087352e+03
14  1.182866e+04  -9.894706e+02
15  1.236245e+04  -5.950801e+02
16  9.222494e+03  -3.273090e+02
17  4.606215e+03  -2.751489e+02
18  1.477141e+03  -4.160073e+01
19  5.013108e+02  5.885743e+01
20  5.937933e+02  6.335408e+01
21  4.804641e+02  -2.707602e+00
22  3.082552e+02  -1.820772e+01
23  -2.565751e+02  2.141285e+01
24  -2.030722e+02  2.813317e+01
25  1.972255e+02  5.317489e+01
26  5.542125e+02  4.134822e+01
27  6.540739e+02  1.831621e+01
28  2.847596e+02  3.642250e+01
29  1.361358e+02  3.291836e+01
30  -1.835228e+01  -9.997806e+00
31  -9.647024e+01  -6.566618e+01
32  -1.576598e+02  -9.359804e+01
33  -1.255813e+02  -1.030869e+02
34  -1.355344e+02  -1.010872e+02
35  4.512788e+01  -9.709646e+01
36  -3.402283e+02  -1.146683e+02
37  -8.642994e+02  -9.577377e+01
38  -8.592238e+02  -1.244753e+02
39  -4.294239e+02  -1.438535e+02
40  -1.527487e+03  -7.350047e+01
41  -1.904404e+03  6.058670e+01
42  -2.374257e+03  1.082503e+02
43  -1.547342e+03  1.594011e+02
44  -6.620576e+02  1.980241e+02
45  -5.783728e+02  3.617315e+02
46  -8.177600e+02  3.086273e+02
47  -1.374738e+03  2.641583e+02
48  -1.623217e+03  1.605445e+02
49  -9.031465e+02  1.947218e+02
50  1.102791e+03  -3.968830e+01
51  -1.461554e+03  -3.505790e+02
52  -9.796648e+03  -9.561199e+02
53  -1.547921e+04  -1.413985e+03
54  -1.886562e+04  -1.433546e+03
55  -8.766502e+03  -1.622586e+03
56  1.969150e+03  -1.945702e+03
57  2.080640e+02  -1.538077e+03
58  8.297014e+03  -6.224250e+02
59  1.389312e+04  -4.481780e+02
60  -2.942753e+03  -1.229325e+03
61  -6.930382e+04  -2.402764e+03
62  -2.856643e+05  -1.962199e+03
63  -1.049746e+06  -1.386650e+03
ENDPROP
STARTPROP
MASSES:  4.200000e-03   4.200000e-03
SOURCE: GAM_35
SINKS: GAM_35
0  -2.815633e+04  4.688318e+02
1  -1.018035e+06  4.771136e+02
2  -3.083689e+05  3.202337e+03
3  -1.233447e+05  3.557442e+03
4  -5.816112e+04  3.950785e+03
5  -3.422053e+04  3.900136e+03
6  -1.871408e+04  4.212280e+03
7  -7.519172e+03  3.902995e+03
8  -8.464668e+03  3.170502e+03
9  1.142727e+03  2.153680e+03
10  7.168610e+03  1.564258e+03
11  6.569427e+03  9.980049e+02
12  8.095100e+03  2.966109e+02
13  4.684791e+03  1.262901e+02
14  -1.204429e+03  1.574266e+02
15  -8.409436e+03  1.418060e+02
16  -1.206842e+04  3.758725e+02
17  -9.649548e+03  5.394589e+02
18  -6.648578e+03  4.178415e+02
19  -2.871541e+03  2.148928e+02
20  -2.095231e+03  1.557846e+02
21  1.353992e+02  1.519855e+02
22  7.528985e+02  1.945732e+02
23  1.352521e+03  1.929726e+02
24  1.579272e+03  1.373677e+02
25  1.370097e+03  1.069255e+02
26  2.132636e+02  1.345051e+02
27  -7.505548e+01  1.071597e+02
28  -4.144284e+02  7.036105e+01
29  -6.937289e+02  7.699177e+01
30  -1.044141e+03  7.010871e+01
31  -8.960262e+02  8.715842e+01
32  -7.694341e+02  6.956504e+01
33  -9.069065e+01  7.788630e+01
34  2.339591e+02  7.210873e+01
35  3.976861e+02  1.404428e+01
36  1.472289e+02  -3.109357e+01
37  -6.369749e+02  -5.415428e+01
38  -1.117210e+03  -2.008391e+01
39  -1.679169e+03  5.965582e+01
40  -1.922564e+03  1.157808e+02
41  -1.057028e+03  2.410770e+02
42  -5.381861e+02  2.903099e+02
43  -9.503108e+02  2.408610e+02
44  -2.181117e+03  2.747824e+02
45  -6.455165e+03  2.292783e+02
46  -1.143801e+04  1.948318e+02
47  -1.335105e+04  1.406459e+02
48  -1.330379e+04  7.115231e+01
49  -1.581222e+04  -2.359931e+00
50  -2.098766e+04  -1.535225e+02
51  -1.927956e+04  -3.788388e+02
52  -1.593425e+04  -9.740337e+01
53  -1.705137e+04  -2.972884e+02
54  -2.056139e+04  -1.473861e+02
55  -3.320314e+04  1.176991e+03
56  -3.785791e+04  2.141547e+03
57  -3.502384e+04  1.914523e+03
58  -2.922327e+04  8.204333e+02
59  -2.755923e+04  -1.678118e+02
60  -3.769161e+04  9.556156e+02
61  -8.954357e+04  1.530192e+03
62  -2.501890e+05  2.227211e+03
63  -9.772855e+05  1.757917e+03
ENDPROP
STARTPROP
MASSES:  4.200000e-03   4.200000e-03
SOURCE: GAM_45
SINKS: GAM_45
0  -1.686967e+06  3.416476e+03
1  7.091089e+05  3.536263e+03
2  3.199897e+05  4.264226e+03
3  2.951078e+05  4.696870e+03
4  2.489934e+05  3.871087e+03
5  2.105154e+05  3.723009e+03
6  1.668792e+05  2.842668e+03
7  1.397951e+05  1.770696e+03
8  1.138420e+05  9.727181e+02
9  9.262064e+04  1.404574e+03
10  7.303891e+04  1.368997e+03
11  6.228238e+04  1.073860e+03
12  5.031712e+04  1.255940e+03
13  4.432354e+04  1.231997e+03
14  3.483288e+04  1.170057e+03
15  2.778733e+04  1.074266e+03
16  2.282888e+04  7.952891e+02
17  1.850895e+04  6.403009e+02
18  1.601808e+04  5.432057e+02
19  1.304614e+04  3.744163e+02
20  1.127774e+04  3.197863e+02
21  9.369256e+03  2.348857e+02
22  8.598955e+03  1.397848e+02
23  6.955575e+03  8.150410e+01
24  5.988870e+03  1.455864e+01
25  4.821772e+03  4.859023e+00
26  4.229179e+03  1.971502e+01
27  3.826846e+03  2.128624e+01
28  3.279972e+03  8.609390e+00
29  2.968996e+03  2.926061e+00
30  2.771724e+03  1.473931e+01
31  2.773642e+03  4.128870e+01
32  2.820669e+03  5.232704e+01
33  2.955053e+03  4.740471e+01
34  3.148502e+03  6.066382e+01
35  3.462180e+03  5.428952e+01
36  3.988265e+03  5.221796e+01
37  4.455704e+03  5.322282e+01
38  5.055580e+03  4.548752e+01
39  5.928745e+03  3.265536e+01
40  6.773521e+03  2.676396e+00
41  7.696470e+03  -5.161821e+01
42  9.012173e+03  1.116086e+01
43  1.075612e+04  -1.222049e+00
44  1.382875e+04  2.990787e+00
45  1.543587e+04  8.348193e+00
46  1.872122e+04  -1.072763e+02
47  2.250190e+04  -1.304156e+02
48  2.857950e+04  -1.310943e+02
49  3.513760e+04  -1.646966e+02
50  4.102946e+04  -2.312559e+02
51  4.782714e+04  -5.890268e+02
52  6.012679e+04  -9.215992e+02
53  6.994312e+04  -9.002799e+02
54  8.197418e+04  -4.234317e+02
55  9.592218e+04  -4.056955e+02
56  1.266160e+05  -1.195954e+03
57  1.504133e+05  -1.708082e+03
58  1.817090e+05  -9.747743e+02
59  2.152068e+05  -7.781735e+02
60  2.606830e+05  -1.223153e+03
61  3.134494e+05  -8.728047e+02
62  3.503735e+05  -1.431029e+02
63  6.976883e+05  1.385248e+03
ENDPROP
STARTPROP
MASSES:  4.200000e-03   4.200000e-03
SOURCE: PSAX4
SINKS: GAM_4
0  -3.216916e+04  -9.157018e+02
1  1.809101e+06  -1.084320e+02
2  1.321098e+06  1.852752e+03
3  1.133856e+06  6.951333e+02
4  9.656234e+05  2.210852e-01
5  7.836094e+05  -7.011065e+02
6  6.345501e+05  -1.166031e+03
7  5.352056e+05  -1.245094e+03
8  4.523882e+05  -2.237338e+03
9  3.690977e+05  -1.443662e+03
10  3.070476e+05  -9.717982e+02
11  2.542265e+05  -1.392115e+03
12  2.075515e+05  -8.177571e+02
13  1.740046e+05  -4.669477e+02
14  1.435931e+05  -3.030962e+02
15  1.150744e+05  -2.575966e+02
16  9.522916e+04  -3.813450e+02
17  7.672913e+04  -4.879483e+02
18  6.489412e+04  -3.593939e+02
19  5.466085e+04  -3.391400e+02
20  4.534767e+04  -3.010737e+02
21  3.754157e+04  -2.550276e+02
22  3.153299e+04  -2.502519e+02
23  2.569083e+04  -2.699686e+02
24  2.027258e+04  -2.432824e+02
25  1.579953e+04  -1.866052e+02
26  1.259583e+04  -1.439029e+02
27  9.741138e+03  -1.433218e+02
28  6.983527e+03  -1.368412e+02
29  4.857497e+03  -1.388457e+02
30  2.427195e+03  -1.349961e+02
31  2.974474e+02  -1.111311e+02
32  -1.791155e+03  -8.540868e+01
33  -3.802651e+03  -9.951426e+01
34  -5.907976e+03  -9.435184e+01
35  -8.357517e+03  -8.536084e+01
36  -1.100041e+04  -7.283230e+01
37  -1.397871e+04  -8.376323e+01
38  -1.697597e+04  -8.241812e+01
39  -2.103166e+04  -7.332993e+01
40  -2.501629e+04  -1.233278e+02
41  -2.997553e+04  -1.005635e+02
42  -3.630581e+04  -2.311413e+02
43  -4.354981e+04  -2.817595e+02
44  -5.268645e+04  -2.233265e+02
45  -6.293466e+04  -2.602392e+02
46  -7.656888e+04  -1.187789e+02
47  -9.406935e+04  -1.014951e+02
48  -1.161863e+05  -1.111674e+02
49  -1.411829e+05  3.460044e+02
50  -1.707185e+05  6.611109e+02
51  -2.008765e+05  1.570916e+03
52  -2.409771e+05  2.260061e+03
53  -2.800983e+05  2.716080e+03
54  -3.310069e+05  3.118285e+03
55  -3.961339e+05  3.638372e+03
56  -4.665658e+05  4.275680e+03
57  -5.586452e+05  4.991652e+03
58  -6.716063e+05  4.171664e+03
59  -8.002564e+05  2.612744e+03
60  -9.609321e+05  3.141383e+03
61  -1.167434e+06  2.629661e+03
62  -1.379008e+06  4.276689e+02
63  -1.858085e+06  -1.670980e+03
ENDPROP
STARTPROP
MASSES:  4.200000e-03   4.200000e-03
SOURCE: WWPSAX4
SINKS: GAM_4
0  6.234150e+08  3.402115e+06
1  2.000203e+09  3.012948e+07
2  7.456003e+08  9.911282e+06
3  8.018522e+08  4.683566e+06
4  6.029089e+08  -2.952634e+07
5  9.766782e+08  -1.439904e+07
6  2.264389e+08  -1.127631e+06
7  4.332554e+08  4.286357e+06
8  3.194116e+08  -1.289453e+06
9  3.303943e+08  1.842516e+06
10  1.201049e+08  3.083112e+06
11  7.924353e+07  -6.765035e+06
12  2.063059e+08  -2.479844e+06
13  1.208382e+08  3.160243e+06
14  1.119680e+08  8.840682e+05
15  8.508891e+07  4.967148e+05
16  6.823662e+07  -2.145728e+06
17  3.068092e+07  5.845179e+05
18  6.152939e+07  -2.588567e+05
19  5.776844e+07  -7.913360e+05
20  3.190814e+07  1.071022e+06
21  4.281797e+07  -1.092196e+06
22  1.400833e+07  6.560892e+04
23  1.969396e+07  -9.384348e+05
24  1.928532e+07  5.490703e+05
25  2.385752e+05  -4.018969e+05
26  9.335474e+06  -4.146784e+05
27  1.157507e+07  -9.483690e+05
28  6.028607e+06  3.285175e+05
29  7.948219e+04  -3.547727e+05
30  1.990145e+06  3.023529e+05
31  -4.373561e+06  -1.529028e+05
32  3.182352e+06  -4.246552e+05
33  -3.543674e+06  -1.209480e+05
34  -2.710650e+06  4.113548e+05
35  -1.051217e+07  -2.197721e+05
36  -6.161779e+06  -6.506682e+05
37  -4.816256e+06  -7.747946e+05
38  -1.245743e+07  -7.833636e+05
39  -1.063364e+07  -6.617754e+04
40  -1.226311e+07  -3.758688e+05
41  -1.602632e+07  1.463653e+05
42  -3.246378e+07  -2.079778e+05
43  -3.320182e+07  9.176680e+05
44  -3.626238e+07  -3.555187e+05
45  -1.548673e+07  -2.740676e+06
46  -2.402648e+05  -6.959608e+05
47  -5.866859e+07  -1.016804e+06
48  -7.167764e+07  -2.178638e+06
49  -6.159110e+07  -3.630895e+06
50  -1.041046e+08  -3.986636e+06
51  -1.182889e+08  3.424279e+05
52  -1.247246e+08  1.037033e+07
53  -1.630670e+08  1.202367e+06
54  -2.185659e+08  -1.811397e+06
55  -1.523342e+08  9.874868e+05
56  -2.721400e+08  1.706090e+07
57  -1.987599e+08  1.580479e+07
58  -5.144576e+08  2.315872e+06
59  -3.511347e+08  -4.914983e+06
60  -7.406589e+08  8.247620e+06
61  -9.941379e+08  -1.702403e+07
62  -9.479650e+08  -1.054653e+07
63  -3.413025e+09  -8.982311e+06
ENDPROP
STARTPROP
MASSES:  4.200000e-03   4.200000e-03
SOURCE: WWGAM_5
SINKS: GAM_5
0  1.987162e+10  -1.036713e+01
1  5.397141e+09  -3.163992e+06
2  3.301609e+09  -2.357846e+07
3  2.686593e+09  -5.954645e+06
4  2.604424e+09  -2.419613e+07
5  2.369463e+09  -6.114479e+06
6  1.821339e+09  -1.189166e+07
7  1.437887e+09  3.992319e+05
8  1.041960e+09  -8.436942e+06
9  9.271335e+08  -1.602487e+06
10  7.410548e+08  -7.435427e+06
11  6.721258e+08  -1.867873e+06
12  6.187089e+08  -4.854852e+06
13  4.402551e+08  3.931439e+06
14  3.707525e+08  -2.218510e+06
15  3.002953e+08  1.449425e+06
16  2.671479e+08  1.019144e+04
17  2.086015e+08  1.285746e+06
18  1.532905e+08  1.733087e+06
19  1.680819e+08  9.280669e+05
20  1.236642e+08  3.745620e+05
21  1.175358e+08  -1.680241e+06
22  8.552526e+07  -1.371668e+05
23  8.327997e+07  -1.341970e+06
24  6.190742e+07  -2.435442e+05
25  4.982312e+07  -5.315921e+05
26  4.823079e+07  -3.739350e+05
27  4.341336e+07  -1.089018e+06
28  3.853097e+07  -1.698374e+05
29  3.281923e+07  -7.346402e+05
30  3.383829e+07  -3.209522e+05
31  3.124082e+07  3.365363e+05
32  3.576435e+07  -1.482439e+05
33  3.301382e+07  1.458780e+05
34  3.021940e+07  -4.328913e+05
35  4.290839e+07  5.187661e+05
36  3.953492e+07  2.746064e+05
37  3.839888e+07  4.440512e+05
38  5.138222e+07  3.710536e+04
39  6.156853e+07  4.624130e+04
40  6.594409e+07  3.213643e+05
41  8.106405e+07  -8.259662e+04
42  9.662578e+07  7.183337e+05
43  1.692047e+08  1.451764e+06
44  1.657720e+08  1.097542e+06
45  1.902009e+08  -6.511461e+04
46  2.219033e+08  -8.462720e+05
47  2.061353e+08  -1.430257e+06
48  2.911122e+08  -3.725165e+06
49  2.689927e+08  6.870253e+05
50  3.604283e+08  -7.988143e+05
51  4.303524e+08  -2.707285e+06
52  5.288733e+08  -1.076044e+07
53  7.065152e+08  -6.712573e+06
54  9.615068e+08  -7.982058e+06
55  1.000185e+09  -1.169537e+07
56  1.110809e+09  -1.410261e+07
57  1.307702e+09  -1.204948e+07
58  1.707686e+09  -1.494101e+07
59  1.781007e+09  4.789252e+06
60  2.211431e+09  -1.117593e+07
61  3.195718e+09  -5.314744e+05
62  3.188733e+09  -7.346574e+06
63  6.468711e+09  -1.916006e+07
ENDPROP
