STARTPROP
MASSES:  4.500000e-02   4.500000e-02
SOURCE: GAM_1
SINKS: GAM_1
0  1.295567e+06  -2.715978e+03
1  1.921588e+06  -1.854547e+03
2  8.632760e+05  -1.049487e+03
3  4.344716e+05  -8.191398e+02
4  2.170842e+05  -7.136504e+02
5  1.027371e+05  -6.847702e+02
6  4.708302e+04  -5.790218e+02
7  2.198851e+04  -4.759615e+02
8  1.038000e+04  -2.738358e+02
9  5.133962e+03  -1.597372e+02
10  2.573739e+03  -1.250154e+02
11  1.417226e+03  -5.146843e+01
12  7.009923e+02  -2.212770e+01
13  3.364782e+02  -1.191596e+01
14  1.660852e+02  -6.578266e+00
15  7.696113e+01  -8.919994e+00
16  3.439123e+01  -8.087496e+00
17  1.797310e+01  -4.349799e+00
18  1.285276e+01  -2.411207e+00
19  1.027814e+01  -7.094098e-01
20  5.021905e+00  2.268467e-01
21  1.528592e+00  1.130557e-01
22  3.166290e-01  1.875854e-01
23  9.460426e-03  1.913395e-01
24  1.720928e-01  1.036247e-01
25  3.030006e-01  8.574827e-02
26  1.979928e-01  4.476608e-02
27  7.616528e-02  2.299439e-02
28  3.118977e-03  -2.007109e-03
29  -2.745831e-02  -9.905338e-03
30  -8.521013e-03  -1.074269e-02
31  2.661202e-03  -7.556251e-03
32  1.061515e-02  -3.826713e-03
33  2.602125e-02  -3.245502e-03
34  3.762630e-02  -8.589544e-03
35  1.294478e-02  -1.583504e-02
36  -4.559067e-02  -3.317573e-02
37  -1.509433e-01  -5.635013e-02
38  -1.868702e-01  -7.848447e-02
39  -6.510432e-02  -1.109136e-01
40  2.957344e-01  -1.584574e-01
41  9.581576e-01  -1.477428e-01
42  1.075294e+00  -1.711664e-01
43  1.209107e+00  -1.930564e-01
44  9.785793e-01  -3.032739e-01
45  2.428619e+00  -1.357748e+00
46  6.581000e+00  -2.677119e+00
47  1.024123e+01  -3.772431e+00
48  2.062151e+01  -5.772714e+00
49  4.395758e+01  -1.045658e+01
50  1.130401e+02  -1.949153e+01
51  2.725563e+02  -2.831584e+01
52  5.835810e+02  -3.313933e+01
53  1.141935e+03  -3.521113e+01
54  2.381857e+03  -7.571581e+00
55  5.455357e+03  2.319900e+01
56  1.114433e+04  -3.520714e+01
57  2.293509e+04  -1.134634e+02
58  4.662508e+04  -3.641439e+02
59  9.521948e+04  -4.252134e+02
60  1.952575e+05  -7.571356e+02
61  4.045303e+05  -1.030749e+03
62  8.189058e+05  -2.192446e+03
63  1.885871e+06  -2.510996e+03
ENDPROP
STARTPROP
MASSES:  4.500000e-02   4.500000e-02
SOURCE: GAM_2
SINKS: GAM_2
0  1.317841e+06  1.199644e+03
1  1.929710e+06  -5.682414e+02
2  8.545384e+05  -1.337920e+03
3  4.202321e+05  -8.525221e+02
4  2.080750e+05  9.245933e+01
5  1.037676e+05  6.968450e+01
6  5.209337e+04  -5.885223e+01
7  2.496583e+04  -3.268618e+01
8  1.260769e+04  9.823743e-01
9  6.489754e+03  -4.783113e+00
10  3.251232e+03  -9.956434e+00
11  1.665263e+03  -1.635715e+01
12  7.256814e+02  -1.240308e+01
13  3.008710e+02  -8.615941e+00
14  8.768786e+01  -6.088294e+00
15  2.930732e+01  -7.426299e+00
16  1.045832e+01  -4.124329e+00
17  4.258403e-01  -4.410435e-01
18  1.090180e+00  -3.359883e-01
19  3.359582e-02  -1.132564e-01
20  -1.362904e+00  2.572788e-01
21  -8.060119e-01  4.318818e-01
22  -1.451554e-01  3.262032e-01
23  3.894662e-01  3.268783e-01
24  1.924812e-01  2.649934e-01
25  -4.363519e-03  1.708410e-01
26  1.996202e-02  1.313100e-01
27  1.656748e-02  8.940077e-02
28  1.524819e-03  5.386980e-02
29  -1.954036e-03  2.668664e-02
30  4.997795e-03  1.392240e-02
31  1.228457e-02  7.796931e-03
32  7.661782e-03  1.732916e-03
33  2.562040e-03  -4.530575e-03
34  -3.774871e-03  -1.205533e-02
35  -1.780665e-02  -2.356209e-02
36  -2.681387e-02  -2.446151e-02
37  -4.157101e-02  -2.058818e-02
38  -2.209473e-02  1.702671e-02
39  -1.061619e-02  5.948129e-02
40  -3.637516e-01  3.940227e-02
41  -1.031137e+00  -3.725814e-02
42  -1.791742e+00  -1.152664e-01
43  -2.330490e+00  -4.419247e-01
44  -4.115193e+00  -1.295987e+00
45  -7.020966e+00  -2.129349e+00
46  -7.163460e+00  -3.181228e+00
47  -5.035413e+00  -5.244979e+00
48  -3.090830e-01  -8.736574e+00
49  -5.893255e+00  -1.596939e+01
50  -1.909863e+01  -1.914170e+01
51  9.347995e+00  -2.399011e+01
52  3.412861e+02  -2.961717e+01
53  1.163545e+03  -4.138574e+01
54  2.841203e+03  -8.013039e+01
55  5.613495e+03  -7.977577e+01
56  1.120398e+04  -7.515176e+01
57  2.323072e+04  -6.944969e+01
58  4.827611e+04  -8.424602e+01
59  1.025390e+05  2.826880e+02
60  2.131297e+05  1.061195e+03
61  4.348811e+05  1.117818e+03
62  8.565718e+05  3.103381e+02
63  1.918515e+06  7.892949e+02
ENDPROP
STARTPROP
MASSES:  4.500000e-02   4.500000e-02
SOURCE: GAM_3
SINKS: GAM_3
0  1.307527e+06  1.765207e+03
1  1.933492e+06  -7.005667e+02
2  8.602903e+05  -8.989234e+02
3  4.307380e+05  -1.407050e+03
4  2.167137e+05  -1.384277e+03
5  1.050906e+05  -7.513232e+02
6  4.910539e+04  -7.274287e+02
7  2.270799e+04  -4.584723e+02
8  1.183436e+04  -3.348364e+02
9  6.270734e+03  -2.239670e+02
10  3.240722e+03  -1.307278e+02
11  1.752124e+03  -7.449971e+01
12  8.901981e+02  -3.558217e+01
13  3.854141e+02  -2.457664e+01
14  1.576313e+02  -1.968136e+01
15  5.054253e+01  -1.300790e+01
16  1.592873e+01  -6.381966e+00
17  7.720548e+00  -1.996289e+00
18  6.408060e+00  -5.371166e-01
19  5.616349e+00  6.211740e-01
20  4.793695e+00  6.531070e-01
21  3.749445e+00  2.423984e-01
22  2.430996e+00  1.009250e-01
23  1.396278e+00  2.837903e-03
24  5.807860e-01  -3.701777e-02
25  1.530355e-01  -4.998491e-02
26  -1.864731e-02  -4.268935e-02
27  -2.667301e-02  -2.182142e-02
28  -1.897483e-03  -1.623837e-02
29  -2.892982e-04  -7.604190e-03
30  -2.629276e-03  -2.344817e-03
31  -1.586328e-02  -4.792502e-03
32  -2.287568e-02  -5.814549e-03
33  -2.335223e-02  -5.773154e-03
34  -2.228913e-02  -1.001452e-02
35  -3.325911e-02  -1.758550e-02
36  -2.179885e-02  -3.237763e-02
37  7.285861e-03  -5.008721e-02
38  9.736101e-02  -6.959768e-02
39  1.314037e-01  -8.779528e-02
40  3.264920e-01  -1.415463e-01
41  5.475178e-01  -2.565786e-01
42  7.969470e-01  -4.788100e-01
43  1.223259e+00  -4.744997e-01
44  2.056661e+00  -7.111551e-01
45  2.876049e-01  -2.691095e-01
46  -1.479466e+00  -1.337788e-01
47  2.103075e-02  8.868866e-02
48  5.445018e+00  2.710578e+00
49  3.666536e+00  2.090376e+00
50  9.579504e+00  1.731865e+00
51  2.130494e+00  8.707554e+00
52  6.755706e+01  2.304500e+01
53  5.151613e+02  5.215733e+01
54  1.684585e+03  1.276543e+02
55  4.553827e+03  2.160234e+02
56  1.085506e+04  2.739251e+02
57  2.473326e+04  3.639514e+02
58  5.110610e+04  4.529700e+02
59  1.035718e+05  3.715928e+02
60  2.101212e+05  2.712047e+02
61  4.322772e+05  -1.067729e+02
62  8.475534e+05  -1.485060e+03
63  1.915445e+06  -1.429794e+03
ENDPROP
STARTPROP
MASSES:  4.500000e-02   4.500000e-02
SOURCE: GAM_4
SINKS: GAM_4
0  2.110648e+06  7.897216e+01
1  -2.649559e+05  1.128283e+03
2  -2.159165e+02  1.069726e+03
3  -1.839000e+03  6.517712e+02
4  3.671662e+02  2.271613e+02
5  -9.243706e+01  1.525159e+02
6  -3.048212e+02  4.471390e+01
7  -3.168243e+01  -3.802617e+01
8  1.266249e+02  1.637554e+01
9  1.885651e+01  2.755108e+01
10  -2.039532e+01  8.107731e+00
11  -1.039444e+01  3.027402e+00
12  3.038571e+00  5.930684e+00
13  1.269061e+01  6.088492e+00
14  2.867296e+00  4.476596e+00
15  3.658464e+00  2.723690e+00
16  -1.311004e+00  1.655320e+00
17  -7.650423e-01  1.015570e+00
18  2.197874e-01  5.771995e-01
19  -1.287973e-01  1.934864e-01
20  -6.569632e-02  1.184290e-01
21  1.444716e-01  8.844096e-02
22  4.330748e-02  4.286959e-02
23  -1.051412e-02  3.736037e-02
24  -2.491537e-03  1.153715e-02
25  1.227361e-02  1.278619e-02
26  4.349258e-03  -4.077701e-03
27  -1.130788e-02  -1.177926e-02
28  -1.113755e-02  -1.496740e-02
29  -1.337555e-02  -1.155752e-02
30  -1.090181e-02  -1.019186e-02
31  -1.026674e-02  -9.719460e-03
32  -8.708168e-03  -9.281973e-03
33  -1.089372e-02  -8.943514e-03
34  -5.296833e-03  -8.897199e-03
35  -8.152814e-03  -5.956688e-03
36  -1.097489e-02  -5.035740e-03
37  -4.741053e-03  -2.117712e-03
38  -1.384063e-02  1.282639e-03
39  -2.750069e-02  -4.117752e-03
40  -4.533437e-02  -2.346396e-02
41  -2.834784e-02  -3.208575e-02
42  1.032799e-01  -3.874073e-02
43  -7.969615e-02  -5.694553e-02
44  2.405908e-01  -1.154608e-01
45  1.637166e-01  -1.972720e-01
46  9.686729e-02  -5.735395e-01
47  -8.894374e-01  -7.460271e-01
48  -4.599596e-02  -4.688415e-01
49  1.041803e+00  1.169296e+00
50  2.435948e+00  2.514979e+00
51  -9.403233e+00  6.115121e+00
52  -7.789668e+00  4.763840e+00
53  -3.784178e+00  6.344483e+00
54  -2.259815e+01  1.255040e+01
55  -1.487801e+01  4.042121e-01
56  3.771406e+00  -1.564778e+01
57  -1.481336e+01  7.739086e+01
58  -2.521257e+02  2.763423e+00
59  -2.785140e+01  -1.775286e+02
60  1.812266e+02  -2.564811e+02
61  -1.534065e+03  -8.509257e+02
62  -1.735670e+03  -1.462811e+03
63  -2.568463e+05  -1.220120e+03
ENDPROP
STARTPROP
MASSES:  4.500000e-02   4.500000e-02
SOURCE: GAM_5
SINKS: GAM_5
0  5.341750e+06  1.106765e+04
1  5.271239e+06  1.279967e+04
2  3.320030e+06  2.364328e+03
3  2.113136e+06  -2.496617e+03
4  1.341043e+06  6.912643e+02
5  8.409826e+05  1.402777e+03
6  5.164880e+05  8.471327e+01
7  3.123955e+05  -1.460997e+02
8  1.889305e+05  -1.005546e+02
9  1.146506e+05  -3.167650e+02
10  6.829304e+04  -2.351130e+02
11  4.084952e+04  -1.478008e+02
12  2.480269e+04  -9.793227e+01
13  1.534834e+04  -3.200044e+01
14  9.532616e+03  2.009339e+01
15  5.781583e+03  2.289842e+01
16  3.495880e+03  1.797878e+01
17  2.103874e+03  1.338004e+01
18  1.284487e+03  5.414072e+00
19  7.908562e+02  1.461625e+00
20  4.795593e+02  -5.569129e-01
21  2.895026e+02  -2.492835e-01
22  1.757865e+02  3.699702e-01
23  1.080010e+02  4.123801e-01
24  6.622750e+01  4.792090e-01
25  4.042530e+01  3.896752e-01
26  2.481140e+01  3.156865e-01
27  1.514677e+01  2.701987e-01
28  9.303294e+00  1.887011e-01
29  5.743079e+00  1.205676e-01
30  3.769906e+00  8.546673e-02
31  2.728315e+00  7.959068e-02
32  2.393495e+00  8.869001e-02
33  2.692197e+00  1.091091e-01
34  3.667696e+00  1.578115e-01
35  5.505695e+00  2.400667e-01
36  8.836706e+00  3.785631e-01
37  1.453703e+01  6.040008e-01
38  2.341660e+01  9.401408e-01
39  3.729525e+01  1.439552e+00
40  6.102952e+01  2.285482e+00
41  1.001176e+02  3.737028e+00
42  1.657586e+02  6.280151e+00
43  2.721080e+02  9.790816e+00
44  4.484961e+02  1.472980e+01
45  7.311623e+02  2.240982e+01
46  1.195483e+03  3.238067e+01
47  1.950214e+03  4.326974e+01
48  3.238752e+03  5.968545e+01
49  5.421197e+03  9.448367e+01
50  9.043687e+03  1.621276e+02
51  1.504800e+04  2.891629e+02
52  2.475978e+04  4.752565e+02
53  4.096929e+04  8.013266e+02
54  6.732332e+04  1.164308e+03
55  1.088470e+05  1.956841e+03
56  1.762965e+05  2.550830e+03
57  2.870087e+05  2.466094e+03
58  4.657527e+05  2.843294e+03
59  7.602225e+05  4.440129e+03
60  1.232799e+06  3.383242e+03
61  1.997167e+06  1.684699e+03
62  3.174035e+06  -1.154784e+03
63  5.161652e+06  5.200538e+03
ENDPROP
STARTPROP
MASSES:  4.500000e-02   4.500000e-02
SOURCE: GAM_12
SINKS: GAM_12
0  9.170918e+05  -1.273926e+01
1  -6.124911e+05  1.042593e+03
2  -1.438901e+05  1.419908e+03
3  -5.349629e+04  9.985582e+02
4  -1.775007e+04  2.393126e+02
5  -6.230671e+03  3.048865e+01
6  -2.533169e+03  -4.934009e+01
7  -1.130755e+03  -1.197317e+01
8  -4.664158e+02  9.253713e+00
9  -3.312360e+02  1.516600e+01
10  -5.662432e+01  -1.512281e+01
11  -4.504503e+01  -3.263452e+01
12  -1.685967e+01  -1.539438e+01
13  9.576497e-02  -9.887637e-01
14  2.022001e+01  2.747354e-01
15  1.740724e+01  -3.935179e-01
16  5.889229e+00  -1.333022e+00
17  -6.740699e-01  -1.284204e+00
18  -1.475758e+00  -1.169831e+00
19  1.216822e+00  -4.692820e-01
20  1.506914e+00  -2.151926e-01
21  9.643478e-01  -1.700563e-01
22  2.880079e-01  -1.431411e-01
23  1.472456e-01  -5.020224e-02
24  8.800749e-02  -6.284158e-03
25  2.802216e-03  -9.950074e-03
26  -1.441399e-02  4.635057e-04
27  -3.848750e-02  8.930384e-03
28  -2.481172e-02  1.306868e-03
29  -2.538312e-03  4.449631e-03
30  3.429381e-03  1.794756e-03
31  4.790451e-03  2.299087e-03
32  1.861273e-03  1.616470e-04
33  6.282797e-03  -5.912176e-04
34  1.265275e-02  2.436948e-03
35  2.117808e-02  5.376753e-03
36  1.921524e-02  1.026411e-02
37  -1.126213e-02  1.210965e-02
38  -3.465415e-02  1.208425e-02
39  -1.639302e-02  1.105835e-02
40  -9.930195e-02  -2.407626e-02
41  -3.667474e-01  -4.151530e-02
42  -5.025371e-01  -9.411988e-02
43  -6.923016e-01  -1.291487e-01
44  -1.283143e+00  -1.996083e-01
45  -1.171370e-01  -1.837360e-01
46  -2.229852e+00  -2.304155e-01
47  -3.981442e+00  1.101667e+00
48  -1.182468e+01  2.028576e+00
49  -1.012237e+01  1.271605e+00
50  -1.193346e+00  1.308208e+00
51  -3.343867e+00  6.799654e+00
52  -1.191967e+00  1.005092e+01
53  6.465453e+01  2.161585e+01
54  -2.156486e+00  1.721859e+01
55  -1.065949e+02  4.334727e+01
56  -3.302087e+02  4.385685e+01
57  -7.332181e+02  -1.018120e+02
58  -1.564161e+03  -2.514755e+02
59  -4.474774e+03  -5.501808e+02
60  -1.536085e+04  -8.057145e+02
61  -5.010384e+04  -1.526075e+03
62  -1.326452e+05  -1.520224e+03
63  -6.026577e+05  -1.183290e+03
ENDPROP
STARTPROP
MASSES:  4.500000e-02   4.500000e-02
SOURCE: GAM_21
SINKS: GAM_21
0  9.170918e+05  -1.273926e+01
1  -6.124911e+05  1.042593e+03
2  -1.438901e+05  1.419908e+03
3  -5.349629e+04  9.985582e+02
4  -1.775007e+04  2.393126e+02
5  -6.230671e+03  3.048865e+01
6  -2.533169e+03  -4.934009e+01
7  -1.130755e+03  -1.197317e+01
8  -4.664158e+02  9.253713e+00
9  -3.312360e+02  1.516600e+01
10  -5.662432e+01  -1.512281e+01
11  -4.504503e+01  -3.263452e+01
12  -1.685967e+01  -1.539438e+01
13  9.576497e-02  -9.887637e-01
14  2.022001e+01  2.747354e-01
15  1.740724e+01  -3.935179e-01
16  5.889229e+00  -1.333022e+00
17  -6.740699e-01  -1.284204e+00
18  -1.475758e+00  -1.169831e+00
19  1.216822e+00  -4.692820e-01
20  1.506914e+00  -2.151926e-01
21  9.643478e-01  -1.700563e-01
22  2.880079e-01  -1.431411e-01
23  1.472456e-01  -5.020224e-02
24  8.800749e-02  -6.284158e-03
25  2.802216e-03  -9.950074e-03
26  -1.441399e-02  4.635057e-04
27  -3.848750e-02  8.930384e-03
28  -2.481172e-02  1.306868e-03
29  -2.538312e-03  4.449631e-03
30  3.429381e-03  1.794756e-03
31  4.790451e-03  2.299087e-03
32  1.861273e-03  1.616470e-04
33  6.282797e-03  -5.912176e-04
34  1.265275e-02  2.436948e-03
35  2.117808e-02  5.376753e-03
36  1.921524e-02  1.026411e-02
37  -1.126213e-02  1.210965e-02
38  -3.465415e-02  1.208425e-02
39  -1.639302e-02  1.105835e-02
40  -9.930195e-02  -2.407626e-02
41  -3.667474e-01  -4.151530e-02
42  -5.025371e-01  -9.411988e-02
43  -6.923016e-01  -1.291487e-01
44  -1.283143e+00  -1.996083e-01
45  -1.171370e-01  -1.837360e-01
46  -2.229852e+00  -2.304155e-01
47  -3.981442e+00  1.101667e+00
48  -1.182468e+01  2.028576e+00
49  -1.012237e+01  1.271605e+00
50  -1.193346e+00  1.308208e+00
51  -3.343867e+00  6.799654e+00
52  -1.191967e+00  1.005092e+01
53  6.465453e+01  2.161585e+01
54  -2.156486e+00  1.721859e+01
55  -1.065949e+02  4.334727e+01
56  -3.302087e+02  4.385685e+01
57  -7.332181e+02  -1.018120e+02
58  -1.564161e+03  -2.514755e+02
59  -4.474774e+03  -5.501808e+02
60  -1.536085e+04  -8.057145e+02
61  -5.010384e+04  -1.526075e+03
62  -1.326452e+05  -1.520224e+03
63  -6.026577e+05  -1.183290e+03
ENDPROP
STARTPROP
MASSES:  4.500000e-02   4.500000e-02
SOURCE: GAM_13
SINKS: GAM_13
0  9.200766e+05  3.643818e+01
1  -6.075812e+05  -1.949618e+02
2  -1.317877e+05  -5.241654e+02
3  -4.704706e+04  -6.560606e+02
4  -1.678880e+04  -5.810307e+02
5  -5.596242e+03  -5.151080e+02
6  -1.784106e+03  -3.325695e+02
7  -8.098232e+02  -1.191088e+02
8  -2.528928e+02  -1.349859e+01
9  -5.772621e+01  -1.701296e+01
10  -3.746816e+00  -1.079888e+01
11  -2.171837e+01  -1.203413e+01
12  -7.112201e+01  4.513859e+00
13  -5.492247e+01  4.058392e+00
14  -5.894846e+01  1.702988e+00
15  -3.715540e+01  -8.796761e-02
16  -1.251274e+01  -3.538753e-01
17  -2.287729e+00  4.104957e-01
18  9.557305e-01  1.378908e+00
19  -1.014911e+00  1.197110e+00
20  -1.009480e+00  4.926234e-01
21  -7.583071e-01  2.470991e-01
22  -2.995686e-01  5.555467e-02
23  -1.944194e-01  -1.479461e-02
24  -1.478966e-01  -9.292577e-03
25  -8.469051e-02  -2.406179e-02
26  -6.622566e-02  -1.550663e-02
27  -4.697969e-02  -4.846046e-03
28  -5.980509e-03  3.006615e-03
29  8.109730e-03  -3.108748e-04
30  1.061985e-02  5.850200e-04
31  7.030252e-03  4.582382e-04
32  2.819639e-03  8.467380e-04
33  8.373984e-04  9.587837e-04
34  8.835609e-03  -1.769980e-03
35  5.362253e-03  -3.634697e-03
36  4.883663e-03  -5.555983e-04
37  6.885994e-03  6.822750e-03
38  8.433250e-03  1.823459e-02
39  5.405523e-02  1.758891e-02
40  8.193840e-02  5.201826e-04
41  1.360698e-01  1.065913e-02
42  1.387978e-01  -5.719599e-03
43  -4.457579e-01  7.898015e-02
44  -7.353124e-01  1.057245e-01
45  -2.406355e-01  -3.518365e-01
46  8.027605e-01  -8.872545e-01
47  -5.400186e-02  -1.726491e+00
48  -3.074647e+00  -2.074620e+00
49  -5.246639e+00  -3.094942e+00
50  -4.704586e+00  -1.291061e-01
51  1.072334e+01  9.140343e+00
52  -9.139994e+00  2.358082e+01
53  -7.947586e+01  9.655930e+00
54  -2.395466e+02  -1.237900e+01
55  -4.949619e+02  -4.507630e+01
56  -6.565087e+02  5.219772e+01
57  -4.135826e+02  1.248056e+02
58  -2.042368e+03  8.121782e+01
59  -4.344361e+03  8.316018e+01
60  -1.219154e+04  -8.690770e+01
61  -4.264216e+04  2.479339e+01
62  -1.253168e+05  9.099371e+02
63  -5.990835e+05  6.461043e+02
ENDPROP
STARTPROP
MASSES:  4.500000e-02   4.500000e-02
SOURCE: GAM_31
SINKS: GAM_31
0  9.200766e+05  3.643818e+01
1  -6.075812e+05  -1.949618e+02
2  -1.317877e+05  -5.241654e+02
3  -4.704706e+04  -6.560606e+02
4  -1.678880e+04  -5.810307e+02
5  -5.596242e+03  -5.151080e+02
6  -1.784106e+03  -3.325695e+02
7  -8.098232e+02  -1.191088e+02
8  -2.528928e+02  -1.349859e+01
9  -5.772621e+01  -1.701296e+01
10  -3.746816e+00  -1.079888e+01
11  -2.171837e+01  -1.203413e+01
12  -7.112201e+01  4.513859e+00
13  -5.492247e+01  4.058392e+00
14  -5.894846e+01  1.702988e+00
15  -3.715540e+01  -8.796761e-02
16  -1.251274e+01  -3.538753e-01
17  -2.287729e+00  4.104957e-01
18  9.557305e-01  1.378908e+00
19  -1.014911e+00  1.197110e+00
20  -1.009480e+00  4.926234e-01
21  -7.583071e-01  2.470991e-01
22  -2.995686e-01  5.555467e-02
23  -1.944194e-01  -1.479461e-02
24  -1.478966e-01  -9.292577e-03
25  -8.469051e-02  -2.406179e-02
26  -6.622566e-02  -1.550663e-02
27  -4.697969e-02  -4.846046e-03
28  -5.980509e-03  3.006615e-03
29  8.109730e-03  -3.108748e-04
30  1.061985e-02  5.850200e-04
31  7.030252e-03  4.582382e-04
32  2.819639e-03  8.467380e-04
33  8.373984e-04  9.587837e-04
34  8.835609e-03  -1.769980e-03
35  5.362253e-03  -3.634697e-03
36  4.883663e-03  -5.555983e-04
37  6.885994e-03  6.822750e-03
38  8.433250e-03  1.823459e-02
39  5.405523e-02  1.758891e-02
40  8.193840e-02  5.201826e-04
41  1.360698e-01  1.065913e-02
42  1.387978e-01  -5.719599e-03
43  -4.457579e-01  7.898015e-02
44  -7.353124e-01  1.057245e-01
45  -2.406355e-01  -3.518365e-01
46  8.027605e-01  -8.872545e-01
47  -5.400186e-02  -1.726491e+00
48  -3.074647e+00  -2.074620e+00
49  -5.246639e+00  -3.094942e+00
50  -4.704586e+00  -1.291061e-01
51  1.072334e+01  9.140343e+00
52  -9.139994e+00  2.358082e+01
53  -7.947586e+01  9.655930e+00
54  -2.395466e+02  -1.237900e+01
55  -4.949619e+02  -4.507630e+01
56  -6.565087e+02  5.219772e+01
57  -4.135826e+02  1.248056e+02
58  -2.042368e+03  8.121782e+01
59  -4.344361e+03  8.316018e+01
60  -1.219154e+04  -8.690770e+01
61  -4.264216e+04  2.479339e+01
62  -1.253168e+05  9.099371e+02
63  -5.990835e+05  6.461043e+02
ENDPROP
STARTPROP
MASSES:  4.500000e-02   4.500000e-02
SOURCE: GAM_14
SINKS: GAM_14
0  1.716794e+05  3.161987e+02
1  1.373339e+06  -2.775114e+02
2  5.615845e+05  3.967166e+02
3  2.752583e+05  2.691450e+02
4  1.363780e+05  -2.112597e+02
5  6.482115e+04  -3.782632e+02
6  2.899054e+04  -2.715171e+02
7  1.322512e+04  -3.886228e+02
8  6.161482e+03  -3.059040e+02
9  3.176102e+03  -1.925383e+02
10  1.546047e+03  -9.395114e+01
11  8.826344e+02  -3.934940e+01
12  4.969172e+02  -2.150748e+01
13  2.450365e+02  -9.401152e+00
14  1.141256e+02  -1.923768e+00
15  5.853218e+01  -1.870105e+00
16  3.090013e+01  -2.114746e+00
17  1.622053e+01  -1.927801e+00
18  1.093129e+01  -1.315565e+00
19  4.637132e+00  -1.001140e+00
20  1.467688e+00  -4.450673e-01
21  1.524400e+00  -2.331791e-01
22  8.944062e-01  -9.766735e-02
23  1.277355e-01  9.236784e-03
24  -2.396994e-03  3.447081e-02
25  7.483478e-02  3.662346e-02
26  -3.517919e-02  3.643755e-02
27  -3.273370e-02  2.062667e-02
28  -8.434467e-03  7.016000e-03
29  -2.843446e-04  8.652046e-04
30  2.526223e-03  -2.400880e-03
31  -6.234212e-03  -1.975031e-03
32  -3.763432e-03  -4.233970e-03
33  6.143676e-03  -6.849906e-03
34  4.921911e-03  -8.807722e-03
35  5.168584e-03  -1.187924e-02
36  1.959985e-03  -1.731452e-02
37  -5.995046e-02  -3.608179e-02
38  -8.290884e-02  -6.589215e-02
39  -2.876078e-02  -6.774323e-02
40  7.439632e-02  -7.296943e-02
41  2.215953e-01  -1.414617e-01
42  4.088550e-01  -2.193709e-01
43  6.349990e-01  -2.135584e-01
44  1.340386e+00  -3.328529e-01
45  1.632725e+00  -4.072748e-01
46  3.575228e+00  -1.451858e+00
47  6.747779e+00  -6.612907e-01
48  1.279998e+01  -2.208776e+00
49  2.679486e+01  -6.764941e+00
50  5.188054e+01  -9.077225e+00
51  1.219646e+02  -1.599218e+01
52  3.748505e+02  -2.800935e+01
53  8.278372e+02  -4.217010e+01
54  1.726154e+03  -3.201030e+01
55  3.818394e+03  -5.333406e+01
56  7.799593e+03  -1.451898e+02
57  1.559841e+04  -1.716911e+02
58  3.056255e+04  -2.968756e+02
59  6.226606e+04  1.203143e+02
60  1.271771e+05  1.609272e+02
61  2.676795e+05  1.180858e+02
62  5.439249e+05  -1.053894e+03
63  1.354405e+06  -2.129477e+03
ENDPROP
STARTPROP
MASSES:  4.500000e-02   4.500000e-02
SOURCE: GAM_41
SINKS: GAM_41
0  1.716794e+05  3.161987e+02
1  1.373339e+06  -2.775114e+02
2  5.615845e+05  3.967166e+02
3  2.752583e+05  2.691450e+02
4  1.363780e+05  -2.112597e+02
5  6.482115e+04  -3.782632e+02
6  2.899054e+04  -2.715171e+02
7  1.322512e+04  -3.886228e+02
8  6.161482e+03  -3.059040e+02
9  3.176102e+03  -1.925383e+02
10  1.546047e+03  -9.395114e+01
11  8.826344e+02  -3.934940e+01
12  4.969172e+02  -2.150748e+01
13  2.450365e+02  -9.401152e+00
14  1.141256e+02  -1.923768e+00
15  5.853218e+01  -1.870105e+00
16  3.090013e+01  -2.114746e+00
17  1.622053e+01  -1.927801e+00
18  1.093129e+01  -1.315565e+00
19  4.637132e+00  -1.001140e+00
20  1.467688e+00  -4.450673e-01
21  1.524400e+00  -2.331791e-01
22  8.944062e-01  -9.766735e-02
23  1.277355e-01  9.236784e-03
24  -2.396994e-03  3.447081e-02
25  7.483478e-02  3.662346e-02
26  -3.517919e-02  3.643755e-02
27  -3.273370e-02  2.062667e-02
28  -8.434467e-03  7.016000e-03
29  -2.843446e-04  8.652046e-04
30  2.526223e-03  -2.400880e-03
31  -6.234212e-03  -1.975031e-03
32  -3.763432e-03  -4.233970e-03
33  6.143676e-03  -6.849906e-03
34  4.921911e-03  -8.807722e-03
35  5.168584e-03  -1.187924e-02
36  1.959985e-03  -1.731452e-02
37  -5.995046e-02  -3.608179e-02
38  -8.290884e-02  -6.589215e-02
39  -2.876078e-02  -6.774323e-02
40  7.439632e-02  -7.296943e-02
41  2.215953e-01  -1.414617e-01
42  4.088550e-01  -2.193709e-01
43  6.349990e-01  -2.135584e-01
44  1.340386e+00  -3.328529e-01
45  1.632725e+00  -4.072748e-01
46  3.575228e+00  -1.451858e+00
47  6.747779e+00  -6.612907e-01
48  1.279998e+01  -2.208776e+00
49  2.679486e+01  -6.764941e+00
50  5.188054e+01  -9.077225e+00
51  1.219646e+02  -1.599218e+01
52  3.748505e+02  -2.800935e+01
53  8.278372e+02  -4.217010e+01
54  1.726154e+03  -3.201030e+01
55  3.818394e+03  -5.333406e+01
56  7.799593e+03  -1.451898e+02
57  1.559841e+04  -1.716911e+02
58  3.056255e+04  -2.968756e+02
59  6.226606e+04  1.203143e+02
60  1.271771e+05  1.609272e+02
61  2.676795e+05  1.180858e+02
62  5.439249e+05  -1.053894e+03
63  1.354405e+06  -2.129477e+03
ENDPROP
STARTPROP
MASSES:  4.500000e-02   4.500000e-02
SOURCE: GAM_23
SINKS: GAM_23
0  9.115845e+05  -9.986884e+02
1  -6.160169e+05  5.459466e+02
2  -1.351941e+05  9.907175e+02
3  -4.627015e+04  7.589088e+02
4  -1.453881e+04  6.727157e+01
5  -6.429850e+03  -1.959222e+01
6  -2.429742e+03  9.531872e+01
7  -3.342822e+02  8.847717e+01
8  3.497715e+02  7.026465e+00
9  2.089795e+02  -2.746150e+01
10  1.177953e+02  -3.597130e+01
11  6.635510e+00  -1.060632e+01
12  -2.329774e+00  5.279631e+00
13  -1.962627e+01  5.657835e+00
14  -1.682915e+01  1.004951e+00
15  -4.596260e+00  -9.348975e-02
16  -3.506781e+00  -1.436248e+00
17  -8.521267e-01  -3.572741e-02
18  -1.348266e+00  2.296666e-02
19  4.883780e-01  -5.900873e-02
20  1.026545e+00  -3.031703e-01
21  -1.950458e-01  -2.063399e-01
22  -2.986295e-01  -9.540128e-02
23  -2.004017e-01  -4.567375e-02
24  -1.793385e-01  -2.583954e-02
25  -1.173733e-01  -2.287358e-02
26  -1.111420e-01  -6.116272e-03
27  -6.935151e-02  2.184793e-03
28  -2.661816e-02  8.949594e-05
29  -7.621834e-03  8.288124e-04
30  -4.761622e-03  4.067079e-04
31  -4.284009e-03  -9.714408e-04
32  -6.606315e-03  -2.040763e-03
33  -4.457358e-04  -3.176475e-03
34  -8.543930e-04  -4.302063e-03
35  -9.688724e-04  -5.202880e-03
36  2.657238e-03  -8.035725e-03
37  -1.027389e-02  -1.506853e-02
38  1.326014e-02  -1.874519e-02
39  7.335463e-02  -5.912524e-03
40  1.240715e-01  -1.020144e-02
41  3.342104e-01  1.469020e-02
42  6.370078e-01  2.715622e-02
43  8.709946e-01  -7.115879e-02
44  1.742303e+00  -8.961875e-02
45  2.659060e+00  -5.119276e-02
46  2.285109e+00  5.750539e-01
47  -6.830729e-01  1.206690e+00
48  1.407042e+00  4.472372e-01
49  4.540676e+00  2.385293e+00
50  -8.238380e+00  4.676493e+00
51  -5.136433e+01  1.314305e+01
52  -1.415105e+02  2.048132e+01
53  -1.883282e+02  2.282626e+01
54  -2.314855e+02  2.349687e+01
55  1.645004e+01  1.540981e+01
56  -9.712980e+01  2.953651e+01
57  -1.135143e+03  3.096159e+01
58  -2.655175e+03  2.772222e+00
59  -5.837360e+03  -2.313692e+02
60  -1.771073e+04  -5.322425e+02
61  -4.750628e+04  -8.113144e+02
62  -1.339235e+05  -3.073442e+02
63  -6.121771e+05  3.808887e+02
ENDPROP
STARTPROP
MASSES:  4.500000e-02   4.500000e-02
SOURCE: GAM_32
SINKS: GAM_32
0  9.115845e+05  -9.986884e+02
1  -6.160169e+05  5.459466e+02
2  -1.351941e+05  9.907175e+02
3  -4.627015e+04  7.589088e+02
4  -1.453881e+04  6.727157e+01
5  -6.429850e+03  -1.959222e+01
6  -2.429742e+03  9.531872e+01
7  -3.342822e+02  8.847717e+01
8  3.497715e+02  7.026465e+00
9  2.089795e+02  -2.746150e+01
10  1.177953e+02  -3.597130e+01
11  6.635510e+00  -1.060632e+01
12  -2.329774e+00  5.279631e+00
13  -1.962627e+01  5.657835e+00
14  -1.682915e+01  1.004951e+00
15  -4.596260e+00  -9.348975e-02
16  -3.506781e+00  -1.436248e+00
17  -8.521267e-01  -3.572741e-02
18  -1.348266e+00  2.296666e-02
19  4.883780e-01  -5.900873e-02
20  1.026545e+00  -3.031703e-01
21  -1.950458e-01  -2.063399e-01
22  -2.986295e-01  -9.540128e-02
23  -2.004017e-01  -4.567375e-02
24  -1.793385e-01  -2.583954e-02
25  -1.173733e-01  -2.287358e-02
26  -1.111420e-01  -6.116272e-03
27  -6.935151e-02  2.184793e-03
28  -2.661816e-02  8.949594e-05
29  -7.621834e-03  8.288124e-04
30  -4.761622e-03  4.067079e-04
31  -4.284009e-03  -9.714408e-04
32  -6.606315e-03  -2.040763e-03
33  -4.457358e-04  -3.176475e-03
34  -8.543930e-04  -4.302063e-03
35  -9.688724e-04  -5.202880e-03
36  2.657238e-03  -8.035725e-03
37  -1.027389e-02  -1.506853e-02
38  1.326014e-02  -1.874519e-02
39  7.335463e-02  -5.912524e-03
40  1.240715e-01  -1.020144e-02
41  3.342104e-01  1.469020e-02
42  6.370078e-01  2.715622e-02
43  8.709946e-01  -7.115879e-02
44  1.742303e+00  -8.961875e-02
45  2.659060e+00  -5.119276e-02
46  2.285109e+00  5.750539e-01
47  -6.830729e-01  1.206690e+00
48  1.407042e+00  4.472372e-01
49  4.540676e+00  2.385293e+00
50  -8.238380e+00  4.676493e+00
51  -5.136433e+01  1.314305e+01
52  -1.415105e+02  2.048132e+01
53  -1.883282e+02  2.282626e+01
54  -2.314855e+02  2.349687e+01
55  1.645004e+01  1.540981e+01
56  -9.712980e+01  2.953651e+01
57  -1.135143e+03  3.096159e+01
58  -2.655175e+03  2.772222e+00
59  -5.837360e+03  -2.313692e+02
60  -1.771073e+04  -5.322425e+02
61  -4.750628e+04  -8.113144e+02
62  -1.339235e+05  -3.073442e+02
63  -6.121771e+05  3.808887e+02
ENDPROP
STARTPROP
MASSES:  4.500000e-02   4.500000e-02
SOURCE: GAM_24
SINKS: GAM_24
0  1.805133e+05  -1.023070e+02
1  1.380140e+06  -1.697493e+03
2  5.585453e+05  -1.698146e+03
3  2.740857e+05  -8.711698e+02
4  1.337225e+05  9.691582e+01
5  6.124366e+04  2.830944e+01
6  2.744275e+04  1.226301e+02
7  1.328807e+04  7.908551e+01
8  6.500573e+03  -2.460341e+01
9  3.291586e+03  -6.893295e+01
10  1.607017e+03  4.283341e+00
11  7.562003e+02  1.884873e+00
12  3.911439e+02  3.980438e-01
13  1.741443e+02  -4.247597e+00
14  3.847010e+01  -4.133808e+00
15  1.148803e+01  1.497834e+00
16  -3.156048e+00  1.617200e+00
17  -5.823814e+00  -5.019663e-02
18  -6.083246e+00  -2.119899e-01
19  -3.718007e+00  -9.936690e-01
20  -2.364600e+00  -3.227883e-01
21  -1.838390e+00  -6.325890e-02
22  -9.109625e-01  1.387163e-01
23  -1.773927e-01  1.312743e-01
24  -3.588031e-02  1.258398e-01
25  -1.901383e-02  8.872994e-02
26  1.097113e-02  7.076711e-02
27  3.627433e-02  5.753177e-02
28  -1.167711e-02  3.714500e-02
29  -9.393592e-03  1.835146e-02
30  5.396971e-04  7.653300e-03
31  3.461575e-03  3.482420e-03
32  6.034078e-04  1.515905e-03
33  1.771609e-03  -8.662927e-04
34  8.553020e-03  -4.477592e-03
35  -4.136132e-03  -1.063119e-02
36  -2.467746e-02  -2.196785e-02
37  -2.763281e-02  -3.364692e-02
38  -4.603813e-02  -2.636026e-02
39  -4.224275e-02  -5.435273e-03
40  -2.044690e-01  7.310806e-04
41  -4.788082e-01  5.860798e-03
42  -1.170717e+00  1.689943e-02
43  -1.862940e+00  -2.110516e-01
44  -2.022564e+00  -7.482484e-01
45  -3.507631e+00  -1.592018e+00
46  -3.986380e+00  -2.691089e+00
47  -6.926819e-01  -5.637329e+00
48  2.854040e+00  -8.725124e+00
49  5.279910e+00  -1.035455e+01
50  3.938388e+01  -1.083019e+01
51  9.776855e+01  -1.878557e+01
52  2.252057e+02  -1.174735e+01
53  6.419248e+02  -1.685180e+01
54  1.642444e+03  -1.648895e+01
55  2.977202e+03  -2.275090e+01
56  6.161432e+03  -6.875402e+01
57  1.369776e+04  -2.324473e+02
58  2.953042e+04  -3.823024e+02
59  6.376427e+04  -3.482094e+02
60  1.335195e+05  -1.255860e+02
61  2.732488e+05  5.082768e+02
62  5.508286e+05  3.064796e+02
63  1.366770e+06  -4.605592e+02
ENDPROP
STARTPROP
MASSES:  4.500000e-02   4.500000e-02
SOURCE: GAM_42
SINKS: GAM_42
0  1.805133e+05  -1.023070e+02
1  1.380140e+06  -1.697493e+03
2  5.585453e+05  -1.698146e+03
3  2.740857e+05  -8.711698e+02
4  1.337225e+05  9.691582e+01
5  6.124366e+04  2.830944e+01
6  2.744275e+04  1.226301e+02
7  1.328807e+04  7.908551e+01
8  6.500573e+03  -2.460341e+01
9  3.291586e+03  -6.893295e+01
10  1.607017e+03  4.283341e+00
11  7.562003e+02  1.884873e+00
12  3.911439e+02  3.980438e-01
13  1.741443e+02  -4.247597e+00
14  3.847010e+01  -4.133808e+00
15  1.148803e+01  1.497834e+00
16  -3.156048e+00  1.617200e+00
17  -5.823814e+00  -5.019663e-02
18  -6.083246e+00  -2.119899e-01
19  -3.718007e+00  -9.936690e-01
20  -2.364600e+00  -3.227883e-01
21  -1.838390e+00  -6.325890e-02
22  -9.109625e-01  1.387163e-01
23  -1.773927e-01  1.312743e-01
24  -3.588031e-02  1.258398e-01
25  -1.901383e-02  8.872994e-02
26  1.097113e-02  7.076711e-02
27  3.627433e-02  5.753177e-02
28  -1.167711e-02  3.714500e-02
29  -9.393592e-03  1.835146e-02
30  5.396971e-04  7.653300e-03
31  3.461575e-03  3.482420e-03
32  6.034078e-04  1.515905e-03
33  1.771609e-03  -8.662927e-04
34  8.553020e-03  -4.477592e-03
35  -4.136132e-03  -1.063119e-02
36  -2.467746e-02  -2.196785e-02
37  -2.763281e-02  -3.364692e-02
38  -4.603813e-02  -2.636026e-02
39  -4.224275e-02  -5.435273e-03
40  -2.044690e-01  7.310806e-04
41  -4.788082e-01  5.860798e-03
42  -1.170717e+00  1.689943e-02
43  -1.862940e+00  -2.110516e-01
44  -2.022564e+00  -7.482484e-01
45  -3.507631e+00  -1.592018e+00
46  -3.986380e+00  -2.691089e+00
47  -6.926819e-01  -5.637329e+00
48  2.854040e+00  -8.725124e+00
49  5.279910e+00  -1.035455e+01
50  3.938388e+01  -1.083019e+01
51  9.776855e+01  -1.878557e+01
52  2.252057e+02  -1.174735e+01
53  6.419248e+02  -1.685180e+01
54  1.642444e+03  -1.648895e+01
55  2.977202e+03  -2.275090e+01
56  6.161432e+03  -6.875402e+01
57  1.369776e+04  -2.324473e+02
58  2.953042e+04  -3.823024e+02
59  6.376427e+04  -3.482094e+02
60  1.335195e+05  -1.255860e+02
61  2.732488e+05  5.082768e+02
62  5.508286e+05  3.064796e+02
63  1.366770e+06  -4.605592e+02
ENDPROP
STARTPROP
MASSES:  4.500000e-02   4.500000e-02
SOURCE: GAM_34
SINKS: GAM_34
0  1.692555e+05  -2.575256e+03
1  1.370630e+06  -2.840497e+03
2  5.652880e+05  -1.885407e+03
3  2.746078e+05  -4.345037e+02
4  1.341760e+05  1.495590e+02
5  6.348771e+04  2.095527e+02
6  3.007906e+04  -3.426294e+01
7  1.409885e+04  -1.936894e+02
8  7.099194e+03  -1.326837e+02
9  3.839658e+03  -7.633801e+01
10  1.884187e+03  -2.536116e+01
11  9.243611e+02  -1.899789e+01
12  4.731462e+02  -3.084866e+01
13  2.303966e+02  -2.635722e+01
14  8.517425e+01  -1.912416e+01
15  2.609399e+01  -8.581517e+00
16  8.568135e+00  -2.647814e+00
17  4.561839e+00  -1.694328e-01
18  2.471135e+00  7.205346e-01
19  2.570478e+00  8.076112e-01
20  3.190634e+00  5.387939e-01
21  2.106940e+00  3.028386e-01
22  1.668750e+00  2.038373e-01
23  6.620013e-01  1.325073e-01
24  1.077171e-01  8.800645e-02
25  -1.578438e-02  5.414893e-03
26  -5.343929e-02  -2.428611e-03
27  -5.649992e-02  -3.335424e-03
28  -6.816098e-02  -2.240805e-03
29  -2.864919e-02  1.953348e-03
30  -1.175430e-02  -1.526206e-03
31  -8.755964e-03  -3.773115e-03
32  -5.974495e-03  -5.304261e-03
33  -6.863875e-03  -7.695552e-03
34  4.560998e-03  -1.220651e-02
35  1.187064e-02  -2.063214e-02
36  4.555690e-02  -3.327529e-02
37  5.294714e-02  -4.710678e-02
38  1.034450e-01  -5.815831e-02
39  2.124852e-01  -6.393259e-02
40  5.567073e-01  -1.020414e-01
41  1.038078e+00  -1.536706e-01
42  1.273658e+00  -2.017017e-01
43  8.575076e-01  -2.414550e-01
44  1.049044e+00  -6.671266e-01
45  1.514582e+00  -6.921693e-01
46  3.421721e-01  -9.983663e-01
47  -6.688413e-02  -7.146973e-01
48  3.079247e+00  -3.966758e-01
49  1.039536e+01  8.577784e-01
50  2.363449e+01  2.843457e+00
51  3.461456e+01  -9.165246e+00
52  1.114352e+02  -2.981462e+00
53  3.037948e+02  1.068872e+01
54  9.735575e+02  3.673920e+01
55  2.696268e+03  6.904271e+01
56  6.728339e+03  1.272497e+02
57  1.542577e+04  1.152183e+02
58  3.176192e+04  1.486402e+02
59  6.455772e+04  1.123388e+02
60  1.339782e+05  1.412334e+01
61  2.727010e+05  -4.096215e+02
62  5.421243e+05  -6.217389e+02
63  1.350589e+06  -1.499733e+03
ENDPROP
STARTPROP
MASSES:  4.500000e-02   4.500000e-02
SOURCE: GAM_43
SINKS: GAM_43
0  1.692555e+05  -2.575256e+03
1  1.370630e+06  -2.840497e+03
2  5.652880e+05  -1.885407e+03
3  2.746078e+05  -4.345037e+02
4  1.341760e+05  1.495590e+02
5  6.348771e+04  2.095527e+02
6  3.007906e+04  -3.426294e+01
7  1.409885e+04  -1.936894e+02
8  7.099194e+03  -1.326837e+02
9  3.839658e+03  -7.633801e+01
10  1.884187e+03  -2.536116e+01
11  9.243611e+02  -1.899789e+01
12  4.731462e+02  -3.084866e+01
13  2.303966e+02  -2.635722e+01
14  8.517425e+01  -1.912416e+01
15  2.609399e+01  -8.581517e+00
16  8.568135e+00  -2.647814e+00
17  4.561839e+00  -1.694328e-01
18  2.471135e+00  7.205346e-01
19  2.570478e+00  8.076112e-01
20  3.190634e+00  5.387939e-01
21  2.106940e+00  3.028386e-01
22  1.668750e+00  2.038373e-01
23  6.620013e-01  1.325073e-01
24  1.077171e-01  8.800645e-02
25  -1.578438e-02  5.414893e-03
26  -5.343929e-02  -2.428611e-03
27  -5.649992e-02  -3.335424e-03
28  -6.816098e-02  -2.240805e-03
29  -2.864919e-02  1.953348e-03
30  -1.175430e-02  -1.526206e-03
31  -8.755964e-03  -3.773115e-03
32  -5.974495e-03  -5.304261e-03
33  -6.863875e-03  -7.695552e-03
34  4.560998e-03  -1.220651e-02
35  1.187064e-02  -2.063214e-02
36  4.555690e-02  -3.327529e-02
37  5.294714e-02  -4.710678e-02
38  1.034450e-01  -5.815831e-02
39  2.124852e-01  -6.393259e-02
40  5.567073e-01  -1.020414e-01
41  1.038078e+00  -1.536706e-01
42  1.273658e+00  -2.017017e-01
43  8.575076e-01  -2.414550e-01
44  1.049044e+00  -6.671266e-01
45  1.514582e+00  -6.921693e-01
46  3.421721e-01  -9.983663e-01
47  -6.688413e-02  -7.146973e-01
48  3.079247e+00  -3.966758e-01
49  1.039536e+01  8.577784e-01
50  2.363449e+01  2.843457e+00
51  3.461456e+01  -9.165246e+00
52  1.114352e+02  -2.981462e+00
53  3.037948e+02  1.068872e+01
54  9.735575e+02  3.673920e+01
55  2.696268e+03  6.904271e+01
56  6.728339e+03  1.272497e+02
57  1.542577e+04  1.152183e+02
58  3.176192e+04  1.486402e+02
59  6.455772e+04  1.123388e+02
60  1.339782e+05  1.412334e+01
61  2.727010e+05  -4.096215e+02
62  5.421243e+05  -6.217389e+02
63  1.350589e+06  -1.499733e+03
ENDPROP
STARTPROP
MASSES:  4.500000e-02   4.500000e-02
SOURCE: GAM_15
SINKS: GAM_15
0  1.418894e+05  9.986098e+02
1  -8.532117e+05  5.109220e+02
2  -2.340538e+05  9.936610e+02
3  -8.543176e+04  8.357658e+02
4  -3.170400e+04  9.250706e+02
5  -1.137120e+04  5.203143e+02
6  -3.838281e+03  4.117373e+02
7  -7.088257e+02  3.099873e+02
8  -1.085000e+02  1.253027e+02
9  -1.300083e+02  -5.839459e+00
10  -2.905170e+02  4.530047e+00
11  -1.830095e+02  1.829839e+01
12  -1.147330e+02  1.407762e+01
13  -5.144817e+01  5.361919e+00
14  -1.696476e+01  3.875870e+00
15  1.502909e+00  1.491531e+00
16  3.301522e+00  -8.703334e-01
17  3.012072e+00  -1.286549e+00
18  1.454476e+00  -1.101649e+00
19  3.716574e-02  -5.333249e-02
20  -3.692888e-01  1.777404e-01
21  -5.858578e-01  1.101128e-01
22  -5.447228e-01  2.882100e-02
23  -2.990349e-01  4.073417e-02
24  -5.230258e-02  3.422195e-02
25  2.070312e-01  6.553930e-02
26  1.953631e-01  5.846444e-02
27  1.223707e-01  3.338829e-02
28  6.023217e-02  1.409888e-02
29  2.490364e-02  9.080463e-03
30  5.717251e-03  3.696150e-03
31  -1.982758e-03  -4.993071e-04
32  -1.537147e-03  -4.294436e-04
33  -1.553340e-03  4.986471e-04
34  1.360885e-02  1.064413e-03
35  2.988406e-02  8.279191e-03
36  5.158623e-02  1.177230e-02
37  8.903951e-02  9.684057e-03
38  1.002346e-01  2.634554e-03
39  1.125052e-01  -3.044753e-03
40  1.152146e-01  5.460935e-02
41  2.001368e-01  1.308282e-01
42  1.532834e-01  1.959138e-01
43  -4.265717e-01  3.244683e-01
44  -2.110486e+00  3.214377e-01
45  -2.053362e+00  5.015926e-01
46  -4.414126e+00  6.710480e-01
47  -9.338859e+00  -1.027516e-01
48  -1.485486e+01  -2.584171e+00
49  -2.630961e+01  -5.510953e+00
50  -5.418252e+01  -8.473628e+00
51  -1.217069e+02  -1.050751e+01
52  -2.625959e+02  -2.133441e+01
53  -4.219525e+02  -4.343271e+01
54  -5.741048e+02  -5.918928e+01
55  -6.024750e+02  -5.014274e+01
56  -6.044220e+02  2.911738e+01
57  -8.197808e+02  6.943581e+01
58  -2.953454e+03  2.573683e+01
59  -1.110011e+04  6.148498e+01
60  -3.154064e+04  -1.020123e+02
61  -8.507907e+04  -2.463603e+02
62  -2.338085e+05  -1.160339e+03
63  -8.631161e+05  -7.631004e+02
ENDPROP
STARTPROP
MASSES:  4.500000e-02   4.500000e-02
SOURCE: GAM_25
SINKS: GAM_25
0  1.131876e+05  -1.481098e+03
1  -8.862056e+05  -1.599717e+02
2  -2.545002e+05  1.046813e+03
3  -9.628865e+04  -4.457459e+01
4  -3.800810e+04  -3.864162e+02
5  -1.556140e+04  -8.153450e+01
6  -7.293260e+03  -6.586396e+01
7  -3.389958e+03  -1.208771e+02
8  -1.589111e+03  3.439616e+00
9  -3.846515e+02  -1.464683e+01
10  -2.015575e+02  -1.161298e+01
11  -1.811948e+02  -2.141533e+01
12  -8.152796e+01  -8.806814e+00
13  -1.886685e+01  1.940316e+00
14  6.508194e-01  2.931782e+00
15  -3.649256e+00  1.001325e-01
16  -9.592346e+00  -6.230338e-01
17  -6.949155e+00  -1.814100e-01
18  -3.609962e+00  8.746331e-01
19  -8.389831e-01  7.519068e-01
20  -8.936276e-01  4.493941e-01
21  -1.038506e+00  2.047826e-01
22  -5.319357e-01  4.696195e-02
23  -6.408983e-02  8.110363e-03
24  7.377848e-02  1.255768e-02
25  3.228334e-02  2.775998e-02
26  6.438285e-02  1.799353e-02
27  3.479702e-02  4.618998e-03
28  3.134765e-02  4.239386e-03
29  4.007383e-02  5.050674e-03
30  4.141758e-02  4.823954e-03
31  3.966321e-02  4.297030e-03
32  3.485046e-02  4.575867e-03
33  2.591098e-02  4.852121e-03
34  2.152365e-02  7.310085e-03
35  3.048999e-02  1.131948e-02
36  6.116315e-02  1.407423e-02
37  7.425814e-02  2.175224e-02
38  1.901041e-01  3.028592e-02
39  2.528244e-01  4.105665e-02
40  3.228765e-01  2.079012e-02
41  6.745651e-01  3.990161e-02
42  1.150699e+00  -4.006581e-02
43  1.302398e+00  -8.139022e-02
44  1.287414e+00  -2.995698e-01
45  8.022749e-02  -3.287423e-01
46  -2.068321e+00  -8.570406e-01
47  8.768994e-01  -1.002432e+00
48  3.593374e+00  -1.372701e+00
49  -9.721145e+00  4.836830e-01
50  -5.166307e+01  6.232740e+00
51  -8.644618e+01  2.103171e+01
52  -1.199370e+02  3.192801e+01
53  -1.257007e+02  1.144796e+01
54  -7.386027e+01  -2.027646e+00
55  5.117826e+00  4.306404e+01
56  -5.577548e+01  1.384642e+02
57  -6.987503e+02  1.273863e+02
58  -4.019967e+03  2.195458e+01
59  -1.216588e+04  1.009153e+02
60  -3.435652e+04  -1.456870e+02
61  -9.219297e+04  -1.075131e+03
62  -2.465248e+05  -9.768266e+02
63  -8.749007e+05  -9.283376e+02
ENDPROP
STARTPROP
MASSES:  4.500000e-02   4.500000e-02
SOURCE: GAM_35
SINKS: GAM_35
0  1.435937e+05  -1.349860e+03
1  -8.643109e+05  -8.974858e+02
2  -2.400950e+05  -1.022522e+03
3  -8.814174e+04  -4.679684e+02
4  -3.408758e+04  -1.282196e+02
5  -1.335670e+04  6.781049e+01
6  -5.357651e+03  2.535888e+02
7  -1.583588e+03  1.247508e+02
8  -2.011863e+02  -8.149041e+01
9  5.071856e+02  -1.543361e+02
10  6.386755e+02  -5.916094e+01
11  3.715488e+02  -1.959852e+01
12  1.933464e+02  -5.138427e-01
13  9.172775e+01  -5.682654e-01
14  3.916021e+01  3.460397e+00
15  6.302867e+00  2.865206e+00
16  5.033242e+00  2.288352e+00
17  2.479988e+00  1.220732e+00
18  3.378586e-01  -4.473570e-01
19  9.526750e-01  -6.896972e-01
20  9.150955e-01  -7.107096e-01
21  3.141317e-03  -5.213994e-01
22  -2.280674e-01  -2.770789e-01
23  -1.201790e-01  -1.281693e-01
24  -1.994621e-02  -3.561411e-02
25  4.587969e-02  -2.597615e-02
26  7.924933e-02  -2.366793e-02
27  5.050112e-02  -1.688295e-02
28  2.690639e-02  -3.343902e-03
29  5.261381e-03  -1.404146e-03
30  -5.359265e-03  -2.589801e-03
31  6.021966e-03  3.513803e-04
32  1.349778e-02  -2.522767e-04
33  2.144245e-02  -1.064273e-03
34  1.506552e-02  -9.079322e-04
35  -4.650525e-03  -5.317230e-03
36  -1.749609e-02  -3.461028e-03
37  -7.422063e-02  8.293363e-05
38  -7.518269e-02  6.738308e-03
39  -5.060525e-02  1.337583e-02
40  -2.055654e-01  1.204890e-02
41  -1.829416e-01  -8.366742e-03
42  -1.200175e-01  -5.014578e-02
43  2.072122e-01  -2.293568e-01
44  -5.024100e-01  -3.595146e-01
45  -2.772400e+00  -9.226634e-02
46  -6.584389e+00  -1.098057e-01
47  -1.228766e+01  -5.183829e-02
48  -2.242464e+01  -2.192143e-01
49  -4.601448e+01  9.116148e-01
50  -7.007453e+01  -2.619340e+00
51  -1.282303e+02  -1.657542e+00
52  -1.785540e+02  -9.264881e+00
53  -1.685506e+02  9.181589e+00
54  -2.617075e+02  5.511788e+01
55  -2.347754e+02  1.294622e+02
56  -5.214195e+02  2.406644e+02
57  -1.439173e+03  2.582289e+02
58  -4.992366e+03  1.680162e+02
59  -1.322798e+04  -1.704190e+02
60  -3.537915e+04  -9.977754e+01
61  -9.204293e+04  5.246492e+02
62  -2.366765e+05  6.140919e+02
63  -8.571457e+05  7.957953e+01
ENDPROP
STARTPROP
MASSES:  4.500000e-02   4.500000e-02
SOURCE: GAM_45
SINKS: GAM_45
0  -9.640301e+05  -1.770581e+03
1  1.117557e+06  -1.897064e+03
2  5.460817e+05  -2.897228e+03
3  3.504949e+05  -1.421691e+03
4  2.232514e+05  -7.404900e+02
5  1.369318e+05  -3.692560e+02
6  8.334576e+04  5.875327e+01
7  4.980476e+04  1.991162e+02
8  3.021176e+04  1.762560e+02
9  1.843405e+04  1.427838e+02
10  1.108695e+04  1.142263e+02
11  6.859957e+03  6.906321e+01
12  4.238730e+03  5.536194e+01
13  2.629783e+03  4.521575e+01
14  1.585152e+03  3.097288e+01
15  9.506081e+02  1.833018e+01
16  5.780530e+02  1.181929e+01
17  3.479265e+02  6.948290e+00
18  2.113546e+02  4.071767e+00
19  1.294259e+02  2.300102e+00
20  7.949217e+01  1.316123e+00
21  4.859785e+01  9.646138e-01
22  2.978879e+01  5.208947e-01
23  1.838849e+01  4.064345e-01
24  1.128359e+01  2.989058e-01
25  6.842255e+00  1.917740e-01
26  4.193443e+00  1.108074e-01
27  2.581050e+00  7.275945e-02
28  1.580157e+00  4.540327e-02
29  9.893874e-01  2.616106e-02
30  6.566487e-01  1.748440e-02
31  4.683299e-01  1.503542e-02
32  3.983512e-01  1.219253e-02
33  4.295051e-01  1.000819e-02
34  5.751363e-01  1.122628e-02
35  8.622393e-01  1.340895e-02
36  1.382455e+00  2.657558e-02
37  2.281080e+00  4.536538e-02
38  3.807495e+00  5.998337e-02
39  6.181760e+00  8.257793e-02
40  1.004781e+01  1.498036e-01
41  1.613021e+01  3.064543e-01
42  2.670680e+01  5.787274e-01
43  4.322952e+01  1.112366e+00
44  7.180768e+01  2.342728e+00
45  1.168010e+02  3.948517e+00
46  1.920477e+02  6.209586e+00
47  3.108568e+02  8.442191e+00
48  5.089658e+02  1.031196e+01
49  8.382206e+02  2.072861e+01
50  1.386879e+03  3.025008e+01
51  2.316429e+03  5.429877e+01
52  3.827909e+03  7.960140e+01
53  6.355470e+03  1.533677e+02
54  1.053076e+04  2.172656e+02
55  1.725096e+04  3.355895e+02
56  2.829399e+04  4.311886e+02
57  4.661005e+04  4.627373e+02
58  7.668977e+04  5.318612e+02
59  1.256164e+05  5.464396e+02
60  2.019696e+05  6.595307e+01
61  3.302004e+05  -1.011730e+03
62  5.243741e+05  -1.574927e+03
63  1.098453e+06  -1.293288e+03
ENDPROP
STARTPROP
MASSES:  4.500000e-02   4.500000e-02
SOURCE: PSAX4
SINKS: GAM_4
0  5.271829e+04  1.510630e+03
1  1.738100e+06  -6.613591e+02
2  9.657983e+05  -3.320226e+03
3  6.029662e+05  -2.392663e+03
4  3.770233e+05  -1.248164e+03
5  2.287492e+05  -7.218355e+02
6  1.389854e+05  -2.973462e+02
7  8.318703e+04  -6.206055e+01
8  5.025033e+04  -7.101729e+00
9  3.042960e+04  -2.441788e+01
10  1.827427e+04  -1.264138e+01
11  1.124087e+04  -3.007587e+01
12  6.896969e+03  -3.028112e+00
13  4.255773e+03  1.635833e+01
14  2.578335e+03  1.752307e+01
15  1.550757e+03  8.981525e+00
16  9.431499e+02  6.777362e+00
17  5.701977e+02  2.949075e+00
18  3.477914e+02  1.014763e+00
19  2.124498e+02  1.170176e-01
20  1.302792e+02  -9.868131e-02
21  7.928080e+01  4.733462e-02
22  4.849433e+01  -2.148048e-02
23  2.970859e+01  1.436418e-01
24  1.816430e+01  1.707624e-01
25  1.100297e+01  1.167399e-01
26  6.693937e+00  6.685181e-02
27  4.095760e+00  5.107844e-02
28  2.447342e+00  3.618821e-02
29  1.454455e+00  2.063544e-02
30  8.298403e-01  1.349212e-02
31  3.912850e-01  6.292004e-03
32  5.588518e-02  -3.909032e-03
33  -2.858411e-01  -1.679382e-02
34  -7.098741e-01  -3.318029e-02
35  -1.308479e+00  -5.735340e-02
36  -2.254053e+00  -1.030011e-01
37  -3.815544e+00  -1.758775e-01
38  -6.361814e+00  -2.640485e-01
39  -1.037400e+01  -3.983805e-01
40  -1.692036e+01  -6.472067e-01
41  -2.727840e+01  -1.028982e+00
42  -4.516479e+01  -1.597824e+00
43  -7.360355e+01  -2.621838e+00
44  -1.222378e+02  -4.502191e+00
45  -2.001028e+02  -6.902456e+00
46  -3.294433e+02  -1.042504e+01
47  -5.362728e+02  -1.435566e+01
48  -8.763897e+02  -1.679599e+01
49  -1.445969e+03  -2.901201e+01
50  -2.386027e+03  -4.069591e+01
51  -3.991626e+03  -7.055100e+01
52  -6.590832e+03  -1.108902e+02
53  -1.096490e+04  -2.200226e+02
54  -1.824418e+04  -3.184550e+02
55  -2.976368e+04  -5.380627e+02
56  -4.869842e+04  -7.520326e+02
57  -7.954706e+04  -1.009550e+03
58  -1.296383e+05  -1.359818e+03
59  -2.109196e+05  -1.556283e+03
60  -3.399832e+05  -1.255139e+03
61  -5.600503e+05  -2.099438e+02
62  -9.007565e+05  1.026085e+03
63  -1.651710e+06  1.168473e+03
ENDPROP
STARTPROP
MASSES:  4.500000e-02   4.500000e-02
SOURCE: WWPSAX4
SINKS: GAM_4
0  -2.455082e+07  3.928749e+07
1  1.447847e+09  -2.020013e+06
2  4.870196e+08  1.361029e+06
3  3.654034e+08  9.589084e+06
4  3.067719e+08  -9.756192e+05
5  9.405911e+07  3.672036e+06
6  9.265644e+07  -3.413695e+05
7  4.510463e+07  1.971980e+05
8  2.481757e+07  -5.605020e+05
9  2.297292e+07  -7.261064e+05
10  4.635239e+06  -1.015162e+05
11  4.862382e+06  7.386438e+04
12  2.334959e+06  -1.346411e+04
13  2.351945e+06  9.556322e+04
14  1.165224e+06  4.541760e+03
15  6.316866e+05  -2.634442e+04
16  5.557677e+05  2.175144e+04
17  3.103527e+05  -8.600821e+02
18  2.199553e+05  6.494478e+03
19  1.638745e+05  2.890657e+03
20  9.194871e+04  -1.155917e+03
21  4.594027e+04  -3.175379e+03
22  2.468308e+04  -4.285240e+02
23  1.597318e+04  5.083262e+02
24  7.936614e+03  6.916429e+02
25  6.607723e+03  3.273174e+02
26  4.292425e+03  1.576286e+02
27  2.052785e+03  -7.097428e+01
28  8.690330e+02  1.502853e+01
29  7.599522e+02  -1.858418e+01
30  3.857108e+02  -1.211822e+01
31  1.246598e+02  8.926090e+00
32  8.787289e+01  -1.789055e+00
33  -7.539935e+01  1.200871e+01
34  -3.328394e+02  -5.143780e+01
35  -9.367095e+02  -1.277535e+01
36  -1.143954e+03  -6.458233e+01
37  -2.217603e+03  -2.815297e+01
38  -2.910854e+03  -3.148624e+02
39  -5.455153e+03  -4.444124e+02
40  -7.142870e+03  -3.779682e+02
41  -9.774213e+03  -3.335759e+02
42  -1.684725e+04  -6.087986e+02
43  -4.913238e+04  7.524238e+02
44  -6.096193e+04  -6.719047e+03
45  -6.700463e+04  -5.688883e+03
46  -1.702500e+05  -5.692168e+03
47  -2.652221e+05  -1.683990e+04
48  -3.423983e+05  -3.355524e+04
49  -5.662243e+05  -5.651161e+04
50  -7.802930e+05  -1.861639e+04
51  -1.753104e+06  -3.411897e+04
52  -3.249856e+06  -2.523184e+05
53  -4.328685e+06  -2.313852e+05
54  -7.126783e+06  -5.187774e+05
55  -1.651180e+07  -1.002545e+06
56  -2.412734e+07  1.406980e+05
57  -3.867171e+07  -3.134907e+06
58  -1.053816e+08  1.014095e+06
59  -8.813854e+07  -3.112803e+06
60  -2.110012e+08  -3.116014e+06
61  -2.551487e+08  -2.461914e+06
62  -4.654420e+08  -2.789867e+06
63  -1.159537e+09  -6.246251e+06
ENDPROP
STARTPROP
MASSES:  4.500000e-02   4.500000e-02
SOURCE: WWGAM_5
SINKS: GAM_5
0  2.109554e+10  2.338797e+00
1  1.937317e+09  -2.160725e+06
2  7.452810e+08  -6.335187e+06
3  5.446612e+08  4.714109e+06
4  4.281466e+08  -4.054382e+05
5  1.763483e+08  2.224514e+06
6  1.306162e+08  -6.250509e+05
7  7.046038e+07  3.565667e+05
8  4.230793e+07  -9.203831e+05
9  3.161429e+07  -8.091505e+05
10  1.203616e+07  7.420999e+04
11  8.937611e+06  2.320230e+05
12  4.680492e+06  -1.372867e+04
13  3.645659e+06  1.900734e+05
14  2.148205e+06  3.819950e+03
15  1.174836e+06  -1.762795e+04
16  8.237167e+05  1.912568e+04
17  5.137721e+05  1.232406e+03
18  3.192134e+05  8.963556e+03
19  2.325423e+05  3.359569e+03
20  1.411538e+05  -8.902809e+02
21  6.734773e+04  -2.324544e+03
22  4.164429e+04  -5.374488e+02
23  2.513502e+04  1.889480e+02
24  1.590026e+04  7.972016e+02
25  1.087634e+04  2.746817e+02
26  6.126371e+03  1.440189e+02
27  3.521649e+03  -7.601986e+01
28  1.918374e+03  2.902398e+01
29  1.421590e+03  3.437091e+01
30  8.535016e+02  1.903039e+01
31  6.056489e+02  3.032545e+01
32  4.905170e+02  -5.201824e+00
33  6.153486e+02  3.464353e+01
34  7.932176e+02  4.820359e+01
35  1.494172e+03  2.005914e+01
36  2.090513e+03  3.488615e+01
37  3.805180e+03  1.144642e+02
38  5.405930e+03  3.749043e+02
39  8.789673e+03  6.490531e+02
40  1.252800e+04  6.561263e+02
41  1.832301e+04  1.015560e+02
42  3.488069e+04  1.885125e+03
43  7.438828e+04  7.528830e+02
44  8.966880e+04  8.053233e+03
45  1.355445e+05  3.898123e+03
46  2.450084e+05  7.807600e+03
47  4.339832e+05  1.999250e+04
48  6.016967e+05  3.137928e+04
49  1.118577e+06  9.333138e+04
50  1.585553e+06  6.606125e+04
51  3.126391e+06  5.900784e+04
52  5.527631e+06  2.822337e+05
53  8.625872e+06  4.351332e+05
54  1.334075e+07  5.823804e+05
55  2.831209e+07  1.134737e+06
56  4.002560e+07  5.660692e+04
57  6.291982e+07  2.998112e+06
58  1.587504e+08  -1.927037e+06
59  1.583164e+08  5.943481e+06
60  3.233018e+08  4.928067e+06
61  4.306178e+08  3.464868e+06
62  7.524898e+08  5.063118e+06
63  1.623528e+09  -9.637585e+05
ENDPROP
