STARTPROP
MASSES:  4.200000e-03   4.200000e-03
SOURCE: GAM_1
SINKS: GAM_1
0  1.171164e+06  -1.778455e+03
1  1.937059e+06  -2.370074e+03
2  9.557374e+05  -2.609897e+03
3  5.206006e+05  -2.083756e+03
4  2.779262e+05  -7.962437e+02
5  1.445009e+05  9.458302e+02
6  5.701094e+04  1.268639e+03
7  7.866441e+03  1.375565e+03
8  -5.084708e+03  7.248033e+02
9  -8.909842e+03  -6.631164e+01
10  -8.499110e+03  2.015717e+02
11  -1.110938e+04  3.462905e+02
12  -1.423013e+04  2.223551e+02
13  -1.335129e+04  7.180818e+01
14  -6.812040e+03  3.718916e+01
15  -4.435022e+03  -4.321107e+01
16  -2.593480e+03  -2.214530e+02
17  -2.175176e+03  -3.390043e+02
18  -1.374295e+03  -2.290434e+02
19  5.837345e+01  -2.551353e+02
20  -3.059885e+02  -3.092424e+02
21  -9.385756e+02  -3.457842e+02
22  -9.998484e+02  -3.077681e+02
23  -8.801117e+02  -1.440882e+02
24  -4.538964e+02  -6.014510e+01
25  -4.063590e+02  -2.260378e+01
26  -3.424810e+02  3.215537e+01
27  -3.049280e+02  3.776083e+01
28  -2.979768e+02  4.695305e+01
29  1.038001e+02  5.160128e+01
30  1.438528e+02  1.626017e+01
31  7.022752e+01  1.020761e+00
32  -3.434280e+01  2.209022e+00
33  -2.312069e+02  1.870823e-01
34  -8.728797e+01  -2.445638e+00
35  5.294387e+01  1.421273e+01
36  3.379921e+02  1.800449e+01
37  6.194993e+02  7.526028e+00
38  4.361891e+02  -1.260415e+01
39  8.270752e+02  -3.128150e+01
40  7.967499e+00  -4.017333e+01
41  -7.426056e+02  -2.992625e+01
42  -1.462378e+03  6.791509e+01
43  -2.047293e+03  9.728945e+01
44  -1.685216e+03  1.445981e+02
45  -5.723863e+02  1.455995e+02
46  6.987058e+02  1.313872e+02
47  2.148450e+03  1.590376e+02
48  5.539141e+03  2.021450e+02
49  1.066428e+04  1.286374e+02
50  1.045034e+04  -1.261735e+02
51  1.029490e+04  -2.327870e+02
52  5.951005e+03  -6.002872e+02
53  -8.012850e+02  -3.007177e+02
54  -4.937128e+03  -5.402306e+02
55  -6.376591e+03  -9.381006e+02
56  9.051049e+03  -8.048810e+02
57  4.374364e+04  -8.328968e+02
58  9.726088e+04  -6.052230e+02
59  1.673670e+05  -1.405577e+03
60  2.667287e+05  -2.380737e+03
61  5.447280e+05  -2.451302e+03
62  9.985627e+05  -1.865815e+03
63  1.988312e+06  -2.192590e+03
ENDPROP
STARTPROP
MASSES:  4.200000e-03   4.200000e-03
SOURCE: GAM_2
SINKS: GAM_2
0  1.180574e+06  -3.698814e+03
1  1.962177e+06  -2.254567e+03
2  9.531223e+05  -2.572877e+03
3  5.461275e+05  -2.929995e+03
4  2.980691e+05  -2.520211e+03
5  1.609927e+05  -2.674685e+03
6  7.233195e+04  -2.263194e+03
7  2.525676e+04  -6.847634e+02
8  6.301117e+03  -1.232462e+02
9  3.679462e+03  -1.098925e+02
10  1.297088e+04  -2.264326e+02
11  2.017125e+04  -2.274834e+02
12  2.009469e+04  -4.770760e+02
13  1.592110e+04  -3.798968e+02
14  1.010742e+04  -1.283930e+02
15  7.336485e+03  -3.432974e+01
16  6.784830e+03  9.622493e+01
17  5.260298e+03  -2.138957e+01
18  1.486614e+03  -4.237584e+01
19  1.046009e+02  -1.040849e+02
20  -8.631058e+02  -8.156544e+01
21  -2.234446e+03  -7.006264e+01
22  -1.883763e+03  -2.015885e+01
23  -1.055921e+03  -1.146619e+01
24  -8.598882e+02  -2.566528e+01
25  -1.441861e+03  1.131965e+01
26  -1.155808e+03  2.474834e+01
27  -8.015689e+02  9.762556e+00
28  -5.523378e+02  -2.229179e+01
29  -3.785829e+02  -6.189227e+00
30  -2.179506e+02  3.930399e+01
31  -2.101743e+02  6.000449e+01
32  -2.079731e+02  3.917193e+01
33  -1.764845e+02  1.570918e+01
34  -1.261042e+02  1.886418e+00
35  1.024195e+02  -1.101449e+01
36  2.856658e+02  -2.664993e+01
37  2.280306e+02  -1.541565e+01
38  2.735956e+01  -2.831807e+01
39  4.341281e+01  -5.087856e+01
40  1.253367e+02  -5.108315e+01
41  4.342319e+02  -7.045455e+01
42  6.067360e+02  -1.150400e+02
43  1.121574e+03  -1.974889e+02
44  1.380231e+03  -2.670575e+02
45  1.632288e+03  -1.675071e+02
46  -7.119046e+02  -1.124317e+02
47  -1.469119e+03  5.956593e+01
48  3.026822e+02  1.581150e+02
49  2.429685e+03  -9.369786e+01
50  6.172445e+03  -1.737570e+02
51  4.572655e+03  -4.293606e+02
52  -1.480571e+03  -5.762217e+02
53  -1.515900e+03  -5.946837e+02
54  3.233482e+03  -4.163613e+02
55  1.414147e+04  -6.605168e+02
56  2.520006e+04  -8.702554e+02
57  4.741228e+04  -1.551307e+03
58  1.180467e+05  -1.341229e+03
59  2.407789e+05  -1.416857e+03
60  3.813071e+05  -2.776973e+03
61  6.102546e+05  -5.377859e+03
62  1.032854e+06  -5.610847e+03
63  2.018935e+06  -4.789977e+03
ENDPROP
STARTPROP
MASSES:  4.200000e-03   4.200000e-03
SOURCE: GAM_3
SINKS: GAM_3
0  1.134700e+06  7.101073e+02
1  1.926846e+06  6.035390e+01
2  9.772179e+05  -1.289585e+03
3  5.674010e+05  -1.830894e+03
4  3.064101e+05  -2.436644e+03
5  1.729514e+05  -2.752273e+03
6  1.051237e+05  -1.335752e+03
7  5.265151e+04  -1.215177e+03
8  1.706418e+04  -8.326200e+02
9  8.716706e+03  1.316508e+02
10  2.608702e+03  4.727867e+02
11  -9.644795e+03  6.275561e+02
12  -6.852663e+03  5.876763e+02
13  -8.253989e+02  2.199420e+02
14  3.419673e+03  -1.729614e+02
15  5.901406e+03  -2.487338e+00
16  6.808578e+03  -6.537666e+01
17  5.666825e+03  -1.357911e+02
18  4.232851e+03  -3.053700e+01
19  2.006030e+03  -6.282236e+01
20  2.176055e+03  -2.709891e+02
21  1.966378e+03  -3.076034e+02
22  1.536113e+03  -1.726531e+02
23  1.146408e+03  -1.005973e+02
24  9.547432e+02  1.233265e+01
25  1.084632e+03  -1.384815e+00
26  6.972766e+02  2.887315e+01
27  2.457078e+02  5.846957e+01
28  -7.587254e+01  -2.602532e-01
29  -2.267445e+02  -4.358366e+01
30  9.072427e+01  -4.543834e+01
31  3.917193e+02  -3.825332e+01
32  2.370416e+02  -2.314322e+01
33  6.549152e+01  -2.773630e+01
34  -3.114027e+02  -3.782031e+01
35  -2.535378e+02  -4.451720e+01
36  2.042185e+02  -1.068101e+01
37  5.796352e+02  2.782036e+01
38  6.467170e+02  6.092641e+01
39  5.534185e+02  4.823989e+01
40  7.133710e+02  2.433211e+01
41  -9.706933e+01  -6.072470e-01
42  -1.374651e+03  -2.316944e+01
43  -2.972745e+03  1.052365e+02
44  -4.108024e+03  1.665560e+02
45  -5.216326e+03  5.826466e+01
46  -6.051937e+03  -8.370915e-01
47  -6.514832e+03  2.179460e+01
48  -4.491735e+03  2.112962e+02
49  -1.357666e+03  4.811876e+02
50  -1.311781e+02  8.371113e+02
51  -3.518862e+03  8.731712e+02
52  -7.527022e+03  6.131375e+02
53  -1.313104e+04  9.660319e+02
54  -1.271154e+04  1.205844e+03
55  -1.368053e+03  9.837551e+02
56  1.488346e+04  6.210433e+02
57  4.448068e+04  8.638160e+02
58  9.991457e+04  1.075965e+03
59  1.919248e+05  7.343568e+02
60  3.407260e+05  9.209481e+02
61  5.762651e+05  2.161672e+03
62  9.790001e+05  3.499634e+03
63  1.970934e+06  6.800716e+02
ENDPROP
STARTPROP
MASSES:  4.200000e-03   4.200000e-03
SOURCE: GAM_4
SINKS: GAM_4
0  2.187962e+06  -3.564681e+03
1  -2.838540e+05  -1.679828e+03
2  2.653922e+01  5.328047e+01
3  -1.326975e+03  -1.269911e+03
4  -1.344322e+03  -1.731485e+03
5  1.403507e+03  -1.702191e+03
6  -5.563478e+02  -8.759727e+02
7  -2.966015e+03  -5.128635e+02
8  -1.490335e+03  -3.542077e+01
9  -1.555606e+03  1.517324e+02
10  -3.478645e+03  6.545342e+01
11  1.775186e+03  2.626583e+02
12  1.177439e+03  1.884760e+02
13  -6.767228e+02  1.972546e+02
14  1.569423e+02  1.815505e+02
15  5.766290e+01  1.987174e+02
16  1.062396e+03  8.047044e+01
17  1.086098e+03  6.590052e+01
18  4.737438e+02  2.300775e+01
19  1.922212e+02  4.591410e+01
20  2.498358e+02  1.837967e+01
21  1.685996e+02  5.009574e+01
22  2.569583e+02  8.463970e+01
23  4.137122e+02  4.822825e+01
24  1.024891e+02  3.916002e+01
25  3.061923e+02  3.901599e+01
26  2.595000e+02  9.136932e+00
27  2.713192e+02  3.377501e+00
28  1.480399e+02  -1.266129e+01
29  3.253080e+02  -2.743616e+01
30  2.353932e+02  -1.257266e+01
31  1.089037e+02  -1.527184e+01
32  1.673746e+02  -1.188061e+01
33  2.562047e+02  -1.945105e+00
34  1.794352e+02  -1.074413e+01
35  2.239816e+02  -5.410579e+00
36  1.845557e+02  -1.319419e+01
37  8.534468e+01  -3.520140e+01
38  3.377156e+02  -4.822834e+01
39  2.246559e+02  -6.003086e+01
40  3.296979e+02  -6.940798e+01
41  5.226308e+02  -7.530801e+01
42  4.266166e+02  -7.841353e+01
43  1.357320e+02  -7.490380e+01
44  2.924256e+02  -3.792854e+01
45  2.541510e+02  7.344277e+01
46  -3.812956e+02  5.423677e+01
47  1.116750e+02  -3.182561e+01
48  2.431312e+02  -1.909615e+01
49  -3.330623e+01  -1.103589e+02
50  -1.628224e+02  -1.218007e+02
51  1.270504e+03  -3.451890e+02
52  -1.043261e+03  -4.597860e+02
53  1.475156e+03  -6.243289e+02
54  9.443685e+02  -6.875489e+02
55  1.828678e+02  -8.349181e+02
56  1.456269e+03  -7.724071e+02
57  1.204035e+03  -7.428395e+02
58  1.466364e+03  -1.116845e+03
59  2.108779e+02  -1.064619e+03
60  3.852275e+03  -5.168289e+02
61  -6.082398e+03  -9.344482e+02
62  3.323279e+03  -2.904870e+03
63  -2.869896e+05  -3.806251e+03
ENDPROP
STARTPROP
MASSES:  4.200000e-03   4.200000e-03
SOURCE: GAM_5
SINKS: GAM_5
0  1.339295e+07  -1.945371e+04
1  1.306671e+07  -1.664646e+04
2  1.083083e+07  -1.792924e+04
3  9.059879e+06  -2.018230e+04
4  7.608892e+06  -1.837279e+04
5  6.499665e+06  -1.493873e+04
6  5.530121e+06  -1.764069e+04
7  4.764413e+06  -1.711621e+04
8  3.969992e+06  -1.048716e+04
9  3.211382e+06  -3.834988e+03
10  2.621055e+06  -8.856618e+02
11  2.181402e+06  -1.888903e+03
12  1.849131e+06  -2.900937e+03
13  1.561504e+06  -4.416568e+03
14  1.293074e+06  -5.527187e+03
15  1.075606e+06  -6.258401e+03
16  9.022364e+05  -6.584937e+03
17  7.613115e+05  -6.960067e+03
18  6.382340e+05  -6.118864e+03
19  5.212542e+05  -4.254294e+03
20  4.387207e+05  -2.761123e+03
21  3.677518e+05  -1.430008e+03
22  3.029081e+05  -8.711447e+02
23  2.476823e+05  -4.898634e+02
24  2.075762e+05  -1.748668e+02
25  1.791229e+05  -3.912978e+01
26  1.606370e+05  6.099919e+01
27  1.463403e+05  -4.263783e+01
28  1.273072e+05  -1.922220e+02
29  1.103379e+05  -2.113284e+02
30  1.004654e+05  -1.131571e+02
31  9.780418e+04  5.139991e+01
32  9.718962e+04  2.165893e+02
33  9.879209e+04  2.421590e+02
34  1.033804e+05  2.311043e+02
35  1.126562e+05  2.375058e+02
36  1.249347e+05  1.626350e+02
37  1.378520e+05  1.810187e+02
38  1.565218e+05  2.889054e+02
39  1.799675e+05  5.699756e+02
40  2.142705e+05  8.238789e+02
41  2.587821e+05  1.062850e+03
42  3.065037e+05  1.486424e+03
43  3.740106e+05  1.792968e+03
44  4.686941e+05  2.188538e+03
45  5.675054e+05  3.188511e+03
46  6.688799e+05  4.571141e+03
47  7.741796e+05  5.276115e+03
48  9.111017e+05  3.588922e+03
49  1.088703e+06  1.222933e+03
50  1.301722e+06  -6.039591e+02
51  1.548680e+06  -1.193958e+03
52  1.852820e+06  -1.270036e+03
53  2.248355e+06  -7.498973e+02
54  2.716599e+06  2.815720e+02
55  3.248129e+06  2.226063e+03
56  3.878829e+06  4.236999e+03
57  4.708151e+06  1.208259e+03
58  5.784370e+06  -8.198413e+03
59  7.219009e+06  -1.989170e+04
60  8.946614e+06  -2.415133e+04
61  1.062738e+07  -2.418046e+04
62  1.200869e+07  -2.293287e+04
63  1.365134e+07  -1.903686e+04
ENDPROP
STARTPROP
MASSES:  4.200000e-03   4.200000e-03
SOURCE: GAM_12
SINKS: GAM_12
0  7.326475e+05  -1.504789e+02
1  -7.758223e+05  -2.865185e+02
2  -2.210744e+05  -4.755692e+02
3  -7.797925e+04  -1.143861e+03
4  -2.833829e+04  -8.007993e+00
5  -1.810247e+04  4.673127e+02
6  -1.297604e+04  1.011099e+03
7  -1.481271e+04  8.137203e+02
8  -2.559251e+04  1.931746e+02
9  -2.203752e+04  1.997083e+02
10  -1.925090e+04  8.888960e+02
11  -1.767600e+04  1.375643e+03
12  -1.023610e+04  9.448565e+02
13  -4.985897e+03  6.716197e+02
14  -2.425251e+03  3.947922e+02
15  -1.297738e+03  4.209097e+02
16  -1.033902e+03  4.622119e+02
17  -3.057970e+02  3.272870e+02
18  -1.836876e+03  1.932477e+02
19  -3.920578e+02  1.549151e+01
20  9.480445e+01  -5.400476e+01
21  1.803088e+03  -6.021967e+01
22  1.343957e+03  -2.164397e+01
23  3.990635e+02  4.109432e+01
24  5.044555e+01  5.756391e+01
25  3.235362e+02  1.828400e+01
26  1.554015e+02  -8.785993e+00
27  -1.583010e+02  -1.162776e+01
28  7.921120e+01  -2.830714e+01
29  1.884276e+02  -3.783159e+00
30  3.352207e+02  6.080373e+00
31  1.587531e+02  1.430311e+01
32  1.391159e+02  -5.578210e-04
33  8.200450e+00  8.058307e+00
34  3.431757e+02  1.070661e+01
35  5.165350e+02  1.933082e+00
36  5.887133e+02  4.006041e+01
37  4.875682e+02  6.986562e+01
38  3.283238e+02  7.502715e+01
39  2.963074e+02  2.715588e+01
40  1.113694e+03  1.620143e+01
41  1.731444e+03  -1.073523e+01
42  1.508255e+03  -6.461921e+01
43  2.027944e+03  -6.363807e+01
44  1.963874e+03  -8.857205e+01
45  1.128541e+03  -9.187854e+01
46  -8.857518e+01  -3.559660e+01
47  -1.613293e+03  3.450298e+01
48  -5.559916e+03  9.496502e+01
49  -4.598627e+03  3.357624e+02
50  -5.583131e+03  1.367353e+02
51  -9.355531e+03  -2.083229e+02
52  -9.484661e+03  -6.582454e+02
53  -7.475733e+03  -5.949194e+02
54  -6.933763e+01  -3.101851e+02
55  3.008393e+03  1.900108e+02
56  -5.157295e+03  7.123974e+02
57  -3.706658e+03  2.801731e+02
58  -7.792995e+03  3.032039e+01
59  -4.391235e+04  5.320655e+02
60  -5.609068e+04  1.500796e+03
61  -1.106657e+05  1.796764e+03
62  -2.252052e+05  1.241914e+03
63  -8.201582e+05  -1.223024e+02
ENDPROP
STARTPROP
MASSES:  4.200000e-03   4.200000e-03
SOURCE: GAM_21
SINKS: GAM_21
0  7.326475e+05  -1.504789e+02
1  -7.758223e+05  -2.865185e+02
2  -2.210744e+05  -4.755692e+02
3  -7.797925e+04  -1.143861e+03
4  -2.833829e+04  -8.007993e+00
5  -1.810247e+04  4.673127e+02
6  -1.297604e+04  1.011099e+03
7  -1.481271e+04  8.137203e+02
8  -2.559251e+04  1.931746e+02
9  -2.203752e+04  1.997083e+02
10  -1.925090e+04  8.888960e+02
11  -1.767600e+04  1.375643e+03
12  -1.023610e+04  9.448565e+02
13  -4.985897e+03  6.716197e+02
14  -2.425251e+03  3.947922e+02
15  -1.297738e+03  4.209097e+02
16  -1.033902e+03  4.622119e+02
17  -3.057970e+02  3.272870e+02
18  -1.836876e+03  1.932477e+02
19  -3.920578e+02  1.549151e+01
20  9.480445e+01  -5.400476e+01
21  1.803088e+03  -6.021967e+01
22  1.343957e+03  -2.164397e+01
23  3.990635e+02  4.109432e+01
24  5.044555e+01  5.756391e+01
25  3.235362e+02  1.828400e+01
26  1.554015e+02  -8.785993e+00
27  -1.583010e+02  -1.162776e+01
28  7.921120e+01  -2.830714e+01
29  1.884276e+02  -3.783159e+00
30  3.352207e+02  6.080373e+00
31  1.587531e+02  1.430311e+01
32  1.391159e+02  -5.578210e-04
33  8.200450e+00  8.058307e+00
34  3.431757e+02  1.070661e+01
35  5.165350e+02  1.933082e+00
36  5.887133e+02  4.006041e+01
37  4.875682e+02  6.986562e+01
38  3.283238e+02  7.502715e+01
39  2.963074e+02  2.715588e+01
40  1.113694e+03  1.620143e+01
41  1.731444e+03  -1.073523e+01
42  1.508255e+03  -6.461921e+01
43  2.027944e+03  -6.363807e+01
44  1.963874e+03  -8.857205e+01
45  1.128541e+03  -9.187854e+01
46  -8.857518e+01  -3.559660e+01
47  -1.613293e+03  3.450298e+01
48  -5.559916e+03  9.496502e+01
49  -4.598627e+03  3.357624e+02
50  -5.583131e+03  1.367353e+02
51  -9.355531e+03  -2.083229e+02
52  -9.484661e+03  -6.582454e+02
53  -7.475733e+03  -5.949194e+02
54  -6.933763e+01  -3.101851e+02
55  3.008393e+03  1.900108e+02
56  -5.157295e+03  7.123974e+02
57  -3.706658e+03  2.801731e+02
58  -7.792995e+03  3.032039e+01
59  -4.391235e+04  5.320655e+02
60  -5.609068e+04  1.500796e+03
61  -1.106657e+05  1.796764e+03
62  -2.252052e+05  1.241914e+03
63  -8.201582e+05  -1.223024e+02
ENDPROP
STARTPROP
MASSES:  4.200000e-03   4.200000e-03
SOURCE: GAM_13
SINKS: GAM_13
0  7.077139e+05  5.750235e+02
1  -8.093787e+05  -1.623819e+03
2  -2.359723e+05  -2.337373e+03
3  -1.059220e+05  -1.566662e+03
4  -4.043919e+04  3.842034e+01
5  -7.979099e+03  8.405730e+02
6  -1.359140e+04  1.845358e+03
7  -1.393981e+04  1.557360e+03
8  -1.669735e+04  -2.918371e+02
9  -6.066060e+03  -4.843204e+02
10  -1.412669e+03  -1.630875e+02
11  -1.712894e+03  -8.318644e+01
12  -2.421967e+03  -1.181096e+02
13  -1.267399e+03  -8.796151e+01
14  1.030903e+03  -3.538555e+02
15  2.429471e+03  -2.403445e+02
16  2.879049e+03  -1.924513e+02
17  -3.612062e+02  -2.174743e+02
18  -1.647153e+01  -1.246760e+02
19  -4.307491e+02  -2.692107e+01
20  2.747839e+02  -2.039589e+01
21  -1.294871e+02  7.615705e+01
22  3.312448e+02  1.091824e+02
23  1.112380e+03  1.032312e+02
24  8.179718e+02  1.075699e+02
25  4.631605e+02  1.272703e+02
26  1.007657e+02  1.165029e+02
27  -2.064406e+02  7.970773e+01
28  -3.576982e+02  3.333566e+01
29  -8.363887e+01  1.727396e+01
30  2.494579e+01  -2.460377e+00
31  7.729945e+01  -1.039161e+01
32  -4.120112e+01  -2.825509e+01
33  -3.096672e+02  -5.196890e+01
34  -2.554505e+02  -4.077229e+01
35  -2.080746e+02  -6.674445e+01
36  3.291773e+02  -9.624494e+01
37  5.860994e+02  -1.053779e+02
38  3.875365e+02  -1.311420e+02
39  1.882885e+02  -8.690286e+01
40  -4.610336e+02  -8.667758e+01
41  -1.389085e+03  -1.455370e+02
42  -2.998657e+03  -1.448116e+02
43  -2.346933e+03  -1.120830e+02
44  -3.203765e+03  -7.449953e+01
45  -1.988375e+03  -7.256643e+01
46  -1.677541e+03  -1.388939e+02
47  4.432662e+02  -2.332547e+02
48  8.269409e+02  -2.845049e+02
49  -4.516745e+02  -3.015992e+02
50  -1.057942e+03  -4.454988e+02
51  4.301779e+03  -3.144711e+02
52  7.998442e+03  4.587274e+01
53  7.220995e+03  2.985922e+01
54  8.440868e+03  4.774047e+01
55  1.065786e+04  3.067920e+02
56  1.472540e+04  8.981917e+02
57  2.165768e+04  1.145793e+03
58  1.500926e+04  1.775612e+03
59  1.165523e+04  2.545927e+03
60  1.059500e+03  1.978778e+03
61  -5.929333e+04  9.575110e+02
62  -1.945234e+05  4.907229e+02
63  -7.936108e+05  -9.648306e+01
ENDPROP
STARTPROP
MASSES:  4.200000e-03   4.200000e-03
SOURCE: GAM_31
SINKS: GAM_31
0  7.077139e+05  5.750235e+02
1  -8.093787e+05  -1.623819e+03
2  -2.359723e+05  -2.337373e+03
3  -1.059220e+05  -1.566662e+03
4  -4.043919e+04  3.842034e+01
5  -7.979099e+03  8.405730e+02
6  -1.359140e+04  1.845358e+03
7  -1.393981e+04  1.557360e+03
8  -1.669735e+04  -2.918371e+02
9  -6.066060e+03  -4.843204e+02
10  -1.412669e+03  -1.630875e+02
11  -1.712894e+03  -8.318644e+01
12  -2.421967e+03  -1.181096e+02
13  -1.267399e+03  -8.796151e+01
14  1.030903e+03  -3.538555e+02
15  2.429471e+03  -2.403445e+02
16  2.879049e+03  -1.924513e+02
17  -3.612062e+02  -2.174743e+02
18  -1.647153e+01  -1.246760e+02
19  -4.307491e+02  -2.692107e+01
20  2.747839e+02  -2.039589e+01
21  -1.294871e+02  7.615705e+01
22  3.312448e+02  1.091824e+02
23  1.112380e+03  1.032312e+02
24  8.179718e+02  1.075699e+02
25  4.631605e+02  1.272703e+02
26  1.007657e+02  1.165029e+02
27  -2.064406e+02  7.970773e+01
28  -3.576982e+02  3.333566e+01
29  -8.363887e+01  1.727396e+01
30  2.494579e+01  -2.460377e+00
31  7.729945e+01  -1.039161e+01
32  -4.120112e+01  -2.825509e+01
33  -3.096672e+02  -5.196890e+01
34  -2.554505e+02  -4.077229e+01
35  -2.080746e+02  -6.674445e+01
36  3.291773e+02  -9.624494e+01
37  5.860994e+02  -1.053779e+02
38  3.875365e+02  -1.311420e+02
39  1.882885e+02  -8.690286e+01
40  -4.610336e+02  -8.667758e+01
41  -1.389085e+03  -1.455370e+02
42  -2.998657e+03  -1.448116e+02
43  -2.346933e+03  -1.120830e+02
44  -3.203765e+03  -7.449953e+01
45  -1.988375e+03  -7.256643e+01
46  -1.677541e+03  -1.388939e+02
47  4.432662e+02  -2.332547e+02
48  8.269409e+02  -2.845049e+02
49  -4.516745e+02  -3.015992e+02
50  -1.057942e+03  -4.454988e+02
51  4.301779e+03  -3.144711e+02
52  7.998442e+03  4.587274e+01
53  7.220995e+03  2.985922e+01
54  8.440868e+03  4.774047e+01
55  1.065786e+04  3.067920e+02
56  1.472540e+04  8.981917e+02
57  2.165768e+04  1.145793e+03
58  1.500926e+04  1.775612e+03
59  1.165523e+04  2.545927e+03
60  1.059500e+03  1.978778e+03
61  -5.929333e+04  9.575110e+02
62  -1.945234e+05  4.907229e+02
63  -7.936108e+05  -9.648306e+01
ENDPROP
STARTPROP
MASSES:  4.200000e-03   4.200000e-03
SOURCE: GAM_14
SINKS: GAM_14
0  -1.946478e+05  6.478325e+02
1  1.237007e+06  -2.622793e+02
2  5.155430e+05  -5.056983e+02
3  2.586407e+05  9.034753e+02
4  1.322572e+05  1.483996e+03
5  6.992513e+04  1.655630e+03
6  1.981385e+04  8.135108e+02
7  2.777741e+03  4.192614e+02
8  -6.398786e+03  8.103540e+02
9  -1.133775e+04  5.491983e+02
10  -1.361772e+04  7.665514e+01
11  -1.260695e+04  3.031730e+01
12  -1.220443e+03  -8.918769e+01
13  2.559238e+03  -1.027292e+02
14  6.222818e+03  -1.217648e+02
15  3.398572e+03  -2.281398e+02
16  3.052650e+03  -2.367833e+02
17  2.916277e+03  5.660777e+01
18  -4.331978e+01  1.343625e+02
19  -4.665612e+02  1.789256e+02
20  -1.291324e+03  2.520927e+01
21  -2.282965e+03  -1.215941e+02
22  -1.909216e+03  -9.855011e+01
23  -1.175811e+03  -8.798147e+01
24  -5.735812e+02  -5.868710e+01
25  -9.381450e+01  -3.246193e+01
26  1.536552e+02  -5.368314e+01
27  1.458815e+02  -8.059637e+01
28  1.269396e+02  -6.915174e+01
29  6.023456e+01  -4.659622e+01
30  -1.677335e+02  -4.104047e+01
31  -2.480527e+02  -4.126399e+01
32  -1.582672e+02  -3.619394e+01
33  1.115189e+02  -2.158591e+01
34  1.144797e+02  -1.693982e+01
35  -8.620198e+01  -2.912790e+01
36  -7.216340e+02  -3.748182e+01
37  -5.256967e+02  -1.722796e+01
38  -5.699307e+02  -1.336405e+01
39  -4.095712e+02  -8.107801e+00
40  -4.814677e+02  4.637527e+01
41  -3.599878e+02  9.181305e+01
42  -3.461226e+02  1.130371e+02
43  -3.969435e+02  1.471026e+02
44  -9.521016e+02  1.378180e+02
45  -1.831254e+03  -2.035948e+01
46  -4.257556e+03  -2.274163e+01
47  -5.137438e+03  -2.162003e+00
48  -4.888842e+03  8.046971e+00
49  -2.806826e+03  -6.649573e+01
50  -2.930623e+03  2.383854e+02
51  -6.200475e+03  2.809410e+02
52  -3.131695e+03  2.487539e+02
53  1.950855e+03  5.218142e+02
54  2.867547e+03  -2.248479e+01
55  7.417451e+02  -1.377508e+02
56  6.650532e+03  3.419368e+02
57  2.536802e+04  4.244408e+02
58  7.154765e+04  9.330896e+02
59  1.536488e+05  6.218739e+02
60  2.644397e+05  4.610634e+02
61  3.924246e+05  -1.500582e+03
62  6.166108e+05  -1.674157e+03
63  1.303472e+06  -1.404372e+03
ENDPROP
STARTPROP
MASSES:  4.200000e-03   4.200000e-03
SOURCE: GAM_41
SINKS: GAM_41
0  -1.946478e+05  6.478325e+02
1  1.237007e+06  -2.622793e+02
2  5.155430e+05  -5.056983e+02
3  2.586407e+05  9.034753e+02
4  1.322572e+05  1.483996e+03
5  6.992513e+04  1.655630e+03
6  1.981385e+04  8.135108e+02
7  2.777741e+03  4.192614e+02
8  -6.398786e+03  8.103540e+02
9  -1.133775e+04  5.491983e+02
10  -1.361772e+04  7.665514e+01
11  -1.260695e+04  3.031730e+01
12  -1.220443e+03  -8.918769e+01
13  2.559238e+03  -1.027292e+02
14  6.222818e+03  -1.217648e+02
15  3.398572e+03  -2.281398e+02
16  3.052650e+03  -2.367833e+02
17  2.916277e+03  5.660777e+01
18  -4.331978e+01  1.343625e+02
19  -4.665612e+02  1.789256e+02
20  -1.291324e+03  2.520927e+01
21  -2.282965e+03  -1.215941e+02
22  -1.909216e+03  -9.855011e+01
23  -1.175811e+03  -8.798147e+01
24  -5.735812e+02  -5.868710e+01
25  -9.381450e+01  -3.246193e+01
26  1.536552e+02  -5.368314e+01
27  1.458815e+02  -8.059637e+01
28  1.269396e+02  -6.915174e+01
29  6.023456e+01  -4.659622e+01
30  -1.677335e+02  -4.104047e+01
31  -2.480527e+02  -4.126399e+01
32  -1.582672e+02  -3.619394e+01
33  1.115189e+02  -2.158591e+01
34  1.144797e+02  -1.693982e+01
35  -8.620198e+01  -2.912790e+01
36  -7.216340e+02  -3.748182e+01
37  -5.256967e+02  -1.722796e+01
38  -5.699307e+02  -1.336405e+01
39  -4.095712e+02  -8.107801e+00
40  -4.814677e+02  4.637527e+01
41  -3.599878e+02  9.181305e+01
42  -3.461226e+02  1.130371e+02
43  -3.969435e+02  1.471026e+02
44  -9.521016e+02  1.378180e+02
45  -1.831254e+03  -2.035948e+01
46  -4.257556e+03  -2.274163e+01
47  -5.137438e+03  -2.162003e+00
48  -4.888842e+03  8.046971e+00
49  -2.806826e+03  -6.649573e+01
50  -2.930623e+03  2.383854e+02
51  -6.200475e+03  2.809410e+02
52  -3.131695e+03  2.487539e+02
53  1.950855e+03  5.218142e+02
54  2.867547e+03  -2.248479e+01
55  7.417451e+02  -1.377508e+02
56  6.650532e+03  3.419368e+02
57  2.536802e+04  4.244408e+02
58  7.154765e+04  9.330896e+02
59  1.536488e+05  6.218739e+02
60  2.644397e+05  4.610634e+02
61  3.924246e+05  -1.500582e+03
62  6.166108e+05  -1.674157e+03
63  1.303472e+06  -1.404372e+03
ENDPROP
STARTPROP
MASSES:  4.200000e-03   4.200000e-03
SOURCE: GAM_23
SINKS: GAM_23
0  7.264848e+05  -2.742209e+03
1  -7.823689e+05  -2.908936e+03
2  -2.272512e+05  -6.320629e+02
3  -9.259366e+04  1.237375e+02
4  -3.689109e+04  3.148579e+02
5  -6.852381e+03  5.763250e+01
6  4.390263e+03  -1.769848e+02
7  1.447679e+03  -2.821648e+02
8  -5.432844e+02  -4.362049e+02
9  -9.095365e+02  -2.766473e+01
10  3.525748e+03  -2.526483e+02
11  5.219724e+03  -3.687505e+02
12  -1.543684e+03  -3.136725e+02
13  -8.729249e+03  -2.918049e+02
14  -7.656334e+03  -1.221391e+02
15  -5.492093e+03  3.526099e+02
16  -3.554544e+03  3.883374e+02
17  -3.579569e+03  3.286215e+02
18  -3.172304e+03  1.766846e+02
19  -1.768145e+03  7.514682e+00
20  -1.243450e+03  -4.657428e+01
21  -1.335216e+03  -7.637703e+00
22  -2.207931e+02  -6.050144e+01
23  2.015433e+02  -2.021220e+01
24  -5.485508e+02  2.306708e+00
25  -4.073097e+01  3.084969e+01
26  2.231477e+02  8.894380e+01
27  1.438885e+02  9.803850e+01
28  -1.231182e+02  9.162173e+01
29  -3.158440e+02  3.728965e+01
30  -4.865760e+02  -2.123574e-01
31  -5.886733e+02  6.253878e+00
32  -5.265287e+02  2.566838e+01
33  -4.485480e+02  5.150907e+01
34  -3.717564e+02  7.190185e+01
35  -2.340580e+02  7.186843e+01
36  -5.044596e+02  7.336355e+01
37  -4.099907e+02  5.748435e+01
38  -3.252152e+02  5.640602e+01
39  -2.289111e+02  4.513783e+01
40  -4.116061e+02  3.837452e+01
41  -1.482621e+02  2.512896e+01
42  1.163788e+03  6.137896e+01
43  2.271425e+03  -1.956307e+01
44  3.104090e+03  -1.594415e+02
45  3.319551e+03  -1.531372e+02
46  1.206414e+03  -1.300082e+02
47  -2.046544e+03  3.078734e+01
48  -3.275706e+03  8.472833e+01
49  -4.150200e+03  5.352407e+01
50  -3.262923e+03  -2.790898e+01
51  8.985473e+02  9.173353e+01
52  4.863694e+03  1.208263e+02
53  2.453479e+03  2.749440e+02
54  -3.614708e+03  4.102529e+02
55  -3.026139e+03  2.641154e+02
56  4.407884e+03  7.048775e+02
57  1.448910e+04  1.110201e+02
58  1.548981e+04  -6.956413e+02
59  -2.720334e+04  -1.886172e+03
60  -7.102898e+04  -1.976593e+03
61  -1.492529e+05  -1.646217e+03
62  -2.900415e+05  -5.838332e+02
63  -8.542344e+05  -1.283971e+03
ENDPROP
STARTPROP
MASSES:  4.200000e-03   4.200000e-03
SOURCE: GAM_32
SINKS: GAM_32
0  7.264848e+05  -2.742209e+03
1  -7.823689e+05  -2.908936e+03
2  -2.272512e+05  -6.320629e+02
3  -9.259366e+04  1.237375e+02
4  -3.689109e+04  3.148579e+02
5  -6.852381e+03  5.763250e+01
6  4.390263e+03  -1.769848e+02
7  1.447679e+03  -2.821648e+02
8  -5.432844e+02  -4.362049e+02
9  -9.095365e+02  -2.766473e+01
10  3.525748e+03  -2.526483e+02
11  5.219724e+03  -3.687505e+02
12  -1.543684e+03  -3.136725e+02
13  -8.729249e+03  -2.918049e+02
14  -7.656334e+03  -1.221391e+02
15  -5.492093e+03  3.526099e+02
16  -3.554544e+03  3.883374e+02
17  -3.579569e+03  3.286215e+02
18  -3.172304e+03  1.766846e+02
19  -1.768145e+03  7.514682e+00
20  -1.243450e+03  -4.657428e+01
21  -1.335216e+03  -7.637703e+00
22  -2.207931e+02  -6.050144e+01
23  2.015433e+02  -2.021220e+01
24  -5.485508e+02  2.306708e+00
25  -4.073097e+01  3.084969e+01
26  2.231477e+02  8.894380e+01
27  1.438885e+02  9.803850e+01
28  -1.231182e+02  9.162173e+01
29  -3.158440e+02  3.728965e+01
30  -4.865760e+02  -2.123574e-01
31  -5.886733e+02  6.253878e+00
32  -5.265287e+02  2.566838e+01
33  -4.485480e+02  5.150907e+01
34  -3.717564e+02  7.190185e+01
35  -2.340580e+02  7.186843e+01
36  -5.044596e+02  7.336355e+01
37  -4.099907e+02  5.748435e+01
38  -3.252152e+02  5.640602e+01
39  -2.289111e+02  4.513783e+01
40  -4.116061e+02  3.837452e+01
41  -1.482621e+02  2.512896e+01
42  1.163788e+03  6.137896e+01
43  2.271425e+03  -1.956307e+01
44  3.104090e+03  -1.594415e+02
45  3.319551e+03  -1.531372e+02
46  1.206414e+03  -1.300082e+02
47  -2.046544e+03  3.078734e+01
48  -3.275706e+03  8.472833e+01
49  -4.150200e+03  5.352407e+01
50  -3.262923e+03  -2.790898e+01
51  8.985473e+02  9.173353e+01
52  4.863694e+03  1.208263e+02
53  2.453479e+03  2.749440e+02
54  -3.614708e+03  4.102529e+02
55  -3.026139e+03  2.641154e+02
56  4.407884e+03  7.048775e+02
57  1.448910e+04  1.110201e+02
58  1.548981e+04  -6.956413e+02
59  -2.720334e+04  -1.886172e+03
60  -7.102898e+04  -1.976593e+03
61  -1.492529e+05  -1.646217e+03
62  -2.900415e+05  -5.838332e+02
63  -8.542344e+05  -1.283971e+03
ENDPROP
STARTPROP
MASSES:  4.200000e-03   4.200000e-03
SOURCE: GAM_24
SINKS: GAM_24
0  -9.225216e+04  -2.972421e+03
1  1.308834e+06  -1.746382e+03
2  5.764434e+05  -1.660581e+03
3  3.205960e+05  -1.102078e+03
4  1.937537e+05  -7.976407e+02
5  1.223973e+05  -4.837621e+02
6  6.825587e+04  -5.533854e+02
7  3.720006e+04  -5.558825e+02
8  1.672449e+04  3.809662e+02
9  2.240524e+03  6.991896e+02
10  -1.061624e+03  7.170398e+02
11  4.705126e+03  5.725097e+02
12  9.871109e+03  1.090794e+02
13  7.716113e+03  9.961780e+01
14  4.361768e+03  3.719759e+02
15  1.168660e+03  4.994249e+02
16  2.990270e+03  4.736408e+02
17  4.495661e+03  5.085062e+02
18  5.661187e+03  3.456534e+02
19  4.547572e+03  2.821393e+02
20  3.271536e+03  1.120815e+02
21  1.101210e+03  4.830505e+01
22  -1.910512e+02  2.842271e+01
23  -1.533773e+02  4.527731e+01
24  8.268648e+01  1.254196e+01
25  5.606945e+02  3.057663e+01
26  1.213564e+01  7.079878e+00
27  -9.991997e+01  2.815814e+01
28  1.073040e+02  1.751021e+00
29  3.444168e+02  -3.796248e+01
30  2.004632e+02  -2.402524e+01
31  7.675535e+00  -8.823846e-01
32  -9.037687e+01  8.706459e+00
33  1.693215e+02  8.794354e+00
34  3.118919e+02  3.936001e+00
35  1.780825e+02  -2.999826e+00
36  -2.585311e+02  -1.313071e+01
37  -6.275298e+02  -3.392909e+01
38  -9.038364e+02  -3.253195e+01
39  -7.792406e+02  6.695577e+00
40  -8.038944e+02  -8.981647e-02
41  -5.522474e+02  9.326592e-03
42  -3.229868e+02  3.796475e+01
43  7.164342e+02  8.623312e+01
44  6.577604e+02  1.209591e+02
45  3.604722e+02  1.765824e+02
46  -5.449359e+02  1.510671e+02
47  -1.170348e+03  2.310240e+02
48  -3.483445e+03  1.984028e+02
49  -9.229558e+03  1.335331e+02
50  -8.580197e+03  4.282747e+02
51  -5.481308e+03  5.086413e+02
52  -4.690472e+03  5.736427e+01
53  -2.128289e+03  -2.160014e+02
54  6.230613e+02  3.224625e+02
55  9.940923e+03  1.061267e+02
56  3.949415e+03  -2.820679e+02
57  1.443391e+04  -9.230495e+01
58  3.988395e+04  -5.418552e+02
59  1.017529e+05  -1.237852e+02
60  1.871331e+05  -3.775764e+02
61  3.369041e+05  -6.733422e+02
62  5.986681e+05  -1.447471e+03
63  1.328612e+06  -3.273451e+03
ENDPROP
STARTPROP
MASSES:  4.200000e-03   4.200000e-03
SOURCE: GAM_42
SINKS: GAM_42
0  -9.225216e+04  -2.972421e+03
1  1.308834e+06  -1.746382e+03
2  5.764434e+05  -1.660581e+03
3  3.205960e+05  -1.102078e+03
4  1.937537e+05  -7.976407e+02
5  1.223973e+05  -4.837621e+02
6  6.825587e+04  -5.533854e+02
7  3.720006e+04  -5.558825e+02
8  1.672449e+04  3.809662e+02
9  2.240524e+03  6.991896e+02
10  -1.061624e+03  7.170398e+02
11  4.705126e+03  5.725097e+02
12  9.871109e+03  1.090794e+02
13  7.716113e+03  9.961780e+01
14  4.361768e+03  3.719759e+02
15  1.168660e+03  4.994249e+02
16  2.990270e+03  4.736408e+02
17  4.495661e+03  5.085062e+02
18  5.661187e+03  3.456534e+02
19  4.547572e+03  2.821393e+02
20  3.271536e+03  1.120815e+02
21  1.101210e+03  4.830505e+01
22  -1.910512e+02  2.842271e+01
23  -1.533773e+02  4.527731e+01
24  8.268648e+01  1.254196e+01
25  5.606945e+02  3.057663e+01
26  1.213564e+01  7.079878e+00
27  -9.991997e+01  2.815814e+01
28  1.073040e+02  1.751021e+00
29  3.444168e+02  -3.796248e+01
30  2.004632e+02  -2.402524e+01
31  7.675535e+00  -8.823846e-01
32  -9.037687e+01  8.706459e+00
33  1.693215e+02  8.794354e+00
34  3.118919e+02  3.936001e+00
35  1.780825e+02  -2.999826e+00
36  -2.585311e+02  -1.313071e+01
37  -6.275298e+02  -3.392909e+01
38  -9.038364e+02  -3.253195e+01
39  -7.792406e+02  6.695577e+00
40  -8.038944e+02  -8.981647e-02
41  -5.522474e+02  9.326592e-03
42  -3.229868e+02  3.796475e+01
43  7.164342e+02  8.623312e+01
44  6.577604e+02  1.209591e+02
45  3.604722e+02  1.765824e+02
46  -5.449359e+02  1.510671e+02
47  -1.170348e+03  2.310240e+02
48  -3.483445e+03  1.984028e+02
49  -9.229558e+03  1.335331e+02
50  -8.580197e+03  4.282747e+02
51  -5.481308e+03  5.086413e+02
52  -4.690472e+03  5.736427e+01
53  -2.128289e+03  -2.160014e+02
54  6.230613e+02  3.224625e+02
55  9.940923e+03  1.061267e+02
56  3.949415e+03  -2.820679e+02
57  1.443391e+04  -9.230495e+01
58  3.988395e+04  -5.418552e+02
59  1.017529e+05  -1.237852e+02
60  1.871331e+05  -3.775764e+02
61  3.369041e+05  -6.733422e+02
62  5.986681e+05  -1.447471e+03
63  1.328612e+06  -3.273451e+03
ENDPROP
STARTPROP
MASSES:  4.200000e-03   4.200000e-03
SOURCE: GAM_34
SINKS: GAM_34
0  -9.089075e+04  -1.232300e+03
1  1.298946e+06  -5.932129e+02
2  6.016482e+05  -4.867285e+02
3  3.513350e+05  -8.956821e+02
4  1.808802e+05  -8.593389e+02
5  9.607698e+04  3.382774e+02
6  5.719544e+04  2.696773e+01
7  4.190746e+04  1.658993e+02
8  2.673416e+04  4.878302e+01
9  1.904532e+04  -4.297920e+02
10  1.343446e+04  -4.217309e+02
11  1.176459e+04  -1.136822e+02
12  1.025103e+04  -2.931618e+00
13  4.016174e+03  1.604931e+01
14  -2.168385e+02  -9.288289e+01
15  -3.159998e+03  -2.587974e+01
16  2.677132e+02  1.544085e+02
17  3.502342e+03  2.929293e+01
18  4.131687e+03  -1.485485e+02
19  4.567561e+03  -2.419901e+02
20  3.017171e+03  -2.634833e+02
21  1.824923e+03  -2.354625e+02
22  9.543878e+02  -1.514524e+02
23  1.012542e+03  -9.679675e+01
24  6.119738e+02  -2.207036e+01
25  1.258460e+02  -1.046914e+01
26  1.583672e+02  -4.544103e+01
27  2.453819e+02  -5.129214e+01
28  2.774584e+02  -3.967864e+01
29  -1.332879e+02  -4.109949e+01
30  -5.384849e+02  -5.781473e+01
31  -9.053046e+02  -5.011517e+01
32  -8.662113e+02  -3.607715e+01
33  -7.223453e+02  -3.307898e+01
34  -4.268629e+02  -5.109958e+01
35  -2.646686e+02  -4.121696e+01
36  -1.168899e+02  -6.090074e+01
37  -2.115054e+02  -6.424824e+01
38  -2.794799e+02  -7.698647e+01
39  -3.590319e+01  -1.784446e+01
40  3.124808e+01  1.451648e+01
41  -2.009536e+02  6.370326e+01
42  5.446723e+02  1.695245e+02
43  4.153566e+02  2.251147e+02
44  -1.165508e+03  2.548169e+02
45  -1.234308e+03  3.624710e+02
46  -1.567154e+03  3.682026e+02
47  -2.419893e+03  4.644133e+02
48  -8.018453e+02  6.033539e+02
49  1.549724e+03  7.555996e+02
50  2.291252e+01  6.392960e+02
51  -1.268384e+03  6.659184e+02
52  -6.704220e+03  2.436677e+02
53  -7.641998e+03  3.215017e+02
54  -2.583898e+03  1.622019e+02
55  3.841387e+03  -3.916335e+02
56  1.473065e+04  -1.024866e+03
57  2.533492e+04  -1.443568e+03
58  4.625188e+04  -2.663506e+02
59  8.505583e+04  1.740333e+03
60  1.682906e+05  1.784155e+03
61  3.077852e+05  1.781018e+03
62  6.058191e+05  1.046818e+03
63  1.338892e+06  -1.101374e+02
ENDPROP
STARTPROP
MASSES:  4.200000e-03   4.200000e-03
SOURCE: GAM_43
SINKS: GAM_43
0  -9.089075e+04  -1.232300e+03
1  1.298946e+06  -5.932129e+02
2  6.016482e+05  -4.867285e+02
3  3.513350e+05  -8.956821e+02
4  1.808802e+05  -8.593389e+02
5  9.607698e+04  3.382774e+02
6  5.719544e+04  2.696773e+01
7  4.190746e+04  1.658993e+02
8  2.673416e+04  4.878302e+01
9  1.904532e+04  -4.297920e+02
10  1.343446e+04  -4.217309e+02
11  1.176459e+04  -1.136822e+02
12  1.025103e+04  -2.931618e+00
13  4.016174e+03  1.604931e+01
14  -2.168385e+02  -9.288289e+01
15  -3.159998e+03  -2.587974e+01
16  2.677132e+02  1.544085e+02
17  3.502342e+03  2.929293e+01
18  4.131687e+03  -1.485485e+02
19  4.567561e+03  -2.419901e+02
20  3.017171e+03  -2.634833e+02
21  1.824923e+03  -2.354625e+02
22  9.543878e+02  -1.514524e+02
23  1.012542e+03  -9.679675e+01
24  6.119738e+02  -2.207036e+01
25  1.258460e+02  -1.046914e+01
26  1.583672e+02  -4.544103e+01
27  2.453819e+02  -5.129214e+01
28  2.774584e+02  -3.967864e+01
29  -1.332879e+02  -4.109949e+01
30  -5.384849e+02  -5.781473e+01
31  -9.053046e+02  -5.011517e+01
32  -8.662113e+02  -3.607715e+01
33  -7.223453e+02  -3.307898e+01
34  -4.268629e+02  -5.109958e+01
35  -2.646686e+02  -4.121696e+01
36  -1.168899e+02  -6.090074e+01
37  -2.115054e+02  -6.424824e+01
38  -2.794799e+02  -7.698647e+01
39  -3.590319e+01  -1.784446e+01
40  3.124808e+01  1.451648e+01
41  -2.009536e+02  6.370326e+01
42  5.446723e+02  1.695245e+02
43  4.153566e+02  2.251147e+02
44  -1.165508e+03  2.548169e+02
45  -1.234308e+03  3.624710e+02
46  -1.567154e+03  3.682026e+02
47  -2.419893e+03  4.644133e+02
48  -8.018453e+02  6.033539e+02
49  1.549724e+03  7.555996e+02
50  2.291252e+01  6.392960e+02
51  -1.268384e+03  6.659184e+02
52  -6.704220e+03  2.436677e+02
53  -7.641998e+03  3.215017e+02
54  -2.583898e+03  1.622019e+02
55  3.841387e+03  -3.916335e+02
56  1.473065e+04  -1.024866e+03
57  2.533492e+04  -1.443568e+03
58  4.625188e+04  -2.663506e+02
59  8.505583e+04  1.740333e+03
60  1.682906e+05  1.784155e+03
61  3.077852e+05  1.781018e+03
62  6.058191e+05  1.046818e+03
63  1.338892e+06  -1.101374e+02
ENDPROP
STARTPROP
MASSES:  4.200000e-03   4.200000e-03
SOURCE: GAM_15
SINKS: GAM_15
0  -3.143680e+05  2.921430e+03
1  -1.224901e+06  2.027982e+03
2  -4.517900e+05  -4.463893e+02
3  -1.854148e+05  -2.352178e+03
4  -8.443657e+04  -1.893241e+03
5  -4.087083e+04  -1.999688e+03
6  -1.454981e+04  -1.612344e+03
7  -1.541021e+03  -1.159674e+03
8  1.781085e+03  -6.901853e+02
9  1.038268e+04  -4.124287e+02
10  1.226045e+04  3.440871e+01
11  1.208522e+04  2.568372e+02
12  2.847146e+03  3.423199e+02
13  -8.583618e+03  4.569270e+02
14  -7.234713e+03  3.078599e+02
15  -4.711986e+03  2.216460e+02
16  -4.555067e+03  8.913242e+01
17  -4.312257e+03  3.758302e-01
18  -5.501238e+03  -9.255344e+01
19  -5.184382e+03  -9.030019e+01
20  -4.351870e+03  -8.951017e+01
21  -3.658533e+03  -9.185199e+01
22  -1.560573e+03  -2.618392e+01
23  -1.491410e+02  -3.882902e+01
24  5.618734e+02  -7.001747e+01
25  9.560670e+02  -6.029387e+01
26  1.021683e+03  -3.556095e+01
27  9.842009e+02  2.229333e+01
28  5.561652e+02  6.099796e+01
29  4.036185e+02  7.703275e+01
30  1.912493e+02  9.717703e+01
31  1.190095e+02  6.732419e+01
32  3.127677e+02  2.446903e+01
33  7.029311e+01  2.299142e+01
34  -3.186607e+02  2.117415e+00
35  -5.990970e+02  -2.532026e+01
36  -7.267058e+02  -4.160166e+01
37  -5.994943e+02  -3.266946e+01
38  -6.549883e+02  -6.953809e+01
39  -7.654765e+02  -7.211642e+01
40  -4.547112e+02  -5.206221e+01
41  -5.510331e+01  -4.840227e+01
42  5.877519e+02  -1.553353e+02
43  1.369890e+03  -3.585356e+02
44  1.464523e+03  -4.247687e+02
45  5.243195e+02  -4.204550e+02
46  -7.618651e+02  -3.791524e+02
47  4.092836e+01  -2.345727e+02
48  2.231193e+03  -1.540891e+02
49  3.734381e+02  -5.328600e+01
50  -4.133035e+03  -2.193640e+02
51  -8.942991e+03  -1.436407e+02
52  -9.915770e+03  5.684534e+01
53  -1.369720e+04  1.085211e+02
54  -1.575653e+04  -5.849872e+01
55  -2.139842e+04  -1.713545e+02
56  -3.653700e+04  1.301941e+02
57  -5.143218e+04  2.509030e+02
58  -7.774927e+04  2.294655e+02
59  -1.086562e+05  -4.154544e+02
60  -1.246908e+05  -1.310313e+03
61  -2.100367e+05  8.492898e+02
62  -4.408565e+05  1.984124e+03
63  -1.240840e+06  2.415242e+03
ENDPROP
STARTPROP
MASSES:  4.200000e-03   4.200000e-03
SOURCE: GAM_25
SINKS: GAM_25
0  -3.166348e+05  -1.737526e+03
1  -1.233076e+06  -7.088160e+02
2  -4.390532e+05  9.981015e+01
3  -1.875452e+05  -4.124990e+02
4  -8.646158e+04  -5.928016e+02
5  -5.464750e+04  -9.348568e+02
6  -3.024603e+04  -1.195064e+03
7  -1.677754e+04  -7.312564e+02
8  -1.359141e+04  1.214381e+01
9  -7.195623e+03  4.124224e+02
10  -9.828510e+02  3.789195e+02
11  1.780368e+03  3.658739e+02
12  2.701480e+03  2.474405e+02
13  -2.569278e+03  1.735241e+02
14  -4.725059e+03  -1.622433e+02
15  -4.364876e+03  -3.046813e+02
16  -2.339477e+03  -4.884377e+02
17  -1.145995e+03  -5.471251e+02
18  -6.106346e+02  -3.590725e+02
19  -4.366595e+02  -3.038813e+02
20  4.890484e+02  -2.790236e+02
21  5.523809e+02  -1.925504e+02
22  2.124934e+02  -7.607386e+01
23  -2.736396e+02  -1.903967e+01
24  -2.656287e+02  7.611120e+00
25  -3.765785e+02  -5.010329e+00
26  -8.017023e+01  -7.894506e+00
27  4.047837e+01  -1.903209e+01
28  -7.167324e+01  -3.776158e+00
29  -2.374388e+02  2.288172e+00
30  -2.953280e+02  -1.210564e+00
31  -1.538258e+02  -1.024000e+01
32  3.545556e+01  -3.970541e+01
33  2.135288e+02  -4.563866e+01
34  3.766259e+02  -2.892543e+01
35  6.555383e+02  -1.707540e+01
36  9.806710e+02  8.683823e+00
37  9.100610e+02  -2.805743e+01
38  5.150919e+02  -5.160345e+01
39  5.578976e+01  -5.720996e+01
40  4.847777e+02  -3.326104e+01
41  1.352744e+03  -2.980857e+01
42  1.858576e+03  -1.587566e+00
43  2.253641e+03  7.962301e+01
44  1.014235e+03  1.028720e+02
45  -3.824843e+02  7.089357e+01
46  3.036800e+02  -4.974897e+01
47  6.819510e+02  -1.356505e+02
48  1.194723e+03  -5.491061e+01
49  5.628338e+03  9.116141e+01
50  1.074545e+04  -5.803916e+01
51  1.542304e+04  -2.084529e+02
52  1.896141e+04  -3.513350e+02
53  1.322696e+04  -6.088864e+02
54  4.291647e+03  -7.410927e+02
55  -2.031642e+03  -3.385353e+02
56  2.874312e+02  1.609804e+02
57  6.441437e+03  7.865435e+02
58  -6.084268e+03  4.585010e+02
59  -4.156114e+04  4.982722e+02
60  -1.184200e+05  9.189758e+02
61  -2.592012e+05  7.466632e+02
62  -5.121623e+05  4.006529e+02
63  -1.296917e+06  -1.805894e+03
ENDPROP
STARTPROP
MASSES:  4.200000e-03   4.200000e-03
SOURCE: GAM_35
SINKS: GAM_35
0  -2.323340e+05  -2.533132e+03
1  -1.257161e+06  -2.652622e+03
2  -5.072142e+05  -3.441962e+03
3  -2.700951e+05  -3.307517e+03
4  -1.518685e+05  -2.394875e+03
5  -1.066774e+05  -5.135912e+02
6  -8.643894e+04  8.446120e+02
7  -6.930886e+04  1.253417e+03
8  -4.776379e+04  1.355175e+03
9  -2.606329e+04  1.443245e+03
10  -1.020351e+04  7.145537e+02
11  -8.944426e+03  7.165027e+01
12  -1.078294e+04  -1.256668e+02
13  -2.692593e+03  -3.986455e+02
14  2.091834e+03  -5.331249e+02
15  3.508210e+03  -3.346121e+02
16  3.817900e+03  -2.282762e+02
17  4.425748e+03  -1.161434e+02
18  4.709863e+03  -7.028443e+01
19  4.029138e+03  -1.572588e+02
20  3.232286e+03  -1.386531e+02
21  3.025731e+03  -5.606639e+01
22  1.824143e+03  2.964419e+01
23  7.016229e+02  -5.099661e+00
24  -5.439971e+01  -1.902702e+01
25  -2.373178e+02  -1.781147e+01
26  -1.493372e+02  -2.861781e+01
27  1.083469e+02  -5.219947e+01
28  1.580432e+02  -8.460749e+01
29  9.775966e+01  -4.366422e+01
30  2.246840e+02  3.437920e-01
31  1.780301e+02  1.331369e+01
32  3.455482e+02  4.111529e+01
33  5.865916e+02  3.450601e+01
34  7.880438e+02  1.030007e+01
35  7.702974e+02  9.526083e+00
36  3.062870e+02  3.465534e+00
37  -1.309279e+02  -3.427327e+00
38  -3.125869e+02  2.194778e+01
39  -8.959317e+01  5.083316e+01
40  8.647864e+02  2.899341e+01
41  1.269197e+03  1.500834e+01
42  1.053460e+03  -2.651319e+01
43  -2.791440e+02  -9.306182e+01
44  -7.904241e+02  -1.514372e+02
45  -2.847601e+03  -2.233785e+02
46  -3.894494e+03  -3.360643e+02
47  -2.767128e+03  -3.140561e+02
48  -4.427010e+02  -1.869109e+02
49  -1.096843e+03  1.139620e+02
50  3.311377e+01  3.629517e+02
51  1.510125e+03  4.091248e+02
52  -4.058163e+03  1.204479e+01
53  -8.488112e+03  -2.768470e+02
54  -5.619485e+03  -2.063883e+02
55  6.642930e+03  -6.684328e+01
56  1.905633e+04  4.618869e+02
57  5.350403e+03  1.029859e+03
58  -3.125732e+03  8.693956e+02
59  -1.870603e+04  3.687871e+02
60  -4.824530e+04  3.460318e+02
61  -1.496266e+05  -9.612191e+02
62  -3.677979e+05  -6.121300e+02
63  -1.133383e+06  -1.707891e+03
ENDPROP
STARTPROP
MASSES:  4.200000e-03   4.200000e-03
SOURCE: GAM_45
SINKS: GAM_45
0  -1.784020e+06  -5.340355e+02
1  6.214128e+05  -6.326012e+02
2  2.836735e+05  -8.425869e+02
3  2.427801e+05  -1.811888e+00
4  1.919237e+05  -1.361798e+02
5  1.652920e+05  1.556971e+02
6  1.301386e+05  3.507713e+02
7  1.160776e+05  5.653245e+02
8  9.382970e+04  9.417227e+02
9  8.071911e+04  9.105165e+02
10  6.396844e+04  3.684783e+02
11  5.664641e+04  2.574956e+02
12  4.805036e+04  2.816828e+02
13  4.037248e+04  3.481733e+02
14  3.438627e+04  2.074189e+02
15  2.861540e+04  1.983679e+02
16  2.336744e+04  2.364790e+02
17  1.986590e+04  1.948937e+02
18  1.717175e+04  1.487768e+02
19  1.332206e+04  1.573040e+02
20  1.101117e+04  1.194177e+02
21  9.431512e+03  1.428391e+02
22  7.753511e+03  1.067321e+02
23  6.491598e+03  7.975287e+01
24  5.339428e+03  6.407319e+01
25  4.442611e+03  4.536742e+01
26  4.031311e+03  6.057206e+01
27  3.558041e+03  4.741918e+01
28  3.162392e+03  4.686410e+01
29  2.833959e+03  3.749712e+01
30  2.699692e+03  3.487470e+01
31  2.671505e+03  3.857887e+01
32  2.586846e+03  3.197615e+01
33  2.653724e+03  3.077876e+01
34  2.677415e+03  3.002221e+01
35  2.883925e+03  3.078202e+01
36  3.232000e+03  2.960079e+01
37  3.524503e+03  5.147976e+01
38  3.785098e+03  3.493554e+01
39  4.777487e+03  3.834973e+01
40  5.566355e+03  3.663921e+01
41  6.413222e+03  4.466385e+01
42  7.631188e+03  6.936032e+01
43  9.420950e+03  1.136234e+02
44  1.118382e+04  1.366803e+02
45  1.422669e+04  1.917745e+02
46  1.697765e+04  2.484014e+02
47  1.913061e+04  1.880876e+02
48  2.187922e+04  2.356290e+02
49  2.548487e+04  2.268922e+02
50  3.091084e+04  4.458640e+02
51  3.963590e+04  3.742237e+02
52  4.605044e+04  4.606197e+02
53  5.731180e+04  3.980367e+02
54  6.787844e+04  4.201492e+02
55  8.049497e+04  4.599110e+02
56  9.577440e+04  7.054534e+02
57  1.151974e+05  -9.231294e+01
58  1.417035e+05  -2.601052e+02
59  1.698395e+05  -8.381653e+02
60  2.055046e+05  -1.177722e+03
61  2.437736e+05  -1.358833e+03
62  2.845563e+05  -2.571627e+03
63  6.264040e+05  -2.069402e+03
ENDPROP
STARTPROP
MASSES:  4.200000e-03   4.200000e-03
SOURCE: PSAX4
SINKS: GAM_4
0  -3.551740e+04  -9.858578e+02
1  1.478853e+06  2.341231e+02
2  1.145718e+06  -1.185905e+03
3  9.561000e+05  -1.007133e+03
4  7.691424e+05  -8.538439e+02
5  6.438708e+05  -4.658709e+02
6  5.268657e+05  -6.078531e+02
7  4.480738e+05  -1.454552e+02
8  3.692659e+05  4.689295e+02
9  3.064182e+05  1.310576e+02
10  2.501673e+05  -1.328854e+02
11  2.134572e+05  -7.062967e+02
12  1.814391e+05  -7.581622e+02
13  1.535244e+05  -8.749168e+02
14  1.251386e+05  -8.054246e+02
15  1.032414e+05  -5.897300e+02
16  8.560952e+04  -4.048658e+02
17  7.161043e+04  -2.052297e+02
18  5.843912e+04  -7.985758e+01
19  4.780560e+04  -1.317012e+02
20  3.961756e+04  -1.207662e+02
21  3.325436e+04  -6.404439e+01
22  2.778945e+04  -6.553105e+01
23  2.244019e+04  -4.742453e+01
24  1.848294e+04  -4.353015e+01
25  1.486165e+04  -4.133319e+01
26  1.208914e+04  -1.055520e+01
27  9.489418e+03  -3.382578e+01
28  6.991975e+03  -1.651834e+01
29  4.910912e+03  -2.152385e+01
30  3.317010e+03  -1.931285e+01
31  1.756609e+03  -1.816278e+01
32  1.402882e+02  -7.561210e+00
33  -1.673721e+03  -3.591896e+00
34  -3.484989e+03  -2.511243e+00
35  -5.611970e+03  -2.260958e+01
36  -8.066209e+03  -1.491689e+01
37  -9.939801e+03  -2.068563e+01
38  -1.252126e+04  -1.712609e+01
39  -1.570235e+04  -2.567706e+01
40  -1.874013e+04  8.366514e+00
41  -2.261072e+04  -1.715870e+01
42  -2.723957e+04  -2.286525e+01
43  -3.331272e+04  -7.880091e+01
44  -4.080442e+04  -9.025839e+01
45  -5.128411e+04  -1.334495e+02
46  -6.392972e+04  -1.838592e+02
47  -7.719526e+04  -1.153589e+02
48  -9.081627e+04  4.490313e+01
49  -1.086578e+05  2.511162e+02
50  -1.268524e+05  6.228889e+01
51  -1.543200e+05  2.502281e+02
52  -1.852123e+05  2.923647e+02
53  -2.198459e+05  4.906805e+01
54  -2.663131e+05  -1.584747e+02
55  -3.234897e+05  -4.394871e+02
56  -3.883033e+05  -1.191253e+03
57  -4.641085e+05  -6.220744e+02
58  -5.562785e+05  -7.908945e+02
59  -6.695597e+05  -2.870030e+02
60  -8.198388e+05  1.564353e+03
61  -9.931968e+05  2.122983e+03
62  -1.202526e+06  2.264009e+03
63  -1.589991e+06  7.836541e+02
ENDPROP
STARTPROP
MASSES:  4.200000e-03   4.200000e-03
SOURCE: WWPSAX4
SINKS: GAM_4
0  -3.409900e+08  2.561437e+06
1  1.407723e+09  1.292696e+07
2  7.957745e+08  -1.031252e+07
3  8.054850e+08  1.284878e+06
4  4.706224e+08  1.350519e+07
5  2.881647e+08  -1.196445e+07
6  7.835673e+07  2.272557e+05
7  2.491350e+08  3.394875e+06
8  1.603758e+08  5.010029e+06
9  1.510232e+08  1.569504e+06
10  2.569353e+08  1.871553e+06
11  1.069540e+08  -5.501651e+06
12  8.330682e+07  -3.154135e+06
13  6.724904e+07  7.236714e+05
14  1.033022e+08  -8.140591e+05
15  4.331554e+07  9.941006e+05
16  2.405616e+07  -1.993780e+06
17  4.819058e+07  1.435858e+05
18  3.008008e+07  -1.262328e+06
19  2.061771e+07  3.841198e+05
20  3.223959e+07  8.076008e+05
21  3.103354e+07  7.218590e+04
22  -4.795311e+05  7.485605e+04
23  2.133963e+07  -1.528026e+05
24  9.698698e+06  3.513933e+05
25  1.369443e+07  -2.139448e+05
26  1.777436e+07  6.382976e+05
27  4.629676e+06  6.617652e+03
28  1.636463e+06  4.381837e+05
29  1.801165e+06  -4.047722e+05
30  -7.483901e+05  -2.600192e+05
31  -1.917561e+06  -1.713728e+05
32  4.030806e+05  2.981488e+05
33  -4.553513e+05  -8.893627e+04
34  -7.185305e+05  -1.757599e+05
35  -1.654110e+06  5.155239e+05
36  -6.828431e+06  2.130755e+05
37  -7.281746e+06  1.701136e+05
38  -1.235272e+06  -1.120332e+05
39  -1.133573e+07  -5.844853e+05
40  -1.460098e+07  -7.181905e+05
41  -1.979819e+07  3.727146e+05
42  -1.846462e+07  -1.403160e+05
43  -1.954431e+07  -6.330118e+05
44  -1.654540e+07  -3.483701e+05
45  -4.893268e+07  -1.222240e+06
46  -3.626240e+07  1.359483e+06
47  -3.633516e+07  1.214309e+06
48  -1.029564e+08  2.483634e+06
49  -6.516953e+07  -1.626115e+06
50  -1.085584e+08  -1.904272e+06
51  -9.235486e+07  -9.407573e+05
52  -8.929356e+07  -3.630943e+06
53  -2.044361e+08  -3.499363e+06
54  -2.454455e+08  4.340364e+06
55  -2.270086e+08  7.500965e+06
56  -1.843481e+08  8.255396e+06
57  -3.359811e+08  3.307721e+06
58  -2.330190e+08  6.584679e+06
59  -6.697242e+08  7.991129e+06
60  -6.624224e+08  -1.986687e+07
61  -1.395927e+09  -6.303814e+06
62  -1.101047e+09  -2.962225e+06
63  -2.902650e+09  -3.155467e+06
ENDPROP
STARTPROP
MASSES:  4.200000e-03   4.200000e-03
SOURCE: WWGAM_5
SINKS: GAM_5
0  1.395932e+10  -3.091359e+00
1  4.011692e+09  -6.769103e+05
2  2.753191e+09  -8.804178e+06
3  2.377808e+09  -5.505375e+06
4  1.857468e+09  -7.885015e+06
5  1.541340e+09  6.313984e+06
6  1.066721e+09  -8.512269e+06
7  1.119358e+09  -7.831725e+05
8  8.131085e+08  -4.206103e+06
9  6.476744e+08  -1.523042e+06
10  6.883663e+08  2.694109e+06
11  5.886545e+08  9.297267e+05
12  4.404447e+08  -1.359903e+06
13  3.185343e+08  -1.680240e+05
14  3.014734e+08  -2.700703e+05
15  2.479991e+08  -1.330209e+06
16  1.820586e+08  -2.099126e+05
17  1.642350e+08  -9.968189e+05
18  1.578418e+08  -2.473316e+06
19  1.385658e+08  2.546684e+04
20  1.118284e+08  -3.806419e+05
21  1.240972e+08  1.089952e+06
22  6.197939e+07  -3.241998e+05
23  6.750683e+07  -8.787605e+05
24  6.081631e+07  -4.033808e+05
25  4.013463e+07  -6.986252e+05
26  4.454440e+07  3.950912e+05
27  3.137974e+07  -2.263244e+05
28  2.777687e+07  2.583590e+05
29  3.012669e+07  -1.212644e+05
30  2.532732e+07  -1.229135e+05
31  2.504149e+07  -2.069963e+05
32  2.162198e+07  -5.896582e+04
33  2.920614e+07  -4.320273e+05
34  2.301590e+07  -3.806534e+05
35  2.702279e+07  1.136929e+05
36  3.286918e+07  2.339924e+05
37  3.626760e+07  1.063479e+05
38  3.563942e+07  1.110812e+05
39  5.107206e+07  8.814196e+05
40  5.383073e+07  3.307191e+05
41  6.234536e+07  -1.049433e+05
42  7.359353e+07  3.092019e+05
43  9.903594e+07  1.645344e+06
44  1.294721e+08  -1.443601e+05
45  1.523128e+08  5.111496e+05
46  1.363511e+08  3.534687e+05
47  1.689283e+08  -5.729458e+04
48  2.480778e+08  -3.123584e+06
49  2.566488e+08  1.636437e+05
50  3.396767e+08  9.048032e+05
51  3.655577e+08  1.028425e+06
52  4.497233e+08  7.413660e+05
53  5.557234e+08  6.110225e+04
54  7.074264e+08  7.609500e+05
55  9.162738e+08  3.721556e+05
56  9.067216e+08  -7.621068e+06
57  1.152822e+09  -3.600263e+06
58  1.418886e+09  -7.129096e+06
59  1.849603e+09  -1.724252e+07
60  2.301477e+09  7.624595e+04
61  3.560615e+09  -9.251775e+06
62  3.431932e+09  3.201214e+05
63  5.385265e+09  -6.933086e+06
ENDPROP
