STARTPROP
MASSES:  4.200000e-03   4.200000e-03
SOURCE: GAM_1
SINKS: GAM_1
0  1.086916e+06  5.283686e-14
1  1.934967e+06  -8.964352e-13
2  9.597871e+05  4.990967e-13
3  5.445884e+05  -9.975252e-13
4  3.043688e+05  1.145957e-12
5  1.677802e+05  3.425909e-13
6  8.882467e+04  -2.126273e-13
7  3.039350e+04  2.241023e-13
8  -2.059765e+03  3.024626e-13
9  -1.276085e+04  -2.424513e-13
10  -1.118993e+04  -2.095987e-13
11  -3.658662e+03  6.686060e-14
12  -8.645142e+02  -2.780008e-14
13  -4.597086e+03  1.699487e-13
14  -2.797283e+03  -9.554711e-14
15  1.953496e+03  3.516344e-14
16  8.625027e+02  -2.326803e-14
17  5.621268e+02  -1.642749e-14
18  1.764644e+03  -5.196612e-14
19  2.478909e+03  3.106075e-14
20  3.235360e+03  4.557073e-14
21  3.546885e+03  5.428390e-15
22  2.602597e+03  2.953427e-14
23  2.146922e+03  -4.212227e-14
24  1.799922e+03  -5.009621e-15
25  1.307506e+03  -1.703404e-14
26  6.877908e+02  -7.627559e-15
27  6.050888e+02  -5.542673e-15
28  3.638483e+02  -2.519909e-15
29  3.171454e+01  -1.214647e-14
30  -3.153881e+02  4.031902e-15
31  -5.384862e+02  1.845161e-15
32  -2.193085e+02  1.330587e-14
33  -4.771188e+01  6.492712e-15
34  -3.089469e+02  2.044583e-15
35  -4.078602e+02  3.673128e-15
36  -6.149951e+02  -1.068510e-14
37  -8.173299e+02  -1.638167e-14
38  -6.487116e+02  -7.009245e-15
39  -5.126252e+02  -2.041912e-15
40  3.601534e+02  2.859268e-14
41  1.164318e+03  -1.218669e-14
42  8.569669e+02  2.996675e-14
43  -7.832663e+02  2.509449e-14
44  -3.102598e+03  -1.566377e-15
45  -3.517735e+03  -1.145651e-14
46  -1.808132e+03  -2.649718e-14
47  1.223351e+03  -6.530123e-15
48  2.637248e+03  -3.470795e-14
49  3.366198e+03  -6.421536e-14
50  4.769939e+03  1.567278e-13
51  2.760780e+02  9.722308e-14
52  2.797397e+02  2.965061e-13
53  1.898701e+03  -2.751312e-14
54  5.260593e+03  -5.033815e-14
55  2.416411e+02  1.176211e-13
56  1.200319e+03  -2.657558e-13
57  4.800258e+03  -1.881048e-13
58  2.745135e+04  -1.509486e-13
59  8.604395e+04  1.565017e-13
60  2.035977e+05  -2.519160e-14
61  4.192734e+05  -2.394135e-13
62  8.280026e+05  -1.028502e-12
63  1.818579e+06  1.148277e-12
ENDPROP
STARTPROP
MASSES:  4.200000e-03   4.200000e-03
SOURCE: GAM_2
SINKS: GAM_2
0  1.139981e+06  -1.728229e-13
1  2.008241e+06  4.363528e-13
2  1.039618e+06  5.170268e-13
3  5.874373e+05  -1.800333e-13
4  3.246048e+05  4.243117e-13
5  1.798445e+05  -1.811082e-13
6  9.620756e+04  3.540028e-13
7  4.264607e+04  2.703014e-13
8  1.620469e+04  2.311585e-13
9  1.856026e+03  6.620274e-15
10  -2.216798e+03  2.538379e-13
11  3.484986e+03  -2.763846e-14
12  7.519147e+02  -1.166368e-14
13  -3.233801e+03  3.657621e-14
14  -2.098438e+03  -4.276772e-14
15  -2.516804e+03  1.226481e-13
16  -1.851272e+03  -2.265741e-14
17  -2.371764e+03  7.680392e-14
18  -4.349659e+03  5.311996e-14
19  -5.033470e+03  -7.965927e-14
20  -4.510209e+03  -3.129028e-15
21  -2.230605e+03  -2.481348e-14
22  -9.070568e+02  -1.967918e-14
23  -6.487505e+02  -1.064333e-14
24  -1.928489e+02  -1.924151e-14
25  6.000146e+02  -9.062771e-15
26  1.005204e+03  1.073384e-14
27  6.816901e+02  3.582949e-15
28  2.858199e+02  -5.474035e-15
29  1.018082e+02  -6.022025e-15
30  -1.231970e+02  5.863553e-15
31  1.030564e+02  -6.977534e-15
32  1.113999e+02  9.851067e-16
33  3.193705e+01  7.309550e-15
34  -1.022131e+02  8.961576e-15
35  2.047437e+02  -1.352691e-15
36  3.663468e+02  -8.564396e-15
37  1.950479e+02  -3.631236e-15
38  -6.205662e+01  -1.434561e-14
39  -8.835992e+01  5.595859e-15
40  6.114005e+02  -4.867095e-15
41  1.226514e+03  -1.721522e-14
42  1.277594e+03  -3.787931e-15
43  1.386358e+03  2.813438e-14
44  -5.780814e+01  3.835958e-14
45  -1.048216e+03  -1.010871e-13
46  -3.248558e+03  6.362817e-15
47  -5.115741e+03  5.621309e-14
48  -2.631348e+03  1.839405e-13
49  -3.018527e+03  -6.802949e-15
50  -1.546967e+03  9.794495e-14
51  -4.804048e+03  -7.281452e-14
52  -9.537410e+03  -1.828362e-13
53  -4.866219e+03  2.437005e-13
54  7.514611e+03  -1.372686e-13
55  1.770933e+04  -1.958469e-13
56  1.621644e+04  -2.952322e-13
57  3.418869e+04  2.941567e-14
58  6.844529e+04  -7.816802e-13
59  1.333834e+05  -1.319412e-13
60  2.882496e+05  5.257878e-13
61  5.320712e+05  -1.388238e-12
62  9.451249e+05  4.042820e-13
63  1.903012e+06  -4.642705e-14
ENDPROP
STARTPROP
MASSES:  4.200000e-03   4.200000e-03
SOURCE: GAM_3
SINKS: GAM_3
0  1.133621e+06  -1.134707e-12
1  1.976549e+06  -6.125801e-13
2  9.882295e+05  -2.016647e-12
3  5.487171e+05  -1.855202e-12
4  3.344469e+05  -1.746318e-13
5  2.186594e+05  9.023685e-14
6  1.387031e+05  -2.632329e-13
7  9.002132e+04  -4.815230e-13
8  6.632598e+04  -2.670386e-13
9  4.500026e+04  9.495226e-14
10  2.655588e+04  -2.855791e-13
11  1.876636e+04  -1.899680e-13
12  9.382711e+03  -2.340144e-13
13  3.863832e+03  9.098625e-14
14  1.753079e+03  1.272158e-13
15  2.829305e+03  -3.991708e-14
16  5.050803e+03  -4.546689e-14
17  6.956155e+03  -6.174160e-14
18  5.452192e+03  -9.508807e-14
19  3.485369e+03  3.223725e-14
20  1.990141e+03  6.309963e-15
21  4.447626e+02  -4.583997e-15
22  -4.930882e+01  1.054703e-14
23  5.963618e+02  1.467857e-16
24  3.055699e+02  2.541841e-14
25  2.393781e+01  -1.240326e-14
26  -1.454371e+02  1.183831e-14
27  -2.581802e+02  -1.329190e-14
28  -1.076993e+02  1.874154e-15
29  -1.899366e+02  1.671235e-14
30  -5.444839e+02  -1.475159e-14
31  -9.580300e+02  -5.263892e-15
32  -1.131059e+03  3.420150e-15
33  -9.009070e+02  -5.996750e-15
34  -6.986804e+02  2.405911e-15
35  -5.453649e+02  2.384140e-14
36  -3.808793e+02  -6.461707e-15
37  -9.339429e+02  -2.454503e-14
38  -9.462770e+02  -4.916012e-15
39  -2.644438e+02  2.450953e-14
40  8.920304e+02  -1.728385e-14
41  2.131480e+03  -2.575693e-14
42  3.577288e+03  -2.390450e-14
43  4.853622e+03  -2.935599e-14
44  4.956976e+03  2.746012e-14
45  2.914523e+03  -4.164472e-14
46  -5.670867e+02  -1.043966e-13
47  -3.308612e+03  -1.019319e-14
48  -4.243370e+03  -2.386459e-14
49  -2.573575e+03  1.025756e-13
50  -2.051016e+03  -1.117908e-13
51  -4.032473e+02  -3.220014e-14
52  -5.276715e+03  -3.959920e-13
53  -1.018092e+04  -3.159470e-13
54  -1.524376e+04  1.640626e-13
55  -1.804752e+04  -9.955154e-14
56  -1.251426e+04  6.973077e-14
57  2.217599e+04  5.170569e-13
58  7.677599e+04  2.268305e-13
59  1.411772e+05  1.717248e-13
60  2.709715e+05  5.460758e-14
61  5.008963e+05  2.009996e-13
62  9.348452e+05  -4.893792e-13
63  1.929868e+06  -3.274956e-13
ENDPROP
STARTPROP
MASSES:  4.200000e-03   4.200000e-03
SOURCE: GAM_4
SINKS: GAM_4
0  2.171653e+06  -5.465734e-13
1  -3.128106e+05  -1.148810e-13
2  -7.231567e+02  6.755817e-13
3  -3.439827e+03  -1.369236e-13
4  -1.919046e+03  -3.969886e-13
5  -1.563740e+03  -2.727714e-13
6  1.462949e+02  -3.056504e-13
7  4.297807e+03  -6.193225e-13
8  1.313671e+03  1.177959e-13
9  -8.131960e+02  -1.890458e-14
10  -2.263153e+03  -1.432103e-13
11  3.734853e+03  2.404359e-13
12  2.037094e+02  9.251779e-14
13  1.569623e+03  -8.875366e-14
14  3.053276e+02  2.390606e-14
15  8.684605e+02  1.049844e-13
16  9.615964e+02  7.123923e-14
17  9.751223e+02  4.068732e-14
18  1.011172e+03  2.854654e-14
19  6.280973e+02  3.297798e-14
20  4.567298e+02  -3.815338e-14
21  4.476268e+02  1.278622e-14
22  5.091229e+02  1.362833e-14
23  3.835907e+02  6.454514e-14
24  3.501851e+02  -3.421149e-15
25  6.865554e+02  1.123658e-14
26  6.016726e+02  -1.636764e-14
27  6.197467e+02  3.829058e-15
28  5.973467e+02  6.276463e-16
29  5.063625e+02  -8.376852e-15
30  5.402256e+02  1.010678e-14
31  5.726938e+02  -7.211553e-15
32  6.788546e+02  -4.388274e-15
33  5.697809e+02  -1.029735e-14
34  5.427444e+02  -5.640604e-15
35  5.893275e+02  3.547091e-15
36  4.634304e+02  6.405279e-15
37  5.482286e+02  -3.538396e-15
38  6.826103e+02  -2.349349e-14
39  5.188949e+02  -5.815384e-15
40  4.726866e+02  3.237283e-14
41  6.438184e+02  -1.100939e-14
42  8.295920e+02  1.145047e-13
43  2.098003e+02  -1.486064e-14
44  3.934310e+02  5.424339e-14
45  5.753870e+02  1.874721e-15
46  -6.722148e+01  -1.640447e-14
47  -5.930478e+01  4.002141e-14
48  1.178109e+03  2.407276e-14
49  7.709593e+02  1.186183e-13
50  9.970331e+01  -1.703482e-13
51  1.276516e+03  -6.870913e-14
52  2.951866e+03  -2.497457e-14
53  1.531750e+03  3.027040e-13
54  5.690678e+02  2.709076e-13
55  1.530522e+03  1.787571e-13
56  1.327921e+01  -1.793339e-13
57  -1.513965e+03  -9.414084e-13
58  4.515794e+03  6.373840e-13
59  4.599147e+03  -6.640372e-13
60  -4.128874e+03  5.692584e-13
61  -1.160137e+04  -1.230329e-13
62  3.724899e+03  -9.005745e-13
63  -2.927927e+05  -1.264579e-12
ENDPROP
STARTPROP
MASSES:  4.200000e-03   4.200000e-03
SOURCE: GAM_5
SINKS: GAM_5
0  1.415212e+07  0.000000e+00
1  1.394541e+07  0.000000e+00
2  1.175833e+07  0.000000e+00
3  1.002341e+07  0.000000e+00
4  8.435680e+06  0.000000e+00
5  7.105530e+06  0.000000e+00
6  5.930313e+06  0.000000e+00
7  5.012405e+06  0.000000e+00
8  4.332219e+06  0.000000e+00
9  3.728719e+06  0.000000e+00
10  3.208394e+06  0.000000e+00
11  2.676208e+06  0.000000e+00
12  2.209183e+06  0.000000e+00
13  1.773965e+06  0.000000e+00
14  1.428300e+06  0.000000e+00
15  1.175646e+06  0.000000e+00
16  9.708587e+05  0.000000e+00
17  7.904720e+05  0.000000e+00
18  6.630715e+05  0.000000e+00
19  5.755086e+05  0.000000e+00
20  5.036457e+05  0.000000e+00
21  4.356567e+05  0.000000e+00
22  3.824215e+05  0.000000e+00
23  3.252742e+05  0.000000e+00
24  2.766729e+05  0.000000e+00
25  2.381774e+05  0.000000e+00
26  2.048308e+05  0.000000e+00
27  1.766273e+05  0.000000e+00
28  1.476654e+05  0.000000e+00
29  1.312687e+05  0.000000e+00
30  1.228149e+05  0.000000e+00
31  1.196679e+05  0.000000e+00
32  1.192617e+05  0.000000e+00
33  1.188020e+05  0.000000e+00
34  1.234005e+05  0.000000e+00
35  1.334544e+05  0.000000e+00
36  1.477927e+05  0.000000e+00
37  1.689520e+05  0.000000e+00
38  1.980910e+05  0.000000e+00
39  2.344777e+05  0.000000e+00
40  2.774658e+05  0.000000e+00
41  3.288905e+05  0.000000e+00
42  3.879475e+05  0.000000e+00
43  4.527824e+05  0.000000e+00
44  5.252585e+05  0.000000e+00
45  6.215272e+05  0.000000e+00
46  7.498467e+05  0.000000e+00
47  8.968767e+05  0.000000e+00
48  1.060267e+06  0.000000e+00
49  1.245193e+06  0.000000e+00
50  1.497973e+06  0.000000e+00
51  1.809092e+06  0.000000e+00
52  2.160639e+06  0.000000e+00
53  2.609359e+06  0.000000e+00
54  3.157781e+06  0.000000e+00
55  3.789501e+06  0.000000e+00
56  4.552079e+06  0.000000e+00
57  5.364761e+06  0.000000e+00
58  6.255517e+06  0.000000e+00
59  7.319220e+06  0.000000e+00
60  8.641469e+06  0.000000e+00
61  1.031856e+07  0.000000e+00
62  1.200072e+07  0.000000e+00
63  1.403466e+07  0.000000e+00
ENDPROP
STARTPROP
MASSES:  4.200000e-03   4.200000e-03
SOURCE: GAM_12
SINKS: GAM_12
0  7.322889e+05  0.000000e+00
1  -8.068795e+05  0.000000e+00
2  -2.248244e+05  0.000000e+00
3  -8.992572e+04  0.000000e+00
4  -6.080236e+04  0.000000e+00
5  -1.980481e+04  0.000000e+00
6  -1.191690e+04  0.000000e+00
7  -1.438305e+04  0.000000e+00
8  -1.155866e+04  0.000000e+00
9  -5.346299e+03  0.000000e+00
10  2.634375e+03  0.000000e+00
11  3.676878e+03  0.000000e+00
12  1.258411e+04  0.000000e+00
13  1.146731e+04  0.000000e+00
14  8.203058e+03  0.000000e+00
15  5.996009e+03  0.000000e+00
16  2.763998e+03  0.000000e+00
17  1.658086e+03  0.000000e+00
18  1.672271e+03  0.000000e+00
19  1.812367e+03  0.000000e+00
20  1.700086e+03  0.000000e+00
21  7.919260e+02  0.000000e+00
22  8.340020e+02  0.000000e+00
23  1.081764e+02  0.000000e+00
24  -8.886857e+02  0.000000e+00
25  -9.755912e+02  0.000000e+00
26  -5.028869e+02  0.000000e+00
27  -4.850685e+02  0.000000e+00
28  -5.893504e+02  0.000000e+00
29  -5.946190e+02  0.000000e+00
30  -3.154688e+02  0.000000e+00
31  -1.879488e+02  0.000000e+00
32  -2.544305e+02  0.000000e+00
33  1.324407e+02  0.000000e+00
34  4.476190e+02  0.000000e+00
35  6.601993e+02  0.000000e+00
36  8.675721e+02  0.000000e+00
37  1.156392e+03  0.000000e+00
38  1.123384e+03  0.000000e+00
39  5.158424e+02  0.000000e+00
40  1.069671e+02  0.000000e+00
41  -1.590482e+00  0.000000e+00
42  -1.449167e+02  0.000000e+00
43  -1.662508e+03  0.000000e+00
44  -1.663232e+03  0.000000e+00
45  -9.594318e+02  0.000000e+00
46  1.302214e+03  0.000000e+00
47  2.149396e+03  0.000000e+00
48  -1.898789e+03  0.000000e+00
49  -7.175155e+03  0.000000e+00
50  -1.053450e+04  0.000000e+00
51  -6.773509e+03  0.000000e+00
52  -3.210945e+03  0.000000e+00
53  -5.829761e+03  0.000000e+00
54  -1.287155e+04  0.000000e+00
55  -2.255552e+04  0.000000e+00
56  -2.890667e+04  0.000000e+00
57  -3.350944e+04  0.000000e+00
58  -3.627575e+04  0.000000e+00
59  -3.759300e+04  0.000000e+00
60  -1.703781e+04  0.000000e+00
61  -3.792158e+04  0.000000e+00
62  -1.841336e+05  0.000000e+00
63  -7.869415e+05  0.000000e+00
ENDPROP
STARTPROP
MASSES:  4.200000e-03   4.200000e-03
SOURCE: GAM_21
SINKS: GAM_21
0  7.322889e+05  0.000000e+00
1  -8.068795e+05  0.000000e+00
2  -2.248244e+05  0.000000e+00
3  -8.992572e+04  0.000000e+00
4  -6.080236e+04  0.000000e+00
5  -1.980481e+04  0.000000e+00
6  -1.191690e+04  0.000000e+00
7  -1.438305e+04  0.000000e+00
8  -1.155866e+04  0.000000e+00
9  -5.346299e+03  0.000000e+00
10  2.634375e+03  0.000000e+00
11  3.676878e+03  0.000000e+00
12  1.258411e+04  0.000000e+00
13  1.146731e+04  0.000000e+00
14  8.203058e+03  0.000000e+00
15  5.996009e+03  0.000000e+00
16  2.763998e+03  0.000000e+00
17  1.658086e+03  0.000000e+00
18  1.672271e+03  0.000000e+00
19  1.812367e+03  0.000000e+00
20  1.700086e+03  0.000000e+00
21  7.919260e+02  0.000000e+00
22  8.340020e+02  0.000000e+00
23  1.081764e+02  0.000000e+00
24  -8.886857e+02  0.000000e+00
25  -9.755912e+02  0.000000e+00
26  -5.028869e+02  0.000000e+00
27  -4.850685e+02  0.000000e+00
28  -5.893504e+02  0.000000e+00
29  -5.946190e+02  0.000000e+00
30  -3.154688e+02  0.000000e+00
31  -1.879488e+02  0.000000e+00
32  -2.544305e+02  0.000000e+00
33  1.324407e+02  0.000000e+00
34  4.476190e+02  0.000000e+00
35  6.601993e+02  0.000000e+00
36  8.675721e+02  0.000000e+00
37  1.156392e+03  0.000000e+00
38  1.123384e+03  0.000000e+00
39  5.158424e+02  0.000000e+00
40  1.069671e+02  0.000000e+00
41  -1.590482e+00  0.000000e+00
42  -1.449167e+02  0.000000e+00
43  -1.662508e+03  0.000000e+00
44  -1.663232e+03  0.000000e+00
45  -9.594318e+02  0.000000e+00
46  1.302214e+03  0.000000e+00
47  2.149396e+03  0.000000e+00
48  -1.898789e+03  0.000000e+00
49  -7.175155e+03  0.000000e+00
50  -1.053450e+04  0.000000e+00
51  -6.773509e+03  0.000000e+00
52  -3.210945e+03  0.000000e+00
53  -5.829761e+03  0.000000e+00
54  -1.287155e+04  0.000000e+00
55  -2.255552e+04  0.000000e+00
56  -2.890667e+04  0.000000e+00
57  -3.350944e+04  0.000000e+00
58  -3.627575e+04  0.000000e+00
59  -3.759300e+04  0.000000e+00
60  -1.703781e+04  0.000000e+00
61  -3.792158e+04  0.000000e+00
62  -1.841336e+05  0.000000e+00
63  -7.869415e+05  0.000000e+00
ENDPROP
STARTPROP
MASSES:  4.200000e-03   4.200000e-03
SOURCE: GAM_13
SINKS: GAM_13
0  8.145263e+05  -1.261379e-12
1  -7.305833e+05  5.555480e-13
2  -1.652837e+05  -1.041766e-12
3  -5.980883e+04  -5.342486e-13
4  -1.654409e+04  -4.266969e-13
5  -1.192227e+04  1.598287e-14
6  -3.647534e+03  -2.620738e-13
7  -3.076326e+03  -1.766725e-13
8  -5.853808e+03  1.749431e-14
9  -1.528063e+04  -1.378383e-13
10  -1.458199e+04  1.167604e-13
11  -8.020122e+03  1.662380e-13
12  9.032859e+02  2.180365e-13
13  3.390276e+03  -7.657973e-14
14  -9.438793e+02  -1.174244e-13
15  -5.264205e+03  -1.237208e-13
16  -4.967027e+03  1.679616e-14
17  -1.272902e+03  4.675893e-16
18  2.459131e+03  -4.979999e-14
19  3.211565e+03  2.268966e-14
20  2.252932e+03  7.138563e-14
21  1.061977e+03  -8.867147e-16
22  -3.180574e+02  -2.795629e-14
23  -1.603669e+02  -2.925514e-14
24  -2.696213e+02  4.264316e-15
25  -6.013104e+02  1.681057e-14
26  -1.880954e+02  2.083400e-15
27  -2.391991e+02  -1.366957e-15
28  1.682928e+02  -9.413529e-15
29  -1.251636e+02  1.428353e-14
30  3.175291e+01  -5.952090e-15
31  -2.402910e+02  -1.208518e-14
32  -5.128970e+02  2.986935e-15
33  -5.691153e+02  -9.094584e-16
34  -5.937199e+02  8.115473e-15
35  -7.407703e+02  -1.958344e-15
36  -2.897465e+02  -4.492283e-15
37  1.268276e+02  3.218048e-16
38  9.680899e+02  9.900568e-15
39  1.220021e+03  5.001843e-15
40  2.105145e+03  1.386036e-14
41  2.445721e+03  6.457966e-15
42  3.787628e+03  -4.196885e-14
43  1.774292e+03  1.727411e-14
44  1.180176e+03  5.254193e-15
45  -6.123906e+02  -9.072794e-15
46  -3.373363e+03  3.439822e-14
47  -5.499362e+03  4.538968e-14
48  -6.940142e+03  9.558218e-14
49  -7.922910e+03  2.708302e-14
50  -3.544959e+03  -5.238633e-14
51  3.374917e+03  -1.780556e-13
52  3.899550e+03  7.024444e-14
53  4.750284e+03  -3.075911e-14
54  2.469075e+03  -1.951287e-13
55  6.704540e+03  -3.509380e-13
56  1.715687e+04  -1.104012e-13
57  2.067344e+04  1.568461e-13
58  2.572631e+04  -1.230970e-13
59  3.044627e+04  2.773725e-13
60  2.897768e+04  5.938951e-14
61  -3.294352e+04  5.890622e-13
62  -1.547892e+05  1.808005e-13
63  -7.068293e+05  1.338966e-13
ENDPROP
STARTPROP
MASSES:  4.200000e-03   4.200000e-03
SOURCE: GAM_31
SINKS: GAM_31
0  8.145263e+05  -1.261379e-12
1  -7.305833e+05  5.555480e-13
2  -1.652837e+05  -1.041766e-12
3  -5.980883e+04  -5.342486e-13
4  -1.654409e+04  -4.266969e-13
5  -1.192227e+04  1.598287e-14
6  -3.647534e+03  -2.620738e-13
7  -3.076326e+03  -1.766725e-13
8  -5.853808e+03  1.749431e-14
9  -1.528063e+04  -1.378383e-13
10  -1.458199e+04  1.167604e-13
11  -8.020122e+03  1.662380e-13
12  9.032859e+02  2.180365e-13
13  3.390276e+03  -7.657973e-14
14  -9.438793e+02  -1.174244e-13
15  -5.264205e+03  -1.237208e-13
16  -4.967027e+03  1.679616e-14
17  -1.272902e+03  4.675893e-16
18  2.459131e+03  -4.979999e-14
19  3.211565e+03  2.268966e-14
20  2.252932e+03  7.138563e-14
21  1.061977e+03  -8.867147e-16
22  -3.180574e+02  -2.795629e-14
23  -1.603669e+02  -2.925514e-14
24  -2.696213e+02  4.264316e-15
25  -6.013104e+02  1.681057e-14
26  -1.880954e+02  2.083400e-15
27  -2.391991e+02  -1.366957e-15
28  1.682928e+02  -9.413529e-15
29  -1.251636e+02  1.428353e-14
30  3.175291e+01  -5.952090e-15
31  -2.402910e+02  -1.208518e-14
32  -5.128970e+02  2.986935e-15
33  -5.691153e+02  -9.094584e-16
34  -5.937199e+02  8.115473e-15
35  -7.407703e+02  -1.958344e-15
36  -2.897465e+02  -4.492283e-15
37  1.268276e+02  3.218048e-16
38  9.680899e+02  9.900568e-15
39  1.220021e+03  5.001843e-15
40  2.105145e+03  1.386036e-14
41  2.445721e+03  6.457966e-15
42  3.787628e+03  -4.196885e-14
43  1.774292e+03  1.727411e-14
44  1.180176e+03  5.254193e-15
45  -6.123906e+02  -9.072794e-15
46  -3.373363e+03  3.439822e-14
47  -5.499362e+03  4.538968e-14
48  -6.940142e+03  9.558218e-14
49  -7.922910e+03  2.708302e-14
50  -3.544959e+03  -5.238633e-14
51  3.374917e+03  -1.780556e-13
52  3.899550e+03  7.024444e-14
53  4.750284e+03  -3.075911e-14
54  2.469075e+03  -1.951287e-13
55  6.704540e+03  -3.509380e-13
56  1.715687e+04  -1.104012e-13
57  2.067344e+04  1.568461e-13
58  2.572631e+04  -1.230970e-13
59  3.044627e+04  2.773725e-13
60  2.897768e+04  5.938951e-14
61  -3.294352e+04  5.890622e-13
62  -1.547892e+05  1.808005e-13
63  -7.068293e+05  1.338966e-13
ENDPROP
STARTPROP
MASSES:  4.200000e-03   4.200000e-03
SOURCE: GAM_14
SINKS: GAM_14
0  -1.399067e+05  5.200989e-13
1  1.325048e+06  6.680969e-13
2  5.907760e+05  -3.215509e-13
3  3.369968e+05  5.343757e-13
4  1.864990e+05  2.660962e-13
5  9.747364e+04  7.840516e-14
6  6.826674e+04  -4.610674e-13
7  3.916730e+04  -2.373497e-13
8  3.098423e+04  2.270593e-13
9  2.205797e+04  1.903274e-14
10  6.022025e+03  7.722257e-14
11  -4.881978e+03  -1.415834e-13
12  -8.684851e+03  -3.828104e-14
13  -7.213755e+03  7.142861e-14
14  -5.292307e+03  -2.426545e-14
15  -5.577191e+03  -4.240606e-14
16  -4.285812e+03  2.870938e-14
17  -7.070987e+02  -2.152654e-14
18  7.305541e+02  -1.350047e-14
19  1.965158e+03  -2.271673e-14
20  2.092741e+03  -1.432792e-14
21  1.135517e+03  1.573150e-14
22  -4.036444e+02  -4.446261e-14
23  -7.269674e+02  8.899125e-15
24  -3.812203e+02  -3.752491e-15
25  -1.670323e+02  -8.804575e-15
26  1.216804e+01  1.595853e-14
27  -7.276915e+02  -3.840193e-16
28  -8.459279e+02  -1.790883e-15
29  -6.596462e+02  -1.435074e-15
30  -4.275879e+02  6.862691e-15
31  -5.638798e+02  -6.146486e-16
32  -5.759442e+02  2.477576e-15
33  -4.458432e+02  -3.086374e-15
34  -2.372699e+02  4.196950e-15
35  -8.413320e+01  -6.656951e-15
36  2.146826e+02  7.644059e-15
37  2.701997e+02  -7.539962e-15
38  -9.940857e+01  1.482295e-14
39  -5.853690e+02  -1.498274e-15
40  -3.730517e+02  -4.839852e-15
41  -4.102140e+02  2.414911e-14
42  -1.859417e+03  2.628732e-14
43  -1.684707e+03  -2.516612e-14
44  -8.001404e+02  3.956594e-14
45  6.159250e+02  8.401076e-15
46  4.908782e+02  -7.176382e-15
47  8.740726e+02  1.042341e-13
48  2.349762e+03  2.418421e-15
49  2.922190e+03  3.117437e-14
50  5.829925e+03  -1.676378e-14
51  5.753564e+03  -9.794261e-14
52  7.681639e+03  3.386382e-14
53  2.663440e+03  -1.029757e-13
54  2.933564e+03  2.950555e-13
55  -5.012722e+03  8.489044e-14
56  -1.011198e+04  1.356416e-13
57  -2.439413e+03  6.946459e-14
58  7.995340e+03  -3.393893e-13
59  4.801141e+04  -5.155904e-13
60  1.018804e+05  -3.858169e-13
61  2.019916e+05  3.853038e-14
62  4.539688e+05  3.870522e-13
63  1.213898e+06  1.011660e-12
ENDPROP
STARTPROP
MASSES:  4.200000e-03   4.200000e-03
SOURCE: GAM_41
SINKS: GAM_41
0  -1.399067e+05  5.200989e-13
1  1.325048e+06  6.680969e-13
2  5.907760e+05  -3.215509e-13
3  3.369968e+05  5.343757e-13
4  1.864990e+05  2.660962e-13
5  9.747364e+04  7.840516e-14
6  6.826674e+04  -4.610674e-13
7  3.916730e+04  -2.373497e-13
8  3.098423e+04  2.270593e-13
9  2.205797e+04  1.903274e-14
10  6.022025e+03  7.722257e-14
11  -4.881978e+03  -1.415834e-13
12  -8.684851e+03  -3.828104e-14
13  -7.213755e+03  7.142861e-14
14  -5.292307e+03  -2.426545e-14
15  -5.577191e+03  -4.240606e-14
16  -4.285812e+03  2.870938e-14
17  -7.070987e+02  -2.152654e-14
18  7.305541e+02  -1.350047e-14
19  1.965158e+03  -2.271673e-14
20  2.092741e+03  -1.432792e-14
21  1.135517e+03  1.573150e-14
22  -4.036444e+02  -4.446261e-14
23  -7.269674e+02  8.899125e-15
24  -3.812203e+02  -3.752491e-15
25  -1.670323e+02  -8.804575e-15
26  1.216804e+01  1.595853e-14
27  -7.276915e+02  -3.840193e-16
28  -8.459279e+02  -1.790883e-15
29  -6.596462e+02  -1.435074e-15
30  -4.275879e+02  6.862691e-15
31  -5.638798e+02  -6.146486e-16
32  -5.759442e+02  2.477576e-15
33  -4.458432e+02  -3.086374e-15
34  -2.372699e+02  4.196950e-15
35  -8.413320e+01  -6.656951e-15
36  2.146826e+02  7.644059e-15
37  2.701997e+02  -7.539962e-15
38  -9.940857e+01  1.482295e-14
39  -5.853690e+02  -1.498274e-15
40  -3.730517e+02  -4.839852e-15
41  -4.102140e+02  2.414911e-14
42  -1.859417e+03  2.628732e-14
43  -1.684707e+03  -2.516612e-14
44  -8.001404e+02  3.956594e-14
45  6.159250e+02  8.401076e-15
46  4.908782e+02  -7.176382e-15
47  8.740726e+02  1.042341e-13
48  2.349762e+03  2.418421e-15
49  2.922190e+03  3.117437e-14
50  5.829925e+03  -1.676378e-14
51  5.753564e+03  -9.794261e-14
52  7.681639e+03  3.386382e-14
53  2.663440e+03  -1.029757e-13
54  2.933564e+03  2.950555e-13
55  -5.012722e+03  8.489044e-14
56  -1.011198e+04  1.356416e-13
57  -2.439413e+03  6.946459e-14
58  7.995340e+03  -3.393893e-13
59  4.801141e+04  -5.155904e-13
60  1.018804e+05  -3.858169e-13
61  2.019916e+05  3.853038e-14
62  4.539688e+05  3.870522e-13
63  1.213898e+06  1.011660e-12
ENDPROP
STARTPROP
MASSES:  4.200000e-03   4.200000e-03
SOURCE: GAM_23
SINKS: GAM_23
0  6.596372e+05  6.292894e-13
1  -8.596388e+05  1.185960e-12
2  -2.810678e+05  -1.663418e-13
3  -1.408871e+05  -5.680758e-13
4  -6.949175e+04  1.851609e-13
5  -2.000355e+04  -5.397505e-14
6  -1.234097e+04  1.867381e-14
7  -5.079302e+02  1.925981e-13
8  3.087134e+03  2.889126e-13
9  -9.382834e+02  3.170424e-15
10  -3.970062e+03  -2.983867e-13
11  -1.075859e+04  1.172442e-13
12  -1.208126e+04  -1.210100e-13
13  -7.750014e+03  9.954501e-14
14  -7.479473e+01  2.018858e-14
15  2.485021e+03  1.670965e-13
16  2.785761e+03  -4.355227e-14
17  4.528487e+03  3.171733e-14
18  3.273449e+03  1.351958e-14
19  2.125274e+03  -3.366023e-14
20  1.159454e+03  8.786403e-15
21  2.637165e+02  -1.059640e-14
22  1.287315e+03  2.065273e-15
23  1.916368e+03  1.794918e-14
24  1.202067e+03  -2.284703e-14
25  9.637951e+02  -1.819073e-14
26  8.123860e+02  -2.680715e-16
27  1.342825e+03  1.577666e-14
28  1.165536e+03  2.185383e-14
29  8.891497e+02  -1.120221e-15
30  5.451048e+02  3.945971e-15
31  1.884803e+02  -9.823428e-15
32  -2.751153e+02  7.881674e-15
33  -2.315331e+02  3.622236e-15
34  -4.658606e+01  -5.515550e-15
35  4.504098e+02  2.103837e-15
36  2.235421e+02  6.372940e-15
37  3.067079e+01  1.402971e-15
38  1.764429e+02  1.222868e-14
39  3.892348e+02  -9.961123e-15
40  7.369675e+02  8.601653e-15
41  6.188374e+02  -1.849039e-14
42  -1.191953e+03  2.470433e-15
43  -1.629791e+03  -2.113375e-15
44  -1.245523e+03  3.894664e-14
45  -2.544402e+03  -7.598279e-15
46  -1.527353e+03  3.646579e-14
47  5.148614e+02  -2.240071e-14
48  1.610627e+03  8.315245e-14
49  -3.561156e+02  -9.741895e-14
50  -6.778864e+03  2.249301e-14
51  -9.413707e+03  2.553893e-13
52  -1.044834e+04  1.358586e-13
53  -1.010988e+04  -2.078501e-13
54  -5.474322e+03  -1.004337e-13
55  5.583303e+03  1.557921e-13
56  1.420034e+04  -4.429782e-14
57  2.122526e+04  1.564367e-13
58  7.933798e+03  -4.418629e-13
59  -1.351777e+04  1.160710e-13
60  -5.822403e+04  4.238272e-13
61  -1.446732e+05  -7.151445e-13
62  -2.836721e+05  -8.962210e-14
63  -8.474091e+05  2.537521e-13
ENDPROP
STARTPROP
MASSES:  4.200000e-03   4.200000e-03
SOURCE: GAM_32
SINKS: GAM_32
0  6.596372e+05  6.292894e-13
1  -8.596388e+05  1.185960e-12
2  -2.810678e+05  -1.663418e-13
3  -1.408871e+05  -5.680758e-13
4  -6.949175e+04  1.851609e-13
5  -2.000355e+04  -5.397505e-14
6  -1.234097e+04  1.867381e-14
7  -5.079302e+02  1.925981e-13
8  3.087134e+03  2.889126e-13
9  -9.382834e+02  3.170424e-15
10  -3.970062e+03  -2.983867e-13
11  -1.075859e+04  1.172442e-13
12  -1.208126e+04  -1.210100e-13
13  -7.750014e+03  9.954501e-14
14  -7.479473e+01  2.018858e-14
15  2.485021e+03  1.670965e-13
16  2.785761e+03  -4.355227e-14
17  4.528487e+03  3.171733e-14
18  3.273449e+03  1.351958e-14
19  2.125274e+03  -3.366023e-14
20  1.159454e+03  8.786403e-15
21  2.637165e+02  -1.059640e-14
22  1.287315e+03  2.065273e-15
23  1.916368e+03  1.794918e-14
24  1.202067e+03  -2.284703e-14
25  9.637951e+02  -1.819073e-14
26  8.123860e+02  -2.680715e-16
27  1.342825e+03  1.577666e-14
28  1.165536e+03  2.185383e-14
29  8.891497e+02  -1.120221e-15
30  5.451048e+02  3.945971e-15
31  1.884803e+02  -9.823428e-15
32  -2.751153e+02  7.881674e-15
33  -2.315331e+02  3.622236e-15
34  -4.658606e+01  -5.515550e-15
35  4.504098e+02  2.103837e-15
36  2.235421e+02  6.372940e-15
37  3.067079e+01  1.402971e-15
38  1.764429e+02  1.222868e-14
39  3.892348e+02  -9.961123e-15
40  7.369675e+02  8.601653e-15
41  6.188374e+02  -1.849039e-14
42  -1.191953e+03  2.470433e-15
43  -1.629791e+03  -2.113375e-15
44  -1.245523e+03  3.894664e-14
45  -2.544402e+03  -7.598279e-15
46  -1.527353e+03  3.646579e-14
47  5.148614e+02  -2.240071e-14
48  1.610627e+03  8.315245e-14
49  -3.561156e+02  -9.741895e-14
50  -6.778864e+03  2.249301e-14
51  -9.413707e+03  2.553893e-13
52  -1.044834e+04  1.358586e-13
53  -1.010988e+04  -2.078501e-13
54  -5.474322e+03  -1.004337e-13
55  5.583303e+03  1.557921e-13
56  1.420034e+04  -4.429782e-14
57  2.122526e+04  1.564367e-13
58  7.933798e+03  -4.418629e-13
59  -1.351777e+04  1.160710e-13
60  -5.822403e+04  4.238272e-13
61  -1.446732e+05  -7.151445e-13
62  -2.836721e+05  -8.962210e-14
63  -8.474091e+05  2.537521e-13
ENDPROP
STARTPROP
MASSES:  4.200000e-03   4.200000e-03
SOURCE: GAM_24
SINKS: GAM_24
0  -5.860803e+04  1.918522e-12
1  1.318344e+06  -3.296328e-13
2  5.809343e+05  -6.575461e-13
3  3.115488e+05  -8.373395e-13
4  1.758737e+05  1.721852e-13
5  8.593603e+04  3.098728e-13
6  4.862700e+04  -4.633573e-13
7  1.572848e+04  1.886741e-13
8  1.481320e+04  2.420785e-13
9  1.604607e+04  2.033749e-13
10  1.785138e+04  2.556251e-14
11  1.849854e+04  2.282995e-13
12  1.442921e+04  -5.480775e-14
13  8.179690e+03  2.298143e-15
14  5.745964e+03  -1.553802e-13
15  6.688999e+03  -3.146473e-14
16  6.543247e+03  -9.139689e-15
17  3.701543e+03  -1.324540e-14
18  8.257750e+02  1.638665e-14
19  1.571929e+02  1.551137e-14
20  -1.966336e+02  6.417526e-14
21  7.944204e+01  -5.057180e-14
22  -3.810732e+02  1.090152e-14
23  -8.708231e+02  7.145861e-15
24  -8.229137e+02  -2.009771e-14
25  -3.404421e+02  7.517655e-15
26  -6.783267e+02  -9.171052e-15
27  -4.742201e+02  -4.167622e-16
28  -5.596582e+02  -3.883448e-15
29  -8.312446e+02  -3.506496e-15
30  -7.301788e+02  6.214274e-16
31  -5.888247e+02  -6.894673e-15
32  -5.143382e+02  1.241369e-15
33  -4.619966e+02  7.608634e-16
34  -3.377328e+02  -2.750618e-15
35  -5.080712e+02  -7.666668e-15
36  -6.349565e+02  -7.920314e-15
37  -8.563975e+02  -4.627239e-16
38  -8.610203e+02  4.942729e-15
39  -7.444996e+02  1.713927e-14
40  -1.360626e+03  3.919653e-16
41  -1.607419e+03  1.061436e-14
42  -1.830235e+03  -2.235520e-14
43  -1.980465e+03  1.218703e-14
44  -2.972541e+03  5.406848e-15
45  -5.236114e+03  -2.955294e-14
46  -7.983816e+03  -5.314806e-15
47  -7.478662e+03  5.519780e-14
48  -3.436059e+03  -7.436109e-15
49  -7.977383e+01  5.853703e-14
50  2.025592e+03  -8.873573e-14
51  3.931580e+03  -1.490302e-13
52  5.553074e+03  -1.850860e-13
53  4.474581e+03  2.217077e-14
54  2.718562e+03  -2.648230e-13
55  3.326734e+03  -5.467500e-14
56  1.282686e+04  -3.302531e-13
57  1.806713e+04  -1.643067e-13
58  4.158270e+04  9.216090e-13
59  6.759602e+04  -3.406678e-13
60  1.541185e+05  3.666576e-13
61  3.043680e+05  7.145452e-13
62  6.030111e+05  -9.944758e-14
63  1.363509e+06  -4.844976e-13
ENDPROP
STARTPROP
MASSES:  4.200000e-03   4.200000e-03
SOURCE: GAM_42
SINKS: GAM_42
0  -5.860803e+04  1.918522e-12
1  1.318344e+06  -3.296328e-13
2  5.809343e+05  -6.575461e-13
3  3.115488e+05  -8.373395e-13
4  1.758737e+05  1.721852e-13
5  8.593603e+04  3.098728e-13
6  4.862700e+04  -4.633573e-13
7  1.572848e+04  1.886741e-13
8  1.481320e+04  2.420785e-13
9  1.604607e+04  2.033749e-13
10  1.785138e+04  2.556251e-14
11  1.849854e+04  2.282995e-13
12  1.442921e+04  -5.480775e-14
13  8.179690e+03  2.298143e-15
14  5.745964e+03  -1.553802e-13
15  6.688999e+03  -3.146473e-14
16  6.543247e+03  -9.139689e-15
17  3.701543e+03  -1.324540e-14
18  8.257750e+02  1.638665e-14
19  1.571929e+02  1.551137e-14
20  -1.966336e+02  6.417526e-14
21  7.944204e+01  -5.057180e-14
22  -3.810732e+02  1.090152e-14
23  -8.708231e+02  7.145861e-15
24  -8.229137e+02  -2.009771e-14
25  -3.404421e+02  7.517655e-15
26  -6.783267e+02  -9.171052e-15
27  -4.742201e+02  -4.167622e-16
28  -5.596582e+02  -3.883448e-15
29  -8.312446e+02  -3.506496e-15
30  -7.301788e+02  6.214274e-16
31  -5.888247e+02  -6.894673e-15
32  -5.143382e+02  1.241369e-15
33  -4.619966e+02  7.608634e-16
34  -3.377328e+02  -2.750618e-15
35  -5.080712e+02  -7.666668e-15
36  -6.349565e+02  -7.920314e-15
37  -8.563975e+02  -4.627239e-16
38  -8.610203e+02  4.942729e-15
39  -7.444996e+02  1.713927e-14
40  -1.360626e+03  3.919653e-16
41  -1.607419e+03  1.061436e-14
42  -1.830235e+03  -2.235520e-14
43  -1.980465e+03  1.218703e-14
44  -2.972541e+03  5.406848e-15
45  -5.236114e+03  -2.955294e-14
46  -7.983816e+03  -5.314806e-15
47  -7.478662e+03  5.519780e-14
48  -3.436059e+03  -7.436109e-15
49  -7.977383e+01  5.853703e-14
50  2.025592e+03  -8.873573e-14
51  3.931580e+03  -1.490302e-13
52  5.553074e+03  -1.850860e-13
53  4.474581e+03  2.217077e-14
54  2.718562e+03  -2.648230e-13
55  3.326734e+03  -5.467500e-14
56  1.282686e+04  -3.302531e-13
57  1.806713e+04  -1.643067e-13
58  4.158270e+04  9.216090e-13
59  6.759602e+04  -3.406678e-13
60  1.541185e+05  3.666576e-13
61  3.043680e+05  7.145452e-13
62  6.030111e+05  -9.944758e-14
63  1.363509e+06  -4.844976e-13
ENDPROP
STARTPROP
MASSES:  4.200000e-03   4.200000e-03
SOURCE: GAM_34
SINKS: GAM_34
0  -1.345023e+05  0.000000e+00
1  1.259420e+06  0.000000e+00
2  5.416251e+05  0.000000e+00
3  2.906835e+05  0.000000e+00
4  1.517387e+05  0.000000e+00
5  6.291027e+04  0.000000e+00
6  3.478309e+04  0.000000e+00
7  3.112273e+04  0.000000e+00
8  2.398167e+04  0.000000e+00
9  1.399532e+04  0.000000e+00
10  1.036261e+04  0.000000e+00
11  4.672338e+03  0.000000e+00
12  -1.772201e+02  0.000000e+00
13  -3.386131e+03  0.000000e+00
14  -6.453604e+03  0.000000e+00
15  -5.247700e+03  0.000000e+00
16  -3.839891e+03  0.000000e+00
17  -2.205192e+03  0.000000e+00
18  -8.646532e+01  0.000000e+00
19  9.516386e+02  0.000000e+00
20  1.808419e+03  0.000000e+00
21  2.075012e+03  0.000000e+00
22  1.064590e+03  0.000000e+00
23  6.936556e+02  0.000000e+00
24  2.106223e+02  0.000000e+00
25  4.401786e+01  0.000000e+00
26  2.977032e+01  0.000000e+00
27  1.324437e+02  0.000000e+00
28  6.767043e-01  0.000000e+00
29  1.095731e+02  0.000000e+00
30  1.292020e+02  0.000000e+00
31  2.292599e+01  0.000000e+00
32  -7.612407e+01  0.000000e+00
33  -1.097540e+02  0.000000e+00
34  2.193157e+02  0.000000e+00
35  4.508298e+02  0.000000e+00
36  1.041685e+02  0.000000e+00
37  1.908791e+02  0.000000e+00
38  4.625587e+02  0.000000e+00
39  8.047431e+02  0.000000e+00
40  1.896089e+03  0.000000e+00
41  2.208018e+03  0.000000e+00
42  2.417386e+03  0.000000e+00
43  1.602356e+03  0.000000e+00
44  1.398191e+03  0.000000e+00
45  7.303766e+02  0.000000e+00
46  3.634129e+02  0.000000e+00
47  6.184276e+02  0.000000e+00
48  -6.367129e+02  0.000000e+00
49  -4.605436e+03  0.000000e+00
50  -4.913520e+02  0.000000e+00
51  3.416555e+03  0.000000e+00
52  2.514928e+03  0.000000e+00
53  -1.469248e+03  0.000000e+00
54  -3.042127e+03  0.000000e+00
55  -1.247667e+04  0.000000e+00
56  -3.992747e+03  0.000000e+00
57  2.585531e+04  0.000000e+00
58  5.650753e+04  0.000000e+00
59  1.040921e+05  0.000000e+00
60  1.797265e+05  0.000000e+00
61  2.984731e+05  0.000000e+00
62  5.563415e+05  0.000000e+00
63  1.282998e+06  0.000000e+00
ENDPROP
STARTPROP
MASSES:  4.200000e-03   4.200000e-03
SOURCE: GAM_43
SINKS: GAM_43
0  -1.345023e+05  0.000000e+00
1  1.259420e+06  0.000000e+00
2  5.416251e+05  0.000000e+00
3  2.906835e+05  0.000000e+00
4  1.517387e+05  0.000000e+00
5  6.291027e+04  0.000000e+00
6  3.478309e+04  0.000000e+00
7  3.112273e+04  0.000000e+00
8  2.398167e+04  0.000000e+00
9  1.399532e+04  0.000000e+00
10  1.036261e+04  0.000000e+00
11  4.672338e+03  0.000000e+00
12  -1.772201e+02  0.000000e+00
13  -3.386131e+03  0.000000e+00
14  -6.453604e+03  0.000000e+00
15  -5.247700e+03  0.000000e+00
16  -3.839891e+03  0.000000e+00
17  -2.205192e+03  0.000000e+00
18  -8.646532e+01  0.000000e+00
19  9.516386e+02  0.000000e+00
20  1.808419e+03  0.000000e+00
21  2.075012e+03  0.000000e+00
22  1.064590e+03  0.000000e+00
23  6.936556e+02  0.000000e+00
24  2.106223e+02  0.000000e+00
25  4.401786e+01  0.000000e+00
26  2.977032e+01  0.000000e+00
27  1.324437e+02  0.000000e+00
28  6.767043e-01  0.000000e+00
29  1.095731e+02  0.000000e+00
30  1.292020e+02  0.000000e+00
31  2.292599e+01  0.000000e+00
32  -7.612407e+01  0.000000e+00
33  -1.097540e+02  0.000000e+00
34  2.193157e+02  0.000000e+00
35  4.508298e+02  0.000000e+00
36  1.041685e+02  0.000000e+00
37  1.908791e+02  0.000000e+00
38  4.625587e+02  0.000000e+00
39  8.047431e+02  0.000000e+00
40  1.896089e+03  0.000000e+00
41  2.208018e+03  0.000000e+00
42  2.417386e+03  0.000000e+00
43  1.602356e+03  0.000000e+00
44  1.398191e+03  0.000000e+00
45  7.303766e+02  0.000000e+00
46  3.634129e+02  0.000000e+00
47  6.184276e+02  0.000000e+00
48  -6.367129e+02  0.000000e+00
49  -4.605436e+03  0.000000e+00
50  -4.913520e+02  0.000000e+00
51  3.416555e+03  0.000000e+00
52  2.514928e+03  0.000000e+00
53  -1.469248e+03  0.000000e+00
54  -3.042127e+03  0.000000e+00
55  -1.247667e+04  0.000000e+00
56  -3.992747e+03  0.000000e+00
57  2.585531e+04  0.000000e+00
58  5.650753e+04  0.000000e+00
59  1.040921e+05  0.000000e+00
60  1.797265e+05  0.000000e+00
61  2.984731e+05  0.000000e+00
62  5.563415e+05  0.000000e+00
63  1.282998e+06  0.000000e+00
ENDPROP
STARTPROP
MASSES:  4.200000e-03   4.200000e-03
SOURCE: GAM_15
SINKS: GAM_15
0  -2.285123e+05  9.158132e-13
1  -1.199152e+06  -2.552953e-13
2  -4.457674e+05  -5.602781e-13
3  -2.204781e+05  -5.243482e-13
4  -6.860777e+04  1.865012e-14
5  2.196639e+02  4.464106e-13
6  1.989535e+04  7.704474e-13
7  3.032436e+03  -5.557392e-13
8  2.101972e+03  2.674212e-13
9  -2.634284e+03  -6.107956e-13
10  1.036020e+03  5.194293e-13
11  -4.289706e+03  1.410027e-13
12  -6.542351e+03  -8.135257e-15
13  -4.670177e+03  -3.393336e-14
14  -1.111176e+03  -4.988746e-14
15  2.121268e+03  6.066735e-14
16  2.026019e+03  -4.144273e-14
17  1.420061e+03  8.169020e-14
18  -3.696595e+02  1.169613e-13
19  -1.307444e+03  1.043953e-13
20  -1.915350e+03  -3.317184e-14
21  -2.027566e+03  3.192369e-14
22  -1.267973e+03  1.005940e-14
23  -7.294773e+02  7.357681e-15
24  -4.014526e+01  -3.466584e-15
25  4.113895e+02  1.995677e-14
26  3.058875e+02  1.777139e-14
27  1.079033e+02  -5.774605e-16
28  -2.078528e+02  7.921391e-15
29  -4.164350e+02  4.646307e-15
30  -8.433652e+02  1.051977e-14
31  -1.004497e+03  -7.044485e-16
32  -3.399373e+02  -1.205015e-14
33  -8.907544e+01  8.649407e-15
34  2.692384e+02  1.629078e-14
35  2.545887e+02  8.623595e-15
36  2.404997e+02  1.240321e-14
37  4.223738e+02  -7.492080e-15
38  9.857320e+02  -4.699461e-15
39  1.660993e+03  -1.631825e-14
40  1.875365e+03  -2.566079e-14
41  2.822209e+03  -4.365891e-14
42  3.727823e+03  -3.209645e-14
43  3.884088e+03  1.938725e-14
44  1.797000e+03  1.385792e-14
45  -4.600646e+02  -4.669221e-14
46  -1.457458e+03  9.183871e-14
47  -1.617528e+03  -1.173755e-13
48  -3.528304e+03  -2.086486e-14
49  -9.974582e+03  2.188591e-14
50  -1.708045e+04  -6.784604e-14
51  -2.454810e+04  5.384805e-14
52  -2.674967e+04  7.451006e-14
53  -2.426003e+04  -1.110435e-13
54  -2.089023e+04  -8.710735e-14
55  -1.241724e+04  -3.308465e-13
56  -1.192371e+04  -4.709388e-13
57  -2.291211e+04  3.416999e-16
58  -2.970787e+04  -6.766253e-13
59  -3.650447e+04  9.988556e-13
60  -6.951317e+04  3.277622e-13
61  -1.750333e+05  -5.967804e-13
62  -3.930775e+05  4.114189e-14
63  -1.139254e+06  7.997225e-13
ENDPROP
STARTPROP
MASSES:  4.200000e-03   4.200000e-03
SOURCE: GAM_25
SINKS: GAM_25
0  -2.670710e+05  -5.830781e-13
1  -1.240618e+06  -1.634907e-12
2  -4.563057e+05  -6.730490e-13
3  -2.189322e+05  4.199312e-13
4  -1.145547e+05  5.688343e-14
5  -6.314695e+04  3.369218e-14
6  -4.410479e+04  -1.543406e-13
7  -3.504637e+04  2.428511e-13
8  -3.090227e+04  -1.177568e-13
9  -2.360391e+04  -8.519517e-14
10  -1.620318e+04  1.451262e-13
11  -1.173406e+04  -2.085562e-13
12  -1.127465e+04  2.424509e-14
13  -1.288870e+04  1.322046e-13
14  -8.751356e+03  1.256635e-13
15  -2.019717e+03  1.018603e-14
16  8.487788e+02  -1.353450e-13
17  1.761953e+03  8.474201e-14
18  8.268403e+02  2.565148e-14
19  -7.879439e+02  -2.332933e-14
20  -1.223082e+03  4.389499e-14
21  -1.483452e+03  4.432826e-14
22  -1.329955e+03  1.756012e-14
23  -1.419976e+02  1.074755e-14
24  6.514492e+02  3.102991e-14
25  6.092656e+02  2.368837e-14
26  -1.562727e+02  1.364164e-15
27  -5.121250e+02  1.004716e-15
28  -6.359581e+02  -1.326745e-15
29  -7.544202e+02  -1.303248e-14
30  -9.189793e+02  2.096818e-15
31  -7.975607e+02  7.320924e-15
32  -9.222528e+02  -9.432558e-15
33  -1.236839e+03  -7.306580e-15
34  -1.323285e+03  5.874852e-15
35  -9.171303e+02  -1.179529e-14
36  -8.529300e+02  -3.453467e-15
37  -1.071156e+03  -1.321298e-14
38  -1.404009e+03  -1.049669e-14
39  -8.827796e+02  3.282148e-14
40  1.184287e+02  -1.041084e-14
41  6.994705e+02  4.316010e-14
42  6.158757e+02  -3.169703e-14
43  1.956668e+02  -2.654363e-15
44  -2.539155e+03  -2.425786e-14
45  -3.902337e+03  -1.625475e-14
46  -5.418868e+03  4.472970e-14
47  -2.175564e+03  7.859449e-14
48  1.659406e+02  8.658435e-14
49  3.272924e+03  -7.184120e-14
50  4.463349e+03  6.154351e-14
51  6.627445e+02  2.015493e-13
52  -8.938065e+03  1.215211e-13
53  -1.432493e+04  -1.721752e-13
54  -1.045335e+04  -1.772297e-13
55  1.527471e+03  -1.065155e-13
56  -3.352226e+03  1.760092e-14
57  -1.781237e+04  2.532991e-13
58  -2.947553e+04  4.303919e-13
59  -6.483600e+04  -2.216750e-13
60  -1.098330e+05  -6.437766e-13
61  -2.033637e+05  1.101257e-12
62  -4.125401e+05  -1.938784e-13
63  -1.169456e+06  -6.209675e-13
ENDPROP
STARTPROP
MASSES:  4.200000e-03   4.200000e-03
SOURCE: GAM_35
SINKS: GAM_35
0  -2.496636e+05  3.237374e-13
1  -1.190864e+06  -1.561675e-13
2  -4.531799e+05  1.073104e-12
3  -2.399977e+05  4.599955e-14
4  -1.700222e+05  1.068180e-12
5  -1.054749e+05  -2.557364e-13
6  -6.571254e+04  1.016557e-13
7  -3.866601e+04  -1.210856e-12
8  -2.102078e+04  -6.009868e-13
9  -9.619324e+03  -3.289586e-13
10  -6.956933e+02  2.517411e-13
11  1.072524e+04  1.214703e-13
12  1.303845e+04  -6.784872e-14
13  8.475984e+03  5.267661e-14
14  8.447178e+03  1.746674e-13
15  8.201561e+03  1.705222e-13
16  6.915512e+03  -6.342128e-14
17  5.325346e+03  4.007799e-14
18  5.578101e+03  -3.801567e-14
19  5.524062e+03  -9.957311e-14
20  3.947778e+03  2.346985e-14
21  2.492309e+03  8.879192e-15
22  8.172602e+02  -4.974936e-14
23  -4.094794e+02  1.579486e-14
24  -5.352832e+02  -1.521228e-14
25  4.803165e+01  -2.277300e-14
26  5.549930e+01  -1.242700e-14
27  -1.740805e+02  1.768966e-15
28  4.126203e+01  -1.147069e-16
29  6.126621e+01  1.360741e-14
30  -1.597390e+01  -7.065244e-15
31  6.684214e+01  -1.924116e-15
32  -3.272700e+02  4.026653e-15
33  -6.007797e+02  -1.144010e-14
34  -6.599488e+02  1.527929e-14
35  -4.274448e+02  9.659172e-15
36  -2.961362e+02  1.178195e-14
37  -5.440860e+02  1.308719e-14
38  -8.647481e+02  1.191167e-14
39  -1.597427e+03  5.192954e-15
40  -2.014838e+03  1.243066e-14
41  -1.711478e+03  5.914347e-14
42  -1.335811e+03  1.000058e-15
43  -4.199597e+01  6.231862e-15
44  2.160552e+03  2.292122e-14
45  3.954494e+03  1.593075e-14
46  5.732768e+03  7.885440e-14
47  7.691524e+03  -5.404700e-14
48  7.141426e+03  1.392983e-14
49  4.538246e+03  -6.690686e-14
50  2.417541e+03  3.848826e-14
51  4.296122e+03  5.711036e-14
52  1.905189e+03  3.570305e-15
53  -1.932483e+03  -6.419003e-14
54  -5.506311e+03  -4.991905e-14
55  -1.299409e+04  -3.133527e-13
56  -2.002163e+04  1.609495e-13
57  -3.844739e+04  -1.754586e-13
58  -5.154857e+04  -1.071381e-12
59  -6.462987e+04  6.696598e-13
60  -9.765846e+04  -1.735294e-12
61  -1.956683e+05  3.932209e-13
62  -4.240409e+05  9.473694e-14
63  -1.212328e+06  1.937914e-12
ENDPROP
STARTPROP
MASSES:  4.200000e-03   4.200000e-03
SOURCE: GAM_45
SINKS: GAM_45
0  -1.730431e+06  -8.113616e-13
1  6.898553e+05  -9.298823e-15
2  3.339748e+05  1.122545e-13
3  2.795890e+05  3.927083e-13
4  2.360709e+05  1.358906e-13
5  1.977406e+05  -5.683301e-14
6  1.624237e+05  -5.715473e-14
7  1.345985e+05  -5.671695e-14
8  1.189443e+05  2.864388e-13
9  9.887117e+04  1.639908e-13
10  8.131685e+04  -6.122728e-14
11  6.649061e+04  -8.177161e-14
12  5.486435e+04  -4.535803e-14
13  4.415044e+04  -1.080733e-15
14  3.839021e+04  1.403893e-13
15  3.122862e+04  4.057756e-14
16  2.638054e+04  4.829231e-14
17  2.179688e+04  -3.869190e-14
18  1.844163e+04  3.777874e-14
19  1.652707e+04  5.189688e-14
20  1.446967e+04  -5.006288e-15
21  1.204031e+04  -6.735487e-15
22  9.759916e+03  2.671682e-14
23  8.491021e+03  3.994850e-14
24  7.315301e+03  2.351143e-15
25  6.403157e+03  8.652276e-15
26  5.367978e+03  3.026144e-16
27  4.895089e+03  2.009383e-14
28  4.169539e+03  1.061553e-14
29  3.956200e+03  -1.221775e-14
30  3.573003e+03  -1.728407e-14
31  3.427592e+03  -3.747093e-15
32  3.175362e+03  7.598882e-15
33  3.207833e+03  -7.409682e-15
34  3.234629e+03  3.741158e-16
35  3.290282e+03  2.595595e-15
36  3.788303e+03  -2.621359e-14
37  4.273082e+03  -1.976543e-14
38  5.436607e+03  1.758216e-14
39  6.135029e+03  -2.363880e-14
40  7.588092e+03  -1.943209e-14
41  9.201288e+03  -2.641981e-14
42  1.106888e+04  -9.427365e-15
43  1.310606e+04  -3.392178e-14
44  1.526833e+04  -4.835224e-15
45  1.847257e+04  -6.276745e-15
46  2.243209e+04  4.039211e-14
47  2.630781e+04  -2.968672e-14
48  3.147516e+04  -1.644743e-13
49  3.732425e+04  -1.349948e-13
50  4.392765e+04  1.987121e-14
51  5.360226e+04  -3.535734e-14
52  6.164729e+04  -8.372965e-14
53  7.282707e+04  -1.134076e-13
54  8.640165e+04  -9.424818e-14
55  1.080681e+05  2.532600e-13
56  1.293195e+05  6.651806e-14
57  1.529039e+05  -5.040013e-13
58  1.883743e+05  7.512374e-13
59  2.319509e+05  6.913092e-13
60  2.587469e+05  -5.335955e-13
61  2.938728e+05  1.403454e-12
62  3.479070e+05  6.764695e-13
63  6.765730e+05  2.895108e-13
ENDPROP
STARTPROP
MASSES:  4.200000e-03   4.200000e-03
SOURCE: PSAX4
SINKS: GAM_4
0  -1.179520e+04  2.691846e-13
1  1.660282e+06  6.168824e-13
2  1.254656e+06  1.859510e-13
3  1.033422e+06  -2.089626e-13
4  8.845650e+05  -1.598114e-14
5  7.411873e+05  7.106024e-14
6  6.093292e+05  -5.413552e-14
7  5.098510e+05  -1.574910e-13
8  4.358654e+05  5.344857e-14
9  3.581765e+05  5.197383e-14
10  3.004405e+05  -1.348726e-14
11  2.462849e+05  -2.379469e-14
12  2.033708e+05  5.455662e-14
13  1.662499e+05  -5.487150e-14
14  1.397984e+05  -4.178962e-14
15  1.162725e+05  -1.549279e-14
16  9.693140e+04  6.467625e-15
17  8.059786e+04  -6.918836e-16
18  6.840324e+04  -1.543067e-15
19  5.834133e+04  2.526119e-14
20  4.964345e+04  -4.307156e-15
21  4.151552e+04  3.443020e-16
22  3.443234e+04  1.121876e-14
23  2.839105e+04  -1.100129e-14
24  2.344493e+04  4.131827e-17
25  1.929609e+04  -3.544745e-15
26  1.512557e+04  8.906799e-15
27  1.185291e+04  6.648209e-15
28  9.347709e+03  -1.008228e-15
29  7.139024e+03  -3.529239e-15
30  4.815565e+03  -2.012230e-15
31  2.648347e+03  -2.557228e-15
32  3.189088e+02  -1.325480e-15
33  -1.808083e+03  2.524179e-15
34  -3.868910e+03  3.331760e-15
35  -6.224506e+03  -2.482406e-15
36  -8.635052e+03  -2.324611e-15
37  -1.151872e+04  -3.805617e-16
38  -1.559397e+04  -1.551048e-15
39  -1.929586e+04  -2.840234e-15
40  -2.476790e+04  -6.027497e-15
41  -3.058465e+04  5.129689e-15
42  -3.655614e+04  4.051128e-15
43  -4.532574e+04  -4.019154e-15
44  -5.297951e+04  -1.050547e-14
45  -6.356854e+04  3.253711e-15
46  -7.609032e+04  -1.773936e-14
47  -9.011863e+04  -1.919306e-14
48  -1.065230e+05  6.749145e-15
49  -1.270470e+05  -3.972454e-14
50  -1.507998e+05  3.195496e-14
51  -1.800772e+05  2.908501e-14
52  -2.138333e+05  3.489055e-14
53  -2.544516e+05  7.337562e-14
54  -3.074987e+05  1.603040e-15
55  -3.714712e+05  3.283821e-14
56  -4.401630e+05  7.144437e-14
57  -5.183079e+05  -1.782414e-13
58  -6.514930e+05  -9.390568e-14
59  -7.807152e+05  -8.515346e-14
60  -9.206691e+05  2.314594e-13
61  -1.086137e+06  8.628688e-14
62  -1.288027e+06  9.461063e-14
63  -1.653363e+06  -9.475666e-13
ENDPROP
STARTPROP
MASSES:  4.200000e-03   4.200000e-03
SOURCE: WWPSAX4
SINKS: GAM_4
0  -1.826205e+08  0.000000e+00
1  1.471825e+09  5.587935e-09
2  1.406786e+09  7.450581e-09
3  6.109720e+08  2.793968e-09
4  6.905756e+08  2.910383e-09
5  3.763444e+08  -1.862645e-09
6  3.641729e+08  9.313226e-09
7  4.904575e+08  -1.420267e-08
8  2.695803e+08  0.000000e+00
9  1.089554e+08  -4.423782e-09
10  1.584256e+08  3.725290e-09
11  1.331389e+08  2.328306e-09
12  8.780978e+07  3.725290e-09
13  1.174317e+08  3.725290e-09
14  6.729782e+07  -9.313226e-10
15  4.882560e+07  6.984919e-10
16  8.003112e+07  -2.328306e-10
17  3.467203e+07  2.328306e-10
18  6.904624e+07  -1.164153e-09
19  6.339694e+07  2.328306e-10
20  2.181632e+07  -4.656613e-10
21  4.124043e+07  1.164153e-10
22  1.887004e+07  0.000000e+00
23  4.271381e+06  2.328306e-10
24  1.088609e+07  -2.328306e-10
25  2.388412e+07  2.910383e-10
26  4.146905e+06  -2.910383e-11
27  1.447783e+07  5.820766e-11
28  8.302836e+06  5.820766e-11
29  5.102938e+06  -2.182787e-11
30  6.364392e+05  -2.364686e-11
31  -7.429287e+05  -5.456968e-11
32  -7.275577e+04  5.093170e-11
33  3.935373e+06  1.455192e-10
34  1.859950e+06  -2.328306e-10
35  2.790483e+06  -1.164153e-10
36  -2.348606e+06  -8.731149e-11
37  -1.395242e+07  -2.910383e-10
38  -6.636263e+06  1.746230e-10
39  -2.898993e+07  -5.238689e-10
40  -1.940071e+07  -5.820766e-11
41  -3.091963e+07  -2.910383e-11
42  -3.389799e+07  -2.328306e-10
43  -3.401628e+07  5.820766e-10
44  -5.128854e+07  -1.280569e-09
45  -4.016780e+07  -3.492460e-10
46  -1.085882e+08  -8.731149e-10
47  -3.777609e+06  1.979060e-09
48  -4.465230e+07  4.656613e-10
49  -1.026257e+08  -2.328306e-10
50  -1.423086e+08  -5.820766e-10
51  -1.274773e+08  -1.862645e-09
52  -1.151985e+08  1.629815e-09
53  -8.518021e+07  1.862645e-09
54  -1.987349e+08  -1.862645e-09
55  -3.510708e+08  -8.149073e-10
56  -3.018497e+08  -4.656613e-09
57  -2.483105e+08  9.313226e-10
58  -1.665452e+08  0.000000e+00
59  -5.016988e+08  3.725290e-09
60  -4.785549e+08  3.725290e-09
61  -5.323969e+08  1.117587e-08
62  -1.177398e+09  -4.656613e-09
63  -1.909368e+09  7.450581e-09
ENDPROP
STARTPROP
MASSES:  4.200000e-03   4.200000e-03
SOURCE: WWGAM_5
SINKS: GAM_5
0  1.518952e+10  0.000000e+00
1  4.170304e+09  0.000000e+00
2  3.590580e+09  0.000000e+00
3  2.755785e+09  0.000000e+00
4  1.736920e+09  0.000000e+00
5  1.778527e+09  0.000000e+00
6  1.340584e+09  0.000000e+00
7  1.502855e+09  0.000000e+00
8  1.066356e+09  0.000000e+00
9  7.619556e+08  0.000000e+00
10  7.991815e+08  0.000000e+00
11  5.811980e+08  0.000000e+00
12  5.896704e+08  0.000000e+00
13  4.570361e+08  0.000000e+00
14  3.243667e+08  0.000000e+00
15  2.771579e+08  0.000000e+00
16  2.505119e+08  0.000000e+00
17  2.069415e+08  0.000000e+00
18  1.933614e+08  0.000000e+00
19  1.802470e+08  0.000000e+00
20  1.172048e+08  0.000000e+00
21  1.131716e+08  0.000000e+00
22  9.484011e+07  0.000000e+00
23  6.147267e+07  0.000000e+00
24  6.559264e+07  0.000000e+00
25  6.159418e+07  0.000000e+00
26  4.595443e+07  0.000000e+00
27  4.746387e+07  0.000000e+00
28  4.435245e+07  0.000000e+00
29  3.344237e+07  0.000000e+00
30  2.815197e+07  0.000000e+00
31  3.472715e+07  0.000000e+00
32  2.624582e+07  0.000000e+00
33  2.909347e+07  0.000000e+00
34  2.826581e+07  0.000000e+00
35  3.174674e+07  0.000000e+00
36  3.232698e+07  0.000000e+00
37  4.852693e+07  0.000000e+00
38  5.217978e+07  0.000000e+00
39  7.259571e+07  0.000000e+00
40  8.695650e+07  0.000000e+00
41  7.806161e+07  0.000000e+00
42  1.121562e+08  0.000000e+00
43  1.394647e+08  0.000000e+00
44  1.452653e+08  0.000000e+00
45  1.268267e+08  0.000000e+00
46  2.067316e+08  0.000000e+00
47  2.479148e+08  0.000000e+00
48  2.402705e+08  0.000000e+00
49  3.174435e+08  0.000000e+00
50  3.914026e+08  0.000000e+00
51  4.250197e+08  0.000000e+00
52  4.866268e+08  0.000000e+00
53  6.774130e+08  0.000000e+00
54  7.957865e+08  0.000000e+00
55  9.626282e+08  0.000000e+00
56  1.181969e+09  0.000000e+00
57  1.355800e+09  0.000000e+00
58  1.731622e+09  0.000000e+00
59  1.638272e+09  0.000000e+00
60  2.038919e+09  0.000000e+00
61  2.067738e+09  0.000000e+00
62  2.880803e+09  0.000000e+00
63  4.021982e+09  0.000000e+00
ENDPROP
