STARTPROP
MASSES:  4.500000e-02   4.200000e-03
SOURCE: GAM_1
SINKS: GAM_1
0  1.211232e+06  9.043624e+03
1  1.946045e+06  6.836316e+03
2  9.339977e+05  9.383126e+03
3  5.025984e+05  9.866765e+03
4  2.638591e+05  6.694420e+03
5  1.292083e+05  4.817543e+03
6  6.588745e+04  6.248035e+03
7  3.451461e+04  7.983590e+03
8  1.798440e+04  5.553634e+03
9  9.850885e+03  3.046959e+03
10  5.884918e+03  1.423874e+03
11  4.145648e+03  8.156159e+02
12  2.625564e+03  7.122202e+02
13  2.043561e+03  5.140145e+02
14  1.463120e+03  4.873867e+02
15  7.998199e+02  5.157142e+02
16  3.805162e+02  3.572656e+02
17  2.388927e+02  1.628611e+02
18  2.053752e+02  5.363751e+01
19  2.114957e+02  6.595688e+01
20  1.739500e+02  1.194041e+01
21  1.040999e+02  -4.709406e+00
22  8.189525e+01  6.234947e+00
23  4.978239e+01  9.457580e+00
24  2.960759e+01  6.733363e+00
25  1.397268e+01  1.038117e+01
26  6.201221e+00  4.401528e+00
27  2.092023e-02  2.437206e+00
28  -1.923055e+00  1.123057e+00
29  -1.697789e+00  -2.363329e-01
30  -3.738033e-01  -2.287589e+00
31  -1.367281e+00  -3.141372e+00
32  -1.001251e+00  -3.172012e+00
33  -1.310853e+00  -2.798412e+00
34  -2.409706e+00  -3.078192e+00
35  -4.073166e+00  -1.751557e+00
36  -4.183878e+00  1.149201e+00
37  -4.128425e+00  2.480320e-01
38  -7.474702e+00  -1.167437e+00
39  -9.855894e+00  -4.586698e+00
40  5.456891e-01  -1.214316e+01
41  2.427850e+01  -1.063117e+01
42  2.629249e+01  -1.337768e+01
43  1.600407e+01  -2.909777e+01
44  -6.847588e+00  -5.138510e+01
45  6.658721e+00  -1.420110e+01
46  4.219945e+01  9.670210e+01
47  6.275936e+01  2.575579e+02
48  1.740631e+02  4.703244e+02
49  2.693245e+02  6.280910e+02
50  7.537994e+02  7.852482e+02
51  1.505518e+03  7.504164e+02
52  2.772173e+03  1.067178e+03
53  4.443946e+03  1.910983e+03
54  6.965093e+03  1.587755e+03
55  1.235647e+04  1.512483e+03
56  2.051121e+04  1.778401e+02
57  3.650861e+04  1.206881e+02
58  6.751440e+04  2.377240e+02
59  1.284645e+05  2.121331e+03
60  2.463129e+05  3.883941e+03
61  4.690877e+05  -1.340742e+03
62  8.746697e+05  3.453813e+03
63  1.910873e+06  1.012884e+04
ENDPROP
STARTPROP
MASSES:  4.500000e-02   4.200000e-03
SOURCE: GAM_2
SINKS: GAM_2
0  1.276808e+06  1.086479e+04
1  1.972945e+06  2.886807e+03
2  9.195996e+05  5.263605e+03
3  4.836308e+05  -1.409696e+03
4  2.632850e+05  -3.560021e+03
5  1.432865e+05  -3.107046e+03
6  8.015466e+04  -4.294452e+03
7  4.213560e+04  -3.447307e+03
8  2.485823e+04  -6.173454e+02
9  1.439338e+04  6.798205e+02
10  7.212385e+03  5.330371e+02
11  4.392157e+03  6.512386e+02
12  2.098534e+03  6.979970e+02
13  7.900637e+02  3.460791e+02
14  2.618802e+02  3.447954e+02
15  -3.989573e+01  3.931546e+02
16  -1.283065e+02  1.615959e+02
17  -8.823884e+01  -2.350971e+01
18  -1.559434e+01  -6.044963e+01
19  -4.472087e+01  -1.056654e+02
20  -7.145313e+01  -9.806982e+01
21  -5.906975e+01  -6.353890e+01
22  -2.783235e+01  -4.870678e+01
23  -9.386253e+00  -3.333779e+01
24  -9.389214e+00  -1.496374e+01
25  -1.408181e+01  -7.801835e+00
26  -1.319232e+01  -7.902350e+00
27  -8.177727e+00  -6.810022e+00
28  -4.407692e+00  -1.689185e+00
29  -2.469550e+00  1.771605e+00
30  5.156986e-01  4.870506e-01
31  4.138384e+00  -3.335898e-01
32  3.876392e+00  -7.381446e-01
33  3.565314e+00  -1.877319e+00
34  2.460816e+00  -3.426764e+00
35  2.301758e+00  -6.097884e+00
36  5.737630e+00  -9.038133e+00
37  1.096689e+01  -9.052294e+00
38  1.268036e+01  -9.814031e+00
39  1.108108e+01  -1.499106e+01
40  -8.664245e-01  -2.064921e+01
41  -8.731049e+00  -2.165100e+01
42  -2.023050e+01  -1.099640e+01
43  -3.071036e+01  1.111336e+01
44  -6.690941e+01  1.972411e+01
45  -9.480645e+01  3.653227e+01
46  -1.040740e+02  5.048036e+01
47  -1.668986e+02  3.574626e+01
48  -1.691010e+02  8.032215e+01
49  -1.056706e+02  3.398154e+01
50  -3.095432e+02  1.981672e+01
51  -8.964154e+02  -9.083527e+01
52  -1.474170e+02  1.167827e+02
53  2.264088e+03  3.984437e+02
54  6.197870e+03  4.753933e+01
55  1.044039e+04  -2.839287e+03
56  1.913968e+04  -5.182228e+03
57  3.811282e+04  -6.467088e+03
58  7.176416e+04  -7.198234e+03
59  1.400757e+05  -1.039617e+04
60  2.722848e+05  -9.443200e+03
61  5.141081e+05  -9.320443e+02
62  9.405241e+05  1.077547e+04
63  1.978384e+06  1.533979e+04
ENDPROP
STARTPROP
MASSES:  4.500000e-02   4.200000e-03
SOURCE: GAM_3
SINKS: GAM_3
0  1.257690e+06  -2.064429e+04
1  1.968201e+06  -3.176684e+04
2  9.331752e+05  -2.182576e+04
3  5.081034e+05  -1.819158e+04
4  2.776918e+05  -1.655218e+04
5  1.448715e+05  -1.223709e+04
6  7.246152e+04  -5.847689e+03
7  3.785442e+04  -4.401681e+03
8  2.271331e+04  -3.932716e+03
9  1.289536e+04  -2.925163e+03
10  7.504786e+03  -2.104762e+03
11  4.607029e+03  -2.084233e+03
12  2.560654e+03  -1.942614e+03
13  1.239128e+03  -1.376156e+03
14  5.940282e+02  -8.763265e+02
15  2.007817e+02  -5.023684e+02
16  2.768201e+02  -2.819358e+02
17  2.305127e+02  -1.979572e+02
18  2.318072e+02  -1.617011e+02
19  2.402744e+02  -1.147983e+02
20  1.780028e+02  -5.971480e+01
21  1.139611e+02  -2.692282e+01
22  4.829896e+01  -2.785424e+01
23  2.861471e+01  -1.061633e+01
24  2.456996e+01  -4.324074e+00
25  1.903507e+01  7.937231e-01
26  1.242605e+01  -2.217895e+00
27  1.047192e+01  -2.331523e+00
28  7.323006e+00  8.693295e-01
29  2.755009e+00  2.044956e+00
30  2.040337e+00  2.428589e+00
31  9.300112e-01  1.844263e+00
32  -2.776255e-01  1.394711e+00
33  -1.044491e+00  2.247920e+00
34  -9.640284e-01  1.900297e+00
35  -1.594833e+00  2.732945e+00
36  5.374592e-01  3.523492e+00
37  -2.037917e-02  6.555876e+00
38  3.691271e+00  1.091756e+01
39  6.277570e+00  1.339286e+01
40  8.262278e+00  1.975174e+01
41  -1.770888e+00  2.354461e+01
42  1.742129e+00  2.440790e+01
43  2.607840e+01  3.391995e+01
44  5.743644e+01  3.553549e+01
45  2.338422e+01  3.635859e+01
46  -2.230433e+01  3.079439e+01
47  4.462586e+01  -4.177203e+01
48  1.198560e+02  -1.000217e+02
49  9.868998e+01  8.696072e+01
50  8.926693e+01  1.727790e+02
51  -2.787197e+02  4.223669e+02
52  -2.862306e+02  1.083767e+03
53  9.911774e+02  1.621246e+03
54  3.861144e+03  2.242396e+03
55  9.529269e+03  2.373372e+03
56  2.096087e+04  2.089067e+03
57  4.425818e+04  1.841367e+03
58  8.259109e+04  3.393124e+03
59  1.492226e+05  7.244569e+03
60  2.700439e+05  4.137367e+03
61  5.038113e+05  -2.978309e+03
62  9.103611e+05  -7.775375e+03
63  1.957303e+06  -8.054552e+03
ENDPROP
STARTPROP
MASSES:  4.500000e-02   4.200000e-03
SOURCE: GAM_4
SINKS: GAM_4
0  2.129802e+06  -8.992067e+02
1  -3.040300e+05  1.135071e+04
2  -8.686413e+03  4.512095e+03
3  -7.935180e+03  -5.430563e+02
4  -2.951258e+03  -5.312753e+02
5  -1.959622e+03  -7.012590e+02
6  -2.846020e+03  -1.081501e+03
7  -1.915620e+03  3.990211e+02
8  -2.870521e+02  -2.122260e+02
9  -4.041949e+02  4.444804e+02
10  -4.979281e+02  -2.509212e+01
11  -3.771954e+02  8.138557e+01
12  -1.381066e+02  -1.284254e+02
13  -1.104429e+02  -8.896825e+01
14  -1.152071e+02  -1.024875e+02
15  -2.977230e+01  -9.532017e+01
16  -9.291532e+01  -8.173384e+01
17  -2.234350e+01  -8.633646e+01
18  9.853678e+00  -6.582071e+01
19  3.524625e+00  -3.159881e+01
20  1.064156e+01  -1.477189e+01
21  1.691965e+01  -5.625366e+00
22  1.072306e+01  4.287444e+00
23  8.749086e+00  5.788096e+00
24  1.076036e+01  4.301762e+00
25  1.078047e+01  4.833633e+00
26  8.668009e+00  4.088137e+00
27  7.041904e+00  3.061429e+00
28  4.422022e+00  2.185871e+00
29  4.058033e+00  6.432330e-01
30  3.394952e+00  2.935688e-01
31  2.537115e+00  -6.317216e-01
32  2.223944e+00  -1.453610e+00
33  1.838110e+00  -2.414947e+00
34  2.361570e+00  -2.991224e+00
35  1.777615e+00  -4.939365e+00
36  2.624905e-01  -5.808169e+00
37  -1.026940e+00  -9.554343e+00
38  -2.962891e+00  -1.363318e+01
39  -4.889829e+00  -1.967108e+01
40  -7.451553e+00  -2.598118e+01
41  -1.320995e+01  -2.549459e+01
42  -2.255981e+01  -2.541124e+01
43  -3.133292e+01  -1.996322e+01
44  -4.956845e+01  -1.822567e+01
45  -7.884244e+01  1.885000e+01
46  -1.005807e+02  3.622610e+01
47  -1.580733e+02  1.097516e+02
48  -9.593378e+01  1.651917e+02
49  -9.539517e+01  2.608336e+02
50  -3.545706e+01  4.003319e+02
51  6.671569e+01  6.140790e+02
52  1.234285e+02  8.309370e+02
53  2.701900e+02  1.122475e+03
54  -5.052930e+01  1.077923e+03
55  -3.108922e+02  4.887149e+02
56  -4.383713e+02  3.326777e+02
57  -1.971986e+03  -4.342661e+02
58  -3.494679e+03  -1.438099e+03
59  -4.186355e+03  -1.535435e+03
60  -6.627765e+03  -2.676602e+03
61  -9.932534e+03  -4.521982e+03
62  -1.629399e+04  -4.826701e+03
63  -2.996524e+05  -9.826084e+03
ENDPROP
STARTPROP
MASSES:  4.500000e-02   4.200000e-03
SOURCE: GAM_5
SINKS: GAM_5
0  7.098805e+06  6.103373e+03
1  7.099216e+06  -3.771623e+04
2  5.015740e+06  -3.844403e+04
3  3.550049e+06  -4.012645e+04
4  2.535158e+06  -4.301156e+04
5  1.812836e+06  -3.553779e+04
6  1.269194e+06  -2.379503e+04
7  8.770964e+05  -1.727040e+04
8  6.081030e+05  -1.365978e+04
9  4.193204e+05  -8.894903e+03
10  2.795771e+05  -3.979835e+03
11  1.870641e+05  -2.792277e+03
12  1.287623e+05  -2.380791e+03
13  9.119740e+04  -2.293519e+03
14  6.506277e+04  -2.101590e+03
15  4.456093e+04  -1.340630e+03
16  3.059549e+04  -5.705568e+02
17  2.113025e+04  -3.627603e+02
18  1.464881e+04  -2.935187e+02
19  1.017430e+04  -1.613794e+02
20  7.006113e+03  -1.257615e+02
21  4.809349e+03  -7.318463e+01
22  3.251943e+03  -4.056600e+01
23  2.217558e+03  -2.548179e+01
24  1.531798e+03  -3.903781e+01
25  1.070573e+03  -5.173587e+01
26  7.537369e+02  -5.749851e+01
27  5.338524e+02  -4.500713e+01
28  3.814572e+02  -3.140814e+01
29  2.787695e+02  -2.496588e+01
30  2.186498e+02  -2.174236e+01
31  1.815727e+02  -1.737167e+01
32  1.733785e+02  -1.090414e+01
33  1.918135e+02  -5.614284e+00
34  2.322403e+02  -1.338752e+00
35  2.985896e+02  1.950500e+00
36  4.082227e+02  8.845875e+00
37  5.691331e+02  2.314083e+01
38  7.814368e+02  3.921270e+01
39  1.074125e+03  4.290250e+01
40  1.532385e+03  6.512378e+01
41  2.167132e+03  1.083416e+02
42  3.161332e+03  1.262427e+02
43  4.612740e+03  1.049305e+02
44  6.809743e+03  3.008757e+01
45  9.879119e+03  1.938860e+01
46  1.429865e+04  -1.639697e+01
47  2.056711e+04  -1.716982e+02
48  2.994119e+04  -6.937344e+02
49  4.399635e+04  -1.348935e+03
50  6.387122e+04  -2.162438e+03
51  9.253656e+04  -3.082020e+03
52  1.318665e+05  -2.575803e+03
53  1.905043e+05  -9.257325e+01
54  2.750167e+05  2.474704e+03
55  3.890788e+05  5.344081e+03
56  5.547994e+05  7.879055e+03
57  7.943444e+05  1.293779e+04
58  1.134734e+06  2.054067e+04
59  1.634461e+06  2.436936e+04
60  2.341485e+06  3.684757e+04
61  3.368183e+06  4.734431e+04
62  4.772725e+06  5.401376e+04
63  6.924673e+06  4.743084e+04
ENDPROP
STARTPROP
MASSES:  4.500000e-02   4.200000e-03
SOURCE: GAM_12
SINKS: GAM_12
0  8.312467e+05  8.568228e+02
1  -7.128795e+05  8.911549e+03
2  -1.938912e+05  2.376600e+03
3  -8.447856e+04  3.068286e+03
4  -3.250349e+04  1.599085e+03
5  -1.557793e+04  1.948543e+03
6  -9.008107e+03  2.162400e+03
7  -5.004550e+03  1.129054e+03
8  -2.497701e+03  -1.591727e+02
9  -2.294161e+03  2.945316e+02
10  -4.636280e+02  -3.092538e+02
11  -2.654872e+02  8.023247e+01
12  -1.036980e+02  1.379534e+02
13  -3.121290e+02  1.086697e+02
14  -1.973529e+02  5.577430e+01
15  -1.274916e+02  1.353725e+02
16  -1.342572e+02  6.761648e+01
17  -1.430072e+02  3.906240e+01
18  -5.380899e+01  2.512964e+01
19  8.655556e+00  1.336732e+01
20  4.042104e+01  1.278868e+01
21  2.723121e+01  1.924469e+01
22  2.296917e+01  1.567974e+01
23  1.798677e+01  1.872567e+01
24  1.533825e+01  1.144677e+01
25  1.187582e+01  6.454798e+00
26  6.176544e+00  4.184733e+00
27  3.803981e+00  2.402366e+00
28  3.861631e+00  1.932602e+00
29  3.738847e+00  -5.239526e-02
30  2.885658e+00  -7.099128e-01
31  1.646467e+00  -2.836352e+00
32  4.746999e-01  -2.185976e+00
33  -1.205814e+00  -8.205218e-01
34  -3.600156e+00  -8.568912e-01
35  -6.020464e+00  7.261725e-03
36  -5.882798e+00  -4.552255e-01
37  -4.585145e+00  -7.899416e-01
38  -5.191443e+00  -1.321277e+00
39  -1.267090e+00  -1.660565e+00
40  -1.458291e+00  -3.455080e+00
41  -3.791156e+00  -3.471898e+00
42  -3.253142e+00  1.073712e+00
43  -5.741266e+00  -1.895318e+00
44  -2.954482e+01  -1.482254e+01
45  -4.206625e+01  -3.024874e+00
46  -8.975585e+01  -3.670914e+01
47  -1.132319e+02  -5.208887e+01
48  -1.711468e+02  -7.254098e+01
49  -5.745543e+01  -2.053316e+02
50  2.247321e+02  -3.904028e+02
51  2.356210e+02  -3.690414e+02
52  1.844790e+02  -2.432066e+02
53  7.456498e+02  -1.380005e+02
54  2.756807e+02  -3.078301e+02
55  -3.945559e+02  -1.021123e+03
56  1.747701e+02  -2.094871e+03
57  -3.409680e+01  -3.303506e+03
58  -1.026537e+03  -4.284057e+03
59  -4.202184e+03  -7.167896e+03
60  -1.679050e+04  -8.846131e+03
61  -6.440146e+04  -8.696704e+03
62  -1.700362e+05  -6.820094e+03
63  -6.985564e+05  -1.197353e+04
ENDPROP
STARTPROP
MASSES:  4.500000e-02   4.200000e-03
SOURCE: GAM_21
SINKS: GAM_21
0  8.312467e+05  8.568228e+02
1  -7.128795e+05  8.911549e+03
2  -1.938912e+05  2.376600e+03
3  -8.447856e+04  3.068286e+03
4  -3.250349e+04  1.599085e+03
5  -1.557793e+04  1.948543e+03
6  -9.008107e+03  2.162400e+03
7  -5.004550e+03  1.129054e+03
8  -2.497701e+03  -1.591727e+02
9  -2.294161e+03  2.945316e+02
10  -4.636280e+02  -3.092538e+02
11  -2.654872e+02  8.023247e+01
12  -1.036980e+02  1.379534e+02
13  -3.121290e+02  1.086697e+02
14  -1.973529e+02  5.577430e+01
15  -1.274916e+02  1.353725e+02
16  -1.342572e+02  6.761648e+01
17  -1.430072e+02  3.906240e+01
18  -5.380899e+01  2.512964e+01
19  8.655556e+00  1.336732e+01
20  4.042104e+01  1.278868e+01
21  2.723121e+01  1.924469e+01
22  2.296917e+01  1.567974e+01
23  1.798677e+01  1.872567e+01
24  1.533825e+01  1.144677e+01
25  1.187582e+01  6.454798e+00
26  6.176544e+00  4.184733e+00
27  3.803981e+00  2.402366e+00
28  3.861631e+00  1.932602e+00
29  3.738847e+00  -5.239526e-02
30  2.885658e+00  -7.099128e-01
31  1.646467e+00  -2.836352e+00
32  4.746999e-01  -2.185976e+00
33  -1.205814e+00  -8.205218e-01
34  -3.600156e+00  -8.568912e-01
35  -6.020464e+00  7.261725e-03
36  -5.882798e+00  -4.552255e-01
37  -4.585145e+00  -7.899416e-01
38  -5.191443e+00  -1.321277e+00
39  -1.267090e+00  -1.660565e+00
40  -1.458291e+00  -3.455080e+00
41  -3.791156e+00  -3.471898e+00
42  -3.253142e+00  1.073712e+00
43  -5.741266e+00  -1.895318e+00
44  -2.954482e+01  -1.482254e+01
45  -4.206625e+01  -3.024874e+00
46  -8.975585e+01  -3.670914e+01
47  -1.132319e+02  -5.208887e+01
48  -1.711468e+02  -7.254098e+01
49  -5.745543e+01  -2.053316e+02
50  2.247321e+02  -3.904028e+02
51  2.356210e+02  -3.690414e+02
52  1.844790e+02  -2.432066e+02
53  7.456498e+02  -1.380005e+02
54  2.756807e+02  -3.078301e+02
55  -3.945559e+02  -1.021123e+03
56  1.747701e+02  -2.094871e+03
57  -3.409680e+01  -3.303506e+03
58  -1.026537e+03  -4.284057e+03
59  -4.202184e+03  -7.167896e+03
60  -1.679050e+04  -8.846131e+03
61  -6.440146e+04  -8.696704e+03
62  -1.700362e+05  -6.820094e+03
63  -6.985564e+05  -1.197353e+04
ENDPROP
STARTPROP
MASSES:  4.500000e-02   4.200000e-03
SOURCE: GAM_13
SINKS: GAM_13
0  8.274725e+05  -1.125625e+02
1  -7.010671e+05  4.920718e+03
2  -1.737574e+05  -8.568230e+03
3  -7.546376e+04  -1.449482e+04
4  -3.380612e+04  -1.549500e+04
5  -1.333391e+04  -8.266121e+03
6  -4.425825e+03  -4.231719e+03
7  -8.434104e+02  -6.934265e+02
8  3.006749e+02  4.540318e+02
9  -8.812603e+02  5.381604e+02
10  -4.850235e+02  1.149698e+02
11  -5.107726e+02  1.127243e+02
12  -8.424072e+02  1.727200e+02
13  -4.707307e+02  5.884297e+00
14  -5.184965e+02  2.491279e+02
15  -4.209693e+02  1.199027e+02
16  -1.788819e+02  3.699456e+00
17  -3.392954e+01  -2.415091e+00
18  1.871287e+01  2.043488e+01
19  -1.627809e+01  2.057462e+01
20  -1.729417e+01  8.203428e+00
21  -1.702041e+01  1.353624e+01
22  -4.290259e+00  -1.040306e+00
23  -3.529061e+00  -1.062404e+01
24  -5.043958e+00  -6.325413e+00
25  1.510930e+00  -4.625776e+00
26  2.936546e+00  -3.719155e+00
27  -1.116510e+00  -7.537604e-01
28  -2.613691e+00  -1.818744e-01
29  -2.534831e+00  -8.829532e-01
30  1.230751e-01  1.652801e-02
31  4.815734e-01  8.853974e-01
32  -7.727205e-01  1.776205e-01
33  -1.389804e+00  -7.637240e-01
34  -7.040896e-01  -2.434212e+00
35  4.388783e-01  -3.571532e+00
36  1.204541e+00  -4.829573e+00
37  3.524640e+00  -3.733551e+00
38  6.136872e+00  -2.705105e-01
39  6.441191e+00  3.696159e+00
40  5.638047e+00  6.180402e+00
41  6.035172e+00  1.834780e+01
42  5.343313e+00  2.591779e+01
43  1.259693e+01  3.146629e+01
44  3.066531e+01  6.009518e+01
45  6.127651e+01  8.330780e+01
46  1.079493e+02  1.382305e+02
47  1.471971e+02  1.360156e+02
48  1.710035e+02  2.232349e+02
49  6.743239e+01  2.482093e+02
50  -7.475574e+01  1.782568e+02
51  -2.972030e+02  7.437628e+01
52  -7.985939e+02  -3.248424e+02
53  -1.212883e+03  -9.960553e+02
54  -2.101155e+03  -1.877441e+03
55  -3.725646e+03  -2.025687e+03
56  -4.412814e+03  -2.779092e+03
57  -1.120952e+03  -1.049607e+03
58  -1.933396e+03  -1.051079e+03
59  -5.385391e+03  -1.790062e+03
60  -1.347265e+04  -1.535365e+03
61  -5.414864e+04  -1.046102e+03
62  -1.587356e+05  -1.390899e+03
63  -6.935098e+05  -5.598832e+03
ENDPROP
STARTPROP
MASSES:  4.500000e-02   4.200000e-03
SOURCE: GAM_31
SINKS: GAM_31
0  8.274725e+05  -1.125625e+02
1  -7.010671e+05  4.920718e+03
2  -1.737574e+05  -8.568230e+03
3  -7.546376e+04  -1.449482e+04
4  -3.380612e+04  -1.549500e+04
5  -1.333391e+04  -8.266121e+03
6  -4.425825e+03  -4.231719e+03
7  -8.434104e+02  -6.934265e+02
8  3.006749e+02  4.540318e+02
9  -8.812603e+02  5.381604e+02
10  -4.850235e+02  1.149698e+02
11  -5.107726e+02  1.127243e+02
12  -8.424072e+02  1.727200e+02
13  -4.707307e+02  5.884297e+00
14  -5.184965e+02  2.491279e+02
15  -4.209693e+02  1.199027e+02
16  -1.788819e+02  3.699456e+00
17  -3.392954e+01  -2.415091e+00
18  1.871287e+01  2.043488e+01
19  -1.627809e+01  2.057462e+01
20  -1.729417e+01  8.203428e+00
21  -1.702041e+01  1.353624e+01
22  -4.290259e+00  -1.040306e+00
23  -3.529061e+00  -1.062404e+01
24  -5.043958e+00  -6.325413e+00
25  1.510930e+00  -4.625776e+00
26  2.936546e+00  -3.719155e+00
27  -1.116510e+00  -7.537604e-01
28  -2.613691e+00  -1.818744e-01
29  -2.534831e+00  -8.829532e-01
30  1.230751e-01  1.652801e-02
31  4.815734e-01  8.853974e-01
32  -7.727205e-01  1.776205e-01
33  -1.389804e+00  -7.637240e-01
34  -7.040896e-01  -2.434212e+00
35  4.388783e-01  -3.571532e+00
36  1.204541e+00  -4.829573e+00
37  3.524640e+00  -3.733551e+00
38  6.136872e+00  -2.705105e-01
39  6.441191e+00  3.696159e+00
40  5.638047e+00  6.180402e+00
41  6.035172e+00  1.834780e+01
42  5.343313e+00  2.591779e+01
43  1.259693e+01  3.146629e+01
44  3.066531e+01  6.009518e+01
45  6.127651e+01  8.330780e+01
46  1.079493e+02  1.382305e+02
47  1.471971e+02  1.360156e+02
48  1.710035e+02  2.232349e+02
49  6.743239e+01  2.482093e+02
50  -7.475574e+01  1.782568e+02
51  -2.972030e+02  7.437628e+01
52  -7.985939e+02  -3.248424e+02
53  -1.212883e+03  -9.960553e+02
54  -2.101155e+03  -1.877441e+03
55  -3.725646e+03  -2.025687e+03
56  -4.412814e+03  -2.779092e+03
57  -1.120952e+03  -1.049607e+03
58  -1.933396e+03  -1.051079e+03
59  -5.385391e+03  -1.790062e+03
60  -1.347265e+04  -1.535365e+03
61  -5.414864e+04  -1.046102e+03
62  -1.587356e+05  -1.390899e+03
63  -6.935098e+05  -5.598832e+03
ENDPROP
STARTPROP
MASSES:  4.500000e-02   4.200000e-03
SOURCE: GAM_14
SINKS: GAM_14
0  2.902064e+04  -2.081415e+03
1  1.342202e+06  -2.921396e+03
2  5.637604e+05  3.261243e+03
3  2.849611e+05  4.726508e+03
4  1.492796e+05  1.101130e+04
5  7.218187e+04  7.969117e+03
6  3.228409e+04  2.706344e+03
7  1.651530e+04  2.606895e+03
8  1.013274e+04  1.182901e+03
9  6.481041e+03  4.482717e+02
10  2.522461e+03  9.464040e+02
11  1.681915e+03  8.876908e+02
12  1.044572e+03  1.053377e+03
13  8.935362e+02  7.951588e+02
14  5.361576e+02  4.687491e+02
15  1.438551e+02  1.662024e+02
16  1.304785e+02  9.083011e+01
17  1.327895e+02  9.739544e+01
18  9.441388e+01  2.489415e+01
19  4.379299e+01  1.332924e+01
20  2.808602e+01  -1.307008e+01
21  1.930003e+00  -2.175067e+01
22  -2.026406e+00  -2.007956e+01
23  -1.703971e+01  -6.952343e+00
24  -1.939296e+01  5.442895e+00
25  -7.148810e+00  6.930508e+00
26  -4.159108e+00  4.638393e+00
27  -1.533592e+00  3.296098e+00
28  -1.519460e+00  5.564283e-02
29  -6.004191e-01  -2.596601e+00
30  8.505418e-02  -4.922002e+00
31  -5.652887e-01  -4.791925e+00
32  -6.473253e-01  -4.846278e+00
33  -1.092100e+00  -5.599489e+00
34  -2.959688e+00  -5.098876e+00
35  -3.687372e+00  -2.731355e+00
36  -5.018267e+00  -1.389745e+00
37  -9.570284e+00  2.095704e+00
38  -1.309408e+01  3.965309e+00
39  -1.395371e+01  9.293264e-01
40  -1.075163e+01  -1.602452e+00
41  3.806650e-01  -1.170301e+01
42  -7.490712e+00  -1.054889e+01
43  -4.040141e+00  -1.880647e+01
44  1.334173e+01  -1.834335e+01
45  -1.702398e+01  -4.333861e+00
46  -3.002709e+01  6.303162e+01
47  -1.056185e+01  1.003960e+02
48  4.830736e+01  1.587987e+02
49  1.307113e+02  2.478667e+02
50  5.039027e+02  3.026390e+02
51  7.225821e+02  2.948692e+02
52  1.674704e+03  2.139076e+02
53  2.866657e+03  -2.537191e+01
54  3.919948e+03  5.585966e+02
55  7.731638e+03  6.468280e+02
56  1.480742e+04  1.449179e+03
57  2.435856e+04  6.144853e+02
58  4.103042e+04  -1.168361e+03
59  7.528689e+04  -1.895347e+03
60  1.429169e+05  -4.498348e+03
61  2.811783e+05  -1.075239e+04
62  5.406341e+05  -1.264975e+04
63  1.322586e+06  -2.370440e+03
ENDPROP
STARTPROP
MASSES:  4.500000e-02   4.200000e-03
SOURCE: GAM_41
SINKS: GAM_41
0  2.902064e+04  -2.081415e+03
1  1.342202e+06  -2.921396e+03
2  5.637604e+05  3.261243e+03
3  2.849611e+05  4.726508e+03
4  1.492796e+05  1.101130e+04
5  7.218187e+04  7.969117e+03
6  3.228409e+04  2.706344e+03
7  1.651530e+04  2.606895e+03
8  1.013274e+04  1.182901e+03
9  6.481041e+03  4.482717e+02
10  2.522461e+03  9.464040e+02
11  1.681915e+03  8.876908e+02
12  1.044572e+03  1.053377e+03
13  8.935362e+02  7.951588e+02
14  5.361576e+02  4.687491e+02
15  1.438551e+02  1.662024e+02
16  1.304785e+02  9.083011e+01
17  1.327895e+02  9.739544e+01
18  9.441388e+01  2.489415e+01
19  4.379299e+01  1.332924e+01
20  2.808602e+01  -1.307008e+01
21  1.930003e+00  -2.175067e+01
22  -2.026406e+00  -2.007956e+01
23  -1.703971e+01  -6.952343e+00
24  -1.939296e+01  5.442895e+00
25  -7.148810e+00  6.930508e+00
26  -4.159108e+00  4.638393e+00
27  -1.533592e+00  3.296098e+00
28  -1.519460e+00  5.564283e-02
29  -6.004191e-01  -2.596601e+00
30  8.505418e-02  -4.922002e+00
31  -5.652887e-01  -4.791925e+00
32  -6.473253e-01  -4.846278e+00
33  -1.092100e+00  -5.599489e+00
34  -2.959688e+00  -5.098876e+00
35  -3.687372e+00  -2.731355e+00
36  -5.018267e+00  -1.389745e+00
37  -9.570284e+00  2.095704e+00
38  -1.309408e+01  3.965309e+00
39  -1.395371e+01  9.293264e-01
40  -1.075163e+01  -1.602452e+00
41  3.806650e-01  -1.170301e+01
42  -7.490712e+00  -1.054889e+01
43  -4.040141e+00  -1.880647e+01
44  1.334173e+01  -1.834335e+01
45  -1.702398e+01  -4.333861e+00
46  -3.002709e+01  6.303162e+01
47  -1.056185e+01  1.003960e+02
48  4.830736e+01  1.587987e+02
49  1.307113e+02  2.478667e+02
50  5.039027e+02  3.026390e+02
51  7.225821e+02  2.948692e+02
52  1.674704e+03  2.139076e+02
53  2.866657e+03  -2.537191e+01
54  3.919948e+03  5.585966e+02
55  7.731638e+03  6.468280e+02
56  1.480742e+04  1.449179e+03
57  2.435856e+04  6.144853e+02
58  4.103042e+04  -1.168361e+03
59  7.528689e+04  -1.895347e+03
60  1.429169e+05  -4.498348e+03
61  2.811783e+05  -1.075239e+04
62  5.406341e+05  -1.264975e+04
63  1.322586e+06  -2.370440e+03
ENDPROP
STARTPROP
MASSES:  4.500000e-02   4.200000e-03
SOURCE: GAM_23
SINKS: GAM_23
0  8.130851e+05  8.192043e+03
1  -7.083649e+05  1.137361e+04
2  -1.733550e+05  1.326187e+03
3  -6.663450e+04  -2.895268e+03
4  -2.521698e+04  -5.170657e+03
5  -1.080963e+04  -2.520305e+03
6  -2.292601e+03  1.416029e+02
7  2.173233e+03  1.162468e+03
8  3.220488e+03  6.842142e+02
9  2.290760e+03  3.312864e+02
10  1.638885e+03  3.989173e+02
11  9.583831e+02  2.561818e+02
12  7.068504e+02  -7.072545e+01
13  5.189138e+02  -1.156655e+02
14  4.019877e+02  7.375915e+01
15  3.095133e+02  6.704803e+01
16  1.621694e+02  5.723982e+01
17  5.048045e+01  6.669055e+01
18  1.848664e+00  4.810485e+01
19  6.285274e+00  4.052069e+01
20  3.163307e+01  1.234414e+01
21  2.108833e+01  -6.519216e+00
22  6.625470e+00  -2.204588e+01
23  1.093157e+01  -1.213256e+01
24  7.586366e+00  -9.645217e+00
25  2.050355e+00  -5.715600e+00
26  -4.473822e+00  -5.580936e-01
27  -5.021454e+00  -7.714786e-01
28  -2.285770e+00  2.636056e-01
29  -1.768445e+00  -6.320898e-01
30  -1.354492e+00  1.264459e+00
31  -8.264391e-01  1.433206e+00
32  -9.725726e-02  1.385965e+00
33  2.349053e-01  7.553243e-01
34  -9.887539e-02  1.743049e+00
35  -1.889164e+00  1.811391e+00
36  -2.936440e+00  -1.035277e+00
37  -1.608280e+00  -4.624943e+00
38  1.370023e+00  -7.453718e+00
39  6.804635e+00  -6.411678e+00
40  5.837583e+00  -8.808604e+00
41  5.783927e+00  -7.334045e+00
42  1.514696e+01  -4.148740e+00
43  2.922230e+01  -1.297225e+00
44  3.286182e+01  1.938555e+01
45  4.317329e+01  5.027075e+01
46  1.241207e+01  8.231270e+01
47  -1.204405e+01  1.116937e+02
48  5.526832e+01  1.725639e+02
49  2.212858e+02  1.570267e+02
50  6.124419e+01  2.688971e+02
51  -1.923093e+02  2.670832e+02
52  -7.219972e+02  4.116454e+02
53  -6.696380e+02  5.392094e+02
54  -6.244542e+02  3.939724e+02
55  -7.123803e+01  6.769923e+00
56  -1.517733e+03  -8.990671e+01
57  -5.374343e+03  -7.694237e+02
58  -7.369748e+03  -1.662647e+02
59  -7.262596e+03  -2.810578e+02
60  -2.463841e+04  -1.097568e+03
61  -6.426846e+04  4.356686e+02
62  -1.703023e+05  4.680587e+03
63  -7.065136e+05  -7.461235e+02
ENDPROP
STARTPROP
MASSES:  4.500000e-02   4.200000e-03
SOURCE: GAM_32
SINKS: GAM_32
0  8.130851e+05  8.192043e+03
1  -7.083649e+05  1.137361e+04
2  -1.733550e+05  1.326187e+03
3  -6.663450e+04  -2.895268e+03
4  -2.521698e+04  -5.170657e+03
5  -1.080963e+04  -2.520305e+03
6  -2.292601e+03  1.416029e+02
7  2.173233e+03  1.162468e+03
8  3.220488e+03  6.842142e+02
9  2.290760e+03  3.312864e+02
10  1.638885e+03  3.989173e+02
11  9.583831e+02  2.561818e+02
12  7.068504e+02  -7.072545e+01
13  5.189138e+02  -1.156655e+02
14  4.019877e+02  7.375915e+01
15  3.095133e+02  6.704803e+01
16  1.621694e+02  5.723982e+01
17  5.048045e+01  6.669055e+01
18  1.848664e+00  4.810485e+01
19  6.285274e+00  4.052069e+01
20  3.163307e+01  1.234414e+01
21  2.108833e+01  -6.519216e+00
22  6.625470e+00  -2.204588e+01
23  1.093157e+01  -1.213256e+01
24  7.586366e+00  -9.645217e+00
25  2.050355e+00  -5.715600e+00
26  -4.473822e+00  -5.580936e-01
27  -5.021454e+00  -7.714786e-01
28  -2.285770e+00  2.636056e-01
29  -1.768445e+00  -6.320898e-01
30  -1.354492e+00  1.264459e+00
31  -8.264391e-01  1.433206e+00
32  -9.725726e-02  1.385965e+00
33  2.349053e-01  7.553243e-01
34  -9.887539e-02  1.743049e+00
35  -1.889164e+00  1.811391e+00
36  -2.936440e+00  -1.035277e+00
37  -1.608280e+00  -4.624943e+00
38  1.370023e+00  -7.453718e+00
39  6.804635e+00  -6.411678e+00
40  5.837583e+00  -8.808604e+00
41  5.783927e+00  -7.334045e+00
42  1.514696e+01  -4.148740e+00
43  2.922230e+01  -1.297225e+00
44  3.286182e+01  1.938555e+01
45  4.317329e+01  5.027075e+01
46  1.241207e+01  8.231270e+01
47  -1.204405e+01  1.116937e+02
48  5.526832e+01  1.725639e+02
49  2.212858e+02  1.570267e+02
50  6.124419e+01  2.688971e+02
51  -1.923093e+02  2.670832e+02
52  -7.219972e+02  4.116454e+02
53  -6.696380e+02  5.392094e+02
54  -6.244542e+02  3.939724e+02
55  -7.123803e+01  6.769923e+00
56  -1.517733e+03  -8.990671e+01
57  -5.374343e+03  -7.694237e+02
58  -7.369748e+03  -1.662647e+02
59  -7.262596e+03  -2.810578e+02
60  -2.463841e+04  -1.097568e+03
61  -6.426846e+04  4.356686e+02
62  -1.703023e+05  4.680587e+03
63  -7.065136e+05  -7.461235e+02
ENDPROP
STARTPROP
MASSES:  4.500000e-02   4.200000e-03
SOURCE: GAM_24
SINKS: GAM_24
0  5.587019e+04  -1.412184e+04
1  1.356800e+06  -2.204831e+04
2  5.614719e+05  -8.906389e+03
3  2.886703e+05  -3.856432e+03
4  1.548345e+05  -1.046869e+03
5  7.630840e+04  1.029080e+03
6  3.729997e+04  -1.371073e+03
7  2.056669e+04  -3.567119e+03
8  1.234434e+04  -1.938798e+03
9  6.695707e+03  3.023355e+01
10  4.330199e+03  2.276313e+02
11  2.772166e+03  3.851451e+02
12  1.804695e+03  4.440164e+02
13  7.693786e+02  7.311185e+01
14  1.358390e+02  9.399016e+01
15  -1.454120e+02  1.449414e+02
16  -2.775348e+02  8.593656e+01
17  -2.113282e+02  1.884786e+01
18  -2.157630e+02  -5.606651e+01
19  -1.570502e+02  -6.373253e+01
20  -1.110365e+02  -4.934557e+01
21  -6.337870e+01  -3.271867e+01
22  -3.198812e+01  -1.182681e+01
23  -1.741586e+01  -7.767174e-01
24  -1.257446e+01  -1.205198e+00
25  -8.372251e+00  1.882230e+00
26  -7.996190e+00  -6.286024e-01
27  -4.179255e+00  -2.179583e+00
28  -4.412957e+00  -2.229496e+00
29  -3.566755e+00  -2.654644e-01
30  -1.300165e+00  2.328025e-01
31  3.218509e-01  4.242148e-01
32  1.062324e+00  -4.354091e-01
33  1.797291e+00  -1.097249e+00
34  4.040034e-01  -1.344288e+00
35  2.267767e-01  -1.488846e+00
36  6.230805e-01  -2.600529e+00
37  1.149251e+00  -4.656819e+00
38  2.912014e+00  -3.283567e+00
39  1.514582e+01  -5.342563e+00
40  1.872999e+01  -1.229591e+00
41  1.757318e+01  -4.464969e+00
42  1.801546e+01  5.890824e+00
43  1.569856e+01  1.982818e+00
44  2.648999e+01  -1.236664e+01
45  -1.727088e+01  1.826673e+01
46  -5.919669e+01  -1.614277e+01
47  -1.145461e+01  -3.060296e+01
48  -1.225470e+00  6.022020e+01
49  4.759926e+01  8.351274e+01
50  5.181862e+02  2.031088e+02
51  8.412109e+02  3.182511e+02
52  5.669879e+02  9.867205e+02
53  9.060025e+02  1.397935e+03
54  2.495658e+03  1.853440e+03
55  4.252899e+03  1.899465e+03
56  1.051177e+04  1.322174e+03
57  2.365731e+04  1.128129e+03
58  4.605775e+04  1.799689e+03
59  8.846426e+04  -2.204019e+02
60  1.650948e+05  -9.157959e+02
61  3.041957e+05  -4.724242e+03
62  5.755056e+05  -5.899663e+03
63  1.363220e+06  -9.164125e+03
ENDPROP
STARTPROP
MASSES:  4.500000e-02   4.200000e-03
SOURCE: GAM_42
SINKS: GAM_42
0  5.587019e+04  -1.412184e+04
1  1.356800e+06  -2.204831e+04
2  5.614719e+05  -8.906389e+03
3  2.886703e+05  -3.856432e+03
4  1.548345e+05  -1.046869e+03
5  7.630840e+04  1.029080e+03
6  3.729997e+04  -1.371073e+03
7  2.056669e+04  -3.567119e+03
8  1.234434e+04  -1.938798e+03
9  6.695707e+03  3.023355e+01
10  4.330199e+03  2.276313e+02
11  2.772166e+03  3.851451e+02
12  1.804695e+03  4.440164e+02
13  7.693786e+02  7.311185e+01
14  1.358390e+02  9.399016e+01
15  -1.454120e+02  1.449414e+02
16  -2.775348e+02  8.593656e+01
17  -2.113282e+02  1.884786e+01
18  -2.157630e+02  -5.606651e+01
19  -1.570502e+02  -6.373253e+01
20  -1.110365e+02  -4.934557e+01
21  -6.337870e+01  -3.271867e+01
22  -3.198812e+01  -1.182681e+01
23  -1.741586e+01  -7.767174e-01
24  -1.257446e+01  -1.205198e+00
25  -8.372251e+00  1.882230e+00
26  -7.996190e+00  -6.286024e-01
27  -4.179255e+00  -2.179583e+00
28  -4.412957e+00  -2.229496e+00
29  -3.566755e+00  -2.654644e-01
30  -1.300165e+00  2.328025e-01
31  3.218509e-01  4.242148e-01
32  1.062324e+00  -4.354091e-01
33  1.797291e+00  -1.097249e+00
34  4.040034e-01  -1.344288e+00
35  2.267767e-01  -1.488846e+00
36  6.230805e-01  -2.600529e+00
37  1.149251e+00  -4.656819e+00
38  2.912014e+00  -3.283567e+00
39  1.514582e+01  -5.342563e+00
40  1.872999e+01  -1.229591e+00
41  1.757318e+01  -4.464969e+00
42  1.801546e+01  5.890824e+00
43  1.569856e+01  1.982818e+00
44  2.648999e+01  -1.236664e+01
45  -1.727088e+01  1.826673e+01
46  -5.919669e+01  -1.614277e+01
47  -1.145461e+01  -3.060296e+01
48  -1.225470e+00  6.022020e+01
49  4.759926e+01  8.351274e+01
50  5.181862e+02  2.031088e+02
51  8.412109e+02  3.182511e+02
52  5.669879e+02  9.867205e+02
53  9.060025e+02  1.397935e+03
54  2.495658e+03  1.853440e+03
55  4.252899e+03  1.899465e+03
56  1.051177e+04  1.322174e+03
57  2.365731e+04  1.128129e+03
58  4.605775e+04  1.799689e+03
59  8.846426e+04  -2.204019e+02
60  1.650948e+05  -9.157959e+02
61  3.041957e+05  -4.724242e+03
62  5.755056e+05  -5.899663e+03
63  1.363220e+06  -9.164125e+03
ENDPROP
STARTPROP
MASSES:  4.500000e-02   4.200000e-03
SOURCE: GAM_34
SINKS: GAM_34
0  6.999901e+02  2.215466e+04
1  1.330319e+06  8.755112e+03
2  5.811969e+05  3.478028e+03
3  2.982725e+05  4.978881e+03
4  1.543644e+05  1.557208e+03
5  7.490874e+04  2.513860e+03
6  3.772603e+04  1.063442e+03
7  1.929585e+04  2.917557e+01
8  1.113333e+04  1.185184e+02
9  5.908457e+03  1.174634e+02
10  2.333685e+03  -3.321477e+02
11  4.416014e+02  -8.519211e+02
12  6.100194e+02  -5.299387e+02
13  5.543872e+02  -3.479493e+02
14  3.596642e+02  -3.748837e+02
15  2.022363e+02  -3.295069e+02
16  1.417591e+02  -1.350751e+02
17  1.408547e+02  -1.094771e+01
18  1.154935e+02  -1.587315e+01
19  9.156836e+01  1.005756e+01
20  5.686448e+01  -5.170326e+00
21  1.743029e+01  -1.335559e+00
22  2.033219e+01  -2.558550e+00
23  1.371827e+01  -1.203875e+00
24  2.101189e+00  -5.530583e+00
25  1.917240e-01  -3.349054e+00
26  -3.639179e+00  -3.059124e+00
27  -3.935236e+00  -3.984788e+00
28  -4.159538e+00  -2.809097e+00
29  -2.068896e+00  -8.595783e-01
30  -8.099359e-01  -8.558568e-02
31  5.914166e-02  6.020962e-01
32  7.076679e-01  9.496828e-01
33  9.024265e-01  1.775708e+00
34  2.116830e+00  3.807558e-02
35  1.042871e+00  -5.348401e-01
36  -1.493898e-01  -7.982543e-01
37  -4.081834e+00  2.136009e+00
38  -5.833768e+00  5.895335e+00
39  -5.051214e+00  7.533171e+00
40  -5.175711e+00  3.059839e+00
41  6.755297e+00  1.009350e+00
42  1.081414e+01  1.026503e+01
43  9.928173e+00  2.510576e+01
44  8.495825e+00  1.937709e+01
45  1.079511e+01  3.883164e+01
46  -6.590097e+00  9.757016e+01
47  2.102039e+01  1.975295e+02
48  9.315721e+01  2.711948e+02
49  1.209916e+02  3.732586e+02
50  2.708929e+02  6.617422e+02
51  1.387619e+02  6.255096e+02
52  1.454614e+02  7.379055e+02
53  8.479542e+02  1.117994e+03
54  3.178435e+03  1.716938e+03
55  7.155820e+03  1.519946e+03
56  1.527541e+04  1.521453e+03
57  2.994976e+04  8.024509e+02
58  5.059734e+04  1.200062e+02
59  9.037092e+04  4.732772e+02
60  1.706772e+05  6.867692e+02
61  3.083773e+05  1.971189e+03
62  5.591409e+05  5.947875e+03
63  1.319172e+06  1.825835e+04
ENDPROP
STARTPROP
MASSES:  4.500000e-02   4.200000e-03
SOURCE: GAM_43
SINKS: GAM_43
0  6.999901e+02  2.215466e+04
1  1.330319e+06  8.755112e+03
2  5.811969e+05  3.478028e+03
3  2.982725e+05  4.978881e+03
4  1.543644e+05  1.557208e+03
5  7.490874e+04  2.513860e+03
6  3.772603e+04  1.063442e+03
7  1.929585e+04  2.917557e+01
8  1.113333e+04  1.185184e+02
9  5.908457e+03  1.174634e+02
10  2.333685e+03  -3.321477e+02
11  4.416014e+02  -8.519211e+02
12  6.100194e+02  -5.299387e+02
13  5.543872e+02  -3.479493e+02
14  3.596642e+02  -3.748837e+02
15  2.022363e+02  -3.295069e+02
16  1.417591e+02  -1.350751e+02
17  1.408547e+02  -1.094771e+01
18  1.154935e+02  -1.587315e+01
19  9.156836e+01  1.005756e+01
20  5.686448e+01  -5.170326e+00
21  1.743029e+01  -1.335559e+00
22  2.033219e+01  -2.558550e+00
23  1.371827e+01  -1.203875e+00
24  2.101189e+00  -5.530583e+00
25  1.917240e-01  -3.349054e+00
26  -3.639179e+00  -3.059124e+00
27  -3.935236e+00  -3.984788e+00
28  -4.159538e+00  -2.809097e+00
29  -2.068896e+00  -8.595783e-01
30  -8.099359e-01  -8.558568e-02
31  5.914166e-02  6.020962e-01
32  7.076679e-01  9.496828e-01
33  9.024265e-01  1.775708e+00
34  2.116830e+00  3.807558e-02
35  1.042871e+00  -5.348401e-01
36  -1.493898e-01  -7.982543e-01
37  -4.081834e+00  2.136009e+00
38  -5.833768e+00  5.895335e+00
39  -5.051214e+00  7.533171e+00
40  -5.175711e+00  3.059839e+00
41  6.755297e+00  1.009350e+00
42  1.081414e+01  1.026503e+01
43  9.928173e+00  2.510576e+01
44  8.495825e+00  1.937709e+01
45  1.079511e+01  3.883164e+01
46  -6.590097e+00  9.757016e+01
47  2.102039e+01  1.975295e+02
48  9.315721e+01  2.711948e+02
49  1.209916e+02  3.732586e+02
50  2.708929e+02  6.617422e+02
51  1.387619e+02  6.255096e+02
52  1.454614e+02  7.379055e+02
53  8.479542e+02  1.117994e+03
54  3.178435e+03  1.716938e+03
55  7.155820e+03  1.519946e+03
56  1.527541e+04  1.521453e+03
57  2.994976e+04  8.024509e+02
58  5.059734e+04  1.200062e+02
59  9.037092e+04  4.732772e+02
60  1.706772e+05  6.867692e+02
61  3.083773e+05  1.971189e+03
62  5.591409e+05  5.947875e+03
63  1.319172e+06  1.825835e+04
ENDPROP
STARTPROP
MASSES:  4.500000e-02   4.200000e-03
SOURCE: GAM_15
SINKS: GAM_15
0  -3.792196e+04  -4.290558e+03
1  -1.005719e+06  -7.348364e+02
2  -3.147038e+05  -1.054568e+03
3  -1.306006e+05  -3.267253e+03
4  -5.817170e+04  -5.721722e+03
5  -2.599736e+04  -4.040357e+03
6  -9.527813e+03  -2.650630e+03
7  4.066573e+02  -7.357720e+02
8  2.122819e+03  3.284347e+02
9  1.617622e+03  9.877375e+02
10  5.210487e+02  8.445503e+02
11  7.462702e+01  9.078840e+02
12  -2.739080e+02  6.765869e+02
13  -3.313610e+02  3.907117e+02
14  -2.719718e+02  3.061082e+02
15  -7.323776e+01  2.927987e+02
16  -2.688829e+00  3.131678e+02
17  4.042226e+01  2.606331e+02
18  1.302489e+02  1.543886e+02
19  1.292840e+02  8.084211e+01
20  7.085982e+01  5.361962e+01
21  4.598634e+01  2.542392e+01
22  3.151736e+01  1.935211e+01
23  2.480115e+01  1.616112e+01
24  2.923615e+01  5.229687e+00
25  2.180662e+01  -5.002729e+00
26  1.727641e+01  -8.494409e+00
27  1.154121e+01  -7.028281e+00
28  7.349459e+00  -4.633068e+00
29  3.531725e+00  -1.748037e+00
30  4.685915e-01  -2.646609e-01
31  -1.534941e+00  1.389180e+00
32  -1.146710e+00  3.794414e+00
33  -6.215773e-01  4.633131e+00
34  1.186204e+00  5.366890e+00
35  3.187533e+00  5.150580e+00
36  5.415825e+00  5.040067e+00
37  9.392079e+00  5.139722e+00
38  1.128585e+01  7.444872e-01
39  1.073150e+01  4.060056e-01
40  6.108088e+00  -1.447353e+00
41  4.674387e+00  -1.447397e+00
42  6.788376e+00  1.085995e+00
43  -8.312468e+00  -8.748631e+00
44  -5.308565e+01  -1.167380e+01
45  -7.588328e+01  -8.589459e-01
46  -1.119269e+02  5.221183e+01
47  -9.948025e+01  8.634401e+01
48  -4.245456e+01  4.218163e+01
49  9.843708e+01  -3.882143e+01
50  1.053903e+02  2.907336e+01
51  -4.427370e+02  -3.824887e+01
52  -1.678014e+03  -1.860217e+02
53  -3.033662e+03  -1.178998e+02
54  -4.412970e+03  1.361948e+02
55  -4.497976e+03  7.924036e+02
56  -4.914961e+03  6.947832e+02
57  -5.636241e+03  -9.049198e+02
58  -8.871308e+03  3.224529e+01
59  -2.026559e+04  -6.726993e+01
60  -4.348432e+04  2.008400e+03
61  -1.079001e+05  5.030228e+03
62  -2.896990e+05  6.882451e+03
63  -1.009630e+06  -4.943951e+03
ENDPROP
STARTPROP
MASSES:  4.500000e-02   4.200000e-03
SOURCE: GAM_25
SINKS: GAM_25
0  -6.589555e+04  4.485252e+03
1  -1.036459e+06  -3.980738e+01
2  -3.251763e+05  -1.009014e+04
3  -1.366545e+05  -1.194655e+04
4  -6.496084e+04  -1.324508e+04
5  -3.090428e+04  -9.915762e+03
6  -1.872240e+04  -5.068776e+03
7  -1.127698e+04  -1.721728e+03
8  -5.324364e+03  6.273601e+02
9  -6.284346e+02  1.350847e+03
10  -3.165740e+00  1.580949e+03
11  -2.892617e+02  9.903052e+02
12  7.826819e+02  5.394395e+02
13  1.098900e+03  5.900868e+02
14  6.850170e+02  5.378940e+02
15  3.834488e+02  1.854525e+02
16  1.441694e+02  7.643634e+01
17  2.791523e+01  1.103170e+02
18  -1.013070e+01  2.354385e+01
19  1.155309e+01  -9.055756e+00
20  -9.174047e+00  -3.252224e+01
21  -3.447388e+01  -3.572625e+01
22  -1.901198e+01  -2.193416e+01
23  -1.577737e+01  -9.741311e+00
24  -1.062603e+01  -7.714810e+00
25  -9.977990e+00  -1.459811e+01
26  -3.742638e+00  -1.371040e+01
27  -3.999948e+00  -9.580928e+00
28  -2.495632e+00  -3.264110e+00
29  -5.863777e-01  1.874957e-02
30  -4.132275e-02  1.669134e+00
31  -2.036956e-01  1.450106e+00
32  2.749407e-01  1.163376e+00
33  -9.491903e-01  2.140798e-01
34  -1.653405e+00  4.382990e-01
35  1.107640e+00  -3.900639e-01
36  5.117197e+00  -1.333823e+00
37  8.445265e+00  -2.386435e-01
38  1.456034e+01  1.200574e+00
39  1.667460e+01  3.811220e+00
40  1.919077e+01  1.025634e+01
41  3.039778e+01  2.164726e+01
42  5.133642e+01  3.436799e+01
43  6.312969e+01  4.299848e+01
44  7.459193e+01  6.578684e+01
45  7.255033e+01  1.087825e+02
46  8.653695e+01  1.063710e+02
47  1.916348e+02  5.249700e+01
48  2.109339e+02  -3.805729e+00
49  2.536562e+02  -9.724315e+00
50  -6.431458e-01  -4.879848e+01
51  -4.427772e+01  -1.786825e+02
52  -1.238381e+02  -6.194374e+02
53  -1.060808e+02  -8.462239e+02
54  -1.308431e+02  -7.507832e+02
55  -4.755191e+02  -6.110574e+02
56  -6.051705e+02  -7.096647e+02
57  -1.835778e+03  -1.543421e+03
58  -8.348156e+03  4.252802e+01
59  -2.109204e+04  4.368507e+03
60  -5.277089e+04  6.811214e+03
61  -1.257345e+05  5.653272e+03
62  -3.148443e+05  9.307877e+03
63  -1.019223e+06  9.257495e+03
ENDPROP
STARTPROP
MASSES:  4.500000e-02   4.200000e-03
SOURCE: GAM_35
SINKS: GAM_35
0  -7.227896e+04  -3.682584e+03
1  -1.039199e+06  -5.357894e+02
2  -3.260575e+05  -9.939990e+03
3  -1.395529e+05  -1.803629e+04
4  -6.879047e+04  -1.916003e+04
5  -3.668366e+04  -1.281752e+04
6  -2.236222e+04  -6.178324e+03
7  -1.030590e+04  -2.068444e+03
8  -3.886320e+03  -2.349626e+02
9  2.191212e+02  1.780627e+02
10  2.360279e+03  -2.299777e+02
11  1.574110e+03  -9.783427e+01
12  7.639448e+02  9.530346e+01
13  4.619847e+02  4.447408e+02
14  2.135098e+02  5.127882e+02
15  1.005023e+02  4.439116e+02
16  1.205132e+02  3.608283e+02
17  9.816747e+01  2.159022e+02
18  1.993904e+01  1.547542e+02
19  3.027848e+01  7.536180e+01
20  4.118815e+01  4.252958e+01
21  9.940195e+00  6.086184e+01
22  -8.399222e+00  4.777204e+01
23  -1.090137e+00  3.531528e+01
24  -2.828689e+00  2.483105e+01
25  -6.567977e-01  1.267481e+01
26  1.050196e+00  3.925861e+00
27  -1.623318e+00  -1.550692e+00
28  -1.870979e+00  -1.193774e+00
29  -2.924450e+00  -1.388054e+00
30  -4.144716e+00  -1.152725e+00
31  -2.796823e+00  -1.879157e+00
32  -9.224362e-01  -1.966212e+00
33  4.737432e-01  -8.185138e-01
34  -6.576353e-01  8.709607e-01
35  -2.893912e+00  -2.551705e-01
36  -3.665142e+00  -4.673019e-01
37  -5.694742e+00  -1.553312e+00
38  -9.814401e-01  -2.895300e+00
39  1.047879e+01  -2.445022e+00
40  1.334545e+01  -1.701352e+00
41  1.934059e+01  1.160730e+00
42  1.568598e+01  1.133362e+01
43  2.018936e+01  1.015658e+01
44  5.791484e+00  1.262002e+01
45  -5.362768e+01  1.458757e+01
46  -1.150338e+02  3.435843e+01
47  -1.707591e+02  2.129852e+01
48  -2.178308e+02  1.459494e+01
49  -2.310386e+02  5.575367e+01
50  -7.464362e+01  1.565992e+02
51  -5.009477e+02  4.247756e+01
52  -8.652602e+02  -3.854975e+02
53  -1.416604e+03  -3.086431e+02
54  -2.245789e+03  1.793926e+02
55  -2.921820e+03  1.055364e+03
56  -5.045595e+03  9.178673e+02
57  -7.722069e+03  6.478127e+02
58  -1.451289e+04  -3.629572e+03
59  -3.207779e+04  -1.108710e+04
60  -6.983393e+04  -1.314332e+04
61  -1.528894e+05  -1.029991e+04
62  -3.334455e+05  -7.314828e+03
63  -1.040331e+06  -2.122082e+04
ENDPROP
STARTPROP
MASSES:  4.500000e-02   4.200000e-03
SOURCE: GAM_45
SINKS: GAM_45
0  -1.293434e+06  1.014207e+04
1  9.698999e+05  -6.487772e+03
2  4.925206e+05  -6.569791e+03
3  3.557484e+05  -7.841196e+03
4  2.572290e+05  -9.216410e+03
5  1.784691e+05  -6.737628e+03
6  1.224136e+05  -6.216492e+03
7  8.212641e+04  -5.314077e+03
8  5.672629e+04  -3.161563e+03
9  3.895485e+04  -1.219381e+03
10  2.644630e+04  -5.700380e+02
11  1.846815e+04  -3.669709e+02
12  1.292296e+04  -3.090452e+02
13  9.293597e+03  -1.603848e+02
14  6.361183e+03  -1.128450e+02
15  4.311848e+03  -1.037898e+02
16  3.046253e+03  -4.813422e+01
17  2.070949e+03  -8.705381e+01
18  1.380395e+03  -7.275771e+01
19  9.476836e+02  -5.216159e+01
20  6.537700e+02  -4.080875e+01
21  4.423992e+02  -3.301653e+01
22  3.018995e+02  -1.636897e+01
23  2.177378e+02  -1.554448e+01
24  1.539338e+02  -1.027189e+01
25  1.091640e+02  -1.213307e+01
26  7.906496e+01  -9.211907e+00
27  5.801246e+01  -5.491226e+00
28  4.129964e+01  -2.167877e+00
29  3.037717e+01  -2.420644e+00
30  2.387177e+01  -1.533886e+00
31  1.906825e+01  -1.884040e+00
32  1.731673e+01  -1.320902e+00
33  1.839076e+01  -1.074450e+00
34  2.188248e+01  -1.514481e+00
35  2.833002e+01  -6.645512e-01
36  3.799499e+01  -3.991097e-01
37  5.329256e+01  6.114114e-01
38  7.920522e+01  1.652175e+00
39  1.137807e+02  2.517346e+00
40  1.627125e+02  3.951359e+00
41  2.281113e+02  9.419300e+00
42  3.349022e+02  1.856351e+01
43  4.690711e+02  3.130705e+01
44  7.006029e+02  3.775712e+01
45  1.008975e+03  5.337978e+01
46  1.504139e+03  5.579783e+01
47  2.166224e+03  7.779790e+01
48  3.087695e+03  3.812756e+01
49  4.420036e+03  1.852072e+00
50  6.287453e+03  -2.532864e+02
51  9.164214e+03  -4.290040e+02
52  1.315516e+04  -7.512683e+02
53  1.896757e+04  -8.189781e+02
54  2.738127e+04  -7.867667e+02
55  3.963788e+04  -8.043989e+02
56  5.650830e+04  -7.812538e+02
57  8.275985e+04  -8.285726e+02
58  1.195363e+05  6.308756e+02
59  1.709372e+05  1.550973e+03
60  2.390370e+05  1.901885e+03
61  3.397918e+05  2.935471e+03
62  4.807165e+05  8.398392e+03
63  9.621385e+05  1.213225e+04
ENDPROP
STARTPROP
MASSES:  4.500000e-02   4.200000e-03
SOURCE: PSAX4
SINKS: GAM_4
0  5.868367e+04  -2.099742e+04
1  1.724002e+06  -2.187350e+04
2  1.077775e+06  -1.758765e+04
3  7.598224e+05  -1.273086e+04
4  5.390171e+05  -9.414677e+03
5  3.701130e+05  -7.568203e+03
6  2.557463e+05  -5.144904e+03
7  1.737519e+05  -4.591894e+03
8  1.196844e+05  -2.898699e+03
9  8.177289e+04  -1.429326e+03
10  5.581224e+04  -8.491296e+02
11  3.907722e+04  -1.012614e+03
12  2.724388e+04  -9.057622e+02
13  1.918969e+04  -5.848678e+02
14  1.323262e+04  -3.496895e+02
15  8.970693e+03  -2.287142e+02
16  6.237147e+03  -1.226812e+02
17  4.286228e+03  -1.391651e+02
18  2.931102e+03  -8.414655e+01
19  2.030099e+03  -4.066222e+01
20  1.411817e+03  -3.486485e+01
21  9.633556e+02  -4.122002e+01
22  6.651901e+02  -2.399848e+01
23  4.659596e+02  -2.276410e+01
24  3.256414e+02  -1.833552e+01
25  2.264214e+02  -1.938432e+01
26  1.578935e+02  -1.533044e+01
27  1.116047e+02  -1.042140e+01
28  7.644292e+01  -7.110886e+00
29  5.191298e+01  -5.451418e+00
30  3.324131e+01  -3.460590e+00
31  1.752919e+01  -1.558447e+00
32  4.287521e+00  -5.974358e-01
33  -9.425144e+00  4.106080e-01
34  -2.498473e+01  1.176992e+00
35  -4.492599e+01  -2.666364e-01
36  -7.161485e+01  -9.661966e-01
37  -1.081375e+02  -2.632060e+00
38  -1.596871e+02  -4.409632e+00
39  -2.292634e+02  -5.533289e+00
40  -3.263722e+02  -8.646443e+00
41  -4.569825e+02  -1.382799e+01
42  -6.666385e+02  -2.415865e+01
43  -9.476984e+02  -3.445421e+01
44  -1.390019e+03  -3.282394e+01
45  -2.004639e+03  -3.724752e+01
46  -2.948049e+03  -3.897099e+01
47  -4.271925e+03  -3.956000e+01
48  -6.128724e+03  8.575261e+00
49  -8.875848e+03  6.224760e+01
50  -1.280301e+04  2.681034e+02
51  -1.872698e+04  5.010884e+02
52  -2.680175e+04  7.380707e+02
53  -3.893375e+04  7.556984e+02
54  -5.682074e+04  5.372412e+02
55  -8.099236e+04  7.042214e+02
56  -1.162534e+05  2.645045e+02
57  -1.663694e+05  -1.891126e+02
58  -2.392896e+05  -1.252456e+03
59  -3.438374e+05  -3.412169e+03
60  -4.858280e+05  -7.213195e+03
61  -7.054430e+05  -7.096071e+03
62  -1.004523e+06  -1.497345e+04
63  -1.635715e+06  -1.821738e+04
ENDPROP
STARTPROP
MASSES:  4.500000e-02   4.200000e-03
SOURCE: WWPSAX4
SINKS: GAM_4
0  -3.587191e+07  -2.362252e+08
1  1.506145e+09  -2.836746e+07
2  5.613215e+08  -6.805935e+07
3  5.158979e+08  -5.662314e+06
4  5.321205e+08  -7.357169e+07
5  1.494934e+08  2.855911e+06
6  1.516001e+08  -2.080434e+07
7  1.115949e+08  4.035685e+06
8  7.135803e+07  9.582073e+06
9  9.463223e+07  -1.282260e+07
10  2.262362e+07  -6.698677e+06
11  1.451452e+07  2.757814e+06
12  1.254160e+07  -9.886195e+05
13  8.806473e+06  1.600830e+06
14  7.982452e+06  -1.686017e+06
15  3.688713e+06  1.702919e+06
16  4.459439e+06  -4.775324e+05
17  2.686952e+06  1.088421e+05
18  2.297939e+06  -5.011808e+05
19  1.730102e+06  8.495057e+04
20  1.179925e+06  4.206581e+04
21  9.019840e+05  -1.191775e+05
22  3.555222e+05  1.613228e+05
23  3.349509e+05  -1.238234e+05
24  1.400647e+05  1.396539e+03
25  1.766629e+05  -7.964638e+02
26  1.209026e+05  -1.702299e+04
27  1.028804e+05  1.514575e+04
28  5.612235e+03  3.645479e+03
29  1.746408e+04  -5.485954e+03
30  7.226501e+03  -3.042735e+03
31  1.900329e+04  2.128264e+04
32  1.119514e+04  -3.526983e+03
33  2.025095e+03  -1.103744e+04
34  -6.333596e+03  -3.752230e+03
35  -4.181031e+04  -1.080536e+04
36  -2.186424e+04  -1.582893e+03
37  -7.614475e+04  1.041637e+04
38  -5.821344e+04  5.100078e+04
39  -1.442975e+05  -4.799427e+04
40  -1.157557e+05  6.845522e+04
41  -2.521724e+05  -2.705930e+04
42  -2.253208e+05  1.204756e+05
43  -6.093155e+05  -1.457041e+05
44  -5.819944e+05  3.729041e+04
45  -1.201222e+06  1.210210e+05
46  -2.051250e+06  5.152867e+05
47  -2.582883e+06  1.615248e+05
48  -3.207503e+06  -1.496183e+05
49  -3.893749e+06  -1.212581e+06
50  -6.111797e+06  -7.780066e+05
51  -8.882889e+06  -1.861571e+06
52  -1.147178e+07  3.244768e+06
53  -7.351200e+06  2.058072e+06
54  -2.633541e+07  -3.982168e+06
55  -4.514597e+07  -5.859764e+06
56  -5.770895e+07  1.733194e+07
57  -7.499517e+07  1.198307e+07
58  -2.618341e+08  2.424635e+07
59  -1.597910e+08  2.607447e+07
60  -3.460671e+08  -1.411550e+07
61  -3.573378e+08  3.744778e+07
62  -5.396227e+08  1.865549e+07
63  -1.309026e+09  6.076110e+07
ENDPROP
STARTPROP
MASSES:  4.500000e-02   4.200000e-03
SOURCE: WWGAM_5
SINKS: GAM_5
0  1.756144e+10  6.142692e+01
1  2.359536e+09  -1.459019e+07
2  1.061140e+09  -3.288895e+07
3  8.684139e+08  2.160091e+07
4  7.354647e+08  -1.053438e+08
5  3.712180e+08  -2.477848e+07
6  2.810790e+08  -7.724218e+06
7  2.237400e+08  -2.376201e+06
8  1.514447e+08  -1.130720e+06
9  1.527382e+08  -1.927883e+07
10  6.206007e+07  -5.409611e+06
11  3.625354e+07  -5.897951e+05
12  2.415902e+07  2.000987e+06
13  2.097056e+07  1.503686e+06
14  1.546734e+07  -1.456959e+06
15  1.017929e+07  2.475541e+06
16  7.664814e+06  5.237069e+05
17  4.931228e+06  -5.058242e+04
18  4.012781e+06  -5.440458e+05
19  2.721762e+06  9.728353e+04
20  2.116876e+06  2.933926e+04
21  1.331793e+06  -1.320229e+05
22  7.904832e+05  1.371073e+05
23  6.124492e+05  -1.816562e+05
24  3.974924e+05  -1.943001e+05
25  3.438113e+05  -3.345904e+04
26  1.887961e+05  -8.972445e+03
27  1.614030e+05  -1.655186e+04
28  7.604577e+04  1.089729e+04
29  7.891328e+04  9.932179e+03
30  3.777828e+04  -8.292263e+03
31  4.652407e+04  -7.605138e+03
32  3.308876e+04  2.885945e+01
33  3.717859e+04  -1.753231e+03
34  5.256746e+04  7.919054e+03
35  7.807641e+04  -4.169933e+03
36  1.069043e+05  1.608975e+04
37  1.269869e+05  1.026724e+04
38  1.739496e+05  -1.006390e+04
39  2.676873e+05  2.030573e+04
40  3.210270e+05  -5.724104e+04
41  5.031405e+05  2.919737e+04
42  7.676230e+05  -3.425708e+05
43  1.283358e+06  9.106584e+04
44  1.098856e+06  -1.086942e+05
45  2.206149e+06  3.589510e+05
46  2.988814e+06  -5.876799e+05
47  4.448608e+06  3.794492e+05
48  6.616219e+06  2.494402e+05
49  1.070451e+07  1.948763e+06
50  1.531489e+07  8.852499e+05
51  2.048683e+07  3.048446e+06
52  3.014928e+07  -5.943251e+06
53  4.068507e+07  -3.155618e+06
54  6.660765e+07  -5.922277e+05
55  1.141076e+08  1.739509e+07
56  1.380100e+08  -1.104700e+07
57  1.646940e+08  -3.914688e+06
58  3.917380e+08  -1.611263e+07
59  3.714349e+08  -3.407890e+07
60  6.376037e+08  5.065061e+07
61  7.722097e+08  -7.279159e+07
62  1.063073e+09  -3.820853e+07
63  2.172323e+09  5.089744e+07
ENDPROP
