STARTPROP
MASSES:  4.200000e-03   4.200000e-03
SOURCE: GAM_1
SINKS: GAM_1
0  1.047543e+06  -8.890966e+03
1  1.871877e+06  -1.842419e+04
2  9.320345e+05  -1.189108e+04
3  5.723964e+05  -8.480518e+03
4  3.034655e+05  -1.964501e+03
5  1.603759e+05  -2.273705e+02
6  1.000413e+05  -7.511723e+02
7  5.888200e+04  -1.902515e+03
8  4.112572e+04  -3.821397e+03
9  3.128103e+04  -3.119012e+03
10  2.369473e+04  -9.411968e+02
11  2.106889e+04  -7.031718e+02
12  1.992835e+04  -1.885482e+03
13  1.879668e+04  -1.769055e+03
14  1.346920e+04  -7.735306e+02
15  9.155925e+03  -9.343063e+02
16  6.483697e+03  -5.345565e+02
17  2.527698e+03  1.969488e+02
18  1.097660e+03  7.738153e+01
19  7.950429e+02  -4.614964e+02
20  -7.935733e+02  -5.967003e+02
21  -3.719724e+02  -5.224583e+02
22  -3.615649e+01  -2.227334e+02
23  6.232924e+01  -2.455027e+02
24  8.534105e+01  -1.734259e+02
25  6.572230e+01  -2.084884e+02
26  -4.020975e+02  -2.231547e+02
27  -3.536087e+02  -1.527118e+02
28  1.150904e+02  -1.084936e+02
29  4.220797e+02  -2.068962e+02
30  1.762336e+02  -1.395648e+02
31  -1.821326e+02  -9.778450e+01
32  -3.227657e+01  -5.950821e+01
33  -3.566385e+02  -6.278381e-01
34  -2.191397e+02  2.895875e+01
35  3.172058e+02  7.170344e+01
36  2.458674e+02  8.742570e+01
37  9.479607e+01  1.331342e+02
38  1.927193e+02  3.044684e+02
39  5.049250e+02  3.217840e+02
40  3.152470e+02  2.977820e+02
41  4.242829e+02  1.794159e+02
42  -4.869477e+02  2.206335e+02
43  -1.412442e+03  7.468144e+01
44  -2.379506e+03  -5.204107e+01
45  -3.005651e+03  2.637408e+02
46  -3.716668e+03  6.249527e+02
47  -3.068693e+03  1.254169e+03
48  -3.356484e+03  2.079194e+03
49  -2.552416e+03  2.891059e+03
50  -7.593979e+03  4.344859e+03
51  -1.319199e+04  4.327055e+03
52  -1.887418e+04  3.281286e+03
53  -1.950228e+04  2.421285e+03
54  -1.023329e+04  1.950645e+03
55  1.372608e+04  2.635814e+03
56  3.558574e+04  2.098046e+03
57  7.707668e+04  -6.980276e+02
58  1.224756e+05  8.551541e+02
59  1.853397e+05  2.445093e+03
60  3.032539e+05  3.866363e+03
61  5.294170e+05  3.739539e+03
62  9.264527e+05  1.842864e+03
63  1.879855e+06  1.313719e+03
ENDPROP
STARTPROP
MASSES:  4.200000e-03   4.200000e-03
SOURCE: GAM_2
SINKS: GAM_2
0  1.317494e+06  3.364092e+03
1  2.071856e+06  -9.240135e+03
2  1.063555e+06  -4.402254e+03
3  6.486350e+05  -2.627338e+03
4  3.601906e+05  -1.335914e+03
5  1.899306e+05  -1.604074e+03
6  8.879243e+04  -2.890340e+03
7  2.580767e+04  -1.706565e+03
8  1.602954e+03  -9.334514e+02
9  -1.346201e+03  2.583804e+03
10  9.137021e+03  3.467337e+03
11  1.617918e+04  3.191640e+03
12  1.760841e+04  2.704964e+03
13  1.101911e+04  2.324404e+03
14  1.077755e+04  8.225647e+02
15  8.029733e+03  -5.298729e+02
16  6.275350e+02  -8.553736e+02
17  -3.291161e+03  -1.797610e+02
18  -2.417902e+03  -2.491264e+02
19  -2.634842e+02  -3.447827e+02
20  1.601464e+03  -2.838513e+02
21  1.284550e+03  -2.683023e+02
22  7.794023e+02  -4.067052e+02
23  -2.353649e+02  -2.877470e+02
24  -6.142561e+02  -2.679457e+00
25  -4.432215e+02  -2.555295e+01
26  -7.272401e+02  -1.416171e+02
27  -1.064036e+03  -1.702388e+02
28  -1.327670e+03  -4.198190e+01
29  -1.421306e+03  1.661880e+01
30  -9.165744e+02  -3.776958e+01
31  -1.314844e+02  -1.127022e+02
32  -2.042440e+02  -1.025548e+02
33  -1.613204e+02  -9.957068e+00
34  -2.635185e+02  1.518795e+01
35  -2.940436e+02  -3.528654e+01
36  -9.049436e+01  -9.538333e+01
37  2.937939e+02  -9.154043e+01
38  9.878531e+02  -1.325053e+02
39  1.735826e+03  -2.956847e+02
40  1.757060e+03  -2.286370e+02
41  1.593695e+03  -1.559088e+02
42  3.319366e+01  -3.911079e+02
43  -1.354733e+03  -5.334102e+02
44  -1.561376e+03  -4.083054e+02
45  -2.384692e+03  -1.451414e+02
46  -1.856776e+03  -3.786688e+02
47  -7.229510e+02  -4.025581e+02
48  8.573664e+02  -1.239983e+02
49  5.835225e+02  -1.613571e+02
50  -7.368484e+01  -1.911786e+01
51  1.643797e+03  4.661124e+02
52  -7.980279e+02  -3.457430e+02
53  8.887820e+02  -5.887804e+02
54  8.260706e+03  -1.704478e+03
55  3.008012e+04  -2.806959e+03
56  4.994353e+04  -8.059587e+02
57  9.079677e+04  9.089486e+02
58  1.487301e+05  2.240812e+03
59  2.234208e+05  2.666120e+03
60  3.632064e+05  7.579500e+03
61  5.959210e+05  1.480996e+04
62  1.021830e+06  1.822107e+04
63  2.059078e+06  1.561091e+04
ENDPROP
STARTPROP
MASSES:  4.200000e-03   4.200000e-03
SOURCE: GAM_3
SINKS: GAM_3
0  1.177199e+06  -2.581585e+03
1  1.962843e+06  -1.935239e+04
2  9.399140e+05  -1.320098e+04
3  5.155845e+05  -5.941687e+03
4  2.884815e+05  -3.043332e+03
5  1.877301e+05  -5.510205e+02
6  1.071472e+05  -7.562428e+02
7  4.764164e+04  -1.621885e+03
8  1.834868e+04  -2.178528e+03
9  1.652144e+04  -5.090145e+03
10  1.634713e+04  -5.173638e+03
11  1.979690e+04  -4.478998e+03
12  1.822634e+04  -2.346085e+03
13  8.790021e+03  -8.933966e+02
14  3.480853e+03  -3.099228e+01
15  9.539107e+02  7.307727e+02
16  3.451322e+03  9.994018e+02
17  2.482514e+03  6.030254e+02
18  1.331434e+03  -9.212334e+01
19  -4.194249e+02  -5.101628e+02
20  -2.037321e+03  -4.825643e+02
21  -2.769269e+03  -3.285270e+02
22  -2.142214e+03  6.415755e+01
23  -9.087083e+02  -2.205157e+01
24  -1.798875e+02  -1.825162e+02
25  1.132710e+02  -1.418986e+02
26  -2.414298e+02  -3.572779e+01
27  8.639556e+00  -1.176645e+01
28  4.223666e+02  -1.667101e+01
29  5.681710e+02  2.532974e+01
30  4.602054e+02  -2.156234e+01
31  4.923206e+02  3.671857e+00
32  6.089361e+02  -7.204966e+01
33  3.472423e+02  -1.005643e+02
34  7.487964e+01  -4.107284e+01
35  6.116885e+01  -1.223289e+00
36  1.283595e+02  5.920774e+01
37  2.422082e+02  1.665458e+02
38  4.113428e+02  2.098998e+02
39  4.874686e+02  2.254330e+02
40  9.207728e-01  9.411824e+00
41  -5.683801e+02  -1.784098e+02
42  -1.491392e+03  -2.623689e+02
43  -3.251023e+03  -3.273627e+01
44  -3.762960e+03  2.040809e+02
45  -3.928250e+03  -5.943255e+01
46  -4.283572e+03  -3.678612e+02
47  -4.040930e+03  -4.025240e+02
48  -3.401447e+03  -6.231373e+01
49  -3.178335e+03  4.246439e+02
50  -2.927230e+03  4.947647e+02
51  3.416749e+03  3.601870e+01
52  1.152210e+04  -5.009784e+01
53  2.481810e+04  4.271380e+02
54  3.885198e+04  -4.727547e+02
55  5.520478e+04  9.170349e+02
56  6.517313e+04  2.830579e+03
57  8.930123e+04  2.403577e+03
58  1.374640e+05  1.194864e+03
59  2.190293e+05  6.691026e+02
60  3.545004e+05  2.218392e+03
61  5.768823e+05  2.688201e+03
62  9.855354e+05  1.927227e+03
63  1.959652e+06  5.209082e+03
ENDPROP
STARTPROP
MASSES:  4.200000e-03   4.200000e-03
SOURCE: GAM_4
SINKS: GAM_4
0  2.155753e+06  5.688186e+03
1  -2.891432e+05  1.503175e+04
2  8.219037e+03  9.283576e+03
3  -7.788892e+03  7.445234e+03
4  5.965795e+02  6.806764e+03
5  -4.982461e+02  5.985978e+03
6  2.551768e+03  3.173224e+03
7  4.631294e+03  3.594307e+03
8  4.505334e+02  4.279834e+03
9  1.905759e+03  3.479175e+03
10  -5.920962e+02  2.883529e+03
11  1.794068e+03  2.382072e+03
12  3.865501e+02  9.431952e+02
13  -1.115718e+03  9.927302e+02
14  -7.781103e+02  7.659199e+02
15  1.630362e+02  3.425418e+02
16  -1.633177e+02  -1.709761e+02
17  1.850066e+02  -1.149070e+02
18  -9.760804e+01  -1.938262e+02
19  -5.103725e+02  -5.481381e+01
20  -6.578683e+02  2.626842e+00
21  -4.780653e+02  -4.817194e+01
22  -5.647808e+02  -4.090489e+01
23  -2.195971e+02  -2.328876e+01
24  -2.212818e+02  4.338762e+00
25  -5.309883e+02  -2.507368e+01
26  -3.218149e+02  -3.190546e+01
27  -3.755321e+02  -3.144425e+01
28  -3.279610e+02  -2.785844e+01
29  -3.766739e+02  -6.625147e+01
30  -2.685676e+02  -4.905660e+01
31  -3.856776e+02  9.643664e-02
32  -3.292143e+02  -3.583803e+01
33  -3.843758e+02  -5.568413e+01
34  -4.696028e+02  1.412725e+00
35  -3.053257e+02  -1.259372e+01
36  -3.082338e+02  2.438387e+01
37  -4.011541e+02  -4.073973e+01
38  -2.841585e+02  -7.053771e+01
39  -3.333934e+02  -1.042269e+02
40  -3.316497e+02  -4.672235e+01
41  -8.967440e+01  4.188128e+01
42  -3.327625e+02  5.419865e+01
43  -4.078522e+02  2.431890e+02
44  -6.120701e+02  2.129806e+02
45  -1.014083e+03  1.593902e+02
46  -3.509731e+01  1.587845e+02
47  -7.905465e+02  3.911825e+02
48  -6.321501e+00  3.918545e+02
49  -1.685139e+02  2.209642e+02
50  1.370366e+02  2.180373e+02
51  -9.272724e+02  5.734993e+02
52  -3.493380e+02  1.027114e+03
53  1.755242e+03  1.851534e+03
54  1.290633e+03  9.314795e+02
55  -1.184066e+03  4.045252e+02
56  -9.621379e+02  -9.050309e+02
57  3.062927e+03  -2.374104e+03
58  4.388677e+01  -2.890088e+03
59  -1.216669e+03  -2.754456e+03
60  -3.121746e+03  -3.885157e+03
61  -5.646586e+03  2.362917e+02
62  -1.138482e+04  -1.774849e+03
63  -2.918826e+05  -5.768096e+03
ENDPROP
STARTPROP
MASSES:  4.200000e-03   4.200000e-03
SOURCE: GAM_5
SINKS: GAM_5
0  1.477476e+07  6.635212e+04
1  1.468509e+07  5.000883e+04
2  1.259006e+07  3.215248e+04
3  1.095310e+07  2.908928e+04
4  9.271673e+06  2.838692e+04
5  7.619180e+06  1.598187e+04
6  6.238148e+06  -1.291933e+04
7  5.159100e+06  -3.088913e+04
8  4.320664e+06  -2.857529e+04
9  3.643813e+06  -2.187517e+04
10  3.083832e+06  -1.537187e+04
11  2.597243e+06  -1.745161e+04
12  2.172073e+06  -1.818556e+04
13  1.798594e+06  -1.615983e+04
14  1.467017e+06  -1.103799e+04
15  1.208359e+06  -5.466155e+03
16  1.003160e+06  -2.175118e+03
17  8.435488e+05  -6.615975e+02
18  7.116582e+05  2.824976e+02
19  5.858778e+05  -6.460817e+02
20  4.840290e+05  -3.513191e+03
21  4.017053e+05  -5.052330e+03
22  3.419599e+05  -4.723476e+03
23  2.966535e+05  -2.603004e+03
24  2.560059e+05  -7.215002e+02
25  2.213895e+05  -3.703818e+02
26  1.882936e+05  -2.324139e+02
27  1.561292e+05  -8.100049e+02
28  1.358399e+05  -1.705122e+03
29  1.232558e+05  -2.730174e+03
30  1.131840e+05  -3.203456e+03
31  1.082886e+05  -3.169056e+03
32  1.076840e+05  -3.351345e+03
33  1.092714e+05  -3.408114e+03
34  1.145801e+05  -3.093892e+03
35  1.249609e+05  -2.895349e+03
36  1.400861e+05  -3.000972e+03
37  1.578754e+05  -2.501351e+03
38  1.791309e+05  -2.170239e+03
39  2.107644e+05  -2.072980e+03
40  2.483270e+05  -2.173044e+03
41  2.939373e+05  -1.664472e+03
42  3.453019e+05  -2.026211e+03
43  3.970769e+05  -2.712957e+03
44  4.662978e+05  -2.912829e+03
45  5.664494e+05  -2.783997e+03
46  6.852368e+05  -3.392451e+03
47  8.149756e+05  -5.230147e+03
48  9.665573e+05  -1.159985e+04
49  1.179945e+06  -1.740911e+04
50  1.425644e+06  -2.168857e+04
51  1.711376e+06  -2.161765e+04
52  2.093123e+06  -1.271483e+04
53  2.493100e+06  -7.939964e+03
54  2.954623e+06  -8.783487e+03
55  3.568963e+06  -7.553948e+02
56  4.298827e+06  -2.516709e+03
57  5.183276e+06  -8.653505e+03
58  6.215177e+06  -9.534543e+03
59  7.312166e+06  2.327227e+03
60  8.487190e+06  1.959542e+04
61  1.001098e+07  3.074990e+04
62  1.186955e+07  5.558667e+04
63  1.436168e+07  7.313216e+04
ENDPROP
STARTPROP
MASSES:  4.200000e-03   4.200000e-03
SOURCE: GAM_12
SINKS: GAM_12
0  7.826187e+05  -2.083452e+03
1  -7.520126e+05  3.258260e+03
2  -1.917448e+05  -3.348918e+03
3  -6.347459e+04  -6.523588e+03
4  -1.132632e+04  -5.622283e+03
5  4.328961e+03  -4.122624e+03
6  -2.692277e+03  -3.172597e+03
7  -5.630403e+02  -3.437295e+03
8  1.235348e+04  -6.058217e+03
9  1.223214e+04  -4.157536e+03
10  4.833555e+03  -3.539668e+03
11  2.656984e+03  -1.408303e+03
12  -3.921211e+03  6.355166e+01
13  -6.601571e+03  5.214952e+02
14  -3.242173e+03  7.310257e+02
15  -1.904727e+03  4.201676e+02
16  -2.523249e+03  2.253264e+02
17  -3.139783e+03  -2.064846e+02
18  -2.995263e+03  6.591586e+01
19  -5.605834e+02  1.588893e+02
20  5.016688e+02  1.423352e+02
21  2.380507e+02  -1.443061e+02
22  2.838532e+01  -3.054555e+02
23  -8.116951e+02  -1.586160e+02
24  -9.186731e+02  -2.619790e+02
25  -7.308613e+02  -3.114434e+02
26  -2.607754e+02  -2.885202e+02
27  -8.138032e+01  -1.959372e+02
28  -1.801719e+02  -9.450837e+01
29  1.205379e+02  -1.762195e+02
30  4.628818e+02  -9.386036e+01
31  3.239298e+02  -6.297358e+01
32  1.843982e+02  1.406680e+01
33  -1.009649e+02  5.907412e+01
34  -8.421743e+01  1.072959e+02
35  2.882723e+02  2.043523e+02
36  4.250570e+02  1.500632e+02
37  6.844358e+02  1.287987e+02
38  1.242023e+03  1.308374e+02
39  1.457787e+03  1.289175e+02
40  1.674315e+03  1.560084e+02
41  5.313552e+02  -6.765283e+01
42  -6.940515e+02  -1.559538e+02
43  -1.712572e+03  -5.817904e+01
44  -1.275774e+03  -1.600502e+02
45  -8.081775e+02  4.358584e+01
46  -1.753866e+03  1.779350e+02
47  -2.780856e+03  5.467239e+02
48  -2.772745e+03  2.684409e+02
49  -7.307079e+02  -6.964314e+02
50  3.182013e+03  -1.391902e+03
51  4.327743e+03  -1.794097e+03
52  1.256583e+04  -2.629391e+03
53  1.133295e+04  -1.932139e+03
54  3.700657e+03  5.356232e+02
55  -4.028993e+03  3.329803e+03
56  -3.408923e+03  3.901211e+03
57  -2.030931e+03  3.836780e+03
58  3.823874e+03  2.401996e+03
59  9.564632e+03  -2.570652e+02
60  1.452129e+03  -3.482013e+02
61  -3.791278e+04  9.079126e+01
62  -1.543392e+05  5.646093e+02
63  -7.091267e+05  -6.047224e+03
ENDPROP
STARTPROP
MASSES:  4.200000e-03   4.200000e-03
SOURCE: GAM_21
SINKS: GAM_21
0  7.826187e+05  -2.083452e+03
1  -7.520126e+05  3.258260e+03
2  -1.917448e+05  -3.348918e+03
3  -6.347459e+04  -6.523588e+03
4  -1.132632e+04  -5.622283e+03
5  4.328961e+03  -4.122624e+03
6  -2.692277e+03  -3.172597e+03
7  -5.630403e+02  -3.437295e+03
8  1.235348e+04  -6.058217e+03
9  1.223214e+04  -4.157536e+03
10  4.833555e+03  -3.539668e+03
11  2.656984e+03  -1.408303e+03
12  -3.921211e+03  6.355166e+01
13  -6.601571e+03  5.214952e+02
14  -3.242173e+03  7.310257e+02
15  -1.904727e+03  4.201676e+02
16  -2.523249e+03  2.253264e+02
17  -3.139783e+03  -2.064846e+02
18  -2.995263e+03  6.591586e+01
19  -5.605834e+02  1.588893e+02
20  5.016688e+02  1.423352e+02
21  2.380507e+02  -1.443061e+02
22  2.838532e+01  -3.054555e+02
23  -8.116951e+02  -1.586160e+02
24  -9.186731e+02  -2.619790e+02
25  -7.308613e+02  -3.114434e+02
26  -2.607754e+02  -2.885202e+02
27  -8.138032e+01  -1.959372e+02
28  -1.801719e+02  -9.450837e+01
29  1.205379e+02  -1.762195e+02
30  4.628818e+02  -9.386036e+01
31  3.239298e+02  -6.297358e+01
32  1.843982e+02  1.406680e+01
33  -1.009649e+02  5.907412e+01
34  -8.421743e+01  1.072959e+02
35  2.882723e+02  2.043523e+02
36  4.250570e+02  1.500632e+02
37  6.844358e+02  1.287987e+02
38  1.242023e+03  1.308374e+02
39  1.457787e+03  1.289175e+02
40  1.674315e+03  1.560084e+02
41  5.313552e+02  -6.765283e+01
42  -6.940515e+02  -1.559538e+02
43  -1.712572e+03  -5.817904e+01
44  -1.275774e+03  -1.600502e+02
45  -8.081775e+02  4.358584e+01
46  -1.753866e+03  1.779350e+02
47  -2.780856e+03  5.467239e+02
48  -2.772745e+03  2.684409e+02
49  -7.307079e+02  -6.964314e+02
50  3.182013e+03  -1.391902e+03
51  4.327743e+03  -1.794097e+03
52  1.256583e+04  -2.629391e+03
53  1.133295e+04  -1.932139e+03
54  3.700657e+03  5.356232e+02
55  -4.028993e+03  3.329803e+03
56  -3.408923e+03  3.901211e+03
57  -2.030931e+03  3.836780e+03
58  3.823874e+03  2.401996e+03
59  9.564632e+03  -2.570652e+02
60  1.452129e+03  -3.482013e+02
61  -3.791278e+04  9.079126e+01
62  -1.543392e+05  5.646093e+02
63  -7.091267e+05  -6.047224e+03
ENDPROP
STARTPROP
MASSES:  4.200000e-03   4.200000e-03
SOURCE: GAM_13
SINKS: GAM_13
0  8.032036e+05  4.709654e+03
1  -6.840617e+05  1.458669e+04
2  -1.623862e+05  8.999613e+03
3  -8.240328e+04  5.104177e+03
4  -4.110428e+04  3.570953e+02
5  -3.325661e+04  2.201679e+03
6  -2.915200e+04  8.778300e+02
7  -2.170897e+04  2.454318e+03
8  -9.546074e+03  3.903396e+03
9  -5.455356e+03  5.546958e+03
10  2.977663e+03  5.462681e+03
11  -5.377695e+03  4.164718e+03
12  -5.824606e+03  3.572604e+03
13  -8.315753e+03  2.617628e+03
14  -6.895135e+03  7.427130e+02
15  -4.722491e+03  1.355133e+01
16  -2.605730e+03  -4.760504e+02
17  -2.893633e+03  -1.544651e+02
18  -2.665200e+03  6.011267e+02
19  -1.123248e+03  8.625684e+02
20  -9.947913e+02  6.665383e+02
21  -4.314565e+02  4.336722e+02
22  -4.826267e+02  3.066958e+02
23  -4.014121e+02  9.219201e+01
24  -1.138294e+02  2.495560e+01
25  -2.548059e+02  -3.910551e+01
26  -3.493743e+02  -3.814446e+01
27  -2.364112e+02  9.200060e+01
28  2.347087e+02  1.792235e+02
29  2.056710e+02  1.430586e+02
30  2.719173e+02  7.999185e+01
31  6.332450e+01  2.621365e+01
32  -4.203590e+01  8.270458e+01
33  5.891361e+01  2.187713e+02
34  -1.015829e+02  2.196630e+02
35  4.121193e+01  2.771583e+02
36  3.343696e+02  2.265288e+02
37  2.653257e+02  2.513519e+02
38  7.566735e+01  1.987554e+02
39  -2.285624e+01  1.061263e+02
40  2.971057e+02  -7.571570e+01
41  4.380372e+02  -1.236015e+02
42  4.968391e+02  -8.339234e+01
43  4.042354e+02  1.626006e+02
44  -1.911123e+02  1.207901e+02
45  -8.778926e+02  -2.959334e+02
46  -7.791472e+02  -6.964653e+02
47  -9.210141e+02  -1.223875e+03
48  -2.422591e+03  -1.523344e+03
49  -2.340147e+03  -1.380062e+03
50  -2.216789e+03  -7.571641e+02
51  -5.881381e+03  -9.717255e+02
52  -4.807022e+03  2.562136e+02
53  -1.034577e+04  2.064713e+02
54  -1.079334e+04  -8.079842e+02
55  -8.252411e+03  -8.286738e+02
56  -3.898803e+03  -1.249277e+03
57  1.649130e+03  -2.955700e+03
58  8.953491e+03  -1.054869e+02
59  1.195353e+04  -5.691633e+02
60  -1.498924e+04  -1.910438e+03
61  -8.656425e+04  -3.180220e+03
62  -1.926396e+05  -4.447576e+03
63  -7.467231e+05  -9.848579e+03
ENDPROP
STARTPROP
MASSES:  4.200000e-03   4.200000e-03
SOURCE: GAM_31
SINKS: GAM_31
0  8.032036e+05  4.709654e+03
1  -6.840617e+05  1.458669e+04
2  -1.623862e+05  8.999613e+03
3  -8.240328e+04  5.104177e+03
4  -4.110428e+04  3.570953e+02
5  -3.325661e+04  2.201679e+03
6  -2.915200e+04  8.778300e+02
7  -2.170897e+04  2.454318e+03
8  -9.546074e+03  3.903396e+03
9  -5.455356e+03  5.546958e+03
10  2.977663e+03  5.462681e+03
11  -5.377695e+03  4.164718e+03
12  -5.824606e+03  3.572604e+03
13  -8.315753e+03  2.617628e+03
14  -6.895135e+03  7.427130e+02
15  -4.722491e+03  1.355133e+01
16  -2.605730e+03  -4.760504e+02
17  -2.893633e+03  -1.544651e+02
18  -2.665200e+03  6.011267e+02
19  -1.123248e+03  8.625684e+02
20  -9.947913e+02  6.665383e+02
21  -4.314565e+02  4.336722e+02
22  -4.826267e+02  3.066958e+02
23  -4.014121e+02  9.219201e+01
24  -1.138294e+02  2.495560e+01
25  -2.548059e+02  -3.910551e+01
26  -3.493743e+02  -3.814446e+01
27  -2.364112e+02  9.200060e+01
28  2.347087e+02  1.792235e+02
29  2.056710e+02  1.430586e+02
30  2.719173e+02  7.999185e+01
31  6.332450e+01  2.621365e+01
32  -4.203590e+01  8.270458e+01
33  5.891361e+01  2.187713e+02
34  -1.015829e+02  2.196630e+02
35  4.121193e+01  2.771583e+02
36  3.343696e+02  2.265288e+02
37  2.653257e+02  2.513519e+02
38  7.566735e+01  1.987554e+02
39  -2.285624e+01  1.061263e+02
40  2.971057e+02  -7.571570e+01
41  4.380372e+02  -1.236015e+02
42  4.968391e+02  -8.339234e+01
43  4.042354e+02  1.626006e+02
44  -1.911123e+02  1.207901e+02
45  -8.778926e+02  -2.959334e+02
46  -7.791472e+02  -6.964653e+02
47  -9.210141e+02  -1.223875e+03
48  -2.422591e+03  -1.523344e+03
49  -2.340147e+03  -1.380062e+03
50  -2.216789e+03  -7.571641e+02
51  -5.881381e+03  -9.717255e+02
52  -4.807022e+03  2.562136e+02
53  -1.034577e+04  2.064713e+02
54  -1.079334e+04  -8.079842e+02
55  -8.252411e+03  -8.286738e+02
56  -3.898803e+03  -1.249277e+03
57  1.649130e+03  -2.955700e+03
58  8.953491e+03  -1.054869e+02
59  1.195353e+04  -5.691633e+02
60  -1.498924e+04  -1.910438e+03
61  -8.656425e+04  -3.180220e+03
62  -1.926396e+05  -4.447576e+03
63  -7.467231e+05  -9.848579e+03
ENDPROP
STARTPROP
MASSES:  4.200000e-03   4.200000e-03
SOURCE: GAM_14
SINKS: GAM_14
0  -1.154196e+05  -8.058004e+03
1  1.308013e+06  -1.801930e+04
2  6.090568e+05  -1.033930e+04
3  3.403009e+05  -5.308754e+03
4  1.874537e+05  -5.264911e+03
5  1.136879e+05  -3.667117e+03
6  9.521548e+04  -2.762571e+03
7  6.257470e+04  -1.997946e+03
8  4.312494e+04  -2.350394e+03
9  2.380613e+04  -1.807806e+03
10  1.634992e+04  1.184616e+02
11  9.392487e+03  -2.129821e+02
12  9.860530e+03  -8.685791e+02
13  6.130859e+03  -6.427642e+01
14  2.397825e+03  1.319762e+03
15  1.362638e+03  8.482475e+02
16  -1.006779e+03  3.536530e+02
17  -1.129313e+03  5.968480e+02
18  1.823104e+02  5.733421e+02
19  1.551477e+03  -5.547793e+00
20  1.364757e+03  -6.148451e+02
21  4.817109e+02  -6.002721e+02
22  -5.821269e+02  -5.001006e+02
23  -1.221698e+01  -3.312643e+02
24  -2.692771e+02  -1.671965e+02
25  4.986507e+02  -4.505578e+01
26  5.550002e+02  -9.485657e+01
27  2.883073e+02  2.620846e+00
28  3.795711e+02  4.108996e+01
29  3.671564e+02  6.851160e+01
30  4.159067e+02  3.965964e+01
31  1.439178e+02  1.758894e+01
32  2.776028e+01  -5.204090e+01
33  -1.062643e+02  -7.563011e+01
34  -2.335674e+02  6.249784e+01
35  -7.962205e+01  7.763649e+01
36  1.152708e+02  7.089156e+01
37  4.072139e+02  1.608104e+02
38  4.416967e+02  2.696826e+02
39  5.181200e+02  2.880376e+02
40  7.134071e+02  3.679125e+02
41  6.404402e+02  2.736937e+02
42  5.555717e+02  8.947769e+01
43  -8.732219e+02  -1.805496e+01
44  -1.767791e+03  2.456953e+02
45  -1.735439e+03  2.106467e+02
46  1.170672e+02  5.311371e+02
47  -3.746969e+02  6.729012e+02
48  -2.209007e+02  7.386727e+02
49  1.237507e+03  5.267909e+02
50  2.327534e+03  9.560086e+02
51  7.601589e+03  1.534304e+03
52  1.263648e+04  2.354539e+03
53  2.170767e+04  2.858991e+03
54  2.445361e+04  2.500633e+03
55  2.404645e+04  1.130872e+02
56  2.972801e+04  -3.507811e+02
57  3.249981e+04  1.299492e+03
58  5.895320e+04  1.649973e+03
59  1.016857e+05  2.561403e+03
60  1.852940e+05  2.433162e+03
61  3.143147e+05  6.631392e+02
62  5.466397e+05  -6.139048e+02
63  1.264605e+06  9.831313e+02
ENDPROP
STARTPROP
MASSES:  4.200000e-03   4.200000e-03
SOURCE: GAM_41
SINKS: GAM_41
0  -1.154196e+05  -8.058004e+03
1  1.308013e+06  -1.801930e+04
2  6.090568e+05  -1.033930e+04
3  3.403009e+05  -5.308754e+03
4  1.874537e+05  -5.264911e+03
5  1.136879e+05  -3.667117e+03
6  9.521548e+04  -2.762571e+03
7  6.257470e+04  -1.997946e+03
8  4.312494e+04  -2.350394e+03
9  2.380613e+04  -1.807806e+03
10  1.634992e+04  1.184616e+02
11  9.392487e+03  -2.129821e+02
12  9.860530e+03  -8.685791e+02
13  6.130859e+03  -6.427642e+01
14  2.397825e+03  1.319762e+03
15  1.362638e+03  8.482475e+02
16  -1.006779e+03  3.536530e+02
17  -1.129313e+03  5.968480e+02
18  1.823104e+02  5.733421e+02
19  1.551477e+03  -5.547793e+00
20  1.364757e+03  -6.148451e+02
21  4.817109e+02  -6.002721e+02
22  -5.821269e+02  -5.001006e+02
23  -1.221698e+01  -3.312643e+02
24  -2.692771e+02  -1.671965e+02
25  4.986507e+02  -4.505578e+01
26  5.550002e+02  -9.485657e+01
27  2.883073e+02  2.620846e+00
28  3.795711e+02  4.108996e+01
29  3.671564e+02  6.851160e+01
30  4.159067e+02  3.965964e+01
31  1.439178e+02  1.758894e+01
32  2.776028e+01  -5.204090e+01
33  -1.062643e+02  -7.563011e+01
34  -2.335674e+02  6.249784e+01
35  -7.962205e+01  7.763649e+01
36  1.152708e+02  7.089156e+01
37  4.072139e+02  1.608104e+02
38  4.416967e+02  2.696826e+02
39  5.181200e+02  2.880376e+02
40  7.134071e+02  3.679125e+02
41  6.404402e+02  2.736937e+02
42  5.555717e+02  8.947769e+01
43  -8.732219e+02  -1.805496e+01
44  -1.767791e+03  2.456953e+02
45  -1.735439e+03  2.106467e+02
46  1.170672e+02  5.311371e+02
47  -3.746969e+02  6.729012e+02
48  -2.209007e+02  7.386727e+02
49  1.237507e+03  5.267909e+02
50  2.327534e+03  9.560086e+02
51  7.601589e+03  1.534304e+03
52  1.263648e+04  2.354539e+03
53  2.170767e+04  2.858991e+03
54  2.445361e+04  2.500633e+03
55  2.404645e+04  1.130872e+02
56  2.972801e+04  -3.507811e+02
57  3.249981e+04  1.299492e+03
58  5.895320e+04  1.649973e+03
59  1.016857e+05  2.561403e+03
60  1.852940e+05  2.433162e+03
61  3.143147e+05  6.631392e+02
62  5.466397e+05  -6.139048e+02
63  1.264605e+06  9.831313e+02
ENDPROP
STARTPROP
MASSES:  4.200000e-03   4.200000e-03
SOURCE: GAM_23
SINKS: GAM_23
0  7.104440e+05  7.921870e+02
1  -8.077637e+05  1.034448e+04
2  -2.458510e+05  3.707753e+03
3  -9.250664e+04  2.502711e+02
4  -4.706422e+04  2.480596e+03
5  -2.815709e+04  2.432053e+03
6  -1.783804e+04  2.489173e+03
7  -1.083342e+04  2.324266e+03
8  -2.139337e+04  7.950024e+02
9  -5.737220e+03  5.291936e+02
10  9.320748e+03  2.641985e+03
11  9.321144e+03  3.836386e+03
12  1.010833e+04  2.686673e+03
13  4.619289e+03  1.525234e+03
14  -7.785847e+02  6.903000e+02
15  -8.904601e+02  1.968432e+01
16  -3.008276e+03  3.269588e+02
17  -2.716993e+03  8.151653e+02
18  -4.525422e+02  7.351273e+02
19  1.157250e+03  5.234019e+02
20  1.122036e+03  2.328974e+02
21  7.830545e+02  5.444640e+01
22  8.893282e+02  -1.554655e+01
23  3.040489e+02  2.419119e+02
24  -3.223208e+01  3.625908e+02
25  -3.900207e+02  1.633366e+02
26  -3.954195e+02  5.379596e+01
27  -2.064168e+02  4.512656e+01
28  -4.092255e+02  7.046017e+01
29  -4.653055e+02  6.273484e+01
30  -5.837596e+02  3.352527e+01
31  -5.792541e+02  6.057979e+01
32  -6.220019e+02  1.271346e+02
33  -3.610785e+02  1.604402e+02
34  -1.390558e+02  2.118421e+02
35  -2.847060e+02  1.915211e+02
36  -6.891135e+02  2.421074e+02
37  -8.131972e+02  2.006594e+02
38  -9.886655e+02  1.122695e+02
39  -1.214886e+03  1.399230e+02
40  -1.177700e+03  1.688250e+02
41  -9.049595e+02  2.123962e+02
42  -1.434257e+03  1.292619e+02
43  -2.592029e+03  -9.085817e+01
44  -3.781369e+03  -9.144248e+01
45  -4.724316e+03  1.634452e+02
46  -6.150856e+03  4.601137e+02
47  -4.544414e+03  7.275130e+02
48  -6.143215e+03  8.323223e+02
49  -7.817482e+03  5.666330e+02
50  -9.491870e+03  9.870480e+02
51  -4.746055e+03  1.378634e+03
52  -1.617799e+02  1.872804e+03
53  3.079527e+03  9.717017e+02
54  7.392733e+03  1.235722e+02
55  1.295646e+04  1.373815e+03
56  1.003486e+04  -7.258159e+02
57  3.074064e+03  -3.190356e+03
58  -2.207208e+04  -5.791489e+03
59  -3.433070e+04  -7.921576e+03
60  -6.582355e+04  -8.033897e+03
61  -1.177870e+05  -5.028605e+03
62  -2.245946e+05  -4.392017e+03
63  -7.881676e+05  -9.152221e+03
ENDPROP
STARTPROP
MASSES:  4.200000e-03   4.200000e-03
SOURCE: GAM_32
SINKS: GAM_32
0  7.104440e+05  7.921870e+02
1  -8.077637e+05  1.034448e+04
2  -2.458510e+05  3.707753e+03
3  -9.250664e+04  2.502711e+02
4  -4.706422e+04  2.480596e+03
5  -2.815709e+04  2.432053e+03
6  -1.783804e+04  2.489173e+03
7  -1.083342e+04  2.324266e+03
8  -2.139337e+04  7.950024e+02
9  -5.737220e+03  5.291936e+02
10  9.320748e+03  2.641985e+03
11  9.321144e+03  3.836386e+03
12  1.010833e+04  2.686673e+03
13  4.619289e+03  1.525234e+03
14  -7.785847e+02  6.903000e+02
15  -8.904601e+02  1.968432e+01
16  -3.008276e+03  3.269588e+02
17  -2.716993e+03  8.151653e+02
18  -4.525422e+02  7.351273e+02
19  1.157250e+03  5.234019e+02
20  1.122036e+03  2.328974e+02
21  7.830545e+02  5.444640e+01
22  8.893282e+02  -1.554655e+01
23  3.040489e+02  2.419119e+02
24  -3.223208e+01  3.625908e+02
25  -3.900207e+02  1.633366e+02
26  -3.954195e+02  5.379596e+01
27  -2.064168e+02  4.512656e+01
28  -4.092255e+02  7.046017e+01
29  -4.653055e+02  6.273484e+01
30  -5.837596e+02  3.352527e+01
31  -5.792541e+02  6.057979e+01
32  -6.220019e+02  1.271346e+02
33  -3.610785e+02  1.604402e+02
34  -1.390558e+02  2.118421e+02
35  -2.847060e+02  1.915211e+02
36  -6.891135e+02  2.421074e+02
37  -8.131972e+02  2.006594e+02
38  -9.886655e+02  1.122695e+02
39  -1.214886e+03  1.399230e+02
40  -1.177700e+03  1.688250e+02
41  -9.049595e+02  2.123962e+02
42  -1.434257e+03  1.292619e+02
43  -2.592029e+03  -9.085817e+01
44  -3.781369e+03  -9.144248e+01
45  -4.724316e+03  1.634452e+02
46  -6.150856e+03  4.601137e+02
47  -4.544414e+03  7.275130e+02
48  -6.143215e+03  8.323223e+02
49  -7.817482e+03  5.666330e+02
50  -9.491870e+03  9.870480e+02
51  -4.746055e+03  1.378634e+03
52  -1.617799e+02  1.872804e+03
53  3.079527e+03  9.717017e+02
54  7.392733e+03  1.235722e+02
55  1.295646e+04  1.373815e+03
56  1.003486e+04  -7.258159e+02
57  3.074064e+03  -3.190356e+03
58  -2.207208e+04  -5.791489e+03
59  -3.433070e+04  -7.921576e+03
60  -6.582355e+04  -8.033897e+03
61  -1.177870e+05  -5.028605e+03
62  -2.245946e+05  -4.392017e+03
63  -7.881676e+05  -9.152221e+03
ENDPROP
STARTPROP
MASSES:  4.200000e-03   4.200000e-03
SOURCE: GAM_24
SINKS: GAM_24
0  -1.078024e+05  3.545975e+03
1  1.301737e+06  -5.947903e+03
2  5.693689e+05  -6.729622e+03
3  3.265116e+05  -2.195234e+03
4  1.836968e+05  1.123700e+03
5  9.763848e+04  2.172270e+03
6  6.668153e+04  -9.623595e+01
7  4.540949e+04  1.190525e+03
8  2.412959e+04  3.332497e+03
9  7.023739e+03  4.837921e+03
10  4.614706e+03  3.973471e+03
11  1.065855e+04  3.482171e+03
12  7.774438e+03  1.602232e+03
13  2.834826e+03  1.801919e+03
14  -1.064090e+03  1.702246e+03
15  -2.550781e+03  1.476706e+03
16  3.461703e+02  4.361913e+02
17  1.594940e+03  1.728251e+01
18  9.313030e+02  -3.460799e+02
19  1.363205e+03  -8.808375e+02
20  2.010278e+03  -1.169579e+03
21  2.387393e+03  -6.663174e+02
22  2.631748e+03  -2.671642e+02
23  1.763199e+03  -6.718424e+00
24  1.294944e+03  -4.861198e+01
25  1.103879e+03  -3.789700e+01
26  1.003172e+03  -6.692014e+01
27  3.347289e+02  -3.988456e+00
28  -1.318475e+02  -3.590623e+01
29  -3.414831e+02  -1.993921e+00
30  -8.610623e+02  6.142935e+01
31  -9.355755e+02  8.762147e+01
32  -1.089423e+03  1.057389e+02
33  -9.344106e+02  9.825620e+01
34  -4.973745e+02  1.126374e+02
35  -2.669903e+02  1.902791e+02
36  -3.198191e+02  1.699161e+02
37  -3.132150e+02  9.483945e+01
38  -3.392120e+02  1.199260e+01
39  -9.657794e+02  -1.159952e+02
40  -1.005093e+03  -9.666892e+01
41  -5.096483e+02  4.117774e+01
42  -6.403257e+02  1.541070e+02
43  -9.201282e+02  3.723479e+02
44  -1.870862e+03  6.832293e+02
45  -3.007840e+03  9.035176e+02
46  -2.530260e+03  1.060692e+03
47  -2.986662e+03  5.148792e+02
48  -3.568141e+03  -3.636740e+01
49  -3.882938e+03  -1.925632e+02
50  -5.724840e+03  -5.062188e+02
51  -5.018157e+03  -4.437419e+02
52  -4.503595e+03  -3.699685e+02
53  -5.107757e+03  7.539709e+02
54  -1.059237e+03  7.720947e+02
55  1.580595e+03  7.508925e+01
56  -1.044223e+03  9.337356e+02
57  1.758945e+04  -2.768758e+03
58  3.188303e+04  -3.527674e+03
59  6.988347e+04  -3.756846e+03
60  1.628277e+05  -6.545717e+03
61  3.051142e+05  -6.885393e+03
62  5.807558e+05  -5.814899e+03
63  1.287612e+06  -9.414111e+01
ENDPROP
STARTPROP
MASSES:  4.200000e-03   4.200000e-03
SOURCE: GAM_42
SINKS: GAM_42
0  -1.078024e+05  3.545975e+03
1  1.301737e+06  -5.947903e+03
2  5.693689e+05  -6.729622e+03
3  3.265116e+05  -2.195234e+03
4  1.836968e+05  1.123700e+03
5  9.763848e+04  2.172270e+03
6  6.668153e+04  -9.623595e+01
7  4.540949e+04  1.190525e+03
8  2.412959e+04  3.332497e+03
9  7.023739e+03  4.837921e+03
10  4.614706e+03  3.973471e+03
11  1.065855e+04  3.482171e+03
12  7.774438e+03  1.602232e+03
13  2.834826e+03  1.801919e+03
14  -1.064090e+03  1.702246e+03
15  -2.550781e+03  1.476706e+03
16  3.461703e+02  4.361913e+02
17  1.594940e+03  1.728251e+01
18  9.313030e+02  -3.460799e+02
19  1.363205e+03  -8.808375e+02
20  2.010278e+03  -1.169579e+03
21  2.387393e+03  -6.663174e+02
22  2.631748e+03  -2.671642e+02
23  1.763199e+03  -6.718424e+00
24  1.294944e+03  -4.861198e+01
25  1.103879e+03  -3.789700e+01
26  1.003172e+03  -6.692014e+01
27  3.347289e+02  -3.988456e+00
28  -1.318475e+02  -3.590623e+01
29  -3.414831e+02  -1.993921e+00
30  -8.610623e+02  6.142935e+01
31  -9.355755e+02  8.762147e+01
32  -1.089423e+03  1.057389e+02
33  -9.344106e+02  9.825620e+01
34  -4.973745e+02  1.126374e+02
35  -2.669903e+02  1.902791e+02
36  -3.198191e+02  1.699161e+02
37  -3.132150e+02  9.483945e+01
38  -3.392120e+02  1.199260e+01
39  -9.657794e+02  -1.159952e+02
40  -1.005093e+03  -9.666892e+01
41  -5.096483e+02  4.117774e+01
42  -6.403257e+02  1.541070e+02
43  -9.201282e+02  3.723479e+02
44  -1.870862e+03  6.832293e+02
45  -3.007840e+03  9.035176e+02
46  -2.530260e+03  1.060692e+03
47  -2.986662e+03  5.148792e+02
48  -3.568141e+03  -3.636740e+01
49  -3.882938e+03  -1.925632e+02
50  -5.724840e+03  -5.062188e+02
51  -5.018157e+03  -4.437419e+02
52  -4.503595e+03  -3.699685e+02
53  -5.107757e+03  7.539709e+02
54  -1.059237e+03  7.720947e+02
55  1.580595e+03  7.508925e+01
56  -1.044223e+03  9.337356e+02
57  1.758945e+04  -2.768758e+03
58  3.188303e+04  -3.527674e+03
59  6.988347e+04  -3.756846e+03
60  1.628277e+05  -6.545717e+03
61  3.051142e+05  -6.885393e+03
62  5.807558e+05  -5.814899e+03
63  1.287612e+06  -9.414111e+01
ENDPROP
STARTPROP
MASSES:  4.200000e-03   4.200000e-03
SOURCE: GAM_34
SINKS: GAM_34
0  -8.180447e+04  -1.624794e+03
1  1.363839e+06  -1.053684e+04
2  6.637181e+05  -5.859136e+03
3  4.216237e+05  -3.107049e+03
4  2.280727e+05  2.953558e+03
5  1.029718e+05  -4.451674e+02
6  3.657179e+04  -8.830497e+02
7  1.007899e+04  -1.948490e+03
8  -1.555773e+04  -3.939145e+03
9  -1.113958e+04  -1.917824e+03
10  -3.515873e+03  -4.888946e+02
11  3.625393e+03  1.146225e+02
12  4.755538e+03  9.640473e+02
13  1.919849e+03  1.013057e+03
14  6.118807e+02  2.407652e+02
15  -3.158464e+02  -5.261228e+02
16  8.431239e+02  -6.167801e+02
17  1.332118e+02  -3.942638e+02
18  1.317293e+03  -3.546950e+02
19  1.262448e+03  -2.794246e+02
20  1.939283e+03  -2.855112e+02
21  1.856396e+03  -5.249148e+01
22  5.742239e+02  6.364765e+01
23  5.193110e+01  8.360132e+01
24  2.130603e+02  -7.110647e+01
25  1.288302e+02  -1.545493e+01
26  2.147946e+02  4.716167e+01
27  3.338151e+02  2.740764e+02
28  5.483391e+02  2.691997e+02
29  4.023060e+02  1.284554e+02
30  2.487385e+02  4.307732e+01
31  -2.562256e+01  5.796933e+01
32  -9.695283e+01  2.918351e+01
33  6.513825e+01  -1.397884e+02
34  -2.329144e+02  -1.490719e+02
35  -5.225457e+02  -1.716469e+02
36  -8.620951e+02  -5.115574e+01
37  -1.014052e+03  -7.741460e+01
38  -1.289731e+03  -8.528674e+01
39  -1.879698e+03  -8.456867e+01
40  -2.151077e+03  -8.371890e+01
41  -2.482321e+03  1.025442e+01
42  -2.930861e+03  -4.638149e+01
43  -2.528034e+03  -1.197568e+02
44  -3.297038e+03  -1.307346e+02
45  -3.591493e+03  -1.685928e+02
46  -1.450713e+03  -3.340182e+02
47  1.544972e+03  -6.510333e+02
48  2.843041e+03  -8.081107e+02
49  3.193179e+03  -7.532298e+02
50  3.779685e+03  -3.588487e+02
51  3.007307e+03  -9.102327e+02
52  4.626978e+03  -1.536793e+03
53  -2.067880e+03  -6.544755e+02
54  1.366324e+03  5.114907e+02
55  1.388758e+04  1.699875e+03
56  1.970334e+04  2.181841e+03
57  2.828473e+04  1.900280e+03
58  4.281788e+04  2.092941e+03
59  1.052481e+05  1.267447e+03
60  1.708634e+05  1.965344e+03
61  2.924061e+05  2.794923e+03
62  5.520645e+05  6.725023e+03
63  1.295858e+06  8.240368e+03
ENDPROP
STARTPROP
MASSES:  4.200000e-03   4.200000e-03
SOURCE: GAM_43
SINKS: GAM_43
0  -8.180447e+04  -1.624794e+03
1  1.363839e+06  -1.053684e+04
2  6.637181e+05  -5.859136e+03
3  4.216237e+05  -3.107049e+03
4  2.280727e+05  2.953558e+03
5  1.029718e+05  -4.451674e+02
6  3.657179e+04  -8.830497e+02
7  1.007899e+04  -1.948490e+03
8  -1.555773e+04  -3.939145e+03
9  -1.113958e+04  -1.917824e+03
10  -3.515873e+03  -4.888946e+02
11  3.625393e+03  1.146225e+02
12  4.755538e+03  9.640473e+02
13  1.919849e+03  1.013057e+03
14  6.118807e+02  2.407652e+02
15  -3.158464e+02  -5.261228e+02
16  8.431239e+02  -6.167801e+02
17  1.332118e+02  -3.942638e+02
18  1.317293e+03  -3.546950e+02
19  1.262448e+03  -2.794246e+02
20  1.939283e+03  -2.855112e+02
21  1.856396e+03  -5.249148e+01
22  5.742239e+02  6.364765e+01
23  5.193110e+01  8.360132e+01
24  2.130603e+02  -7.110647e+01
25  1.288302e+02  -1.545493e+01
26  2.147946e+02  4.716167e+01
27  3.338151e+02  2.740764e+02
28  5.483391e+02  2.691997e+02
29  4.023060e+02  1.284554e+02
30  2.487385e+02  4.307732e+01
31  -2.562256e+01  5.796933e+01
32  -9.695283e+01  2.918351e+01
33  6.513825e+01  -1.397884e+02
34  -2.329144e+02  -1.490719e+02
35  -5.225457e+02  -1.716469e+02
36  -8.620951e+02  -5.115574e+01
37  -1.014052e+03  -7.741460e+01
38  -1.289731e+03  -8.528674e+01
39  -1.879698e+03  -8.456867e+01
40  -2.151077e+03  -8.371890e+01
41  -2.482321e+03  1.025442e+01
42  -2.930861e+03  -4.638149e+01
43  -2.528034e+03  -1.197568e+02
44  -3.297038e+03  -1.307346e+02
45  -3.591493e+03  -1.685928e+02
46  -1.450713e+03  -3.340182e+02
47  1.544972e+03  -6.510333e+02
48  2.843041e+03  -8.081107e+02
49  3.193179e+03  -7.532298e+02
50  3.779685e+03  -3.588487e+02
51  3.007307e+03  -9.102327e+02
52  4.626978e+03  -1.536793e+03
53  -2.067880e+03  -6.544755e+02
54  1.366324e+03  5.114907e+02
55  1.388758e+04  1.699875e+03
56  1.970334e+04  2.181841e+03
57  2.828473e+04  1.900280e+03
58  4.281788e+04  2.092941e+03
59  1.052481e+05  1.267447e+03
60  1.708634e+05  1.965344e+03
61  2.924061e+05  2.794923e+03
62  5.520645e+05  6.725023e+03
63  1.295858e+06  8.240368e+03
ENDPROP
STARTPROP
MASSES:  4.200000e-03   4.200000e-03
SOURCE: GAM_15
SINKS: GAM_15
0  -1.107710e+05  -2.785071e+03
1  -1.037375e+06  2.148786e+03
2  -2.661704e+05  -4.323338e+03
3  -8.231364e+04  -1.036650e+03
4  3.198861e+03  1.716723e+01
5  1.412019e+04  1.372396e+03
6  8.461039e+03  1.063131e+03
7  1.902634e+04  -3.803404e+02
8  1.736290e+04  -1.740947e+03
9  1.418678e+04  -2.450633e+03
10  7.131072e+03  -2.685186e+03
11  -7.633821e+02  -1.588459e+03
12  -2.206886e+03  -6.805773e+02
13  -5.498674e+03  -6.807442e+02
14  -9.159963e+02  -9.364925e+02
15  3.774141e+03  -2.444328e+02
16  4.511696e+03  2.191170e+02
17  3.461767e+03  3.303755e+02
18  1.764844e+03  3.000049e+00
19  7.593449e+02  -1.232912e+02
20  1.522633e+03  3.122518e+01
21  1.352114e+03  2.357287e+02
22  1.616962e+03  2.569525e+02
23  1.735303e+03  3.416031e+02
24  1.336902e+03  3.140261e+02
25  1.552416e+03  2.970804e+02
26  1.669131e+03  2.654457e+02
27  9.374213e+02  2.717434e+02
28  1.050154e+03  1.870587e+02
29  1.157640e+03  9.490393e+01
30  7.164734e+02  1.285533e+01
31  2.183023e+02  -7.319249e+01
32  -8.025770e+01  -7.393533e+01
33  -3.844116e+02  -5.481054e+01
34  -7.055710e+02  -1.023995e+01
35  -7.914589e+02  -3.635664e+01
36  -5.677500e+02  -2.793605e+01
37  -3.368420e+02  -9.032148e+01
38  4.620133e+02  -1.403357e+02
39  4.937887e+02  -1.670378e+02
40  3.629813e+02  -1.082742e+02
41  1.615865e+03  4.702362e+01
42  2.982357e+03  1.067400e+02
43  4.781550e+03  6.884167e+01
44  5.211884e+03  -1.683504e+02
45  5.255125e+03  -3.558601e+02
46  6.109743e+03  -4.836114e+02
47  9.759084e+03  -5.581525e+02
48  8.949355e+03  2.205308e+01
49  6.761335e+03  1.340899e+03
50  1.404175e+03  3.154832e+03
51  7.677187e+01  4.392428e+03
52  4.172970e+03  3.684568e+03
53  1.207989e+04  1.136010e+03
54  1.495397e+04  -1.210418e+03
55  -1.484137e+03  -2.350273e+03
56  -2.011839e+04  -3.718218e+03
57  -2.537842e+04  -4.482821e+03
58  -2.215844e+04  -4.659692e+03
59  -1.945287e+04  -3.434686e+03
60  -5.486885e+04  -7.225529e+03
61  -1.225459e+05  -8.016229e+03
62  -3.329672e+05  -4.545514e+03
63  -1.080385e+06  -7.823020e+03
ENDPROP
STARTPROP
MASSES:  4.200000e-03   4.200000e-03
SOURCE: GAM_25
SINKS: GAM_25
0  -2.688865e+05  -1.021117e+04
1  -1.168743e+06  3.681996e+03
2  -4.031486e+05  2.161946e+03
3  -1.706204e+05  2.343286e+02
4  -5.221716e+03  9.018503e+02
5  4.463617e+04  -5.464884e+02
6  2.559199e+04  -3.737598e+02
7  -1.001660e+04  -2.172727e+03
8  -2.495277e+04  -8.810855e+02
9  -2.513694e+04  -6.423069e+02
10  -1.691166e+04  -1.712158e+03
11  -6.199170e+03  -2.042027e+03
12  -1.772414e+03  -2.802218e+03
13  -2.071862e+03  -3.513670e+03
14  2.153513e+03  -3.611581e+03
15  2.420642e+03  -2.912855e+03
16  5.072338e+03  -2.792062e+03
17  6.674120e+03  -2.363771e+03
18  7.747928e+03  -1.554313e+03
19  6.710723e+03  -9.595608e+02
20  3.118812e+03  -3.304574e+02
21  1.127053e+03  -3.779041e+02
22  8.546122e+02  -1.048919e+02
23  6.485268e+02  6.462486e+01
24  4.883305e+02  1.471982e+01
25  3.631719e+02  -9.988211e+01
26  2.799962e+02  -2.579112e+02
27  1.377886e+02  -3.654788e+02
28  1.506623e+02  -3.403155e+02
29  5.846341e+01  -1.722835e+02
30  7.385664e+01  -1.042739e+01
31  -4.867432e+01  3.150131e+01
32  -7.810717e+01  1.133934e+01
33  6.620370e+01  1.010211e+01
34  3.338863e+02  7.649939e+01
35  3.600598e+02  2.435217e+02
36  2.667050e+02  3.481599e+02
37  1.063671e+02  3.923201e+02
38  -1.522709e+01  3.410713e+02
39  1.890070e+02  3.803336e+02
40  4.675045e+02  4.368857e+02
41  1.294303e+03  5.515254e+02
42  1.812818e+03  5.212497e+02
43  1.427201e+03  4.469560e+02
44  2.356172e+02  4.404308e+02
45  -2.696420e+03  6.070036e+02
46  -5.132033e+03  3.369156e+02
47  -6.051961e+03  -3.506148e+02
48  -4.708862e+03  -2.697175e+02
49  -2.779629e+03  -6.050540e+02
50  1.113291e+03  -5.066196e+02
51  3.169495e+03  7.288421e+02
52  7.791806e+03  9.465935e+02
53  9.405343e+03  7.003051e+02
54  2.042459e+03  -1.252828e+03
55  -4.823727e+03  -4.501831e+03
56  -1.739768e+04  -6.970016e+03
57  -3.930633e+04  -7.795029e+03
58  -7.484467e+04  -7.831761e+03
59  -9.602900e+04  -1.132378e+04
60  -1.212511e+05  -1.567928e+04
61  -2.189636e+05  -1.605661e+04
62  -4.475686e+05  -1.604016e+04
63  -1.207818e+06  -1.842926e+04
ENDPROP
STARTPROP
MASSES:  4.200000e-03   4.200000e-03
SOURCE: GAM_35
SINKS: GAM_35
0  -3.110859e+05  -4.807831e+03
1  -1.230634e+06  6.191802e+03
2  -3.988639e+05  -2.093823e+03
3  -1.550871e+05  -8.392668e+03
4  -5.172907e+04  -1.188615e+04
5  1.167919e+03  -7.861692e+03
6  8.402316e+03  -3.441369e+03
7  1.586009e+04  -2.661159e+02
8  1.555871e+04  1.117566e+03
9  5.234249e+03  1.628698e+02
10  3.648691e+03  -1.153800e+03
11  8.761531e+02  -1.836151e+03
12  -3.563505e+03  -8.404470e+02
13  -4.897057e+03  6.517182e+02
14  -3.949516e+03  1.222799e+03
15  -2.158275e+03  1.365162e+03
16  -1.656685e+03  1.049838e+03
17  -2.840059e+03  7.766630e+02
18  -1.215217e+03  2.003099e+02
19  -7.774596e+02  1.445644e+02
20  -5.292340e+02  1.128829e+02
21  -3.059303e+02  1.613647e+02
22  -1.008650e+03  3.425084e+02
23  -1.238433e+03  3.710565e+02
24  -7.122550e+02  4.114021e+02
25  -4.408860e+01  1.529329e+02
26  2.521702e+02  -2.194767e+01
27  1.415862e+02  2.768919e+01
28  4.445120e+00  5.002396e+01
29  -1.370614e+02  1.146329e+02
30  2.110372e+02  1.616026e+02
31  2.281206e+02  2.184257e+02
32  4.148855e+02  1.670116e+02
33  3.601064e+02  1.021581e+02
34  4.473605e+02  -4.179018e+01
35  2.875508e+02  -8.273211e+01
36  1.220314e+02  -1.594412e+01
37  2.849434e+02  -7.259384e+00
38  3.027506e+02  1.052116e+02
39  -4.684831e+01  -5.095290e+01
40  -3.109606e+02  -2.256602e+02
41  -5.114920e+02  -1.413327e+02
42  1.223411e+02  1.268527e+01
43  1.322728e+02  1.844090e+02
44  -4.452312e+02  4.673546e+02
45  -3.694774e+03  2.414952e+02
46  -8.367249e+03  1.270544e+02
47  -1.005264e+04  7.025830e+02
48  -8.884426e+03  2.063401e+03
49  -9.995369e+03  2.373205e+03
50  -1.357266e+04  2.597727e+03
51  -1.537800e+04  3.071758e+03
52  -1.847885e+04  3.558353e+03
53  -2.567075e+04  3.140194e+03
54  -3.132575e+04  2.993027e+03
55  -4.045476e+04  2.965353e+03
56  -4.731364e+04  2.378872e+02
57  -6.706197e+04  -1.128932e+03
58  -8.177124e+04  -1.074737e+03
59  -8.992006e+04  -1.345553e+03
60  -1.075288e+05  -2.161532e+02
61  -2.082319e+05  -1.245731e+03
62  -4.378644e+05  -5.635606e+03
63  -1.208777e+06  -1.356807e+04
ENDPROP
STARTPROP
MASSES:  4.200000e-03   4.200000e-03
SOURCE: GAM_45
SINKS: GAM_45
0  -1.743204e+06  1.658870e+03
1  6.453920e+05  -8.116670e+03
2  2.992484e+05  -1.422837e+03
3  2.584575e+05  -7.451045e+01
4  2.086948e+05  -3.518675e+03
5  1.645374e+05  -5.125790e+03
6  1.308253e+05  -4.872703e+03
7  1.089750e+05  -5.030279e+03
8  8.610393e+04  -4.146781e+03
9  7.227252e+04  -1.449428e+03
10  6.128289e+04  -1.131259e+03
11  5.088705e+04  -3.285257e+02
12  4.312335e+04  2.245100e+02
13  3.493389e+04  -3.001532e+02
14  3.146005e+04  -9.782616e+02
15  2.598191e+04  -9.203140e+02
16  2.056696e+04  -8.673817e+02
17  1.659128e+04  -4.590519e+02
18  1.425962e+04  -4.587129e+02
19  1.201575e+04  -4.235848e+02
20  1.005379e+04  -2.862146e+02
21  8.416006e+03  -1.608037e+02
22  7.102396e+03  -2.561288e+02
23  5.760078e+03  -1.297922e+02
24  4.673871e+03  -1.415387e+02
25  3.985618e+03  -7.134721e+01
26  3.175448e+03  -1.618021e+01
27  2.885148e+03  5.535286e+01
28  2.691003e+03  5.481887e-01
29  2.647821e+03  -1.285649e+01
30  2.535109e+03  -2.491393e+01
31  2.510053e+03  -3.146792e+01
32  2.560074e+03  -1.783953e+01
33  2.589958e+03  -2.578786e+01
34  2.706972e+03  -3.943659e+01
35  3.095561e+03  -1.058401e+02
36  3.507385e+03  -1.226876e+02
37  3.826162e+03  -2.339252e+02
38  4.249490e+03  -2.409184e+02
39  5.064826e+03  -1.449659e+02
40  5.908664e+03  -1.368979e+02
41  6.974151e+03  -3.397698e+01
42  7.724806e+03  7.036026e+01
43  9.040024e+03  1.436663e+02
44  1.168665e+04  1.661042e+02
45  1.415998e+04  1.518308e+02
46  1.669925e+04  1.846055e+02
47  2.070425e+04  2.546730e+02
48  2.440705e+04  -4.412409e+01
49  3.020948e+04  -1.457969e+02
50  3.540759e+04  -1.209223e+02
51  4.441362e+04  -3.115508e+01
52  5.310359e+04  -3.327142e+02
53  6.172254e+04  -6.863964e+01
54  7.716933e+04  1.766662e+02
55  8.932629e+04  4.112061e+02
56  1.118576e+05  1.165922e+03
57  1.342960e+05  -4.767625e+02
58  1.640724e+05  -2.248749e+02
59  1.908896e+05  -1.769294e+03
60  2.320399e+05  -5.962045e+02
61  2.611260e+05  7.865806e+02
62  3.142225e+05  4.160100e+03
63  6.411217e+05  8.566978e+03
ENDPROP
STARTPROP
MASSES:  4.200000e-03   4.200000e-03
SOURCE: PSAX4
SINKS: GAM_4
0  7.143591e+04  -6.831610e+03
1  1.703615e+06  -8.103173e+03
2  1.291502e+06  -6.612409e+03
3  1.092900e+06  -2.958565e+03
4  9.192238e+05  4.382776e+02
5  7.574888e+05  1.554991e+02
6  6.246475e+05  -1.380529e+03
7  5.199837e+05  -2.473077e+03
8  4.344501e+05  -1.857276e+03
9  3.551011e+05  -1.863053e+03
10  2.924834e+05  8.217650e+01
11  2.478122e+05  9.276547e+02
12  2.044085e+05  1.058160e+03
13  1.684893e+05  3.162484e+02
14  1.403721e+05  -1.684762e+02
15  1.170341e+05  -1.410756e+02
16  9.693832e+04  -1.553670e+02
17  8.106100e+04  -1.455786e+02
18  6.788063e+04  -4.029955e+02
19  5.611553e+04  -6.671228e+02
20  4.682717e+04  -6.157695e+02
21  3.854051e+04  -3.530627e+02
22  3.245251e+04  -2.778969e+02
23  2.689486e+04  -2.288499e+01
24  2.124886e+04  7.020139e+00
25  1.723367e+04  7.681142e+01
26  1.306914e+04  -9.102430e+00
27  1.002425e+04  -2.721533e+01
28  7.688260e+03  -8.867263e+01
29  5.229797e+03  -9.553324e+01
30  3.198750e+03  -9.015188e+01
31  1.186414e+03  -5.187949e+01
32  -6.784615e+02  4.753890e+01
33  -2.550815e+03  1.308869e+02
34  -4.453390e+03  1.368627e+02
35  -6.660264e+03  2.451764e+02
36  -8.823110e+03  2.567219e+02
37  -1.155883e+04  3.095295e+02
38  -1.441451e+04  3.379676e+02
39  -1.755561e+04  2.372062e+02
40  -2.193431e+04  2.896875e+02
41  -2.686346e+04  2.089569e+02
42  -3.233773e+04  1.864557e+02
43  -3.837558e+04  1.868231e+02
44  -4.738725e+04  2.073648e+02
45  -5.742086e+04  3.169682e+02
46  -6.821700e+04  6.566190e+02
47  -8.181943e+04  6.327171e+02
48  -9.697936e+04  1.286151e+03
49  -1.177325e+05  1.809275e+03
50  -1.402894e+05  2.103875e+03
51  -1.706260e+05  2.667221e+03
52  -1.999666e+05  3.477136e+03
53  -2.409272e+05  2.356343e+03
54  -2.932510e+05  2.267347e+03
55  -3.497872e+05  3.206988e+03
56  -4.259251e+05  2.257270e+03
57  -5.220583e+05  4.549128e+03
58  -6.182856e+05  5.965078e+03
59  -7.328393e+05  6.008767e+03
60  -8.722456e+05  5.086016e+03
61  -1.017591e+06  -1.070703e+03
62  -1.198361e+06  -1.234736e+03
63  -1.580218e+06  -4.430935e+03
ENDPROP
STARTPROP
MASSES:  4.200000e-03   4.200000e-03
SOURCE: WWPSAX4
SINKS: GAM_4
0  -2.863904e+08  -2.459037e+08
1  2.061092e+09  -5.049608e+06
2  1.061645e+09  -1.394263e+07
3  1.087031e+09  2.612474e+07
4  6.580707e+08  7.773997e+06
5  6.163420e+08  3.782773e+07
6  1.594003e+08  -2.827405e+07
7  3.108434e+08  3.072893e+07
8  3.243025e+08  1.192220e+07
9  1.448570e+08  8.333928e+06
10  2.554582e+08  -3.835177e+06
11  2.369467e+08  2.417631e+06
12  1.111705e+08  8.629357e+04
13  2.037627e+08  -1.162715e+07
14  9.344002e+07  4.253159e+06
15  9.088797e+07  3.935771e+06
16  6.945213e+07  -1.049798e+07
17  4.134747e+07  3.673947e+06
18  2.596912e+07  2.367533e+06
19  5.372986e+07  6.010483e+05
20  3.923635e+07  2.178261e+06
21  3.519659e+07  1.024510e+06
22  2.139191e+07  -2.749051e+06
23  2.463304e+07  4.037944e+05
24  2.652065e+07  4.355560e+06
25  6.898697e+06  1.005999e+05
26  8.236850e+06  1.630073e+06
27  6.103909e+06  1.955371e+06
28  1.151085e+07  -3.887421e+04
29  2.611796e+06  2.029395e+05
30  4.638256e+06  -6.067086e+05
31  -1.081344e+06  -1.561705e+06
32  5.525249e+06  4.207356e+05
33  8.925855e+04  8.318696e+05
34  -2.102776e+06  1.416326e+06
35  -1.703180e+06  2.314073e+05
36  -7.672227e+06  4.065368e+05
37  -3.781611e+06  -4.639574e+05
38  2.872801e+06  4.355570e+05
39  -1.180724e+07  9.532624e+05
40  -1.763184e+07  3.200219e+06
41  -7.121777e+06  2.984078e+06
42  -1.959158e+07  1.774734e+05
43  -2.711211e+07  -4.079982e+06
44  -3.343045e+07  -1.776016e+06
45  -2.573982e+07  7.407070e+05
46  -4.909421e+07  -1.666950e+06
47  -6.989202e+07  -1.542270e+06
48  -3.351086e+07  -2.016586e+06
49  -7.557786e+07  3.755711e+05
50  -4.074878e+07  1.471664e+06
51  -4.027977e+07  -1.211987e+06
52  -6.743599e+07  1.052322e+05
53  -1.308427e+08  -1.067397e+07
54  -2.607936e+08  2.769009e+07
55  -1.666055e+08  4.185171e+06
56  -4.104169e+08  -9.473166e+06
57  -5.148051e+08  -3.793424e+07
58  -1.651811e+08  -1.355770e+07
59  -8.192309e+08  2.479585e+07
60  -6.341800e+08  -5.104853e+05
61  -1.035206e+09  3.157576e+07
62  -8.903073e+08  -9.011629e+06
63  -1.472316e+09  -5.086480e+07
ENDPROP
STARTPROP
MASSES:  4.200000e-03   4.200000e-03
SOURCE: WWGAM_5
SINKS: GAM_5
0  1.610007e+10  -1.697776e+02
1  4.357396e+09  6.342379e+07
2  3.319154e+09  2.141257e+07
3  3.233627e+09  3.967019e+07
4  1.857853e+09  -2.111016e+07
5  1.824245e+09  -6.003087e+06
6  1.699519e+09  -2.523841e+07
7  1.022415e+09  2.628840e+07
8  1.133276e+09  -5.382920e+06
9  7.343179e+08  3.578383e+07
10  7.913371e+08  -1.412904e+07
11  6.585608e+08  5.862198e+06
12  5.826416e+08  -1.411617e+07
13  5.342474e+08  3.107698e+06
14  3.883199e+08  -9.744224e+06
15  3.235966e+08  -3.053332e+06
16  2.777303e+08  -2.847874e+06
17  1.909066e+08  7.971455e+06
18  1.652313e+08  7.646909e+05
19  1.957285e+08  -1.082896e+06
20  1.432232e+08  1.418305e+06
21  1.238692e+08  -1.866502e+06
22  7.664602e+07  3.399843e+05
23  7.471039e+07  -6.574087e+05
24  7.103102e+07  -9.873438e+05
25  4.758595e+07  -9.619498e+05
26  4.749533e+07  1.765661e+05
27  4.281329e+07  -1.382468e+06
28  4.099219e+07  -1.011170e+05
29  2.996973e+07  -3.229993e+05
30  2.758391e+07  -1.401302e+06
31  2.907584e+07  7.992603e+04
32  2.641156e+07  -6.607293e+05
33  2.573993e+07  -1.227139e+06
34  2.873443e+07  -1.028748e+05
35  2.879525e+07  -1.206941e+05
36  3.163903e+07  -1.337694e+06
37  3.732325e+07  -1.475541e+05
38  4.126079e+07  -4.794201e+05
39  5.771299e+07  -3.964526e+06
40  5.598737e+07  -1.815124e+06
41  7.757360e+07  -2.328696e+06
42  1.121878e+08  -3.384876e+06
43  1.182022e+08  -1.765383e+06
44  1.079467e+08  -1.075398e+06
45  1.559032e+08  3.848658e+05
46  2.043911e+08  -4.297874e+06
47  1.894900e+08  -1.240919e+06
48  2.202623e+08  2.624101e+06
49  2.684639e+08  -2.832740e+06
50  3.274523e+08  5.384355e+06
51  4.284178e+08  7.296563e+06
52  4.598240e+08  3.329656e+06
53  5.900393e+08  2.536986e+07
54  9.171198e+08  -1.507481e+07
55  9.407442e+08  -3.507072e+06
56  1.219110e+09  -2.802716e+06
57  1.642707e+09  3.166788e+06
58  1.427944e+09  1.478743e+07
59  2.216813e+09  -1.039669e+07
60  2.402652e+09  -7.028429e+06
61  3.080791e+09  -5.107019e+07
62  3.041141e+09  2.149530e+06
63  4.420411e+09  5.332476e+06
ENDPROP
