STARTPROP
MASSES:  4.500000e-02   4.200000e-03
SOURCE: GAM_1
SINKS: GAM_1
0  1.298208e+06  -7.171791e+03
1  1.953066e+06  3.862317e+03
2  8.828234e+05  1.208412e+04
3  4.680044e+05  1.342786e+04
4  2.570381e+05  1.078866e+04
5  1.380301e+05  6.023282e+03
6  6.816092e+04  1.741052e+03
7  3.114392e+04  -1.903302e+03
8  1.015063e+04  -2.908110e+03
9  1.693637e+03  -3.238984e+03
10  -9.104638e+02  -1.548427e+03
11  -7.920004e+02  -1.022527e+03
12  -2.259992e+02  -7.825085e+02
13  9.059974e+01  -6.269572e+02
14  3.583025e+02  -4.190945e+02
15  1.244326e+02  -3.297197e+02
16  -1.898035e+01  -3.061533e+02
17  5.915189e+01  -2.779155e+02
18  6.217256e+01  -2.118743e+02
19  3.171964e+01  -1.366961e+02
20  9.582628e+00  -7.327876e+01
21  1.148400e+01  -3.303010e+01
22  5.718476e+00  -5.168027e+00
23  8.229494e+00  -3.380110e+00
24  1.267746e+01  -4.002649e+00
25  1.477968e+01  -4.620226e+00
26  1.044835e+01  1.086154e+00
27  3.971291e+00  4.118806e+00
28  1.376676e+00  2.014120e+00
29  1.495434e+00  1.783329e+00
30  2.778875e+00  1.214793e+00
31  4.006385e+00  7.380505e-01
32  3.519307e+00  -3.183571e-02
33  3.136556e+00  -4.615149e-01
34  2.310462e+00  -3.921881e-01
35  -1.243442e-01  -7.437000e-01
36  -2.226207e+00  4.925224e-01
37  -2.602158e+00  9.353945e-01
38  -8.863183e+00  -2.606304e+00
39  -8.517233e+00  -7.878905e+00
40  -1.249500e+01  -9.427469e+00
41  -3.035840e+01  -1.039968e+01
42  -4.757932e+01  -2.503614e+01
43  -5.565961e+01  -2.060575e+01
44  -7.815663e+01  -2.458108e+01
45  -4.576403e+01  -5.440958e+01
46  -7.326027e+01  -5.730360e+01
47  -1.669434e+02  8.804554e+00
48  -2.671628e+02  -2.017183e+01
49  -3.352429e+02  -1.225541e+02
50  -4.082017e+02  -1.998727e+02
51  -2.424368e+02  -4.929897e+02
52  -3.791109e+02  -9.398856e+02
53  4.619663e+01  -9.742559e+02
54  3.145395e+03  -5.576480e+01
55  7.429769e+03  4.900122e+02
56  1.687610e+04  -1.736394e+02
57  3.412693e+04  -2.998770e+02
58  6.942739e+04  -1.344406e+03
59  1.378401e+05  -4.262605e+03
60  2.601946e+05  -9.571098e+03
61  5.046329e+05  -1.067976e+04
62  9.369440e+05  -1.472093e+04
63  1.989572e+06  -1.794225e+04
ENDPROP
STARTPROP
MASSES:  4.500000e-02   4.200000e-03
SOURCE: GAM_2
SINKS: GAM_2
0  1.258250e+06  1.749132e+04
1  1.952509e+06  1.439495e+04
2  8.951427e+05  9.590151e+03
3  4.641588e+05  1.085992e+04
4  2.227502e+05  9.627832e+03
5  1.034177e+05  6.620348e+03
6  4.697164e+04  1.047656e+03
7  2.208880e+04  -7.124361e+02
8  1.021923e+04  -1.443549e+03
9  6.283516e+03  -5.918991e+02
10  4.427081e+03  -9.105527e+02
11  1.935359e+03  -1.150104e+01
12  1.354793e+02  2.639214e+02
13  -3.266522e+02  4.888143e+02
14  -4.497877e+02  6.812451e+02
15  -4.343606e+02  3.414114e+02
16  -2.401100e+02  1.091714e+02
17  -4.119846e+01  8.525700e+01
18  1.021220e+01  4.345345e+01
19  -1.892595e+00  3.471610e+01
20  -1.396176e+01  2.186331e+01
21  -9.559873e+00  -1.026598e+01
22  -4.324281e+00  -3.633432e+01
23  -6.464153e+00  -2.255278e+01
24  -3.207529e+00  -1.733112e+01
25  5.994735e-01  -9.139190e+00
26  1.121464e+00  -5.001607e+00
27  -1.914943e+00  -7.964122e+00
28  -4.028289e+00  -5.702369e+00
29  -4.927850e+00  -2.492007e+00
30  -2.968473e+00  -6.782313e-01
31  -1.356605e+00  -1.048014e-01
32  -3.731799e-02  1.873942e+00
33  -7.319049e-01  2.700410e+00
34  -2.262541e+00  3.551684e+00
35  -5.639622e+00  4.305237e+00
36  -8.526395e+00  5.026957e+00
37  -8.956812e+00  6.468919e+00
38  -1.199592e+01  9.231074e-01
39  -1.351940e+01  -5.774568e+00
40  -3.350698e+00  -1.682637e+01
41  5.829766e+00  -4.159319e+01
42  -5.239710e+00  -7.433358e+01
43  -2.270735e+01  -1.307931e+02
44  -9.533565e+00  -1.802563e+02
45  -1.745034e+01  -1.953511e+02
46  -9.663784e+01  -1.358151e+02
47  -3.567753e+02  -4.527577e+01
48  -6.189209e+02  1.410149e+02
49  -7.649229e+02  2.153411e+02
50  -7.947414e+02  5.513077e+01
51  -4.910044e+02  2.358435e+00
52  -4.875563e+02  -2.182872e+02
53  -6.224026e+02  1.582653e+02
54  8.149111e+02  1.315065e+03
55  5.687824e+03  1.166882e+03
56  1.450914e+04  1.373063e+03
57  3.164470e+04  2.024081e+03
58  6.823304e+04  5.507423e+03
59  1.393457e+05  6.625554e+03
60  2.645720e+05  6.567539e+03
61  4.951369e+05  5.526612e+03
62  9.322273e+05  1.577009e+03
63  1.970093e+06  4.177922e+02
ENDPROP
STARTPROP
MASSES:  4.500000e-02   4.200000e-03
SOURCE: GAM_3
SINKS: GAM_3
0  1.376102e+06  3.855044e+03
1  2.056706e+06  2.948784e+03
2  9.595914e+05  1.978999e+03
3  5.108897e+05  -1.052068e+04
4  2.707910e+05  -1.757274e+04
5  1.338044e+05  -1.396794e+04
6  6.449963e+04  -7.713122e+03
7  3.383068e+04  -2.965714e+03
8  1.836531e+04  -2.835078e+03
9  1.190547e+04  -1.419592e+03
10  7.973521e+03  -8.574199e+02
11  5.422994e+03  -3.031585e+02
12  3.374475e+03  5.536244e+01
13  2.095821e+03  4.484799e+01
14  1.537107e+03  -4.577379e+01
15  9.568492e+02  -1.071384e+02
16  5.567508e+02  -9.963561e+01
17  3.096544e+02  -1.052360e+02
18  1.739535e+02  -1.025825e+02
19  1.161127e+02  -6.154322e+01
20  7.466557e+01  -4.462120e+01
21  5.606798e+01  -4.055627e+01
22  3.148471e+01  -2.232585e+01
23  1.194021e+01  -1.378974e+01
24  7.405109e-01  -9.780742e+00
25  -4.479056e+00  -4.686318e+00
26  -6.080092e+00  1.771686e+00
27  -3.666767e+00  4.069973e+00
28  -2.325748e+00  2.934392e+00
29  -2.054869e+00  2.354381e+00
30  -1.518076e+00  3.098165e-01
31  -2.020244e+00  -8.150554e-01
32  -8.540207e-01  -4.291889e-01
33  5.804702e-01  9.937062e-01
34  1.460111e+00  3.131224e+00
35  1.033860e+00  4.953886e+00
36  -3.461972e-01  7.676986e+00
37  -3.278763e+00  1.101644e+01
38  -4.870966e+00  9.253204e+00
39  -6.707482e+00  9.074521e+00
40  -1.011210e+01  8.751103e+00
41  -1.197399e+01  1.220522e+01
42  -5.504206e-01  2.238629e+01
43  -4.305035e+00  4.376023e+01
44  -3.177360e+01  6.622875e+01
45  -5.803266e+01  4.743428e+01
46  -4.961226e+01  2.691403e+01
47  -7.048557e+01  5.149604e+01
48  -1.363696e+02  1.727154e+02
49  -1.129328e+02  4.649316e+02
50  -6.907454e+00  7.448486e+02
51  7.270576e+02  1.072480e+03
52  2.198124e+03  1.490487e+03
53  4.042001e+03  1.795788e+03
54  7.512113e+03  2.580764e+03
55  1.099812e+04  3.189311e+03
56  1.691778e+04  4.063506e+03
57  3.662756e+04  4.060320e+03
58  7.436688e+04  4.187440e+03
59  1.467007e+05  1.753220e+03
60  2.815293e+05  -9.027599e+02
61  5.355988e+05  -5.773355e+03
62  9.663149e+05  -1.605217e+04
63  2.027796e+06  -1.458694e+04
ENDPROP
STARTPROP
MASSES:  4.500000e-02   4.200000e-03
SOURCE: GAM_4
SINKS: GAM_4
0  2.131392e+06  2.130785e+03
1  -2.825075e+05  1.445178e+03
2  3.538733e+02  3.013348e+03
3  9.715867e+02  2.949168e+03
4  1.379070e+03  1.013595e+03
5  2.632524e+03  3.413139e+03
6  2.748249e+03  2.773914e+03
7  1.963527e+03  2.125630e+03
8  9.132963e+02  1.238536e+03
9  6.243113e+02  9.090904e+02
10  -3.702587e+02  8.200552e+02
11  -2.734359e+02  1.071795e+03
12  -1.076442e+02  8.122896e+02
13  5.955744e+01  6.521512e+02
14  -5.383787e+01  5.357620e+02
15  1.973989e+01  3.770277e+02
16  9.359391e+01  2.822772e+02
17  5.852216e+01  1.725866e+02
18  6.118051e+01  1.533869e+02
19  4.873494e+01  1.131124e+02
20  2.732257e+01  7.423857e+01
21  1.659978e+01  4.788878e+01
22  5.660978e+00  3.109920e+01
23  3.557781e+00  1.820784e+01
24  -1.113124e+00  1.239298e+01
25  -5.023920e-01  9.694160e+00
26  -2.007766e+00  8.459501e+00
27  -1.284926e+00  5.139753e+00
28  -1.558588e+00  3.759025e+00
29  -1.011856e+00  3.071855e+00
30  -1.249985e+00  1.379310e+00
31  -2.220179e+00  9.831301e-01
32  -2.717177e+00  -2.690696e-01
33  -3.059784e+00  -7.902334e-01
34  -3.448218e+00  -1.491633e+00
35  -4.263628e+00  -1.857695e+00
36  -4.636041e+00  -2.816815e+00
37  -4.884895e+00  -2.887869e+00
38  -9.019343e+00  -4.558806e+00
39  -1.052826e+01  -7.059602e+00
40  -1.282704e+01  -1.029845e+01
41  -2.205684e+01  -1.291538e+01
42  -2.592335e+01  -1.265167e+01
43  -3.266704e+01  -2.092743e+01
44  -4.303916e+01  -3.066887e+01
45  -4.325517e+01  -2.476327e+01
46  -4.140398e+01  -2.714948e+01
47  -3.256905e+01  1.528552e+01
48  -4.914573e+01  3.574447e+01
49  -2.299471e+01  1.179315e+02
50  5.197129e+01  1.724954e+02
51  1.537558e+02  4.274905e+02
52  2.714070e+02  6.652301e+02
53  4.942709e+02  7.072130e+02
54  5.909062e+02  9.571298e+02
55  5.388668e+02  1.038537e+03
56  1.521316e+03  1.488028e+03
57  1.400138e+03  9.408310e+02
58  1.895995e+03  1.138209e+03
59  2.809088e+03  1.284313e+03
60  6.903845e+02  5.538121e+02
61  -1.871284e+02  -1.913386e+03
62  -6.381715e+03  7.438418e+03
63  -2.786173e+05  6.150965e+03
ENDPROP
STARTPROP
MASSES:  4.500000e-02   4.200000e-03
SOURCE: GAM_5
SINKS: GAM_5
0  7.514384e+06  -1.273744e+04
1  7.286586e+06  2.411448e+04
2  5.054174e+06  3.684444e+04
3  3.622326e+06  3.951392e+04
4  2.590302e+06  3.927634e+04
5  1.866379e+06  3.480426e+04
6  1.286611e+06  2.618880e+04
7  8.669671e+05  1.540160e+04
8  5.803615e+05  5.523657e+03
9  3.945871e+05  1.290331e+03
10  2.713250e+05  -1.507406e+03
11  1.864795e+05  -3.541049e+03
12  1.265524e+05  -4.095864e+03
13  8.593153e+04  -2.968475e+03
14  5.974104e+04  -1.509402e+03
15  4.181540e+04  -1.114612e+03
16  2.907283e+04  -1.022751e+03
17  2.012084e+04  -5.987447e+02
18  1.375264e+04  -2.161296e+02
19  9.444334e+03  -1.355566e+02
20  6.377239e+03  -1.129291e+02
21  4.257268e+03  -5.818717e+01
22  2.923148e+03  -1.501451e+01
23  2.021688e+03  8.474821e+00
24  1.384735e+03  1.891289e+01
25  9.367899e+02  2.156072e+01
26  6.589352e+02  1.265655e+01
27  4.557185e+02  -4.623618e+00
28  3.197963e+02  -8.468401e+00
29  2.327049e+02  -4.928087e+00
30  1.820202e+02  -4.660918e+00
31  1.574281e+02  -4.037103e+00
32  1.534534e+02  -2.081271e+00
33  1.641829e+02  1.410578e+00
34  1.965694e+02  2.541905e+00
35  2.530830e+02  4.722047e-01
36  3.406438e+02  -1.510187e+00
37  4.659434e+02  -8.854381e+00
38  6.501216e+02  -1.266381e+01
39  9.178291e+02  -1.944744e+00
40  1.336797e+03  3.700929e+01
41  1.971879e+03  1.037497e+02
42  2.951872e+03  1.962092e+02
43  4.549447e+03  3.380663e+02
44  6.840303e+03  4.343424e+02
45  1.002552e+04  4.209840e+02
46  1.431961e+04  2.938879e+02
47  2.041540e+04  1.048096e+02
48  2.963753e+04  5.648301e+01
49  4.289418e+04  3.396552e+02
50  6.178594e+04  8.623516e+02
51  8.907811e+04  1.418539e+03
52  1.286322e+05  2.045200e+03
53  1.877467e+05  2.223234e+03
54  2.755901e+05  2.557427e+03
55  4.049263e+05  3.113739e+03
56  5.895185e+05  4.145955e+03
57  8.416821e+05  3.168854e+03
58  1.201880e+06  1.018273e+03
59  1.750076e+06  -9.333707e+03
60  2.518243e+06  -2.965874e+04
61  3.617335e+06  -5.621028e+04
62  5.104548e+06  -6.853169e+04
63  7.338836e+06  -6.069207e+04
ENDPROP
STARTPROP
MASSES:  4.500000e-02   4.200000e-03
SOURCE: GAM_12
SINKS: GAM_12
0  8.844661e+05  6.552919e+03
1  -6.548234e+05  1.052803e+03
2  -1.493338e+05  -2.980955e+03
3  -5.896562e+04  -5.433029e+03
4  -2.543277e+04  -7.554889e+03
5  -7.200628e+03  -7.244739e+03
6  1.790896e+03  -3.331140e+03
7  1.411357e+03  -2.205488e+03
8  -1.633535e+03  -3.528688e+02
9  -1.907768e+03  -1.145536e+03
10  -6.967397e+02  -5.255347e+02
11  -1.765682e+02  1.716837e+02
12  -2.139995e+02  2.300684e+02
13  -8.685573e+01  1.258294e+02
14  -7.564091e+00  6.176705e+01
15  -1.408023e+01  -5.097374e+01
16  3.042486e+01  -2.211105e+01
17  -1.184918e+01  -3.758720e+01
18  -2.418631e+01  -1.285583e+01
19  -5.956146e+00  2.029320e-01
20  2.901654e+01  -1.508774e+01
21  3.199975e+01  -1.719181e+01
22  1.439432e+01  -1.306233e+01
23  1.680389e+01  -1.443693e+01
24  6.376573e+00  -1.108413e+01
25  1.982937e+00  -2.223165e+00
26  1.231520e+00  1.673171e+00
27  -1.087126e+00  7.405788e-01
28  -2.493330e+00  -5.546847e-01
29  -3.127916e+00  -2.084905e+00
30  -1.347202e+00  -2.754131e+00
31  -7.228495e-01  -2.650228e+00
32  -4.496486e-01  -1.809834e+00
33  -4.943163e-01  -2.033482e+00
34  3.676648e-01  -1.075757e+00
35  2.312673e+00  1.772203e-01
36  1.348727e+00  9.180612e-01
37  2.454902e-01  2.205415e+00
38  -8.463030e-01  2.472410e+00
39  -6.010919e+00  6.424524e+00
40  -1.020299e+01  7.949980e+00
41  -8.609251e+00  1.073004e+01
42  -1.614984e+01  1.671417e+01
43  -3.091033e+01  4.287042e+01
44  -4.390007e+01  4.458310e+01
45  -5.660817e+01  4.617664e+01
46  -3.277686e+01  -7.580941e-01
47  -5.098289e+01  -1.361793e+01
48  -9.669398e+01  6.121003e+01
49  -6.303603e+01  1.133258e+02
50  1.490911e+02  2.645951e+02
51  1.069199e+02  3.357628e+02
52  -2.105084e+02  2.442571e+02
53  -5.671719e+02  -3.945081e+01
54  -1.414876e+03  -7.188452e+02
55  -2.576644e+03  -1.130046e+03
56  -2.969555e+03  -4.396329e+02
57  -3.247236e+03  -1.295987e+02
58  -3.471581e+03  -6.043387e+02
59  -7.714509e+03  -2.098363e+03
60  -1.982834e+04  -3.248079e+03
61  -5.889652e+04  -3.085840e+03
62  -1.576397e+05  7.143763e+03
63  -6.542763e+05  5.633052e+03
ENDPROP
STARTPROP
MASSES:  4.500000e-02   4.200000e-03
SOURCE: GAM_21
SINKS: GAM_21
0  8.844661e+05  6.552919e+03
1  -6.548234e+05  1.052803e+03
2  -1.493338e+05  -2.980955e+03
3  -5.896562e+04  -5.433029e+03
4  -2.543277e+04  -7.554889e+03
5  -7.200628e+03  -7.244739e+03
6  1.790896e+03  -3.331140e+03
7  1.411357e+03  -2.205488e+03
8  -1.633535e+03  -3.528688e+02
9  -1.907768e+03  -1.145536e+03
10  -6.967397e+02  -5.255347e+02
11  -1.765682e+02  1.716837e+02
12  -2.139995e+02  2.300684e+02
13  -8.685573e+01  1.258294e+02
14  -7.564091e+00  6.176705e+01
15  -1.408023e+01  -5.097374e+01
16  3.042486e+01  -2.211105e+01
17  -1.184918e+01  -3.758720e+01
18  -2.418631e+01  -1.285583e+01
19  -5.956146e+00  2.029320e-01
20  2.901654e+01  -1.508774e+01
21  3.199975e+01  -1.719181e+01
22  1.439432e+01  -1.306233e+01
23  1.680389e+01  -1.443693e+01
24  6.376573e+00  -1.108413e+01
25  1.982937e+00  -2.223165e+00
26  1.231520e+00  1.673171e+00
27  -1.087126e+00  7.405788e-01
28  -2.493330e+00  -5.546847e-01
29  -3.127916e+00  -2.084905e+00
30  -1.347202e+00  -2.754131e+00
31  -7.228495e-01  -2.650228e+00
32  -4.496486e-01  -1.809834e+00
33  -4.943163e-01  -2.033482e+00
34  3.676648e-01  -1.075757e+00
35  2.312673e+00  1.772203e-01
36  1.348727e+00  9.180612e-01
37  2.454902e-01  2.205415e+00
38  -8.463030e-01  2.472410e+00
39  -6.010919e+00  6.424524e+00
40  -1.020299e+01  7.949980e+00
41  -8.609251e+00  1.073004e+01
42  -1.614984e+01  1.671417e+01
43  -3.091033e+01  4.287042e+01
44  -4.390007e+01  4.458310e+01
45  -5.660817e+01  4.617664e+01
46  -3.277686e+01  -7.580941e-01
47  -5.098289e+01  -1.361793e+01
48  -9.669398e+01  6.121003e+01
49  -6.303603e+01  1.133258e+02
50  1.490911e+02  2.645951e+02
51  1.069199e+02  3.357628e+02
52  -2.105084e+02  2.442571e+02
53  -5.671719e+02  -3.945081e+01
54  -1.414876e+03  -7.188452e+02
55  -2.576644e+03  -1.130046e+03
56  -2.969555e+03  -4.396329e+02
57  -3.247236e+03  -1.295987e+02
58  -3.471581e+03  -6.043387e+02
59  -7.714509e+03  -2.098363e+03
60  -1.982834e+04  -3.248079e+03
61  -5.889652e+04  -3.085840e+03
62  -1.576397e+05  7.143763e+03
63  -6.542763e+05  5.633052e+03
ENDPROP
STARTPROP
MASSES:  4.500000e-02   4.200000e-03
SOURCE: GAM_13
SINKS: GAM_13
0  8.477886e+05  -2.865198e+02
1  -6.641296e+05  -1.063833e+04
2  -1.592257e+05  -9.946308e+03
3  -6.172137e+04  8.644580e+01
4  -2.314416e+04  3.892972e+03
5  -9.775709e+03  5.007466e+03
6  -6.925585e+03  5.544277e+03
7  -4.077836e+03  4.518414e+03
8  -1.349360e+03  3.544814e+03
9  -1.395414e+03  1.839481e+03
10  -1.264219e+03  4.768338e+02
11  -7.105003e+02  4.018657e+02
12  -5.818613e+01  1.289655e+02
13  1.249721e+02  1.805931e+02
14  2.455671e+02  6.501288e+01
15  1.148374e+02  2.753570e+01
16  -6.708916e+01  -1.166075e+02
17  -4.954096e+01  -6.603229e+01
18  -2.500559e+01  -3.470681e+01
19  -2.175931e+01  -3.997867e+00
20  2.547644e+01  -9.961622e+00
21  2.328151e+01  -6.503886e+00
22  1.483534e+01  -1.078437e+01
23  3.601724e+00  -1.213240e+01
24  2.075613e-01  -1.222947e+01
25  -2.046957e+00  -7.565397e+00
26  -1.793314e+00  -9.317784e-01
27  -6.665334e-01  2.281591e+00
28  -2.101423e+00  2.440131e+00
29  -1.891150e+00  2.076339e+00
30  -1.601795e+00  1.312712e+00
31  -1.843464e-01  -5.380534e-01
32  3.747996e-01  -7.736905e-01
33  1.219727e+00  -6.283149e-01
34  2.268545e+00  -1.366146e+00
35  4.011039e+00  -9.718266e-01
36  4.486146e+00  -1.579251e+00
37  5.794859e+00  -2.194547e+00
38  9.541327e+00  -1.461824e+00
39  1.543126e+01  5.170684e-01
40  1.552242e+01  1.850430e+00
41  8.961364e+00  4.472010e-01
42  4.293736e+00  7.998504e+00
43  2.990963e+00  2.714824e+01
44  2.596894e+00  6.879289e+01
45  -2.088034e+01  1.203716e+02
46  9.014689e+00  1.496818e+02
47  5.005818e+01  1.453802e+02
48  1.721706e+01  1.195789e+02
49  -1.414461e+01  5.434344e+00
50  -1.360031e+02  -1.072612e+02
51  -1.503260e+02  -8.969303e+01
52  1.284172e+02  -2.226439e+02
53  1.845278e+02  -3.402415e+02
54  3.000861e+02  -7.362506e+02
55  2.196808e+01  -5.251333e+02
56  -1.243425e+03  -3.998778e+02
57  -4.362311e+03  -6.389233e+02
58  -6.810057e+03  -2.435143e+03
59  -1.575515e+04  -3.312110e+03
60  -3.413487e+04  -9.359184e+01
61  -6.377950e+04  -1.286287e+03
62  -1.550996e+05  4.741831e+03
63  -6.680187e+05  1.885608e+03
ENDPROP
STARTPROP
MASSES:  4.500000e-02   4.200000e-03
SOURCE: GAM_31
SINKS: GAM_31
0  8.477886e+05  -2.865198e+02
1  -6.641296e+05  -1.063833e+04
2  -1.592257e+05  -9.946308e+03
3  -6.172137e+04  8.644580e+01
4  -2.314416e+04  3.892972e+03
5  -9.775709e+03  5.007466e+03
6  -6.925585e+03  5.544277e+03
7  -4.077836e+03  4.518414e+03
8  -1.349360e+03  3.544814e+03
9  -1.395414e+03  1.839481e+03
10  -1.264219e+03  4.768338e+02
11  -7.105003e+02  4.018657e+02
12  -5.818613e+01  1.289655e+02
13  1.249721e+02  1.805931e+02
14  2.455671e+02  6.501288e+01
15  1.148374e+02  2.753570e+01
16  -6.708916e+01  -1.166075e+02
17  -4.954096e+01  -6.603229e+01
18  -2.500559e+01  -3.470681e+01
19  -2.175931e+01  -3.997867e+00
20  2.547644e+01  -9.961622e+00
21  2.328151e+01  -6.503886e+00
22  1.483534e+01  -1.078437e+01
23  3.601724e+00  -1.213240e+01
24  2.075613e-01  -1.222947e+01
25  -2.046957e+00  -7.565397e+00
26  -1.793314e+00  -9.317784e-01
27  -6.665334e-01  2.281591e+00
28  -2.101423e+00  2.440131e+00
29  -1.891150e+00  2.076339e+00
30  -1.601795e+00  1.312712e+00
31  -1.843464e-01  -5.380534e-01
32  3.747996e-01  -7.736905e-01
33  1.219727e+00  -6.283149e-01
34  2.268545e+00  -1.366146e+00
35  4.011039e+00  -9.718266e-01
36  4.486146e+00  -1.579251e+00
37  5.794859e+00  -2.194547e+00
38  9.541327e+00  -1.461824e+00
39  1.543126e+01  5.170684e-01
40  1.552242e+01  1.850430e+00
41  8.961364e+00  4.472010e-01
42  4.293736e+00  7.998504e+00
43  2.990963e+00  2.714824e+01
44  2.596894e+00  6.879289e+01
45  -2.088034e+01  1.203716e+02
46  9.014689e+00  1.496818e+02
47  5.005818e+01  1.453802e+02
48  1.721706e+01  1.195789e+02
49  -1.414461e+01  5.434344e+00
50  -1.360031e+02  -1.072612e+02
51  -1.503260e+02  -8.969303e+01
52  1.284172e+02  -2.226439e+02
53  1.845278e+02  -3.402415e+02
54  3.000861e+02  -7.362506e+02
55  2.196808e+01  -5.251333e+02
56  -1.243425e+03  -3.998778e+02
57  -4.362311e+03  -6.389233e+02
58  -6.810057e+03  -2.435143e+03
59  -1.575515e+04  -3.312110e+03
60  -3.413487e+04  -9.359184e+01
61  -6.377950e+04  -1.286287e+03
62  -1.550996e+05  4.741831e+03
63  -6.680187e+05  1.885608e+03
ENDPROP
STARTPROP
MASSES:  4.500000e-02   4.200000e-03
SOURCE: GAM_14
SINKS: GAM_14
0  1.062068e+05  1.061652e+03
1  1.379018e+06  -3.632090e+03
2  5.735490e+05  6.574923e+01
3  2.975717e+05  2.979439e+02
4  1.471057e+05  -2.383956e+02
5  6.957525e+04  3.360935e+01
6  3.182779e+04  -2.988194e+03
7  1.347387e+04  -1.862501e+03
8  5.142412e+03  -1.216790e+03
9  2.290321e+03  -1.878605e+02
10  1.746304e+03  -3.318671e+01
11  1.176412e+03  1.971442e+02
12  1.216399e+03  5.020491e+02
13  7.282626e+02  3.963471e+02
14  3.664746e+02  1.814103e+02
15  1.933070e+02  3.600688e+01
16  7.354559e+01  -8.505184e+01
17  5.755255e+01  -4.893703e+01
18  3.177600e+01  -4.529096e+01
19  -1.464676e+01  -2.356994e+01
20  -1.483158e+01  -2.001004e+01
21  -3.600347e+00  -1.284018e+01
22  8.449244e+00  -1.961973e+01
23  1.246171e+01  -1.900270e+01
24  1.499377e+01  -1.374651e+01
25  1.324745e+01  -6.682269e+00
26  1.046884e+01  -2.885957e+00
27  8.080884e+00  -6.561200e-02
28  3.662759e+00  -1.045691e+00
29  1.051804e+00  -2.864353e+00
30  2.367501e-01  -2.859635e+00
31  8.424218e-01  -2.089048e+00
32  1.214210e+00  -1.498627e-01
33  1.715079e+00  1.443052e+00
34  7.206476e-01  3.063873e+00
35  -1.208018e+00  4.157550e+00
36  -2.722693e+00  3.787920e+00
37  -4.803951e+00  1.910430e+00
38  -6.685758e+00  -9.179191e-01
39  -1.043176e+01  -4.054078e+00
40  -1.212430e+01  -3.367756e+00
41  -1.194564e+01  -1.216111e+01
42  -2.183156e+01  -1.267457e+01
43  -2.637876e+01  -8.661350e+00
44  -5.160667e+01  4.304898e+00
45  -9.734121e+01  -1.342504e+00
46  -1.129997e+02  -7.163771e+01
47  -4.543054e+01  -4.454801e+01
48  -8.016008e+01  1.497159e+01
49  -8.092201e+01  -3.071234e+00
50  -3.120254e+02  -8.199466e+01
51  -3.693975e+02  -2.664738e+02
52  -1.639518e+02  -1.162723e+02
53  2.740053e+02  -1.103844e+02
54  1.730537e+03  6.710170e+02
55  4.852465e+03  5.352932e+02
56  1.225600e+04  3.377085e+02
57  2.401628e+04  1.502451e+02
58  4.972503e+04  1.474737e+03
59  9.437821e+04  -1.869497e+03
60  1.692036e+05  -3.225541e+03
61  3.199817e+05  -8.592911e+02
62  5.949282e+05  1.883095e+03
63  1.391301e+06  7.616003e+02
ENDPROP
STARTPROP
MASSES:  4.500000e-02   4.200000e-03
SOURCE: GAM_41
SINKS: GAM_41
0  1.062068e+05  1.061652e+03
1  1.379018e+06  -3.632090e+03
2  5.735490e+05  6.574923e+01
3  2.975717e+05  2.979439e+02
4  1.471057e+05  -2.383956e+02
5  6.957525e+04  3.360935e+01
6  3.182779e+04  -2.988194e+03
7  1.347387e+04  -1.862501e+03
8  5.142412e+03  -1.216790e+03
9  2.290321e+03  -1.878605e+02
10  1.746304e+03  -3.318671e+01
11  1.176412e+03  1.971442e+02
12  1.216399e+03  5.020491e+02
13  7.282626e+02  3.963471e+02
14  3.664746e+02  1.814103e+02
15  1.933070e+02  3.600688e+01
16  7.354559e+01  -8.505184e+01
17  5.755255e+01  -4.893703e+01
18  3.177600e+01  -4.529096e+01
19  -1.464676e+01  -2.356994e+01
20  -1.483158e+01  -2.001004e+01
21  -3.600347e+00  -1.284018e+01
22  8.449244e+00  -1.961973e+01
23  1.246171e+01  -1.900270e+01
24  1.499377e+01  -1.374651e+01
25  1.324745e+01  -6.682269e+00
26  1.046884e+01  -2.885957e+00
27  8.080884e+00  -6.561200e-02
28  3.662759e+00  -1.045691e+00
29  1.051804e+00  -2.864353e+00
30  2.367501e-01  -2.859635e+00
31  8.424218e-01  -2.089048e+00
32  1.214210e+00  -1.498627e-01
33  1.715079e+00  1.443052e+00
34  7.206476e-01  3.063873e+00
35  -1.208018e+00  4.157550e+00
36  -2.722693e+00  3.787920e+00
37  -4.803951e+00  1.910430e+00
38  -6.685758e+00  -9.179191e-01
39  -1.043176e+01  -4.054078e+00
40  -1.212430e+01  -3.367756e+00
41  -1.194564e+01  -1.216111e+01
42  -2.183156e+01  -1.267457e+01
43  -2.637876e+01  -8.661350e+00
44  -5.160667e+01  4.304898e+00
45  -9.734121e+01  -1.342504e+00
46  -1.129997e+02  -7.163771e+01
47  -4.543054e+01  -4.454801e+01
48  -8.016008e+01  1.497159e+01
49  -8.092201e+01  -3.071234e+00
50  -3.120254e+02  -8.199466e+01
51  -3.693975e+02  -2.664738e+02
52  -1.639518e+02  -1.162723e+02
53  2.740053e+02  -1.103844e+02
54  1.730537e+03  6.710170e+02
55  4.852465e+03  5.352932e+02
56  1.225600e+04  3.377085e+02
57  2.401628e+04  1.502451e+02
58  4.972503e+04  1.474737e+03
59  9.437821e+04  -1.869497e+03
60  1.692036e+05  -3.225541e+03
61  3.199817e+05  -8.592911e+02
62  5.949282e+05  1.883095e+03
63  1.391301e+06  7.616003e+02
ENDPROP
STARTPROP
MASSES:  4.500000e-02   4.200000e-03
SOURCE: GAM_23
SINKS: GAM_23
0  8.653291e+05  7.509747e+03
1  -6.706564e+05  9.584559e+03
2  -1.475916e+05  2.718108e+03
3  -4.532358e+04  3.917761e+03
4  -5.918651e+03  3.292390e+03
5  7.723783e+03  5.132164e+03
6  8.172612e+03  5.154062e+03
7  5.890111e+03  4.852651e+03
8  3.302561e+03  3.754685e+03
9  1.615256e+03  2.623292e+03
10  1.240028e+03  2.150339e+03
11  8.166995e+02  9.057150e+02
12  5.123995e+02  1.939268e+02
13  3.792707e+02  1.688577e+02
14  1.713353e+02  1.459031e+02
15  1.187729e+02  4.372694e+01
16  1.171670e+02  -5.971568e+01
17  7.595546e+01  -9.659882e+01
18  9.821787e+01  -7.336161e+01
19  9.895786e+01  -3.438051e+01
20  8.914003e+01  9.198904e+00
21  6.383080e+01  2.728404e+01
22  4.283014e+01  2.901994e+01
23  2.220663e+01  1.903901e+01
24  1.282783e+01  7.997160e+00
25  7.850570e+00  1.893002e+00
26  8.526800e+00  -1.075616e+00
27  7.836559e+00  1.768702e-01
28  5.916928e+00  1.966897e+00
29  3.512531e+00  1.833318e+00
30  1.847964e+00  1.227218e+00
31  1.025936e+00  1.840363e+00
32  1.227757e+00  1.282096e+00
33  5.164458e-01  7.454728e-01
34  -6.595346e-01  2.690649e-01
35  -1.113703e+00  1.591840e+00
36  -2.539650e-01  2.944357e-01
37  -3.174265e-01  -1.824585e+00
38  1.337748e+00  -6.716195e+00
39  2.056249e+00  -8.445598e+00
40  -6.359738e-01  -6.590548e+00
41  -1.468541e+01  1.125217e+00
42  -6.312952e+00  5.589909e+00
43  1.361621e+01  1.194053e+01
44  4.686066e+00  1.856035e+01
45  7.740849e+00  -8.947249e+00
46  -3.909175e+01  -3.389976e+01
47  -8.164710e+01  -4.241409e+01
48  -1.507932e+02  -3.448098e+01
49  -3.274681e+02  -2.906161e+01
50  -6.991958e+02  2.531047e+01
51  -6.640471e+02  -7.145400e+00
52  -5.636719e+02  1.283125e+02
53  -9.333716e+02  1.253894e+02
54  -1.691764e+03  -6.404082e+01
55  -2.005127e+02  -3.452131e+02
56  3.464267e+02  -1.023261e+03
57  -3.184623e+02  -2.504451e+03
58  -6.578076e+01  -2.671574e+03
59  -6.111725e+03  -5.598788e+02
60  -2.117597e+04  -8.109985e+02
61  -5.817359e+04  -2.661465e+03
62  -1.497099e+05  2.570659e+03
63  -6.539161e+05  7.995684e+03
ENDPROP
STARTPROP
MASSES:  4.500000e-02   4.200000e-03
SOURCE: GAM_32
SINKS: GAM_32
0  8.653291e+05  7.509747e+03
1  -6.706564e+05  9.584559e+03
2  -1.475916e+05  2.718108e+03
3  -4.532358e+04  3.917761e+03
4  -5.918651e+03  3.292390e+03
5  7.723783e+03  5.132164e+03
6  8.172612e+03  5.154062e+03
7  5.890111e+03  4.852651e+03
8  3.302561e+03  3.754685e+03
9  1.615256e+03  2.623292e+03
10  1.240028e+03  2.150339e+03
11  8.166995e+02  9.057150e+02
12  5.123995e+02  1.939268e+02
13  3.792707e+02  1.688577e+02
14  1.713353e+02  1.459031e+02
15  1.187729e+02  4.372694e+01
16  1.171670e+02  -5.971568e+01
17  7.595546e+01  -9.659882e+01
18  9.821787e+01  -7.336161e+01
19  9.895786e+01  -3.438051e+01
20  8.914003e+01  9.198904e+00
21  6.383080e+01  2.728404e+01
22  4.283014e+01  2.901994e+01
23  2.220663e+01  1.903901e+01
24  1.282783e+01  7.997160e+00
25  7.850570e+00  1.893002e+00
26  8.526800e+00  -1.075616e+00
27  7.836559e+00  1.768702e-01
28  5.916928e+00  1.966897e+00
29  3.512531e+00  1.833318e+00
30  1.847964e+00  1.227218e+00
31  1.025936e+00  1.840363e+00
32  1.227757e+00  1.282096e+00
33  5.164458e-01  7.454728e-01
34  -6.595346e-01  2.690649e-01
35  -1.113703e+00  1.591840e+00
36  -2.539650e-01  2.944357e-01
37  -3.174265e-01  -1.824585e+00
38  1.337748e+00  -6.716195e+00
39  2.056249e+00  -8.445598e+00
40  -6.359738e-01  -6.590548e+00
41  -1.468541e+01  1.125217e+00
42  -6.312952e+00  5.589909e+00
43  1.361621e+01  1.194053e+01
44  4.686066e+00  1.856035e+01
45  7.740849e+00  -8.947249e+00
46  -3.909175e+01  -3.389976e+01
47  -8.164710e+01  -4.241409e+01
48  -1.507932e+02  -3.448098e+01
49  -3.274681e+02  -2.906161e+01
50  -6.991958e+02  2.531047e+01
51  -6.640471e+02  -7.145400e+00
52  -5.636719e+02  1.283125e+02
53  -9.333716e+02  1.253894e+02
54  -1.691764e+03  -6.404082e+01
55  -2.005127e+02  -3.452131e+02
56  3.464267e+02  -1.023261e+03
57  -3.184623e+02  -2.504451e+03
58  -6.578076e+01  -2.671574e+03
59  -6.111725e+03  -5.598788e+02
60  -2.117597e+04  -8.109985e+02
61  -5.817359e+04  -2.661465e+03
62  -1.497099e+05  2.570659e+03
63  -6.539161e+05  7.995684e+03
ENDPROP
STARTPROP
MASSES:  4.500000e-02   4.200000e-03
SOURCE: GAM_24
SINKS: GAM_24
0  1.076036e+05  1.229475e+03
1  1.373894e+06  1.229264e+04
2  5.690173e+05  8.886699e+03
3  2.891721e+05  1.159767e+04
4  1.424817e+05  7.879137e+03
5  7.236824e+04  6.998621e+03
6  3.915617e+04  4.666583e+03
7  2.082424e+04  2.804402e+03
8  1.094061e+04  1.591235e+03
9  6.203122e+03  9.571224e+02
10  2.511030e+03  5.168792e+02
11  1.593714e+03  -3.021707e+01
12  8.220489e+02  5.649411e+00
13  2.894608e+02  -1.407227e+02
14  1.246580e+02  -1.479733e+01
15  -5.083637e+01  -6.204532e+01
16  -8.690577e+01  -1.334542e+02
17  -4.072754e+01  -8.083050e+01
18  -3.345084e+01  -4.522205e+00
19  -4.438993e+01  -1.311273e-01
20  -3.152784e+01  -2.978552e+01
21  -2.309918e+01  -3.450333e+01
22  -1.327195e+01  -6.124808e+00
23  -9.965199e-01  -5.645950e+00
24  1.036006e+00  -1.378093e+00
25  9.471902e+00  -8.936800e-01
26  8.490674e+00  -1.387105e-01
27  1.819387e+00  -3.581867e+00
28  -8.115059e-01  -2.085480e+00
29  -2.664834e-01  -7.038105e-03
30  1.730917e-01  -4.961004e-01
31  1.220932e-01  -1.208151e+00
32  5.544015e-01  -8.412784e-02
33  -5.943511e-01  3.052224e-01
34  -5.449482e-01  -5.652781e-01
35  -7.088402e-01  -1.173687e+00
36  -2.937568e+00  -1.511399e+00
37  -3.103577e+00  4.654572e-01
38  -2.893826e+00  3.064689e-01
39  -4.219014e+00  -1.769057e+00
40  -5.989937e+00  4.820840e+00
41  -1.354488e+01  4.507029e+00
42  -2.388356e+01  4.929729e+00
43  -2.837464e+01  3.333831e+00
44  -4.241126e+01  9.935565e+00
45  -5.698677e+01  -1.456496e+00
46  -5.482870e+01  -2.222596e+01
47  -1.077921e+02  1.868771e+01
48  -1.711274e+02  5.440332e+01
49  -1.458270e+02  1.002674e+02
50  -2.659376e+02  6.315149e+00
51  -1.169582e+02  -1.201111e+02
52  -2.536185e+02  3.408082e+01
53  7.950392e+02  6.161596e+02
54  3.552382e+03  1.134556e+03
55  8.633875e+03  9.599912e+02
56  1.577863e+04  -2.943979e+02
57  2.664525e+04  -1.002433e+03
58  4.908355e+04  -1.809326e+03
59  8.980964e+04  -2.988611e+03
60  1.679065e+05  -4.833141e+03
61  3.196613e+05  -5.309336e+03
62  5.954593e+05  -9.571629e+03
63  1.370465e+06  -1.274419e+04
ENDPROP
STARTPROP
MASSES:  4.500000e-02   4.200000e-03
SOURCE: GAM_42
SINKS: GAM_42
0  1.076036e+05  1.229475e+03
1  1.373894e+06  1.229264e+04
2  5.690173e+05  8.886699e+03
3  2.891721e+05  1.159767e+04
4  1.424817e+05  7.879137e+03
5  7.236824e+04  6.998621e+03
6  3.915617e+04  4.666583e+03
7  2.082424e+04  2.804402e+03
8  1.094061e+04  1.591235e+03
9  6.203122e+03  9.571224e+02
10  2.511030e+03  5.168792e+02
11  1.593714e+03  -3.021707e+01
12  8.220489e+02  5.649411e+00
13  2.894608e+02  -1.407227e+02
14  1.246580e+02  -1.479733e+01
15  -5.083637e+01  -6.204532e+01
16  -8.690577e+01  -1.334542e+02
17  -4.072754e+01  -8.083050e+01
18  -3.345084e+01  -4.522205e+00
19  -4.438993e+01  -1.311273e-01
20  -3.152784e+01  -2.978552e+01
21  -2.309918e+01  -3.450333e+01
22  -1.327195e+01  -6.124808e+00
23  -9.965199e-01  -5.645950e+00
24  1.036006e+00  -1.378093e+00
25  9.471902e+00  -8.936800e-01
26  8.490674e+00  -1.387105e-01
27  1.819387e+00  -3.581867e+00
28  -8.115059e-01  -2.085480e+00
29  -2.664834e-01  -7.038105e-03
30  1.730917e-01  -4.961004e-01
31  1.220932e-01  -1.208151e+00
32  5.544015e-01  -8.412784e-02
33  -5.943511e-01  3.052224e-01
34  -5.449482e-01  -5.652781e-01
35  -7.088402e-01  -1.173687e+00
36  -2.937568e+00  -1.511399e+00
37  -3.103577e+00  4.654572e-01
38  -2.893826e+00  3.064689e-01
39  -4.219014e+00  -1.769057e+00
40  -5.989937e+00  4.820840e+00
41  -1.354488e+01  4.507029e+00
42  -2.388356e+01  4.929729e+00
43  -2.837464e+01  3.333831e+00
44  -4.241126e+01  9.935565e+00
45  -5.698677e+01  -1.456496e+00
46  -5.482870e+01  -2.222596e+01
47  -1.077921e+02  1.868771e+01
48  -1.711274e+02  5.440332e+01
49  -1.458270e+02  1.002674e+02
50  -2.659376e+02  6.315149e+00
51  -1.169582e+02  -1.201111e+02
52  -2.536185e+02  3.408082e+01
53  7.950392e+02  6.161596e+02
54  3.552382e+03  1.134556e+03
55  8.633875e+03  9.599912e+02
56  1.577863e+04  -2.943979e+02
57  2.664525e+04  -1.002433e+03
58  4.908355e+04  -1.809326e+03
59  8.980964e+04  -2.988611e+03
60  1.679065e+05  -4.833141e+03
61  3.196613e+05  -5.309336e+03
62  5.954593e+05  -9.571629e+03
63  1.370465e+06  -1.274419e+04
ENDPROP
STARTPROP
MASSES:  4.500000e-02   4.200000e-03
SOURCE: GAM_34
SINKS: GAM_34
0  5.402393e+04  8.353118e+02
1  1.337870e+06  -3.357354e+03
2  5.448855e+05  -1.641137e+03
3  2.838552e+05  -1.550281e+03
4  1.497284e+05  -3.995090e+03
5  7.404921e+04  -5.329032e+03
6  3.650796e+04  -3.378484e+03
7  1.785138e+04  -3.255832e+03
8  1.215352e+04  -1.132752e+03
9  9.741743e+03  -5.107821e+01
10  5.539501e+03  -5.801227e+02
11  3.457714e+03  -7.243358e+02
12  2.236857e+03  -2.128646e+02
13  1.144565e+03  2.813319e+01
14  4.661059e+02  4.590388e+01
15  3.162193e+02  -1.476497e+01
16  3.454878e+02  -6.158445e+01
17  3.204095e+02  -5.664498e+01
18  3.161582e+02  -4.761656e+01
19  2.453564e+02  -4.131621e+01
20  1.564721e+02  -4.943338e+00
21  7.929233e+01  5.305854e+00
22  3.410226e+01  2.917664e+00
23  2.053548e+01  -3.500044e-01
24  1.143760e+01  1.886403e+00
25  8.304418e+00  4.954501e+00
26  4.548143e+00  3.131066e+00
27  1.659328e+00  4.213239e+00
28  4.578792e-01  3.965911e+00
29  -6.438179e-01  3.187544e+00
30  -8.931851e-01  3.225904e+00
31  -1.140996e+00  2.772753e+00
32  -5.030389e-01  2.286965e+00
33  -3.670370e-01  1.508877e+00
34  -9.231654e-01  7.733938e-01
35  -1.183922e+00  -3.541546e-01
36  -1.834207e+00  4.226445e-01
37  -3.287408e+00  2.263984e+00
38  -3.108822e+00  3.784481e+00
39  -1.767975e+00  -5.304311e-01
40  3.166564e+00  -6.378875e+00
41  -2.280880e+00  -1.197729e+01
42  6.889902e-01  -2.075724e+00
43  1.274506e+01  -4.255622e+00
44  5.303513e+01  -1.074011e+01
45  4.061534e+01  -6.766754e+00
46  6.034671e+01  1.308872e+01
47  1.049804e+02  1.148186e+02
48  1.553942e+02  3.349143e+02
49  1.473163e+02  4.767517e+02
50  2.507013e+02  5.505245e+02
51  1.986431e+02  7.662191e+02
52  -1.460629e+01  1.056696e+03
53  -1.306685e+01  6.570250e+02
54  7.988980e+02  8.183604e+02
55  2.736490e+03  7.314213e+02
56  6.118782e+03  1.047198e+03
57  1.622349e+04  3.388155e+03
58  3.581863e+04  2.033181e+03
59  7.577017e+04  4.934243e+02
60  1.614739e+05  -1.455398e+03
61  3.219445e+05  -9.228211e+03
62  6.032108e+05  -9.624834e+03
63  1.363341e+06  -3.455156e+03
ENDPROP
STARTPROP
MASSES:  4.500000e-02   4.200000e-03
SOURCE: GAM_43
SINKS: GAM_43
0  5.402393e+04  8.353118e+02
1  1.337870e+06  -3.357354e+03
2  5.448855e+05  -1.641137e+03
3  2.838552e+05  -1.550281e+03
4  1.497284e+05  -3.995090e+03
5  7.404921e+04  -5.329032e+03
6  3.650796e+04  -3.378484e+03
7  1.785138e+04  -3.255832e+03
8  1.215352e+04  -1.132752e+03
9  9.741743e+03  -5.107821e+01
10  5.539501e+03  -5.801227e+02
11  3.457714e+03  -7.243358e+02
12  2.236857e+03  -2.128646e+02
13  1.144565e+03  2.813319e+01
14  4.661059e+02  4.590388e+01
15  3.162193e+02  -1.476497e+01
16  3.454878e+02  -6.158445e+01
17  3.204095e+02  -5.664498e+01
18  3.161582e+02  -4.761656e+01
19  2.453564e+02  -4.131621e+01
20  1.564721e+02  -4.943338e+00
21  7.929233e+01  5.305854e+00
22  3.410226e+01  2.917664e+00
23  2.053548e+01  -3.500044e-01
24  1.143760e+01  1.886403e+00
25  8.304418e+00  4.954501e+00
26  4.548143e+00  3.131066e+00
27  1.659328e+00  4.213239e+00
28  4.578792e-01  3.965911e+00
29  -6.438179e-01  3.187544e+00
30  -8.931851e-01  3.225904e+00
31  -1.140996e+00  2.772753e+00
32  -5.030389e-01  2.286965e+00
33  -3.670370e-01  1.508877e+00
34  -9.231654e-01  7.733938e-01
35  -1.183922e+00  -3.541546e-01
36  -1.834207e+00  4.226445e-01
37  -3.287408e+00  2.263984e+00
38  -3.108822e+00  3.784481e+00
39  -1.767975e+00  -5.304311e-01
40  3.166564e+00  -6.378875e+00
41  -2.280880e+00  -1.197729e+01
42  6.889902e-01  -2.075724e+00
43  1.274506e+01  -4.255622e+00
44  5.303513e+01  -1.074011e+01
45  4.061534e+01  -6.766754e+00
46  6.034671e+01  1.308872e+01
47  1.049804e+02  1.148186e+02
48  1.553942e+02  3.349143e+02
49  1.473163e+02  4.767517e+02
50  2.507013e+02  5.505245e+02
51  1.986431e+02  7.662191e+02
52  -1.460629e+01  1.056696e+03
53  -1.306685e+01  6.570250e+02
54  7.988980e+02  8.183604e+02
55  2.736490e+03  7.314213e+02
56  6.118782e+03  1.047198e+03
57  1.622349e+04  3.388155e+03
58  3.581863e+04  2.033181e+03
59  7.577017e+04  4.934243e+02
60  1.614739e+05  -1.455398e+03
61  3.219445e+05  -9.228211e+03
62  6.032108e+05  -9.624834e+03
63  1.363341e+06  -3.455156e+03
ENDPROP
STARTPROP
MASSES:  4.500000e-02   4.200000e-03
SOURCE: GAM_15
SINKS: GAM_15
0  2.987796e+04  -1.267551e+03
1  -9.617650e+05  -8.534699e+03
2  -2.962107e+05  -7.456729e+03
3  -1.306489e+05  -4.986311e+02
4  -4.958707e+04  4.876728e+03
5  -2.115032e+04  6.542410e+03
6  -1.093773e+04  5.947214e+03
7  -5.080790e+03  2.545574e+03
8  -3.033960e+03  -3.151300e+02
9  -1.340815e+03  -9.394570e+02
10  -8.038518e+02  -5.563395e+02
11  -3.601899e+02  -1.504292e+01
12  -2.486805e+02  -3.807984e+01
13  -1.739920e+02  -1.691699e+01
14  -1.423129e+02  -8.430691e+01
15  -7.345193e+01  -2.652778e+00
16  -3.920203e+01  -4.628783e+01
17  -2.496115e+01  -1.268727e+02
18  -8.398195e+01  -1.337227e+02
19  -6.493573e+01  -1.122427e+02
20  -6.534788e+01  -4.922910e+01
21  -1.081863e+01  -2.098186e+01
22  1.440469e+01  -1.304957e+01
23  1.786371e+01  -1.618067e+01
24  1.006140e+01  -1.401156e+01
25  3.860003e+00  -6.946118e+00
26  3.860822e+00  -2.273819e+00
27  2.584836e+00  2.203272e+00
28  8.174649e-01  4.878137e+00
29  -2.950846e-01  4.108460e+00
30  -2.876351e-01  2.807844e+00
31  -2.765128e-01  2.070320e+00
32  -4.751167e-01  2.283581e+00
33  -4.912596e-01  1.848770e+00
34  -8.285529e-01  2.518991e+00
35  -1.410358e+00  2.793163e+00
36  -7.352582e-01  1.537765e+00
37  -5.579942e-01  2.865234e-01
38  5.521604e-02  -1.625999e+00
39  -3.023556e+00  -4.018844e+00
40  -1.603206e+00  -1.257627e+01
41  2.024292e+00  -2.007391e+01
42  1.534849e+01  -3.890103e+01
43  4.445697e+01  -5.349593e+01
44  6.734577e+01  -7.560328e+01
45  9.834523e+01  -7.236024e+01
46  1.397108e+02  -9.967145e+01
47  1.686931e+02  -1.160605e+02
48  1.928796e+02  -8.126482e+01
49  2.160445e+02  3.247150e+01
50  2.230393e+02  2.769645e+02
51  2.982153e+02  4.450053e+02
52  6.988254e+02  5.533539e+02
53  1.812616e+03  5.077547e+02
54  3.161105e+03  6.402019e+02
55  5.242807e+03  5.182456e+02
56  5.395940e+03  -1.551176e+02
57  4.805791e+03  -9.920673e+02
58  2.532835e+03  -2.714019e+03
59  -1.037456e+04  -5.633323e+03
60  -3.823422e+04  -6.225742e+03
61  -1.089921e+05  1.359092e+03
62  -2.783627e+05  1.049308e+04
63  -9.497877e+05  1.026727e+04
ENDPROP
STARTPROP
MASSES:  4.500000e-02   4.200000e-03
SOURCE: GAM_25
SINKS: GAM_25
0  5.427088e+04  1.588217e+04
1  -9.425518e+05  1.072624e+04
2  -2.759856e+05  5.005038e+03
3  -9.977191e+04  5.876829e+03
4  -2.478251e+04  1.610621e+03
5  -2.944072e+03  1.013856e+03
6  3.697813e+03  3.234821e+03
7  3.738800e+03  4.345319e+03
8  2.351858e+03  5.027603e+03
9  2.515326e+03  5.062681e+03
10  1.559221e+03  3.591291e+03
11  9.734801e+02  2.510606e+03
12  2.244139e+02  1.189597e+03
13  1.097502e+02  9.654925e+02
14  2.738411e+01  5.845743e+02
15  4.464341e+01  1.425101e+02
16  5.843864e+01  -5.883613e+00
17  7.714772e+01  4.756342e+00
18  8.029429e+00  1.429790e+01
19  -5.618902e+00  3.767144e+01
20  -9.446972e+00  5.398364e+01
21  -6.091740e+00  6.006923e+01
22  1.787033e-01  3.949814e+01
23  -5.469181e+00  1.170669e+01
24  -2.571699e+00  2.642143e+00
25  2.286576e+00  4.745574e+00
26  5.377518e+00  1.074614e-01
27  2.604496e+00  -2.097447e+00
28  -6.272759e-02  -1.007219e+00
29  -1.146597e+00  6.796022e-01
30  -7.682659e-01  2.575844e+00
31  -5.630525e-01  1.043048e+00
32  -9.932992e-01  3.089488e-01
33  -8.870580e-01  2.437649e-01
34  -1.571689e+00  -2.231230e-02
35  -2.991890e+00  -9.632680e-02
36  -5.903276e+00  6.094889e-01
37  -8.373313e+00  4.979627e-01
38  -1.233610e+01  -2.593878e+00
39  -1.182779e+01  -4.810013e+00
40  -8.722296e+00  -5.515235e+00
41  -1.809150e+00  -8.968244e+00
42  1.291799e+01  -1.784704e+01
43  3.424647e+01  -2.736837e+01
44  4.981631e+01  -5.133462e+01
45  5.509692e+01  -4.033669e+01
46  3.142977e+01  -1.729482e+01
47  9.363861e+00  -2.119408e+01
48  1.201781e+02  -4.996396e+01
49  4.729585e+02  -1.041612e+02
50  7.171045e+02  -3.060635e+02
51  6.081489e+02  -3.894449e+02
52  3.285227e+02  -1.300965e+02
53  7.054540e+02  -2.002717e+02
54  6.875100e+02  3.537717e+02
55  2.511032e+03  1.604364e+03
56  2.491463e+03  1.539338e+03
57  1.483812e+03  1.229577e+02
58  -1.729362e+03  -1.212038e+03
59  -9.484325e+03  -1.494114e+03
60  -3.031628e+04  -1.836879e+03
61  -9.725030e+04  1.716846e+02
62  -2.696754e+05  2.099639e+04
63  -9.421177e+05  3.289308e+04
ENDPROP
STARTPROP
MASSES:  4.500000e-02   4.200000e-03
SOURCE: GAM_35
SINKS: GAM_35
0  6.441318e+04  -5.773873e+03
1  -9.371975e+05  -1.842660e+04
2  -2.742884e+05  -2.762772e+04
3  -1.044886e+05  -1.871563e+04
4  -3.686330e+04  -1.260486e+04
5  -1.353400e+04  -9.571411e+03
6  -2.634138e+03  -5.863063e+03
7  -9.692773e+02  -2.643791e+03
8  -3.688460e+03  -2.419744e+02
9  -2.952437e+03  8.003317e+02
10  -1.816690e+03  1.654014e+03
11  -9.703368e+02  1.086009e+03
12  -2.659394e+01  9.535491e+02
13  3.624501e+02  7.258882e+02
14  3.252216e+02  5.477110e+02
15  1.629585e+02  2.901991e+02
16  2.486115e+01  1.032437e+02
17  -1.969925e+01  -3.934766e+01
18  1.963890e+00  -2.533313e+01
19  -3.663837e+00  4.368957e+00
20  -4.432198e+01  -9.465500e+00
21  -2.443133e+01  -2.781101e+00
22  -4.136115e+00  7.270317e+00
23  1.260946e+01  1.864692e+01
24  1.369316e+01  1.124542e+01
25  5.635039e+00  1.586575e+00
26  -1.822048e+00  -5.268624e+00
27  1.692435e-01  -9.181000e+00
28  1.561922e+00  -6.573896e+00
29  -7.551573e-01  -4.662623e+00
30  -3.957718e+00  -5.314908e+00
31  -4.356131e+00  -4.712680e+00
32  -3.740014e+00  -2.799213e+00
33  -3.253184e+00  -1.702658e+00
34  -1.793394e+00  4.025533e-01
35  -8.019144e-02  1.525210e+00
36  -6.348532e-02  1.433921e+00
37  -2.110023e+00  1.261909e+00
38  -7.117078e+00  -3.060838e+00
39  -1.155433e+01  -7.074913e-01
40  -9.913187e+00  1.702234e+00
41  -8.278686e+00  4.288692e-01
42  -2.075073e+01  -4.262891e+00
43  -2.821787e+01  -5.225581e-01
44  -3.310851e+01  -9.359447e+00
45  -5.159100e+01  1.133566e+01
46  -1.445065e+02  -1.833387e+01
47  -2.671036e+02  -1.685729e+02
48  -3.609112e+02  -2.793437e+02
49  -4.702613e+02  -1.871517e+02
50  -9.410378e+02  1.741039e+02
51  -1.330201e+03  1.725885e+02
52  -1.506072e+03  -1.180536e+02
53  -1.900176e+03  -4.648558e+01
54  -2.599127e+03  -3.113990e+02
55  -4.021088e+03  -9.374871e+02
56  -6.739278e+03  -2.925868e+03
57  -1.039902e+04  -6.072097e+03
58  -1.899628e+04  -7.407588e+03
59  -2.563370e+04  -1.131326e+04
60  -3.997397e+04  -1.688888e+04
61  -8.814167e+04  -1.497407e+04
62  -2.370789e+05  -3.787701e+03
63  -9.079407e+05  3.302004e+03
ENDPROP
STARTPROP
MASSES:  4.500000e-02   4.200000e-03
SOURCE: GAM_45
SINKS: GAM_45
0  -1.218666e+06  -1.542211e+03
1  1.017350e+06  -1.688498e+03
2  5.137892e+05  5.196715e+02
3  3.773978e+05  -2.720782e+02
4  2.654395e+05  9.695557e+02
5  1.826097e+05  -5.301279e+02
6  1.217504e+05  -2.186986e+03
7  8.289515e+04  -2.412298e+03
8  5.621125e+04  -1.876015e+03
9  3.861534e+04  -1.674659e+03
10  2.610498e+04  -9.559637e+02
11  1.813397e+04  -9.480385e+02
12  1.243735e+04  -7.938175e+02
13  8.717776e+03  -5.446797e+02
14  6.085972e+03  -2.597958e+02
15  4.107567e+03  -1.711517e+02
16  2.838496e+03  -9.829479e+01
17  2.010869e+03  -5.914589e+01
18  1.412127e+03  -3.507723e+01
19  9.541772e+02  -1.901946e+01
20  6.622969e+02  -2.299290e+01
21  4.489683e+02  -3.038327e+00
22  3.148414e+02  2.225063e+00
23  2.165552e+02  7.068613e+00
24  1.524467e+02  4.841217e+00
25  1.032273e+02  3.694753e-01
26  7.329875e+01  -1.588605e+00
27  5.051930e+01  -1.561182e+00
28  3.494912e+01  -3.334759e+00
29  2.588471e+01  -2.628932e+00
30  2.008398e+01  -2.365029e+00
31  1.753981e+01  -2.413611e+00
32  1.697231e+01  -2.335951e+00
33  1.817242e+01  -2.239725e+00
34  2.185745e+01  -3.009084e+00
35  2.824375e+01  -4.132189e+00
36  3.999310e+01  -4.738271e+00
37  5.309139e+01  -6.311134e+00
38  7.035711e+01  -7.228452e+00
39  9.782304e+01  -8.211897e+00
40  1.362628e+02  -7.246083e+00
41  1.912169e+02  -7.315264e-02
42  2.776407e+02  1.100083e+01
43  4.138856e+02  2.270362e+01
44  6.433575e+02  5.790767e+01
45  9.393170e+02  7.925114e+01
46  1.392673e+03  9.931450e+01
47  2.033049e+03  1.142491e+02
48  2.908035e+03  8.737726e+01
49  4.301831e+03  1.080383e+02
50  6.183394e+03  1.135694e+02
51  8.680203e+03  4.098033e+01
52  1.291841e+04  8.787671e+01
53  1.867435e+04  -2.392465e+01
54  2.716192e+04  2.969315e+02
55  4.016867e+04  4.390078e+02
56  6.000018e+04  6.706198e+02
57  8.867198e+04  -1.622911e+02
58  1.281100e+05  -8.275684e+02
59  1.849078e+05  -8.997897e+02
60  2.624080e+05  -3.523115e+02
61  3.815093e+05  -2.585007e+03
62  5.250214e+05  -5.139789e+03
63  1.007818e+06  -9.063358e+03
ENDPROP
STARTPROP
MASSES:  4.500000e-02   4.200000e-03
SOURCE: PSAX4
SINKS: GAM_4
0  1.921601e+03  8.905475e+03
1  1.774457e+06  1.441258e+04
2  1.090892e+06  9.021794e+03
3  7.751079e+05  5.630523e+03
4  5.450347e+05  8.416388e+03
5  3.702779e+05  4.514903e+03
6  2.486653e+05  8.560927e+02
7  1.695611e+05  -6.861583e+02
8  1.165167e+05  -1.009240e+03
9  7.951564e+04  -1.176741e+03
10  5.424879e+04  -8.945053e+02
11  3.741901e+04  -1.061255e+03
12  2.569717e+04  -8.513874e+02
13  1.783891e+04  -5.132066e+02
14  1.239616e+04  -2.442786e+02
15  8.494429e+03  -1.776307e+02
16  5.740967e+03  -9.015849e+01
17  3.927043e+03  -2.092177e+01
18  2.684466e+03  -1.415568e+00
19  1.837879e+03  -1.375528e+01
20  1.250507e+03  -1.410529e+01
21  8.541558e+02  -3.747499e+00
22  5.895541e+02  1.977408e+00
23  4.020467e+02  5.841991e+00
24  2.769489e+02  1.521786e+00
25  1.862289e+02  -1.023158e+00
26  1.298842e+02  -2.038034e+00
27  8.758141e+01  -1.223656e+00
28  5.688452e+01  -1.257197e+00
29  3.720317e+01  -1.203514e-01
30  2.110725e+01  -9.033793e-02
31  8.479637e+00  4.907962e-01
32  -2.950529e+00  7.938375e-01
33  -1.463499e+01  7.033162e-01
34  -2.818365e+01  1.188976e+00
35  -4.472970e+01  1.033512e+00
36  -6.931900e+01  6.044001e-01
37  -9.811279e+01  1.631601e+00
38  -1.364672e+02  1.406902e+00
39  -1.959918e+02  1.330804e+00
40  -2.784497e+02  7.229731e-01
41  -3.994229e+02  -1.331849e+00
42  -5.813711e+02  -2.084068e+01
43  -8.643809e+02  -4.007113e+01
44  -1.288183e+03  -8.190995e+01
45  -1.901063e+03  -1.002753e+02
46  -2.801075e+03  -1.272596e+02
47  -4.119298e+03  -1.444569e+02
48  -6.016561e+03  -1.129896e+02
49  -8.808322e+03  -1.363921e+02
50  -1.279007e+04  -2.032885e+02
51  -1.813816e+04  -2.205600e+02
52  -2.657911e+04  -3.951237e+02
53  -3.808643e+04  -4.594001e+02
54  -5.503077e+04  -7.153000e+02
55  -8.048543e+04  -6.831011e+02
56  -1.169691e+05  -9.661852e+02
57  -1.714987e+05  -4.788986e+02
58  -2.485939e+05  2.115028e+02
59  -3.615930e+05  -5.441117e+02
60  -5.194586e+05  -1.057941e+03
61  -7.594234e+05  5.978573e+02
62  -1.078459e+06  9.844203e+03
63  -1.747764e+06  1.642687e+04
ENDPROP
STARTPROP
MASSES:  4.500000e-02   4.200000e-03
SOURCE: WWPSAX4
SINKS: GAM_4
0  3.641421e+08  1.710922e+07
1  2.019153e+09  -5.387262e+07
2  5.986334e+08  -2.307246e+07
3  4.498151e+08  5.594468e+07
4  3.356518e+08  2.188323e+07
5  3.269022e+08  6.367730e+06
6  1.544914e+08  4.856833e+05
7  1.156321e+08  -1.998268e+06
8  6.661063e+07  1.237000e+07
9  5.274168e+07  -9.241522e+06
10  3.106151e+07  -2.253708e+06
11  1.632707e+07  -1.681770e+06
12  2.250668e+07  -5.880824e+06
13  1.004378e+07  1.607097e+06
14  8.455639e+06  -9.432797e+05
15  4.300605e+06  -1.308281e+06
16  3.626394e+06  -2.035610e+05
17  2.012457e+06  -5.311652e+05
18  1.663079e+06  1.033213e+05
19  7.762040e+05  1.541565e+05
20  9.048984e+05  2.124801e+05
21  6.269857e+05  1.724774e+05
22  -1.441258e+04  4.202114e+04
23  1.973960e+05  -6.366296e+04
24  2.858521e+05  -2.365951e+04
25  7.206273e+04  2.697373e+04
26  7.227251e+04  1.368454e+04
27  8.206487e+04  1.414202e+04
28  4.722631e+04  1.576070e+03
29  9.834477e+03  -8.926553e+03
30  3.410641e+03  1.283746e+03
31  3.072301e+03  6.794739e+03
32  3.205615e+03  7.461418e+03
33  1.879493e+03  1.202049e+03
34  -1.230324e+04  4.162462e+02
35  -2.628690e+04  -6.205105e+03
36  -5.411308e+04  1.608360e+04
37  -4.890957e+04  -2.955587e+03
38  -1.017021e+05  -2.337379e+04
39  5.848377e+03  -2.018660e+04
40  -2.183751e+05  -5.150484e+03
41  -1.933471e+05  1.007697e+05
42  -5.522191e+05  1.346753e+05
43  -7.502646e+05  -1.191683e+05
44  -6.343553e+05  1.725681e+05
45  -2.693663e+05  -6.300364e+04
46  -5.145390e+05  -1.554633e+05
47  -2.814613e+06  6.301214e+05
48  -3.187961e+06  1.416621e+06
49  -4.126870e+06  9.029388e+05
50  -6.544025e+06  -9.140307e+05
51  -7.363868e+06  7.843656e+05
52  -1.511121e+07  1.359827e+06
53  -2.383506e+07  -1.295465e+06
54  -3.188795e+07  4.365514e+06
55  -3.512420e+07  2.537258e+06
56  -7.327574e+07  -1.517855e+07
57  -8.549020e+07  -4.849776e+06
58  -1.380818e+08  8.754405e+06
59  -1.731911e+08  -1.021823e+07
60  -3.567916e+08  2.567578e+07
61  -6.769603e+08  -1.615444e+07
62  -7.078509e+08  3.213861e+07
63  -3.129998e+09  6.731764e+07
ENDPROP
STARTPROP
MASSES:  4.500000e-02   4.200000e-03
SOURCE: WWGAM_5
SINKS: GAM_5
0  1.948732e+10  3.437123e+01
1  3.017231e+09  2.561120e+07
2  1.229161e+09  7.619045e+07
3  8.502605e+08  -4.853981e+06
4  7.182636e+08  6.671471e+07
5  5.472200e+08  3.362181e+07
6  3.345949e+08  1.115699e+07
7  2.217209e+08  -4.460524e+06
8  1.283999e+08  1.345753e+07
9  9.014438e+07  -3.400972e+06
10  5.814874e+07  -2.417946e+06
11  3.870851e+07  2.779182e+06
12  3.882306e+07  -6.661066e+06
13  1.916687e+07  1.172024e+05
14  1.418914e+07  -2.721568e+06
15  7.899292e+06  -8.461831e+05
16  6.545400e+06  1.794551e+05
17  4.913906e+06  -9.389109e+05
18  2.502602e+06  -1.702182e+05
19  1.843975e+06  -4.989187e+05
20  2.018035e+06  1.447088e+05
21  1.077892e+06  1.334638e+05
22  5.209845e+05  1.516124e+04
23  5.035977e+05  -9.180369e+04
24  3.771365e+05  5.381471e+03
25  1.880594e+05  2.146963e+04
26  1.447853e+05  1.166331e+04
27  1.375526e+05  1.332024e+04
28  7.670619e+04  5.158373e+03
29  4.590564e+04  -3.908195e+03
30  3.329027e+04  -9.385129e+03
31  4.190939e+04  8.786279e+02
32  5.492160e+04  -4.471304e+03
33  3.316327e+04  3.906697e+03
34  3.088364e+04  -1.006064e+04
35  6.426878e+04  -6.364995e+03
36  9.025368e+04  -4.379854e+03
37  9.663570e+04  -6.292068e+03
38  1.755033e+05  -4.101813e+03
39  1.065834e+05  -4.604894e+04
40  3.388925e+05  -3.174473e+04
41  4.494700e+05  -4.816005e+04
42  7.474280e+05  -1.142248e+05
43  1.607188e+06  2.716780e+05
44  1.862204e+06  -2.391286e+05
45  1.820114e+06  2.090224e+05
46  2.336917e+06  -6.830575e+04
47  4.583846e+06  -1.420554e+05
48  5.281201e+06  -8.227486e+05
49  9.204098e+06  -1.607619e+06
50  1.454720e+07  2.247850e+06
51  1.521612e+07  3.814398e+05
52  2.742467e+07  2.269189e+06
53  4.361250e+07  4.224362e+05
54  8.191527e+07  5.163568e+06
55  1.068593e+08  3.417356e+06
56  1.450813e+08  1.022313e+07
57  1.964197e+08  1.595778e+07
58  2.680728e+08  -1.387519e+07
59  3.810335e+08  2.019607e+07
60  5.980030e+08  -1.026139e+07
61  1.089816e+09  -1.190775e+07
62  1.226051e+09  -4.899963e+07
63  4.172469e+09  -8.986574e+07
ENDPROP
