STARTPROP
MASSES:  4.200000e-03   4.500000e-02
SOURCE: GAM_1
SINKS: GAM_1
0  1.144437e+06  7.727663e+03
1  1.871012e+06  1.909127e+04
2  8.906280e+05  3.855934e+03
3  5.018791e+05  2.014554e+03
4  2.691560e+05  5.234503e+02
5  1.379517e+05  7.915071e+02
6  7.095593e+04  3.626363e+03
7  3.754963e+04  3.602856e+03
8  2.126541e+04  1.835433e+03
9  1.117160e+04  1.521308e+03
10  5.678766e+03  8.688935e+02
11  4.366817e+03  9.417706e+02
12  2.753071e+03  8.691989e+02
13  1.248558e+03  8.888922e+02
14  1.431922e+02  7.400675e+02
15  -1.699800e+02  3.449766e+02
16  -1.666926e+02  1.672379e+02
17  -5.511157e+01  8.981629e+01
18  5.976838e+01  8.308857e+01
19  5.201084e+01  6.752842e+01
20  3.425667e+01  5.800614e+01
21  -2.373823e+00  1.702960e+01
22  -1.134167e+01  -4.364034e+00
23  -3.805881e+00  -5.299463e+00
24  4.857098e+00  -1.126918e+01
25  1.101223e+01  -9.447443e+00
26  7.124822e+00  -6.114420e+00
27  -5.389860e-01  -5.209579e+00
28  -5.222509e+00  -3.710773e+00
29  -5.305062e+00  -4.084528e+00
30  -3.707640e+00  -3.714943e+00
31  -1.443530e+00  -2.950841e+00
32  -8.584194e-01  -1.745279e+00
33  -7.235108e-01  -9.232345e-01
34  -2.302730e-01  -1.621677e+00
35  1.720641e+00  -2.404585e+00
36  2.890908e+00  -2.794039e+00
37  6.866446e+00  -2.859839e+00
38  1.164120e+01  -1.474426e+00
39  1.288934e+01  5.516081e+00
40  1.628806e+01  5.942544e+00
41  2.779087e+01  1.248472e+01
42  3.655908e+01  2.857781e+01
43  8.379657e+01  5.577427e+01
44  1.292498e+02  9.130504e+01
45  1.640394e+02  9.078537e+01
46  1.281453e+02  7.668469e+01
47  1.212479e+02  9.446151e-01
48  1.238416e+02  -6.401788e+01
49  6.285685e+01  2.030236e+01
50  -2.317719e+01  -1.240617e+01
51  2.333044e+02  -1.657652e+02
52  5.528354e+02  -4.545514e+02
53  1.009250e+03  -1.094659e+03
54  2.976453e+03  -9.533117e+02
55  8.298268e+03  -4.470258e+02
56  1.764828e+04  -7.467173e+02
57  3.431051e+04  -5.412986e+02
58  6.378473e+04  -1.912396e+03
59  1.250416e+05  -1.616126e+03
60  2.489486e+05  2.987773e+02
61  4.851333e+05  5.507160e+03
62  8.939334e+05  7.538675e+03
63  1.894838e+06  -2.297829e+03
ENDPROP
STARTPROP
MASSES:  4.200000e-03   4.500000e-02
SOURCE: GAM_2
SINKS: GAM_2
0  1.192472e+06  -9.365884e+03
1  1.926244e+06  3.544098e+04
2  8.977841e+05  2.255030e+04
3  4.831082e+05  1.008900e+04
4  2.513260e+05  6.955428e+03
5  1.368723e+05  6.422965e+03
6  7.725298e+04  3.302610e+03
7  4.658645e+04  1.250880e+03
8  2.664015e+04  1.160234e+03
9  1.496264e+04  1.140917e+03
10  8.051183e+03  2.788939e+02
11  3.718026e+03  2.169199e+01
12  1.840240e+03  1.664830e+00
13  8.864361e+02  2.408180e+02
14  6.347751e+02  2.430164e+02
15  2.860063e+02  2.365257e+02
16  1.363890e+01  2.007484e+02
17  5.163470e+01  1.713648e+02
18  8.680321e+01  1.352969e+02
19  5.088905e+01  1.019518e+02
20  4.607466e+01  6.233946e+01
21  3.089029e+01  3.454229e+01
22  1.933155e+01  9.747489e+00
23  -1.759627e+00  2.892991e+00
24  -1.427058e+00  -6.546438e-01
25  4.320381e+00  -4.940553e+00
26  4.996168e+00  -4.697136e+00
27  4.281734e+00  -1.459323e+00
28  2.876366e+00  -1.562350e-01
29  1.865773e+00  -5.342906e-01
30  1.406788e+00  -8.367859e-02
31  1.809095e+00  2.863303e-01
32  2.112883e+00  -4.296393e-01
33  7.839919e-01  -7.577278e-02
34  7.943325e-01  1.052688e+00
35  2.084738e-02  1.900841e+00
36  -2.465779e+00  1.744534e+00
37  -2.884347e+00  1.867320e+00
38  -6.173616e+00  2.854395e+00
39  -8.422732e+00  7.999308e+00
40  -1.338377e+01  8.146553e+00
41  -1.577361e+01  4.487001e+00
42  -1.299748e+01  5.454485e+00
43  -2.285092e+01  1.751213e+01
44  -2.096894e+01  3.787070e+01
45  3.419232e+01  5.831286e+01
46  1.219462e+02  1.368577e+02
47  1.796581e+02  2.146618e+02
48  2.523327e+02  2.153204e+02
49  4.750994e+02  1.277927e+02
50  5.425443e+02  4.740783e+01
51  1.089974e+03  -1.710211e+02
52  2.016367e+03  -1.146109e+02
53  3.302459e+03  -9.907469e+01
54  5.186191e+03  2.931625e+02
55  8.550017e+03  1.535988e+03
56  1.592329e+04  2.395158e+03
57  2.748461e+04  1.640759e+03
58  5.143000e+04  2.549061e+03
59  1.076971e+05  3.302139e+03
60  2.225278e+05  -1.445083e+03
61  4.499310e+05  -4.225030e+03
62  8.836943e+05  -1.589330e+04
63  1.897437e+06  -3.228128e+04
ENDPROP
STARTPROP
MASSES:  4.200000e-03   4.500000e-02
SOURCE: GAM_3
SINKS: GAM_3
0  1.250863e+06  -1.298592e+03
1  1.958614e+06  3.208926e+04
2  9.241965e+05  1.251029e+04
3  5.016037e+05  2.119326e+03
4  2.701537e+05  -1.734379e+03
5  1.404014e+05  -2.487223e+03
6  6.705982e+04  -2.371650e+03
7  3.300524e+04  -3.207922e+03
8  1.679513e+04  -3.612248e+03
9  8.922099e+03  -1.055777e+03
10  4.051980e+03  1.669960e+02
11  2.268746e+03  2.158150e+02
12  2.797592e+02  4.459858e+02
13  -4.746451e+02  2.745126e+02
14  -2.587219e+02  6.287912e+01
15  1.429139e+02  7.772982e+01
16  2.108545e+02  8.593714e+01
17  1.544735e+02  -8.666975e+00
18  1.395167e+02  -2.911124e+00
19  8.504140e+01  4.385599e+01
20  4.720123e+01  4.535540e+01
21  3.197331e+01  4.461174e+01
22  3.891998e+01  4.519975e+01
23  2.597369e+01  3.606855e+01
24  9.680156e+00  2.557583e+01
25  -1.143971e+00  1.860485e+01
26  2.360963e+00  1.194557e+01
27  4.555444e+00  7.387508e+00
28  3.107360e+00  2.237552e+00
29  1.547710e+00  -1.752801e+00
30  1.218045e+00  -1.746572e+00
31  1.274164e+00  -1.280568e+00
32  -6.687227e-02  -8.707923e-01
33  1.149616e+00  3.934137e-01
34  2.542248e+00  1.413209e+00
35  2.559531e+00  9.831040e-01
36  4.473938e+00  1.601524e+00
37  5.333954e+00  7.176709e+00
38  2.269856e+00  9.921084e+00
39  6.060665e-01  1.096048e+01
40  -5.252912e-01  1.176391e+01
41  -1.274596e+01  1.859494e+01
42  -3.152423e+01  2.889726e+01
43  -3.572565e+01  5.683486e+01
44  -5.452057e+01  1.007965e+02
45  -7.604428e+01  1.361866e+02
46  -5.451581e+00  1.536284e+02
47  1.084655e+02  2.401682e+02
48  1.413457e+02  2.896787e+02
49  1.139114e+02  3.252073e+02
50  2.063074e+02  2.814899e+02
51  6.927568e+02  -9.845386e+01
52  1.455313e+03  -6.022229e+02
53  2.694228e+03  -1.141780e+03
54  5.649580e+03  -1.814574e+03
55  8.471669e+03  -3.039626e+03
56  1.257941e+04  -4.974985e+03
57  2.123601e+04  -6.002683e+03
58  4.155309e+04  -3.237697e+03
59  9.055963e+04  4.224514e+02
60  2.067816e+05  1.915279e+03
61  4.441911e+05  -3.066939e+03
62  8.926955e+05  -7.650010e+03
63  1.934569e+06  -2.215156e+04
ENDPROP
STARTPROP
MASSES:  4.200000e-03   4.500000e-02
SOURCE: GAM_4
SINKS: GAM_4
0  2.123436e+06  -5.920788e+03
1  -2.824573e+05  -3.220917e+04
2  -1.163741e+04  -1.766402e+04
3  3.704129e+02  -1.059841e+04
4  3.453974e+03  -5.204262e+03
5  2.982676e+03  -2.271951e+03
6  2.511787e+03  7.978708e+02
7  2.489415e+03  1.706545e+03
8  2.120621e+03  1.606660e+03
9  1.681024e+03  1.175849e+03
10  1.142171e+03  5.707569e+02
11  6.785636e+02  2.462933e+02
12  3.663456e+02  7.609558e+01
13  2.821463e+02  -2.959594e+00
14  2.758199e+02  2.394705e+01
15  1.442728e+02  2.341505e+01
16  1.594088e+02  1.826403e+01
17  1.022709e+02  1.385042e+01
18  4.865560e+01  -9.540869e+00
19  1.566073e+01  -7.407520e+00
20  -1.230444e+00  1.313107e+00
21  -9.079216e+00  -1.393453e+01
22  -9.065751e+00  -2.542583e+00
23  -7.023300e+00  -2.219987e+00
24  -7.125065e+00  4.036862e-02
25  -5.976263e+00  1.675763e+00
26  -4.743078e+00  3.327255e+00
27  -3.730178e+00  2.390948e+00
28  -1.343583e+00  3.303173e+00
29  -1.449593e-01  2.902630e+00
30  4.275700e-01  2.542646e+00
31  1.402222e+00  2.240255e+00
32  1.759231e+00  2.464298e+00
33  2.169134e+00  2.545459e+00
34  2.704844e+00  2.090268e+00
35  2.470559e+00  2.672514e+00
36  2.631055e+00  3.934579e+00
37  1.549537e+00  4.808731e+00
38  2.874940e+00  6.874447e+00
39  2.545960e+00  8.112296e+00
40  3.640492e-01  8.673168e+00
41  -6.215663e-01  1.461669e+01
42  -1.406393e+00  1.354182e+01
43  -5.762170e+00  2.474751e+01
44  -7.407366e+00  3.526228e+01
45  -1.932624e+01  5.574077e+01
46  -1.334359e+01  8.010827e+01
47  -5.205451e+01  7.264522e+01
48  -5.514090e+00  1.276821e+02
49  -1.488909e+01  1.943238e+02
50  -7.771705e+00  2.773901e+02
51  -5.359545e+01  3.904036e+02
52  5.991791e+01  5.343069e+02
53  5.185352e+02  1.010732e+03
54  6.460490e+02  1.095143e+03
55  1.379789e+03  1.510412e+03
56  1.719539e+03  2.059031e+03
57  1.508156e+03  2.924931e+03
58  2.339045e+03  3.515781e+03
59  2.129868e+03  5.090299e+03
60  8.188628e+02  6.912144e+03
61  -5.771200e+03  8.472236e+03
62  -1.026941e+04  1.348132e+04
63  -2.937409e+05  2.521775e+04
ENDPROP
STARTPROP
MASSES:  4.200000e-03   4.500000e-02
SOURCE: GAM_5
SINKS: GAM_5
0  6.755811e+06  -1.896496e+03
1  6.583924e+06  4.376296e+04
2  4.572317e+06  1.849174e+04
3  3.328559e+06  -1.676167e+03
4  2.365652e+06  -7.047829e+03
5  1.672868e+06  -1.339995e+04
6  1.178617e+06  -5.998877e+03
7  8.193427e+05  -3.392610e+03
8  5.796696e+05  -3.052556e+03
9  4.144842e+05  -2.890979e+03
10  2.909877e+05  -2.512255e+03
11  1.992624e+05  -2.349447e+03
12  1.354170e+05  -1.186758e+03
13  9.172269e+04  -1.095202e+03
14  6.323077e+04  -1.235347e+03
15  4.364697e+04  -1.134508e+03
16  2.992744e+04  -8.823639e+02
17  2.071161e+04  -6.710610e+02
18  1.427671e+04  -6.286935e+02
19  9.805011e+03  -5.704325e+02
20  6.756635e+03  -4.047986e+02
21  4.734949e+03  -2.753015e+02
22  3.317941e+03  -2.000542e+02
23  2.293662e+03  -1.690486e+02
24  1.553627e+03  -1.407569e+02
25  1.056923e+03  -1.118200e+02
26  7.184296e+02  -9.495371e+01
27  4.826047e+02  -7.071976e+01
28  3.378484e+02  -5.404100e+01
29  2.469128e+02  -3.614858e+01
30  1.905835e+02  -1.688152e+01
31  1.597134e+02  -3.395351e+00
32  1.514647e+02  4.611496e+00
33  1.614237e+02  1.075133e+01
34  1.935213e+02  1.832434e+01
35  2.477127e+02  2.699649e+01
36  3.365186e+02  3.416721e+01
37  4.816528e+02  5.439486e+01
38  6.867948e+02  8.168240e+01
39  9.663573e+02  8.831554e+01
40  1.377404e+03  8.980440e+01
41  1.951066e+03  1.040301e+02
42  2.801541e+03  1.128368e+02
43  4.091010e+03  8.804153e+01
44  6.026495e+03  9.166289e+01
45  8.770979e+03  1.868294e+02
46  1.258051e+04  2.746589e+02
47  1.802457e+04  4.315687e+02
48  2.616978e+04  8.979932e+02
49  3.829094e+04  1.217314e+03
50  5.566376e+04  1.465018e+03
51  7.971576e+04  1.620765e+03
52  1.159582e+05  1.114154e+03
53  1.701123e+05  4.283507e+02
54  2.497592e+05  -1.406910e+03
55  3.613619e+05  -4.193408e+03
56  5.271232e+05  -3.736957e+03
57  7.789475e+05  -4.747521e+01
58  1.136870e+06  4.078521e+03
59  1.647748e+06  5.273489e+03
60  2.374014e+06  4.668086e+03
61  3.378619e+06  7.817785e+03
62  4.782195e+06  -3.162362e+03
63  6.770748e+06  -2.796464e+04
ENDPROP
STARTPROP
MASSES:  4.200000e-03   4.500000e-02
SOURCE: GAM_12
SINKS: GAM_12
0  8.361604e+05  1.259570e+04
1  -6.912895e+05  -3.031268e+03
2  -1.891029e+05  3.797767e+03
3  -8.622933e+04  -3.170037e+03
4  -3.146088e+04  -5.673894e+03
5  -1.256664e+04  -2.889979e+03
6  -4.230075e+03  -4.689997e+00
7  -3.147842e+02  7.616513e+02
8  -5.104961e+02  1.209087e+03
9  -1.504320e+02  7.667040e+02
10  2.457049e+02  8.154674e+02
11  -3.274071e+02  3.236759e+02
12  -1.715759e+02  1.297759e+02
13  -2.861510e+01  -1.312034e+02
14  1.692433e+02  -2.389634e+02
15  2.638762e+02  -2.326435e+02
16  2.778127e+02  -8.033288e+01
17  1.583883e+02  -1.138347e+00
18  1.041257e+02  5.885440e+00
19  7.892093e+01  2.634721e+01
20  5.180847e+01  2.791233e+01
21  2.544685e+01  1.946972e+01
22  2.655464e+01  8.088483e+00
23  1.843745e+01  4.027954e+00
24  1.536682e+01  -5.191322e-01
25  1.414736e+01  -1.916970e+00
26  1.167144e+01  -2.717497e+00
27  4.481092e+00  -6.866432e-01
28  1.160001e+00  1.682247e+00
29  5.003593e-01  1.062272e+00
30  2.030827e-01  -1.132338e-01
31  6.348529e-01  -7.500713e-01
32  1.426990e+00  -1.888830e+00
33  1.792506e+00  -2.094030e+00
34  2.286898e+00  -1.274757e+00
35  1.006353e+00  9.126122e-01
36  -6.797526e-01  1.280173e-01
37  1.487853e-02  -8.388294e-01
38  -1.556692e+00  3.914110e-02
39  -4.288358e+00  5.249753e-01
40  -8.347716e+00  2.467098e+00
41  -1.315770e+01  -6.607201e-01
42  -1.640266e+01  -2.360557e-01
43  -1.041215e+01  -1.952792e+00
44  3.837716e+00  1.409348e+01
45  2.394251e+01  3.084184e+01
46  1.975068e+01  2.318956e+01
47  2.504999e+01  3.311525e+01
48  6.182866e+00  4.249178e+01
49  7.215739e+01  8.548873e+01
50  2.459217e+02  1.467423e+02
51  3.162052e+02  3.079215e+01
52  1.240521e+02  1.167567e+01
53  -7.990431e+01  -1.880539e+02
54  3.523660e+02  -1.032579e+03
55  1.185528e+03  -1.532592e+03
56  2.690641e+03  -2.428647e+03
57  3.068924e+03  -3.528202e+03
58  -9.172677e+02  -3.390700e+03
59  -8.461217e+03  -3.248076e+03
60  -2.346785e+04  -3.648119e+03
61  -6.579916e+04  1.541942e+03
62  -1.734791e+05  1.421226e+04
63  -7.032307e+05  2.514845e+04
ENDPROP
STARTPROP
MASSES:  4.200000e-03   4.500000e-02
SOURCE: GAM_21
SINKS: GAM_21
0  8.361604e+05  1.259570e+04
1  -6.912895e+05  -3.031268e+03
2  -1.891029e+05  3.797767e+03
3  -8.622933e+04  -3.170037e+03
4  -3.146088e+04  -5.673894e+03
5  -1.256664e+04  -2.889979e+03
6  -4.230075e+03  -4.689997e+00
7  -3.147842e+02  7.616513e+02
8  -5.104961e+02  1.209087e+03
9  -1.504320e+02  7.667040e+02
10  2.457049e+02  8.154674e+02
11  -3.274071e+02  3.236759e+02
12  -1.715759e+02  1.297759e+02
13  -2.861510e+01  -1.312034e+02
14  1.692433e+02  -2.389634e+02
15  2.638762e+02  -2.326435e+02
16  2.778127e+02  -8.033288e+01
17  1.583883e+02  -1.138347e+00
18  1.041257e+02  5.885440e+00
19  7.892093e+01  2.634721e+01
20  5.180847e+01  2.791233e+01
21  2.544685e+01  1.946972e+01
22  2.655464e+01  8.088483e+00
23  1.843745e+01  4.027954e+00
24  1.536682e+01  -5.191322e-01
25  1.414736e+01  -1.916970e+00
26  1.167144e+01  -2.717497e+00
27  4.481092e+00  -6.866432e-01
28  1.160001e+00  1.682247e+00
29  5.003593e-01  1.062272e+00
30  2.030827e-01  -1.132338e-01
31  6.348529e-01  -7.500713e-01
32  1.426990e+00  -1.888830e+00
33  1.792506e+00  -2.094030e+00
34  2.286898e+00  -1.274757e+00
35  1.006353e+00  9.126122e-01
36  -6.797526e-01  1.280173e-01
37  1.487853e-02  -8.388294e-01
38  -1.556692e+00  3.914110e-02
39  -4.288358e+00  5.249753e-01
40  -8.347716e+00  2.467098e+00
41  -1.315770e+01  -6.607201e-01
42  -1.640266e+01  -2.360557e-01
43  -1.041215e+01  -1.952792e+00
44  3.837716e+00  1.409348e+01
45  2.394251e+01  3.084184e+01
46  1.975068e+01  2.318956e+01
47  2.504999e+01  3.311525e+01
48  6.182866e+00  4.249178e+01
49  7.215739e+01  8.548873e+01
50  2.459217e+02  1.467423e+02
51  3.162052e+02  3.079215e+01
52  1.240521e+02  1.167567e+01
53  -7.990431e+01  -1.880539e+02
54  3.523660e+02  -1.032579e+03
55  1.185528e+03  -1.532592e+03
56  2.690641e+03  -2.428647e+03
57  3.068924e+03  -3.528202e+03
58  -9.172677e+02  -3.390700e+03
59  -8.461217e+03  -3.248076e+03
60  -2.346785e+04  -3.648119e+03
61  -6.579916e+04  1.541942e+03
62  -1.734791e+05  1.421226e+04
63  -7.032307e+05  2.514845e+04
ENDPROP
STARTPROP
MASSES:  4.200000e-03   4.500000e-02
SOURCE: GAM_13
SINKS: GAM_13
0  8.108469e+05  -1.049578e+04
1  -6.963759e+05  -2.773585e+04
2  -1.857251e+05  -1.144403e+04
3  -7.575517e+04  -5.848906e+03
4  -2.798159e+04  -7.360625e+03
5  -1.052879e+04  -2.020642e+03
6  -6.722243e+02  2.700438e+03
7  -2.957753e+02  1.927039e+03
8  -4.251060e+02  2.963322e+02
9  -1.468227e+03  6.655400e+02
10  -1.344007e+03  4.227780e+02
11  -1.323444e+03  4.803851e+02
12  -1.310754e+03  4.306090e+02
13  -9.621333e+02  1.629533e+02
14  -6.905020e+02  1.265257e+02
15  -4.387360e+02  -2.695240e+01
16  -2.611537e+02  -5.447579e+01
17  -8.871970e+01  -6.117772e+01
18  -2.226503e+01  -7.160807e+01
19  -2.103977e+00  -6.471806e+01
20  -1.316259e+00  -6.185634e+01
21  -1.558278e+01  -4.259286e+01
22  -1.723109e+01  -2.861168e+01
23  -5.440576e+00  -1.654671e+01
24  -1.946276e+00  -1.171696e+01
25  -3.205588e+00  -1.200049e+01
26  -3.450475e-01  -6.396354e+00
27  5.716872e-01  -3.083798e+00
28  -1.442454e+00  -8.257569e-02
29  -1.479165e+00  7.990882e-01
30  -1.785981e+00  1.227589e+00
31  -4.981194e-01  1.570707e+00
32  5.305859e-01  1.376591e+00
33  5.430538e-01  9.337993e-01
34  8.385643e-01  1.226516e-01
35  1.305085e-01  -6.553149e-01
36  -4.487215e+00  -1.353701e+00
37  -6.909886e+00  -6.509653e+00
38  -6.239803e+00  -8.696997e+00
39  -4.670765e+00  -4.323124e+00
40  2.567882e+00  3.083010e+00
41  1.009219e+01  9.707032e+00
42  6.104595e-01  1.556285e+01
43  -3.812478e+00  2.322702e+01
44  3.337382e+00  4.407558e+01
45  1.160256e+01  2.045038e+01
46  6.834301e+01  1.076596e+01
47  1.907873e+02  -2.200257e+01
48  2.448450e+02  -1.666653e+01
49  3.061916e+02  -4.920006e+01
50  1.853953e+02  -3.093299e+02
51  2.224055e+02  -5.315366e+02
52  2.166772e+02  -5.149031e+02
53  6.910147e+01  -5.508471e+02
54  -1.938856e+02  -8.746470e+02
55  -3.354625e+01  -1.302521e+03
56  2.933628e+03  -1.455750e+03
57  3.647870e+03  -2.154833e+03
58  7.868378e+02  -2.503084e+03
59  -2.730690e+03  -2.891425e+03
60  -1.562882e+04  -2.740466e+03
61  -5.914771e+04  -3.749608e+03
62  -1.653751e+05  1.356153e+03
63  -7.025526e+05  1.655252e+04
ENDPROP
STARTPROP
MASSES:  4.200000e-03   4.500000e-02
SOURCE: GAM_31
SINKS: GAM_31
0  8.108469e+05  -1.049578e+04
1  -6.963759e+05  -2.773585e+04
2  -1.857251e+05  -1.144403e+04
3  -7.575517e+04  -5.848906e+03
4  -2.798159e+04  -7.360625e+03
5  -1.052879e+04  -2.020642e+03
6  -6.722243e+02  2.700438e+03
7  -2.957753e+02  1.927039e+03
8  -4.251060e+02  2.963322e+02
9  -1.468227e+03  6.655400e+02
10  -1.344007e+03  4.227780e+02
11  -1.323444e+03  4.803851e+02
12  -1.310754e+03  4.306090e+02
13  -9.621333e+02  1.629533e+02
14  -6.905020e+02  1.265257e+02
15  -4.387360e+02  -2.695240e+01
16  -2.611537e+02  -5.447579e+01
17  -8.871970e+01  -6.117772e+01
18  -2.226503e+01  -7.160807e+01
19  -2.103977e+00  -6.471806e+01
20  -1.316259e+00  -6.185634e+01
21  -1.558278e+01  -4.259286e+01
22  -1.723109e+01  -2.861168e+01
23  -5.440576e+00  -1.654671e+01
24  -1.946276e+00  -1.171696e+01
25  -3.205588e+00  -1.200049e+01
26  -3.450475e-01  -6.396354e+00
27  5.716872e-01  -3.083798e+00
28  -1.442454e+00  -8.257569e-02
29  -1.479165e+00  7.990882e-01
30  -1.785981e+00  1.227589e+00
31  -4.981194e-01  1.570707e+00
32  5.305859e-01  1.376591e+00
33  5.430538e-01  9.337993e-01
34  8.385643e-01  1.226516e-01
35  1.305085e-01  -6.553149e-01
36  -4.487215e+00  -1.353701e+00
37  -6.909886e+00  -6.509653e+00
38  -6.239803e+00  -8.696997e+00
39  -4.670765e+00  -4.323124e+00
40  2.567882e+00  3.083010e+00
41  1.009219e+01  9.707032e+00
42  6.104595e-01  1.556285e+01
43  -3.812478e+00  2.322702e+01
44  3.337382e+00  4.407558e+01
45  1.160256e+01  2.045038e+01
46  6.834301e+01  1.076596e+01
47  1.907873e+02  -2.200257e+01
48  2.448450e+02  -1.666653e+01
49  3.061916e+02  -4.920006e+01
50  1.853953e+02  -3.093299e+02
51  2.224055e+02  -5.315366e+02
52  2.166772e+02  -5.149031e+02
53  6.910147e+01  -5.508471e+02
54  -1.938856e+02  -8.746470e+02
55  -3.354625e+01  -1.302521e+03
56  2.933628e+03  -1.455750e+03
57  3.647870e+03  -2.154833e+03
58  7.868378e+02  -2.503084e+03
59  -2.730690e+03  -2.891425e+03
60  -1.562882e+04  -2.740466e+03
61  -5.914771e+04  -3.749608e+03
62  -1.653751e+05  1.356153e+03
63  -7.025526e+05  1.655252e+04
ENDPROP
STARTPROP
MASSES:  4.200000e-03   4.500000e-02
SOURCE: GAM_14
SINKS: GAM_14
0  5.158357e+04  -6.992581e+01
1  1.341951e+06  2.836990e+04
2  5.884065e+05  1.071364e+04
3  3.208634e+05  5.254450e+03
4  1.690496e+05  1.565726e+03
5  9.320433e+04  2.694644e+03
6  4.961472e+04  3.249798e+03
7  2.773920e+04  3.516499e+03
8  1.414480e+04  3.319255e+03
9  7.073698e+03  2.276917e+03
10  4.396953e+03  1.089408e+03
11  2.528229e+03  9.303360e+02
12  1.211134e+03  9.879744e+02
13  7.582806e+02  5.104705e+02
14  1.875834e+02  1.869694e+02
15  3.744319e+01  1.748677e+02
16  -9.611863e+01  1.595730e+02
17  -1.792732e+02  8.171462e+01
18  -1.684633e+02  1.903301e+01
19  -1.271198e+02  9.173807e+00
20  -5.022505e+01  9.284965e+00
21  -2.292029e+01  1.929247e+01
22  6.396689e+00  4.286654e-01
23  -3.533328e+00  1.249323e-01
24  3.319160e+00  1.354018e+00
25  -1.104700e+00  2.890977e-02
26  -1.465956e+00  3.246496e+00
27  -1.011108e-01  4.896400e+00
28  -2.719720e-01  3.169387e+00
29  4.543601e-01  1.344874e+00
30  -1.662676e+00  7.659750e-01
31  -1.722714e+00  3.003784e-01
32  -6.044704e-01  -3.992008e-01
33  4.480203e-01  -1.211102e-01
34  1.197551e+00  -7.427805e-01
35  2.116310e+00  -1.565574e+00
36  1.196694e+00  -1.449415e+00
37  3.442865e+00  -2.472034e-01
38  6.876268e+00  2.574630e+00
39  8.359838e+00  9.425388e+00
40  9.893640e+00  1.728188e+01
41  1.692404e+01  1.962920e+01
42  8.662439e+00  1.634093e+01
43  2.594611e+01  1.473413e+01
44  4.999146e+00  2.760864e+01
45  1.764897e+01  4.913335e+01
46  2.368695e+01  4.880208e+01
47  -1.297557e+01  1.277455e+02
48  6.910775e+00  1.050606e+02
49  -1.358384e+01  6.971162e+01
50  -2.135877e+02  1.229465e+01
51  1.475736e+01  -5.492524e+01
52  2.815120e+02  4.498929e+01
53  3.457722e+02  -2.143041e+02
54  2.705229e+02  -5.585230e+02
55  2.596767e+03  -6.496075e+02
56  6.140982e+03  -9.246880e+02
57  1.387635e+04  -4.618238e+02
58  3.140897e+04  -2.385860e+03
59  6.797780e+04  -4.614095e+03
60  1.405526e+05  -5.551506e+03
61  2.836312e+05  -4.574177e+03
62  5.624612e+05  -9.233968e+03
63  1.340598e+06  -2.353237e+04
ENDPROP
STARTPROP
MASSES:  4.200000e-03   4.500000e-02
SOURCE: GAM_41
SINKS: GAM_41
0  5.158357e+04  -6.992581e+01
1  1.341951e+06  2.836990e+04
2  5.884065e+05  1.071364e+04
3  3.208634e+05  5.254450e+03
4  1.690496e+05  1.565726e+03
5  9.320433e+04  2.694644e+03
6  4.961472e+04  3.249798e+03
7  2.773920e+04  3.516499e+03
8  1.414480e+04  3.319255e+03
9  7.073698e+03  2.276917e+03
10  4.396953e+03  1.089408e+03
11  2.528229e+03  9.303360e+02
12  1.211134e+03  9.879744e+02
13  7.582806e+02  5.104705e+02
14  1.875834e+02  1.869694e+02
15  3.744319e+01  1.748677e+02
16  -9.611863e+01  1.595730e+02
17  -1.792732e+02  8.171462e+01
18  -1.684633e+02  1.903301e+01
19  -1.271198e+02  9.173807e+00
20  -5.022505e+01  9.284965e+00
21  -2.292029e+01  1.929247e+01
22  6.396689e+00  4.286654e-01
23  -3.533328e+00  1.249323e-01
24  3.319160e+00  1.354018e+00
25  -1.104700e+00  2.890977e-02
26  -1.465956e+00  3.246496e+00
27  -1.011108e-01  4.896400e+00
28  -2.719720e-01  3.169387e+00
29  4.543601e-01  1.344874e+00
30  -1.662676e+00  7.659750e-01
31  -1.722714e+00  3.003784e-01
32  -6.044704e-01  -3.992008e-01
33  4.480203e-01  -1.211102e-01
34  1.197551e+00  -7.427805e-01
35  2.116310e+00  -1.565574e+00
36  1.196694e+00  -1.449415e+00
37  3.442865e+00  -2.472034e-01
38  6.876268e+00  2.574630e+00
39  8.359838e+00  9.425388e+00
40  9.893640e+00  1.728188e+01
41  1.692404e+01  1.962920e+01
42  8.662439e+00  1.634093e+01
43  2.594611e+01  1.473413e+01
44  4.999146e+00  2.760864e+01
45  1.764897e+01  4.913335e+01
46  2.368695e+01  4.880208e+01
47  -1.297557e+01  1.277455e+02
48  6.910775e+00  1.050606e+02
49  -1.358384e+01  6.971162e+01
50  -2.135877e+02  1.229465e+01
51  1.475736e+01  -5.492524e+01
52  2.815120e+02  4.498929e+01
53  3.457722e+02  -2.143041e+02
54  2.705229e+02  -5.585230e+02
55  2.596767e+03  -6.496075e+02
56  6.140982e+03  -9.246880e+02
57  1.387635e+04  -4.618238e+02
58  3.140897e+04  -2.385860e+03
59  6.797780e+04  -4.614095e+03
60  1.405526e+05  -5.551506e+03
61  2.836312e+05  -4.574177e+03
62  5.624612e+05  -9.233968e+03
63  1.340598e+06  -2.353237e+04
ENDPROP
STARTPROP
MASSES:  4.200000e-03   4.500000e-02
SOURCE: GAM_23
SINKS: GAM_23
0  7.628605e+05  5.583997e+03
1  -7.166881e+05  -2.254500e+04
2  -1.852744e+05  -1.330862e+04
3  -7.288181e+04  -7.319602e+03
4  -2.733072e+04  -2.730161e+03
5  -9.889320e+03  -1.963843e+03
6  -2.512831e+03  6.572880e+02
7  -1.416576e+03  2.017879e+03
8  -9.951540e+02  1.130376e+03
9  -3.417742e+02  1.655495e+02
10  -1.491232e+02  5.166764e+02
11  -1.619036e+02  7.776841e+02
12  1.416338e+01  4.780551e+02
13  8.886460e+01  2.578631e+02
14  1.579200e+02  6.985120e+01
15  8.410984e+01  3.367759e+01
16  -1.655952e+01  3.581112e+01
17  -1.314905e+02  2.687575e+00
18  -1.333859e+02  6.505482e+00
19  -6.835507e+01  -1.881085e+01
20  -5.448475e+01  -1.260692e+01
21  -3.578547e+01  4.613194e+00
22  -1.879969e+01  9.899546e+00
23  -1.050952e+01  1.971164e+01
24  -7.764860e+00  1.703676e+01
25  -6.082797e+00  1.065686e+01
26  -4.993498e+00  3.393900e+00
27  -2.562173e+00  -6.080827e-01
28  -6.338397e-02  -4.908059e-01
29  7.239452e-01  5.703083e-01
30  -4.023271e-02  -1.743106e-05
31  -7.888357e-01  4.729372e-01
32  -1.442881e+00  2.591103e-01
33  -1.843154e+00  -9.011110e-01
34  -1.037789e+00  -1.398405e+00
35  -2.897240e-01  -6.841483e-01
36  4.467466e-01  -4.826653e-01
37  5.158098e-01  -6.858100e-01
38  4.519080e+00  -1.910816e+00
39  1.213662e+01  -2.619492e+00
40  2.237406e+01  -2.738473e+00
41  3.684372e+01  1.412293e+00
42  4.134959e+01  1.431661e+01
43  4.024635e+01  2.462150e+01
44  4.056059e+01  3.917360e+01
45  5.650584e+01  1.149752e+01
46  -3.198593e+00  -2.104893e+01
47  -3.201943e+01  -5.119429e+01
48  -4.691070e+01  -5.472385e+01
49  -6.987966e+00  8.033042e+01
50  -6.911619e+01  1.083283e+02
51  -2.396214e+01  3.731008e+02
52  2.012916e+02  4.637901e+02
53  5.782821e+02  2.998082e+02
54  1.312689e+03  -4.029310e+02
55  2.109712e+03  -1.256748e+03
56  2.818731e+03  -1.333604e+03
57  -2.767012e+02  -3.747917e+02
58  -4.576843e+03  3.073383e+03
59  -1.220193e+04  7.015251e+03
60  -2.481764e+04  1.117921e+04
61  -6.224325e+04  1.510773e+04
62  -1.649153e+05  1.778327e+04
63  -7.115871e+05  2.763722e+04
ENDPROP
STARTPROP
MASSES:  4.200000e-03   4.500000e-02
SOURCE: GAM_32
SINKS: GAM_32
0  7.628605e+05  5.583997e+03
1  -7.166881e+05  -2.254500e+04
2  -1.852744e+05  -1.330862e+04
3  -7.288181e+04  -7.319602e+03
4  -2.733072e+04  -2.730161e+03
5  -9.889320e+03  -1.963843e+03
6  -2.512831e+03  6.572880e+02
7  -1.416576e+03  2.017879e+03
8  -9.951540e+02  1.130376e+03
9  -3.417742e+02  1.655495e+02
10  -1.491232e+02  5.166764e+02
11  -1.619036e+02  7.776841e+02
12  1.416338e+01  4.780551e+02
13  8.886460e+01  2.578631e+02
14  1.579200e+02  6.985120e+01
15  8.410984e+01  3.367759e+01
16  -1.655952e+01  3.581112e+01
17  -1.314905e+02  2.687575e+00
18  -1.333859e+02  6.505482e+00
19  -6.835507e+01  -1.881085e+01
20  -5.448475e+01  -1.260692e+01
21  -3.578547e+01  4.613194e+00
22  -1.879969e+01  9.899546e+00
23  -1.050952e+01  1.971164e+01
24  -7.764860e+00  1.703676e+01
25  -6.082797e+00  1.065686e+01
26  -4.993498e+00  3.393900e+00
27  -2.562173e+00  -6.080827e-01
28  -6.338397e-02  -4.908059e-01
29  7.239452e-01  5.703083e-01
30  -4.023271e-02  -1.743106e-05
31  -7.888357e-01  4.729372e-01
32  -1.442881e+00  2.591103e-01
33  -1.843154e+00  -9.011110e-01
34  -1.037789e+00  -1.398405e+00
35  -2.897240e-01  -6.841483e-01
36  4.467466e-01  -4.826653e-01
37  5.158098e-01  -6.858100e-01
38  4.519080e+00  -1.910816e+00
39  1.213662e+01  -2.619492e+00
40  2.237406e+01  -2.738473e+00
41  3.684372e+01  1.412293e+00
42  4.134959e+01  1.431661e+01
43  4.024635e+01  2.462150e+01
44  4.056059e+01  3.917360e+01
45  5.650584e+01  1.149752e+01
46  -3.198593e+00  -2.104893e+01
47  -3.201943e+01  -5.119429e+01
48  -4.691070e+01  -5.472385e+01
49  -6.987966e+00  8.033042e+01
50  -6.911619e+01  1.083283e+02
51  -2.396214e+01  3.731008e+02
52  2.012916e+02  4.637901e+02
53  5.782821e+02  2.998082e+02
54  1.312689e+03  -4.029310e+02
55  2.109712e+03  -1.256748e+03
56  2.818731e+03  -1.333604e+03
57  -2.767012e+02  -3.747917e+02
58  -4.576843e+03  3.073383e+03
59  -1.220193e+04  7.015251e+03
60  -2.481764e+04  1.117921e+04
61  -6.224325e+04  1.510773e+04
62  -1.649153e+05  1.778327e+04
63  -7.115871e+05  2.763722e+04
ENDPROP
STARTPROP
MASSES:  4.200000e-03   4.500000e-02
SOURCE: GAM_24
SINKS: GAM_24
0  3.453996e+04  1.573689e+04
1  1.344416e+06  3.875923e+04
2  5.879114e+05  1.862147e+04
3  3.166852e+05  1.057631e+04
4  1.678489e+05  7.425418e+03
5  8.981893e+04  5.254219e+03
6  4.679092e+04  4.774391e+03
7  2.580273e+04  3.382692e+03
8  1.432243e+04  2.223029e+03
9  8.665538e+03  1.641275e+03
10  5.706902e+03  1.299499e+03
11  2.725856e+03  1.190161e+03
12  1.314674e+03  6.625149e+02
13  5.749389e+02  3.894962e+02
14  7.537929e+01  1.277827e+02
15  6.824990e+01  -4.735960e+01
16  1.407353e+01  -5.578218e+01
17  1.591279e+02  -7.679764e+01
18  1.946576e+02  -7.448492e+01
19  1.467562e+02  3.716713e+00
20  7.945227e+01  1.532195e+01
21  3.102833e+01  -8.802002e+00
22  1.641495e+01  -9.995927e+00
23  1.277257e+01  -7.341878e+00
24  6.408060e+00  -2.347177e+00
25  -6.439350e-01  1.522821e+00
26  -9.335787e-01  8.797124e-01
27  -5.445880e-01  -2.005404e+00
28  -1.402721e+00  -3.514439e+00
29  -1.917425e-01  -3.770822e+00
30  1.079050e+00  -1.490082e+00
31  1.303673e+00  -5.366428e-01
32  8.002197e-01  8.855939e-01
33  1.104622e+00  2.547840e+00
34  1.537748e+00  3.251082e+00
35  4.037483e-01  4.136547e+00
36  -7.034896e-01  7.125896e+00
37  2.111041e+00  1.183300e+01
38  2.941309e+00  1.539681e+01
39  -3.465581e-01  1.589739e+01
40  -8.446761e+00  1.594883e+01
41  -1.252067e+01  3.510209e+00
42  -1.904722e+01  -6.440239e+00
43  -2.984286e+01  -2.196229e+00
44  -2.905953e+00  1.183897e+01
45  2.330093e+01  1.444174e+01
46  6.601929e+01  3.856284e+01
47  1.221272e+02  9.726925e+01
48  2.198973e+02  1.593121e+02
49  3.189695e+02  1.350000e+02
50  3.357704e+02  4.511000e+01
51  8.052776e+02  5.523822e+01
52  1.434942e+03  2.066978e+02
53  2.036351e+03  1.691574e+02
54  3.485994e+03  -5.959787e+02
55  6.749986e+03  -7.588060e+02
56  1.325995e+04  -3.519508e+02
57  2.529490e+04  1.540833e+03
58  4.111558e+04  7.830294e+02
59  7.390307e+04  2.346906e+02
60  1.482694e+05  -2.473895e+03
61  2.952544e+05  -5.659792e+03
62  5.705701e+05  -1.674845e+03
63  1.337839e+06  -4.302879e+03
ENDPROP
STARTPROP
MASSES:  4.200000e-03   4.500000e-02
SOURCE: GAM_42
SINKS: GAM_42
0  3.453996e+04  1.573689e+04
1  1.344416e+06  3.875923e+04
2  5.879114e+05  1.862147e+04
3  3.166852e+05  1.057631e+04
4  1.678489e+05  7.425418e+03
5  8.981893e+04  5.254219e+03
6  4.679092e+04  4.774391e+03
7  2.580273e+04  3.382692e+03
8  1.432243e+04  2.223029e+03
9  8.665538e+03  1.641275e+03
10  5.706902e+03  1.299499e+03
11  2.725856e+03  1.190161e+03
12  1.314674e+03  6.625149e+02
13  5.749389e+02  3.894962e+02
14  7.537929e+01  1.277827e+02
15  6.824990e+01  -4.735960e+01
16  1.407353e+01  -5.578218e+01
17  1.591279e+02  -7.679764e+01
18  1.946576e+02  -7.448492e+01
19  1.467562e+02  3.716713e+00
20  7.945227e+01  1.532195e+01
21  3.102833e+01  -8.802002e+00
22  1.641495e+01  -9.995927e+00
23  1.277257e+01  -7.341878e+00
24  6.408060e+00  -2.347177e+00
25  -6.439350e-01  1.522821e+00
26  -9.335787e-01  8.797124e-01
27  -5.445880e-01  -2.005404e+00
28  -1.402721e+00  -3.514439e+00
29  -1.917425e-01  -3.770822e+00
30  1.079050e+00  -1.490082e+00
31  1.303673e+00  -5.366428e-01
32  8.002197e-01  8.855939e-01
33  1.104622e+00  2.547840e+00
34  1.537748e+00  3.251082e+00
35  4.037483e-01  4.136547e+00
36  -7.034896e-01  7.125896e+00
37  2.111041e+00  1.183300e+01
38  2.941309e+00  1.539681e+01
39  -3.465581e-01  1.589739e+01
40  -8.446761e+00  1.594883e+01
41  -1.252067e+01  3.510209e+00
42  -1.904722e+01  -6.440239e+00
43  -2.984286e+01  -2.196229e+00
44  -2.905953e+00  1.183897e+01
45  2.330093e+01  1.444174e+01
46  6.601929e+01  3.856284e+01
47  1.221272e+02  9.726925e+01
48  2.198973e+02  1.593121e+02
49  3.189695e+02  1.350000e+02
50  3.357704e+02  4.511000e+01
51  8.052776e+02  5.523822e+01
52  1.434942e+03  2.066978e+02
53  2.036351e+03  1.691574e+02
54  3.485994e+03  -5.959787e+02
55  6.749986e+03  -7.588060e+02
56  1.325995e+04  -3.519508e+02
57  2.529490e+04  1.540833e+03
58  4.111558e+04  7.830294e+02
59  7.390307e+04  2.346906e+02
60  1.482694e+05  -2.473895e+03
61  2.952544e+05  -5.659792e+03
62  5.705701e+05  -1.674845e+03
63  1.337839e+06  -4.302879e+03
ENDPROP
STARTPROP
MASSES:  4.200000e-03   4.500000e-02
SOURCE: GAM_34
SINKS: GAM_34
0  -1.073104e+04  1.148950e+04
1  1.312033e+06  2.818117e+04
2  5.807270e+05  8.972486e+03
3  3.238814e+05  3.525601e+03
4  1.678727e+05  1.064624e+03
5  8.730177e+04  3.206205e+03
6  4.701523e+04  1.817039e+03
7  2.291969e+04  2.205741e+01
8  1.076048e+04  -1.126887e+03
9  2.874983e+03  -8.046310e+01
10  3.263976e+02  3.707073e+02
11  -1.524880e+02  2.817662e+02
12  1.791894e+02  3.655448e+02
13  2.551046e+01  2.134756e+02
14  -2.006903e+02  1.604008e+02
15  -3.208286e+01  1.371669e+02
16  1.136987e+02  1.000282e+02
17  1.370311e+02  8.232187e+01
18  8.347839e+01  -3.060142e+00
19  8.100386e+01  4.250960e-01
20  6.068507e+01  7.448245e+00
21  2.448308e+01  -1.188844e+01
22  1.180635e+01  -2.186531e+01
23  1.619343e+01  -1.435293e+01
24  3.414561e+00  -6.208831e+00
25  4.007232e-01  -5.131426e+00
26  -1.281354e+00  -1.182289e+00
27  2.251305e+00  -2.728177e+00
28  1.866315e+00  -1.168511e+00
29  1.584037e+00  -4.712010e-01
30  1.669864e+00  -1.419909e+00
31  1.176504e+00  -3.945003e-01
32  3.145054e-01  -8.656522e-02
33  4.716685e-01  -3.812556e-01
34  4.963816e-01  -2.545764e-01
35  -1.191720e+00  4.583398e-01
36  -2.407352e+00  2.626339e+00
37  -3.253287e+00  5.903348e+00
38  -2.386370e+00  6.719213e+00
39  -8.262529e+00  4.754899e+00
40  -1.947590e+01  3.702294e+00
41  -2.542244e+01  3.000495e-01
42  -3.010896e+01  9.537665e+00
43  -2.467532e+01  1.938096e+01
44  -1.868558e+01  3.573659e+01
45  -2.135076e+01  7.403625e+01
46  -3.990668e+01  1.114715e+02
47  -8.354904e+01  1.354572e+02
48  -8.679004e+01  1.555071e+02
49  1.864147e+01  1.921202e+02
50  6.991188e+01  3.330341e+02
51  1.058296e+02  4.695831e+02
52  5.679340e+02  4.156040e+02
53  8.505622e+02  3.944091e+01
54  1.753182e+03  -1.046586e+02
55  3.392322e+03  -4.612925e+02
56  7.265102e+03  -1.071158e+03
57  1.349465e+04  -1.757908e+03
58  2.591924e+04  -2.331354e+03
59  5.013549e+04  -2.119798e+03
60  1.119525e+05  -1.026385e+03
61  2.538520e+05  4.566850e+03
62  5.304150e+05  -8.386672e+02
63  1.305907e+06  -1.016119e+04
ENDPROP
STARTPROP
MASSES:  4.200000e-03   4.500000e-02
SOURCE: GAM_43
SINKS: GAM_43
0  -1.073104e+04  1.148950e+04
1  1.312033e+06  2.818117e+04
2  5.807270e+05  8.972486e+03
3  3.238814e+05  3.525601e+03
4  1.678727e+05  1.064624e+03
5  8.730177e+04  3.206205e+03
6  4.701523e+04  1.817039e+03
7  2.291969e+04  2.205741e+01
8  1.076048e+04  -1.126887e+03
9  2.874983e+03  -8.046310e+01
10  3.263976e+02  3.707073e+02
11  -1.524880e+02  2.817662e+02
12  1.791894e+02  3.655448e+02
13  2.551046e+01  2.134756e+02
14  -2.006903e+02  1.604008e+02
15  -3.208286e+01  1.371669e+02
16  1.136987e+02  1.000282e+02
17  1.370311e+02  8.232187e+01
18  8.347839e+01  -3.060142e+00
19  8.100386e+01  4.250960e-01
20  6.068507e+01  7.448245e+00
21  2.448308e+01  -1.188844e+01
22  1.180635e+01  -2.186531e+01
23  1.619343e+01  -1.435293e+01
24  3.414561e+00  -6.208831e+00
25  4.007232e-01  -5.131426e+00
26  -1.281354e+00  -1.182289e+00
27  2.251305e+00  -2.728177e+00
28  1.866315e+00  -1.168511e+00
29  1.584037e+00  -4.712010e-01
30  1.669864e+00  -1.419909e+00
31  1.176504e+00  -3.945003e-01
32  3.145054e-01  -8.656522e-02
33  4.716685e-01  -3.812556e-01
34  4.963816e-01  -2.545764e-01
35  -1.191720e+00  4.583398e-01
36  -2.407352e+00  2.626339e+00
37  -3.253287e+00  5.903348e+00
38  -2.386370e+00  6.719213e+00
39  -8.262529e+00  4.754899e+00
40  -1.947590e+01  3.702294e+00
41  -2.542244e+01  3.000495e-01
42  -3.010896e+01  9.537665e+00
43  -2.467532e+01  1.938096e+01
44  -1.868558e+01  3.573659e+01
45  -2.135076e+01  7.403625e+01
46  -3.990668e+01  1.114715e+02
47  -8.354904e+01  1.354572e+02
48  -8.679004e+01  1.555071e+02
49  1.864147e+01  1.921202e+02
50  6.991188e+01  3.330341e+02
51  1.058296e+02  4.695831e+02
52  5.679340e+02  4.156040e+02
53  8.505622e+02  3.944091e+01
54  1.753182e+03  -1.046586e+02
55  3.392322e+03  -4.612925e+02
56  7.265102e+03  -1.071158e+03
57  1.349465e+04  -1.757908e+03
58  2.591924e+04  -2.331354e+03
59  5.013549e+04  -2.119798e+03
60  1.119525e+05  -1.026385e+03
61  2.538520e+05  4.566850e+03
62  5.304150e+05  -8.386672e+02
63  1.305907e+06  -1.016119e+04
ENDPROP
STARTPROP
MASSES:  4.200000e-03   4.500000e-02
SOURCE: GAM_15
SINKS: GAM_15
0  -2.403945e+04  1.587808e+04
1  -9.953196e+05  -1.451802e+04
2  -3.081982e+05  -3.935399e+03
3  -1.316059e+05  -2.498273e+03
4  -5.051510e+04  -1.987784e+03
5  -2.101212e+04  1.346656e+03
6  -4.736775e+03  4.203007e+02
7  2.902868e+03  -1.094767e+03
8  4.105739e+03  -2.107804e+03
9  3.003632e+03  -1.786330e+03
10  2.318315e+03  -8.423064e+02
11  2.004825e+03  1.135264e+02
12  1.254267e+03  1.759715e+02
13  5.931656e+02  7.345338e+01
14  4.087938e+02  6.975299e+01
15  4.740307e+02  5.965440e+01
16  3.424569e+02  2.472492e+01
17  2.089869e+02  3.645274e+01
18  2.168827e+02  2.057050e+00
19  1.168377e+02  2.484778e+01
20  6.733669e+01  3.622510e+01
21  2.612298e+01  1.133564e+01
22  -1.785085e+00  1.669801e+01
23  -1.202459e+00  2.143493e+01
24  -5.360526e-02  1.879292e+01
25  2.351432e+00  1.547887e+01
26  3.746036e-01  1.204421e+01
27  -5.387320e-01  7.880719e+00
28  -3.276870e+00  5.133499e+00
29  -3.737335e+00  1.956124e+00
30  -3.982215e+00  -2.129767e-01
31  -3.929422e+00  -1.079483e+00
32  -3.748622e+00  -2.460506e+00
33  -2.871668e+00  -3.870130e+00
34  -2.903699e+00  -3.748052e+00
35  -3.277807e+00  -3.063976e+00
36  -3.559226e+00  -2.855307e+00
37  -3.644013e+00  -1.603370e+00
38  -3.870711e+00  -7.454731e-01
39  -7.598684e+00  -1.113100e+00
40  -2.979360e+00  -5.864462e+00
41  3.061297e+00  -3.717088e+00
42  4.724826e+00  -1.440019e+01
43  1.107695e+01  -3.135055e+01
44  3.546634e+01  -4.861216e+01
45  5.005979e+01  -4.780657e+01
46  4.474785e+01  -5.057989e+01
47  -4.556856e+01  -3.953689e+01
48  -1.932264e+02  3.360727e+00
49  -2.529946e+02  -8.741019e+01
50  -3.029338e+02  -2.631715e+02
51  -6.214660e+02  -4.444650e+02
52  -1.128627e+03  -5.128240e+02
53  -1.743245e+03  -9.815108e+02
54  -1.583528e+03  -1.799108e+03
55  -1.343517e+03  -1.065439e+03
56  -1.351698e+03  1.935792e+02
57  -3.834361e+03  3.115989e+03
58  -7.505784e+03  7.543888e+03
59  -1.295544e+04  1.142554e+04
60  -4.527392e+04  1.547419e+04
61  -1.246641e+05  1.539509e+04
62  -3.133089e+05  1.891761e+04
63  -1.007951e+06  3.441369e+04
ENDPROP
STARTPROP
MASSES:  4.200000e-03   4.500000e-02
SOURCE: GAM_25
SINKS: GAM_25
0  -9.907998e+04  2.091016e+04
1  -1.051596e+06  -2.143556e+04
2  -3.324046e+05  -1.529248e+04
3  -1.271606e+05  -1.207443e+04
4  -3.873651e+04  -9.513084e+03
5  -1.140834e+04  -4.463571e+03
6  1.581893e+02  -2.009840e+03
7  4.845231e+03  -1.368478e+03
8  4.209083e+03  7.669145e+02
9  1.338500e+03  1.547686e+03
10  8.984811e+01  1.455903e+03
11  -5.534179e+01  1.050470e+03
12  2.004097e+02  1.324959e+02
13  -1.346990e+02  -7.131502e+01
14  -1.185465e+02  7.687898e+00
15  -1.330178e+02  -8.673370e+01
16  -2.596668e+00  -1.036243e+01
17  7.051806e+01  2.476821e+01
18  6.684289e+01  7.362045e+01
19  1.021792e+01  8.640225e+01
20  -2.547271e+01  7.575649e+01
21  -4.075261e+01  3.046583e+01
22  -4.218309e+01  4.544064e+00
23  -3.669324e+01  9.501165e-01
24  -1.998493e+01  -1.098493e+01
25  -6.644485e+00  -1.222023e+01
26  1.319101e+00  -1.223011e+01
27  1.699154e+00  -1.005700e+01
28  1.364639e+00  -7.927018e+00
29  1.699890e+00  -4.730736e+00
30  8.771700e-01  -1.997731e+00
31  1.701660e+00  -5.470943e-01
32  2.502271e+00  2.776570e-01
33  7.007298e-03  7.183686e-01
34  -2.602310e+00  1.124842e+00
35  -5.034999e+00  1.397370e+00
36  -5.427864e+00  -2.022352e-01
37  -8.428423e+00  4.535878e-01
38  -7.302179e+00  7.229402e+00
39  -3.198263e+00  9.240512e+00
40  2.469124e+00  5.836167e+00
41  9.240034e+00  2.606618e+00
42  1.775644e+01  1.174566e+01
43  5.412927e+00  2.821318e+01
44  -7.948635e-01  5.788012e+01
45  1.782796e+00  8.912338e+01
46  -1.790299e+00  1.086770e+02
47  -5.014664e+01  1.552690e+02
48  -9.935961e+01  1.825279e+02
49  -1.749925e+02  1.573880e+02
50  -4.699694e+02  9.115408e+01
51  -6.440931e+02  7.071135e+01
52  -8.824655e+02  1.438802e+02
53  -1.286930e+03  2.979695e+02
54  -1.830998e+03  4.838217e+02
55  -1.984100e+03  -2.565147e+02
56  -3.153516e+03  -1.271500e+03
57  -2.850162e+03  -3.729658e+03
58  -3.762741e+03  -7.300862e+03
59  -1.400769e+04  -9.412327e+03
60  -4.406765e+04  -6.516623e+03
61  -1.316981e+05  7.875531e+03
62  -3.213547e+05  3.265919e+04
63  -1.036588e+06  4.978137e+04
ENDPROP
STARTPROP
MASSES:  4.200000e-03   4.500000e-02
SOURCE: GAM_35
SINKS: GAM_35
0  -1.495724e+05  -1.499248e+04
1  -1.080856e+06  -3.054833e+04
2  -3.550103e+05  -1.710340e+04
3  -1.459616e+05  -6.738726e+03
4  -5.931594e+04  -3.914157e+02
5  -2.292289e+04  1.692101e+03
6  -5.623008e+03  2.831274e+03
7  3.985157e+02  3.735496e+03
8  2.424434e+03  3.480433e+03
9  1.149125e+03  3.678658e+03
10  -9.120087e+01  3.386598e+03
11  2.060009e+01  2.123477e+03
12  3.825382e+02  9.569215e+02
13  1.208744e+02  1.617875e+02
14  -1.227401e+02  -2.417776e+02
15  -1.387126e+02  -2.025918e+02
16  -6.362300e+01  -1.123965e+02
17  -3.525663e+01  -4.846449e+01
18  -9.323979e+01  -4.328051e+01
19  -1.012562e+02  -1.572794e+01
20  -6.265852e+01  -9.171262e+00
21  -5.418267e+01  1.649854e+01
22  -3.538984e+01  2.429500e+01
23  -3.509376e+01  1.528287e+01
24  -1.987506e+01  1.476813e+01
25  -8.529065e+00  1.398534e+01
26  -1.070479e+00  8.814570e+00
27  1.466258e+00  5.637532e+00
28  2.068079e+00  2.055110e+00
29  2.807904e+00  -1.122024e-01
30  4.372266e-01  -1.227381e+00
31  1.067275e-01  -2.712708e+00
32  1.107508e+00  -2.517760e+00
33  2.153084e+00  -2.955364e+00
34  2.100778e+00  -3.206443e+00
35  1.182931e+00  -2.516602e+00
36  2.169097e+00  -2.063229e+00
37  3.346882e+00  -6.710068e-01
38  1.805139e+00  -2.484247e+00
39  2.405211e-03  -3.394535e+00
40  3.914806e+00  -2.852307e+00
41  4.286245e+00  -7.194741e+00
42  -2.030179e+01  -3.626084e+01
43  -5.494399e+01  -4.746741e+01
44  -1.032005e+02  -5.700580e+01
45  -1.059947e+02  -6.047070e+01
46  -9.964338e+01  -4.132671e+01
47  -1.531661e+02  2.787426e+01
48  -1.207215e+02  2.076958e+02
49  3.005319e+01  2.434608e+02
50  1.386860e+02  1.741788e+02
51  -4.553272e+01  7.536973e+01
52  -3.026765e+02  -3.462221e+01
53  -3.225660e+02  -5.699538e+02
54  -6.224760e+02  -4.159496e+02
55  -1.135757e+03  -7.186707e+02
56  2.229685e+01  -3.649043e+02
57  -2.405029e+03  -2.456071e+03
58  -3.853825e+03  -4.071964e+03
59  -1.355633e+04  -7.227331e+03
60  -4.647684e+04  -6.833452e+03
61  -1.354329e+05  -4.261256e+03
62  -3.611157e+05  -5.015893e+03
63  -1.104697e+06  -2.302543e+03
ENDPROP
STARTPROP
MASSES:  4.200000e-03   4.500000e-02
SOURCE: GAM_45
SINKS: GAM_45
0  -1.296600e+06  1.721943e+04
1  9.483797e+05  4.429191e+04
2  4.965702e+05  2.544771e+04
3  3.578664e+05  1.752699e+04
4  2.513855e+05  1.270758e+04
5  1.794151e+05  7.175667e+03
6  1.258135e+05  5.801423e+03
7  8.897019e+04  3.842099e+03
8  6.337523e+04  1.763606e+03
9  4.454459e+04  1.310611e+03
10  3.060394e+04  8.515328e+02
11  2.027216e+04  2.042296e+02
12  1.397409e+04  2.671484e+02
13  9.473251e+03  -2.867810e+01
14  6.648460e+03  -3.384468e+01
15  4.639353e+03  -1.059321e+02
16  3.150581e+03  -5.062003e+01
17  2.241621e+03  -1.012788e+02
18  1.552788e+03  -1.020086e+02
19  1.100466e+03  -6.669389e+01
20  7.561048e+02  -4.557481e+01
21  5.162776e+02  -4.345270e+01
22  3.534866e+02  -4.032315e+01
23  2.418391e+02  -3.266200e+01
24  1.629963e+02  -2.631206e+01
25  1.080210e+02  -2.107408e+01
26  7.298206e+01  -1.692573e+01
27  4.808002e+01  -1.171435e+01
28  3.273860e+01  -8.528242e+00
29  2.336620e+01  -5.147040e+00
30  1.755162e+01  -2.752660e+00
31  1.488483e+01  -9.921173e-01
32  1.442448e+01  -1.655168e-01
33  1.541165e+01  1.322112e+00
34  1.964046e+01  2.538782e+00
35  2.575584e+01  4.108164e+00
36  3.538646e+01  6.070488e+00
37  4.938131e+01  8.531986e+00
38  7.081054e+01  1.162034e+01
39  1.004441e+02  1.863291e+01
40  1.429061e+02  2.224584e+01
41  2.005697e+02  2.869136e+01
42  2.808083e+02  4.098100e+01
43  3.983388e+02  4.672988e+01
44  5.619292e+02  5.034292e+01
45  8.175702e+02  3.839305e+01
46  1.163269e+03  5.910378e+01
47  1.683929e+03  6.698832e+01
48  2.419298e+03  9.032247e+01
49  3.489174e+03  1.083456e+02
50  5.085931e+03  2.203064e+02
51  7.501652e+03  3.305283e+02
52  1.079887e+04  3.751135e+02
53  1.589196e+04  6.960913e+02
54  2.356206e+04  5.058271e+02
55  3.497209e+04  1.248183e+03
56  5.140095e+04  1.578792e+03
57  7.400397e+04  1.751905e+03
58  1.089766e+05  3.191888e+03
59  1.596750e+05  5.326449e+03
60  2.332609e+05  5.553522e+03
61  3.373897e+05  3.160127e+03
62  4.835711e+05  1.302846e+03
63  9.585974e+05  -1.132940e+04
ENDPROP
STARTPROP
MASSES:  4.200000e-03   4.500000e-02
SOURCE: PSAX4
SINKS: GAM_4
0  1.505823e+03  -5.351484e+02
1  1.631816e+06  9.054471e+02
2  1.026991e+06  -3.864044e+03
3  7.267423e+05  -3.201555e+03
4  5.088890e+05  -3.651735e+03
5  3.569775e+05  -3.542444e+03
6  2.493166e+05  -1.863422e+03
7  1.739090e+05  -1.331783e+03
8  1.225107e+05  -1.742503e+03
9  8.534118e+04  -1.116321e+03
10  5.869589e+04  -6.872679e+02
11  3.948806e+04  -9.216807e+02
12  2.734102e+04  -5.715774e+02
13  1.870903e+04  -5.169627e+02
14  1.287873e+04  -4.718847e+02
15  8.893409e+03  -3.679861e+02
16  6.117430e+03  -2.104051e+02
17  4.259368e+03  -2.473023e+02
18  2.897182e+03  -2.033189e+02
19  2.001964e+03  -1.393960e+02
20  1.394335e+03  -9.446583e+01
21  9.632448e+02  -8.089072e+01
22  6.558475e+02  -6.825954e+01
23  4.497497e+02  -5.182883e+01
24  3.068804e+02  -3.642163e+01
25  2.065766e+02  -3.149728e+01
26  1.397155e+02  -2.339212e+01
27  9.265838e+01  -1.542485e+01
28  6.149109e+01  -1.091362e+01
29  3.964667e+01  -7.001362e+00
30  2.400045e+01  -4.942374e+00
31  1.079471e+01  -4.425363e+00
32  -1.277993e+00  -4.328426e+00
33  -1.319428e+01  -5.131846e+00
34  -2.689978e+01  -6.366885e+00
35  -4.367506e+01  -8.355133e+00
36  -6.564889e+01  -1.078637e+01
37  -9.560501e+01  -1.307260e+01
38  -1.396669e+02  -1.860740e+01
39  -2.009936e+02  -2.704050e+01
40  -2.859267e+02  -2.999504e+01
41  -4.116677e+02  -3.734836e+01
42  -5.945716e+02  -5.176905e+01
43  -8.555768e+02  -5.467010e+01
44  -1.235648e+03  -7.373672e+01
45  -1.822941e+03  -6.545598e+01
46  -2.612492e+03  -9.536962e+01
47  -3.749089e+03  -1.211737e+02
48  -5.389166e+03  -1.842637e+02
49  -7.808439e+03  -2.625446e+02
50  -1.147792e+04  -3.857445e+02
51  -1.643087e+04  -5.334768e+02
52  -2.350522e+04  -4.300825e+02
53  -3.397455e+04  -5.689705e+02
54  -4.989165e+04  -4.616427e+02
55  -7.276164e+04  -7.317310e+02
56  -1.056607e+05  -7.595468e+01
57  -1.531057e+05  4.583484e+02
58  -2.260127e+05  2.965448e+02
59  -3.290347e+05  -1.654329e+03
60  -4.815138e+05  -1.311518e+03
61  -7.002016e+05  -6.392642e+02
62  -1.013545e+06  -1.423800e+02
63  -1.636974e+06  -2.280556e+03
ENDPROP
STARTPROP
MASSES:  4.200000e-03   4.500000e-02
SOURCE: WWPSAX4
SINKS: GAM_4
0  -6.834171e+07  6.261380e+08
1  1.013338e+09  -3.687502e+07
2  5.875348e+08  5.228390e+07
3  5.089775e+08  3.794804e+07
4  3.315561e+08  -2.680841e+07
5  2.294732e+08  -2.323171e+07
6  1.685447e+08  1.690731e+07
7  1.112444e+08  -1.787902e+07
8  5.266529e+07  -6.702130e+06
9  4.883723e+07  -8.473143e+06
10  3.238963e+07  4.054026e+06
11  2.451497e+07  -3.859322e+06
12  1.978584e+07  -2.163281e+06
13  1.395650e+07  2.727240e+05
14  9.510351e+06  2.141314e+06
15  5.917644e+06  -1.087522e+06
16  6.369075e+06  1.372241e+06
17  2.374356e+06  -2.055841e+05
18  9.849629e+05  -1.270770e+06
19  1.258658e+06  1.314245e+05
20  5.854358e+05  1.169345e+05
21  3.514313e+05  1.633096e+04
22  3.106189e+05  -1.160936e+05
23  1.671635e+05  -6.163163e+04
24  2.470274e+05  -6.755473e+04
25  1.160168e+05  5.539147e+04
26  5.737492e+04  -1.835283e+04
27  7.356086e+04  -1.472222e+04
28  2.748690e+04  2.106246e+04
29  3.087642e+04  -4.328596e+03
30  1.096549e+04  -3.302714e+03
31  -9.294872e+02  -9.502613e+03
32  7.456598e+03  9.277293e+03
33  -1.324217e+04  6.119253e+03
34  -3.216072e+04  -1.893689e+02
35  -2.272834e+04  3.999091e+03
36  -5.547352e+04  -4.410985e+03
37  -2.427363e+04  2.401910e+03
38  -1.174637e+05  -8.100828e+04
39  -2.436624e+04  -6.816403e+03
40  -1.880409e+05  1.636055e+03
41  -2.098197e+05  1.813684e+04
42  -5.166969e+05  -1.386568e+05
43  -2.282978e+05  8.430665e+04
44  -1.067413e+05  6.642090e+04
45  -3.547801e+05  -8.356357e+05
46  -1.109893e+06  -3.817527e+05
47  -1.262106e+06  1.867960e+05
48  -4.370590e+06  -9.318657e+05
49  -3.391183e+06  6.748469e+04
50  -7.403748e+06  -3.736063e+05
51  -9.257263e+06  5.022532e+05
52  -7.558860e+06  -2.190144e+06
53  -1.319135e+07  9.950152e+05
54  -3.445788e+07  -5.197112e+05
55  -5.464655e+07  -4.133201e+06
56  -6.701258e+07  -5.010809e+06
57  -7.496401e+07  -6.890289e+06
58  -1.167158e+08  -1.808145e+07
59  -1.471468e+08  -2.238327e+07
60  -2.061913e+08  -3.238682e+07
61  -3.019629e+08  8.638468e+07
62  -5.114982e+08  1.389804e+07
63  -1.888049e+09  -7.383854e+07
ENDPROP
STARTPROP
MASSES:  4.200000e-03   4.500000e-02
SOURCE: WWGAM_5
SINKS: GAM_5
0  1.636538e+10  4.075529e+01
1  1.853962e+09  4.011720e+07
2  1.174985e+09  7.334911e+07
3  9.557581e+08  -1.076265e+07
4  6.026156e+08  -1.646736e+07
5  4.037023e+08  -2.420147e+07
6  3.207339e+08  2.567230e+07
7  2.034457e+08  -4.009913e+06
8  1.195055e+08  -3.796857e+06
9  9.569089e+07  -3.888921e+06
10  8.845692e+07  -1.138769e+06
11  4.516666e+07  1.124393e+06
12  2.782609e+07  -5.752546e+05
13  1.826590e+07  2.695423e+05
14  1.674324e+07  1.885543e+05
15  1.102533e+07  -9.942200e+05
16  9.543340e+06  1.190629e+06
17  5.000138e+06  -2.279874e+05
18  2.746618e+06  -4.228226e+05
19  2.568385e+06  -1.009829e+05
20  1.396668e+06  3.019404e+05
21  8.425644e+05  -6.646142e+04
22  7.565347e+05  -1.308459e+05
23  3.993550e+05  -1.570242e+05
24  3.939110e+05  -9.425168e+04
25  2.921770e+05  5.349074e+04
26  1.341071e+05  -4.422564e+04
27  1.204063e+05  -4.026877e+04
28  6.493379e+04  1.316805e+03
29  5.321792e+04  -3.533220e+03
30  4.966004e+04  4.770311e+03
31  3.565084e+04  -4.231092e+03
32  4.458516e+04  5.792262e+03
33  4.853324e+04  -7.462195e+01
34  4.771374e+04  1.089597e+04
35  6.657277e+04  1.576793e+04
36  1.130929e+05  9.423875e+03
37  1.019141e+05  -9.177048e+03
38  1.839308e+05  8.758923e+04
39  1.249672e+05  5.005426e+04
40  3.437893e+05  1.202686e+04
41  3.979402e+05  -1.743065e+04
42  8.142984e+05  1.920946e+05
43  9.551860e+05  9.327206e+04
44  1.236299e+06  1.763713e+05
45  1.870570e+06  7.415006e+05
46  2.827810e+06  3.971704e+05
47  3.599319e+06  -2.517345e+05
48  7.329840e+06  1.244545e+06
49  6.691207e+06  1.212642e+04
50  1.241869e+07  1.013842e+06
51  2.169366e+07  8.922487e+05
52  2.238015e+07  4.208748e+06
53  4.558163e+07  1.226032e+06
54  5.718714e+07  -1.914603e+06
55  8.962484e+07  3.176227e+06
56  1.402350e+08  4.492289e+06
57  1.629665e+08  -7.366874e+06
58  2.533587e+08  1.036318e+06
59  3.270845e+08  -3.571912e+06
60  5.435630e+08  5.175173e+07
61  8.490448e+08  -3.544119e+07
62  1.057697e+09  4.574096e+07
63  2.812311e+09  5.215841e+07
ENDPROP
