STARTPROP
MASSES:  4.500000e-02   4.500000e-02
SOURCE: GAM_1
SINKS: GAM_1
0  1.303934e+06  1.381793e+02
1  1.934028e+06  -1.292082e+02
2  8.544130e+05  -9.400391e+02
3  4.268771e+05  -8.064713e+02
4  2.123548e+05  -5.518041e+02
5  1.056166e+05  -6.009222e+02
6  4.960085e+04  -3.934930e+02
7  2.426686e+04  -2.390188e+02
8  1.173866e+04  -1.256905e+02
9  5.394087e+03  -7.493105e+01
10  2.430165e+03  -3.442169e+01
11  1.162025e+03  -5.830118e-01
12  5.525089e+02  2.681979e-01
13  2.965523e+02  4.505503e+00
14  1.691385e+02  7.439944e+00
15  9.617533e+01  5.580216e+00
16  4.707100e+01  4.081960e+00
17  1.729651e+01  3.858782e+00
18  3.439963e+00  3.085555e+00
19  -1.126032e+00  1.365811e+00
20  3.139168e-01  4.144698e-01
21  1.306138e+00  1.490345e-01
22  6.979509e-01  3.320132e-02
23  4.380244e-01  3.414900e-02
24  2.488174e-01  2.448757e-02
25  9.974172e-02  1.225314e-02
26  6.518194e-03  -9.545642e-03
27  -1.946970e-02  -9.347032e-03
28  -2.088400e-02  -4.348255e-03
29  -2.134189e-02  -3.601625e-03
30  7.766253e-04  -7.154017e-04
31  1.124889e-02  7.151642e-04
32  1.755886e-02  1.355461e-03
33  1.389109e-02  4.969657e-04
34  3.157718e-02  -3.006915e-03
35  7.064715e-02  -8.745038e-03
36  1.445028e-01  -1.875558e-02
37  2.084797e-01  -3.490958e-02
38  1.662108e-01  -5.397668e-02
39  8.971409e-02  -6.810033e-02
40  7.012154e-02  -1.239546e-01
41  -2.650241e-01  -1.766542e-01
42  -5.236450e-01  -1.626126e-01
43  -4.953636e-01  -4.327309e-02
44  -6.145423e-01  1.115547e-01
45  7.261718e-01  1.305276e-01
46  1.985277e+00  5.196297e-01
47  -6.028687e-01  6.901697e-01
48  4.292074e-01  1.170900e+00
49  -9.074510e+00  6.995750e-01
50  3.744292e+00  -2.584254e+00
51  6.745215e+01  -7.732768e+00
52  2.464525e+02  -1.598838e+01
53  7.569365e+02  -1.529699e+01
54  2.114244e+03  -3.791904e+01
55  4.690582e+03  -8.014685e+01
56  9.512717e+03  -1.172971e+02
57  2.088846e+04  -2.148031e+02
58  4.452253e+04  -3.578973e+02
59  9.728467e+04  -6.320553e+02
60  2.056563e+05  -7.864798e+02
61  4.245230e+05  -7.447871e+02
62  8.546828e+05  -1.146248e+03
63  1.925652e+06  -4.916694e+02
ENDPROP
STARTPROP
MASSES:  4.500000e-02   4.500000e-02
SOURCE: GAM_2
SINKS: GAM_2
0  1.292877e+06  -2.784606e+01
1  1.930930e+06  2.128859e+02
2  8.461134e+05  2.557280e+02
3  4.236668e+05  4.769910e+02
4  2.134640e+05  5.642720e+02
5  1.064645e+05  2.870019e+02
6  5.305309e+04  2.499440e+02
7  2.695900e+04  1.985152e+02
8  1.341769e+04  8.400513e+01
9  6.575533e+03  1.816914e+01
10  3.183276e+03  -2.532471e+01
11  1.584957e+03  -2.685416e+01
12  7.768345e+02  -1.862145e+01
13  4.474098e+02  -1.345630e+01
14  2.628849e+02  -8.825702e+00
15  1.540490e+02  -6.181656e+00
16  8.889996e+01  -3.237349e+00
17  3.974154e+01  -2.221295e+00
18  2.275573e+01  -1.274633e+00
19  1.127738e+01  -8.817833e-01
20  3.826196e+00  -5.626228e-01
21  1.687195e+00  -2.278344e-01
22  1.238831e+00  -8.668059e-02
23  8.228763e-01  -1.051560e-02
24  4.198630e-01  4.212060e-02
25  2.221036e-01  4.586521e-02
26  1.027825e-01  3.590072e-02
27  3.383544e-02  2.386194e-02
28  3.662069e-02  1.132235e-02
29  4.808203e-02  6.255072e-03
30  2.939826e-02  4.203462e-03
31  2.426377e-02  2.494512e-03
32  1.848338e-02  1.749679e-03
33  1.831111e-02  8.646789e-04
34  3.037479e-02  -2.659141e-03
35  3.152777e-02  -6.700399e-03
36  2.503381e-02  -8.063397e-03
37  4.652031e-02  -7.022205e-03
38  1.151091e-01  2.329510e-03
39  2.764353e-01  9.390351e-03
40  4.922946e-01  1.682963e-02
41  6.578883e-01  1.681468e-02
42  5.876009e-01  2.264162e-02
43  -4.027029e-01  3.931751e-02
44  -4.452496e-02  -4.819891e-02
45  2.391325e+00  -3.995836e-01
46  5.881196e+00  -1.407574e+00
47  9.809438e+00  -3.024552e+00
48  1.591428e+01  -4.009742e+00
49  2.278780e+01  -2.451637e+00
50  6.499041e+01  3.415077e-01
51  1.810466e+02  -7.963170e-02
52  4.323779e+02  1.648875e+00
53  8.964680e+02  8.429642e+00
54  2.197538e+03  1.274000e+01
55  4.573092e+03  -5.829420e+00
56  9.557522e+03  -5.356306e+01
57  2.030396e+04  -1.906753e+02
58  4.347579e+04  -3.511846e+02
59  9.372626e+04  -5.685182e+02
60  1.989878e+05  -7.373290e+02
61  4.157414e+05  -6.642273e+02
62  8.351263e+05  -8.523018e+02
63  1.898504e+06  -1.367523e+02
ENDPROP
STARTPROP
MASSES:  4.500000e-02   4.500000e-02
SOURCE: GAM_3
SINKS: GAM_3
0  1.288919e+06  -5.549420e+02
1  1.918084e+06  -3.937304e+02
2  8.344064e+05  -7.788880e+01
3  4.177372e+05  2.266393e+02
4  2.055074e+05  1.509152e+02
5  1.007993e+05  1.273969e+02
6  4.871664e+04  1.327781e+01
7  2.412774e+04  8.097033e+01
8  1.211054e+04  7.057764e+01
9  5.886739e+03  5.799116e+01
10  3.149661e+03  8.519029e+00
11  1.538871e+03  1.821675e+00
12  6.454488e+02  7.516127e+00
13  2.687178e+02  1.125515e+01
14  8.459460e+01  5.421344e+00
15  3.505246e+01  3.403887e+00
16  2.125186e+01  3.102132e+00
17  5.033985e+00  1.483292e+00
18  -1.668505e-01  3.056186e-01
19  -1.030402e+00  -3.506154e-02
20  -1.221292e+00  -3.465861e-02
21  -1.292542e+00  1.052871e-02
22  -1.096649e+00  -5.103259e-03
23  -4.212148e-01  -2.603267e-02
24  -2.788065e-01  -3.353759e-02
25  -2.504555e-01  -1.018636e-02
26  -1.886100e-01  -1.265967e-02
27  -9.313502e-02  -3.147975e-03
28  -3.546809e-02  7.412556e-04
29  3.094816e-03  7.522197e-04
30  7.654500e-03  -1.243718e-04
31  1.562092e-03  -2.327007e-04
32  1.578935e-03  -8.585506e-04
33  -6.744257e-03  -1.208903e-03
34  -1.309292e-02  -3.636379e-03
35  1.375244e-03  -5.545313e-03
36  1.084203e-02  -4.542128e-03
37  8.236315e-03  -7.962599e-03
38  1.543172e-02  -9.648447e-03
39  6.145053e-02  3.784583e-04
40  6.333744e-02  1.919377e-02
41  4.304178e-01  6.312583e-02
42  7.342090e-01  1.775881e-01
43  5.672697e-01  3.749207e-01
44  5.973404e-01  3.415442e-01
45  2.449629e+00  5.361628e-01
46  6.134948e+00  1.231211e+00
47  9.930355e+00  1.172995e+00
48  1.374432e+01  1.302529e+00
49  1.452380e+01  1.618032e+00
50  4.988723e+01  2.914264e+00
51  1.110274e+02  -4.235317e-01
52  2.377654e+02  -2.990078e+00
53  4.695534e+02  4.007776e+00
54  1.174394e+03  1.258581e+01
55  2.501082e+03  4.550663e+01
56  6.311640e+03  4.192673e+01
57  1.563157e+04  1.035281e+02
58  3.562555e+04  1.327120e+02
59  8.189232e+04  7.069042e+01
60  1.844470e+05  1.709921e+02
61  3.994003e+05  1.885349e+02
62  8.358020e+05  -6.943538e+01
63  1.913878e+06  -3.655553e+01
ENDPROP
STARTPROP
MASSES:  4.500000e-02   4.500000e-02
SOURCE: GAM_4
SINKS: GAM_4
0  2.131421e+06  -1.282594e+02
1  -2.699148e+05  7.961120e+01
2  3.494001e+02  -1.216049e+02
3  1.003876e+02  -2.188589e+02
4  -5.948868e+02  -2.766300e+02
5  2.992475e+01  -1.274118e+02
6  3.166433e+02  -6.873405e+01
7  7.020716e+01  -9.955286e+00
8  1.869249e+01  -3.007983e+01
9  -4.339315e+01  -1.222792e+01
10  1.285076e+01  -1.442409e+01
11  -1.037374e+00  -9.581704e+00
12  8.235994e-02  -7.268556e+00
13  4.564646e-01  -2.434126e+00
14  -4.154688e+00  -1.986886e+00
15  -8.702419e-01  -1.110385e+00
16  1.100451e-01  -4.064711e-01
17  -4.255414e-01  3.126159e-02
18  -4.017683e-01  -1.082744e-01
19  1.004569e-01  -3.630203e-02
20  -6.778001e-02  -6.398029e-02
21  -9.557557e-02  -2.420040e-02
22  -3.917704e-02  -4.272129e-03
23  3.238011e-02  1.146117e-02
24  -4.627113e-02  3.984345e-03
25  -3.082124e-03  4.765635e-03
26  -8.481517e-03  -1.288971e-03
27  -2.461297e-03  -1.000479e-04
28  -2.580760e-03  -1.706295e-03
29  -2.966417e-03  -2.998746e-04
30  5.139913e-04  5.242690e-04
31  4.484310e-04  5.111825e-04
32  2.413651e-03  4.208251e-04
33  3.112261e-03  4.036939e-04
34  1.743496e-03  8.391447e-04
35  1.548709e-03  4.743687e-04
36  -2.704291e-03  8.711524e-04
37  4.859023e-03  -5.003559e-04
38  5.051569e-03  1.914626e-03
39  7.713336e-03  -9.991765e-04
40  -4.602706e-02  -5.542202e-03
41  1.096684e-01  -2.046152e-02
42  6.310844e-02  -4.973624e-02
43  -2.362024e-01  -1.199818e-01
44  -2.583039e-01  -2.142145e-01
45  4.912521e-01  -3.618272e-01
46  5.972986e-01  -3.229406e-01
47  -6.018880e-01  -5.250945e-01
48  -1.893336e+00  -5.848878e-01
49  3.518096e+00  -8.879587e-01
50  1.865701e+00  -3.778891e-01
51  -6.991672e-01  1.143700e+00
52  -9.437257e+00  -7.403696e-01
53  -7.889938e+00  -5.361256e+00
54  2.569797e+01  -1.356062e+01
55  -1.840206e+01  -1.081952e+01
56  -7.832962e+01  -4.191648e+00
57  1.962071e+02  1.825132e+01
58  -1.899462e+01  8.107132e+01
59  6.968705e+02  6.395632e+01
60  5.745890e+01  9.647325e+01
61  -1.916299e+03  8.864822e+01
62  -2.695290e+03  -5.530203e+00
63  -2.776116e+05  -3.711099e+02
ENDPROP
STARTPROP
MASSES:  4.500000e-02   4.500000e-02
SOURCE: GAM_5
SINKS: GAM_5
0  5.315264e+06  -2.634386e+02
1  5.206523e+06  1.571106e+02
2  3.246414e+06  4.329926e+02
3  2.065061e+06  1.881068e+03
4  1.291649e+06  2.764614e+03
5  7.940993e+05  1.805551e+03
6  4.827924e+05  8.607752e+02
7  2.955963e+05  4.827389e+02
8  1.829834e+05  4.295815e+02
9  1.102419e+05  3.383319e+02
10  6.592342e+04  1.489943e+02
11  3.955702e+04  7.732759e+01
12  2.383429e+04  4.578761e+01
13  1.434426e+04  3.463601e+01
14  8.621579e+03  2.672319e+01
15  5.268823e+03  1.530502e+01
16  3.209188e+03  9.503704e+00
17  1.951424e+03  6.233730e+00
18  1.172752e+03  5.635317e+00
19  7.096482e+02  4.699639e+00
20  4.319192e+02  3.176570e+00
21  2.679508e+02  2.168881e+00
22  1.635900e+02  1.611787e+00
23  1.003797e+02  1.072141e+00
24  6.192458e+01  6.622109e-01
25  3.734255e+01  4.183208e-01
26  2.254210e+01  2.536389e-01
27  1.388750e+01  1.650573e-01
28  8.685591e+00  9.543615e-02
29  5.508784e+00  5.708666e-02
30  3.612030e+00  3.282091e-02
31  2.666988e+00  1.891958e-02
32  2.407965e+00  9.998651e-03
33  2.751989e+00  9.757806e-04
34  3.778093e+00  -9.965610e-03
35  5.698441e+00  -3.420828e-02
36  8.844914e+00  -7.425944e-02
37  1.390929e+01  -1.116065e-01
38  2.277089e+01  -1.647021e-01
39  3.760405e+01  -3.182939e-01
40  6.214788e+01  -4.658376e-01
41  1.025531e+02  -5.525071e-01
42  1.720203e+02  -3.434691e-01
43  2.842468e+02  -4.382864e-01
44  4.605437e+02  -1.734633e+00
45  7.486069e+02  -5.024163e+00
46  1.221867e+03  -7.470168e+00
47  2.028882e+03  -1.011144e+01
48  3.374499e+03  -1.386913e+01
49  5.554206e+03  -2.817600e+01
50  9.081374e+03  -4.838579e+01
51  1.471810e+04  -6.873260e+01
52  2.401955e+04  -4.766445e+01
53  3.962612e+04  5.957327e+00
54  6.560446e+04  5.583087e+00
55  1.067098e+05  -7.507549e+01
56  1.738107e+05  -3.018622e+02
57  2.889136e+05  -4.655414e+02
58  4.728290e+05  -5.821854e+02
59  7.758002e+05  -3.462864e+02
60  1.265877e+06  2.630505e+02
61  2.058462e+06  -4.344875e+02
62  3.256099e+06  -2.378302e+03
63  5.190368e+06  -9.127136e+02
ENDPROP
STARTPROP
MASSES:  4.500000e-02   4.500000e-02
SOURCE: GAM_12
SINKS: GAM_12
0  8.704032e+05  -1.226289e+03
1  -6.647642e+05  -5.128663e+02
2  -1.592887e+05  -5.273496e+02
3  -5.822204e+04  -3.883023e+02
4  -2.197648e+04  -5.984775e+01
5  -7.100495e+03  5.847374e+01
6  -1.581446e+03  1.578294e+01
7  -1.497556e+02  5.224032e+01
8  2.477370e+02  2.728278e+01
9  2.811638e+02  8.926966e+00
10  1.223360e+02  6.799256e+00
11  6.368389e+01  -8.345872e-01
12  6.960471e+01  4.885859e+00
13  2.110496e+01  4.257281e+00
14  -8.933462e-01  -1.885721e-01
15  1.137095e+01  -4.239517e-01
16  6.061092e+00  3.145642e-01
17  2.205177e+00  6.277274e-01
18  1.850699e+00  2.401413e-01
19  3.378006e+00  1.597307e-01
20  1.538209e+00  1.531848e-01
21  7.415674e-01  1.022024e-01
22  2.606884e-01  6.607233e-02
23  3.016787e-03  6.203307e-02
24  -7.670047e-02  3.151258e-02
25  -8.877764e-03  8.602538e-03
26  -4.852036e-02  5.645566e-03
27  -5.315143e-02  6.912057e-03
28  -3.582185e-02  5.688524e-03
29  -2.020915e-02  1.131059e-03
30  -6.842331e-03  4.540259e-05
31  -5.143862e-03  -7.968966e-04
32  -4.412049e-03  -7.951157e-04
33  4.065280e-03  6.370061e-04
34  2.504268e-03  1.644836e-03
35  -7.292183e-03  2.578835e-03
36  -3.299100e-02  3.917037e-03
37  -4.992547e-02  7.428270e-03
38  -6.764595e-02  1.540747e-02
39  -1.024919e-01  2.373398e-02
40  -1.701627e-01  2.678751e-02
41  -3.804460e-01  4.722121e-03
42  -7.272095e-01  -2.936007e-02
43  -6.314394e-01  -3.931632e-02
44  -1.073907e+00  -1.785575e-02
45  -8.126653e-01  1.899322e-01
46  -2.422463e+00  4.205792e-01
47  -2.537335e+00  1.104390e+00
48  -3.661331e+00  1.562150e+00
49  -9.223775e+00  1.035949e+00
50  -1.179954e+01  1.293926e+00
51  -3.215764e+01  -2.867660e+00
52  -6.167158e+01  -1.023894e+01
53  -1.349234e+02  -1.870761e+01
54  -1.665169e+02  -1.685836e+01
55  -2.504543e+02  -3.769593e+01
56  -6.801467e+02  -7.370359e+01
57  -1.622333e+03  -9.393992e+01
58  -4.024449e+03  -1.842416e+02
59  -1.019405e+04  -2.513858e+02
60  -2.333571e+04  -3.122489e+02
61  -5.789890e+04  -4.320535e+02
62  -1.477391e+05  -3.747969e+02
63  -6.447057e+05  -1.168907e+03
ENDPROP
STARTPROP
MASSES:  4.500000e-02   4.500000e-02
SOURCE: GAM_21
SINKS: GAM_21
0  8.704032e+05  -1.226289e+03
1  -6.647642e+05  -5.128663e+02
2  -1.592887e+05  -5.273496e+02
3  -5.822204e+04  -3.883023e+02
4  -2.197648e+04  -5.984775e+01
5  -7.100495e+03  5.847374e+01
6  -1.581446e+03  1.578294e+01
7  -1.497556e+02  5.224032e+01
8  2.477370e+02  2.728278e+01
9  2.811638e+02  8.926966e+00
10  1.223360e+02  6.799256e+00
11  6.368389e+01  -8.345872e-01
12  6.960471e+01  4.885859e+00
13  2.110496e+01  4.257281e+00
14  -8.933462e-01  -1.885721e-01
15  1.137095e+01  -4.239517e-01
16  6.061092e+00  3.145642e-01
17  2.205177e+00  6.277274e-01
18  1.850699e+00  2.401413e-01
19  3.378006e+00  1.597307e-01
20  1.538209e+00  1.531848e-01
21  7.415674e-01  1.022024e-01
22  2.606884e-01  6.607233e-02
23  3.016787e-03  6.203307e-02
24  -7.670047e-02  3.151258e-02
25  -8.877764e-03  8.602538e-03
26  -4.852036e-02  5.645566e-03
27  -5.315143e-02  6.912057e-03
28  -3.582185e-02  5.688524e-03
29  -2.020915e-02  1.131059e-03
30  -6.842331e-03  4.540259e-05
31  -5.143862e-03  -7.968966e-04
32  -4.412049e-03  -7.951157e-04
33  4.065280e-03  6.370061e-04
34  2.504268e-03  1.644836e-03
35  -7.292183e-03  2.578835e-03
36  -3.299100e-02  3.917037e-03
37  -4.992547e-02  7.428270e-03
38  -6.764595e-02  1.540747e-02
39  -1.024919e-01  2.373398e-02
40  -1.701627e-01  2.678751e-02
41  -3.804460e-01  4.722121e-03
42  -7.272095e-01  -2.936007e-02
43  -6.314394e-01  -3.931632e-02
44  -1.073907e+00  -1.785575e-02
45  -8.126653e-01  1.899322e-01
46  -2.422463e+00  4.205792e-01
47  -2.537335e+00  1.104390e+00
48  -3.661331e+00  1.562150e+00
49  -9.223775e+00  1.035949e+00
50  -1.179954e+01  1.293926e+00
51  -3.215764e+01  -2.867660e+00
52  -6.167158e+01  -1.023894e+01
53  -1.349234e+02  -1.870761e+01
54  -1.665169e+02  -1.685836e+01
55  -2.504543e+02  -3.769593e+01
56  -6.801467e+02  -7.370359e+01
57  -1.622333e+03  -9.393992e+01
58  -4.024449e+03  -1.842416e+02
59  -1.019405e+04  -2.513858e+02
60  -2.333571e+04  -3.122489e+02
61  -5.789890e+04  -4.320535e+02
62  -1.477391e+05  -3.747969e+02
63  -6.447057e+05  -1.168907e+03
ENDPROP
STARTPROP
MASSES:  4.500000e-02   4.500000e-02
SOURCE: GAM_13
SINKS: GAM_13
0  8.911971e+05  1.484559e+02
1  -6.388853e+05  1.559020e+02
2  -1.446426e+05  4.330771e+02
3  -5.541194e+04  3.041655e+02
4  -2.043358e+04  2.625485e+02
5  -6.079991e+03  2.052708e+02
6  -1.650121e+03  1.000288e+02
7  -4.153932e+02  1.982482e+01
8  2.185805e+02  -9.471762e+00
9  2.196523e+02  -2.214279e+01
10  1.539479e+02  -2.641364e+01
11  1.981573e+01  -2.219675e+01
12  1.328628e+01  -1.280003e+01
13  1.805622e+01  -7.448907e+00
14  1.906629e+00  -5.207505e+00
15  -3.179196e+00  -5.326156e-01
16  4.563699e-01  4.392456e-01
17  -2.095234e+00  4.928558e-01
18  -6.490670e-01  -3.331119e-03
19  -4.253773e-01  -2.502198e-01
20  -2.823384e-01  -1.283954e-01
21  6.488468e-02  -3.313377e-02
22  2.480291e-01  -3.319718e-02
23  3.357065e-01  -8.697521e-03
24  2.214718e-01  1.549234e-02
25  1.474859e-01  4.119188e-03
26  9.915796e-02  -2.606856e-03
27  4.664910e-02  2.458115e-03
28  1.039565e-02  1.597089e-03
29  2.229298e-03  1.224902e-03
30  -6.944043e-04  -3.129453e-04
31  1.719750e-05  -6.865086e-04
32  6.193383e-04  1.420296e-04
33  1.319466e-03  1.774312e-03
34  9.237018e-03  2.588846e-03
35  1.749956e-02  4.109008e-03
36  2.277540e-02  1.850819e-03
37  5.433181e-03  2.476843e-03
38  -4.849495e-02  8.257877e-03
39  -8.976683e-02  1.525028e-02
40  -1.082251e-01  1.482781e-02
41  -2.293536e-01  6.017058e-02
42  -9.276782e-02  6.391012e-02
43  2.486441e-01  8.841182e-02
44  6.738918e-01  1.845163e-01
45  1.194875e+00  1.655283e-01
46  1.528872e+00  4.197041e-01
47  4.443863e+00  6.823793e-01
48  4.081947e+00  1.204612e+00
49  -5.313379e+00  2.193276e+00
50  -2.570865e+01  3.999479e+00
51  -2.906651e+01  9.293286e+00
52  -7.514043e+00  1.818695e+01
53  2.207238e+01  2.732420e+01
54  -2.408532e+01  3.030009e+01
55  -9.008374e+01  3.450893e+01
56  -2.832285e+02  5.667542e+01
57  -1.137776e+03  9.953130e+01
58  -3.021514e+03  4.416960e+01
59  -6.671151e+03  -1.300708e+02
60  -1.910320e+04  -1.133919e+02
61  -5.480284e+04  -6.459779e+01
62  -1.485725e+05  2.130743e+02
63  -6.493824e+05  4.126868e+02
ENDPROP
STARTPROP
MASSES:  4.500000e-02   4.500000e-02
SOURCE: GAM_31
SINKS: GAM_31
0  8.911971e+05  1.484559e+02
1  -6.388853e+05  1.559020e+02
2  -1.446426e+05  4.330771e+02
3  -5.541194e+04  3.041655e+02
4  -2.043358e+04  2.625485e+02
5  -6.079991e+03  2.052708e+02
6  -1.650121e+03  1.000288e+02
7  -4.153932e+02  1.982482e+01
8  2.185805e+02  -9.471762e+00
9  2.196523e+02  -2.214279e+01
10  1.539479e+02  -2.641364e+01
11  1.981573e+01  -2.219675e+01
12  1.328628e+01  -1.280003e+01
13  1.805622e+01  -7.448907e+00
14  1.906629e+00  -5.207505e+00
15  -3.179196e+00  -5.326156e-01
16  4.563699e-01  4.392456e-01
17  -2.095234e+00  4.928558e-01
18  -6.490670e-01  -3.331119e-03
19  -4.253773e-01  -2.502198e-01
20  -2.823384e-01  -1.283954e-01
21  6.488468e-02  -3.313377e-02
22  2.480291e-01  -3.319718e-02
23  3.357065e-01  -8.697521e-03
24  2.214718e-01  1.549234e-02
25  1.474859e-01  4.119188e-03
26  9.915796e-02  -2.606856e-03
27  4.664910e-02  2.458115e-03
28  1.039565e-02  1.597089e-03
29  2.229298e-03  1.224902e-03
30  -6.944043e-04  -3.129453e-04
31  1.719750e-05  -6.865086e-04
32  6.193383e-04  1.420296e-04
33  1.319466e-03  1.774312e-03
34  9.237018e-03  2.588846e-03
35  1.749956e-02  4.109008e-03
36  2.277540e-02  1.850819e-03
37  5.433181e-03  2.476843e-03
38  -4.849495e-02  8.257877e-03
39  -8.976683e-02  1.525028e-02
40  -1.082251e-01  1.482781e-02
41  -2.293536e-01  6.017058e-02
42  -9.276782e-02  6.391012e-02
43  2.486441e-01  8.841182e-02
44  6.738918e-01  1.845163e-01
45  1.194875e+00  1.655283e-01
46  1.528872e+00  4.197041e-01
47  4.443863e+00  6.823793e-01
48  4.081947e+00  1.204612e+00
49  -5.313379e+00  2.193276e+00
50  -2.570865e+01  3.999479e+00
51  -2.906651e+01  9.293286e+00
52  -7.514043e+00  1.818695e+01
53  2.207238e+01  2.732420e+01
54  -2.408532e+01  3.030009e+01
55  -9.008374e+01  3.450893e+01
56  -2.832285e+02  5.667542e+01
57  -1.137776e+03  9.953130e+01
58  -3.021514e+03  4.416960e+01
59  -6.671151e+03  -1.300708e+02
60  -1.910320e+04  -1.133919e+02
61  -5.480284e+04  -6.459779e+01
62  -1.485725e+05  2.130743e+02
63  -6.493824e+05  4.126868e+02
ENDPROP
STARTPROP
MASSES:  4.500000e-02   4.500000e-02
SOURCE: GAM_14
SINKS: GAM_14
0  1.497914e+05  -1.475530e+03
1  1.371555e+06  -8.225138e+02
2  5.478096e+05  -3.888634e+02
3  2.758953e+05  -8.557229e+01
4  1.390313e+05  -1.095141e+02
5  6.956895e+04  -1.913322e+02
6  3.401154e+04  -1.342374e+02
7  1.741729e+04  -6.281334e+01
8  8.502523e+03  -6.289563e+01
9  3.902426e+03  -4.930139e+01
10  1.743739e+03  -2.264506e+01
11  7.552268e+02  -6.759818e+00
12  2.957517e+02  1.070083e+00
13  1.492774e+02  2.314280e+00
14  7.770049e+01  3.409168e+00
15  3.530238e+01  1.963000e+00
16  1.654101e+01  7.548475e-01
17  6.147368e+00  9.048005e-01
18  2.074276e+00  8.349600e-01
19  -1.920849e-01  4.033427e-01
20  1.608232e-01  4.983042e-02
21  4.515505e-01  2.500552e-02
22  4.132526e-01  4.545629e-02
23  2.486636e-01  2.783918e-02
24  3.879142e-03  7.585613e-03
25  -3.626877e-02  -2.288169e-03
26  -8.860796e-03  -4.925215e-03
27  8.550894e-03  2.800289e-03
28  8.995475e-03  4.615212e-03
29  7.712750e-03  3.210904e-03
30  1.329811e-02  2.317299e-03
31  1.582242e-02  1.401868e-03
32  1.401259e-02  1.640062e-04
33  1.427376e-02  -4.108814e-04
34  2.345794e-02  -3.437858e-03
35  3.514195e-02  -7.403432e-03
36  5.286292e-02  -9.039911e-03
37  7.326391e-02  -1.299911e-02
38  1.399245e-01  -2.024498e-02
39  1.790720e-01  -3.685667e-02
40  1.477885e-01  -8.961121e-02
41  -1.160797e-01  -1.316349e-01
42  -4.923121e-01  -1.526994e-01
43  -7.169803e-01  -8.300436e-02
44  -7.236619e-01  -6.368085e-02
45  -1.384130e+00  -9.722399e-02
46  -1.272630e+00  -5.308787e-03
47  -6.353226e+00  -2.938332e-01
48  -1.230157e+01  -3.380121e-01
49  -8.922194e+00  -1.751064e+00
50  1.711009e+01  -2.283316e+00
51  9.738358e+01  -6.382969e+00
52  2.017605e+02  -1.078838e+01
53  3.847468e+02  -1.472786e+01
54  1.108014e+03  -1.819239e+01
55  2.471250e+03  -4.664365e+01
56  5.860486e+03  -5.276048e+01
57  1.299687e+04  -9.997294e+01
58  2.659786e+04  -1.909958e+02
59  5.899376e+04  -4.118370e+02
60  1.242547e+05  -4.785336e+02
61  2.625369e+05  -5.535630e+02
62  5.408905e+05  -1.165580e+02
63  1.361177e+06  -4.987406e+02
ENDPROP
STARTPROP
MASSES:  4.500000e-02   4.500000e-02
SOURCE: GAM_41
SINKS: GAM_41
0  1.497914e+05  -1.475530e+03
1  1.371555e+06  -8.225138e+02
2  5.478096e+05  -3.888634e+02
3  2.758953e+05  -8.557229e+01
4  1.390313e+05  -1.095141e+02
5  6.956895e+04  -1.913322e+02
6  3.401154e+04  -1.342374e+02
7  1.741729e+04  -6.281334e+01
8  8.502523e+03  -6.289563e+01
9  3.902426e+03  -4.930139e+01
10  1.743739e+03  -2.264506e+01
11  7.552268e+02  -6.759818e+00
12  2.957517e+02  1.070083e+00
13  1.492774e+02  2.314280e+00
14  7.770049e+01  3.409168e+00
15  3.530238e+01  1.963000e+00
16  1.654101e+01  7.548475e-01
17  6.147368e+00  9.048005e-01
18  2.074276e+00  8.349600e-01
19  -1.920849e-01  4.033427e-01
20  1.608232e-01  4.983042e-02
21  4.515505e-01  2.500552e-02
22  4.132526e-01  4.545629e-02
23  2.486636e-01  2.783918e-02
24  3.879142e-03  7.585613e-03
25  -3.626877e-02  -2.288169e-03
26  -8.860796e-03  -4.925215e-03
27  8.550894e-03  2.800289e-03
28  8.995475e-03  4.615212e-03
29  7.712750e-03  3.210904e-03
30  1.329811e-02  2.317299e-03
31  1.582242e-02  1.401868e-03
32  1.401259e-02  1.640062e-04
33  1.427376e-02  -4.108814e-04
34  2.345794e-02  -3.437858e-03
35  3.514195e-02  -7.403432e-03
36  5.286292e-02  -9.039911e-03
37  7.326391e-02  -1.299911e-02
38  1.399245e-01  -2.024498e-02
39  1.790720e-01  -3.685667e-02
40  1.477885e-01  -8.961121e-02
41  -1.160797e-01  -1.316349e-01
42  -4.923121e-01  -1.526994e-01
43  -7.169803e-01  -8.300436e-02
44  -7.236619e-01  -6.368085e-02
45  -1.384130e+00  -9.722399e-02
46  -1.272630e+00  -5.308787e-03
47  -6.353226e+00  -2.938332e-01
48  -1.230157e+01  -3.380121e-01
49  -8.922194e+00  -1.751064e+00
50  1.711009e+01  -2.283316e+00
51  9.738358e+01  -6.382969e+00
52  2.017605e+02  -1.078838e+01
53  3.847468e+02  -1.472786e+01
54  1.108014e+03  -1.819239e+01
55  2.471250e+03  -4.664365e+01
56  5.860486e+03  -5.276048e+01
57  1.299687e+04  -9.997294e+01
58  2.659786e+04  -1.909958e+02
59  5.899376e+04  -4.118370e+02
60  1.242547e+05  -4.785336e+02
61  2.625369e+05  -5.535630e+02
62  5.408905e+05  -1.165580e+02
63  1.361177e+06  -4.987406e+02
ENDPROP
STARTPROP
MASSES:  4.500000e-02   4.500000e-02
SOURCE: GAM_23
SINKS: GAM_23
0  9.149982e+05  8.797853e+02
1  -6.212575e+05  1.033091e+02
2  -1.292487e+05  -3.029690e+02
3  -4.807545e+04  -4.067598e+02
4  -1.917934e+04  -3.372325e+01
5  -6.678509e+03  1.204112e+02
6  -2.778273e+03  9.722476e+01
7  -5.009240e+02  3.762126e+01
8  -1.965180e+00  -7.591463e+00
9  -8.158841e+01  -1.415962e+01
10  2.105313e+02  8.603425e+00
11  2.330272e+02  8.186064e+00
12  1.510031e+02  4.353585e+00
13  5.673294e+01  2.973967e+00
14  2.089957e+01  1.116392e+00
15  9.419113e-01  -7.666326e-01
16  -4.717625e+00  -8.308695e-01
17  -2.537993e+00  -3.097404e-01
18  -2.361456e-02  -6.097468e-01
19  -8.359210e-01  -2.604070e-01
20  -7.612012e-01  -1.132778e-01
21  -5.619360e-02  -5.135550e-02
22  1.343183e-01  -2.916746e-02
23  2.458329e-01  -1.263010e-02
24  2.063689e-01  -9.720645e-03
25  9.161941e-02  -1.004115e-02
26  1.475288e-02  -6.147087e-03
27  -1.773834e-02  -7.615310e-03
28  -1.228721e-02  -4.695785e-03
29  -9.457364e-03  -3.223484e-03
30  3.945677e-03  -1.558589e-03
31  5.492040e-03  -2.019463e-04
32  7.720770e-03  6.329307e-04
33  -9.685875e-04  2.957579e-04
34  -1.425393e-02  1.488071e-03
35  -4.131263e-02  5.083770e-03
36  -6.434742e-02  9.507348e-03
37  -8.067246e-02  1.034611e-02
38  -9.047177e-02  1.354016e-02
39  -1.195931e-01  8.272302e-03
40  -5.544012e-02  -5.035623e-03
41  1.843135e-01  -3.603418e-02
42  5.573719e-01  -6.552496e-02
43  9.198167e-01  -3.102129e-02
44  5.907320e-01  1.106007e-01
45  2.165275e-01  1.531122e-01
46  -1.880905e+00  -1.551703e-01
47  -5.837695e+00  -1.414469e-01
48  -1.159355e+01  6.314873e-01
49  -2.483688e+01  2.679162e+00
50  -4.562030e+01  2.907649e+00
51  -5.560442e+01  7.071734e+00
52  -3.879971e+01  9.850781e+00
53  -4.515904e+01  1.426337e+01
54  -1.223993e+02  1.441359e+01
55  -1.394079e+02  7.039967e+00
56  -2.361527e+02  -4.542248e+01
57  -6.263170e+02  -7.945521e+01
58  -2.478779e+03  -8.223646e+01
59  -7.434311e+03  -4.161936e+00
60  -2.062832e+04  1.441257e+02
61  -5.514739e+04  1.849465e+02
62  -1.395984e+05  -1.938712e+02
63  -6.230362e+05  4.292942e+02
ENDPROP
STARTPROP
MASSES:  4.500000e-02   4.500000e-02
SOURCE: GAM_32
SINKS: GAM_32
0  9.149982e+05  8.797853e+02
1  -6.212575e+05  1.033091e+02
2  -1.292487e+05  -3.029690e+02
3  -4.807545e+04  -4.067598e+02
4  -1.917934e+04  -3.372325e+01
5  -6.678509e+03  1.204112e+02
6  -2.778273e+03  9.722476e+01
7  -5.009240e+02  3.762126e+01
8  -1.965180e+00  -7.591463e+00
9  -8.158841e+01  -1.415962e+01
10  2.105313e+02  8.603425e+00
11  2.330272e+02  8.186064e+00
12  1.510031e+02  4.353585e+00
13  5.673294e+01  2.973967e+00
14  2.089957e+01  1.116392e+00
15  9.419113e-01  -7.666326e-01
16  -4.717625e+00  -8.308695e-01
17  -2.537993e+00  -3.097404e-01
18  -2.361456e-02  -6.097468e-01
19  -8.359210e-01  -2.604070e-01
20  -7.612012e-01  -1.132778e-01
21  -5.619360e-02  -5.135550e-02
22  1.343183e-01  -2.916746e-02
23  2.458329e-01  -1.263010e-02
24  2.063689e-01  -9.720645e-03
25  9.161941e-02  -1.004115e-02
26  1.475288e-02  -6.147087e-03
27  -1.773834e-02  -7.615310e-03
28  -1.228721e-02  -4.695785e-03
29  -9.457364e-03  -3.223484e-03
30  3.945677e-03  -1.558589e-03
31  5.492040e-03  -2.019463e-04
32  7.720770e-03  6.329307e-04
33  -9.685875e-04  2.957579e-04
34  -1.425393e-02  1.488071e-03
35  -4.131263e-02  5.083770e-03
36  -6.434742e-02  9.507348e-03
37  -8.067246e-02  1.034611e-02
38  -9.047177e-02  1.354016e-02
39  -1.195931e-01  8.272302e-03
40  -5.544012e-02  -5.035623e-03
41  1.843135e-01  -3.603418e-02
42  5.573719e-01  -6.552496e-02
43  9.198167e-01  -3.102129e-02
44  5.907320e-01  1.106007e-01
45  2.165275e-01  1.531122e-01
46  -1.880905e+00  -1.551703e-01
47  -5.837695e+00  -1.414469e-01
48  -1.159355e+01  6.314873e-01
49  -2.483688e+01  2.679162e+00
50  -4.562030e+01  2.907649e+00
51  -5.560442e+01  7.071734e+00
52  -3.879971e+01  9.850781e+00
53  -4.515904e+01  1.426337e+01
54  -1.223993e+02  1.441359e+01
55  -1.394079e+02  7.039967e+00
56  -2.361527e+02  -4.542248e+01
57  -6.263170e+02  -7.945521e+01
58  -2.478779e+03  -8.223646e+01
59  -7.434311e+03  -4.161936e+00
60  -2.062832e+04  1.441257e+02
61  -5.514739e+04  1.849465e+02
62  -1.395984e+05  -1.938712e+02
63  -6.230362e+05  4.292942e+02
ENDPROP
STARTPROP
MASSES:  4.500000e-02   4.500000e-02
SOURCE: GAM_24
SINKS: GAM_24
0  1.563869e+05  -7.432250e+02
1  1.379973e+06  1.117347e+02
2  5.563288e+05  1.025564e+02
3  2.790032e+05  1.987029e+02
4  1.376505e+05  2.986184e+02
5  6.897540e+04  2.382766e+02
6  3.304295e+04  1.775156e+02
7  1.528825e+04  1.243894e+02
8  7.164252e+03  8.822636e+01
9  3.438953e+03  6.598840e+01
10  1.637608e+03  2.532490e+01
11  7.360582e+02  1.864240e+01
12  3.654100e+02  -3.303074e-01
13  2.211294e+02  -2.132787e+00
14  1.245883e+02  -4.424962e+00
15  6.016862e+01  -1.437025e+00
16  2.658258e+01  1.726415e-01
17  9.884220e+00  -2.178597e-01
18  4.473963e+00  1.599131e-02
19  2.151286e+00  -9.267036e-02
20  1.283553e+00  -1.398646e-01
21  3.413223e-01  -1.333338e-01
22  5.485960e-01  -4.378513e-02
23  2.976796e-01  -4.886880e-03
24  5.867079e-02  5.358440e-03
25  1.219975e-01  4.735505e-03
26  7.522960e-02  8.496854e-03
27  1.473596e-02  4.006563e-03
28  -2.221019e-03  -4.326333e-04
29  2.142490e-03  2.446592e-03
30  1.039552e-02  1.845674e-03
31  1.678688e-02  7.001957e-04
32  2.533295e-02  2.619507e-04
33  2.819197e-02  6.768424e-05
34  3.426900e-02  -7.500721e-04
35  4.749720e-02  -2.749819e-03
36  4.677415e-02  -1.937080e-03
37  1.895338e-02  -4.267260e-03
38  1.655977e-02  -5.824219e-03
39  4.779206e-02  -6.579031e-03
40  1.905500e-01  2.606492e-03
41  1.604953e-01  -2.783593e-03
42  1.825122e-01  4.844803e-02
43  -3.454781e-01  1.212834e-02
44  -2.078886e+00  -1.083770e-01
45  -2.650080e+00  -2.450568e-01
46  -3.210934e+00  -3.883524e-01
47  -3.807468e+00  -1.133087e+00
48  -3.710504e+00  -1.607790e+00
49  -2.222064e+00  -1.550676e+00
50  3.092903e+01  -3.407699e+00
51  1.009029e+02  -3.029526e+00
52  2.691864e+02  -2.971377e+00
53  5.985249e+02  2.983458e+00
54  1.376020e+03  -6.731168e+00
55  2.903296e+03  -3.407751e+01
56  6.095890e+03  -8.513166e+01
57  1.248245e+04  -1.774076e+02
58  2.707320e+04  -2.638405e+02
59  5.815776e+04  -1.804494e+02
60  1.234726e+05  -1.910157e+02
61  2.589090e+05  -3.982709e+02
62  5.438686e+05  -4.543683e+02
63  1.366751e+06  -4.501756e+02
ENDPROP
STARTPROP
MASSES:  4.500000e-02   4.500000e-02
SOURCE: GAM_42
SINKS: GAM_42
0  1.563869e+05  -7.432250e+02
1  1.379973e+06  1.117347e+02
2  5.563288e+05  1.025564e+02
3  2.790032e+05  1.987029e+02
4  1.376505e+05  2.986184e+02
5  6.897540e+04  2.382766e+02
6  3.304295e+04  1.775156e+02
7  1.528825e+04  1.243894e+02
8  7.164252e+03  8.822636e+01
9  3.438953e+03  6.598840e+01
10  1.637608e+03  2.532490e+01
11  7.360582e+02  1.864240e+01
12  3.654100e+02  -3.303074e-01
13  2.211294e+02  -2.132787e+00
14  1.245883e+02  -4.424962e+00
15  6.016862e+01  -1.437025e+00
16  2.658258e+01  1.726415e-01
17  9.884220e+00  -2.178597e-01
18  4.473963e+00  1.599131e-02
19  2.151286e+00  -9.267036e-02
20  1.283553e+00  -1.398646e-01
21  3.413223e-01  -1.333338e-01
22  5.485960e-01  -4.378513e-02
23  2.976796e-01  -4.886880e-03
24  5.867079e-02  5.358440e-03
25  1.219975e-01  4.735505e-03
26  7.522960e-02  8.496854e-03
27  1.473596e-02  4.006563e-03
28  -2.221019e-03  -4.326333e-04
29  2.142490e-03  2.446592e-03
30  1.039552e-02  1.845674e-03
31  1.678688e-02  7.001957e-04
32  2.533295e-02  2.619507e-04
33  2.819197e-02  6.768424e-05
34  3.426900e-02  -7.500721e-04
35  4.749720e-02  -2.749819e-03
36  4.677415e-02  -1.937080e-03
37  1.895338e-02  -4.267260e-03
38  1.655977e-02  -5.824219e-03
39  4.779206e-02  -6.579031e-03
40  1.905500e-01  2.606492e-03
41  1.604953e-01  -2.783593e-03
42  1.825122e-01  4.844803e-02
43  -3.454781e-01  1.212834e-02
44  -2.078886e+00  -1.083770e-01
45  -2.650080e+00  -2.450568e-01
46  -3.210934e+00  -3.883524e-01
47  -3.807468e+00  -1.133087e+00
48  -3.710504e+00  -1.607790e+00
49  -2.222064e+00  -1.550676e+00
50  3.092903e+01  -3.407699e+00
51  1.009029e+02  -3.029526e+00
52  2.691864e+02  -2.971377e+00
53  5.985249e+02  2.983458e+00
54  1.376020e+03  -6.731168e+00
55  2.903296e+03  -3.407751e+01
56  6.095890e+03  -8.513166e+01
57  1.248245e+04  -1.774076e+02
58  2.707320e+04  -2.638405e+02
59  5.815776e+04  -1.804494e+02
60  1.234726e+05  -1.910157e+02
61  2.589090e+05  -3.982709e+02
62  5.438686e+05  -4.543683e+02
63  1.366751e+06  -4.501756e+02
ENDPROP
STARTPROP
MASSES:  4.500000e-02   4.500000e-02
SOURCE: GAM_34
SINKS: GAM_34
0  1.529255e+05  1.045536e+02
1  1.377174e+06  -1.947066e+02
2  5.498881e+05  -2.589244e+02
3  2.713889e+05  -1.415946e+02
4  1.322724e+05  6.963995e+01
5  6.499014e+04  1.137139e+02
6  3.087254e+04  1.659586e+02
7  1.579210e+04  1.624408e+02
8  8.404000e+03  1.057469e+02
9  4.037524e+03  5.750790e+01
10  1.917010e+03  2.008472e+01
11  8.716158e+02  2.064753e+01
12  3.341208e+02  1.022006e+01
13  8.293386e+01  7.480471e+00
14  -4.703767e+00  6.228379e+00
15  -8.391590e+00  4.898538e+00
16  1.064352e+00  2.854657e+00
17  7.582342e-01  1.101788e+00
18  2.071657e+00  4.042921e-01
19  8.772635e-01  8.688561e-02
20  -6.860259e-01  1.755204e-01
21  -1.286791e+00  1.516162e-01
22  -9.783051e-01  1.100536e-01
23  -4.135458e-01  7.375105e-02
24  -1.934611e-01  4.029153e-02
25  -2.198497e-01  2.186772e-02
26  -1.503490e-01  8.444011e-03
27  -9.362879e-02  3.509668e-03
28  -3.895797e-02  6.788303e-03
29  -1.628947e-02  2.984798e-03
30  -9.926853e-03  7.735911e-04
31  -1.234564e-02  2.028878e-06
32  -8.021413e-03  -9.881348e-04
33  -6.984342e-03  -3.045539e-03
34  -1.187909e-02  -5.748022e-03
35  -5.779968e-03  -7.783171e-03
36  -1.389923e-02  -5.476201e-03
37  7.234914e-03  -2.942441e-03
38  5.760952e-02  -3.521906e-03
39  2.453960e-01  1.638489e-02
40  3.942703e-01  3.479167e-02
41  6.386053e-01  6.585492e-02
42  1.336010e+00  1.447991e-01
43  2.626256e+00  3.840052e-01
44  4.984888e+00  6.267230e-01
45  7.700586e+00  9.093338e-01
46  6.635523e+00  1.053781e+00
47  3.667445e-01  1.634358e+00
48  -6.053625e+00  2.961755e+00
49  -1.255033e+01  2.511156e+00
50  8.328710e+00  1.144439e+00
51  2.700282e+01  2.420349e+00
52  1.229928e+02  1.898137e+00
53  3.260581e+02  -6.254845e+00
54  9.386986e+02  -1.760369e+01
55  2.004405e+03  -1.672042e+01
56  4.446956e+03  -3.951390e+01
57  1.002545e+04  -1.570861e+00
58  2.364820e+04  1.553417e+02
59  5.164762e+04  1.914745e+02
60  1.153941e+05  2.138838e+02
61  2.551889e+05  1.523559e+02
62  5.392481e+05  -1.475496e+01
63  1.357158e+06  5.515234e+02
ENDPROP
STARTPROP
MASSES:  4.500000e-02   4.500000e-02
SOURCE: GAM_43
SINKS: GAM_43
0  1.529255e+05  1.045536e+02
1  1.377174e+06  -1.947066e+02
2  5.498881e+05  -2.589244e+02
3  2.713889e+05  -1.415946e+02
4  1.322724e+05  6.963995e+01
5  6.499014e+04  1.137139e+02
6  3.087254e+04  1.659586e+02
7  1.579210e+04  1.624408e+02
8  8.404000e+03  1.057469e+02
9  4.037524e+03  5.750790e+01
10  1.917010e+03  2.008472e+01
11  8.716158e+02  2.064753e+01
12  3.341208e+02  1.022006e+01
13  8.293386e+01  7.480471e+00
14  -4.703767e+00  6.228379e+00
15  -8.391590e+00  4.898538e+00
16  1.064352e+00  2.854657e+00
17  7.582342e-01  1.101788e+00
18  2.071657e+00  4.042921e-01
19  8.772635e-01  8.688561e-02
20  -6.860259e-01  1.755204e-01
21  -1.286791e+00  1.516162e-01
22  -9.783051e-01  1.100536e-01
23  -4.135458e-01  7.375105e-02
24  -1.934611e-01  4.029153e-02
25  -2.198497e-01  2.186772e-02
26  -1.503490e-01  8.444011e-03
27  -9.362879e-02  3.509668e-03
28  -3.895797e-02  6.788303e-03
29  -1.628947e-02  2.984798e-03
30  -9.926853e-03  7.735911e-04
31  -1.234564e-02  2.028878e-06
32  -8.021413e-03  -9.881348e-04
33  -6.984342e-03  -3.045539e-03
34  -1.187909e-02  -5.748022e-03
35  -5.779968e-03  -7.783171e-03
36  -1.389923e-02  -5.476201e-03
37  7.234914e-03  -2.942441e-03
38  5.760952e-02  -3.521906e-03
39  2.453960e-01  1.638489e-02
40  3.942703e-01  3.479167e-02
41  6.386053e-01  6.585492e-02
42  1.336010e+00  1.447991e-01
43  2.626256e+00  3.840052e-01
44  4.984888e+00  6.267230e-01
45  7.700586e+00  9.093338e-01
46  6.635523e+00  1.053781e+00
47  3.667445e-01  1.634358e+00
48  -6.053625e+00  2.961755e+00
49  -1.255033e+01  2.511156e+00
50  8.328710e+00  1.144439e+00
51  2.700282e+01  2.420349e+00
52  1.229928e+02  1.898137e+00
53  3.260581e+02  -6.254845e+00
54  9.386986e+02  -1.760369e+01
55  2.004405e+03  -1.672042e+01
56  4.446956e+03  -3.951390e+01
57  1.002545e+04  -1.570861e+00
58  2.364820e+04  1.553417e+02
59  5.164762e+04  1.914745e+02
60  1.153941e+05  2.138838e+02
61  2.551889e+05  1.523559e+02
62  5.392481e+05  -1.475496e+01
63  1.357158e+06  5.515234e+02
ENDPROP
STARTPROP
MASSES:  4.500000e-02   4.500000e-02
SOURCE: GAM_15
SINKS: GAM_15
0  9.480985e+04  -1.344279e+03
1  -9.256718e+05  -9.747704e+02
2  -2.776261e+05  -3.170225e+02
3  -1.095114e+05  -5.301097e+02
4  -4.013445e+04  1.730098e+02
5  -1.441898e+04  2.480789e+02
6  -4.973590e+03  2.025644e+02
7  -1.227189e+03  2.358492e+01
8  -1.701526e+02  -5.707024e+01
9  6.282132e+01  -4.187349e+01
10  1.472472e+02  -1.004456e+01
11  4.623748e+01  -1.051850e+01
12  4.217176e+01  -1.859233e+01
13  7.213539e+01  -1.304230e+01
14  5.060120e+01  -7.727591e+00
15  2.263946e+01  -4.326527e+00
16  6.569713e+00  -2.384134e+00
17  -4.446224e-01  -5.355489e-01
18  -9.171714e-01  2.571591e-01
19  -1.210087e+00  8.286884e-03
20  3.140840e-01  3.988286e-02
21  7.927890e-01  1.680182e-01
22  4.299986e-01  1.384300e-01
23  1.432201e-01  4.740654e-02
24  -2.399475e-02  9.735057e-03
25  2.605779e-02  8.767856e-03
26  6.130258e-02  4.498852e-03
27  5.302690e-02  3.576825e-03
28  3.965112e-02  4.583732e-03
29  2.586171e-02  2.867088e-03
30  8.053057e-03  9.771920e-04
31  2.245542e-05  1.894543e-04
32  -1.574550e-03  -1.399709e-04
33  -1.140620e-02  5.770343e-04
34  -2.171707e-02  2.585847e-03
35  -3.915871e-02  4.348206e-03
36  -6.541990e-02  5.010619e-03
37  -9.320749e-02  4.449140e-03
38  -8.301082e-02  4.670468e-03
39  -4.807397e-02  -1.766170e-03
40  -1.369874e-01  -3.137531e-02
41  -3.393588e-01  -7.648303e-02
42  -5.104115e-01  -1.565257e-01
43  -5.294642e-01  -2.757446e-01
44  -7.019445e-01  -3.823404e-01
45  -2.543167e+00  -3.778913e-01
46  -9.508357e+00  -2.025263e-01
47  -1.838943e+01  -2.463186e-01
48  -2.270586e+01  -5.611470e-01
49  -3.289485e+01  5.536667e-01
50  -4.954456e+01  4.207352e+00
51  -1.315022e+01  5.605071e+00
52  7.071716e+01  4.718739e+00
53  5.876667e+01  9.322088e+00
54  7.341478e+01  1.616843e+01
55  -1.095062e+02  6.359287e+00
56  -3.528162e+02  3.008399e+01
57  -1.267150e+03  1.287556e+02
58  -3.295521e+03  1.632489e+02
59  -1.100412e+04  1.520707e+02
60  -3.560125e+04  1.106815e+01
61  -9.467098e+04  -1.569230e+02
62  -2.486476e+05  3.215870e+02
63  -8.919562e+05  -1.166521e+02
ENDPROP
STARTPROP
MASSES:  4.500000e-02   4.500000e-02
SOURCE: GAM_25
SINKS: GAM_25
0  9.887900e+04  1.147020e+02
1  -9.060419e+05  1.046239e+03
2  -2.556940e+05  7.674351e+02
3  -9.662326e+04  1.274879e+02
4  -3.596095e+04  3.097016e+02
5  -1.380848e+04  4.132605e+02
6  -5.554017e+03  2.459506e+02
7  -2.427383e+03  1.236259e+02
8  -1.308502e+03  8.323321e+01
9  -5.309829e+02  5.293305e+01
10  -7.008498e+01  2.592136e+01
11  2.571264e+01  1.380597e+01
12  -1.137114e+01  8.900677e+00
13  -2.250449e+01  4.117222e+00
14  -4.032299e+00  1.423167e+00
15  -5.590164e+00  2.487569e-01
16  -1.330020e+01  2.527174e-01
17  -3.223124e+00  9.551140e-01
18  5.162894e+00  5.893525e-01
19  4.757981e+00  6.860640e-02
20  2.430864e+00  7.205856e-02
21  5.471174e-01  -6.874206e-03
22  1.944102e-01  -5.386830e-02
23  2.043070e-01  -3.691675e-02
24  7.850218e-02  -2.567901e-02
25  -3.438037e-02  -1.399176e-02
26  9.101943e-03  -5.884080e-03
27  8.101388e-03  -2.077561e-03
28  4.156234e-03  -2.814743e-03
29  1.113240e-02  -3.257427e-03
30  9.116295e-03  -1.606957e-03
31  1.248574e-02  -9.927915e-04
32  1.078165e-02  4.277416e-04
33  8.618029e-03  2.253531e-03
34  2.113951e-02  4.573564e-03
35  2.668648e-02  9.191147e-03
36  2.771846e-02  1.345858e-02
37  1.243800e-02  2.035246e-02
38  1.333444e-02  2.695381e-02
39  5.079968e-02  1.911728e-02
40  5.206255e-03  -6.005327e-03
41  -6.364123e-02  -2.100199e-02
42  1.378648e-01  -7.336201e-02
43  5.823762e-01  -1.035415e-01
44  1.302993e+00  8.942144e-02
45  3.935498e+00  2.540802e-01
46  8.333372e+00  1.776229e-01
47  1.459731e+01  -2.158480e-01
48  1.901072e+01  4.235923e-01
49  2.188241e+01  2.129802e+00
50  4.969889e+01  -7.465758e-01
51  7.689134e+01  -2.187199e+00
52  3.122835e+01  -1.974579e+00
53  1.941123e+01  1.205990e+00
54  1.605745e+01  9.621268e+00
55  -1.605800e+02  5.794998e+01
56  -8.110483e+02  1.069134e+02
57  -1.979173e+03  1.303648e+02
58  -5.693842e+03  1.233328e+02
59  -1.584012e+04  1.529663e+02
60  -4.001544e+04  1.956899e+02
61  -1.018159e+05  3.148972e+02
62  -2.579469e+05  2.209913e+02
63  -8.953704e+05  4.698662e+01
ENDPROP
STARTPROP
MASSES:  4.500000e-02   4.500000e-02
SOURCE: GAM_35
SINKS: GAM_35
0  8.333257e+04  3.140405e+02
1  -9.130062e+05  -1.337518e+01
2  -2.598751e+05  -2.137924e+02
3  -9.781229e+04  -5.077257e+02
4  -3.910078e+04  -3.233509e+02
5  -1.553686e+04  -1.743004e+02
6  -6.350088e+03  4.594805e+01
7  -2.846390e+03  9.570340e+01
8  -9.254065e+02  6.467469e+01
9  -3.086947e+02  1.393156e+01
10  2.951779e+01  6.812919e+00
11  3.170169e+01  -7.480451e+00
12  2.200127e+01  -7.101410e+00
13  4.322373e+01  8.119996e-01
14  4.052717e+01  3.522871e+00
15  1.828140e+01  1.770581e+00
16  4.239599e+00  6.634600e-01
17  -3.084553e+00  -1.874202e-01
18  -6.939248e+00  -1.556415e-01
19  -5.162092e+00  1.953379e-02
20  -2.329977e+00  4.173689e-02
21  -8.033663e-01  4.272199e-02
22  -3.652121e-01  5.370294e-02
23  -2.002570e-01  2.142250e-02
24  -9.218147e-02  -6.076778e-03
25  -5.204104e-02  -1.213294e-02
26  -1.109544e-02  -7.466550e-03
27  -1.696718e-02  3.464645e-03
28  -1.846726e-02  1.221033e-03
29  -4.269610e-03  -2.061419e-03
30  6.546082e-03  -2.516038e-03
31  9.297717e-03  -1.768291e-03
32  1.331748e-02  -1.404834e-03
33  1.896804e-02  -1.188565e-03
34  2.000250e-02  -1.820448e-03
35  2.073867e-02  -4.699698e-03
36  1.621172e-02  -1.115057e-02
37  3.827577e-02  -2.066522e-02
38  2.039158e-02  -3.607910e-02
39  7.621950e-02  -6.095838e-02
40  1.487763e-01  -9.229321e-02
41  6.757043e-02  -1.281087e-01
42  1.136671e-01  -1.375485e-01
43  3.735197e-01  -1.394990e-01
44  9.184280e-01  -2.427031e-01
45  2.021067e+00  -2.141126e-01
46  5.081948e+00  3.240221e-01
47  7.868364e+00  6.174278e-01
48  1.977420e+01  1.881870e+00
49  2.033431e+01  2.380919e+00
50  3.713010e+00  2.385125e+00
51  -1.595377e+00  5.718685e-01
52  4.429526e+01  -1.008663e+01
53  1.325189e+02  -2.774178e+01
54  2.781645e+02  -5.497491e+01
55  2.531802e+02  -6.592261e+01
56  5.374585e+01  -8.885542e+01
57  -1.504919e+03  -1.476832e+02
58  -5.902912e+03  -1.417696e+02
59  -1.625218e+04  3.474849e+01
60  -4.078879e+04  2.658739e+02
61  -1.113017e+05  4.225794e+02
62  -2.823173e+05  6.216826e+02
63  -9.302760e+05  8.043158e+02
ENDPROP
STARTPROP
MASSES:  4.500000e-02   4.500000e-02
SOURCE: GAM_45
SINKS: GAM_45
0  -1.018384e+06  2.661544e+01
1  1.102613e+06  -3.693801e+01
2  5.227075e+05  -2.719132e+02
3  3.330694e+05  -1.502309e+02
4  2.068174e+05  1.285307e+02
5  1.274974e+05  2.477307e+02
6  7.779488e+04  1.005538e+02
7  4.752569e+04  8.665637e+01
8  2.893025e+04  9.119725e+01
9  1.738131e+04  8.822976e+01
10  1.033942e+04  5.102392e+01
11  6.228827e+03  3.163077e+01
12  3.746098e+03  7.980301e+00
13  2.260409e+03  9.827018e+00
14  1.359923e+03  8.008217e+00
15  8.393638e+02  5.339887e+00
16  5.061323e+02  4.485254e+00
17  3.064891e+02  3.215277e+00
18  1.854994e+02  2.596869e+00
19  1.144612e+02  1.574456e+00
20  7.085794e+01  9.771315e-01
21  4.366395e+01  7.030357e-01
22  2.693868e+01  5.299166e-01
23  1.670386e+01  3.176788e-01
24  1.030487e+01  2.137851e-01
25  6.226266e+00  1.384771e-01
26  3.751991e+00  8.472208e-02
27  2.351028e+00  5.578204e-02
28  1.424321e+00  3.360372e-02
29  8.942452e-01  1.897660e-02
30  5.830232e-01  1.163706e-02
31  4.238030e-01  5.998361e-03
32  3.768545e-01  2.293508e-03
33  4.371502e-01  -2.108769e-03
34  6.056218e-01  -7.413224e-03
35  9.515543e-01  -1.598339e-02
36  1.521516e+00  -2.423441e-02
37  2.394005e+00  -3.770286e-02
38  3.865780e+00  -6.059663e-02
39  6.187345e+00  -1.130630e-01
40  1.009124e+01  -1.661933e-01
41  1.624183e+01  -2.698013e-01
42  2.683222e+01  -3.712309e-01
43  4.484643e+01  -5.857480e-01
44  7.309534e+01  -1.023113e+00
45  1.199148e+02  -1.658276e+00
46  1.950478e+02  -2.183114e+00
47  3.185396e+02  -2.943427e+00
48  5.214411e+02  -3.218399e+00
49  8.651637e+02  -5.488829e+00
50  1.424962e+03  -9.091041e+00
51  2.344175e+03  -1.177766e+01
52  3.814810e+03  -1.930325e+01
53  6.219824e+03  -1.483031e+01
54  1.016209e+04  -6.630165e+00
55  1.670470e+04  -1.226160e+00
56  2.724308e+04  -5.280385e+01
57  4.472617e+04  -1.423300e+02
58  7.354115e+04  -2.832343e+02
59  1.198328e+05  -3.633872e+02
60  1.973332e+05  -3.762668e+02
61  3.234951e+05  -3.940349e+02
62  5.236443e+05  -6.138072e+02
63  1.096354e+06  1.052025e+02
ENDPROP
STARTPROP
MASSES:  4.500000e-02   4.500000e-02
SOURCE: PSAX4
SINKS: GAM_4
0  7.500560e+03  -1.948918e+03
1  1.681115e+06  -2.184637e+01
2  9.187575e+05  5.415731e+02
3  5.716075e+05  4.024470e+02
4  3.495664e+05  4.552002e+02
5  2.128684e+05  4.570131e+02
6  1.299740e+05  2.210219e+02
7  7.895505e+04  1.667835e+02
8  4.817760e+04  1.548256e+02
9  2.894852e+04  1.279543e+02
10  1.728386e+04  5.979070e+01
11  1.046944e+04  3.335990e+01
12  6.287191e+03  8.390205e+00
13  3.803968e+03  1.138462e+01
14  2.295940e+03  8.906113e+00
15  1.416222e+03  4.643064e+00
16  8.583978e+02  4.360955e+00
17  5.225965e+02  3.121393e+00
18  3.149974e+02  2.564693e+00
19  1.931443e+02  1.516862e+00
20  1.178037e+02  9.104579e-01
21  7.251057e+01  6.772994e-01
22  4.424237e+01  4.986986e-01
23  2.721822e+01  2.600740e-01
24  1.665800e+01  1.705692e-01
25  1.004953e+01  1.129802e-01
26  6.061457e+00  6.691340e-02
27  3.765575e+00  4.401086e-02
28  2.253955e+00  2.789974e-02
29  1.336371e+00  1.681396e-02
30  7.393750e-01  1.196955e-02
31  3.260277e-01  9.126148e-03
32  -3.581489e-03  7.184648e-03
33  -3.443997e-01  7.960686e-03
34  -7.612749e-01  9.867116e-03
35  -1.396192e+00  1.655788e-02
36  -2.360807e+00  2.119203e-02
37  -3.825345e+00  3.090020e-02
38  -6.255959e+00  4.849580e-02
39  -1.016876e+01  9.304904e-02
40  -1.672906e+01  1.309937e-01
41  -2.704338e+01  2.217720e-01
42  -4.489767e+01  3.108177e-01
43  -7.490719e+01  4.194146e-01
44  -1.230448e+02  7.798731e-01
45  -2.026131e+02  1.439512e+00
46  -3.309447e+02  1.988197e+00
47  -5.447932e+02  2.143341e+00
48  -8.911285e+02  1.305786e+00
49  -1.472402e+03  2.618842e+00
50  -2.425729e+03  6.013203e+00
51  -4.001490e+03  6.345111e+00
52  -6.511027e+03  6.781125e+00
53  -1.064363e+04  -1.707477e+01
54  -1.755870e+04  -4.409930e+01
55  -2.885912e+04  -6.098324e+01
56  -4.711488e+04  -1.158162e+01
57  -7.767447e+04  4.846438e+01
58  -1.272418e+05  9.557787e+01
59  -2.085797e+05  1.742413e+02
60  -3.422936e+05  3.861064e+00
61  -5.621443e+05  -2.374071e+02
62  -9.199810e+05  -8.065953e+01
63  -1.668133e+06  -1.023533e+03
ENDPROP
STARTPROP
MASSES:  4.500000e-02   4.500000e-02
SOURCE: WWPSAX4
SINKS: GAM_4
0  -1.204376e+08  -1.113309e+07
1  1.193487e+09  1.415554e+06
2  4.000300e+08  2.017714e+05
3  3.786402e+08  -9.865638e+05
4  2.392206e+08  3.622639e+05
5  9.036555e+07  -7.329754e+05
6  6.228436e+07  -5.884615e+05
7  3.366800e+07  4.803463e+05
8  2.266377e+07  1.657688e+05
9  1.180808e+07  -1.097723e+05
10  1.037583e+07  1.607971e+05
11  4.793541e+06  -7.169587e+04
12  3.225259e+06  -8.190443e+04
13  1.765883e+06  1.121932e+04
14  1.343006e+06  2.956455e+04
15  5.863739e+05  -1.879028e+04
16  4.374631e+05  7.042070e+02
17  2.504251e+05  -6.215414e+03
18  1.509789e+05  2.872247e+03
19  1.195720e+05  3.838397e+03
20  7.755759e+04  2.402076e+03
21  4.384698e+04  8.923681e+02
22  1.740554e+04  6.867674e+02
23  1.523519e+04  2.760066e+02
24  5.659173e+03  1.721399e+02
25  6.280597e+03  1.734041e+02
26  3.708427e+03  8.838217e+01
27  1.945411e+03  1.238308e+02
28  1.367106e+03  7.883819e+00
29  7.622023e+02  3.003199e+00
30  3.818343e+02  -1.457997e+01
31  1.380916e+02  8.038302e+00
32  1.098758e+02  -1.678655e+00
33  -2.709683e+02  8.219999e+00
34  -3.329585e+02  -1.590449e+01
35  -7.383831e+02  3.745965e+00
36  -1.347753e+03  9.123365e-01
37  -1.670687e+03  4.359568e+01
38  -3.585550e+03  -2.597513e+01
39  -5.232211e+03  2.700397e+02
40  -1.250889e+04  5.574779e+02
41  -1.250114e+04  4.365227e+02
42  -2.470445e+04  4.181277e+02
43  -3.447799e+04  5.245646e+02
44  -6.366185e+04  3.947205e+02
45  -9.546834e+04  -9.007921e+02
46  -1.919627e+05  6.204470e+03
47  -3.146292e+05  -2.252095e+03
48  -3.991073e+05  -8.372280e+03
49  -5.924192e+05  3.533790e+03
50  -1.072559e+06  8.902758e+03
51  -3.114418e+06  9.136232e+04
52  -3.176217e+06  1.276112e+05
53  -7.892877e+06  -5.098272e+04
54  -1.102575e+07  1.834685e+05
55  -1.225674e+07  3.310985e+05
56  -1.977498e+07  -3.274377e+04
57  -2.404564e+07  -3.612950e+05
58  -7.945823e+07  6.821390e+05
59  -1.164052e+08  1.452816e+06
60  -1.934925e+08  1.391088e+06
61  -3.368503e+08  4.925443e+06
62  -5.999391e+08  1.508308e+05
63  -1.191556e+09  -1.082835e+07
ENDPROP
STARTPROP
MASSES:  4.500000e-02   4.500000e-02
SOURCE: WWGAM_5
SINKS: GAM_5
0  2.009987e+10  2.897602e-01
1  1.663448e+09  4.095935e+06
2  6.393851e+08  -5.421852e+06
3  5.892316e+08  -1.221847e+06
4  3.371943e+08  5.881458e+05
5  1.630076e+08  -2.046615e+05
6  1.017397e+08  -2.619237e+05
7  6.077965e+07  2.894608e+05
8  3.939049e+07  4.507145e+05
9  2.034440e+07  -8.506495e+04
10  1.755576e+07  2.187507e+05
11  8.623431e+06  3.556589e+04
12  5.434991e+06  -1.006239e+05
13  3.316440e+06  7.849110e+03
14  2.086050e+06  2.870718e+04
15  1.041584e+06  -4.330118e+03
16  7.455286e+05  1.101204e+03
17  4.455735e+05  2.592868e+03
18  2.666855e+05  1.038128e+03
19  1.722366e+05  5.496632e+03
20  1.230829e+05  1.714146e+03
21  6.943867e+04  8.635739e+02
22  3.064416e+04  6.858670e+02
23  2.515743e+04  3.281004e+02
24  1.054678e+04  3.348903e+02
25  1.011507e+04  2.690438e+01
26  5.130534e+03  8.424102e+01
27  3.129295e+03  1.386364e+02
28  2.361684e+03  3.729780e+01
29  1.306168e+03  -5.793118e+00
30  8.071239e+02  -8.799152e+00
31  5.459905e+02  -2.403880e+00
32  5.697204e+02  1.109590e+01
33  5.619532e+02  -6.460348e+00
34  7.796693e+02  2.117240e+01
35  1.364629e+03  5.593998e+00
36  2.337228e+03  -2.104063e+01
37  2.740029e+03  -4.038800e+01
38  5.651764e+03  -5.039223e+00
39  9.119172e+03  -2.855989e+02
40  1.636743e+04  -4.677595e+02
41  2.248423e+04  -3.368336e+02
42  4.289228e+04  -1.018580e+03
43  6.133388e+04  -1.167284e+02
44  1.064516e+05  -1.871524e+03
45  1.470889e+05  3.477062e+02
46  2.928845e+05  -7.465015e+03
47  5.076109e+05  -5.828999e+03
48  6.772752e+05  -6.341716e+03
49  1.087483e+06  -1.332971e+04
50  1.716278e+06  1.178244e+04
51  4.107927e+06  -1.031031e+05
52  4.958730e+06  -1.237926e+05
53  1.133432e+07  4.899802e+04
54  1.699410e+07  -1.344910e+05
55  2.092164e+07  -3.466210e+05
56  3.217836e+07  3.013538e+04
57  5.158327e+07  3.233548e+05
58  1.216046e+08  -5.391585e+05
59  1.887136e+08  -1.154485e+06
60  3.166579e+08  -1.427701e+06
61  5.316403e+08  -5.386994e+06
62  9.154235e+08  2.656851e+06
63  1.762709e+09  6.935751e+06
ENDPROP
