STARTPROP
MASSES:  4.500000e-02   4.500000e-02
SOURCE: GAM_1
SINKS: GAM_1
0  1.293889e+06  -6.306330e+02
1  1.910226e+06  -1.937103e+02
2  8.063878e+05  3.584896e+02
3  3.848191e+05  -3.622546e+02
4  1.861021e+05  -3.407464e+02
5  8.803709e+04  -1.576467e+02
6  4.255525e+04  -2.339694e+01
7  2.067755e+04  -4.113825e+01
8  1.007430e+04  -4.489256e+01
9  5.004150e+03  -1.948972e+00
10  2.283351e+03  1.319960e+01
11  1.061379e+03  -2.805615e+00
12  4.791536e+02  -4.293225e+00
13  2.398780e+02  -4.499629e+00
14  1.268631e+02  -1.045052e+00
15  5.019430e+01  -6.539812e-01
16  2.073230e+01  5.115432e-01
17  9.526284e+00  1.129933e+00
18  2.470258e+00  7.213471e-01
19  -1.582777e+00  2.036378e-01
20  -2.085758e+00  1.613048e-01
21  -1.120281e+00  1.532655e-01
22  5.482654e-02  1.326604e-01
23  2.598577e-01  2.637542e-02
24  7.684096e-02  -1.972203e-02
25  5.809573e-02  -1.032450e-02
26  4.391301e-02  -7.438758e-03
27  2.560543e-02  2.108519e-03
28  7.482077e-03  9.365185e-03
29  1.011827e-02  9.854066e-03
30  1.109653e-02  5.573492e-03
31  1.232423e-02  3.070475e-03
32  7.105518e-03  1.948405e-03
33  1.047882e-03  2.049767e-03
34  -7.865082e-03  2.719592e-03
35  -2.715840e-02  1.703533e-03
36  -4.815379e-02  -5.354516e-04
37  -4.119283e-02  9.289780e-04
38  -7.266549e-02  -3.387274e-03
39  -2.091553e-01  3.856910e-03
40  -3.720040e-01  1.900296e-02
41  -7.756064e-01  2.011751e-05
42  -1.362449e+00  -7.832808e-02
43  -1.507756e+00  -1.297804e-01
44  -1.143057e+00  -4.161789e-01
45  5.233477e-03  -7.931670e-01
46  2.208449e+00  -1.117734e+00
47  5.550406e+00  -1.703477e+00
48  1.370617e+01  -1.269128e+00
49  3.059348e+01  -2.878761e+00
50  1.857220e+01  -7.637743e+00
51  7.762555e+01  -1.008839e+01
52  2.325688e+02  -7.381064e+00
53  5.773527e+02  -1.475210e+01
54  1.440800e+03  -4.566858e+01
55  3.570727e+03  -6.771036e+01
56  8.579102e+03  -5.844198e+01
57  1.874227e+04  -5.279998e+01
58  4.052866e+04  -2.494560e+01
59  8.648284e+04  -1.323440e+02
60  1.841946e+05  -7.283680e+01
61  3.948797e+05  2.448023e+02
62  8.162749e+05  1.758743e+02
63  1.894924e+06  3.968801e+02
ENDPROP
STARTPROP
MASSES:  4.500000e-02   4.500000e-02
SOURCE: GAM_2
SINKS: GAM_2
0  1.276367e+06  -1.914635e+02
1  1.884295e+06  -7.908067e+02
2  8.147778e+05  -1.850499e+02
3  3.990573e+05  5.746398e+01
4  1.946034e+05  3.465832e+01
5  9.526627e+04  1.178039e+02
6  4.632625e+04  1.134929e+02
7  2.220856e+04  1.144884e+02
8  1.067382e+04  1.189777e+02
9  4.797471e+03  9.451335e+01
10  2.210220e+03  5.537796e+01
11  9.476990e+02  2.761719e+01
12  3.272251e+02  1.196289e+01
13  1.545799e+02  3.262886e+00
14  3.899998e+01  -7.090428e-01
15  1.781191e+01  -1.231921e+00
16  1.328052e+01  -2.395402e+00
17  -1.157040e+00  -2.545379e+00
18  -1.889227e+00  -1.779392e+00
19  8.889412e-01  -1.066620e+00
20  -1.774139e-01  -6.109239e-01
21  -5.377282e-01  -2.942320e-01
22  -1.142848e-01  -1.107170e-01
23  -7.680310e-02  -6.520534e-03
24  -2.861103e-02  -7.438154e-03
25  -1.369738e-01  -1.495347e-02
26  -1.567965e-01  -8.394062e-03
27  -1.006672e-01  3.184976e-03
28  -8.639723e-02  4.459359e-03
29  -5.824644e-02  2.032567e-03
30  -3.247084e-02  6.198939e-04
31  -1.598511e-02  3.243969e-04
32  -2.478283e-03  4.771848e-04
33  9.176430e-03  -5.507449e-04
34  1.142914e-02  -2.530758e-03
35  -4.956899e-04  -5.536710e-03
36  -2.055148e-02  -7.262304e-03
37  -7.461291e-02  -7.661900e-03
38  -1.269095e-01  -1.452965e-02
39  -2.226471e-01  -2.330842e-02
40  -3.328310e-01  -5.406988e-02
41  -5.227482e-01  -1.139658e-01
42  -1.347430e+00  -1.642733e-01
43  -2.866450e+00  -4.546718e-02
44  -5.002448e+00  -3.292830e-02
45  -3.262823e+00  1.108361e-01
46  2.129006e+00  1.137373e+00
47  6.011286e+00  1.409245e+00
48  2.688628e+01  2.141600e+00
49  7.459587e+01  2.859075e+00
50  1.959719e+02  1.845586e+00
51  3.878619e+02  1.301060e+00
52  7.196044e+02  6.280678e+00
53  1.358051e+03  1.367663e+01
54  2.634663e+03  4.480874e+01
55  4.846953e+03  7.544345e+01
56  9.990669e+03  5.039071e+01
57  2.082279e+04  1.150520e+02
58  4.311179e+04  1.255899e+02
59  9.118907e+04  -7.039881e+00
60  1.885403e+05  2.390523e+01
61  3.934848e+05  4.887971e+02
62  8.117834e+05  1.102219e+03
63  1.883243e+06  1.252592e+03
ENDPROP
STARTPROP
MASSES:  4.500000e-02   4.500000e-02
SOURCE: GAM_3
SINKS: GAM_3
0  1.259770e+06  1.854213e+03
1  1.892486e+06  1.243319e+02
2  8.092486e+05  -1.945637e+02
3  3.889771e+05  -1.080602e+02
4  1.913928e+05  1.184472e+02
5  9.139120e+04  1.162842e+02
6  4.378068e+04  5.292408e+00
7  2.119063e+04  2.181477e+01
8  1.017485e+04  3.510703e+01
9  4.642629e+03  5.845836e+01
10  2.172826e+03  4.463569e+01
11  9.676055e+02  2.375597e+01
12  5.110138e+02  1.319356e+01
13  2.566299e+02  9.276417e+00
14  1.188379e+02  5.838154e+00
15  6.669906e+01  8.232805e-01
16  4.267266e+01  -2.986296e-01
17  2.789854e+01  -3.753473e-01
18  1.605689e+01  7.422089e-02
19  7.058603e+00  1.824856e-01
20  4.496771e+00  -8.695052e-02
21  3.359104e+00  -1.217058e-02
22  2.122861e+00  -4.307903e-03
23  9.120082e-01  -2.756087e-03
24  4.716486e-01  2.992925e-02
25  2.935337e-01  2.564193e-02
26  2.155060e-01  2.194781e-02
27  1.197699e-01  1.232541e-02
28  4.575680e-02  8.658310e-03
29  2.231818e-02  3.659680e-03
30  1.421282e-02  1.075459e-03
31  7.734931e-03  -3.733236e-04
32  7.195479e-03  5.469699e-04
33  1.384462e-02  1.982051e-03
34  2.443260e-02  1.632079e-03
35  4.202332e-02  2.124678e-03
36  8.725996e-02  4.199251e-03
37  1.569001e-01  2.583120e-03
38  3.280779e-01  9.137302e-03
39  5.661222e-01  2.811241e-02
40  9.618507e-01  4.636743e-02
41  1.400674e+00  1.406502e-01
42  2.015831e+00  2.628161e-01
43  2.879228e+00  4.192157e-01
44  4.076683e+00  5.081230e-01
45  4.593191e+00  6.365273e-01
46  5.652170e+00  8.818039e-01
47  1.209777e+01  9.557325e-01
48  2.136188e+01  1.620489e+00
49  2.982223e+01  2.581141e+00
50  3.797027e+01  4.338473e+00
51  7.985263e+01  2.632272e+00
52  1.865261e+02  -8.584723e+00
53  5.856446e+02  -1.232107e+01
54  1.733522e+03  -1.769928e+01
55  3.884339e+03  -1.741652e+01
56  8.040306e+03  6.065962e+00
57  1.837981e+04  7.682223e+01
58  4.009921e+04  3.263399e+02
59  8.538970e+04  3.663972e+02
60  1.827357e+05  5.143105e+02
61  3.886261e+05  1.013200e+03
62  8.061423e+05  1.538369e+03
63  1.875082e+06  2.246605e+03
ENDPROP
STARTPROP
MASSES:  4.500000e-02   4.500000e-02
SOURCE: GAM_4
SINKS: GAM_4
0  2.137241e+06  -2.863486e+02
1  -2.728593e+05  2.031835e+02
2  3.149632e+02  3.082842e+02
3  -2.546110e+02  2.897321e+02
4  3.185429e+02  1.078395e+02
5  -8.779399e+01  5.979347e+01
6  -1.726390e+02  8.551352e+01
7  -8.134179e+01  5.425103e+01
8  1.478609e+02  3.511878e+01
9  -4.908475e+01  2.346398e+01
10  -2.184807e+01  8.151908e+00
11  -3.646712e-01  1.271068e+01
12  2.779577e+00  4.398653e+00
13  -7.471467e+00  2.594039e+00
14  -3.692333e+00  3.088648e+00
15  -4.653139e+00  2.110342e-01
16  9.903725e-01  1.514777e-01
17  -7.891409e-01  7.008825e-02
18  -4.824067e-03  1.709551e-01
19  -3.627106e-01  9.504440e-02
20  -2.194585e-01  7.624884e-02
21  -4.033616e-02  -3.395031e-03
22  3.919917e-02  -1.201638e-02
23  -3.257258e-02  4.413806e-03
24  3.410458e-02  1.875317e-02
25  1.127665e-02  9.135916e-03
26  6.690606e-03  6.667784e-03
27  -5.932483e-03  4.527083e-03
28  -5.786930e-03  5.033687e-03
29  -2.394276e-03  3.711981e-03
30  -2.839695e-03  3.015450e-03
31  -3.763407e-03  2.545513e-03
32  -4.335882e-03  1.918981e-03
33  -2.175211e-03  1.392211e-03
34  -5.227836e-03  6.921006e-04
35  -6.582193e-03  -8.164552e-04
36  -5.898559e-03  -1.057307e-03
37  -1.140787e-02  -2.220783e-03
38  -1.128645e-02  -5.015385e-03
39  3.846912e-03  -6.957582e-03
40  -3.887087e-02  -1.982916e-02
41  -3.607524e-02  -3.087081e-02
42  -6.817639e-02  -3.172808e-02
43  3.809457e-02  -7.378981e-03
44  -1.446008e-01  9.887989e-03
45  2.929342e-02  -8.694857e-03
46  3.598390e-01  1.828236e-01
47  4.210924e-01  7.689429e-01
48  -8.111232e-02  1.167046e+00
49  -1.483851e+00  2.347772e+00
50  3.234242e+00  3.130940e+00
51  9.462004e+00  3.969382e+00
52  7.773079e+00  5.150103e+00
53  1.219857e+01  1.026162e+01
54  -3.883989e+01  9.080310e+00
55  -3.060876e+01  2.212677e+01
56  8.208506e+01  2.690397e+01
57  6.665186e+01  -2.363022e+01
58  -4.694732e+01  -7.780039e+01
59  -2.372315e+02  -7.474162e+01
60  -1.393466e+02  -1.541736e+02
61  -1.783370e+03  -2.318600e+02
62  -1.670068e+03  -2.180808e+02
63  -2.675602e+05  -2.799295e+02
ENDPROP
STARTPROP
MASSES:  4.500000e-02   4.500000e-02
SOURCE: GAM_5
SINKS: GAM_5
0  5.353576e+06  3.288081e+02
1  5.200253e+06  8.023294e+02
2  3.196811e+06  1.120900e+03
3  1.979736e+06  -1.958158e+01
4  1.234573e+06  1.231156e+03
5  7.687117e+05  2.028371e+03
6  4.700808e+05  1.413748e+03
7  2.821478e+05  9.427502e+02
8  1.705130e+05  7.283946e+02
9  1.022021e+05  5.198019e+02
10  6.191624e+04  4.396914e+02
11  3.787599e+04  3.291075e+02
12  2.319606e+04  2.249649e+02
13  1.415113e+04  1.286267e+02
14  8.522983e+03  6.368684e+01
15  5.068216e+03  4.275242e+01
16  3.102761e+03  2.803961e+01
17  1.921535e+03  1.634381e+01
18  1.172940e+03  1.086761e+01
19  7.152832e+02  6.839218e+00
20  4.335309e+02  3.772443e+00
21  2.596322e+02  2.244041e+00
22  1.553098e+02  1.234505e+00
23  9.290466e+01  7.422918e-01
24  5.515345e+01  4.152791e-01
25  3.320927e+01  2.525418e-01
26  2.038248e+01  1.624237e-01
27  1.230815e+01  8.253102e-02
28  7.523561e+00  3.177849e-02
29  4.650850e+00  7.287422e-03
30  3.081772e+00  1.115465e-03
31  2.310762e+00  -7.709555e-04
32  2.110108e+00  2.426111e-03
33  2.428051e+00  1.136849e-02
34  3.304278e+00  2.494439e-02
35  5.011035e+00  5.060993e-02
36  8.006303e+00  9.767910e-02
37  1.288163e+01  1.378622e-01
38  2.063127e+01  1.921266e-01
39  3.380715e+01  3.077103e-01
40  5.584548e+01  4.655242e-01
41  9.147620e+01  4.465651e-01
42  1.502431e+02  4.298532e-01
43  2.475369e+02  1.006126e+00
44  4.130114e+02  2.712609e+00
45  6.944489e+02  4.405982e+00
46  1.153336e+03  5.653235e+00
47  1.900696e+03  1.060454e+01
48  3.134083e+03  2.222848e+01
49  5.184346e+03  3.280072e+01
50  8.581557e+03  4.480825e+01
51  1.416927e+04  5.748542e+01
52  2.317242e+04  1.067071e+02
53  3.810883e+04  1.815141e+02
54  6.245276e+04  1.632439e+02
55  1.031386e+05  7.245681e+00
56  1.721949e+05  -2.155866e+02
57  2.885582e+05  -5.699680e+02
58  4.744154e+05  -1.186511e+03
59  7.624182e+05  -1.152354e+03
60  1.217526e+06  4.095397e+02
61  1.960398e+06  2.433036e+03
62  3.162568e+06  3.258273e+03
63  5.168374e+06  4.036840e+03
ENDPROP
STARTPROP
MASSES:  4.500000e-02   4.500000e-02
SOURCE: GAM_12
SINKS: GAM_12
0  8.661132e+05  5.640241e+02
1  -6.562976e+05  1.654014e+03
2  -1.431946e+05  1.062157e+03
3  -4.575370e+04  3.212910e+02
4  -1.336405e+04  5.921160e+01
5  -3.862049e+03  6.931016e+01
6  -1.013681e+03  5.803078e+01
7  -3.899477e+02  2.899064e+01
8  1.625374e+02  4.249148e+00
9  2.881618e+02  -7.918948e+00
10  2.338123e+02  -5.655367e+00
11  1.626234e+02  1.944394e+00
12  1.979132e+01  7.286760e+00
13  2.090603e+01  4.457966e+00
14  3.084799e+01  2.373666e+00
15  1.440272e+01  5.229345e-01
16  7.966220e+00  6.096278e-01
17  4.699680e+00  2.370847e-01
18  -6.096899e-01  3.411572e-01
19  -6.752974e-01  2.670237e-01
20  -4.067760e-01  -2.413340e-03
21  4.129694e-02  -3.472181e-02
22  1.283755e-01  -2.079690e-02
23  1.641929e-02  -7.260912e-03
24  4.431795e-02  -1.535097e-02
25  9.437212e-02  -5.459398e-03
26  2.810671e-02  9.923670e-04
27  -8.455936e-03  2.584238e-03
28  -3.398908e-03  1.015786e-03
29  5.148343e-03  6.012046e-05
30  6.897715e-03  7.895752e-04
31  7.240867e-03  1.299085e-03
32  4.930954e-03  9.164851e-04
33  3.309802e-03  1.162486e-03
34  -2.810529e-03  5.987666e-05
35  -1.536283e-02  -1.335167e-03
36  -4.440152e-02  -3.979638e-03
37  -8.106538e-02  -2.084091e-03
38  -8.244856e-02  -4.240638e-03
39  -8.226618e-02  -1.504392e-03
40  -7.776053e-02  -8.697419e-03
41  -1.427345e-01  -3.528609e-02
42  -3.681132e-01  -5.166209e-02
43  -4.972510e-01  -7.446678e-02
44  3.549420e-01  -1.270356e-01
45  1.699688e+00  -1.162049e-02
46  3.783713e+00  3.991649e-01
47  8.108828e+00  2.647647e-01
48  1.377239e+01  2.197851e-01
49  2.680209e+01  1.109382e+00
50  1.940321e+01  8.469488e-01
51  1.072027e+01  8.558212e-01
52  -1.424949e+01  3.304752e-01
53  -2.241176e+01  -1.668502e+00
54  -1.795254e+02  -2.195902e+01
55  -2.854334e+02  -3.503371e+01
56  -5.101707e+02  -4.846031e+01
57  -9.254970e+02  -3.683115e+01
58  -2.841532e+03  6.764901e+01
59  -6.686063e+03  1.461065e+02
60  -1.824398e+04  3.910137e+02
61  -5.278600e+04  4.166444e+02
62  -1.463233e+05  4.039751e+02
63  -6.490700e+05  -4.425464e+02
ENDPROP
STARTPROP
MASSES:  4.500000e-02   4.500000e-02
SOURCE: GAM_21
SINKS: GAM_21
0  8.661132e+05  5.640241e+02
1  -6.562976e+05  1.654014e+03
2  -1.431946e+05  1.062157e+03
3  -4.575370e+04  3.212910e+02
4  -1.336405e+04  5.921160e+01
5  -3.862049e+03  6.931016e+01
6  -1.013681e+03  5.803078e+01
7  -3.899477e+02  2.899064e+01
8  1.625374e+02  4.249148e+00
9  2.881618e+02  -7.918948e+00
10  2.338123e+02  -5.655367e+00
11  1.626234e+02  1.944394e+00
12  1.979132e+01  7.286760e+00
13  2.090603e+01  4.457966e+00
14  3.084799e+01  2.373666e+00
15  1.440272e+01  5.229345e-01
16  7.966220e+00  6.096278e-01
17  4.699680e+00  2.370847e-01
18  -6.096899e-01  3.411572e-01
19  -6.752974e-01  2.670237e-01
20  -4.067760e-01  -2.413340e-03
21  4.129694e-02  -3.472181e-02
22  1.283755e-01  -2.079690e-02
23  1.641929e-02  -7.260912e-03
24  4.431795e-02  -1.535097e-02
25  9.437212e-02  -5.459398e-03
26  2.810671e-02  9.923670e-04
27  -8.455936e-03  2.584238e-03
28  -3.398908e-03  1.015786e-03
29  5.148343e-03  6.012046e-05
30  6.897715e-03  7.895752e-04
31  7.240867e-03  1.299085e-03
32  4.930954e-03  9.164851e-04
33  3.309802e-03  1.162486e-03
34  -2.810529e-03  5.987666e-05
35  -1.536283e-02  -1.335167e-03
36  -4.440152e-02  -3.979638e-03
37  -8.106538e-02  -2.084091e-03
38  -8.244856e-02  -4.240638e-03
39  -8.226618e-02  -1.504392e-03
40  -7.776053e-02  -8.697419e-03
41  -1.427345e-01  -3.528609e-02
42  -3.681132e-01  -5.166209e-02
43  -4.972510e-01  -7.446678e-02
44  3.549420e-01  -1.270356e-01
45  1.699688e+00  -1.162049e-02
46  3.783713e+00  3.991649e-01
47  8.108828e+00  2.647647e-01
48  1.377239e+01  2.197851e-01
49  2.680209e+01  1.109382e+00
50  1.940321e+01  8.469488e-01
51  1.072027e+01  8.558212e-01
52  -1.424949e+01  3.304752e-01
53  -2.241176e+01  -1.668502e+00
54  -1.795254e+02  -2.195902e+01
55  -2.854334e+02  -3.503371e+01
56  -5.101707e+02  -4.846031e+01
57  -9.254970e+02  -3.683115e+01
58  -2.841532e+03  6.764901e+01
59  -6.686063e+03  1.461065e+02
60  -1.824398e+04  3.910137e+02
61  -5.278600e+04  4.166444e+02
62  -1.463233e+05  4.039751e+02
63  -6.490700e+05  -4.425464e+02
ENDPROP
STARTPROP
MASSES:  4.500000e-02   4.500000e-02
SOURCE: GAM_13
SINKS: GAM_13
0  9.148518e+05  -9.929972e+01
1  -6.287284e+05  2.351131e+02
2  -1.287667e+05  1.270539e+02
3  -4.238587e+04  3.298072e+02
4  -1.211532e+04  2.841724e+02
5  -2.536009e+03  1.495366e+02
6  9.610774e+01  1.108043e+02
7  1.002543e+02  5.315031e+01
8  -1.408906e+02  9.055203e-01
9  -1.537675e+01  7.295780e+00
10  3.944240e+01  1.365309e+01
11  -2.302639e+00  1.090588e+01
12  -3.225992e+01  3.620312e+00
13  6.458771e+00  1.264511e+00
14  3.159427e-01  1.059137e+00
15  1.232130e+00  1.989126e+00
16  -2.449128e+00  1.858209e+00
17  2.030263e+00  8.115107e-01
18  2.780399e+00  5.936077e-01
19  9.729564e-01  3.295650e-01
20  -2.098637e-01  1.897266e-01
21  3.741585e-02  1.348149e-01
22  3.543333e-01  2.193958e-02
23  2.902624e-01  5.301576e-02
24  1.431412e-01  5.409714e-02
25  2.228792e-02  3.532787e-02
26  1.760585e-02  1.411426e-02
27  1.542993e-02  3.888470e-03
28  -4.514533e-03  -1.512061e-03
29  -5.133694e-03  -9.247020e-04
30  -2.402148e-03  -6.039456e-04
31  -2.104233e-03  -7.052473e-04
32  -1.469339e-03  -5.825135e-04
33  -7.369639e-04  -7.995908e-04
34  -1.013966e-02  3.632952e-04
35  -2.645222e-02  2.057297e-03
36  -3.284279e-02  2.990632e-03
37  -4.855022e-02  -3.392731e-04
38  -1.024444e-01  -3.489176e-03
39  -1.757463e-01  -5.916539e-03
40  -2.664358e-01  1.592046e-03
41  -3.002495e-01  1.672345e-02
42  -4.162387e-01  2.521953e-02
43  -6.320354e-01  -2.184832e-02
44  -9.932923e-01  -6.772986e-02
45  -3.096125e-01  -3.640930e-01
46  -1.179553e+00  -4.704695e-01
47  -2.686839e+00  -3.340696e-01
48  -6.022809e+00  2.817931e-01
49  -4.403293e+00  1.291138e-02
50  2.449251e+00  -7.003744e-01
51  -6.645077e+00  1.568579e+00
52  3.327828e-02  2.110134e+00
53  8.335079e+01  -1.739721e+00
54  3.030415e+02  -7.665995e+00
55  4.045907e+02  -1.280986e+01
56  1.972489e+02  -4.277346e+00
57  -1.949163e+02  -2.537462e+01
58  -1.807812e+03  -8.998204e+01
59  -4.463872e+03  -1.162760e+02
60  -1.651680e+04  -3.627458e+01
61  -4.760294e+04  -1.634430e+02
62  -1.342349e+05  -5.837393e+02
63  -6.246476e+05  -9.262833e+02
ENDPROP
STARTPROP
MASSES:  4.500000e-02   4.500000e-02
SOURCE: GAM_31
SINKS: GAM_31
0  9.148518e+05  -9.929972e+01
1  -6.287284e+05  2.351131e+02
2  -1.287667e+05  1.270539e+02
3  -4.238587e+04  3.298072e+02
4  -1.211532e+04  2.841724e+02
5  -2.536009e+03  1.495366e+02
6  9.610774e+01  1.108043e+02
7  1.002543e+02  5.315031e+01
8  -1.408906e+02  9.055203e-01
9  -1.537675e+01  7.295780e+00
10  3.944240e+01  1.365309e+01
11  -2.302639e+00  1.090588e+01
12  -3.225992e+01  3.620312e+00
13  6.458771e+00  1.264511e+00
14  3.159427e-01  1.059137e+00
15  1.232130e+00  1.989126e+00
16  -2.449128e+00  1.858209e+00
17  2.030263e+00  8.115107e-01
18  2.780399e+00  5.936077e-01
19  9.729564e-01  3.295650e-01
20  -2.098637e-01  1.897266e-01
21  3.741585e-02  1.348149e-01
22  3.543333e-01  2.193958e-02
23  2.902624e-01  5.301576e-02
24  1.431412e-01  5.409714e-02
25  2.228792e-02  3.532787e-02
26  1.760585e-02  1.411426e-02
27  1.542993e-02  3.888470e-03
28  -4.514533e-03  -1.512061e-03
29  -5.133694e-03  -9.247020e-04
30  -2.402148e-03  -6.039456e-04
31  -2.104233e-03  -7.052473e-04
32  -1.469339e-03  -5.825135e-04
33  -7.369639e-04  -7.995908e-04
34  -1.013966e-02  3.632952e-04
35  -2.645222e-02  2.057297e-03
36  -3.284279e-02  2.990632e-03
37  -4.855022e-02  -3.392731e-04
38  -1.024444e-01  -3.489176e-03
39  -1.757463e-01  -5.916539e-03
40  -2.664358e-01  1.592046e-03
41  -3.002495e-01  1.672345e-02
42  -4.162387e-01  2.521953e-02
43  -6.320354e-01  -2.184832e-02
44  -9.932923e-01  -6.772986e-02
45  -3.096125e-01  -3.640930e-01
46  -1.179553e+00  -4.704695e-01
47  -2.686839e+00  -3.340696e-01
48  -6.022809e+00  2.817931e-01
49  -4.403293e+00  1.291138e-02
50  2.449251e+00  -7.003744e-01
51  -6.645077e+00  1.568579e+00
52  3.327828e-02  2.110134e+00
53  8.335079e+01  -1.739721e+00
54  3.030415e+02  -7.665995e+00
55  4.045907e+02  -1.280986e+01
56  1.972489e+02  -4.277346e+00
57  -1.949163e+02  -2.537462e+01
58  -1.807812e+03  -8.998204e+01
59  -4.463872e+03  -1.162760e+02
60  -1.651680e+04  -3.627458e+01
61  -4.760294e+04  -1.634430e+02
62  -1.342349e+05  -5.837393e+02
63  -6.246476e+05  -9.262833e+02
ENDPROP
STARTPROP
MASSES:  4.500000e-02   4.500000e-02
SOURCE: GAM_14
SINKS: GAM_14
0  1.106879e+05  9.502329e+02
1  1.321606e+06  1.474131e+02
2  5.101660e+05  -1.425647e+02
3  2.438281e+05  -3.750523e+02
4  1.159459e+05  -2.472092e+01
5  5.439898e+04  6.173198e+01
6  2.709916e+04  6.332670e+01
7  1.369059e+04  1.093753e+02
8  6.440836e+03  2.514006e+01
9  2.874583e+03  3.230308e+01
10  1.302718e+03  1.311664e+01
11  6.115763e+02  2.840184e+00
12  2.566183e+02  -6.847133e-01
13  1.599199e+02  -8.424683e-01
14  7.829001e+01  9.709905e-01
15  4.257692e+01  9.414358e-01
16  2.930110e+01  1.231788e+00
17  2.015633e+01  9.409943e-01
18  6.920145e+00  4.248809e-01
19  4.654556e+00  6.652437e-02
20  2.125958e+00  4.799957e-02
21  6.861264e-01  6.085143e-02
22  8.011549e-02  5.770614e-02
23  7.191573e-02  5.336373e-02
24  -1.009165e-01  2.000369e-02
25  -1.128475e-01  2.748023e-03
26  -5.392516e-02  5.315783e-03
27  -2.519586e-02  7.497055e-03
28  -7.397462e-03  9.855549e-03
29  -2.108590e-03  5.965523e-03
30  2.214599e-03  2.986439e-03
31  6.782619e-04  2.024282e-03
32  2.256947e-04  1.793606e-03
33  -1.919631e-03  2.027331e-03
34  -3.503228e-03  2.491176e-03
35  -2.537168e-04  2.231457e-03
36  -8.410289e-03  2.166365e-03
37  -2.073842e-02  3.441544e-03
38  -7.539212e-02  -1.940947e-03
39  -1.454564e-01  -1.351902e-02
40  -1.778768e-01  -3.599897e-02
41  -3.451614e-01  -4.327393e-02
42  -1.002924e+00  -9.935154e-02
43  -1.916124e+00  -1.176025e-01
44  -3.394093e+00  -1.770069e-01
45  -4.873162e+00  -1.057695e-01
46  -7.023823e+00  -8.366170e-03
47  -7.604500e+00  -6.238111e-02
48  -1.790210e+01  -2.061903e-01
49  -2.894406e+01  2.160192e-01
50  -4.066561e+01  1.816917e+00
51  -4.992691e+01  5.457511e+00
52  -4.724654e+01  5.491326e+00
53  4.942335e+01  6.580505e+00
54  5.845428e+02  8.709418e-02
55  1.952372e+03  -2.478582e+01
56  5.273802e+03  1.131053e+01
57  1.208735e+04  6.435350e+01
58  2.583198e+04  2.124605e+02
59  5.410502e+04  1.797106e+02
60  1.133825e+05  3.453978e+02
61  2.429767e+05  1.105110e+03
62  5.152720e+05  1.319108e+03
63  1.322497e+06  1.933977e+03
ENDPROP
STARTPROP
MASSES:  4.500000e-02   4.500000e-02
SOURCE: GAM_41
SINKS: GAM_41
0  1.106879e+05  9.502329e+02
1  1.321606e+06  1.474131e+02
2  5.101660e+05  -1.425647e+02
3  2.438281e+05  -3.750523e+02
4  1.159459e+05  -2.472092e+01
5  5.439898e+04  6.173198e+01
6  2.709916e+04  6.332670e+01
7  1.369059e+04  1.093753e+02
8  6.440836e+03  2.514006e+01
9  2.874583e+03  3.230308e+01
10  1.302718e+03  1.311664e+01
11  6.115763e+02  2.840184e+00
12  2.566183e+02  -6.847133e-01
13  1.599199e+02  -8.424683e-01
14  7.829001e+01  9.709905e-01
15  4.257692e+01  9.414358e-01
16  2.930110e+01  1.231788e+00
17  2.015633e+01  9.409943e-01
18  6.920145e+00  4.248809e-01
19  4.654556e+00  6.652437e-02
20  2.125958e+00  4.799957e-02
21  6.861264e-01  6.085143e-02
22  8.011549e-02  5.770614e-02
23  7.191573e-02  5.336373e-02
24  -1.009165e-01  2.000369e-02
25  -1.128475e-01  2.748023e-03
26  -5.392516e-02  5.315783e-03
27  -2.519586e-02  7.497055e-03
28  -7.397462e-03  9.855549e-03
29  -2.108590e-03  5.965523e-03
30  2.214599e-03  2.986439e-03
31  6.782619e-04  2.024282e-03
32  2.256947e-04  1.793606e-03
33  -1.919631e-03  2.027331e-03
34  -3.503228e-03  2.491176e-03
35  -2.537168e-04  2.231457e-03
36  -8.410289e-03  2.166365e-03
37  -2.073842e-02  3.441544e-03
38  -7.539212e-02  -1.940947e-03
39  -1.454564e-01  -1.351902e-02
40  -1.778768e-01  -3.599897e-02
41  -3.451614e-01  -4.327393e-02
42  -1.002924e+00  -9.935154e-02
43  -1.916124e+00  -1.176025e-01
44  -3.394093e+00  -1.770069e-01
45  -4.873162e+00  -1.057695e-01
46  -7.023823e+00  -8.366170e-03
47  -7.604500e+00  -6.238111e-02
48  -1.790210e+01  -2.061903e-01
49  -2.894406e+01  2.160192e-01
50  -4.066561e+01  1.816917e+00
51  -4.992691e+01  5.457511e+00
52  -4.724654e+01  5.491326e+00
53  4.942335e+01  6.580505e+00
54  5.845428e+02  8.709418e-02
55  1.952372e+03  -2.478582e+01
56  5.273802e+03  1.131053e+01
57  1.208735e+04  6.435350e+01
58  2.583198e+04  2.124605e+02
59  5.410502e+04  1.797106e+02
60  1.133825e+05  3.453978e+02
61  2.429767e+05  1.105110e+03
62  5.152720e+05  1.319108e+03
63  1.322497e+06  1.933977e+03
ENDPROP
STARTPROP
MASSES:  4.500000e-02   4.500000e-02
SOURCE: GAM_23
SINKS: GAM_23
0  8.755736e+05  -7.710832e+02
1  -6.360216e+05  6.582639e+02
2  -1.347189e+05  7.539385e+01
3  -4.794645e+04  7.581080e+00
4  -1.600485e+04  -7.139673e+01
5  -4.927043e+03  -1.111829e+01
6  -1.994236e+03  3.261624e+01
7  -1.634490e+03  1.521623e+01
8  -1.230692e+03  -1.226900e+01
9  -8.232203e+02  -2.907966e+01
10  -3.215567e+02  -3.409671e+01
11  -1.565961e+02  -1.901759e+01
12  -7.613000e+01  -6.943303e+00
13  -4.922805e+01  -1.834357e+00
14  -2.429131e+01  -1.657206e-01
15  -1.294279e+01  1.221888e-01
16  -8.391635e+00  -5.395462e-02
17  -6.419771e-01  -1.685478e-01
18  -7.997849e-01  2.920358e-02
19  -9.482815e-01  6.239620e-02
20  -6.545278e-01  4.064188e-02
21  -8.706756e-01  -2.245170e-02
22  -1.987755e-01  4.391376e-02
23  -7.980823e-02  2.179375e-02
24  -7.882873e-02  1.461141e-02
25  -5.511017e-02  8.225261e-03
26  -1.177220e-02  3.887896e-03
27  -4.798815e-04  4.345459e-03
28  5.344724e-03  1.257626e-03
29  -3.966099e-03  1.164003e-03
30  -1.092449e-02  2.324418e-04
31  -1.022375e-02  2.146034e-04
32  -9.814012e-03  -3.097081e-04
33  -1.104971e-02  -1.214657e-03
34  -1.669747e-02  -2.415518e-03
35  -2.252101e-02  -4.251957e-03
36  -2.247124e-02  -6.081158e-03
37  -3.161877e-02  -8.289460e-03
38  -1.868720e-02  -1.353933e-02
39  -4.935233e-02  -1.462820e-02
40  -7.196831e-03  -1.177199e-03
41  -4.628722e-02  -1.891805e-02
42  -2.329522e-01  5.337088e-03
43  -5.743773e-01  4.480907e-03
44  -8.114875e-01  -1.483540e-01
45  -5.644946e-01  -2.482091e-01
46  1.300772e+00  -3.778083e-01
47  3.698379e+00  -2.424401e-01
48  4.407745e+00  2.437748e-01
49  9.865325e+00  -6.639168e-01
50  7.920601e+00  -2.115683e+00
51  7.470861e+00  -2.231274e+00
52  1.734615e+01  -1.204612e+00
53  1.757959e+01  -3.028563e+00
54  -3.280382e+01  -9.932703e+00
55  -2.119647e+02  -2.078113e+01
56  -4.316161e+02  8.368459e-01
57  -1.488285e+03  -5.767705e+00
58  -3.850068e+03  -7.340258e+01
59  -9.081682e+03  -8.890204e+01
60  -2.104896e+04  -1.385780e+02
61  -5.858532e+04  -5.289252e+02
62  -1.562745e+05  -4.257425e+02
63  -6.545293e+05  -1.155909e+03
ENDPROP
STARTPROP
MASSES:  4.500000e-02   4.500000e-02
SOURCE: GAM_32
SINKS: GAM_32
0  8.755736e+05  -7.710832e+02
1  -6.360216e+05  6.582639e+02
2  -1.347189e+05  7.539385e+01
3  -4.794645e+04  7.581080e+00
4  -1.600485e+04  -7.139673e+01
5  -4.927043e+03  -1.111829e+01
6  -1.994236e+03  3.261624e+01
7  -1.634490e+03  1.521623e+01
8  -1.230692e+03  -1.226900e+01
9  -8.232203e+02  -2.907966e+01
10  -3.215567e+02  -3.409671e+01
11  -1.565961e+02  -1.901759e+01
12  -7.613000e+01  -6.943303e+00
13  -4.922805e+01  -1.834357e+00
14  -2.429131e+01  -1.657206e-01
15  -1.294279e+01  1.221888e-01
16  -8.391635e+00  -5.395462e-02
17  -6.419771e-01  -1.685478e-01
18  -7.997849e-01  2.920358e-02
19  -9.482815e-01  6.239620e-02
20  -6.545278e-01  4.064188e-02
21  -8.706756e-01  -2.245170e-02
22  -1.987755e-01  4.391376e-02
23  -7.980823e-02  2.179375e-02
24  -7.882873e-02  1.461141e-02
25  -5.511017e-02  8.225261e-03
26  -1.177220e-02  3.887896e-03
27  -4.798815e-04  4.345459e-03
28  5.344724e-03  1.257626e-03
29  -3.966099e-03  1.164003e-03
30  -1.092449e-02  2.324418e-04
31  -1.022375e-02  2.146034e-04
32  -9.814012e-03  -3.097081e-04
33  -1.104971e-02  -1.214657e-03
34  -1.669747e-02  -2.415518e-03
35  -2.252101e-02  -4.251957e-03
36  -2.247124e-02  -6.081158e-03
37  -3.161877e-02  -8.289460e-03
38  -1.868720e-02  -1.353933e-02
39  -4.935233e-02  -1.462820e-02
40  -7.196831e-03  -1.177199e-03
41  -4.628722e-02  -1.891805e-02
42  -2.329522e-01  5.337088e-03
43  -5.743773e-01  4.480907e-03
44  -8.114875e-01  -1.483540e-01
45  -5.644946e-01  -2.482091e-01
46  1.300772e+00  -3.778083e-01
47  3.698379e+00  -2.424401e-01
48  4.407745e+00  2.437748e-01
49  9.865325e+00  -6.639168e-01
50  7.920601e+00  -2.115683e+00
51  7.470861e+00  -2.231274e+00
52  1.734615e+01  -1.204612e+00
53  1.757959e+01  -3.028563e+00
54  -3.280382e+01  -9.932703e+00
55  -2.119647e+02  -2.078113e+01
56  -4.316161e+02  8.368459e-01
57  -1.488285e+03  -5.767705e+00
58  -3.850068e+03  -7.340258e+01
59  -9.081682e+03  -8.890204e+01
60  -2.104896e+04  -1.385780e+02
61  -5.858532e+04  -5.289252e+02
62  -1.562745e+05  -4.257425e+02
63  -6.545293e+05  -1.155909e+03
ENDPROP
STARTPROP
MASSES:  4.500000e-02   4.500000e-02
SOURCE: GAM_24
SINKS: GAM_24
0  1.123674e+05  3.550596e+02
1  1.339291e+06  -4.038853e+02
2  5.150593e+05  -1.185607e+02
3  2.426011e+05  4.783794e+01
4  1.196670e+05  1.124402e+02
5  5.777944e+04  1.052174e+02
6  2.802902e+04  7.282666e+01
7  1.380433e+04  1.004978e+02
8  6.390140e+03  1.121253e+02
9  2.640357e+03  1.166121e+02
10  1.087908e+03  7.805317e+01
11  5.068249e+02  4.608224e+01
12  1.857311e+02  1.808930e+01
13  5.353148e+01  5.798149e+00
14  1.193791e+01  7.078063e-01
15  1.085353e+01  1.459975e-01
16  7.382605e+00  -3.759795e-01
17  6.320405e+00  -4.015716e-01
18  2.888541e+00  3.756608e-02
19  1.848795e+00  -3.300733e-02
20  5.447399e-01  -2.439663e-01
21  5.035103e-01  -1.336631e-01
22  2.459164e-01  -9.446877e-02
23  -2.047298e-01  -3.549846e-02
24  -2.918984e-01  -4.653614e-03
25  -1.311419e-01  2.104547e-03
26  -5.758962e-02  5.066177e-03
27  -8.746651e-02  4.336775e-03
28  -6.014869e-02  3.953586e-03
29  -3.131422e-02  2.087425e-03
30  -7.022176e-03  1.399130e-03
31  4.284144e-04  1.535014e-03
32  4.747356e-03  1.950502e-03
33  8.031341e-03  2.170369e-03
34  -2.915145e-03  3.250411e-03
35  -8.322408e-03  3.346542e-03
36  -1.075077e-02  2.282669e-03
37  -3.110902e-02  1.049067e-02
38  -3.924147e-02  1.016260e-02
39  -5.542956e-02  1.690566e-02
40  -1.687818e-01  2.689325e-03
41  -2.005615e-01  -3.572696e-02
42  -5.978141e-01  -5.762149e-02
43  -1.438512e+00  -2.600343e-02
44  -1.924131e+00  4.439800e-03
45  -1.879182e+00  1.110751e-01
46  -1.883506e+00  1.320895e-02
47  1.559931e+00  -4.313589e-01
48  5.627164e+00  -4.770158e-01
49  2.141067e+01  -1.943067e+00
50  9.071089e+01  -2.625947e+00
51  2.066006e+02  9.745161e-01
52  3.819939e+02  3.214660e+00
53  6.529505e+02  1.583081e+01
54  1.150125e+03  3.283537e+01
55  2.535853e+03  4.342698e+01
56  6.420591e+03  3.709507e+01
57  1.333617e+04  1.994619e+01
58  2.650925e+04  7.675761e+01
59  5.441543e+04  4.275354e+01
60  1.172424e+05  -5.780708e+01
61  2.503054e+05  -1.263919e+02
62  5.169652e+05  2.406863e+02
63  1.319146e+06  7.554989e+02
ENDPROP
STARTPROP
MASSES:  4.500000e-02   4.500000e-02
SOURCE: GAM_42
SINKS: GAM_42
0  1.123674e+05  3.550596e+02
1  1.339291e+06  -4.038853e+02
2  5.150593e+05  -1.185607e+02
3  2.426011e+05  4.783794e+01
4  1.196670e+05  1.124402e+02
5  5.777944e+04  1.052174e+02
6  2.802902e+04  7.282666e+01
7  1.380433e+04  1.004978e+02
8  6.390140e+03  1.121253e+02
9  2.640357e+03  1.166121e+02
10  1.087908e+03  7.805317e+01
11  5.068249e+02  4.608224e+01
12  1.857311e+02  1.808930e+01
13  5.353148e+01  5.798149e+00
14  1.193791e+01  7.078063e-01
15  1.085353e+01  1.459975e-01
16  7.382605e+00  -3.759795e-01
17  6.320405e+00  -4.015716e-01
18  2.888541e+00  3.756608e-02
19  1.848795e+00  -3.300733e-02
20  5.447399e-01  -2.439663e-01
21  5.035103e-01  -1.336631e-01
22  2.459164e-01  -9.446877e-02
23  -2.047298e-01  -3.549846e-02
24  -2.918984e-01  -4.653614e-03
25  -1.311419e-01  2.104547e-03
26  -5.758962e-02  5.066177e-03
27  -8.746651e-02  4.336775e-03
28  -6.014869e-02  3.953586e-03
29  -3.131422e-02  2.087425e-03
30  -7.022176e-03  1.399130e-03
31  4.284144e-04  1.535014e-03
32  4.747356e-03  1.950502e-03
33  8.031341e-03  2.170369e-03
34  -2.915145e-03  3.250411e-03
35  -8.322408e-03  3.346542e-03
36  -1.075077e-02  2.282669e-03
37  -3.110902e-02  1.049067e-02
38  -3.924147e-02  1.016260e-02
39  -5.542956e-02  1.690566e-02
40  -1.687818e-01  2.689325e-03
41  -2.005615e-01  -3.572696e-02
42  -5.978141e-01  -5.762149e-02
43  -1.438512e+00  -2.600343e-02
44  -1.924131e+00  4.439800e-03
45  -1.879182e+00  1.110751e-01
46  -1.883506e+00  1.320895e-02
47  1.559931e+00  -4.313589e-01
48  5.627164e+00  -4.770158e-01
49  2.141067e+01  -1.943067e+00
50  9.071089e+01  -2.625947e+00
51  2.066006e+02  9.745161e-01
52  3.819939e+02  3.214660e+00
53  6.529505e+02  1.583081e+01
54  1.150125e+03  3.283537e+01
55  2.535853e+03  4.342698e+01
56  6.420591e+03  3.709507e+01
57  1.333617e+04  1.994619e+01
58  2.650925e+04  7.675761e+01
59  5.441543e+04  4.275354e+01
60  1.172424e+05  -5.780708e+01
61  2.503054e+05  -1.263919e+02
62  5.169652e+05  2.406863e+02
63  1.319146e+06  7.554989e+02
ENDPROP
STARTPROP
MASSES:  4.500000e-02   4.500000e-02
SOURCE: GAM_34
SINKS: GAM_34
0  1.381861e+05  -9.061096e+01
1  1.339957e+06  -2.358347e+01
2  5.149253e+05  8.008463e+02
3  2.389688e+05  5.413910e+02
4  1.125723e+05  3.040648e+02
5  5.223873e+04  1.200529e+02
6  2.607254e+04  8.682642e+01
7  1.284265e+04  2.505282e+01
8  6.245053e+03  7.354690e+01
9  2.684496e+03  5.512981e+01
10  1.265562e+03  3.351456e+01
11  5.772836e+02  1.785556e+01
12  2.493766e+02  4.997816e+00
13  8.402589e+01  -1.825252e+00
14  7.162451e+01  1.065249e+00
15  5.424760e+01  7.363788e-01
16  3.763970e+01  4.065714e-01
17  1.695505e+01  2.445792e-01
18  8.550094e+00  8.659609e-01
19  3.917609e+00  9.557215e-01
20  2.158297e+00  7.092830e-01
21  1.538718e+00  4.856748e-01
22  8.213934e-01  2.427105e-01
23  6.084624e-01  7.995711e-02
24  3.921608e-01  3.936984e-02
25  2.444649e-01  1.767399e-02
26  1.126695e-01  1.037287e-02
27  8.548721e-02  8.059431e-03
28  5.598107e-02  2.633567e-03
29  3.055423e-02  2.980038e-04
30  1.588424e-02  1.532474e-04
31  1.335090e-02  1.368945e-04
32  7.091000e-03  6.876873e-04
33  3.915986e-03  1.639911e-03
34  1.124821e-02  3.113025e-03
35  3.072421e-02  6.855527e-03
36  7.054522e-02  1.038498e-02
37  7.555733e-02  1.028974e-02
38  1.140521e-01  1.677820e-02
39  2.691855e-01  2.529005e-02
40  5.775323e-01  6.133544e-02
41  6.330741e-01  9.937161e-02
42  5.901489e-01  1.293008e-01
43  6.744992e-01  1.243642e-01
44  1.591376e+00  1.461182e-01
45  1.238489e+00  5.505517e-01
46  2.228055e+00  1.424199e+00
47  3.184884e+00  2.598255e+00
48  7.338737e+00  4.654480e+00
49  1.129367e+01  6.141786e+00
50  2.718080e+01  5.703811e+00
51  3.593553e+01  7.311615e+00
52  1.099014e+02  3.894016e+00
53  4.713602e+02  7.654532e+00
54  1.342370e+03  2.116355e+01
55  2.831865e+03  3.676604e+01
56  6.149553e+03  6.884676e+01
57  1.288330e+04  1.102154e+02
58  2.644654e+04  1.417480e+02
59  5.680831e+04  1.177075e+02
60  1.230198e+05  1.418622e+02
61  2.595612e+05  5.983700e+02
62  5.343530e+05  6.739947e+02
63  1.346419e+06  7.628474e+02
ENDPROP
STARTPROP
MASSES:  4.500000e-02   4.500000e-02
SOURCE: GAM_43
SINKS: GAM_43
0  1.381861e+05  -9.061096e+01
1  1.339957e+06  -2.358347e+01
2  5.149253e+05  8.008463e+02
3  2.389688e+05  5.413910e+02
4  1.125723e+05  3.040648e+02
5  5.223873e+04  1.200529e+02
6  2.607254e+04  8.682642e+01
7  1.284265e+04  2.505282e+01
8  6.245053e+03  7.354690e+01
9  2.684496e+03  5.512981e+01
10  1.265562e+03  3.351456e+01
11  5.772836e+02  1.785556e+01
12  2.493766e+02  4.997816e+00
13  8.402589e+01  -1.825252e+00
14  7.162451e+01  1.065249e+00
15  5.424760e+01  7.363788e-01
16  3.763970e+01  4.065714e-01
17  1.695505e+01  2.445792e-01
18  8.550094e+00  8.659609e-01
19  3.917609e+00  9.557215e-01
20  2.158297e+00  7.092830e-01
21  1.538718e+00  4.856748e-01
22  8.213934e-01  2.427105e-01
23  6.084624e-01  7.995711e-02
24  3.921608e-01  3.936984e-02
25  2.444649e-01  1.767399e-02
26  1.126695e-01  1.037287e-02
27  8.548721e-02  8.059431e-03
28  5.598107e-02  2.633567e-03
29  3.055423e-02  2.980038e-04
30  1.588424e-02  1.532474e-04
31  1.335090e-02  1.368945e-04
32  7.091000e-03  6.876873e-04
33  3.915986e-03  1.639911e-03
34  1.124821e-02  3.113025e-03
35  3.072421e-02  6.855527e-03
36  7.054522e-02  1.038498e-02
37  7.555733e-02  1.028974e-02
38  1.140521e-01  1.677820e-02
39  2.691855e-01  2.529005e-02
40  5.775323e-01  6.133544e-02
41  6.330741e-01  9.937161e-02
42  5.901489e-01  1.293008e-01
43  6.744992e-01  1.243642e-01
44  1.591376e+00  1.461182e-01
45  1.238489e+00  5.505517e-01
46  2.228055e+00  1.424199e+00
47  3.184884e+00  2.598255e+00
48  7.338737e+00  4.654480e+00
49  1.129367e+01  6.141786e+00
50  2.718080e+01  5.703811e+00
51  3.593553e+01  7.311615e+00
52  1.099014e+02  3.894016e+00
53  4.713602e+02  7.654532e+00
54  1.342370e+03  2.116355e+01
55  2.831865e+03  3.676604e+01
56  6.149553e+03  6.884676e+01
57  1.288330e+04  1.102154e+02
58  2.644654e+04  1.417480e+02
59  5.680831e+04  1.177075e+02
60  1.230198e+05  1.418622e+02
61  2.595612e+05  5.983700e+02
62  5.343530e+05  6.739947e+02
63  1.346419e+06  7.628474e+02
ENDPROP
STARTPROP
MASSES:  4.500000e-02   4.500000e-02
SOURCE: GAM_15
SINKS: GAM_15
0  6.438355e+04  1.008191e+03
1  -9.501253e+05  2.002682e+03
2  -2.769525e+05  1.082233e+03
3  -1.098472e+05  1.023312e+03
4  -4.094614e+04  6.325196e+02
5  -1.598417e+04  3.954257e+02
6  -6.558782e+03  2.566442e+02
7  -2.790155e+03  1.630998e+02
8  -1.079419e+03  6.567213e+01
9  -3.657668e+02  7.986950e+00
10  -7.590477e+01  1.857650e+01
11  -6.266486e+01  1.905154e+01
12  -3.449845e+01  1.297165e+01
13  1.792659e+01  1.015215e+01
14  1.473100e+01  5.697833e+00
15  1.076179e+01  1.696059e+00
16  8.142720e+00  -6.204994e-01
17  5.772713e+00  -5.728057e-01
18  5.911181e+00  -5.794278e-02
19  3.731152e+00  -2.635058e-02
20  1.846221e+00  1.385212e-01
21  2.200183e-01  1.131915e-01
22  -1.844984e-01  1.335384e-01
23  -5.131515e-01  9.777419e-02
24  -4.462621e-01  6.379174e-02
25  -1.626233e-01  2.892388e-02
26  -2.201688e-02  1.029350e-02
27  1.531871e-02  3.938790e-03
28  2.897247e-02  -2.198613e-03
29  1.464228e-02  -2.409884e-03
30  2.608546e-03  -1.087328e-03
31  3.743659e-03  -1.794001e-03
32  3.321823e-03  -2.455605e-03
33  7.234932e-03  -2.203240e-03
34  1.297732e-02  -1.464198e-03
35  8.456722e-03  3.363055e-04
36  1.361978e-02  9.805241e-04
37  1.722755e-02  1.071016e-03
38  1.714991e-02  1.495922e-03
39  1.408438e-01  1.766693e-02
40  1.841993e-01  4.393036e-02
41  8.623019e-02  9.142395e-02
42  6.545359e-02  1.782265e-01
43  5.853152e-01  2.245613e-01
44  6.242660e-01  2.444254e-01
45  2.225404e-01  3.864773e-01
46  -1.114119e+00  3.524606e-01
47  -3.978308e+00  2.416794e-01
48  -3.900938e+00  3.187959e-01
49  -6.632017e+00  1.061901e+00
50  -1.794139e+01  1.246496e+00
51  -7.159660e+01  1.421715e+00
52  -9.361620e+01  4.526394e+00
53  -3.292835e+01  1.122325e+01
54  4.348500e+01  1.513314e+01
55  1.457475e+02  2.517993e+01
56  -7.727641e+01  5.470387e+01
57  -8.993661e+02  1.734615e+01
58  -3.903712e+03  1.110119e+02
59  -1.027321e+04  2.398144e+02
60  -3.036019e+04  3.235207e+01
61  -8.792971e+04  -1.795904e+02
62  -2.470782e+05  -7.244322e+01
63  -9.087954e+05  -1.667175e+02
ENDPROP
STARTPROP
MASSES:  4.500000e-02   4.500000e-02
SOURCE: GAM_25
SINKS: GAM_25
0  4.671001e+04  -9.324669e+02
1  -9.342806e+05  3.539818e+02
2  -2.650492e+05  4.430124e+02
3  -1.022504e+05  4.605155e+02
4  -4.110235e+04  4.069134e+02
5  -1.777405e+04  4.740336e+02
6  -7.457447e+03  2.692524e+02
7  -2.990751e+03  5.724888e+01
8  -1.558101e+03  9.174155e+00
9  -6.464091e+02  -7.985164e+00
10  -2.814264e+02  -1.781974e+01
11  -1.445405e+02  -2.203064e+01
12  -1.012770e+02  -1.012660e+01
13  3.731749e+00  -4.469087e+00
14  4.164835e+01  -6.211381e-02
15  3.695837e+01  4.646945e-01
16  2.286596e+01  6.076937e-02
17  1.279625e+01  -1.293134e-02
18  5.966315e+00  -1.718513e-01
19  2.090654e+00  -1.178315e-01
20  -2.683634e-01  -1.200693e-01
21  -4.980235e-01  3.462073e-02
22  -4.027376e-01  6.491320e-02
23  -3.916165e-01  4.236390e-02
24  -2.984168e-01  -3.209471e-03
25  -1.463616e-01  -2.402820e-02
26  -2.827313e-02  -1.785231e-02
27  8.254028e-03  -8.264945e-03
28  1.403587e-02  -2.382048e-03
29  2.498668e-03  7.592523e-04
30  -7.236987e-03  1.393904e-03
31  -1.332133e-02  8.354945e-04
32  -1.423983e-02  -3.642345e-04
33  -9.296977e-03  -1.678425e-03
34  -8.486364e-03  -9.348524e-04
35  -1.765318e-02  1.449679e-03
36  6.027423e-04  3.447073e-03
37  3.678090e-02  -2.891105e-03
38  1.270066e-01  -1.080639e-02
39  2.382847e-01  -1.705204e-02
40  3.509563e-01  -1.416507e-02
41  5.486115e-01  1.390669e-02
42  6.819486e-01  1.964675e-02
43  7.287690e-01  -7.318457e-02
44  6.416715e-01  -2.132585e-01
45  -1.024658e+00  -3.582215e-01
46  -3.939847e+00  -6.408194e-02
47  -9.801250e+00  8.472658e-01
48  -1.804065e+01  1.621121e+00
49  -1.992781e+01  6.973890e-01
50  1.770974e-01  -2.205943e+00
51  3.117516e+01  -8.089851e+00
52  4.840980e+01  -1.393260e+01
53  7.603298e+01  -1.364059e+01
54  1.745382e+02  -2.221681e+01
55  2.585333e+02  -4.859133e+01
56  -7.609668e+01  -7.663124e+01
57  -1.098679e+03  -1.201198e+02
58  -2.582776e+03  -8.933097e+01
59  -1.056940e+04  -6.517848e+01
60  -3.417923e+04  -8.522400e+01
61  -9.993277e+04  -2.769931e+02
62  -2.685815e+05  -5.098762e+02
63  -9.354737e+05  -1.634778e+03
ENDPROP
STARTPROP
MASSES:  4.500000e-02   4.500000e-02
SOURCE: GAM_35
SINKS: GAM_35
0  8.680074e+04  -1.828073e+02
1  -9.099030e+05  8.076596e+02
2  -2.528943e+05  4.367111e+02
3  -9.023522e+04  4.848055e+02
4  -3.119365e+04  4.587431e+02
5  -1.136423e+04  2.109486e+02
6  -4.896310e+03  4.398976e+01
7  -2.585859e+03  2.721776e+00
8  -1.275138e+03  -2.603569e+01
9  -4.754639e+02  -2.414932e+01
10  -1.301968e+02  -1.028692e+01
11  -8.816122e-01  -5.995218e+00
12  6.827375e+00  -3.331381e+00
13  -7.717674e+00  -3.671279e+00
14  -9.942810e+00  -2.016585e+00
15  -4.780047e+00  -5.196177e-01
16  -7.171270e+00  5.805048e-02
17  -1.036690e+01  -8.932429e-02
18  -1.006893e+01  -2.258619e-01
19  -6.789012e+00  -2.373857e-01
20  -3.740238e+00  7.938466e-02
21  -1.896044e+00  1.526503e-01
22  -1.028619e+00  9.650414e-02
23  -4.982389e-01  7.375232e-02
24  -1.668834e-01  1.472918e-02
25  -7.388277e-02  -1.157567e-03
26  -1.535097e-02  -1.491451e-03
27  1.905485e-02  -2.126972e-03
28  2.484876e-02  1.471019e-03
29  2.564003e-02  3.856280e-03
30  1.633225e-02  3.015959e-03
31  1.623376e-02  1.962993e-03
32  1.592666e-02  1.692232e-03
33  1.208459e-02  1.258733e-03
34  5.997053e-03  2.003869e-03
35  3.376005e-03  1.931752e-03
36  -2.179769e-03  1.026745e-03
37  2.044591e-02  2.504455e-03
38  3.352304e-02  1.126460e-02
39  -6.690542e-03  2.090035e-02
40  -1.088316e-01  3.098285e-02
41  -1.365733e-01  4.893201e-02
42  -2.151118e-01  1.022734e-01
43  -7.194630e-01  1.532950e-01
44  -4.037831e-01  1.713693e-01
45  -5.717274e-01  -3.402341e-02
46  -3.025206e+00  -9.200510e-02
47  -7.170954e+00  -2.942888e-01
48  -3.930386e+00  -4.630101e-01
49  -1.243182e+01  -9.477248e-01
50  -3.932182e+01  -2.513238e+00
51  -8.569909e+01  -1.984592e+00
52  -1.339852e+02  -4.084368e+00
53  -7.865791e+01  -1.276116e+01
54  -1.674061e+01  -2.705264e+01
55  -9.626561e+01  -1.803517e+01
56  -3.014497e+02  1.090744e+01
57  -9.473704e+02  7.299909e+01
58  -2.215062e+03  5.095345e+01
59  -5.866673e+03  8.413324e+01
60  -2.402075e+04  9.584225e+01
61  -8.197063e+04  -2.269801e+01
62  -2.444191e+05  -6.137162e+02
63  -9.024482e+05  -6.017721e+02
ENDPROP
STARTPROP
MASSES:  4.500000e-02   4.500000e-02
SOURCE: GAM_45
SINKS: GAM_45
0  -1.097395e+06  5.772359e+01
1  1.034499e+06  2.448015e+02
2  4.711340e+05  7.536443e+02
3  2.937045e+05  1.176452e+02
4  1.829498e+05  3.204933e+02
5  1.103217e+05  2.252703e+02
6  6.709993e+04  2.060935e+02
7  3.989206e+04  1.772740e+02
8  2.431202e+04  1.519789e+02
9  1.461113e+04  1.314208e+02
10  8.847450e+03  8.472927e+01
11  5.403588e+03  5.935464e+01
12  3.303525e+03  3.826632e+01
13  2.032541e+03  1.869734e+01
14  1.238707e+03  9.153346e+00
15  7.509074e+02  6.197761e+00
16  4.676512e+02  4.431859e+00
17  2.830430e+02  2.848431e+00
18  1.706173e+02  1.730654e+00
19  1.042825e+02  1.208379e+00
20  6.284375e+01  6.904129e-01
21  3.769384e+01  3.871275e-01
22  2.235530e+01  2.337692e-01
23  1.320827e+01  1.177157e-01
24  8.058632e+00  5.846615e-02
25  4.885318e+00  2.724128e-02
26  2.959822e+00  6.697475e-03
27  1.819458e+00  -2.209599e-03
28  1.105334e+00  -4.361368e-03
29  6.907538e-01  -3.606989e-03
30  4.606451e-01  -2.140083e-03
31  3.361149e-01  -2.416377e-03
32  2.971951e-01  -3.130113e-03
33  3.405899e-01  -3.898774e-03
34  4.677999e-01  -5.768895e-03
35  7.149198e-01  -5.696007e-03
36  1.137793e+00  -6.503688e-03
37  1.860081e+00  -1.071671e-02
38  3.016076e+00  -2.273142e-02
39  4.966878e+00  -5.108226e-02
40  8.177063e+00  -8.490855e-02
41  1.343133e+01  -1.164500e-01
42  2.225892e+01  -2.059015e-01
43  3.687583e+01  -2.904826e-01
44  6.093182e+01  -1.969028e-01
45  1.010003e+02  1.121177e-01
46  1.697371e+02  7.481786e-02
47  2.829632e+02  1.133573e-01
48  4.707669e+02  6.058219e-01
49  7.857897e+02  3.698335e+00
50  1.312382e+03  7.017823e+00
51  2.165609e+03  8.970875e+00
52  3.585611e+03  9.210605e+00
53  5.945900e+03  2.090383e+01
54  9.738124e+03  3.652181e+01
55  1.590589e+04  4.125454e+01
56  2.638970e+04  4.869624e+01
57  4.378492e+04  8.359483e+01
58  7.283822e+04  4.154661e+01
59  1.178257e+05  -2.243294e+02
60  1.889295e+05  -1.051832e+02
61  3.061727e+05  2.376339e+02
62  4.844941e+05  2.306442e+02
63  1.031823e+06  4.967046e+02
ENDPROP
STARTPROP
MASSES:  4.500000e-02   4.500000e-02
SOURCE: PSAX4
SINKS: GAM_4
0  9.993022e+03  -1.878521e+03
1  1.634760e+06  -1.267390e+02
2  8.871356e+05  7.165789e+02
3  5.442502e+05  4.222209e+02
4  3.373337e+05  6.365502e+02
5  2.041748e+05  3.288141e+02
6  1.242377e+05  2.955822e+02
7  7.445146e+04  2.245528e+02
8  4.556327e+04  2.326804e+02
9  2.739422e+04  2.065082e+02
10  1.670609e+04  1.326630e+02
11  1.017297e+04  9.226534e+01
12  6.218996e+03  5.706140e+01
13  3.780723e+03  2.815987e+01
14  2.275193e+03  1.221473e+01
15  1.373106e+03  8.242527e+00
16  8.491225e+02  5.423916e+00
17  5.109267e+02  3.439588e+00
18  3.093713e+02  1.963579e+00
19  1.871414e+02  1.407477e+00
20  1.128723e+02  8.269070e-01
21  6.741583e+01  5.496425e-01
22  4.026653e+01  3.151094e-01
23  2.393484e+01  1.745569e-01
24  1.458572e+01  1.034319e-01
25  8.837440e+00  6.753628e-02
26  5.336048e+00  2.900846e-02
27  3.226580e+00  7.637810e-03
28  1.925325e+00  2.735618e-03
29  1.125348e+00  4.015593e-04
30  6.248294e-01  -9.314296e-05
31  2.674105e-01  -7.813584e-04
32  -2.373432e-02  -1.175106e-03
33  -3.232743e-01  -2.282074e-03
34  -7.005054e-01  -4.395862e-03
35  -1.249465e+00  -1.010873e-02
36  -2.099698e+00  -2.137461e-02
37  -3.484753e+00  -3.661160e-02
38  -5.676372e+00  -5.436772e-02
39  -9.263440e+00  -6.607021e-02
40  -1.511098e+01  -9.853425e-02
41  -2.455913e+01  -1.477954e-01
42  -4.037514e+01  -1.391017e-01
43  -6.659336e+01  -1.910656e-01
44  -1.096614e+02  -5.538423e-01
45  -1.809500e+02  -1.433592e+00
46  -3.035114e+02  -2.054856e+00
47  -5.015536e+02  -2.587352e+00
48  -8.301507e+02  -4.427723e+00
49  -1.375714e+03  -1.041185e+01
50  -2.286404e+03  -1.705777e+01
51  -3.768200e+03  -2.041952e+01
52  -6.205893e+03  -2.225892e+01
53  -1.025044e+04  -3.577590e+01
54  -1.687387e+04  -5.095946e+01
55  -2.758666e+04  -5.680301e+01
56  -4.585954e+04  -5.151989e+01
57  -7.590308e+04  -6.593073e+01
58  -1.263982e+05  8.316460e+01
59  -2.072082e+05  3.299791e+02
60  -3.350980e+05  1.680459e+02
61  -5.466691e+05  -3.511636e+02
62  -8.879024e+05  -7.493317e+02
63  -1.621238e+06  -1.579127e+03
ENDPROP
STARTPROP
MASSES:  4.500000e-02   4.500000e-02
SOURCE: WWPSAX4
SINKS: GAM_4
0  6.305521e+07  -2.052520e+07
1  1.454827e+09  -3.097976e+06
2  6.565422e+08  -2.782632e+06
3  3.612193e+08  -3.011734e+06
4  1.763123e+08  2.233386e+05
5  9.080542e+07  2.501260e+05
6  3.891738e+07  3.714362e+05
7  5.080217e+07  5.988267e+05
8  1.621090e+07  2.021528e+05
9  1.423242e+07  3.228487e+05
10  6.272838e+06  1.338305e+04
11  4.632677e+06  9.415519e+04
12  3.243627e+06  1.148145e+04
13  2.229793e+06  -6.980079e+03
14  9.934548e+05  -5.088657e+03
15  5.853920e+05  -1.812891e+03
16  5.431759e+05  9.525277e+03
17  2.084455e+05  1.076282e+03
18  1.430023e+05  8.996380e+02
19  7.676549e+04  4.289944e+03
20  5.389526e+04  -8.543607e+02
21  2.816921e+04  2.395283e+02
22  1.736485e+04  -7.506174e+02
23  1.013974e+04  -2.643479e+02
24  8.805208e+03  -6.073776e+01
25  5.052055e+03  4.904295e+01
26  2.481961e+03  6.624464e+01
27  1.886605e+03  8.660712e+01
28  1.090986e+03  -4.162273e+01
29  4.837687e+02  -1.174387e+01
30  1.886864e+02  3.220226e+00
31  1.164316e+02  -2.092892e+00
32  2.438404e+01  -8.963424e+00
33  -1.935402e+02  3.327481e+00
34  -2.775966e+02  1.490866e+01
35  -5.617425e+02  1.368169e+01
36  -1.734486e+03  3.593530e+01
37  -1.496574e+03  -8.644777e+01
38  -3.507478e+03  -7.544572e+01
39  -4.873018e+03  -1.154417e+02
40  -9.295768e+03  1.719965e+02
41  -1.156106e+04  2.812923e+02
42  -2.011936e+04  -6.818167e+02
43  -3.209707e+04  -3.572681e+02
44  -6.404403e+04  -1.398357e+03
45  -1.041444e+05  4.585857e+01
46  -1.539388e+05  6.035468e+03
47  -2.237934e+05  -8.805150e+03
48  -4.472190e+05  3.575701e+03
49  -4.975339e+05  -1.658724e+04
50  -7.793572e+05  6.346888e+02
51  -2.389604e+06  -8.567538e+04
52  -2.838791e+06  7.888688e+04
53  -6.234990e+06  -3.345975e+04
54  -5.741756e+06  -3.890276e+04
55  -1.445825e+07  -1.748739e+05
56  -2.642441e+07  9.331674e+04
57  -3.718786e+07  9.567697e+04
58  -5.452902e+07  -7.996593e+05
59  -7.389452e+07  -9.212475e+05
60  -1.420049e+08  6.586760e+05
61  -2.862059e+08  -3.713239e+06
62  -3.049053e+08  -4.371790e+06
63  -1.530441e+09  -5.939406e+05
ENDPROP
STARTPROP
MASSES:  4.500000e-02   4.500000e-02
SOURCE: WWGAM_5
SINKS: GAM_5
0  1.932744e+10  -4.733303e-01
1  2.012629e+09  -2.154821e+06
2  9.672445e+08  -4.961524e+06
3  5.260280e+08  -3.630756e+06
4  2.862911e+08  -1.572788e+06
5  1.658015e+08  5.817922e+04
6  8.422772e+07  4.599176e+05
7  7.258635e+07  5.343530e+05
8  3.222115e+07  4.038692e+05
9  2.320593e+07  3.058347e+05
10  1.150711e+07  2.055892e+05
11  7.846149e+06  4.506221e+04
12  4.921419e+06  1.198915e+04
13  3.547526e+06  3.319677e+04
14  1.917205e+06  2.651285e+04
15  1.032966e+06  2.915999e+03
16  8.275445e+05  1.161838e+04
17  3.728939e+05  6.559304e+03
18  2.333990e+05  2.575143e+03
19  1.500166e+05  3.973654e+03
20  9.232231e+04  1.996644e+02
21  4.874130e+04  4.301866e+02
22  3.126997e+04  -4.826893e+02
23  1.854261e+04  4.692245e+01
24  1.306123e+04  -1.604551e+02
25  7.469250e+03  -4.974861e+01
26  4.292440e+03  8.771867e+01
27  2.954262e+03  6.823699e+01
28  1.952519e+03  -3.554588e+01
29  8.754430e+02  -1.471526e+01
30  5.264141e+02  1.410269e+00
31  4.453091e+02  -6.058039e+00
32  4.448905e+02  4.294998e+00
33  5.168522e+02  2.750048e-01
34  6.102085e+02  -1.928294e+01
35  9.891571e+02  -1.061876e+01
36  2.568164e+03  -4.254101e+01
37  2.550678e+03  1.187914e+02
38  5.479123e+03  1.302626e+02
39  7.793874e+03  1.977270e+02
40  1.507815e+04  -2.239988e+02
41  1.980457e+04  -5.164258e+01
42  3.224076e+04  6.667355e+02
43  5.159210e+04  -5.800901e+01
44  9.887595e+04  1.819818e+03
45  1.843916e+05  3.836079e+03
46  2.903519e+05  -1.347419e+03
47  3.993958e+05  8.874033e+03
48  7.214188e+05  -7.506892e+02
49  9.526319e+05  1.818370e+04
50  1.468902e+06  -3.985899e+03
51  3.933643e+06  8.297815e+04
52  4.777646e+06  -5.068378e+04
53  9.093676e+06  6.228209e+04
54  1.157278e+07  1.758832e+05
55  2.471436e+07  2.429278e+05
56  4.034157e+07  4.813855e+04
57  6.140361e+07  -2.063734e+05
58  1.010278e+08  5.472152e+05
59  1.620003e+08  1.477809e+06
60  2.537255e+08  -1.855471e+05
61  5.087106e+08  3.367649e+06
62  6.338874e+08  1.869477e+06
63  2.186183e+09  3.024832e+06
ENDPROP
