STARTPROP
MASSES:  4.200000e-03   4.500000e-02
SOURCE: GAM_1
SINKS: GAM_1
0  1.181024e+06  -4.867991e+03
1  1.903531e+06  4.184637e+03
2  8.945262e+05  9.959639e+03
3  4.954107e+05  8.449168e+03
4  2.567670e+05  4.171771e+03
5  1.308939e+05  4.215198e+03
6  6.916651e+04  2.680815e+03
7  3.560999e+04  -8.658140e+02
8  1.865290e+04  2.235117e+02
9  1.061974e+04  1.088608e+03
10  6.265936e+03  7.282240e+02
11  3.960825e+03  8.465784e+02
12  2.678614e+03  7.435608e+02
13  1.864682e+03  4.869815e+02
14  9.554470e+02  2.656146e+02
15  3.382844e+02  7.863120e+00
16  1.617265e+02  -1.573011e+01
17  4.103478e+01  -2.862734e+01
18  3.199516e+01  -3.939747e+01
19  6.227515e+01  -2.281701e+01
20  2.925062e+01  -3.805358e+01
21  -2.195434e+00  -2.397125e+01
22  -1.674850e+01  -8.977462e+00
23  -2.002937e+01  -2.101359e+00
24  -1.127459e+01  -7.532673e+00
25  -6.359850e+00  -3.650690e+00
26  -9.330150e+00  -1.166055e+00
27  -7.715475e+00  9.357313e-01
28  -4.581159e+00  5.542971e+00
29  -1.421887e+00  7.908093e+00
30  -2.926746e-01  6.076800e+00
31  1.409581e+00  3.432780e+00
32  2.205076e+00  1.698840e+00
33  2.223113e+00  2.128175e+00
34  4.627589e+00  2.200871e+00
35  5.422558e+00  2.936477e+00
36  3.428758e+00  4.823761e+00
37  3.210973e+00  9.122804e+00
38  6.746311e+00  1.655881e+01
39  1.084811e+01  2.638673e+01
40  1.077625e+01  2.898526e+01
41  8.261953e+00  3.746649e+01
42  -2.093378e+00  3.027879e+01
43  -7.236189e+00  4.039515e+01
44  -1.043412e+01  3.605062e+01
45  -2.053819e+01  6.111026e+01
46  7.636346e+01  8.176412e+01
47  1.871955e+02  9.083990e+01
48  2.332687e+02  1.101664e+02
49  2.573637e+02  1.445653e+02
50  2.326243e+02  3.557658e+02
51  3.846830e+02  6.588719e+02
52  5.955257e+02  1.369069e+03
53  1.450758e+03  1.815004e+03
54  3.805492e+03  1.548562e+03
55  9.571220e+03  7.633838e+02
56  2.028943e+04  1.603225e+03
57  4.238349e+04  2.228151e+03
58  7.610221e+04  6.885975e+02
59  1.370027e+05  -3.315932e+03
60  2.562800e+05  -2.828321e+03
61  4.851547e+05  1.511355e+03
62  9.004623e+05  7.565967e+03
63  1.915700e+06  1.874957e+03
ENDPROP
STARTPROP
MASSES:  4.200000e-03   4.500000e-02
SOURCE: GAM_2
SINKS: GAM_2
0  1.299199e+06  1.939007e+03
1  1.994524e+06  1.633941e+04
2  9.610825e+05  1.768394e+04
3  5.378643e+05  1.655941e+04
4  2.770167e+05  1.251523e+04
5  1.388334e+05  4.981048e+03
6  7.107534e+04  1.823376e+03
7  3.298680e+04  9.118619e+02
8  1.531140e+04  1.574731e+03
9  6.989888e+03  4.864935e+02
10  2.742822e+03  -1.522754e+02
11  1.484864e+03  -1.394134e+02
12  6.589796e+02  -5.472790e+02
13  6.992553e+01  -8.842737e+02
14  1.139791e+02  -6.952478e+02
15  1.788178e+02  -4.888698e+02
16  3.334861e+01  -3.557922e+02
17  -3.562320e+01  -2.607802e+02
18  9.003747e+00  -1.603636e+02
19  1.524389e+01  -9.091351e+01
20  1.849620e+01  -3.092285e+01
21  3.217685e+01  1.690187e+01
22  3.011280e+01  1.834996e+01
23  1.324358e+01  1.145619e+01
24  1.499073e+01  8.061901e+00
25  1.420599e+01  1.103698e+01
26  8.279007e+00  1.093500e+01
27  4.510229e+00  8.277610e+00
28  1.478995e+00  7.485350e+00
29  4.538962e-01  4.467781e+00
30  8.227839e-01  2.307715e+00
31  6.104577e-01  3.873321e-01
32  -1.462484e+00  -7.184683e-01
33  -2.993947e+00  5.283348e-02
34  -2.875635e+00  4.444723e-01
35  -3.921282e+00  1.029814e+00
36  -4.437210e+00  -4.590434e-01
37  2.678956e-01  -6.205958e+00
38  3.376074e+00  -1.107624e+01
39  3.011414e+00  -9.490415e+00
40  5.259369e+00  4.533431e-01
41  9.678824e+00  2.705097e+00
42  -6.103546e-01  2.297262e+01
43  6.653304e+00  3.623176e+01
44  6.292509e+01  4.709060e+01
45  9.013616e+01  1.545815e+01
46  6.390521e+01  -6.471678e+01
47  1.218532e+02  -1.213634e+02
48  1.846768e+02  -1.701858e+02
49  2.613912e+01  -3.123403e+02
50  -1.402381e+02  -3.123595e+02
51  2.785348e+02  -4.459731e+02
52  1.064659e+03  -4.904443e+02
53  3.360169e+03  -6.400939e+02
54  7.167394e+03  -1.853364e+03
55  1.497470e+04  -2.847926e+03
56  2.686327e+04  -1.606221e+03
57  5.012966e+04  1.554886e+03
58  9.147619e+04  3.356207e+03
59  1.589916e+05  8.928298e+03
60  2.831595e+05  1.510924e+04
61  5.042789e+05  1.673890e+04
62  9.296499e+05  9.363664e+03
63  1.979984e+06  1.905445e+03
ENDPROP
STARTPROP
MASSES:  4.200000e-03   4.500000e-02
SOURCE: GAM_3
SINKS: GAM_3
0  1.233080e+06  -5.455803e+02
1  1.937893e+06  1.046386e+04
2  8.954193e+05  9.625886e+03
3  4.660556e+05  1.437328e+03
4  2.413826e+05  7.952344e+01
5  1.321597e+05  -2.071222e+03
6  7.080557e+04  -1.493073e+03
7  3.409046e+04  -2.254121e+03
8  1.541383e+04  -1.177921e+03
9  8.607335e+03  -7.827766e+02
10  5.348281e+03  -6.951902e+02
11  4.110710e+03  -5.092823e+02
12  2.959082e+03  -1.457303e+02
13  1.545741e+03  -1.278521e+02
14  4.925080e+02  -8.245899e+01
15  5.296275e+01  1.820716e+01
16  -8.013930e+01  -2.095581e+01
17  -1.027694e+02  -8.588618e+01
18  -9.816300e+01  -7.870033e+01
19  -6.762761e+01  -6.850896e+01
20  -4.865850e+01  -4.104961e+01
21  -3.989430e+01  -5.341081e+01
22  -2.559978e+01  -4.288457e+01
23  -2.313521e+01  -2.400957e+01
24  -1.105319e+01  -7.131037e+00
25  -7.233434e+00  -1.795505e+00
26  -5.376094e+00  2.859897e+00
27  4.467485e-01  5.548642e+00
28  3.770820e+00  6.283979e+00
29  7.139645e+00  4.112135e+00
30  8.103986e+00  1.824980e+00
31  6.278303e+00  1.249935e+00
32  5.151250e+00  8.776750e-01
33  2.961451e+00  2.038847e-01
34  3.987718e+00  6.022840e-03
35  5.240712e+00  3.849644e-01
36  4.036665e+00  1.694638e+00
37  5.973075e+00  3.466344e+00
38  9.367400e+00  3.798876e+00
39  8.645849e+00  1.768614e+00
40  -5.078975e+00  3.519208e+00
41  -1.436599e+01  1.111623e+01
42  -2.210363e+01  2.190282e+01
43  -3.225879e+01  1.457451e+01
44  4.124624e+00  -1.541186e+01
45  3.561890e+01  -6.064082e+01
46  4.348143e+01  -2.489659e+01
47  2.616431e+01  -3.516261e+01
48  1.409456e+02  -5.087914e+01
49  -7.742169e+01  8.368705e+01
50  -2.796436e+02  2.235749e+02
51  1.371653e+02  6.126935e+01
52  9.247404e+02  -4.290101e+02
53  1.872996e+03  -5.245672e+02
54  5.591432e+03  5.359353e+02
55  1.234051e+04  6.439949e+02
56  2.297317e+04  7.703107e+01
57  4.404408e+04  -9.216799e+02
58  8.061833e+04  -1.131987e+03
59  1.439682e+05  -1.708621e+03
60  2.667742e+05  -5.481282e+03
61  4.909313e+05  -1.325823e+04
62  9.173411e+05  -1.241460e+04
63  1.949441e+06  -5.350417e+03
ENDPROP
STARTPROP
MASSES:  4.200000e-03   4.500000e-02
SOURCE: GAM_4
SINKS: GAM_4
0  2.120568e+06  -3.072885e+04
1  -2.952517e+05  -3.189492e+04
2  -2.071146e+03  -2.694102e+04
3  -3.805694e+03  -2.067386e+04
4  5.034926e+03  -1.510068e+04
5  2.971265e+03  -1.129733e+04
6  2.675617e+03  -6.662753e+03
7  2.335432e+03  -3.426425e+03
8  7.427499e+02  -1.530903e+03
9  2.220487e+02  -1.951771e+02
10  -2.549812e+02  1.585264e+02
11  9.649516e+01  3.215188e+02
12  -2.498513e+02  -1.518041e+02
13  -2.685748e+02  -5.380402e+01
14  -2.232158e+02  -1.974904e+02
15  -1.266605e+02  -1.587425e+02
16  -1.264828e+02  -9.191715e+01
17  -8.945510e+01  -9.327711e+01
18  -3.305470e+01  -6.575225e+01
19  -2.783227e+01  -4.956190e+01
20  -3.136663e+01  -3.775320e+01
21  -2.019941e+01  -2.580352e+01
22  -2.034669e+01  -1.429334e+01
23  -1.738288e+01  -1.105685e+01
24  -1.698906e+01  -4.570259e+00
25  -1.303547e+01  -7.815492e+00
26  -1.121419e+01  -3.992867e+00
27  -8.711850e+00  -3.898085e+00
28  -6.669010e+00  -3.319243e+00
29  -4.467266e+00  -2.031370e+00
30  -4.079385e+00  -1.200662e+00
31  -4.142998e+00  -6.005999e-01
32  -3.441150e+00  -4.024101e-01
33  -3.674940e+00  1.511348e-01
34  -3.789655e+00  7.895452e-02
35  -3.563088e+00  1.203018e+00
36  -3.065894e+00  1.785453e+00
37  -4.193761e+00  3.275624e+00
38  -2.450632e+00  2.693607e+00
39  2.395109e-01  4.427746e+00
40  9.094892e-02  2.726014e+00
41  5.636863e+00  1.996698e+00
42  8.079205e+00  -2.152232e+00
43  2.095235e+00  3.215265e+00
44  -6.850885e+00  2.970943e+00
45  -1.773360e+01  1.640280e+01
46  -2.051281e+01  4.735216e+01
47  -2.436399e+01  5.577887e+01
48  2.616828e+01  -2.472208e+01
49  8.679742e+01  -8.893302e+01
50  1.113925e+02  -1.042952e+02
51  -8.097482e+00  -3.167557e+02
52  6.487212e+01  -6.158237e+02
53  1.438099e+02  -8.568915e+02
54  -1.896804e+02  -1.367726e+03
55  -7.885162e+02  -1.777408e+03
56  -1.702253e+03  -2.899774e+03
57  -2.433574e+03  -3.999475e+03
58  -4.669172e+03  -6.864826e+03
59  -5.880972e+03  -1.128602e+04
60  -1.022783e+04  -1.452764e+04
61  -1.662929e+04  -1.494823e+04
62  -2.119316e+04  -1.691562e+04
63  -3.025257e+05  -2.188590e+04
ENDPROP
STARTPROP
MASSES:  4.200000e-03   4.500000e-02
SOURCE: GAM_5
SINKS: GAM_5
0  6.970999e+06  -4.700537e+04
1  6.871752e+06  -2.671205e+04
2  4.880595e+06  -3.920652e+04
3  3.545110e+06  -3.370473e+04
4  2.492750e+06  -7.574281e+03
5  1.690809e+06  5.613661e+03
6  1.150688e+06  7.545688e+03
7  7.934371e+05  6.253551e+03
8  5.511660e+05  5.701425e+03
9  3.816252e+05  3.870550e+03
10  2.632336e+05  3.566747e+03
11  1.820802e+05  3.717121e+03
12  1.253711e+05  2.870256e+03
13  8.577070e+04  2.513457e+03
14  5.800576e+04  2.077763e+03
15  3.978138e+04  1.641832e+03
16  2.735542e+04  1.098247e+03
17  1.884813e+04  6.972828e+02
18  1.297975e+04  3.801280e+02
19  8.756309e+03  2.783336e+02
20  5.909088e+03  1.668731e+02
21  4.023076e+03  9.308312e+01
22  2.801462e+03  1.130635e+02
23  1.953517e+03  1.098410e+02
24  1.349959e+03  7.330662e+01
25  9.263653e+02  3.457111e+01
26  6.242172e+02  9.024053e+00
27  4.174009e+02  -5.800426e+00
28  2.932130e+02  -9.489114e+00
29  2.173502e+02  -9.254060e+00
30  1.695325e+02  -7.171783e+00
31  1.523313e+02  -6.183799e+00
32  1.556005e+02  -5.689161e+00
33  1.769425e+02  -4.128314e+00
34  2.195956e+02  -5.907950e+00
35  2.906106e+02  -1.327792e+01
36  3.961530e+02  -2.930314e+01
37  5.421686e+02  -5.590177e+01
38  7.523778e+02  -7.390562e+01
39  1.091078e+03  -8.993764e+01
40  1.592050e+03  -9.101745e+01
41  2.325472e+03  -8.965136e+01
42  3.338727e+03  -8.379718e+01
43  4.661144e+03  -1.062512e+02
44  6.644224e+03  -9.689615e+01
45  9.681868e+03  2.255863e+01
46  1.395117e+04  4.141516e+02
47  2.003481e+04  9.688729e+02
48  2.894720e+04  1.466798e+03
49  4.289934e+04  2.119324e+03
50  6.258319e+04  3.283368e+03
51  9.108616e+04  4.007547e+03
52  1.332079e+05  4.203299e+03
53  1.903098e+05  5.310894e+03
54  2.737206e+05  7.504498e+03
55  3.986058e+05  1.293677e+04
56  5.786396e+05  1.626825e+04
57  8.466512e+05  1.749196e+04
58  1.217449e+06  1.582347e+04
59  1.711149e+06  1.736344e+04
60  2.395025e+06  2.419431e+04
61  3.381785e+06  2.203064e+04
62  4.736918e+06  -2.944758e+03
63  6.812859e+06  -4.134584e+04
ENDPROP
STARTPROP
MASSES:  4.200000e-03   4.500000e-02
SOURCE: GAM_12
SINKS: GAM_12
0  8.368354e+05  -7.221916e+03
1  -6.907175e+05  -2.316791e+04
2  -1.686463e+05  -2.033933e+04
3  -6.414543e+04  -1.644540e+04
4  -1.777745e+04  -6.654586e+03
5  -4.096206e+03  -3.182347e+03
6  -2.604962e+03  -1.546543e+02
7  -6.581569e+02  -7.147741e+02
8  1.949665e+03  4.506018e+00
9  1.921984e+03  1.385647e+02
10  1.085451e+03  -7.106155e+00
11  6.188244e+02  3.601456e+01
12  2.884569e+01  3.479793e+02
13  -2.560798e+02  2.301336e+02
14  -1.740960e+02  2.114353e+02
15  -7.722680e+01  1.428834e+02
16  -5.614660e+01  6.526627e+01
17  -5.152815e+00  2.120433e+01
18  4.482205e+01  1.656563e+01
19  4.883415e+01  2.455747e+01
20  4.766839e+01  6.134572e+01
21  3.972998e+01  5.765374e+01
22  1.629271e+01  4.965202e+01
23  -1.402185e-01  3.476272e+01
24  4.962638e+00  1.631597e+01
25  5.793126e+00  8.258680e+00
26  2.590839e+00  -3.161368e-02
27  1.282852e+00  -3.389699e+00
28  -1.607196e+00  -1.158808e+00
29  -2.521219e+00  6.581700e-02
30  -1.368513e+00  6.924351e-01
31  2.415960e-02  1.393375e+00
32  7.575752e-01  2.230084e+00
33  1.106052e+00  2.318210e+00
34  1.191685e+00  1.502981e+00
35  2.191234e+00  2.428001e+00
36  3.566257e+00  2.704166e+00
37  3.683768e+00  2.685411e+00
38  4.603206e+00  8.781582e+00
39  6.216096e+00  1.155455e+01
40  5.370763e+00  1.371384e+01
41  -1.339616e+01  7.471273e+00
42  -4.384273e+01  -2.312843e+00
43  -6.602527e+01  2.243197e+01
44  -7.254718e+01  6.130990e+01
45  -5.034328e+01  1.037993e+02
46  -8.657126e+01  1.126115e+02
47  -1.771746e+02  1.223474e+02
48  -2.476282e+02  1.624574e+02
49  -2.436413e+02  1.269021e+02
50  -3.037094e+02  2.466351e+02
51  2.568526e+01  2.673244e+02
52  6.800610e+02  5.965389e+02
53  1.070363e+03  5.247220e+02
54  1.089368e+03  3.152873e+02
55  -1.157789e+02  2.530668e+02
56  -7.071397e+02  4.009826e+02
57  -1.862805e+03  -3.062969e+02
58  -3.277958e+03  -5.377617e+02
59  -8.517034e+03  -1.145083e+03
60  -1.928735e+04  -1.007442e+03
61  -5.109575e+04  -8.006321e+02
62  -1.489972e+05  -2.066217e+03
63  -6.699547e+05  -3.239851e+03
ENDPROP
STARTPROP
MASSES:  4.200000e-03   4.500000e-02
SOURCE: GAM_21
SINKS: GAM_21
0  8.368354e+05  -7.221916e+03
1  -6.907175e+05  -2.316791e+04
2  -1.686463e+05  -2.033933e+04
3  -6.414543e+04  -1.644540e+04
4  -1.777745e+04  -6.654586e+03
5  -4.096206e+03  -3.182347e+03
6  -2.604962e+03  -1.546543e+02
7  -6.581569e+02  -7.147741e+02
8  1.949665e+03  4.506018e+00
9  1.921984e+03  1.385647e+02
10  1.085451e+03  -7.106155e+00
11  6.188244e+02  3.601456e+01
12  2.884569e+01  3.479793e+02
13  -2.560798e+02  2.301336e+02
14  -1.740960e+02  2.114353e+02
15  -7.722680e+01  1.428834e+02
16  -5.614660e+01  6.526627e+01
17  -5.152815e+00  2.120433e+01
18  4.482205e+01  1.656563e+01
19  4.883415e+01  2.455747e+01
20  4.766839e+01  6.134572e+01
21  3.972998e+01  5.765374e+01
22  1.629271e+01  4.965202e+01
23  -1.402185e-01  3.476272e+01
24  4.962638e+00  1.631597e+01
25  5.793126e+00  8.258680e+00
26  2.590839e+00  -3.161368e-02
27  1.282852e+00  -3.389699e+00
28  -1.607196e+00  -1.158808e+00
29  -2.521219e+00  6.581700e-02
30  -1.368513e+00  6.924351e-01
31  2.415960e-02  1.393375e+00
32  7.575752e-01  2.230084e+00
33  1.106052e+00  2.318210e+00
34  1.191685e+00  1.502981e+00
35  2.191234e+00  2.428001e+00
36  3.566257e+00  2.704166e+00
37  3.683768e+00  2.685411e+00
38  4.603206e+00  8.781582e+00
39  6.216096e+00  1.155455e+01
40  5.370763e+00  1.371384e+01
41  -1.339616e+01  7.471273e+00
42  -4.384273e+01  -2.312843e+00
43  -6.602527e+01  2.243197e+01
44  -7.254718e+01  6.130990e+01
45  -5.034328e+01  1.037993e+02
46  -8.657126e+01  1.126115e+02
47  -1.771746e+02  1.223474e+02
48  -2.476282e+02  1.624574e+02
49  -2.436413e+02  1.269021e+02
50  -3.037094e+02  2.466351e+02
51  2.568526e+01  2.673244e+02
52  6.800610e+02  5.965389e+02
53  1.070363e+03  5.247220e+02
54  1.089368e+03  3.152873e+02
55  -1.157789e+02  2.530668e+02
56  -7.071397e+02  4.009826e+02
57  -1.862805e+03  -3.062969e+02
58  -3.277958e+03  -5.377617e+02
59  -8.517034e+03  -1.145083e+03
60  -1.928735e+04  -1.007442e+03
61  -5.109575e+04  -8.006321e+02
62  -1.489972e+05  -2.066217e+03
63  -6.699547e+05  -3.239851e+03
ENDPROP
STARTPROP
MASSES:  4.200000e-03   4.500000e-02
SOURCE: GAM_13
SINKS: GAM_13
0  8.316400e+05  -4.627251e+03
1  -6.775065e+05  -1.643836e+04
2  -1.575699e+05  -1.814422e+04
3  -6.684833e+04  -1.196390e+04
4  -2.668280e+04  -8.496399e+03
5  -1.443309e+04  -2.353664e+03
6  -9.337177e+03  1.132813e+02
7  -5.846885e+03  -8.742438e+02
8  -2.533535e+03  -8.199667e+02
9  -1.317065e+03  -8.481358e+02
10  -3.834190e+02  -6.084005e+02
11  -8.482397e+02  1.134520e+02
12  -9.256607e+02  8.933913e+01
13  -6.976169e+02  2.217488e+02
14  -4.538595e+02  1.872325e+02
15  -1.794551e+02  1.193687e+02
16  -2.189743e+02  -6.136553e+01
17  -1.787586e+02  -1.496734e+02
18  -8.605105e+01  -1.646285e+02
19  -3.513158e+01  -7.024341e+01
20  -3.170395e+01  -4.365810e+01
21  -2.345052e+01  -2.009724e+01
22  -2.516506e+01  -4.112712e+00
23  -1.227161e+01  -6.060402e+00
24  -5.344939e+00  -3.775517e+00
25  -3.707596e+00  -6.878760e+00
26  -1.859531e+00  -3.448747e+00
27  -3.263805e+00  1.493630e+00
28  -1.691274e+00  2.907601e+00
29  -3.548813e-01  2.946168e+00
30  -2.380615e-01  2.309449e+00
31  -1.024599e+00  2.140174e+00
32  -1.180628e+00  2.038696e+00
33  -5.469155e-01  1.697826e+00
34  1.061337e+00  4.355444e-01
35  2.472518e+00  2.995049e-01
36  5.111815e+00  -1.687032e+00
37  5.297854e+00  -2.383827e+00
38  3.363335e+00  -3.620719e+00
39  4.427650e+00  -2.345732e+00
40  1.056742e+01  4.811351e+00
41  1.687141e+01  9.940405e+00
42  1.924029e+01  1.305746e+01
43  2.965950e+01  8.347865e-01
44  1.570959e+01  -1.798607e+01
45  1.547808e+01  -7.907138e+01
46  2.967474e+01  -1.404866e+02
47  4.221372e+01  -1.713789e+02
48  -1.214019e+01  -2.106551e+02
49  6.660693e+01  -2.510657e+02
50  2.387314e+02  -3.739320e+02
51  3.677379e+02  -4.205255e+02
52  4.629309e+02  -2.086781e+02
53  1.045362e+02  -5.006816e+02
54  2.168120e+02  -4.946973e+02
55  6.578659e+01  7.723422e+01
56  -6.859927e+02  6.391336e+02
57  -1.251266e+03  -4.709827e+02
58  -2.378453e+03  -1.191947e+03
59  -9.826915e+03  -1.430191e+03
60  -3.166305e+04  -2.551997e+03
61  -8.432151e+04  3.975479e+03
62  -1.895608e+05  3.904161e+03
63  -7.091849e+05  3.899358e+03
ENDPROP
STARTPROP
MASSES:  4.200000e-03   4.500000e-02
SOURCE: GAM_31
SINKS: GAM_31
0  8.316400e+05  -4.627251e+03
1  -6.775065e+05  -1.643836e+04
2  -1.575699e+05  -1.814422e+04
3  -6.684833e+04  -1.196390e+04
4  -2.668280e+04  -8.496399e+03
5  -1.443309e+04  -2.353664e+03
6  -9.337177e+03  1.132813e+02
7  -5.846885e+03  -8.742438e+02
8  -2.533535e+03  -8.199667e+02
9  -1.317065e+03  -8.481358e+02
10  -3.834190e+02  -6.084005e+02
11  -8.482397e+02  1.134520e+02
12  -9.256607e+02  8.933913e+01
13  -6.976169e+02  2.217488e+02
14  -4.538595e+02  1.872325e+02
15  -1.794551e+02  1.193687e+02
16  -2.189743e+02  -6.136553e+01
17  -1.787586e+02  -1.496734e+02
18  -8.605105e+01  -1.646285e+02
19  -3.513158e+01  -7.024341e+01
20  -3.170395e+01  -4.365810e+01
21  -2.345052e+01  -2.009724e+01
22  -2.516506e+01  -4.112712e+00
23  -1.227161e+01  -6.060402e+00
24  -5.344939e+00  -3.775517e+00
25  -3.707596e+00  -6.878760e+00
26  -1.859531e+00  -3.448747e+00
27  -3.263805e+00  1.493630e+00
28  -1.691274e+00  2.907601e+00
29  -3.548813e-01  2.946168e+00
30  -2.380615e-01  2.309449e+00
31  -1.024599e+00  2.140174e+00
32  -1.180628e+00  2.038696e+00
33  -5.469155e-01  1.697826e+00
34  1.061337e+00  4.355444e-01
35  2.472518e+00  2.995049e-01
36  5.111815e+00  -1.687032e+00
37  5.297854e+00  -2.383827e+00
38  3.363335e+00  -3.620719e+00
39  4.427650e+00  -2.345732e+00
40  1.056742e+01  4.811351e+00
41  1.687141e+01  9.940405e+00
42  1.924029e+01  1.305746e+01
43  2.965950e+01  8.347865e-01
44  1.570959e+01  -1.798607e+01
45  1.547808e+01  -7.907138e+01
46  2.967474e+01  -1.404866e+02
47  4.221372e+01  -1.713789e+02
48  -1.214019e+01  -2.106551e+02
49  6.660693e+01  -2.510657e+02
50  2.387314e+02  -3.739320e+02
51  3.677379e+02  -4.205255e+02
52  4.629309e+02  -2.086781e+02
53  1.045362e+02  -5.006816e+02
54  2.168120e+02  -4.946973e+02
55  6.578659e+01  7.723422e+01
56  -6.859927e+02  6.391336e+02
57  -1.251266e+03  -4.709827e+02
58  -2.378453e+03  -1.191947e+03
59  -9.826915e+03  -1.430191e+03
60  -3.166305e+04  -2.551997e+03
61  -8.432151e+04  3.975479e+03
62  -1.895608e+05  3.904161e+03
63  -7.091849e+05  3.899358e+03
ENDPROP
STARTPROP
MASSES:  4.200000e-03   4.500000e-02
SOURCE: GAM_14
SINKS: GAM_14
0  3.368900e+04  1.135907e+04
1  1.355377e+06  1.274917e+04
2  5.874445e+05  5.145764e+03
3  3.149056e+05  -2.650781e+03
4  1.646612e+05  -8.706644e+03
5  8.807501e+04  -7.865096e+03
6  5.086765e+04  -4.384743e+03
7  2.848771e+04  -1.003777e+03
8  1.647920e+04  2.434490e+02
9  9.733812e+03  -4.473220e+02
10  5.083512e+03  1.606616e+02
11  2.929444e+03  3.952289e+02
12  1.988141e+03  1.936084e+02
13  1.388090e+03  -2.491477e+01
14  7.857764e+02  -1.036994e+02
15  3.264938e+02  -9.471883e+01
16  1.281074e+02  -1.395518e+02
17  8.301761e+01  -1.449802e+02
18  7.400029e+01  -1.004374e+02
19  7.007248e+01  -1.064400e+02
20  4.123971e+01  -7.635697e+01
21  1.261116e+01  -3.444374e+01
22  -1.824962e+01  -1.432321e+01
23  -1.291517e+01  2.134974e+00
24  -1.200731e+01  5.937764e+00
25  -1.019977e+00  1.022313e+01
26  7.009804e-01  9.342288e+00
27  8.671724e-01  3.799746e+00
28  2.020563e+00  1.287269e+00
29  3.334899e-01  1.445840e-02
30  5.054175e-01  -3.482410e-01
31  2.089442e+00  4.285799e-02
32  2.154533e+00  2.846511e-02
33  3.082854e+00  3.196757e-01
34  3.044054e+00  -9.972842e-01
35  2.308172e+00  -5.382061e-01
36  2.201245e+00  4.311634e-01
37  4.548097e+00  -1.556101e-01
38  8.559544e+00  5.544064e+00
39  1.275035e+01  1.700370e+01
40  1.273845e+01  1.554039e+01
41  6.479022e+00  1.840004e+01
42  -6.710631e+00  1.609813e+01
43  -1.754698e+01  2.352816e+01
44  -8.714597e+00  3.689343e+01
45  1.079842e+01  6.518060e+01
46  8.342128e+01  1.172476e+02
47  1.060991e+02  2.202593e+02
48  2.715797e+02  2.740821e+02
49  5.120765e+02  3.575345e+02
50  6.834943e+02  3.642382e+02
51  1.535982e+03  4.051192e+02
52  2.239741e+03  6.252133e+02
53  3.376839e+03  7.270461e+02
54  4.578077e+03  9.695367e+02
55  6.741672e+03  1.561141e+03
56  1.212786e+04  1.258864e+03
57  2.169697e+04  3.121797e+03
58  4.404049e+04  3.899335e+03
59  8.146646e+04  2.890365e+03
60  1.537256e+05  3.386409e+03
61  2.919547e+05  6.398750e+03
62  5.524832e+05  7.407083e+03
63  1.326124e+06  6.187609e+03
ENDPROP
STARTPROP
MASSES:  4.200000e-03   4.500000e-02
SOURCE: GAM_41
SINKS: GAM_41
0  3.368900e+04  1.135907e+04
1  1.355377e+06  1.274917e+04
2  5.874445e+05  5.145764e+03
3  3.149056e+05  -2.650781e+03
4  1.646612e+05  -8.706644e+03
5  8.807501e+04  -7.865096e+03
6  5.086765e+04  -4.384743e+03
7  2.848771e+04  -1.003777e+03
8  1.647920e+04  2.434490e+02
9  9.733812e+03  -4.473220e+02
10  5.083512e+03  1.606616e+02
11  2.929444e+03  3.952289e+02
12  1.988141e+03  1.936084e+02
13  1.388090e+03  -2.491477e+01
14  7.857764e+02  -1.036994e+02
15  3.264938e+02  -9.471883e+01
16  1.281074e+02  -1.395518e+02
17  8.301761e+01  -1.449802e+02
18  7.400029e+01  -1.004374e+02
19  7.007248e+01  -1.064400e+02
20  4.123971e+01  -7.635697e+01
21  1.261116e+01  -3.444374e+01
22  -1.824962e+01  -1.432321e+01
23  -1.291517e+01  2.134974e+00
24  -1.200731e+01  5.937764e+00
25  -1.019977e+00  1.022313e+01
26  7.009804e-01  9.342288e+00
27  8.671724e-01  3.799746e+00
28  2.020563e+00  1.287269e+00
29  3.334899e-01  1.445840e-02
30  5.054175e-01  -3.482410e-01
31  2.089442e+00  4.285799e-02
32  2.154533e+00  2.846511e-02
33  3.082854e+00  3.196757e-01
34  3.044054e+00  -9.972842e-01
35  2.308172e+00  -5.382061e-01
36  2.201245e+00  4.311634e-01
37  4.548097e+00  -1.556101e-01
38  8.559544e+00  5.544064e+00
39  1.275035e+01  1.700370e+01
40  1.273845e+01  1.554039e+01
41  6.479022e+00  1.840004e+01
42  -6.710631e+00  1.609813e+01
43  -1.754698e+01  2.352816e+01
44  -8.714597e+00  3.689343e+01
45  1.079842e+01  6.518060e+01
46  8.342128e+01  1.172476e+02
47  1.060991e+02  2.202593e+02
48  2.715797e+02  2.740821e+02
49  5.120765e+02  3.575345e+02
50  6.834943e+02  3.642382e+02
51  1.535982e+03  4.051192e+02
52  2.239741e+03  6.252133e+02
53  3.376839e+03  7.270461e+02
54  4.578077e+03  9.695367e+02
55  6.741672e+03  1.561141e+03
56  1.212786e+04  1.258864e+03
57  2.169697e+04  3.121797e+03
58  4.404049e+04  3.899335e+03
59  8.146646e+04  2.890365e+03
60  1.537256e+05  3.386409e+03
61  2.919547e+05  6.398750e+03
62  5.524832e+05  7.407083e+03
63  1.326124e+06  6.187609e+03
ENDPROP
STARTPROP
MASSES:  4.200000e-03   4.500000e-02
SOURCE: GAM_23
SINKS: GAM_23
0  7.911099e+05  1.064622e+04
1  -7.227022e+05  -1.586242e+03
2  -1.862383e+05  -7.921187e+03
3  -6.954621e+04  -4.448018e+03
4  -2.669356e+04  -4.097264e+03
5  -1.037321e+04  -9.804497e+02
6  -6.106151e+03  -6.500296e+02
7  -3.460708e+03  -1.295274e+03
8  -4.054218e+03  -8.374004e+02
9  -1.920242e+03  -2.601188e+02
10  -4.891214e+02  1.883784e+02
11  -2.231604e+02  5.680908e+02
12  -2.183921e+02  4.885220e+02
13  -3.048779e+02  3.319751e+02
14  -3.130008e+02  2.066367e+02
15  -1.548185e+02  2.634871e+01
16  -1.994924e+02  7.618824e+00
17  -1.635225e+02  1.538711e+01
18  -7.979107e+01  1.860340e+01
19  -1.406680e+00  2.792780e+01
20  1.233391e+01  -4.049942e-01
21  1.160061e+01  3.817122e+00
22  1.245069e+01  1.484396e+01
23  7.851343e+00  1.201981e+01
24  1.776403e+00  5.065352e+00
25  4.352337e-01  -1.990973e+00
26  3.041787e+00  -5.717250e+00
27  3.328767e+00  -3.960100e+00
28  1.305640e+00  -2.518357e+00
29  2.566227e-02  -3.378660e-01
30  -6.507624e-01  1.671041e+00
31  -1.699630e+00  3.607475e-01
32  -2.687958e+00  4.637545e-02
33  -2.226680e+00  7.186830e-01
34  -2.711782e+00  5.925688e-01
35  -3.783458e+00  -1.738162e-01
36  -4.939675e+00  -8.022935e-01
37  -4.296140e+00  -1.284013e+00
38  -4.014018e+00  8.589879e-02
39  -5.716521e+00  4.104546e+00
40  -1.294951e+01  7.465876e+00
41  -2.687369e+01  9.869868e-01
42  -2.942802e+01  -1.308043e+01
43  -1.996374e+01  -2.051738e+01
44  -1.475749e+01  -3.726292e+01
45  -3.166500e+01  -9.837610e+01
46  -5.821963e+01  -1.186035e+02
47  3.791745e+01  -1.159186e+02
48  -4.834562e+01  -2.232845e+02
49  -2.245137e+01  -4.408991e+02
50  -1.039206e+01  -3.981014e+02
51  2.617236e+02  -4.402888e+02
52  2.292783e+02  -4.110709e+02
53  4.266400e+02  -6.335345e+02
54  9.967063e+02  -9.991168e+02
55  8.422370e+02  -1.148547e+03
56  -3.038236e+02  -9.332944e+02
57  -2.829411e+03  -1.144227e+03
58  -6.369582e+03  -1.996148e+03
59  -1.293050e+04  4.251039e+02
60  -3.312806e+04  5.319710e+03
61  -8.295500e+04  1.238451e+04
62  -1.891055e+05  1.496364e+04
63  -7.199174e+05  1.036014e+04
ENDPROP
STARTPROP
MASSES:  4.200000e-03   4.500000e-02
SOURCE: GAM_32
SINKS: GAM_32
0  7.911099e+05  1.064622e+04
1  -7.227022e+05  -1.586242e+03
2  -1.862383e+05  -7.921187e+03
3  -6.954621e+04  -4.448018e+03
4  -2.669356e+04  -4.097264e+03
5  -1.037321e+04  -9.804497e+02
6  -6.106151e+03  -6.500296e+02
7  -3.460708e+03  -1.295274e+03
8  -4.054218e+03  -8.374004e+02
9  -1.920242e+03  -2.601188e+02
10  -4.891214e+02  1.883784e+02
11  -2.231604e+02  5.680908e+02
12  -2.183921e+02  4.885220e+02
13  -3.048779e+02  3.319751e+02
14  -3.130008e+02  2.066367e+02
15  -1.548185e+02  2.634871e+01
16  -1.994924e+02  7.618824e+00
17  -1.635225e+02  1.538711e+01
18  -7.979107e+01  1.860340e+01
19  -1.406680e+00  2.792780e+01
20  1.233391e+01  -4.049942e-01
21  1.160061e+01  3.817122e+00
22  1.245069e+01  1.484396e+01
23  7.851343e+00  1.201981e+01
24  1.776403e+00  5.065352e+00
25  4.352337e-01  -1.990973e+00
26  3.041787e+00  -5.717250e+00
27  3.328767e+00  -3.960100e+00
28  1.305640e+00  -2.518357e+00
29  2.566227e-02  -3.378660e-01
30  -6.507624e-01  1.671041e+00
31  -1.699630e+00  3.607475e-01
32  -2.687958e+00  4.637545e-02
33  -2.226680e+00  7.186830e-01
34  -2.711782e+00  5.925688e-01
35  -3.783458e+00  -1.738162e-01
36  -4.939675e+00  -8.022935e-01
37  -4.296140e+00  -1.284013e+00
38  -4.014018e+00  8.589879e-02
39  -5.716521e+00  4.104546e+00
40  -1.294951e+01  7.465876e+00
41  -2.687369e+01  9.869868e-01
42  -2.942802e+01  -1.308043e+01
43  -1.996374e+01  -2.051738e+01
44  -1.475749e+01  -3.726292e+01
45  -3.166500e+01  -9.837610e+01
46  -5.821963e+01  -1.186035e+02
47  3.791745e+01  -1.159186e+02
48  -4.834562e+01  -2.232845e+02
49  -2.245137e+01  -4.408991e+02
50  -1.039206e+01  -3.981014e+02
51  2.617236e+02  -4.402888e+02
52  2.292783e+02  -4.110709e+02
53  4.266400e+02  -6.335345e+02
54  9.967063e+02  -9.991168e+02
55  8.422370e+02  -1.148547e+03
56  -3.038236e+02  -9.332944e+02
57  -2.829411e+03  -1.144227e+03
58  -6.369582e+03  -1.996148e+03
59  -1.293050e+04  4.251039e+02
60  -3.312806e+04  5.319710e+03
61  -8.295500e+04  1.238451e+04
62  -1.891055e+05  1.496364e+04
63  -7.199174e+05  1.036014e+04
ENDPROP
STARTPROP
MASSES:  4.200000e-03   4.500000e-02
SOURCE: GAM_24
SINKS: GAM_24
0  1.951932e+04  1.035669e+04
1  1.336957e+06  7.695269e+03
2  5.668556e+05  8.284964e+03
3  3.016746e+05  8.691294e+03
4  1.598145e+05  2.245839e+03
5  8.264314e+04  -4.094124e+02
6  4.685850e+04  -1.378788e+02
7  2.547171e+04  7.435945e+02
8  1.345942e+04  2.000330e+03
9  6.181177e+03  1.757171e+03
10  2.583105e+03  9.710739e+02
11  1.225727e+03  6.298058e+02
12  7.651402e+02  3.739840e+02
13  3.403428e+02  7.552903e+01
14  9.692596e+01  1.007481e+02
15  1.026698e+02  1.510236e+02
16  3.347813e+01  7.192528e+01
17  3.348192e+01  2.151851e+01
18  2.970325e+01  4.587112e+00
19  -2.497722e+01  -8.444595e+00
20  -9.927604e+00  -4.165568e+00
21  9.476949e-01  5.056328e+00
22  6.954093e+00  8.747760e+00
23  9.529723e+00  6.977664e+00
24  1.588315e+01  1.239770e+00
25  1.849197e+01  1.107750e+00
26  1.781320e+01  1.933295e+00
27  9.947776e+00  1.415657e+00
28  4.668816e+00  1.696281e+00
29  2.430224e+00  1.516317e+00
30  -1.174310e-01  3.203882e+00
31  -8.113014e-01  2.571268e+00
32  -1.568903e+00  1.435267e+00
33  -2.329596e+00  9.204050e-01
34  -9.951742e-01  6.975593e-01
35  -1.795078e+00  1.158684e+00
36  -5.123687e-01  -4.969788e-01
37  -2.085099e+00  -2.287618e+00
38  -2.510806e+00  -5.470936e+00
39  -9.351548e+00  -7.316018e+00
40  -1.928156e+01  1.650520e+00
41  -1.551613e+01  8.792989e+00
42  8.038499e-01  3.462894e+01
43  -5.852014e+00  6.186201e+01
44  -4.427358e+00  6.080867e+01
45  2.411477e+01  6.518759e+01
46  8.778364e+01  9.670808e+01
47  2.404510e+02  1.366758e+02
48  3.090048e+02  2.124328e+02
49  3.203071e+02  2.018096e+02
50  8.340474e+01  7.895391e+01
51  1.800762e+02  -9.952259e+01
52  2.085408e+02  -1.548248e+02
53  7.819780e+02  1.083580e+02
54  2.651945e+03  1.266332e+02
55  6.361934e+03  -7.853662e+02
56  1.066145e+04  -3.754768e+02
57  2.141533e+04  1.006613e+03
58  4.000313e+04  2.763345e+03
59  7.929568e+04  7.867044e+03
60  1.607034e+05  1.061408e+04
61  3.059319e+05  1.169103e+04
62  5.810061e+05  1.809494e+04
63  1.339604e+06  1.886852e+04
ENDPROP
STARTPROP
MASSES:  4.200000e-03   4.500000e-02
SOURCE: GAM_42
SINKS: GAM_42
0  1.951932e+04  1.035669e+04
1  1.336957e+06  7.695269e+03
2  5.668556e+05  8.284964e+03
3  3.016746e+05  8.691294e+03
4  1.598145e+05  2.245839e+03
5  8.264314e+04  -4.094124e+02
6  4.685850e+04  -1.378788e+02
7  2.547171e+04  7.435945e+02
8  1.345942e+04  2.000330e+03
9  6.181177e+03  1.757171e+03
10  2.583105e+03  9.710739e+02
11  1.225727e+03  6.298058e+02
12  7.651402e+02  3.739840e+02
13  3.403428e+02  7.552903e+01
14  9.692596e+01  1.007481e+02
15  1.026698e+02  1.510236e+02
16  3.347813e+01  7.192528e+01
17  3.348192e+01  2.151851e+01
18  2.970325e+01  4.587112e+00
19  -2.497722e+01  -8.444595e+00
20  -9.927604e+00  -4.165568e+00
21  9.476949e-01  5.056328e+00
22  6.954093e+00  8.747760e+00
23  9.529723e+00  6.977664e+00
24  1.588315e+01  1.239770e+00
25  1.849197e+01  1.107750e+00
26  1.781320e+01  1.933295e+00
27  9.947776e+00  1.415657e+00
28  4.668816e+00  1.696281e+00
29  2.430224e+00  1.516317e+00
30  -1.174310e-01  3.203882e+00
31  -8.113014e-01  2.571268e+00
32  -1.568903e+00  1.435267e+00
33  -2.329596e+00  9.204050e-01
34  -9.951742e-01  6.975593e-01
35  -1.795078e+00  1.158684e+00
36  -5.123687e-01  -4.969788e-01
37  -2.085099e+00  -2.287618e+00
38  -2.510806e+00  -5.470936e+00
39  -9.351548e+00  -7.316018e+00
40  -1.928156e+01  1.650520e+00
41  -1.551613e+01  8.792989e+00
42  8.038499e-01  3.462894e+01
43  -5.852014e+00  6.186201e+01
44  -4.427358e+00  6.080867e+01
45  2.411477e+01  6.518759e+01
46  8.778364e+01  9.670808e+01
47  2.404510e+02  1.366758e+02
48  3.090048e+02  2.124328e+02
49  3.203071e+02  2.018096e+02
50  8.340474e+01  7.895391e+01
51  1.800762e+02  -9.952259e+01
52  2.085408e+02  -1.548248e+02
53  7.819780e+02  1.083580e+02
54  2.651945e+03  1.266332e+02
55  6.361934e+03  -7.853662e+02
56  1.066145e+04  -3.754768e+02
57  2.141533e+04  1.006613e+03
58  4.000313e+04  2.763345e+03
59  7.929568e+04  7.867044e+03
60  1.607034e+05  1.061408e+04
61  3.059319e+05  1.169103e+04
62  5.810061e+05  1.809494e+04
63  1.339604e+06  1.886852e+04
ENDPROP
STARTPROP
MASSES:  4.200000e-03   4.500000e-02
SOURCE: GAM_34
SINKS: GAM_34
0  2.559334e+04  -1.660289e+04
1  1.346787e+06  -1.397051e+04
2  5.847717e+05  -1.081870e+04
3  3.296938e+05  -3.701226e+03
4  1.706912e+05  -2.307238e+03
5  8.249269e+04  -2.566553e+03
6  4.050203e+04  -1.636887e+03
7  2.049308e+04  -9.943225e+02
8  8.202253e+03  1.430979e+03
9  4.109280e+03  1.188813e+03
10  3.044436e+03  5.369428e+02
11  2.243646e+03  -6.448718e+01
12  1.327361e+03  -2.018456e+02
13  5.064370e+02  -1.555320e+02
14  -2.490005e+00  -2.364282e+02
15  -1.053364e+02  -2.796731e+02
16  -8.086136e+01  -2.827285e+02
17  -8.831170e+01  -2.508090e+02
18  -9.904199e+01  -1.420356e+02
19  -7.149444e+01  -7.526712e+01
20  -1.051659e+01  -4.347115e+01
21  5.754419e+00  -2.887418e+01
22  8.886817e+00  -2.431108e+01
23  5.471317e+00  -1.942756e+01
24  1.545491e+00  -1.627681e+01
25  1.650981e+00  -9.298689e+00
26  1.588237e+00  -5.017614e+00
27  -6.677021e-01  -2.564930e+00
28  -9.597564e-01  -2.004475e+00
29  -7.818233e-01  -1.967855e+00
30  5.688270e-02  -1.901836e+00
31  -2.517228e-02  -1.944674e+00
32  1.217437e+00  -2.628884e+00
33  1.936782e+00  -2.611806e+00
34  2.340221e+00  -1.911924e+00
35  3.890684e+00  -1.632733e+00
36  4.577220e+00  -3.669090e-01
37  3.595374e+00  5.114070e-01
38  -3.199095e+00  5.536661e+00
39  -1.797664e+01  1.303327e+01
40  -2.921821e+01  2.364380e+01
41  -3.200497e+01  2.844740e+01
42  -4.661397e+01  1.868212e+01
43  -5.702009e+01  4.385715e+00
44  -8.086170e+01  -2.883607e+01
45  -9.672034e+01  -3.767848e+01
46  -6.193843e+01  -3.056828e+01
47  5.709968e+01  -2.956802e+01
48  1.228919e+02  -1.043901e+02
49  2.476288e+02  -1.615226e+02
50  3.169012e+02  -2.086583e+02
51  1.277832e+01  -2.994921e+02
52  1.139454e+01  -5.490235e+02
53  -2.013668e+02  -3.707244e+02
54  1.685923e+03  -6.881551e+02
55  6.405456e+03  -8.163735e+02
56  1.256008e+04  -1.033584e+03
57  2.386203e+04  -1.272957e+03
58  4.585191e+04  -1.665607e+03
59  8.971135e+04  -1.314628e+03
60  1.599833e+05  2.025566e+03
61  2.937161e+05  2.837934e+03
62  5.571785e+05  5.160485e+03
63  1.330706e+06  -6.760821e+03
ENDPROP
STARTPROP
MASSES:  4.200000e-03   4.500000e-02
SOURCE: GAM_43
SINKS: GAM_43
0  2.559334e+04  -1.660289e+04
1  1.346787e+06  -1.397051e+04
2  5.847717e+05  -1.081870e+04
3  3.296938e+05  -3.701226e+03
4  1.706912e+05  -2.307238e+03
5  8.249269e+04  -2.566553e+03
6  4.050203e+04  -1.636887e+03
7  2.049308e+04  -9.943225e+02
8  8.202253e+03  1.430979e+03
9  4.109280e+03  1.188813e+03
10  3.044436e+03  5.369428e+02
11  2.243646e+03  -6.448718e+01
12  1.327361e+03  -2.018456e+02
13  5.064370e+02  -1.555320e+02
14  -2.490005e+00  -2.364282e+02
15  -1.053364e+02  -2.796731e+02
16  -8.086136e+01  -2.827285e+02
17  -8.831170e+01  -2.508090e+02
18  -9.904199e+01  -1.420356e+02
19  -7.149444e+01  -7.526712e+01
20  -1.051659e+01  -4.347115e+01
21  5.754419e+00  -2.887418e+01
22  8.886817e+00  -2.431108e+01
23  5.471317e+00  -1.942756e+01
24  1.545491e+00  -1.627681e+01
25  1.650981e+00  -9.298689e+00
26  1.588237e+00  -5.017614e+00
27  -6.677021e-01  -2.564930e+00
28  -9.597564e-01  -2.004475e+00
29  -7.818233e-01  -1.967855e+00
30  5.688270e-02  -1.901836e+00
31  -2.517228e-02  -1.944674e+00
32  1.217437e+00  -2.628884e+00
33  1.936782e+00  -2.611806e+00
34  2.340221e+00  -1.911924e+00
35  3.890684e+00  -1.632733e+00
36  4.577220e+00  -3.669090e-01
37  3.595374e+00  5.114070e-01
38  -3.199095e+00  5.536661e+00
39  -1.797664e+01  1.303327e+01
40  -2.921821e+01  2.364380e+01
41  -3.200497e+01  2.844740e+01
42  -4.661397e+01  1.868212e+01
43  -5.702009e+01  4.385715e+00
44  -8.086170e+01  -2.883607e+01
45  -9.672034e+01  -3.767848e+01
46  -6.193843e+01  -3.056828e+01
47  5.709968e+01  -2.956802e+01
48  1.228919e+02  -1.043901e+02
49  2.476288e+02  -1.615226e+02
50  3.169012e+02  -2.086583e+02
51  1.277832e+01  -2.994921e+02
52  1.139454e+01  -5.490235e+02
53  -2.013668e+02  -3.707244e+02
54  1.685923e+03  -6.881551e+02
55  6.405456e+03  -8.163735e+02
56  1.256008e+04  -1.033584e+03
57  2.386203e+04  -1.272957e+03
58  4.585191e+04  -1.665607e+03
59  8.971135e+04  -1.314628e+03
60  1.599833e+05  2.025566e+03
61  2.937161e+05  2.837934e+03
62  5.571785e+05  5.160485e+03
63  1.330706e+06  -6.760821e+03
ENDPROP
STARTPROP
MASSES:  4.200000e-03   4.500000e-02
SOURCE: GAM_15
SINKS: GAM_15
0  -2.923878e+03  1.062304e+03
1  -9.681058e+05  -1.549256e+04
2  -2.611111e+05  -1.429426e+04
3  -9.328771e+04  -1.272757e+04
4  -2.670564e+04  -7.770269e+03
5  -9.736057e+03  -2.375276e+03
6  -5.756322e+03  -8.534418e+02
7  8.762953e+02  1.032760e+03
8  3.241309e+03  5.689098e+02
9  2.835669e+03  2.758376e+02
10  1.498681e+03  1.193049e+02
11  2.498678e+02  2.618991e+02
12  4.404526e+01  6.389737e+01
13  -3.703129e+02  -3.266711e+02
14  -2.234530e+02  -4.173477e+02
15  -8.756345e+01  -3.775056e+02
16  -1.712251e+02  -4.790770e+02
17  -2.114997e+02  -2.946720e+02
18  -1.290455e+02  -1.325888e+02
19  -6.368195e+01  -2.696357e+01
20  4.340220e-01  -6.491865e+00
21  9.137670e+00  6.191753e+00
22  1.189122e+01  6.979843e+00
23  2.751184e+01  1.681298e+01
24  1.954246e+01  1.837724e+01
25  1.237953e+01  9.845915e+00
26  1.273036e+01  1.554063e+00
27  6.645929e+00  -2.052698e+00
28  4.065476e+00  -2.850044e+00
29  2.273685e+00  -7.845059e-01
30  1.055682e-01  5.153396e-01
31  -1.045422e+00  1.243658e+00
32  -1.060706e+00  1.407021e+00
33  4.458914e-02  2.077056e+00
34  -4.545964e-01  5.996039e-01
35  -1.478901e+00  -1.646268e+00
36  -1.520601e+00  -3.785383e+00
37  -1.643458e+00  -8.823644e+00
38  1.674908e+00  -1.605818e+01
39  1.136557e+00  -2.783834e+01
40  1.157465e+01  -2.796987e+01
41  3.941455e+01  -1.145766e+01
42  5.767824e+01  -1.078970e+01
43  9.232728e+01  -1.184850e+01
44  1.284403e+02  2.184808e+00
45  1.629014e+02  2.310280e+01
46  1.962942e+02  5.239595e+01
47  2.409372e+02  -8.172863e+00
48  1.472536e+02  -1.559714e+02
49  1.280637e+02  -4.194490e+02
50  1.922001e+02  -6.721301e+02
51  1.335915e+02  -9.488518e+02
52  6.453803e+02  -1.226365e+03
53  2.004191e+03  -9.657680e+02
54  2.744554e+03  -8.877748e+02
55  8.932769e+02  -3.502709e+02
56  -2.543819e+03  -1.036822e+03
57  -7.020921e+03  6.150881e+02
58  -1.067015e+04  3.727900e+03
59  -1.867864e+04  5.185081e+03
60  -4.367681e+04  8.200558e+03
61  -1.100877e+05  1.764162e+04
62  -2.903304e+05  1.773783e+04
63  -9.869789e+05  1.045821e+04
ENDPROP
STARTPROP
MASSES:  4.200000e-03   4.500000e-02
SOURCE: GAM_25
SINKS: GAM_25
0  -5.829847e+04  -6.065630e+03
1  -1.004176e+06  -2.069711e+04
2  -3.046413e+05  -2.025348e+04
3  -1.202882e+05  -1.331528e+04
4  -3.101519e+04  -8.900820e+03
5  -1.425869e+03  -5.325290e+03
6  3.420947e+03  -1.617186e+03
7  2.212585e+03  -6.199208e+02
8  3.675124e+02  -1.221064e+03
9  -1.563737e+03  -1.383397e+03
10  -2.129405e+03  -6.889759e+02
11  -1.533223e+03  -2.604247e+01
12  -1.074339e+03  1.329599e+02
13  -9.278076e+02  3.557606e+02
14  -6.318547e+02  3.235768e+02
15  -5.707816e+02  1.613075e+02
16  -3.725600e+02  8.049550e+01
17  -2.183108e+02  -6.393297e+01
18  -4.543088e+01  -8.840021e+01
19  8.056240e+00  -7.389520e+01
20  1.674593e+01  -4.270538e+01
21  1.684788e+01  -1.487121e+01
22  7.242398e+00  2.660392e+00
23  -3.147562e+00  2.452611e+00
24  -6.089338e+00  -1.783060e+00
25  -4.372342e+00  -5.672823e+00
26  -1.509049e+00  -5.138484e+00
27  -1.674303e-02  -9.551862e-01
28  -1.749232e+00  2.398311e+00
29  -1.646666e+00  3.000736e+00
30  -6.391880e-01  3.419850e+00
31  -1.764140e+00  1.250564e+00
32  -1.968691e+00  -2.152655e+00
33  -2.283446e+00  -3.948646e+00
34  -2.110435e+00  -4.274875e+00
35  -2.545500e+00  -5.732976e+00
36  -2.360545e+00  -7.519343e+00
37  -6.458175e+00  -6.658490e+00
38  -1.141312e+01  -5.617737e+00
39  -1.073577e+01  -3.725584e+00
40  -6.266144e+00  -7.034795e+00
41  6.788058e+00  -1.559643e+01
42  3.171147e+01  -1.147632e+01
43  1.807670e+01  2.276209e+00
44  -2.111187e+01  1.761120e+01
45  -6.947247e+01  8.426292e+00
46  -9.402390e+01  -2.733845e+01
47  -5.075886e+01  -7.640528e+01
48  1.200690e+02  -6.404502e+01
49  2.799159e+02  -2.167743e+01
50  5.132031e+02  -1.397463e+02
51  6.503962e+02  -3.332304e+02
52  5.114417e+02  -7.329659e+02
53  4.066769e+02  -8.460234e+02
54  -2.432507e+02  -1.337365e+03
55  -2.491299e+03  -2.770623e+03
56  -7.081985e+03  -2.837648e+03
57  -1.551501e+04  -2.111160e+03
58  -2.824857e+04  2.636507e+03
59  -3.931372e+04  6.171312e+03
60  -6.333671e+04  5.573194e+03
61  -1.332993e+05  9.054908e+03
62  -3.188531e+05  5.904921e+03
63  -1.025187e+06  -3.037698e+03
ENDPROP
STARTPROP
MASSES:  4.200000e-03   4.500000e-02
SOURCE: GAM_35
SINKS: GAM_35
0  -1.026306e+05  -5.323434e+03
1  -1.064161e+06  -2.791360e+04
2  -3.315580e+05  -3.288138e+04
3  -1.297514e+05  -2.583218e+04
4  -4.855867e+04  -1.910591e+04
5  -1.766359e+04  -1.222005e+04
6  -6.004193e+03  -7.592982e+03
7  2.688970e+02  -4.137135e+03
8  1.942011e+03  -1.768197e+03
9  8.609815e+02  -1.018198e+03
10  1.042918e+03  1.884026e+02
11  3.903357e+02  5.319482e+02
12  -1.849097e+02  5.860565e+02
13  -6.428905e+02  4.775025e+02
14  -4.325646e+02  1.440852e+02
15  -1.564659e+02  -1.456347e+02
16  -6.649290e+01  -1.280284e+02
17  -4.963306e+01  -8.806483e+01
18  -9.917232e+00  3.094952e+01
19  -4.153208e+01  5.637452e+01
20  -6.529744e+01  4.753597e+01
21  -7.471746e+01  4.013226e+01
22  -6.218756e+01  2.750300e+01
23  -3.798502e+01  1.876211e+01
24  -1.630787e+01  4.872850e+00
25  -5.918076e+00  -3.267760e-01
26  7.276056e-01  1.734272e+00
27  2.608169e+00  2.869423e+00
28  3.465961e+00  3.855906e+00
29  1.984623e+00  3.454207e+00
30  1.065011e-01  2.205720e+00
31  -3.219452e-01  8.223372e-01
32  -2.411730e-01  9.257925e-01
33  1.141023e+00  1.923870e+00
34  2.009001e+00  2.028016e+00
35  1.336056e+00  4.193619e+00
36  -7.186348e-01  5.269994e+00
37  8.395883e-01  7.748369e+00
38  2.686020e+00  9.598747e+00
39  5.680836e+00  1.018471e+01
40  7.389419e+00  1.205551e+01
41  -7.368080e+00  2.694713e+00
42  -2.551696e+01  -8.227998e+00
43  -2.786902e+01  -2.402763e+01
44  -1.735233e+01  -6.056312e+01
45  -5.307418e+01  -9.953727e+01
46  -1.510378e+02  -1.540910e+02
47  -1.772408e+02  -1.752000e+02
48  -1.236248e+02  -1.837737e+02
49  -8.850906e+01  -2.769023e+02
50  -1.796432e+02  -2.494865e+02
51  -3.430267e+02  7.172324e+01
52  -7.127958e+02  7.895935e+02
53  -1.571388e+03  1.603090e+03
54  -3.093951e+03  1.659117e+03
55  -4.325837e+03  2.024517e+03
56  -6.276143e+03  2.240840e+03
57  -1.201026e+04  1.611797e+03
58  -2.054946e+04  1.604616e+03
59  -3.233710e+04  7.136204e+03
60  -6.469602e+04  1.492823e+04
61  -1.501690e+05  1.960417e+04
62  -3.476103e+05  1.253650e+04
63  -1.056176e+06  3.375330e+03
ENDPROP
STARTPROP
MASSES:  4.200000e-03   4.500000e-02
SOURCE: GAM_45
SINKS: GAM_45
0  -1.315215e+06  1.155640e+04
1  9.383162e+05  1.139386e+04
2  4.704719e+05  9.078102e+03
3  3.384120e+05  4.822999e+03
4  2.308871e+05  3.747666e+03
5  1.574274e+05  -9.496933e+02
6  1.067313e+05  -2.437940e+03
7  7.464987e+04  -3.248108e+03
8  5.111117e+04  -1.783488e+03
9  3.513554e+04  -9.026896e+02
10  2.377797e+04  -9.669834e+02
11  1.651339e+04  -7.132469e+02
12  1.147287e+04  -5.562979e+02
13  7.973698e+03  -2.800053e+02
14  5.694799e+03  -1.869962e+02
15  3.987399e+03  -1.543549e+02
16  2.733254e+03  -1.392298e+02
17  1.876269e+03  -1.084852e+02
18  1.284909e+03  -7.338474e+01
19  8.907845e+02  -4.905444e+01
20  6.135806e+02  -4.078643e+01
21  4.177614e+02  -2.637441e+01
22  2.952062e+02  -1.920514e+01
23  2.050766e+02  -1.284107e+01
24  1.417585e+02  -9.793439e+00
25  1.001896e+02  -9.321447e+00
26  6.907324e+01  -7.694936e+00
27  4.889047e+01  -7.262988e+00
28  3.550477e+01  -4.113786e+00
29  2.627045e+01  -3.228785e+00
30  2.039059e+01  -2.968631e+00
31  1.824183e+01  -3.120936e+00
32  1.803309e+01  -2.841845e+00
33  2.075015e+01  -2.528740e+00
34  2.672772e+01  -3.257087e+00
35  3.617389e+01  -3.579036e+00
36  5.064629e+01  -5.432394e+00
37  7.038326e+01  -9.022728e+00
38  9.568207e+01  -1.256742e+01
39  1.331556e+02  -1.870654e+01
40  1.866342e+02  -2.587986e+01
41  2.638894e+02  -4.089291e+01
42  3.707730e+02  -5.973233e+01
43  5.241779e+02  -9.133478e+01
44  7.686049e+02  -1.389212e+02
45  1.092792e+03  -1.685860e+02
46  1.553473e+03  -2.269917e+02
47  2.210006e+03  -2.196499e+02
48  3.107023e+03  -1.850200e+02
49  4.517125e+03  -1.461173e+02
50  6.369457e+03  -3.057545e+01
51  9.246410e+03  2.158985e+02
52  1.310303e+04  4.327624e+02
53  1.845305e+04  1.142600e+03
54  2.727580e+04  1.245914e+03
55  3.855363e+04  1.815001e+03
56  5.648834e+04  2.091414e+03
57  8.224906e+04  2.406293e+03
58  1.205871e+05  2.793597e+03
59  1.728254e+05  1.958664e+03
60  2.465090e+05  3.022943e+03
61  3.447075e+05  3.190482e+03
62  4.818132e+05  4.200586e+03
63  9.390358e+05  6.013591e+03
ENDPROP
STARTPROP
MASSES:  4.200000e-03   4.500000e-02
SOURCE: PSAX4
SINKS: GAM_4
0  2.054567e+04  -6.375006e+03
1  1.664563e+06  -8.527827e+03
2  1.043567e+06  -1.259601e+03
3  7.312296e+05  -6.843654e+01
4  5.026093e+05  6.792429e+03
5  3.448786e+05  3.159091e+03
6  2.359669e+05  2.406120e+03
7  1.638018e+05  1.144968e+03
8  1.136705e+05  2.181866e+03
9  7.743401e+04  1.899664e+03
10  5.247594e+04  1.320479e+03
11  3.634558e+04  1.083688e+03
12  2.489064e+04  7.282275e+02
13  1.695859e+04  7.242061e+02
14  1.166801e+04  4.048315e+02
15  7.991124e+03  2.375378e+02
16  5.464965e+03  1.560070e+02
17  3.718211e+03  1.097038e+02
18  2.544217e+03  7.561087e+01
19  1.740059e+03  6.649957e+01
20  1.184925e+03  3.437423e+01
21  8.119484e+02  2.069303e+01
22  5.630196e+02  1.390061e+01
23  3.842448e+02  1.187634e+01
24  2.574086e+02  6.423970e+00
25  1.755867e+02  -1.549576e-01
26  1.146678e+02  -1.654600e+00
27  7.660275e+01  -2.024734e+00
28  5.158533e+01  -1.807937e-01
29  3.238749e+01  7.935839e-01
30  1.744175e+01  1.267267e+00
31  4.994229e+00  2.004792e+00
32  -5.802649e+00  2.030564e+00
33  -1.806584e+01  3.049739e+00
34  -3.292906e+01  3.003903e+00
35  -5.209033e+01  3.665969e+00
36  -7.778721e+01  5.331539e+00
37  -1.137205e+02  1.012510e+01
38  -1.605695e+02  1.464586e+01
39  -2.272859e+02  2.108107e+01
40  -3.283593e+02  2.504207e+01
41  -4.786472e+02  3.311667e+01
42  -6.822313e+02  3.606467e+01
43  -9.724627e+02  4.771486e+01
44  -1.427328e+03  7.080900e+01
45  -2.041500e+03  6.267372e+01
46  -2.925916e+03  6.454754e+01
47  -4.218431e+03  -5.735724e+00
48  -5.993410e+03  -6.858087e+01
49  -8.777048e+03  -2.316214e+02
50  -1.265844e+04  -4.159734e+02
51  -1.867617e+04  -6.896242e+02
52  -2.668413e+04  -8.100265e+02
53  -3.858803e+04  -1.588313e+03
54  -5.665193e+04  -1.627624e+03
55  -8.148927e+04  -2.544915e+03
56  -1.182769e+05  -3.677714e+03
57  -1.728160e+05  -5.022067e+03
58  -2.497514e+05  -6.357396e+03
59  -3.587942e+05  -6.151707e+03
60  -5.138677e+05  -1.036987e+04
61  -7.264283e+05  -1.204315e+04
62  -1.029077e+06  -1.239323e+04
63  -1.634593e+06  -1.105846e+04
ENDPROP
STARTPROP
MASSES:  4.200000e-03   4.500000e-02
SOURCE: WWPSAX4
SINKS: GAM_4
0  -1.272739e+07  1.209999e+08
1  1.644258e+09  -2.602474e+06
2  5.965782e+08  -1.446135e+07
3  5.260813e+08  -3.674977e+07
4  2.899485e+08  2.583580e+07
5  1.982595e+08  6.118206e+07
6  1.196821e+08  2.336163e+07
7  8.549871e+07  5.881029e+06
8  8.074912e+07  8.375891e+06
9  3.487019e+07  -1.670538e+06
10  2.477524e+07  6.619332e+06
11  3.875830e+07  -3.655519e+06
12  1.796461e+07  -3.108999e+06
13  1.999611e+07  -3.024456e+06
14  8.391016e+06  -5.265116e+05
15  4.581334e+06  -3.575151e+06
16  3.867584e+06  -8.452400e+05
17  1.548931e+06  -1.375535e+05
18  8.831716e+05  -8.041824e+05
19  1.618959e+06  -1.987184e+05
20  1.215628e+06  3.973909e+05
21  5.880102e+05  -7.216845e+04
22  2.918380e+05  -1.138157e+05
23  3.080164e+05  7.888839e+04
24  2.412208e+05  5.120756e+04
25  6.030643e+04  -1.252344e+04
26  3.323382e+04  3.791899e+04
27  8.623387e+04  -2.285042e+04
28  3.138917e+04  -1.549675e+04
29  1.723794e+04  9.565726e+03
30  7.518353e+03  -6.975567e+03
31  -2.162321e+03  2.976668e+03
32  1.552187e+04  2.581313e+03
33  -3.549137e+03  -1.563748e+04
34  -2.634921e+04  -1.123188e+04
35  -2.054837e+04  -1.700529e+04
36  -5.443449e+04  -1.762910e+04
37  -5.664295e+04  -4.989030e+03
38  -7.684615e+04  1.309897e+03
39  -1.695882e+05  2.734906e+04
40  -2.125418e+05  1.406729e+05
41  -6.801481e+04  1.648744e+05
42  -4.557063e+05  4.697261e+04
43  -3.722540e+05  2.869408e+05
44  -5.764314e+05  -2.397886e+05
45  -1.379976e+06  6.128548e+04
46  -1.343109e+06  7.884654e+05
47  -2.926393e+06  1.913266e+05
48  -2.198171e+06  -1.093209e+06
49  -4.177543e+06  -2.590871e+05
50  -6.770727e+06  -3.715681e+05
51  -8.663175e+06  1.368919e+06
52  -8.504244e+06  -2.265702e+06
53  -1.908481e+07  -2.244811e+06
54  -4.293028e+07  -6.045191e+06
55  -4.762897e+07  -2.071104e+06
56  -9.651257e+07  -1.511580e+06
57  -1.815991e+08  -2.997870e+07
58  -1.090765e+08  9.799349e+06
59  -3.723662e+08  4.418398e+07
60  -3.279081e+08  3.960107e+07
61  -6.466576e+08  -6.611606e+07
62  -6.433720e+08  -4.618989e+07
63  -1.564447e+09  2.517640e+07
ENDPROP
STARTPROP
MASSES:  4.200000e-03   4.500000e-02
SOURCE: WWGAM_5
SINKS: GAM_5
0  1.728393e+10  -2.599378e+01
1  2.478925e+09  5.828838e+07
2  1.278453e+09  -9.549026e+07
3  9.995476e+08  -6.476483e+07
4  5.050667e+08  -5.485963e+05
5  3.521330e+08  -2.102882e+07
6  3.113832e+08  2.059135e+06
7  1.572313e+08  9.171481e+06
8  1.274077e+08  2.722116e+06
9  6.619080e+07  -1.186703e+06
10  5.762567e+07  1.000084e+07
11  5.336417e+07  -3.681763e+06
12  3.167671e+07  -1.226097e+06
13  2.943911e+07  -1.774827e+06
14  1.478012e+07  -1.968561e+05
15  1.117492e+07  -2.841959e+06
16  6.293070e+06  -2.685509e+05
17  3.821714e+06  1.313515e+05
18  2.914774e+06  -9.460680e+05
19  2.641398e+06  -1.315415e+05
20  1.858622e+06  1.710875e+05
21  1.276110e+06  -3.990700e+04
22  5.747120e+05  -4.794035e+04
23  5.194835e+05  1.101940e+05
24  3.536885e+05  4.918987e+04
25  1.281152e+05  -6.201387e+04
26  1.124716e+05  6.804162e+03
27  1.031881e+05  2.306765e+02
28  7.982752e+04  -2.141293e+04
29  3.034902e+04  9.639128e+03
30  2.786921e+04  -1.411474e+04
31  3.721860e+04  -5.973987e+01
32  3.099881e+04  -2.490144e+03
33  3.380891e+04  4.576855e+03
34  5.677012e+04  3.382772e+04
35  5.355312e+04  6.660267e+03
36  8.274520e+04  1.577869e+04
37  1.143066e+05  -1.550217e+04
38  1.469754e+05  -4.443134e+04
39  2.565137e+05  -4.295811e+02
40  3.276519e+05  -4.689821e+04
41  5.348157e+05  -1.641157e+05
42  1.211569e+06  7.423240e+04
43  1.130324e+06  -1.038678e+05
44  1.463612e+06  2.767326e+05
45  2.657977e+06  3.373033e+05
46  4.001182e+06  -7.907988e+04
47  4.881216e+06  1.429343e+05
48  6.509393e+06  1.201005e+06
49  8.829518e+06  2.366186e+06
50  1.500043e+07  1.649763e+06
51  2.230670e+07  -5.419919e+05
52  2.327400e+07  1.609774e+06
53  3.838077e+07  4.438842e+06
54  7.848262e+07  1.008908e+07
55  1.104447e+08  -1.721629e+06
56  1.744615e+08  -8.888371e+06
57  2.749564e+08  6.443714e+06
58  2.729555e+08  -2.673157e+07
59  5.385330e+08  -3.095511e+07
60  6.675183e+08  -5.949823e+07
61  1.117918e+09  4.545571e+07
62  1.177706e+09  8.118721e+07
63  2.584559e+09  -1.289812e+08
ENDPROP
