STARTPROP
MASSES:  4.500000e-02   4.500000e-02
SOURCE: GAM_1
SINKS: GAM_1
0  1.264901e+06  2.476590e+03
1  1.893358e+06  -4.853116e+01
2  8.236163e+05  8.502088e+02
3  4.064791e+05  2.668279e+03
4  2.052816e+05  1.886344e+03
5  1.044634e+05  1.060510e+03
6  5.337947e+04  4.623169e+02
7  2.534240e+04  2.037310e+02
8  1.124388e+04  1.024660e+02
9  5.191455e+03  3.124888e+01
10  2.373132e+03  -2.925912e+01
11  1.208511e+03  -4.020534e+01
12  6.002655e+02  -3.006072e+01
13  2.837116e+02  -1.194737e+01
14  1.308111e+02  3.362571e+00
15  7.425927e+01  8.371473e+00
16  3.552980e+01  6.262915e+00
17  1.906710e+01  2.960405e+00
18  1.005479e+01  3.413924e-01
19  4.326802e+00  -6.117734e-01
20  3.163991e+00  -4.492281e-01
21  2.190342e+00  -4.231351e-01
22  1.252104e+00  -2.191786e-01
23  8.833152e-01  -3.304453e-02
24  5.141005e-01  1.689225e-02
25  2.863265e-01  1.609625e-02
26  6.482416e-02  1.748964e-02
27  -1.465721e-02  -6.474509e-04
28  -5.055109e-02  -1.036135e-02
29  -4.105634e-02  -9.794776e-03
30  -2.799929e-02  -5.707784e-03
31  -1.292140e-02  -2.594261e-03
32  -1.816341e-04  -1.143485e-03
33  2.692625e-03  -5.302030e-04
34  4.527232e-03  -4.978729e-03
35  -6.840412e-03  -1.350551e-02
36  -9.386151e-03  -1.917095e-02
37  6.816082e-03  -3.230508e-02
38  4.339195e-03  -2.452340e-02
39  5.922411e-02  6.429038e-03
40  4.955075e-02  5.672737e-02
41  5.394174e-02  1.250595e-01
42  -5.047503e-01  2.198318e-01
43  -1.843505e+00  4.725210e-01
44  -4.188824e+00  6.864438e-01
45  -6.215734e+00  3.749746e-01
46  -5.001100e+00  7.694299e-02
47  1.053140e+00  -1.252385e+00
48  1.082174e+01  -3.802557e+00
49  2.747356e+01  -5.381230e+00
50  8.789832e+01  -1.384701e+01
51  2.042897e+02  -2.976200e+01
52  3.579874e+02  -4.703177e+01
53  1.023901e+03  -5.646053e+01
54  2.591747e+03  -5.561116e+01
55  5.499380e+03  -7.788318e+01
56  1.099223e+04  -9.174614e+01
57  2.171663e+04  6.891471e+01
58  4.457877e+04  4.783916e+02
59  9.152019e+04  6.256822e+02
60  1.889763e+05  2.305361e+02
61  3.935966e+05  6.422167e+02
62  8.174300e+05  1.296638e+03
63  1.892019e+06  3.650340e+02
ENDPROP
STARTPROP
MASSES:  4.500000e-02   4.500000e-02
SOURCE: GAM_2
SINKS: GAM_2
0  1.322508e+06  -1.445467e+03
1  1.925769e+06  -1.097321e+03
2  8.348806e+05  1.184438e+02
3  4.157732e+05  1.115751e+03
4  2.055767e+05  1.094715e+03
5  9.952117e+04  2.694469e+02
6  4.955648e+04  2.408603e+01
7  2.454717e+04  9.706713e+01
8  1.125647e+04  1.342512e+01
9  5.066614e+03  7.126042e+00
10  2.245308e+03  2.728063e+01
11  1.066341e+03  2.818860e+01
12  4.610213e+02  9.797798e+00
13  2.243324e+02  -6.283691e+00
14  1.053075e+02  -9.605449e+00
15  5.942464e+01  -3.728970e+00
16  3.032541e+01  -1.509129e+00
17  1.054347e+01  2.845104e-01
18  4.274243e+00  -4.016337e-01
19  -1.865931e+00  -9.677451e-01
20  -8.362724e-01  -6.791690e-01
21  -6.002713e-02  -4.766596e-01
22  -2.489928e-01  -3.861903e-01
23  7.093378e-02  -2.442552e-01
24  5.719982e-02  -1.348605e-01
25  6.501190e-02  -5.451040e-02
26  7.225315e-02  1.277087e-02
27  2.672038e-02  3.382541e-02
28  2.291359e-02  1.130432e-02
29  1.659102e-02  -3.740458e-03
30  1.746133e-02  -7.595180e-03
31  1.466952e-02  -5.483871e-03
32  1.313103e-02  -1.888955e-03
33  1.586205e-02  1.866086e-03
34  1.729846e-02  4.783759e-03
35  2.766221e-02  8.110316e-03
36  3.317798e-02  3.663819e-03
37  4.752077e-02  -3.667021e-04
38  1.139373e-01  6.346855e-04
39  1.633630e-01  -2.200730e-02
40  1.234454e-01  -3.998584e-02
41  4.050498e-01  -5.376865e-02
42  6.789702e-01  -3.300284e-02
43  2.560381e+00  -8.085816e-02
44  7.087500e+00  -3.701909e-01
45  1.310277e+01  -8.790030e-01
46  2.529799e+01  -7.135483e-01
47  5.165880e+01  -3.673559e-01
48  1.036771e+02  -2.128624e+00
49  1.791802e+02  -2.335471e+00
50  2.846707e+02  -6.151394e-01
51  4.915639e+02  -4.601372e+00
52  7.684865e+02  -1.769876e+01
53  1.471355e+03  -3.431366e+01
54  2.934129e+03  -5.363592e+01
55  5.982242e+03  7.757770e+00
56  1.194776e+04  4.112036e+01
57  2.317920e+04  -1.815229e+01
58  4.597356e+04  -1.406406e+02
59  9.527835e+04  -7.250437e+02
60  1.980630e+05  -9.825164e+02
61  4.175764e+05  -1.238301e+03
62  8.590536e+05  -1.171567e+03
63  1.950570e+06  -1.022748e+03
ENDPROP
STARTPROP
MASSES:  4.500000e-02   4.500000e-02
SOURCE: GAM_3
SINKS: GAM_3
0  1.316153e+06  9.095816e+02
1  1.921265e+06  2.784325e+03
2  8.349865e+05  4.345398e+03
3  4.152741e+05  4.440007e+03
4  2.051482e+05  2.567647e+03
5  1.014484e+05  9.497336e+02
6  5.051451e+04  3.111224e+02
7  2.429206e+04  -5.037791e+01
8  1.200731e+04  1.633616e+01
9  6.204610e+03  -2.748275e+01
10  3.154408e+03  1.941615e+01
11  1.586182e+03  3.150627e+01
12  8.500122e+02  3.437091e+01
13  3.978468e+02  2.845440e+01
14  1.979146e+02  1.670634e+01
15  9.508922e+01  6.191140e+00
16  3.393607e+01  4.188099e-01
17  9.950750e+00  -1.580460e+00
18  -1.182190e+00  -1.705667e+00
19  -1.553169e+00  -1.661384e+00
20  -7.644889e-01  -1.035002e+00
21  6.729586e-01  -4.846659e-01
22  5.534347e-01  -2.480620e-01
23  -9.825350e-02  -1.135848e-01
24  -8.905191e-02  -6.452360e-02
25  -1.604509e-01  -5.176623e-02
26  -1.289590e-01  -3.520778e-02
27  -4.301878e-02  -1.815554e-02
28  -5.799646e-02  -2.009851e-02
29  -4.963249e-02  -1.698713e-02
30  -4.553218e-02  -1.433419e-02
31  -2.928919e-02  -9.152639e-03
32  -2.237667e-02  -4.320889e-03
33  -1.362113e-02  -2.476691e-03
34  -1.000357e-02  -1.535465e-03
35  -2.289262e-02  5.184602e-04
36  -4.784596e-02  -1.487909e-03
37  -8.406098e-02  -3.759601e-04
38  -1.253611e-01  1.738232e-02
39  -2.531237e-01  5.631190e-02
40  -3.786297e-01  9.205466e-02
41  -3.861406e-01  1.946301e-01
42  7.849724e-02  2.180765e-01
43  -4.392666e-02  1.194742e-01
44  4.879451e-01  -3.089386e-01
45  1.439192e+00  -5.823802e-01
46  1.748747e+00  -2.409776e-01
47  1.594378e+00  8.702213e-01
48  5.235622e+00  2.469739e+00
49  2.783490e+01  4.183954e-01
50  7.327754e+01  -1.027155e+01
51  2.071608e+02  -2.881912e+01
52  4.591456e+02  -6.420052e+01
53  1.022964e+03  -8.078842e+01
54  2.354508e+03  -3.685528e+01
55  5.111973e+03  8.349776e+00
56  1.064327e+04  -2.512377e+01
57  2.224214e+04  -8.982375e+01
58  4.554452e+04  8.743194e+01
59  9.440278e+04  1.811035e+02
60  1.955886e+05  -1.310376e+02
61  4.115215e+05  -4.201507e+02
62  8.434276e+05  3.284674e+02
63  1.932444e+06  9.320457e+02
ENDPROP
STARTPROP
MASSES:  4.500000e-02   4.500000e-02
SOURCE: GAM_4
SINKS: GAM_4
0  2.108312e+06  -1.540075e+03
1  -2.647777e+05  1.123504e+03
2  -6.133607e+02  1.571815e+03
3  -3.844455e+03  8.885326e+02
4  7.117854e+02  2.132940e+02
5  2.623711e+01  -1.366960e+01
6  -1.093413e+00  6.157792e+01
7  6.759087e+00  7.426926e+01
8  -1.221119e+02  6.755534e+00
9  2.141903e-01  2.620622e+00
10  -8.822923e+00  3.280068e+00
11  2.408828e+00  3.719761e+00
12  1.233055e+01  4.683157e+00
13  6.484770e+00  2.870767e+00
14  -3.304587e-01  -6.218394e-01
15  -9.021222e-02  6.437237e-01
16  3.774822e-01  7.817015e-01
17  5.138464e-01  1.339428e+00
18  3.620898e-01  9.477904e-01
19  -4.090001e-02  2.689414e-01
20  4.520608e-01  -3.048778e-02
21  -1.789301e-02  3.945423e-02
22  -4.308058e-02  3.284809e-03
23  -4.049594e-02  -3.724452e-02
24  -4.876501e-02  -2.986319e-02
25  1.585115e-02  -1.977630e-02
26  -9.548921e-04  -2.306133e-02
27  -7.418084e-03  -1.122403e-02
28  -2.409773e-02  -4.765461e-03
29  -1.903461e-02  -1.465834e-03
30  -1.877227e-02  -1.797629e-03
31  -1.815866e-02  -7.635668e-04
32  -1.705643e-02  -1.134133e-03
33  -1.954916e-02  -6.465337e-04
34  -1.923913e-02  5.738433e-04
35  -2.241816e-02  -7.026657e-05
36  -1.821623e-02  6.539058e-06
37  -2.226539e-02  -5.359485e-03
38  -1.374705e-02  -3.951021e-03
39  -2.237550e-03  -1.364522e-02
40  -2.122586e-02  -1.616261e-02
41  -3.108539e-02  -1.190331e-02
42  1.345975e-01  -1.006646e-03
43  2.743269e-01  -3.355231e-02
44  -1.224570e-01  -9.174139e-02
45  -1.327640e-01  -3.974769e-01
46  -1.208789e+00  -7.748115e-01
47  -1.469139e+00  -1.039962e+00
48  1.580931e+00  -1.496039e+00
49  -4.201997e+00  -3.516271e+00
50  -2.078982e+00  -4.043279e+00
51  -1.381429e+01  -1.096084e+01
52  5.896994e+00  -2.824659e+01
53  5.703707e+00  -4.237991e+01
54  -6.735686e+00  -7.064028e+01
55  3.700834e+01  -8.357814e+01
56  9.677747e+01  -4.718980e+01
57  5.606845e+01  -3.663218e+01
58  -1.554542e+02  -2.541139e+02
59  1.118258e+02  -3.502123e+02
60  -1.482006e+02  -8.567101e+02
61  -1.305567e+03  -1.188941e+03
62  -2.268202e+03  -1.312211e+03
63  -2.703445e+05  -5.559666e+02
ENDPROP
STARTPROP
MASSES:  4.500000e-02   4.500000e-02
SOURCE: GAM_5
SINKS: GAM_5
0  5.324030e+06  4.352707e+03
1  5.254534e+06  9.974743e+03
2  3.245045e+06  6.659311e+03
3  2.028577e+06  8.641093e+03
4  1.266676e+06  8.178616e+03
5  7.879575e+05  6.648342e+03
6  4.897920e+05  3.851917e+03
7  3.078647e+05  2.247124e+03
8  1.883683e+05  1.394870e+03
9  1.138826e+05  8.834526e+02
10  6.813187e+04  7.557972e+02
11  4.048444e+04  4.138411e+02
12  2.430629e+04  1.567807e+02
13  1.461281e+04  1.201843e+02
14  8.773192e+03  6.262161e+01
15  5.391168e+03  3.377428e+01
16  3.317536e+03  1.766383e+01
17  2.022352e+03  1.678147e+01
18  1.209640e+03  1.546565e+01
19  7.211625e+02  1.407751e+01
20  4.358789e+02  8.878178e+00
21  2.639336e+02  5.311319e+00
22  1.624737e+02  3.239624e+00
23  9.980370e+01  1.709068e+00
24  6.125389e+01  7.408127e-01
25  3.785349e+01  4.217359e-01
26  2.309644e+01  1.779107e-01
27  1.430617e+01  9.758149e-02
28  9.048355e+00  6.303492e-02
29  5.733832e+00  3.593048e-02
30  3.717748e+00  1.783780e-02
31  2.619787e+00  8.669705e-03
32  2.221618e+00  2.705788e-03
33  2.404401e+00  -7.608911e-04
34  3.264586e+00  -1.115020e-02
35  4.952725e+00  -1.635214e-02
36  7.825879e+00  -2.895610e-02
37  1.280828e+01  -1.129070e-01
38  2.125777e+01  -2.498997e-01
39  3.504439e+01  -4.435584e-01
40  5.915224e+01  -8.860150e-01
41  1.000189e+02  -1.633318e+00
42  1.651000e+02  -2.950395e+00
43  2.719925e+02  -4.886736e+00
44  4.459087e+02  -6.495231e+00
45  7.337857e+02  -6.338535e+00
46  1.192425e+03  -1.005671e+01
47  1.960891e+03  -1.986144e+01
48  3.241553e+03  -2.841385e+01
49  5.378954e+03  -3.831970e+01
50  8.805163e+03  -3.015372e+01
51  1.438509e+04  -3.824491e+01
52  2.388126e+04  -1.450590e+02
53  3.921967e+04  -3.493309e+02
54  6.428005e+04  -5.034930e+02
55  1.051413e+05  -3.419041e+02
56  1.717607e+05  -1.763860e+02
57  2.753969e+05  1.149849e+02
58  4.509521e+05  4.464268e+02
59  7.503835e+05  3.915166e+02
60  1.238126e+06  -1.023820e+03
61  2.005718e+06  3.148609e+02
62  3.184321e+06  2.633170e+03
63  5.185344e+06  3.052326e+03
ENDPROP
STARTPROP
MASSES:  4.500000e-02   4.500000e-02
SOURCE: GAM_12
SINKS: GAM_12
0  9.239617e+05  -1.171043e+03
1  -6.015778e+05  1.446394e+03
2  -1.257289e+05  7.540021e+02
3  -4.801632e+04  1.516752e+02
4  -1.886042e+04  -3.605491e+02
5  -7.679490e+03  -3.390461e+02
6  -2.676636e+03  -8.662819e+01
7  -1.009357e+03  -4.035717e+01
8  -2.203150e+02  -1.250948e+01
9  -1.751347e+02  -4.124663e+01
10  -1.569419e+02  -4.175106e+01
11  1.273345e+01  -3.091066e+01
12  2.596457e+01  -1.647706e+01
13  1.886744e+01  -9.243022e+00
14  1.985435e+01  -5.079752e+00
15  1.207431e+01  -2.831674e+00
16  5.942579e+00  -1.015753e+00
17  1.637512e+00  2.559035e-01
18  -7.613459e-01  -1.113370e-01
19  -8.214795e-01  1.712145e-01
20  -7.926397e-01  5.019412e-02
21  -5.497478e-01  -1.077893e-01
22  8.520656e-02  -7.632064e-02
23  7.671302e-03  -1.889383e-02
24  1.377452e-01  -1.543674e-03
25  1.146065e-01  1.079154e-02
26  5.424362e-02  1.313659e-02
27  7.319370e-03  1.517503e-02
28  -1.443988e-02  6.997298e-03
29  -1.371813e-02  1.640182e-03
30  -1.341988e-02  -2.194979e-03
31  -8.178445e-03  -1.876810e-03
32  -1.096895e-03  -2.346591e-03
33  2.355152e-03  -1.621357e-03
34  -6.690486e-04  -1.548704e-03
35  -4.300909e-03  -4.523171e-03
36  -1.646295e-02  -3.213017e-03
37  3.277948e-03  -3.976497e-03
38  1.952843e-02  -1.878263e-02
39  5.618474e-03  -3.586082e-02
40  -3.399778e-02  -7.783450e-02
41  6.085793e-02  -1.379888e-01
42  5.397300e-02  -2.412734e-01
43  3.626382e-02  -1.320770e-01
44  5.319203e-02  2.176595e-02
45  5.097225e-01  1.857332e-01
46  1.574506e+00  3.005876e-01
47  2.781319e+00  1.768777e-01
48  2.377510e+00  -1.083707e+00
49  4.732940e+00  -3.599082e+00
50  1.044537e+01  -5.643140e+00
51  -1.512966e+00  -5.090356e+00
52  9.211259e+00  -7.185045e+00
53  1.218119e+01  -5.173973e+00
54  -8.113731e+01  -1.808931e+01
55  -2.666207e+02  -2.788549e+01
56  -5.968159e+02  -2.568030e+00
57  -1.553259e+03  -1.305593e+02
58  -3.138392e+03  -1.982700e+02
59  -6.339633e+03  -2.393652e+02
60  -1.712914e+04  -7.070047e+01
61  -4.808872e+04  -4.051556e+02
62  -1.309713e+05  -1.515978e+02
63  -6.104390e+05  4.760159e+02
ENDPROP
STARTPROP
MASSES:  4.500000e-02   4.500000e-02
SOURCE: GAM_21
SINKS: GAM_21
0  9.239617e+05  -1.171043e+03
1  -6.015778e+05  1.446394e+03
2  -1.257289e+05  7.540021e+02
3  -4.801632e+04  1.516752e+02
4  -1.886042e+04  -3.605491e+02
5  -7.679490e+03  -3.390461e+02
6  -2.676636e+03  -8.662819e+01
7  -1.009357e+03  -4.035717e+01
8  -2.203150e+02  -1.250948e+01
9  -1.751347e+02  -4.124663e+01
10  -1.569419e+02  -4.175106e+01
11  1.273345e+01  -3.091066e+01
12  2.596457e+01  -1.647706e+01
13  1.886744e+01  -9.243022e+00
14  1.985435e+01  -5.079752e+00
15  1.207431e+01  -2.831674e+00
16  5.942579e+00  -1.015753e+00
17  1.637512e+00  2.559035e-01
18  -7.613459e-01  -1.113370e-01
19  -8.214795e-01  1.712145e-01
20  -7.926397e-01  5.019412e-02
21  -5.497478e-01  -1.077893e-01
22  8.520656e-02  -7.632064e-02
23  7.671302e-03  -1.889383e-02
24  1.377452e-01  -1.543674e-03
25  1.146065e-01  1.079154e-02
26  5.424362e-02  1.313659e-02
27  7.319370e-03  1.517503e-02
28  -1.443988e-02  6.997298e-03
29  -1.371813e-02  1.640182e-03
30  -1.341988e-02  -2.194979e-03
31  -8.178445e-03  -1.876810e-03
32  -1.096895e-03  -2.346591e-03
33  2.355152e-03  -1.621357e-03
34  -6.690486e-04  -1.548704e-03
35  -4.300909e-03  -4.523171e-03
36  -1.646295e-02  -3.213017e-03
37  3.277948e-03  -3.976497e-03
38  1.952843e-02  -1.878263e-02
39  5.618474e-03  -3.586082e-02
40  -3.399778e-02  -7.783450e-02
41  6.085793e-02  -1.379888e-01
42  5.397300e-02  -2.412734e-01
43  3.626382e-02  -1.320770e-01
44  5.319203e-02  2.176595e-02
45  5.097225e-01  1.857332e-01
46  1.574506e+00  3.005876e-01
47  2.781319e+00  1.768777e-01
48  2.377510e+00  -1.083707e+00
49  4.732940e+00  -3.599082e+00
50  1.044537e+01  -5.643140e+00
51  -1.512966e+00  -5.090356e+00
52  9.211259e+00  -7.185045e+00
53  1.218119e+01  -5.173973e+00
54  -8.113731e+01  -1.808931e+01
55  -2.666207e+02  -2.788549e+01
56  -5.968159e+02  -2.568030e+00
57  -1.553259e+03  -1.305593e+02
58  -3.138392e+03  -1.982700e+02
59  -6.339633e+03  -2.393652e+02
60  -1.712914e+04  -7.070047e+01
61  -4.808872e+04  -4.051556e+02
62  -1.309713e+05  -1.515978e+02
63  -6.104390e+05  4.760159e+02
ENDPROP
STARTPROP
MASSES:  4.500000e-02   4.500000e-02
SOURCE: GAM_13
SINKS: GAM_13
0  8.959592e+05  -7.280208e+02
1  -6.162885e+05  9.056098e+02
2  -1.224218e+05  -4.157549e+02
3  -4.215724e+04  -4.838752e+02
4  -1.228040e+04  -7.999198e+01
5  -4.089992e+03  -1.083962e+02
6  -1.760849e+03  2.670416e+01
7  -1.327004e+03  -5.155573e+01
8  -8.816912e+02  -3.092818e+01
9  -4.920990e+02  -3.734215e+01
10  -2.657735e+02  -4.543245e+01
11  -9.991075e+01  -1.203919e+01
12  3.130153e+01  3.362686e-01
13  9.491499e+00  -1.009198e+00
14  -9.648048e-01  2.495241e+00
15  1.265008e+01  4.421137e+00
16  8.284600e+00  3.155937e+00
17  2.081821e+00  1.692806e+00
18  1.523204e+00  6.650359e-01
19  1.693112e+00  -1.334546e-01
20  1.225376e+00  -3.608816e-01
21  1.131965e+00  -2.639290e-01
22  9.300046e-01  -1.351094e-01
23  5.614820e-01  -8.115806e-02
24  4.287609e-01  -3.597923e-02
25  1.747992e-01  4.167010e-04
26  1.104038e-01  -1.216994e-02
27  5.987924e-02  -1.370012e-02
28  4.409914e-02  -3.635307e-03
29  2.322437e-02  -1.246834e-03
30  2.047916e-02  -2.347012e-05
31  2.326983e-02  -2.238958e-03
32  1.276661e-02  -1.023907e-03
33  5.472701e-03  -6.300934e-04
34  1.211118e-02  9.572522e-04
35  1.177492e-02  -5.681142e-05
36  7.707759e-03  -5.157278e-03
37  2.242085e-02  -6.480426e-03
38  1.321807e-02  -4.130700e-03
39  -7.291702e-02  -2.167328e-03
40  -1.871526e-01  1.737868e-02
41  -3.155789e-01  7.904387e-02
42  -1.725007e-01  8.330477e-02
43  7.025234e-02  6.627360e-02
44  8.842074e-01  2.469648e-01
45  2.506092e+00  5.030737e-01
46  3.880886e+00  3.924098e-01
47  5.040339e+00  -1.363304e-01
48  2.828108e+00  9.441501e-01
49  1.757386e+00  2.863721e+00
50  -5.301704e-03  7.046399e-01
51  -2.112145e+01  5.315213e+00
52  -2.776171e+01  6.242719e+00
53  -1.503103e+01  3.244133e+00
54  -1.988704e+01  -5.360978e-01
55  -1.153242e+02  2.551657e+01
56  -2.785657e+02  1.865119e+01
57  -1.386587e+03  4.664559e+01
58  -3.724217e+03  4.043565e+01
59  -8.085392e+03  7.359723e+01
60  -2.087938e+04  -7.925745e+01
61  -5.237913e+04  -8.099754e+02
62  -1.356873e+05  -9.407883e+02
63  -6.270471e+05  -5.449085e+02
ENDPROP
STARTPROP
MASSES:  4.500000e-02   4.500000e-02
SOURCE: GAM_31
SINKS: GAM_31
0  8.959592e+05  -7.280208e+02
1  -6.162885e+05  9.056098e+02
2  -1.224218e+05  -4.157549e+02
3  -4.215724e+04  -4.838752e+02
4  -1.228040e+04  -7.999198e+01
5  -4.089992e+03  -1.083962e+02
6  -1.760849e+03  2.670416e+01
7  -1.327004e+03  -5.155573e+01
8  -8.816912e+02  -3.092818e+01
9  -4.920990e+02  -3.734215e+01
10  -2.657735e+02  -4.543245e+01
11  -9.991075e+01  -1.203919e+01
12  3.130153e+01  3.362686e-01
13  9.491499e+00  -1.009198e+00
14  -9.648048e-01  2.495241e+00
15  1.265008e+01  4.421137e+00
16  8.284600e+00  3.155937e+00
17  2.081821e+00  1.692806e+00
18  1.523204e+00  6.650359e-01
19  1.693112e+00  -1.334546e-01
20  1.225376e+00  -3.608816e-01
21  1.131965e+00  -2.639290e-01
22  9.300046e-01  -1.351094e-01
23  5.614820e-01  -8.115806e-02
24  4.287609e-01  -3.597923e-02
25  1.747992e-01  4.167010e-04
26  1.104038e-01  -1.216994e-02
27  5.987924e-02  -1.370012e-02
28  4.409914e-02  -3.635307e-03
29  2.322437e-02  -1.246834e-03
30  2.047916e-02  -2.347012e-05
31  2.326983e-02  -2.238958e-03
32  1.276661e-02  -1.023907e-03
33  5.472701e-03  -6.300934e-04
34  1.211118e-02  9.572522e-04
35  1.177492e-02  -5.681142e-05
36  7.707759e-03  -5.157278e-03
37  2.242085e-02  -6.480426e-03
38  1.321807e-02  -4.130700e-03
39  -7.291702e-02  -2.167328e-03
40  -1.871526e-01  1.737868e-02
41  -3.155789e-01  7.904387e-02
42  -1.725007e-01  8.330477e-02
43  7.025234e-02  6.627360e-02
44  8.842074e-01  2.469648e-01
45  2.506092e+00  5.030737e-01
46  3.880886e+00  3.924098e-01
47  5.040339e+00  -1.363304e-01
48  2.828108e+00  9.441501e-01
49  1.757386e+00  2.863721e+00
50  -5.301704e-03  7.046399e-01
51  -2.112145e+01  5.315213e+00
52  -2.776171e+01  6.242719e+00
53  -1.503103e+01  3.244133e+00
54  -1.988704e+01  -5.360978e-01
55  -1.153242e+02  2.551657e+01
56  -2.785657e+02  1.865119e+01
57  -1.386587e+03  4.664559e+01
58  -3.724217e+03  4.043565e+01
59  -8.085392e+03  7.359723e+01
60  -2.087938e+04  -7.925745e+01
61  -5.237913e+04  -8.099754e+02
62  -1.356873e+05  -9.407883e+02
63  -6.270471e+05  -5.449085e+02
ENDPROP
STARTPROP
MASSES:  4.500000e-02   4.500000e-02
SOURCE: GAM_14
SINKS: GAM_14
0  1.943349e+05  -9.496407e+02
1  1.383239e+06  -1.321296e+03
2  5.513705e+05  4.113977e+01
3  2.750039e+05  7.545224e+02
4  1.365710e+05  1.103703e+03
5  6.706070e+04  7.752089e+02
6  3.233921e+04  3.794550e+02
7  1.542956e+04  5.115569e+01
8  7.083101e+03  2.965625e+01
9  2.993604e+03  3.569126e+01
10  1.117767e+03  -7.813277e+00
11  4.284347e+02  5.704825e-01
12  1.449000e+02  -4.819424e+00
13  5.907359e+01  6.167833e+00
14  1.674472e+01  4.464860e+00
15  -3.706640e+00  3.324500e+00
16  -7.235458e+00  5.499418e-01
17  -3.458680e+00  6.291175e-01
18  3.429279e+00  4.439227e-01
19  1.790933e+00  5.614178e-03
20  1.436363e+00  9.261160e-02
21  5.530389e-01  -1.502967e-01
22  6.602733e-02  -1.640132e-01
23  2.955348e-01  -3.427378e-02
24  3.443998e-01  3.396296e-02
25  1.726434e-01  1.328523e-02
26  1.959705e-02  -3.398137e-03
27  -1.587194e-02  -5.709892e-03
28  -3.642714e-02  -1.032545e-02
29  -3.305732e-02  -1.011583e-02
30  -2.503477e-02  -2.535632e-03
31  -1.335511e-02  -4.380614e-04
32  -4.202316e-03  -2.213993e-04
33  -1.462246e-03  -4.581636e-04
34  -4.676103e-03  -4.971359e-03
35  -9.489837e-03  -5.837524e-03
36  -2.898936e-02  1.996139e-03
37  -7.578042e-02  7.529862e-04
38  -1.870678e-01  -2.564166e-03
39  -2.562055e-01  -8.612553e-04
40  -3.199407e-01  -2.152157e-02
41  -5.089895e-01  -2.164239e-02
42  -7.467539e-01  8.102106e-02
43  -1.378087e+00  5.173604e-02
44  -1.851440e+00  -8.691089e-02
45  -3.079544e+00  4.503267e-01
46  -5.520485e+00  6.928950e-01
47  -6.590499e+00  -8.423593e-02
48  -1.031850e+01  -3.229890e+00
49  4.781865e-01  -6.661268e+00
50  7.585923e+00  -1.291621e+01
51  7.275155e+01  -1.552752e+01
52  1.307929e+02  -2.229141e+01
53  3.647093e+02  -1.417867e+01
54  1.061164e+03  2.000151e+01
55  2.734846e+03  5.191338e+01
56  6.296405e+03  8.804731e+01
57  1.343224e+04  4.392803e+01
58  2.935786e+04  4.772473e+01
59  6.210608e+04  2.358428e+02
60  1.266723e+05  1.363737e+02
61  2.647185e+05  2.832970e+02
62  5.574801e+05  4.995739e+01
63  1.388044e+06  -1.216629e+03
ENDPROP
STARTPROP
MASSES:  4.500000e-02   4.500000e-02
SOURCE: GAM_41
SINKS: GAM_41
0  1.943349e+05  -9.496407e+02
1  1.383239e+06  -1.321296e+03
2  5.513705e+05  4.113977e+01
3  2.750039e+05  7.545224e+02
4  1.365710e+05  1.103703e+03
5  6.706070e+04  7.752089e+02
6  3.233921e+04  3.794550e+02
7  1.542956e+04  5.115569e+01
8  7.083101e+03  2.965625e+01
9  2.993604e+03  3.569126e+01
10  1.117767e+03  -7.813277e+00
11  4.284347e+02  5.704825e-01
12  1.449000e+02  -4.819424e+00
13  5.907359e+01  6.167833e+00
14  1.674472e+01  4.464860e+00
15  -3.706640e+00  3.324500e+00
16  -7.235458e+00  5.499418e-01
17  -3.458680e+00  6.291175e-01
18  3.429279e+00  4.439227e-01
19  1.790933e+00  5.614178e-03
20  1.436363e+00  9.261160e-02
21  5.530389e-01  -1.502967e-01
22  6.602733e-02  -1.640132e-01
23  2.955348e-01  -3.427378e-02
24  3.443998e-01  3.396296e-02
25  1.726434e-01  1.328523e-02
26  1.959705e-02  -3.398137e-03
27  -1.587194e-02  -5.709892e-03
28  -3.642714e-02  -1.032545e-02
29  -3.305732e-02  -1.011583e-02
30  -2.503477e-02  -2.535632e-03
31  -1.335511e-02  -4.380614e-04
32  -4.202316e-03  -2.213993e-04
33  -1.462246e-03  -4.581636e-04
34  -4.676103e-03  -4.971359e-03
35  -9.489837e-03  -5.837524e-03
36  -2.898936e-02  1.996139e-03
37  -7.578042e-02  7.529862e-04
38  -1.870678e-01  -2.564166e-03
39  -2.562055e-01  -8.612553e-04
40  -3.199407e-01  -2.152157e-02
41  -5.089895e-01  -2.164239e-02
42  -7.467539e-01  8.102106e-02
43  -1.378087e+00  5.173604e-02
44  -1.851440e+00  -8.691089e-02
45  -3.079544e+00  4.503267e-01
46  -5.520485e+00  6.928950e-01
47  -6.590499e+00  -8.423593e-02
48  -1.031850e+01  -3.229890e+00
49  4.781865e-01  -6.661268e+00
50  7.585923e+00  -1.291621e+01
51  7.275155e+01  -1.552752e+01
52  1.307929e+02  -2.229141e+01
53  3.647093e+02  -1.417867e+01
54  1.061164e+03  2.000151e+01
55  2.734846e+03  5.191338e+01
56  6.296405e+03  8.804731e+01
57  1.343224e+04  4.392803e+01
58  2.935786e+04  4.772473e+01
59  6.210608e+04  2.358428e+02
60  1.266723e+05  1.363737e+02
61  2.647185e+05  2.832970e+02
62  5.574801e+05  4.995739e+01
63  1.388044e+06  -1.216629e+03
ENDPROP
STARTPROP
MASSES:  4.500000e-02   4.500000e-02
SOURCE: GAM_23
SINKS: GAM_23
0  8.931118e+05  1.538768e+03
1  -6.129357e+05  2.346623e+03
2  -1.274612e+05  2.183665e+03
3  -4.349158e+04  1.148125e+03
4  -1.479791e+04  5.339506e+02
5  -4.803838e+03  1.515079e+02
6  -1.460753e+03  2.631224e+02
7  -1.005296e+03  2.377575e+02
8  -3.347975e+02  1.281248e+02
9  1.462841e+01  4.827618e+01
10  -4.443728e-01  4.939557e+00
11  -4.921631e+01  3.036288e+00
12  -4.698901e+01  -8.887366e+00
13  -4.665647e+01  -8.075514e+00
14  -2.055884e+01  -1.465619e+00
15  -5.209991e+00  1.982836e+00
16  -3.000224e+00  2.492687e+00
17  -6.702940e-02  1.548821e+00
18  1.360975e+00  9.940743e-01
19  7.391740e-01  7.055798e-01
20  -8.937598e-01  3.817748e-01
21  -1.347394e+00  3.241158e-01
22  -1.123069e+00  1.456294e-01
23  -5.954329e-01  -2.965337e-02
24  -1.983315e-01  -2.082174e-02
25  -1.031640e-01  -3.068303e-02
26  -4.163537e-02  -1.885765e-02
27  -1.300576e-02  -5.994269e-03
28  -8.827288e-03  -1.776957e-03
29  -2.949402e-03  -2.213329e-03
30  -6.235547e-03  -1.677691e-03
31  -2.787571e-03  2.620967e-04
32  -3.423937e-03  1.204234e-03
33  -1.340935e-03  -4.954811e-04
34  -4.383836e-04  1.747068e-03
35  6.693355e-03  4.205255e-04
36  5.755955e-03  4.913121e-03
37  -2.099396e-02  1.445224e-02
38  -2.939655e-02  4.027695e-02
39  -3.660097e-02  5.837287e-02
40  1.339877e-02  8.566851e-02
41  -5.296536e-02  1.117533e-01
42  -3.378405e-01  1.283892e-01
43  -7.885061e-02  6.423832e-02
44  1.989934e-01  2.752272e-02
45  1.331822e+00  2.681180e-01
46  1.190293e+00  5.728372e-01
47  2.656826e+00  -2.284027e-01
48  3.600418e-01  9.497211e-02
49  -1.833589e+00  -3.060373e-01
50  3.607408e+00  -9.476831e-01
51  6.768927e+00  -3.333398e+00
52  3.347827e+01  4.881638e+00
53  5.331220e+01  2.506896e+00
54  6.447783e+01  -1.252683e+00
55  -4.670832e+01  -2.270667e+01
56  -5.918982e+02  -9.080235e+01
57  -1.258971e+03  -1.691097e+02
58  -2.833851e+03  -1.674184e+02
59  -5.709593e+03  -3.287312e+02
60  -1.745616e+04  -6.501932e+02
61  -4.873428e+04  -4.303076e+02
62  -1.407716e+05  9.898183e+01
63  -6.325674e+05  1.017756e+03
ENDPROP
STARTPROP
MASSES:  4.500000e-02   4.500000e-02
SOURCE: GAM_32
SINKS: GAM_32
0  8.931118e+05  1.538768e+03
1  -6.129357e+05  2.346623e+03
2  -1.274612e+05  2.183665e+03
3  -4.349158e+04  1.148125e+03
4  -1.479791e+04  5.339506e+02
5  -4.803838e+03  1.515079e+02
6  -1.460753e+03  2.631224e+02
7  -1.005296e+03  2.377575e+02
8  -3.347975e+02  1.281248e+02
9  1.462841e+01  4.827618e+01
10  -4.443728e-01  4.939557e+00
11  -4.921631e+01  3.036288e+00
12  -4.698901e+01  -8.887366e+00
13  -4.665647e+01  -8.075514e+00
14  -2.055884e+01  -1.465619e+00
15  -5.209991e+00  1.982836e+00
16  -3.000224e+00  2.492687e+00
17  -6.702940e-02  1.548821e+00
18  1.360975e+00  9.940743e-01
19  7.391740e-01  7.055798e-01
20  -8.937598e-01  3.817748e-01
21  -1.347394e+00  3.241158e-01
22  -1.123069e+00  1.456294e-01
23  -5.954329e-01  -2.965337e-02
24  -1.983315e-01  -2.082174e-02
25  -1.031640e-01  -3.068303e-02
26  -4.163537e-02  -1.885765e-02
27  -1.300576e-02  -5.994269e-03
28  -8.827288e-03  -1.776957e-03
29  -2.949402e-03  -2.213329e-03
30  -6.235547e-03  -1.677691e-03
31  -2.787571e-03  2.620967e-04
32  -3.423937e-03  1.204234e-03
33  -1.340935e-03  -4.954811e-04
34  -4.383836e-04  1.747068e-03
35  6.693355e-03  4.205255e-04
36  5.755955e-03  4.913121e-03
37  -2.099396e-02  1.445224e-02
38  -2.939655e-02  4.027695e-02
39  -3.660097e-02  5.837287e-02
40  1.339877e-02  8.566851e-02
41  -5.296536e-02  1.117533e-01
42  -3.378405e-01  1.283892e-01
43  -7.885061e-02  6.423832e-02
44  1.989934e-01  2.752272e-02
45  1.331822e+00  2.681180e-01
46  1.190293e+00  5.728372e-01
47  2.656826e+00  -2.284027e-01
48  3.600418e-01  9.497211e-02
49  -1.833589e+00  -3.060373e-01
50  3.607408e+00  -9.476831e-01
51  6.768927e+00  -3.333398e+00
52  3.347827e+01  4.881638e+00
53  5.331220e+01  2.506896e+00
54  6.447783e+01  -1.252683e+00
55  -4.670832e+01  -2.270667e+01
56  -5.918982e+02  -9.080235e+01
57  -1.258971e+03  -1.691097e+02
58  -2.833851e+03  -1.674184e+02
59  -5.709593e+03  -3.287312e+02
60  -1.745616e+04  -6.501932e+02
61  -4.873428e+04  -4.303076e+02
62  -1.407716e+05  9.898183e+01
63  -6.325674e+05  1.017756e+03
ENDPROP
STARTPROP
MASSES:  4.500000e-02   4.500000e-02
SOURCE: GAM_24
SINKS: GAM_24
0  1.591749e+05  1.621947e+03
1  1.359635e+06  4.059643e+02
2  5.344795e+05  8.880984e+02
3  2.679811e+05  8.495608e+02
4  1.315527e+05  1.101465e+03
5  6.380427e+04  7.852427e+02
6  3.209365e+04  4.007474e+02
7  1.565629e+04  1.231538e+02
8  7.156962e+03  9.012364e+01
9  3.318865e+03  9.088279e+01
10  1.363797e+03  5.585705e+01
11  5.848573e+02  2.288083e+01
12  2.851995e+02  1.193799e+01
13  1.294012e+02  2.644321e+00
14  6.538830e+01  6.007567e-01
15  2.735614e+01  2.918761e+00
16  -6.647909e-01  5.072205e-01
17  6.507528e+00  -2.783811e-01
18  6.613292e+00  -1.942795e-01
19  2.826407e+00  -9.836398e-01
20  1.325898e+00  -4.284773e-01
21  7.823677e-01  -2.815925e-01
22  -1.449902e-01  -3.770152e-01
23  -1.420116e-01  -1.971334e-01
24  9.230358e-02  -1.457642e-01
25  1.047183e-01  -7.677348e-02
26  1.186682e-01  -1.915964e-02
27  1.139366e-01  5.108864e-03
28  4.802820e-02  1.066365e-03
29  1.915022e-02  -9.969710e-04
30  5.509983e-03  7.582621e-04
31  3.062154e-03  -2.889328e-04
32  -7.334494e-04  -3.774739e-03
33  -3.859090e-04  -2.465575e-03
34  7.668924e-03  1.523550e-03
35  1.742121e-02  3.461442e-03
36  3.469823e-02  -2.213611e-03
37  7.696050e-02  -7.959286e-03
38  1.412910e-01  -2.310202e-02
39  2.386725e-01  -6.526917e-02
40  1.413784e-01  -1.429789e-01
41  1.809886e-01  -2.891555e-01
42  1.683634e-01  -3.420551e-01
43  9.820188e-01  -6.472653e-01
44  2.812278e+00  -6.912701e-01
45  8.601400e+00  -1.129576e+00
46  1.691589e+01  -1.263236e+00
47  3.701080e+01  -1.727782e+00
48  6.087093e+01  -1.425151e+00
49  1.113054e+02  -2.996727e+00
50  1.740381e+02  3.548318e-01
51  3.236161e+02  -4.536405e+00
52  5.942225e+02  -1.085543e+01
53  1.219588e+03  -2.218499e+01
54  2.211238e+03  -4.033555e+01
55  4.142321e+03  -3.525351e+00
56  8.161853e+03  4.874798e+01
57  1.522956e+04  -1.426253e+01
58  2.991490e+04  3.479483e+02
59  5.813065e+04  6.335614e+02
60  1.238948e+05  1.260132e+03
61  2.609080e+05  1.747096e+03
62  5.389503e+05  2.126763e+03
63  1.363743e+06  1.216509e+03
ENDPROP
STARTPROP
MASSES:  4.500000e-02   4.500000e-02
SOURCE: GAM_42
SINKS: GAM_42
0  1.591749e+05  1.621947e+03
1  1.359635e+06  4.059643e+02
2  5.344795e+05  8.880984e+02
3  2.679811e+05  8.495608e+02
4  1.315527e+05  1.101465e+03
5  6.380427e+04  7.852427e+02
6  3.209365e+04  4.007474e+02
7  1.565629e+04  1.231538e+02
8  7.156962e+03  9.012364e+01
9  3.318865e+03  9.088279e+01
10  1.363797e+03  5.585705e+01
11  5.848573e+02  2.288083e+01
12  2.851995e+02  1.193799e+01
13  1.294012e+02  2.644321e+00
14  6.538830e+01  6.007567e-01
15  2.735614e+01  2.918761e+00
16  -6.647909e-01  5.072205e-01
17  6.507528e+00  -2.783811e-01
18  6.613292e+00  -1.942795e-01
19  2.826407e+00  -9.836398e-01
20  1.325898e+00  -4.284773e-01
21  7.823677e-01  -2.815925e-01
22  -1.449902e-01  -3.770152e-01
23  -1.420116e-01  -1.971334e-01
24  9.230358e-02  -1.457642e-01
25  1.047183e-01  -7.677348e-02
26  1.186682e-01  -1.915964e-02
27  1.139366e-01  5.108864e-03
28  4.802820e-02  1.066365e-03
29  1.915022e-02  -9.969710e-04
30  5.509983e-03  7.582621e-04
31  3.062154e-03  -2.889328e-04
32  -7.334494e-04  -3.774739e-03
33  -3.859090e-04  -2.465575e-03
34  7.668924e-03  1.523550e-03
35  1.742121e-02  3.461442e-03
36  3.469823e-02  -2.213611e-03
37  7.696050e-02  -7.959286e-03
38  1.412910e-01  -2.310202e-02
39  2.386725e-01  -6.526917e-02
40  1.413784e-01  -1.429789e-01
41  1.809886e-01  -2.891555e-01
42  1.683634e-01  -3.420551e-01
43  9.820188e-01  -6.472653e-01
44  2.812278e+00  -6.912701e-01
45  8.601400e+00  -1.129576e+00
46  1.691589e+01  -1.263236e+00
47  3.701080e+01  -1.727782e+00
48  6.087093e+01  -1.425151e+00
49  1.113054e+02  -2.996727e+00
50  1.740381e+02  3.548318e-01
51  3.236161e+02  -4.536405e+00
52  5.942225e+02  -1.085543e+01
53  1.219588e+03  -2.218499e+01
54  2.211238e+03  -4.033555e+01
55  4.142321e+03  -3.525351e+00
56  8.161853e+03  4.874798e+01
57  1.522956e+04  -1.426253e+01
58  2.991490e+04  3.479483e+02
59  5.813065e+04  6.335614e+02
60  1.238948e+05  1.260132e+03
61  2.609080e+05  1.747096e+03
62  5.389503e+05  2.126763e+03
63  1.363743e+06  1.216509e+03
ENDPROP
STARTPROP
MASSES:  4.500000e-02   4.500000e-02
SOURCE: GAM_34
SINKS: GAM_34
0  1.541787e+05  6.087986e+01
1  1.350544e+06  -2.543971e+02
2  5.296380e+05  9.977148e+02
3  2.636720e+05  1.686334e+03
4  1.325589e+05  1.275214e+03
5  6.606954e+04  7.182513e+02
6  3.334446e+04  4.018824e+02
7  1.641185e+04  3.033385e+02
8  7.552849e+03  2.124812e+02
9  3.534654e+03  1.834642e+01
10  1.756356e+03  -2.711919e+01
11  9.082494e+02  -3.192607e+01
12  4.930812e+02  -1.920550e+01
13  2.257573e+02  -5.679876e+00
14  9.959071e+01  -4.277748e+00
15  5.238508e+01  -3.805136e+00
16  2.334902e+01  -2.898551e+00
17  1.218717e+01  -3.458160e+00
18  2.997640e+00  -1.752582e+00
19  1.360141e+00  -1.125442e+00
20  6.938305e-01  -5.404897e-01
21  3.322259e-01  -2.653684e-01
22  5.417007e-01  -1.908338e-02
23  4.959491e-02  -2.316003e-02
24  -1.928746e-01  -3.076942e-02
25  -2.458427e-01  -2.437129e-02
26  -1.532985e-01  -7.113710e-03
27  -6.407829e-02  -1.243004e-02
28  -5.856143e-02  -4.028275e-03
29  -4.841525e-02  -2.957377e-03
30  -2.589145e-02  -1.860584e-03
31  -1.122993e-02  -8.666817e-04
32  -9.968902e-03  -3.923863e-04
33  -2.156267e-03  7.089415e-05
34  -3.363112e-03  -2.033458e-03
35  -2.255421e-02  -2.508200e-03
36  -3.756407e-02  -2.131160e-04
37  -4.200277e-02  4.660485e-03
38  -4.018975e-02  -2.353515e-03
39  -7.947924e-02  3.779940e-03
40  -9.806339e-02  1.372699e-02
41  -3.470848e-01  -8.210732e-03
42  -5.027012e-01  -1.195247e-01
43  -5.963848e-01  -3.174945e-01
44  -8.930252e-01  -7.990456e-01
45  -2.884815e+00  -1.004389e+00
46  -3.121619e+00  -1.504897e+00
47  -6.296805e+00  -1.112959e+00
48  -5.066513e+00  -1.044050e+00
49  -5.539250e-01  1.656341e+00
50  3.960538e+01  -7.751688e-01
51  1.377991e+02  -2.611107e+00
52  2.899945e+02  -7.642921e+00
53  6.159358e+02  -3.640346e+01
54  1.332959e+03  -1.509344e+01
55  3.129761e+03  -8.018776e+00
56  6.787814e+03  3.684689e+01
57  1.404267e+04  8.888077e+01
58  2.829033e+04  2.556918e+02
59  5.942047e+04  5.548768e+02
60  1.264493e+05  3.839713e+02
61  2.661846e+05  2.670243e+02
62  5.485600e+05  8.617666e+02
63  1.365421e+06  -7.816705e+02
ENDPROP
STARTPROP
MASSES:  4.500000e-02   4.500000e-02
SOURCE: GAM_43
SINKS: GAM_43
0  1.541787e+05  6.087986e+01
1  1.350544e+06  -2.543971e+02
2  5.296380e+05  9.977148e+02
3  2.636720e+05  1.686334e+03
4  1.325589e+05  1.275214e+03
5  6.606954e+04  7.182513e+02
6  3.334446e+04  4.018824e+02
7  1.641185e+04  3.033385e+02
8  7.552849e+03  2.124812e+02
9  3.534654e+03  1.834642e+01
10  1.756356e+03  -2.711919e+01
11  9.082494e+02  -3.192607e+01
12  4.930812e+02  -1.920550e+01
13  2.257573e+02  -5.679876e+00
14  9.959071e+01  -4.277748e+00
15  5.238508e+01  -3.805136e+00
16  2.334902e+01  -2.898551e+00
17  1.218717e+01  -3.458160e+00
18  2.997640e+00  -1.752582e+00
19  1.360141e+00  -1.125442e+00
20  6.938305e-01  -5.404897e-01
21  3.322259e-01  -2.653684e-01
22  5.417007e-01  -1.908338e-02
23  4.959491e-02  -2.316003e-02
24  -1.928746e-01  -3.076942e-02
25  -2.458427e-01  -2.437129e-02
26  -1.532985e-01  -7.113710e-03
27  -6.407829e-02  -1.243004e-02
28  -5.856143e-02  -4.028275e-03
29  -4.841525e-02  -2.957377e-03
30  -2.589145e-02  -1.860584e-03
31  -1.122993e-02  -8.666817e-04
32  -9.968902e-03  -3.923863e-04
33  -2.156267e-03  7.089415e-05
34  -3.363112e-03  -2.033458e-03
35  -2.255421e-02  -2.508200e-03
36  -3.756407e-02  -2.131160e-04
37  -4.200277e-02  4.660485e-03
38  -4.018975e-02  -2.353515e-03
39  -7.947924e-02  3.779940e-03
40  -9.806339e-02  1.372699e-02
41  -3.470848e-01  -8.210732e-03
42  -5.027012e-01  -1.195247e-01
43  -5.963848e-01  -3.174945e-01
44  -8.930252e-01  -7.990456e-01
45  -2.884815e+00  -1.004389e+00
46  -3.121619e+00  -1.504897e+00
47  -6.296805e+00  -1.112959e+00
48  -5.066513e+00  -1.044050e+00
49  -5.539250e-01  1.656341e+00
50  3.960538e+01  -7.751688e-01
51  1.377991e+02  -2.611107e+00
52  2.899945e+02  -7.642921e+00
53  6.159358e+02  -3.640346e+01
54  1.332959e+03  -1.509344e+01
55  3.129761e+03  -8.018776e+00
56  6.787814e+03  3.684689e+01
57  1.404267e+04  8.888077e+01
58  2.829033e+04  2.556918e+02
59  5.942047e+04  5.548768e+02
60  1.264493e+05  3.839713e+02
61  2.661846e+05  2.670243e+02
62  5.485600e+05  8.617666e+02
63  1.365421e+06  -7.816705e+02
ENDPROP
STARTPROP
MASSES:  4.500000e-02   4.500000e-02
SOURCE: GAM_15
SINKS: GAM_15
0  1.555485e+05  1.779034e+02
1  -8.570540e+05  2.096547e+03
2  -2.246141e+05  1.384715e+03
3  -8.269989e+04  1.442091e+02
4  -2.684237e+04  -6.269657e+02
5  -5.712549e+03  -3.348621e+02
6  -3.488023e+01  -1.304561e+02
7  1.320975e+03  -1.810828e+01
8  1.015619e+03  -6.542018e+01
9  7.498381e+02  -2.951722e+01
10  3.669215e+02  -3.755629e+01
11  7.716127e+01  -4.443615e+01
12  -9.781565e+00  -2.311421e+01
13  -3.358072e+01  -1.372810e+01
14  -1.990069e+01  -4.582978e+00
15  -1.103051e+01  -3.031918e+00
16  -5.654904e+00  -3.628860e+00
17  -7.542828e+00  -2.990299e+00
18  -6.977987e+00  -1.460104e+00
19  -1.732928e+00  -1.866150e-01
20  -2.610679e-01  4.299283e-01
21  1.673287e-01  3.940536e-01
22  1.392042e-01  3.317989e-01
23  -1.246889e-01  2.942883e-01
24  -1.639266e-01  1.494162e-01
25  -1.124473e-01  7.208773e-02
26  -4.434249e-02  4.344533e-02
27  3.954560e-03  2.585951e-02
28  1.766619e-02  1.605392e-02
29  2.048807e-02  1.402418e-02
30  1.766694e-02  1.058427e-02
31  5.368714e-03  6.051745e-03
32  -3.328584e-03  2.831208e-03
33  -6.505461e-05  1.226272e-03
34  -4.486411e-03  6.944039e-05
35  -1.185196e-02  -1.624692e-03
36  -3.487003e-02  -6.566714e-03
37  -5.303204e-02  -7.232370e-03
38  -7.834332e-02  -1.025483e-02
39  -1.299100e-01  -8.621004e-03
40  -2.048748e-01  -5.034995e-02
41  -2.607949e-01  -1.082104e-01
42  -1.134453e-01  -1.414288e-01
43  3.928938e-01  -1.651166e-01
44  2.888158e-01  -3.665924e-01
45  2.816285e-01  -2.000444e-01
46  2.259146e+00  6.514481e-01
47  6.499239e+00  1.874332e+00
48  1.708083e+01  3.316190e+00
49  3.058434e+01  2.958674e+00
50  3.061339e+01  5.821231e-02
51  3.278930e+01  -1.108834e+01
52  5.151388e+01  -3.329956e+01
53  5.359752e+01  -4.420607e+01
54  -6.722921e+01  -5.363225e+01
55  -2.686985e+02  -6.447621e+01
56  -9.015543e+02  -8.332903e+01
57  -2.215064e+03  -7.083367e+01
58  -5.662757e+03  -4.459895e+01
59  -1.297845e+04  2.073712e+02
60  -2.763327e+04  5.089641e+02
61  -7.853997e+04  -6.996726e+02
62  -2.227292e+05  -9.942271e+01
63  -8.540084e+05  4.956138e+02
ENDPROP
STARTPROP
MASSES:  4.500000e-02   4.500000e-02
SOURCE: GAM_25
SINKS: GAM_25
0  1.250533e+05  2.854614e+03
1  -8.832302e+05  3.199186e+03
2  -2.437360e+05  1.095361e+03
3  -9.080140e+04  6.256471e+02
4  -3.670346e+04  5.057655e+02
5  -1.396472e+04  6.904215e+02
6  -5.349416e+03  4.591948e+02
7  -2.642316e+03  2.280317e+02
8  -1.631085e+03  1.383981e+02
9  -6.042476e+02  9.215629e+01
10  -2.353699e+02  5.000393e+01
11  -6.447758e+01  1.360019e+01
12  -4.567169e+01  6.859443e-01
13  -4.649526e+01  -8.261885e+00
14  -4.007132e+00  -1.834126e+00
15  1.355035e+00  1.163887e+00
16  3.856161e+00  -1.312770e-01
17  6.123608e+00  -8.373846e-01
18  5.980203e+00  -5.944724e-03
19  2.590816e+00  2.480617e-01
20  1.593788e+00  9.687802e-02
21  6.841350e-01  2.442645e-01
22  -2.750039e-01  2.837172e-01
23  -3.014754e-01  2.383975e-01
24  -1.257297e-01  1.748833e-01
25  -9.328274e-02  1.023287e-01
26  -1.413887e-02  6.598792e-02
27  3.756968e-02  3.379948e-02
28  5.045344e-02  1.016402e-02
29  3.408148e-02  2.061094e-03
30  2.569158e-02  7.329263e-04
31  1.262265e-02  2.969651e-04
32  6.226954e-03  -1.318196e-03
33  -2.665578e-03  -1.606509e-03
34  -1.936123e-03  -5.023511e-04
35  -2.453158e-03  -1.339066e-04
36  4.490070e-04  2.156502e-03
37  -7.854689e-03  1.688911e-02
38  -1.424484e-03  3.162361e-02
39  -2.352608e-02  5.845750e-02
40  -3.987751e-03  7.929805e-02
41  7.807561e-02  1.183395e-01
42  1.321296e-02  1.920425e-01
43  6.437952e-01  3.162399e-01
44  9.184988e-01  4.734149e-01
45  1.546133e+00  9.099637e-01
46  1.610532e+00  1.274092e+00
47  1.969716e+00  3.543159e-01
48  6.841286e+00  -1.152957e+00
49  -9.049472e+00  -2.656173e+00
50  -3.508748e+01  -4.250275e+00
51  -5.351152e+01  -6.924951e+00
52  -5.540295e+01  -1.593791e+01
53  -2.023055e+01  -1.610314e+01
54  -1.817265e+02  -3.490042e+01
55  -6.723331e+02  -4.914691e+01
56  -1.270162e+03  -4.388064e+01
57  -2.345491e+03  -1.033100e+02
58  -4.201521e+03  -2.582345e+02
59  -1.083087e+04  -2.365848e+02
60  -3.043715e+04  -8.627260e+01
61  -9.055174e+04  -2.580055e+02
62  -2.507156e+05  -2.409266e+01
63  -8.841671e+05  2.097577e+03
ENDPROP
STARTPROP
MASSES:  4.500000e-02   4.500000e-02
SOURCE: GAM_35
SINKS: GAM_35
0  9.818423e+04  7.219504e+02
1  -8.899506e+05  -1.327098e+03
2  -2.375942e+05  -2.495162e+03
3  -8.571782e+04  -1.892291e+03
4  -3.126677e+04  -8.988476e+02
5  -1.153235e+04  -2.358202e+02
6  -4.371527e+03  -1.172738e+02
7  -1.687500e+03  -1.584641e+02
8  -5.303029e+02  -1.713022e+02
9  -1.114189e+02  -8.296661e+01
10  -1.605006e+02  -8.595745e+00
11  -1.388648e+02  2.899166e+00
12  -7.397071e+01  -5.443211e-01
13  -4.753640e+01  -7.711986e+00
14  -3.597090e+01  -7.173555e+00
15  -2.326289e+01  -6.128157e+00
16  -1.596737e+01  -2.681259e+00
17  -6.895762e+00  -1.370831e+00
18  -1.668790e+00  -4.329831e-01
19  3.990779e-01  -4.297631e-01
20  -1.234061e-01  -5.760000e-01
21  -7.893988e-01  -5.330750e-01
22  -6.895513e-01  -3.754024e-01
23  -4.985971e-01  -2.317717e-01
24  -2.260674e-01  -1.307049e-01
25  -9.673974e-02  -6.262861e-02
26  8.257773e-02  -2.899576e-02
27  1.158631e-01  -3.856467e-03
28  6.706165e-02  7.042592e-04
29  4.045842e-02  2.913754e-03
30  2.179155e-02  -1.919932e-03
31  3.079876e-03  -3.482537e-03
32  -1.860400e-03  -4.004556e-03
33  2.694640e-03  -4.515348e-03
34  1.158671e-02  -5.702704e-03
35  1.482562e-02  -1.001362e-02
36  2.399275e-02  -1.538699e-02
37  5.122206e-02  -1.591916e-02
38  9.865040e-02  -1.272503e-02
39  2.308827e-01  -1.063202e-02
40  2.678637e-01  1.482343e-02
41  2.543446e-01  6.867307e-02
42  2.999727e-01  1.892319e-01
43  -2.807188e-01  3.947604e-01
44  -1.126521e+00  5.183664e-01
45  -1.021911e+00  1.021619e-01
46  -3.162742e+00  -5.410583e-01
47  -1.087519e+01  -1.348166e+00
48  -2.177905e+01  -3.100203e+00
49  -3.251298e+01  -5.000074e+00
50  -4.267624e+01  -7.029076e+00
51  -4.120659e+01  -4.929744e+00
52  -8.579386e+01  -9.622698e+00
53  -8.937479e+01  -3.899755e+01
54  -1.992370e+02  -7.872184e+01
55  -1.592491e+02  -9.169170e+01
56  -4.745915e+02  -7.140555e+01
57  -1.650507e+03  4.442086e+01
58  -5.072210e+03  2.768847e+01
59  -1.213733e+04  5.901902e+01
60  -3.409654e+04  6.806807e+02
61  -9.500694e+04  5.101712e+02
62  -2.543935e+05  -2.268020e+02
63  -9.050292e+05  -8.975424e+02
ENDPROP
STARTPROP
MASSES:  4.500000e-02   4.500000e-02
SOURCE: GAM_45
SINKS: GAM_45
0  -9.859305e+05  1.423993e+03
1  1.105330e+06  -1.064252e+03
2  5.306724e+05  -1.440868e+03
3  3.429755e+05  -1.641773e+02
4  2.149695e+05  3.088995e+02
5  1.346337e+05  8.199235e+02
6  8.297700e+04  4.554832e+02
7  5.123181e+04  1.209138e+02
8  3.052315e+04  6.516121e+01
9  1.855029e+04  -5.797920e+00
10  1.120235e+04  2.192993e+01
11  6.703122e+03  2.074554e+01
12  4.082881e+03  5.895293e+00
13  2.492286e+03  1.528263e+00
14  1.519672e+03  -6.013778e+00
15  9.282563e+02  -1.723762e+00
16  5.648309e+02  1.335945e+00
17  3.381483e+02  2.368231e+00
18  1.991112e+02  8.085282e-01
19  1.202538e+02  8.928997e-01
20  7.439106e+01  3.518337e-01
21  4.526293e+01  2.699947e-01
22  2.829987e+01  2.001584e-01
23  1.715159e+01  3.191918e-02
24  1.061455e+01  -4.489410e-02
25  6.522978e+00  -3.985220e-02
26  4.023540e+00  -3.878071e-02
27  2.480574e+00  -1.637447e-02
28  1.556344e+00  -1.003217e-02
29  9.655246e-01  -5.758327e-03
30  6.141507e-01  -3.208516e-03
31  4.296057e-01  -8.225581e-04
32  3.537048e-01  1.003380e-03
33  3.723072e-01  5.024628e-03
34  4.793740e-01  8.687504e-03
35  7.075026e-01  1.212102e-02
36  1.125992e+00  2.150507e-02
37  1.821080e+00  2.669636e-02
38  3.054532e+00  3.794311e-02
39  5.015065e+00  4.461365e-02
40  8.254236e+00  5.529046e-02
41  1.406685e+01  -6.725394e-02
42  2.342097e+01  -9.825756e-02
43  3.890433e+01  -1.895572e-01
44  6.479600e+01  -2.065250e-01
45  1.091801e+02  -1.205989e-01
46  1.769805e+02  -5.968214e-02
47  2.933149e+02  -1.493437e+00
48  4.887912e+02  -4.734579e-01
49  8.184387e+02  2.694552e+00
50  1.357585e+03  9.832708e+00
51  2.241270e+03  1.516125e+01
52  3.685584e+03  1.752642e+01
53  6.155379e+03  1.827092e+00
54  1.013328e+04  -1.409128e+01
55  1.673627e+04  1.753243e+01
56  2.783647e+04  1.369671e+02
57  4.523714e+04  1.891839e+02
58  7.398363e+04  2.231466e+02
59  1.210708e+05  2.512158e+02
60  1.990500e+05  6.578344e+02
61  3.241971e+05  8.834285e+02
62  5.186634e+05  1.629340e+03
63  1.096952e+06  2.541919e+02
ENDPROP
STARTPROP
MASSES:  4.500000e-02   4.500000e-02
SOURCE: PSAX4
SINKS: GAM_4
0  2.808780e+04  2.561106e+03
1  1.703463e+06  3.650713e+03
2  9.253590e+05  2.143927e+03
3  5.763741e+05  2.712474e+03
4  3.571041e+05  2.607321e+03
5  2.212213e+05  2.405535e+03
6  1.357846e+05  1.564095e+03
7  8.354851e+04  9.107831e+02
8  4.975210e+04  5.662542e+02
9  3.022276e+04  3.113236e+02
10  1.816691e+04  2.207609e+02
11  1.083024e+04  1.221841e+02
12  6.548400e+03  6.364007e+01
13  3.981888e+03  4.133398e+01
14  2.417893e+03  1.628566e+01
15  1.471178e+03  1.317081e+01
16  8.962095e+02  1.046152e+01
17  5.410035e+02  8.938603e+00
18  3.215038e+02  5.089675e+00
19  1.936439e+02  3.873358e+00
20  1.193490e+02  2.112362e+00
21  7.238891e+01  1.363094e+00
22  4.516155e+01  8.612789e-01
23  2.749627e+01  4.043211e-01
24  1.693517e+01  1.684789e-01
25  1.043482e+01  1.021078e-01
26  6.416973e+00  3.458974e-02
27  3.916178e+00  2.481032e-02
28  2.407009e+00  1.587725e-02
29  1.414740e+00  1.254399e-02
30  7.794751e-01  8.238555e-03
31  3.596563e-01  6.703241e-03
32  3.447706e-02  3.365848e-03
33  -2.689322e-01  1.218712e-03
34  -6.392422e-01  2.964906e-03
35  -1.179009e+00  5.001783e-03
36  -2.033188e+00  8.708769e-03
37  -3.393628e+00  2.325672e-02
38  -5.707644e+00  3.521417e-02
39  -9.348196e+00  7.818987e-02
40  -1.545297e+01  1.498989e-01
41  -2.619230e+01  4.755483e-01
42  -4.359645e+01  6.980848e-01
43  -7.236421e+01  1.092604e+00
44  -1.206040e+02  1.695412e+00
45  -2.005751e+02  2.138901e+00
46  -3.253505e+02  3.524891e+00
47  -5.341320e+02  6.154472e+00
48  -8.781822e+02  7.605487e+00
49  -1.451616e+03  9.287768e+00
50  -2.391688e+03  1.010215e+01
51  -3.929117e+03  1.008004e+01
52  -6.433230e+03  3.573735e+01
53  -1.066709e+04  7.599521e+01
54  -1.746459e+04  1.283493e+02
55  -2.862006e+04  1.344295e+02
56  -4.750950e+04  5.550021e+01
57  -7.658743e+04  -4.999671e+01
58  -1.252851e+05  -5.028426e+01
59  -2.054761e+05  6.472409e+01
60  -3.376229e+05  3.453988e+02
61  -5.546112e+05  -4.180619e+02
62  -9.023583e+05  -1.516173e+03
63  -1.658519e+06  -6.721691e+02
ENDPROP
STARTPROP
MASSES:  4.500000e-02   4.500000e-02
SOURCE: WWPSAX4
SINKS: GAM_4
0  1.123633e+07  3.316379e+06
1  3.563217e+09  -3.140605e+07
2  5.203813e+08  3.095927e+06
3  3.413915e+08  -5.120502e+06
4  1.599582e+08  3.215398e+06
5  1.229560e+08  1.301466e+06
6  8.410436e+07  1.111139e+06
7  4.523329e+07  -5.167449e+05
8  1.980081e+07  -5.251654e+05
9  1.529315e+07  3.548899e+05
10  9.349069e+06  4.681498e+05
11  5.028832e+06  1.236583e+05
12  2.652776e+06  2.689209e+05
13  2.541388e+06  1.170009e+05
14  1.233807e+06  -9.143629e+04
15  6.019352e+05  -2.935106e+04
16  4.989235e+05  4.866491e+04
17  3.171376e+05  1.945198e+04
18  1.413641e+05  -3.868651e+03
19  9.806759e+04  4.463265e+03
20  5.701657e+04  -4.139476e+03
21  3.212849e+04  2.146134e+03
22  2.300526e+04  8.258032e+02
23  1.646592e+04  6.011687e+02
24  5.194746e+03  1.188938e+02
25  5.687898e+03  5.957994e+01
26  3.653693e+03  -1.103801e+02
27  1.494645e+03  -3.615132e+01
28  1.670033e+03  -3.356400e+01
29  6.581003e+02  5.320707e+01
30  2.869001e+02  -6.809884e+00
31  1.282604e+02  -5.726416e+00
32  -1.534851e+02  6.607599e+00
33  -2.091904e+02  -1.049157e+01
34  -3.573127e+02  -3.717353e+00
35  -6.865792e+02  -2.842406e+01
36  -8.096657e+02  9.612999e+00
37  -1.495309e+03  7.045214e+01
38  -4.361077e+03  -2.671388e+01
39  -4.626328e+03  7.177526e+01
40  -1.118454e+04  1.406204e+02
41  -1.306832e+04  1.162007e+03
42  -2.970929e+04  -5.065222e+02
43  -3.068022e+04  7.054753e+02
44  -6.442057e+04  8.754209e+03
45  -1.578070e+05  -5.930733e+02
46  -1.193330e+05  -6.632684e+03
47  -3.082356e+05  -5.367382e+03
48  -4.415224e+05  -1.358736e+04
49  -1.141755e+06  -1.490557e+04
50  -1.444436e+06  1.317411e+03
51  -2.626574e+06  2.284504e+04
52  -5.034626e+06  2.159797e+04
53  -7.447466e+06  -1.972510e+05
54  -7.481125e+06  1.815324e+05
55  -1.314173e+07  -8.294130e+04
56  -2.783808e+07  2.399650e+05
57  -5.538934e+07  -1.025151e+06
58  -9.384393e+07  4.532611e+05
59  -1.040615e+08  1.675824e+06
60  -1.647332e+08  2.327300e+06
61  -2.197404e+08  6.619003e+06
62  -4.392798e+08  -7.506209e+04
63  -1.463992e+09  1.944609e+06
ENDPROP
STARTPROP
MASSES:  4.500000e-02   4.500000e-02
SOURCE: WWGAM_5
SINKS: GAM_5
0  2.058973e+10  1.350493e+00
1  4.206049e+09  -2.113321e+07
2  8.159188e+08  -1.721697e+05
3  5.615632e+08  -3.744436e+06
4  2.836635e+08  3.122100e+06
5  1.897676e+08  1.778395e+06
6  1.195189e+08  1.287327e+06
7  7.218706e+07  -5.618507e+05
8  3.748109e+07  -1.791312e+04
9  2.554228e+07  1.099381e+04
10  1.527228e+07  3.283159e+05
11  8.826156e+06  3.870649e+04
12  4.394846e+06  3.332534e+05
13  3.680133e+06  8.980937e+04
14  1.928835e+06  -7.424645e+04
15  1.202129e+06  -1.934541e+04
16  7.505326e+05  3.752329e+04
17  4.757647e+05  1.691151e+04
18  2.398994e+05  1.245678e+03
19  1.764894e+05  3.478415e+03
20  9.123516e+04  -1.323286e+03
21  5.403976e+04  1.875546e+03
22  3.387910e+04  1.005325e+03
23  2.630262e+04  6.288029e+02
24  1.042481e+04  -3.125280e+02
25  8.461904e+03  5.252597e+01
26  5.493172e+03  2.085199e+00
27  2.880602e+03  7.218142e+01
28  2.416894e+03  8.826739e+00
29  1.170868e+03  4.389721e+01
30  8.258778e+02  -1.093769e+01
31  5.805674e+02  -9.779178e+00
32  5.160812e+02  1.074200e+01
33  6.802128e+02  3.124139e+01
34  8.140565e+02  -1.061102e+00
35  1.264230e+03  6.705188e+01
36  1.734812e+03  -4.616854e+01
37  2.455163e+03  4.179820e+01
38  5.715051e+03  -1.020891e+02
39  7.900052e+03  -1.868609e+02
40  1.420096e+04  -2.724165e+02
41  2.418774e+04  -1.711185e+03
42  4.447116e+04  -1.034244e+03
43  5.464044e+04  -2.170474e+03
44  1.149602e+05  -6.486776e+03
45  2.180357e+05  -2.779420e+03
46  2.098609e+05  3.652428e+03
47  5.191763e+05  1.115852e+04
48  7.651611e+05  1.387708e+04
49  1.558265e+06  -5.363040e+01
50  2.037550e+06  3.931765e+02
51  4.024839e+06  -1.404284e+04
52  7.181826e+06  -2.634017e+03
53  1.075109e+07  1.342478e+05
54  1.331521e+07  -1.260115e+05
55  2.412734e+07  7.326494e+04
56  4.642397e+07  -4.666847e+04
57  8.195685e+07  6.535711e+05
58  1.342575e+08  -1.299915e+06
59  1.805973e+08  1.203383e+06
60  2.795049e+08  -1.913016e+06
61  4.544090e+08  -9.283188e+06
62  7.634616e+08  -1.498689e+05
63  2.101914e+09  -1.571846e+07
ENDPROP
