STARTPROP
MASSES:  4.200000e-03   4.200000e-03
SOURCE: GAM_1
SINKS: GAM_1
0  1.200807e+06  -8.254994e-13
1  1.988383e+06  -1.115657e-12
2  9.800194e+05  1.383316e-13
3  5.702427e+05  6.370069e-13
4  3.281987e+05  1.110199e-12
5  1.855058e+05  -1.255034e-13
6  9.860882e+04  8.579281e-14
7  3.153300e+04  -2.764444e-13
8  -1.256498e+03  1.770167e-14
9  -1.901797e+04  -2.568112e-13
10  -1.053461e+04  2.069486e-13
11  4.083020e+03  -9.672219e-14
12  1.222531e+04  1.751408e-13
13  1.727210e+04  -5.069255e-16
14  1.261841e+04  3.877080e-15
15  8.230267e+03  1.503845e-13
16  6.914300e+03  7.739713e-15
17  5.432629e+03  -4.975493e-14
18  8.996893e+02  1.113246e-13
19  -1.925814e+03  -1.448476e-14
20  -2.041987e+03  9.439335e-17
21  -1.818331e+03  -7.908721e-15
22  -1.505377e+03  8.082470e-15
23  -1.551230e+03  -1.658078e-14
24  -1.579812e+03  2.768403e-14
25  -1.071860e+03  2.046185e-14
26  -2.481976e+02  -3.232447e-16
27  2.476761e+02  1.432244e-14
28  6.699909e+02  1.538781e-15
29  8.906721e+02  6.664892e-15
30  7.802716e+02  1.259200e-14
31  3.757761e+02  9.605384e-15
32  2.956521e+02  1.000583e-15
33  1.070729e+02  -7.991181e-15
34  -2.972084e+02  5.050231e-15
35  -3.376236e+01  9.570867e-15
36  6.038992e+02  -2.254240e-14
37  1.009845e+03  -1.090761e-14
38  5.299518e+02  1.345223e-14
39  3.514863e+02  2.012376e-14
40  1.161943e+02  -2.596197e-14
41  -8.686030e+02  -2.902824e-14
42  -9.831239e+02  -1.687953e-15
43  1.368827e+02  -3.437456e-14
44  1.536993e+02  1.747399e-14
45  -1.003675e+03  2.109925e-14
46  -3.545966e+03  -1.189318e-14
47  -6.620706e+03  -1.053491e-14
48  -1.160162e+04  1.001404e-14
49  -1.533321e+04  -5.733189e-14
50  -1.168129e+04  6.670982e-14
51  -5.112431e+03  1.172004e-14
52  6.643731e+03  -3.005811e-13
53  1.616484e+04  1.650896e-13
54  2.937036e+04  -2.997607e-13
55  3.348980e+04  -3.779919e-14
56  3.503687e+04  1.192088e-13
57  4.972614e+04  2.644106e-13
58  8.119491e+04  -3.670757e-13
59  1.683000e+05  9.008578e-14
60  3.321684e+05  3.295125e-13
61  5.831639e+05  3.550258e-13
62  1.034313e+06  -1.026316e-12
63  2.046707e+06  2.214895e-12
ENDPROP
STARTPROP
MASSES:  4.200000e-03   4.200000e-03
SOURCE: GAM_2
SINKS: GAM_2
0  1.240323e+06  1.888940e-13
1  2.063142e+06  -5.204278e-13
2  1.083607e+06  5.874377e-13
3  6.751433e+05  -9.726569e-13
4  4.186629e+05  -2.206394e-13
5  2.595887e+05  5.338441e-13
6  1.512243e+05  -4.037808e-13
7  8.049260e+04  -1.303494e-13
8  4.544610e+04  9.507381e-14
9  2.510891e+04  1.988760e-14
10  2.008525e+04  -1.228085e-13
11  2.258512e+04  2.235529e-13
12  2.790821e+04  4.449701e-14
13  2.279501e+04  9.455766e-14
14  1.187410e+04  1.646382e-13
15  2.751153e+03  1.539957e-14
16  -3.773822e+03  9.194278e-15
17  -3.539459e+03  5.374387e-14
18  -1.027791e+03  1.517751e-14
19  2.694611e+02  3.239961e-14
20  -9.938900e+02  -1.090419e-14
21  -2.390044e+03  6.515913e-14
22  -3.065977e+03  -3.638673e-14
23  -1.478720e+03  1.753321e-14
24  -2.442963e+02  4.572741e-15
25  -1.045624e+02  -4.104624e-14
26  -3.030940e+02  1.058697e-14
27  -3.241899e+02  -4.253300e-15
28  -4.330998e+02  5.318418e-15
29  -2.165007e+01  2.290049e-14
30  -1.487275e+02  -8.274124e-15
31  -4.649201e+02  8.964783e-15
32  -2.903346e+02  -1.075331e-14
33  -1.196294e+02  -7.380666e-15
34  1.888104e+02  5.456959e-16
35  3.728933e+02  -6.942511e-16
36  3.206842e+02  5.679815e-15
37  5.210672e+01  1.755205e-14
38  3.193873e+02  9.414446e-15
39  -2.174483e+02  1.095618e-14
40  -8.192219e+02  -2.851137e-14
41  -9.819229e+02  1.559937e-14
42  -7.633817e+02  -3.456747e-14
43  -4.044730e+02  5.143223e-14
44  -2.670355e+02  2.873972e-14
45  -1.621851e+03  -5.449393e-14
46  -4.106808e+03  -8.325667e-14
47  -3.390729e+03  9.338761e-14
48  -4.699502e+02  2.700218e-14
49  -1.606158e+02  -1.142109e-13
50  -1.010968e+03  -5.714597e-14
51  2.707361e+03  2.834419e-13
52  -2.797629e+03  -2.173646e-13
53  -1.511627e+04  -2.334007e-13
54  -1.366697e+04  -4.255155e-14
55  -4.023378e+03  2.225793e-13
56  2.273194e+04  -2.293098e-14
57  6.366779e+04  1.788609e-13
58  1.273528e+05  -3.443439e-13
59  2.152088e+05  -5.981970e-13
60  3.629016e+05  3.510577e-13
61  6.248516e+05  -5.728362e-13
62  1.079770e+06  -1.879251e-12
63  2.087990e+06  -1.662114e-12
ENDPROP
STARTPROP
MASSES:  4.200000e-03   4.200000e-03
SOURCE: GAM_3
SINKS: GAM_3
0  1.223431e+06  -1.322965e-12
1  1.991474e+06  -4.643890e-13
2  9.637783e+05  -2.922758e-13
3  5.256268e+05  1.715552e-12
4  2.817274e+05  1.218994e-12
5  1.441401e+05  -8.385951e-14
6  7.621812e+04  2.901404e-13
7  3.480521e+04  1.171953e-13
8  1.929862e+04  1.553461e-13
9  9.000825e+03  -3.752014e-13
10  -1.434037e+04  -5.493706e-13
11  -1.971739e+04  -8.184062e-14
12  -1.186328e+04  1.225583e-13
13  -1.168437e+04  3.824858e-14
14  -3.695760e+03  -9.861605e-15
15  -4.205438e+03  7.230654e-14
16  -6.357474e+03  3.187858e-14
17  -5.056721e+03  -1.244523e-13
18  -5.298586e+03  5.580564e-14
19  -6.521583e+03  4.964109e-14
20  -4.119458e+03  1.781073e-14
21  -1.912535e+03  -3.179001e-14
22  -1.118095e+03  -4.063315e-14
23  -1.169352e+02  -4.519707e-15
24  -1.962334e+02  1.698555e-14
25  -6.643647e+02  8.573119e-15
26  -8.044847e+02  -1.974117e-14
27  -1.076645e+03  -3.462604e-15
28  -7.483661e+02  -2.186853e-15
29  -6.925089e+02  2.562331e-14
30  -4.661856e+02  1.733628e-14
31  -6.463139e+01  1.978861e-15
32  1.661428e+02  9.559404e-15
33  4.750206e+02  -1.860374e-14
34  6.214732e+02  -1.810072e-14
35  -4.415137e+01  -7.625967e-15
36  -5.890796e+02  1.430081e-14
37  -1.425208e+03  1.063214e-15
38  -1.888226e+03  1.183718e-14
39  -2.190563e+03  1.492612e-14
40  -2.646773e+03  1.596333e-14
41  -3.551583e+03  1.591399e-14
42  -4.978720e+03  2.630584e-14
43  -3.772848e+03  4.853159e-14
44  -3.771580e+03  -1.421384e-14
45  -3.424280e+03  -1.991021e-14
46  -2.630794e+03  5.899670e-14
47  -1.025775e+03  8.445134e-14
48  -8.395737e+02  -1.112629e-13
49  1.002559e+03  -1.085799e-14
50  2.418185e+03  2.594744e-14
51  7.345090e+03  3.719624e-14
52  1.305357e+04  -1.551893e-13
53  1.636492e+04  3.418386e-14
54  2.137070e+04  3.994293e-13
55  3.633594e+04  1.557143e-13
56  4.101245e+04  9.300102e-14
57  5.024726e+04  3.095058e-13
58  8.601010e+04  -4.366502e-13
59  1.484204e+05  -4.322673e-13
60  2.918298e+05  -1.136147e-12
61  5.580730e+05  -5.329859e-13
62  9.992479e+05  2.120987e-12
63  2.090136e+06  -4.776224e-13
ENDPROP
STARTPROP
MASSES:  4.200000e-03   4.200000e-03
SOURCE: GAM_4
SINKS: GAM_4
0  2.164598e+06  -1.164702e-12
1  -2.804318e+05  -6.342462e-13
2  -1.396994e+04  1.389573e-12
3  -2.113788e+03  3.967948e-13
4  5.331175e+02  7.357485e-13
5  -7.476951e+03  -4.366944e-14
6  -5.218105e+02  -4.432694e-13
7  4.113806e+02  -1.647215e-13
8  3.730605e+02  -2.698798e-13
9  -1.308815e+03  -3.813285e-13
10  1.667248e+03  -2.726059e-13
11  6.735127e+02  1.767353e-14
12  1.808397e+03  1.552474e-13
13  3.433962e+02  5.140993e-14
14  -9.615187e+02  3.847126e-14
15  2.927475e+02  1.613412e-13
16  2.692172e+02  9.299289e-14
17  -1.565266e+02  -4.632362e-15
18  -2.604610e+02  2.325529e-14
19  -1.006206e+02  -4.024311e-15
20  9.805507e+01  -3.419281e-14
21  -5.263510e+01  -6.731216e-14
22  1.083896e+02  6.687135e-14
23  -3.072294e+01  4.200124e-14
24  3.701694e-01  4.930088e-15
25  -2.392468e+01  2.690611e-14
26  1.460239e+02  -4.530535e-14
27  2.214927e+02  -1.648637e-14
28  2.853234e+01  5.170760e-15
29  2.877592e+01  -5.912665e-15
30  8.175616e+00  1.744199e-14
31  6.015621e+01  -6.214935e-17
32  2.057896e+02  -3.017369e-15
33  2.284337e+01  -8.450456e-15
34  -7.976671e+00  2.941314e-15
35  7.607183e-01  -4.084638e-15
36  9.257392e+01  1.423619e-14
37  1.692658e+02  1.248073e-14
38  1.210088e+02  2.172293e-14
39  8.193136e+01  -2.620393e-15
40  8.598900e+01  1.050817e-14
41  3.691984e+02  -8.650781e-15
42  2.072729e+02  1.705565e-14
43  5.426239e+02  -4.165408e-15
44  -1.552149e+02  1.652654e-14
45  6.633159e+02  9.123916e-14
46  2.712507e+01  1.428854e-14
47  3.667692e+02  -3.897901e-14
48  3.803753e+02  -2.421842e-14
49  -1.931478e+02  -6.656951e-14
50  1.290420e+03  -1.245693e-13
51  1.630885e+03  2.880563e-13
52  -1.159066e+03  -2.199025e-14
53  -2.130024e+02  2.086466e-14
54  1.171864e+03  4.281199e-13
55  3.718701e+03  4.689898e-13
56  2.227251e+03  -2.478324e-14
57  7.165595e+03  8.800241e-14
58  -6.672554e+02  1.653232e-13
59  3.016214e+03  -1.392656e-13
60  4.232469e+03  4.058764e-13
61  -3.863601e+02  -5.169987e-13
62  -2.215043e+03  -3.715399e-13
63  -2.923079e+05  -9.719978e-13
ENDPROP
STARTPROP
MASSES:  4.200000e-03   4.200000e-03
SOURCE: GAM_5
SINKS: GAM_5
0  1.498395e+07  0.000000e+00
1  1.499501e+07  0.000000e+00
2  1.258049e+07  0.000000e+00
3  1.071951e+07  0.000000e+00
4  9.118061e+06  0.000000e+00
5  7.647565e+06  0.000000e+00
6  6.403616e+06  0.000000e+00
7  5.409537e+06  0.000000e+00
8  4.534718e+06  0.000000e+00
9  3.700151e+06  0.000000e+00
10  3.053766e+06  0.000000e+00
11  2.594013e+06  0.000000e+00
12  2.256751e+06  0.000000e+00
13  1.972630e+06  0.000000e+00
14  1.722659e+06  0.000000e+00
15  1.467830e+06  0.000000e+00
16  1.185185e+06  0.000000e+00
17  9.508576e+05  0.000000e+00
18  7.676766e+05  0.000000e+00
19  6.316695e+05  0.000000e+00
20  5.422992e+05  0.000000e+00
21  4.672186e+05  0.000000e+00
22  3.904596e+05  0.000000e+00
23  3.205381e+05  0.000000e+00
24  2.765495e+05  0.000000e+00
25  2.349438e+05  0.000000e+00
26  2.061394e+05  0.000000e+00
27  1.853478e+05  0.000000e+00
28  1.619906e+05  0.000000e+00
29  1.410324e+05  0.000000e+00
30  1.256861e+05  0.000000e+00
31  1.170369e+05  0.000000e+00
32  1.146657e+05  0.000000e+00
33  1.158681e+05  0.000000e+00
34  1.204551e+05  0.000000e+00
35  1.289781e+05  0.000000e+00
36  1.414209e+05  0.000000e+00
37  1.538007e+05  0.000000e+00
38  1.741676e+05  0.000000e+00
39  2.063732e+05  0.000000e+00
40  2.486403e+05  0.000000e+00
41  3.009206e+05  0.000000e+00
42  3.589658e+05  0.000000e+00
43  4.270334e+05  0.000000e+00
44  5.090097e+05  0.000000e+00
45  5.982750e+05  0.000000e+00
46  7.056688e+05  0.000000e+00
47  8.504188e+05  0.000000e+00
48  1.028396e+06  0.000000e+00
49  1.256312e+06  0.000000e+00
50  1.510135e+06  0.000000e+00
51  1.846060e+06  0.000000e+00
52  2.259202e+06  0.000000e+00
53  2.775165e+06  0.000000e+00
54  3.304272e+06  0.000000e+00
55  3.852771e+06  0.000000e+00
56  4.522438e+06  0.000000e+00
57  5.440471e+06  0.000000e+00
58  6.395488e+06  0.000000e+00
59  7.595111e+06  0.000000e+00
60  8.849826e+06  0.000000e+00
61  1.025343e+07  0.000000e+00
62  1.217717e+07  0.000000e+00
63  1.484511e+07  0.000000e+00
ENDPROP
STARTPROP
MASSES:  4.200000e-03   4.200000e-03
SOURCE: GAM_12
SINKS: GAM_12
0  7.509263e+05  0.000000e+00
1  -7.644708e+05  0.000000e+00
2  -1.876191e+05  0.000000e+00
3  -6.302543e+04  0.000000e+00
4  -3.204171e+04  0.000000e+00
5  -1.434059e+04  0.000000e+00
6  -1.042852e+04  0.000000e+00
7  -9.614726e+02  0.000000e+00
8  7.440249e+03  0.000000e+00
9  1.079113e+04  0.000000e+00
10  1.654498e+04  0.000000e+00
11  2.140907e+04  0.000000e+00
12  1.664573e+04  0.000000e+00
13  7.608025e+02  0.000000e+00
14  -5.826247e+03  0.000000e+00
15  -6.538964e+03  0.000000e+00
16  -6.791310e+03  0.000000e+00
17  -3.624371e+03  0.000000e+00
18  -1.960544e+03  0.000000e+00
19  -1.606461e+03  0.000000e+00
20  -6.325907e+02  0.000000e+00
21  -4.024379e+02  0.000000e+00
22  3.523973e+02  0.000000e+00
23  2.505556e+02  0.000000e+00
24  -2.808333e+01  0.000000e+00
25  4.671133e+02  0.000000e+00
26  5.561848e+02  0.000000e+00
27  6.990165e+02  0.000000e+00
28  7.582579e+02  0.000000e+00
29  6.419646e+02  0.000000e+00
30  1.175150e+03  0.000000e+00
31  8.383328e+02  0.000000e+00
32  9.680716e+02  0.000000e+00
33  7.098212e+02  0.000000e+00
34  6.748385e+02  0.000000e+00
35  5.809057e+02  0.000000e+00
36  5.409605e+02  0.000000e+00
37  7.157882e+02  0.000000e+00
38  9.112251e+02  0.000000e+00
39  1.185461e+03  0.000000e+00
40  8.122429e+02  0.000000e+00
41  1.051326e+03  0.000000e+00
42  6.973227e+02  0.000000e+00
43  1.169052e+03  0.000000e+00
44  1.770311e+03  0.000000e+00
45  3.190903e+03  0.000000e+00
46  2.447523e+03  0.000000e+00
47  6.767164e+02  0.000000e+00
48  -6.437843e+02  0.000000e+00
49  -1.386168e+03  0.000000e+00
50  1.024951e+03  0.000000e+00
51  2.952077e+03  0.000000e+00
52  3.055891e+03  0.000000e+00
53  8.442219e+03  0.000000e+00
54  1.857164e+04  0.000000e+00
55  1.628451e+04  0.000000e+00
56  -7.766998e+01  0.000000e+00
57  -1.336396e+03  0.000000e+00
58  -2.899419e+03  0.000000e+00
59  -1.260024e+04  0.000000e+00
60  -5.849283e+04  0.000000e+00
61  -1.187827e+05  0.000000e+00
62  -2.411247e+05  0.000000e+00
63  -7.847829e+05  0.000000e+00
ENDPROP
STARTPROP
MASSES:  4.200000e-03   4.200000e-03
SOURCE: GAM_21
SINKS: GAM_21
0  7.509263e+05  0.000000e+00
1  -7.644708e+05  0.000000e+00
2  -1.876191e+05  0.000000e+00
3  -6.302543e+04  0.000000e+00
4  -3.204171e+04  0.000000e+00
5  -1.434059e+04  0.000000e+00
6  -1.042852e+04  0.000000e+00
7  -9.614726e+02  0.000000e+00
8  7.440249e+03  0.000000e+00
9  1.079113e+04  0.000000e+00
10  1.654498e+04  0.000000e+00
11  2.140907e+04  0.000000e+00
12  1.664573e+04  0.000000e+00
13  7.608025e+02  0.000000e+00
14  -5.826247e+03  0.000000e+00
15  -6.538964e+03  0.000000e+00
16  -6.791310e+03  0.000000e+00
17  -3.624371e+03  0.000000e+00
18  -1.960544e+03  0.000000e+00
19  -1.606461e+03  0.000000e+00
20  -6.325907e+02  0.000000e+00
21  -4.024379e+02  0.000000e+00
22  3.523973e+02  0.000000e+00
23  2.505556e+02  0.000000e+00
24  -2.808333e+01  0.000000e+00
25  4.671133e+02  0.000000e+00
26  5.561848e+02  0.000000e+00
27  6.990165e+02  0.000000e+00
28  7.582579e+02  0.000000e+00
29  6.419646e+02  0.000000e+00
30  1.175150e+03  0.000000e+00
31  8.383328e+02  0.000000e+00
32  9.680716e+02  0.000000e+00
33  7.098212e+02  0.000000e+00
34  6.748385e+02  0.000000e+00
35  5.809057e+02  0.000000e+00
36  5.409605e+02  0.000000e+00
37  7.157882e+02  0.000000e+00
38  9.112251e+02  0.000000e+00
39  1.185461e+03  0.000000e+00
40  8.122429e+02  0.000000e+00
41  1.051326e+03  0.000000e+00
42  6.973227e+02  0.000000e+00
43  1.169052e+03  0.000000e+00
44  1.770311e+03  0.000000e+00
45  3.190903e+03  0.000000e+00
46  2.447523e+03  0.000000e+00
47  6.767164e+02  0.000000e+00
48  -6.437843e+02  0.000000e+00
49  -1.386168e+03  0.000000e+00
50  1.024951e+03  0.000000e+00
51  2.952077e+03  0.000000e+00
52  3.055891e+03  0.000000e+00
53  8.442219e+03  0.000000e+00
54  1.857164e+04  0.000000e+00
55  1.628451e+04  0.000000e+00
56  -7.766998e+01  0.000000e+00
57  -1.336396e+03  0.000000e+00
58  -2.899419e+03  0.000000e+00
59  -1.260024e+04  0.000000e+00
60  -5.849283e+04  0.000000e+00
61  -1.187827e+05  0.000000e+00
62  -2.411247e+05  0.000000e+00
63  -7.847829e+05  0.000000e+00
ENDPROP
STARTPROP
MASSES:  4.200000e-03   4.200000e-03
SOURCE: GAM_13
SINKS: GAM_13
0  7.070622e+05  1.230924e-12
1  -8.209106e+05  -4.236931e-13
2  -2.189535e+05  1.413247e-12
3  -1.268829e+05  3.176298e-13
4  -5.701086e+04  1.019428e-12
5  -2.073932e+04  -3.992111e-13
6  -1.110555e+04  9.254668e-15
7  -9.835622e+03  -1.051536e-13
8  -2.976708e+03  2.684041e-13
9  -2.558021e+03  6.807329e-14
10  -1.696886e+03  2.181303e-13
11  4.134600e+03  -2.481217e-13
12  5.398691e+03  -3.493338e-14
13  1.647183e+03  -1.284604e-13
14  -1.134608e+03  2.622583e-14
15  -2.701629e+03  -4.183127e-14
16  -2.450064e+03  4.433671e-14
17  -2.590941e+03  -9.117842e-14
18  -1.625876e+03  -5.494763e-14
19  -1.392823e+03  3.324188e-14
20  -3.722990e+01  -4.592452e-14
21  -4.630865e+02  2.905255e-14
22  -1.275386e+03  -2.140787e-14
23  -9.727168e+02  -2.786413e-14
24  -5.021400e+02  -9.843641e-16
25  -9.478233e+01  9.330873e-15
26  2.504959e+02  -1.040551e-14
27  4.874112e+02  -2.223297e-15
28  5.144515e+02  -5.919225e-15
29  6.251722e+02  4.238718e-15
30  6.653218e+02  6.762638e-15
31  4.371409e+02  1.295509e-14
32  4.397153e+02  3.663031e-15
33  4.199398e+02  1.182570e-14
34  4.383305e+02  1.026198e-14
35  4.091126e+02  2.254063e-15
36  2.922802e+02  -8.484034e-15
37  4.418774e+02  -5.174063e-15
38  8.493644e+02  -5.361961e-15
39  1.060862e+03  4.545331e-16
40  1.222276e+03  1.015325e-14
41  1.354389e+03  2.909085e-14
42  6.241429e+02  1.898880e-14
43  5.031311e+01  -1.869271e-14
44  -9.041241e+02  1.959198e-14
45  -6.769384e+02  -2.958067e-14
46  -6.702397e+02  -2.493188e-14
47  -1.822753e+03  -7.064278e-14
48  4.844008e+01  -1.353007e-14
49  1.680606e+03  9.585704e-14
50  -1.297757e+03  -1.351429e-13
51  -3.213588e+03  -2.893805e-14
52  -4.762457e+02  -2.205025e-13
53  1.971063e+03  -8.184622e-14
54  1.544326e+03  -1.021068e-13
55  1.243129e+04  1.445120e-13
56  1.986128e+04  -3.411235e-13
57  1.820130e+04  -1.398626e-13
58  2.722278e+04  2.133046e-13
59  2.656211e+04  -1.141646e-13
60  7.322810e+03  -3.909463e-13
61  -5.249887e+04  2.485776e-13
62  -2.019774e+05  -1.207540e-12
63  -8.093409e+05  1.745433e-13
ENDPROP
STARTPROP
MASSES:  4.200000e-03   4.200000e-03
SOURCE: GAM_31
SINKS: GAM_31
0  7.070622e+05  1.230924e-12
1  -8.209106e+05  -4.236931e-13
2  -2.189535e+05  1.413247e-12
3  -1.268829e+05  3.176298e-13
4  -5.701086e+04  1.019428e-12
5  -2.073932e+04  -3.992111e-13
6  -1.110555e+04  9.254668e-15
7  -9.835622e+03  -1.051536e-13
8  -2.976708e+03  2.684041e-13
9  -2.558021e+03  6.807329e-14
10  -1.696886e+03  2.181303e-13
11  4.134600e+03  -2.481217e-13
12  5.398691e+03  -3.493338e-14
13  1.647183e+03  -1.284604e-13
14  -1.134608e+03  2.622583e-14
15  -2.701629e+03  -4.183127e-14
16  -2.450064e+03  4.433671e-14
17  -2.590941e+03  -9.117842e-14
18  -1.625876e+03  -5.494763e-14
19  -1.392823e+03  3.324188e-14
20  -3.722990e+01  -4.592452e-14
21  -4.630865e+02  2.905255e-14
22  -1.275386e+03  -2.140787e-14
23  -9.727168e+02  -2.786413e-14
24  -5.021400e+02  -9.843641e-16
25  -9.478233e+01  9.330873e-15
26  2.504959e+02  -1.040551e-14
27  4.874112e+02  -2.223297e-15
28  5.144515e+02  -5.919225e-15
29  6.251722e+02  4.238718e-15
30  6.653218e+02  6.762638e-15
31  4.371409e+02  1.295509e-14
32  4.397153e+02  3.663031e-15
33  4.199398e+02  1.182570e-14
34  4.383305e+02  1.026198e-14
35  4.091126e+02  2.254063e-15
36  2.922802e+02  -8.484034e-15
37  4.418774e+02  -5.174063e-15
38  8.493644e+02  -5.361961e-15
39  1.060862e+03  4.545331e-16
40  1.222276e+03  1.015325e-14
41  1.354389e+03  2.909085e-14
42  6.241429e+02  1.898880e-14
43  5.031311e+01  -1.869271e-14
44  -9.041241e+02  1.959198e-14
45  -6.769384e+02  -2.958067e-14
46  -6.702397e+02  -2.493188e-14
47  -1.822753e+03  -7.064278e-14
48  4.844008e+01  -1.353007e-14
49  1.680606e+03  9.585704e-14
50  -1.297757e+03  -1.351429e-13
51  -3.213588e+03  -2.893805e-14
52  -4.762457e+02  -2.205025e-13
53  1.971063e+03  -8.184622e-14
54  1.544326e+03  -1.021068e-13
55  1.243129e+04  1.445120e-13
56  1.986128e+04  -3.411235e-13
57  1.820130e+04  -1.398626e-13
58  2.722278e+04  2.133046e-13
59  2.656211e+04  -1.141646e-13
60  7.322810e+03  -3.909463e-13
61  -5.249887e+04  2.485776e-13
62  -2.019774e+05  -1.207540e-12
63  -8.093409e+05  1.745433e-13
ENDPROP
STARTPROP
MASSES:  4.200000e-03   4.200000e-03
SOURCE: GAM_14
SINKS: GAM_14
0  -1.499660e+05  1.286845e-12
1  1.265937e+06  -3.759119e-13
2  5.722127e+05  4.130058e-13
3  3.114366e+05  9.456520e-14
4  1.554232e+05  8.514077e-15
5  7.840298e+04  -1.336631e-13
6  5.268099e+04  -1.134874e-13
7  3.849444e+04  5.129686e-15
8  2.665154e+04  -2.091618e-13
9  7.114929e+03  -1.005592e-13
10  2.683205e+03  -2.819975e-13
11  -3.606524e+02  -9.164707e-14
12  -5.262943e+03  -9.233711e-14
13  -2.800402e+03  1.089547e-13
14  -4.902673e+03  1.757547e-13
15  -1.552315e+03  1.011242e-14
16  -5.382887e+03  -1.415858e-13
17  -2.926148e+03  -2.923795e-14
18  -6.086947e+02  6.577698e-14
19  -5.988299e+02  -5.853713e-14
20  1.060614e+02  -2.170279e-14
21  -3.876635e+02  -3.374401e-14
22  -1.889927e+03  1.469628e-14
23  -1.338011e+03  -5.222890e-16
24  -8.486977e+02  -2.274495e-14
25  -5.170880e+02  1.694186e-15
26  -2.435103e+02  3.852618e-15
27  3.626099e+02  6.954691e-15
28  3.021688e+02  -1.095833e-14
29  1.519888e+02  -3.843747e-16
30  1.674714e+02  -7.525574e-15
31  2.974794e+02  -6.296739e-15
32  1.787422e+02  3.384175e-15
33  3.747772e+01  5.031654e-15
34  -3.816493e+02  -1.082895e-14
35  -8.031542e+02  8.177276e-15
36  -8.775996e+02  -9.666682e-15
37  -7.167719e+02  -5.300914e-15
38  -5.975947e+02  -1.461435e-15
39  -4.028512e+02  2.988422e-15
40  -1.055313e+02  -6.868722e-15
41  3.521498e+02  1.778652e-14
42  7.931230e+01  -7.965552e-15
43  -7.397952e+02  -1.193205e-14
44  -1.608559e+03  -3.407646e-14
45  -9.519337e+02  1.937778e-14
46  -9.288332e+02  -6.476330e-14
47  -5.817246e+02  4.993135e-14
48  2.938045e+02  2.633474e-14
49  -8.716752e+01  1.202653e-14
50  -1.238266e+03  1.764725e-14
51  1.643525e+03  8.300923e-17
52  3.280743e+03  -6.282569e-14
53  7.452533e+03  6.191118e-14
54  7.949341e+03  -1.069813e-13
55  4.813509e+03  2.746753e-13
56  1.224155e+04  -1.757332e-13
57  3.000230e+04  4.387162e-13
58  4.122890e+04  3.443439e-13
59  6.392169e+04  1.233490e-14
60  1.213200e+05  4.184028e-13
61  2.636205e+05  7.949219e-13
62  5.272255e+05  -1.555065e-13
63  1.293868e+06  -4.085382e-14
ENDPROP
STARTPROP
MASSES:  4.200000e-03   4.200000e-03
SOURCE: GAM_41
SINKS: GAM_41
0  -1.499660e+05  1.286845e-12
1  1.265937e+06  -3.759119e-13
2  5.722127e+05  4.130058e-13
3  3.114366e+05  9.456520e-14
4  1.554232e+05  8.514077e-15
5  7.840298e+04  -1.336631e-13
6  5.268099e+04  -1.134874e-13
7  3.849444e+04  5.129686e-15
8  2.665154e+04  -2.091618e-13
9  7.114929e+03  -1.005592e-13
10  2.683205e+03  -2.819975e-13
11  -3.606524e+02  -9.164707e-14
12  -5.262943e+03  -9.233711e-14
13  -2.800402e+03  1.089547e-13
14  -4.902673e+03  1.757547e-13
15  -1.552315e+03  1.011242e-14
16  -5.382887e+03  -1.415858e-13
17  -2.926148e+03  -2.923795e-14
18  -6.086947e+02  6.577698e-14
19  -5.988299e+02  -5.853713e-14
20  1.060614e+02  -2.170279e-14
21  -3.876635e+02  -3.374401e-14
22  -1.889927e+03  1.469628e-14
23  -1.338011e+03  -5.222890e-16
24  -8.486977e+02  -2.274495e-14
25  -5.170880e+02  1.694186e-15
26  -2.435103e+02  3.852618e-15
27  3.626099e+02  6.954691e-15
28  3.021688e+02  -1.095833e-14
29  1.519888e+02  -3.843747e-16
30  1.674714e+02  -7.525574e-15
31  2.974794e+02  -6.296739e-15
32  1.787422e+02  3.384175e-15
33  3.747772e+01  5.031654e-15
34  -3.816493e+02  -1.082895e-14
35  -8.031542e+02  8.177276e-15
36  -8.775996e+02  -9.666682e-15
37  -7.167719e+02  -5.300914e-15
38  -5.975947e+02  -1.461435e-15
39  -4.028512e+02  2.988422e-15
40  -1.055313e+02  -6.868722e-15
41  3.521498e+02  1.778652e-14
42  7.931230e+01  -7.965552e-15
43  -7.397952e+02  -1.193205e-14
44  -1.608559e+03  -3.407646e-14
45  -9.519337e+02  1.937778e-14
46  -9.288332e+02  -6.476330e-14
47  -5.817246e+02  4.993135e-14
48  2.938045e+02  2.633474e-14
49  -8.716752e+01  1.202653e-14
50  -1.238266e+03  1.764725e-14
51  1.643525e+03  8.300923e-17
52  3.280743e+03  -6.282569e-14
53  7.452533e+03  6.191118e-14
54  7.949341e+03  -1.069813e-13
55  4.813509e+03  2.746753e-13
56  1.224155e+04  -1.757332e-13
57  3.000230e+04  4.387162e-13
58  4.122890e+04  3.443439e-13
59  6.392169e+04  1.233490e-14
60  1.213200e+05  4.184028e-13
61  2.636205e+05  7.949219e-13
62  5.272255e+05  -1.555065e-13
63  1.293868e+06  -4.085382e-14
ENDPROP
STARTPROP
MASSES:  4.200000e-03   4.200000e-03
SOURCE: GAM_23
SINKS: GAM_23
0  7.305349e+05  1.776207e-13
1  -7.955830e+05  -7.274085e-13
2  -2.313986e+05  8.317246e-14
3  -1.069873e+05  8.713050e-13
4  -2.593379e+04  -7.042352e-13
5  -4.184683e+03  -3.629103e-13
6  1.645482e+04  4.883159e-13
7  8.197444e+03  1.205235e-13
8  -2.850965e+03  -4.089186e-13
9  1.591012e+03  -4.124552e-14
10  2.155904e+03  2.416184e-13
11  -9.702741e+02  4.681162e-14
12  1.348018e+03  -5.738244e-14
13  -6.138053e+03  -1.519686e-13
14  -2.119454e+03  7.644867e-14
15  3.282861e+03  5.681938e-15
16  7.799866e+03  1.346950e-13
17  5.391485e+03  -3.482550e-14
18  3.796326e+03  6.836172e-14
19  7.986199e+02  -8.156645e-14
20  -4.980189e+02  2.964974e-15
21  -4.338177e+02  -1.237308e-14
22  -1.922198e+02  -1.993487e-14
23  3.014435e+02  8.177849e-16
24  4.836373e+02  1.603609e-14
25  2.249827e+02  9.500442e-15
26  2.722801e+02  9.644859e-15
27  2.772753e+02  1.808554e-14
28  5.922551e+02  1.396184e-14
29  4.965616e+02  9.956095e-15
30  1.393982e+02  7.374616e-15
31  -7.458624e+01  3.368707e-15
32  -4.689576e+02  -8.548913e-17
33  -4.692580e+02  5.738120e-15
34  -7.791483e+02  7.587094e-15
35  -7.970976e+02  1.240501e-14
36  -9.041130e+02  1.100081e-14
37  -1.390195e+03  -1.506155e-14
38  -1.683131e+03  3.818630e-15
39  -1.577303e+03  1.652577e-14
40  -1.696581e+03  1.162690e-14
41  -1.538119e+03  -3.585893e-14
42  -1.400788e+03  -4.235905e-14
43  -2.233077e+03  -2.634847e-14
44  -2.850664e+03  -6.058997e-14
45  -3.608191e+03  -2.977475e-14
46  -3.594134e+03  3.212534e-14
47  -1.184438e+03  1.621006e-14
48  3.524170e+03  1.012028e-14
49  8.921084e+03  -2.555973e-14
50  1.340894e+04  2.344643e-14
51  1.335001e+04  -1.559889e-14
52  8.644437e+03  -1.453777e-13
53  3.339427e+03  2.789112e-13
54  -4.639851e+03  -3.125149e-13
55  -1.085810e+04  -4.393792e-14
56  -1.467377e+03  -2.681758e-14
57  1.271997e+04  2.493260e-13
58  2.864799e+04  -5.163101e-14
59  2.662332e+04  2.053749e-13
60  1.480866e+04  -4.616293e-13
61  -2.144252e+04  6.837677e-13
62  -1.787226e+05  3.206571e-14
63  -7.783848e+05  1.802338e-12
ENDPROP
STARTPROP
MASSES:  4.200000e-03   4.200000e-03
SOURCE: GAM_32
SINKS: GAM_32
0  7.305349e+05  1.776207e-13
1  -7.955830e+05  -7.274085e-13
2  -2.313986e+05  8.317246e-14
3  -1.069873e+05  8.713050e-13
4  -2.593379e+04  -7.042352e-13
5  -4.184683e+03  -3.629103e-13
6  1.645482e+04  4.883159e-13
7  8.197444e+03  1.205235e-13
8  -2.850965e+03  -4.089186e-13
9  1.591012e+03  -4.124552e-14
10  2.155904e+03  2.416184e-13
11  -9.702741e+02  4.681162e-14
12  1.348018e+03  -5.738244e-14
13  -6.138053e+03  -1.519686e-13
14  -2.119454e+03  7.644867e-14
15  3.282861e+03  5.681938e-15
16  7.799866e+03  1.346950e-13
17  5.391485e+03  -3.482550e-14
18  3.796326e+03  6.836172e-14
19  7.986199e+02  -8.156645e-14
20  -4.980189e+02  2.964974e-15
21  -4.338177e+02  -1.237308e-14
22  -1.922198e+02  -1.993487e-14
23  3.014435e+02  8.177849e-16
24  4.836373e+02  1.603609e-14
25  2.249827e+02  9.500442e-15
26  2.722801e+02  9.644859e-15
27  2.772753e+02  1.808554e-14
28  5.922551e+02  1.396184e-14
29  4.965616e+02  9.956095e-15
30  1.393982e+02  7.374616e-15
31  -7.458624e+01  3.368707e-15
32  -4.689576e+02  -8.548913e-17
33  -4.692580e+02  5.738120e-15
34  -7.791483e+02  7.587094e-15
35  -7.970976e+02  1.240501e-14
36  -9.041130e+02  1.100081e-14
37  -1.390195e+03  -1.506155e-14
38  -1.683131e+03  3.818630e-15
39  -1.577303e+03  1.652577e-14
40  -1.696581e+03  1.162690e-14
41  -1.538119e+03  -3.585893e-14
42  -1.400788e+03  -4.235905e-14
43  -2.233077e+03  -2.634847e-14
44  -2.850664e+03  -6.058997e-14
45  -3.608191e+03  -2.977475e-14
46  -3.594134e+03  3.212534e-14
47  -1.184438e+03  1.621006e-14
48  3.524170e+03  1.012028e-14
49  8.921084e+03  -2.555973e-14
50  1.340894e+04  2.344643e-14
51  1.335001e+04  -1.559889e-14
52  8.644437e+03  -1.453777e-13
53  3.339427e+03  2.789112e-13
54  -4.639851e+03  -3.125149e-13
55  -1.085810e+04  -4.393792e-14
56  -1.467377e+03  -2.681758e-14
57  1.271997e+04  2.493260e-13
58  2.864799e+04  -5.163101e-14
59  2.662332e+04  2.053749e-13
60  1.480866e+04  -4.616293e-13
61  -2.144252e+04  6.837677e-13
62  -1.787226e+05  3.206571e-14
63  -7.783848e+05  1.802338e-12
ENDPROP
STARTPROP
MASSES:  4.200000e-03   4.200000e-03
SOURCE: GAM_24
SINKS: GAM_24
0  -2.179605e+04  -5.918124e-13
1  1.363942e+06  -1.093241e-12
2  6.150028e+05  -8.161240e-14
3  3.686353e+05  -1.016353e-14
4  2.309761e+05  5.942955e-13
5  1.418375e+05  -1.741550e-13
6  8.885433e+04  2.071311e-13
7  3.850089e+04  4.770196e-13
8  4.238057e+03  1.732442e-13
9  -4.848430e+03  1.381422e-13
10  1.149199e+03  4.775911e-17
11  1.959633e+03  -1.204808e-13
12  3.076817e+03  1.735205e-15
13  2.266313e+03  -4.256735e-14
14  -9.346897e+02  -9.866039e-14
15  -3.778703e+03  -2.231238e-13
16  -4.788257e+03  3.150669e-14
17  -3.168968e+03  3.240154e-14
18  -2.534838e+03  1.739381e-14
19  3.005710e+02  4.055721e-14
20  -7.608815e+01  -2.738553e-14
21  -6.442243e+02  -5.294350e-14
22  -9.905261e+02  1.763697e-15
23  -3.859249e+02  1.883809e-14
24  6.532745e+02  2.516308e-15
25  1.462677e+03  -1.367601e-15
26  1.290713e+03  1.470678e-14
27  1.090159e+03  -4.648224e-15
28  3.612444e+02  1.312977e-14
29  2.579836e+02  3.002727e-15
30  -1.331736e+02  5.694586e-16
31  -1.435052e+02  1.889503e-15
32  -8.330332e+00  -2.013201e-15
33  1.550559e+02  -3.595343e-15
34  -1.313818e+02  1.712672e-14
35  -3.459056e+02  -9.041568e-17
36  -6.451820e+02  9.155647e-16
37  -7.476854e+02  2.248305e-16
38  -4.869429e+02  2.132045e-15
39  -2.028190e+01  1.203641e-14
40  3.357564e+02  1.792568e-14
41  5.496179e+02  -5.365098e-15
42  3.949144e+02  9.459393e-16
43  -7.689505e+02  2.254080e-15
44  -1.761467e+03  -4.806917e-14
45  -2.478660e+03  -7.526267e-15
46  -3.868984e+03  -6.167679e-14
47  -5.241634e+03  -9.747201e-14
48  -5.830970e+03  1.086031e-13
49  -6.433781e+03  6.189115e-14
50  -1.169149e+04  6.261736e-14
51  -1.206360e+04  -6.551156e-16
52  -1.080358e+04  -2.525939e-14
53  -7.710594e+03  -1.179423e-13
54  -2.527976e+03  1.587679e-13
55  -1.358951e+03  8.326936e-14
56  9.129117e+03  -2.372457e-14
57  3.234760e+04  6.715994e-13
58  5.006798e+04  2.657904e-13
59  9.385104e+04  -1.800702e-13
60  1.726321e+05  -7.040014e-13
61  3.453915e+05  -4.160990e-13
62  6.493296e+05  -1.154943e-12
63  1.407125e+06  -3.184714e-14
ENDPROP
STARTPROP
MASSES:  4.200000e-03   4.200000e-03
SOURCE: GAM_42
SINKS: GAM_42
0  -2.179605e+04  -5.918124e-13
1  1.363942e+06  -1.093241e-12
2  6.150028e+05  -8.161240e-14
3  3.686353e+05  -1.016353e-14
4  2.309761e+05  5.942955e-13
5  1.418375e+05  -1.741550e-13
6  8.885433e+04  2.071311e-13
7  3.850089e+04  4.770196e-13
8  4.238057e+03  1.732442e-13
9  -4.848430e+03  1.381422e-13
10  1.149199e+03  4.775911e-17
11  1.959633e+03  -1.204808e-13
12  3.076817e+03  1.735205e-15
13  2.266313e+03  -4.256735e-14
14  -9.346897e+02  -9.866039e-14
15  -3.778703e+03  -2.231238e-13
16  -4.788257e+03  3.150669e-14
17  -3.168968e+03  3.240154e-14
18  -2.534838e+03  1.739381e-14
19  3.005710e+02  4.055721e-14
20  -7.608815e+01  -2.738553e-14
21  -6.442243e+02  -5.294350e-14
22  -9.905261e+02  1.763697e-15
23  -3.859249e+02  1.883809e-14
24  6.532745e+02  2.516308e-15
25  1.462677e+03  -1.367601e-15
26  1.290713e+03  1.470678e-14
27  1.090159e+03  -4.648224e-15
28  3.612444e+02  1.312977e-14
29  2.579836e+02  3.002727e-15
30  -1.331736e+02  5.694586e-16
31  -1.435052e+02  1.889503e-15
32  -8.330332e+00  -2.013201e-15
33  1.550559e+02  -3.595343e-15
34  -1.313818e+02  1.712672e-14
35  -3.459056e+02  -9.041568e-17
36  -6.451820e+02  9.155647e-16
37  -7.476854e+02  2.248305e-16
38  -4.869429e+02  2.132045e-15
39  -2.028190e+01  1.203641e-14
40  3.357564e+02  1.792568e-14
41  5.496179e+02  -5.365098e-15
42  3.949144e+02  9.459393e-16
43  -7.689505e+02  2.254080e-15
44  -1.761467e+03  -4.806917e-14
45  -2.478660e+03  -7.526267e-15
46  -3.868984e+03  -6.167679e-14
47  -5.241634e+03  -9.747201e-14
48  -5.830970e+03  1.086031e-13
49  -6.433781e+03  6.189115e-14
50  -1.169149e+04  6.261736e-14
51  -1.206360e+04  -6.551156e-16
52  -1.080358e+04  -2.525939e-14
53  -7.710594e+03  -1.179423e-13
54  -2.527976e+03  1.587679e-13
55  -1.358951e+03  8.326936e-14
56  9.129117e+03  -2.372457e-14
57  3.234760e+04  6.715994e-13
58  5.006798e+04  2.657904e-13
59  9.385104e+04  -1.800702e-13
60  1.726321e+05  -7.040014e-13
61  3.453915e+05  -4.160990e-13
62  6.493296e+05  -1.154943e-12
63  1.407125e+06  -3.184714e-14
ENDPROP
STARTPROP
MASSES:  4.200000e-03   4.200000e-03
SOURCE: GAM_34
SINKS: GAM_34
0  -8.596245e+04  0.000000e+00
1  1.300149e+06  0.000000e+00
2  5.859914e+05  0.000000e+00
3  3.416087e+05  0.000000e+00
4  2.014271e+05  0.000000e+00
5  1.133047e+05  0.000000e+00
6  4.886737e+04  0.000000e+00
7  2.010463e+04  0.000000e+00
8  -1.048968e+03  0.000000e+00
9  -6.868373e+03  0.000000e+00
10  -1.181982e+04  0.000000e+00
11  -8.942110e+03  0.000000e+00
12  -1.227853e+04  0.000000e+00
13  -9.239106e+03  0.000000e+00
14  -6.557936e+03  0.000000e+00
15  -5.188285e+03  0.000000e+00
16  -1.384767e+03  0.000000e+00
17  -2.249690e+03  0.000000e+00
18  -1.610843e+03  0.000000e+00
19  -1.617777e+03  0.000000e+00
20  -2.263621e+03  0.000000e+00
21  -2.074848e+03  0.000000e+00
22  -7.889748e+02  0.000000e+00
23  -7.201373e+02  0.000000e+00
24  -9.330983e+02  0.000000e+00
25  -1.237367e+03  0.000000e+00
26  -9.119207e+02  0.000000e+00
27  -1.369793e+02  0.000000e+00
28  -3.641538e+01  0.000000e+00
29  -1.283710e+02  0.000000e+00
30  1.217920e+02  0.000000e+00
31  8.810966e+01  0.000000e+00
32  8.566253e+01  0.000000e+00
33  -3.412703e+02  0.000000e+00
34  -3.189247e+02  0.000000e+00
35  2.620603e+02  0.000000e+00
36  5.727382e+02  0.000000e+00
37  3.418335e+02  0.000000e+00
38  -3.855423e+01  0.000000e+00
39  1.196491e+02  0.000000e+00
40  -6.027613e+01  0.000000e+00
41  7.402576e+02  0.000000e+00
42  3.854464e+02  0.000000e+00
43  -1.338061e+01  0.000000e+00
44  -8.125573e+02  0.000000e+00
45  9.735161e+01  0.000000e+00
46  2.594759e+02  0.000000e+00
47  -2.844902e+02  0.000000e+00
48  -1.328112e+02  0.000000e+00
49  -1.482878e+03  0.000000e+00
50  -4.154502e+03  0.000000e+00
51  -2.344075e+03  0.000000e+00
52  -1.257525e+04  0.000000e+00
53  -1.205512e+04  0.000000e+00
54  -9.038152e+03  0.000000e+00
55  2.137207e+03  0.000000e+00
56  9.150849e+03  0.000000e+00
57  3.428175e+04  0.000000e+00
58  5.756236e+04  0.000000e+00
59  1.023501e+05  0.000000e+00
60  1.926594e+05  0.000000e+00
61  3.279597e+05  0.000000e+00
62  6.084340e+05  0.000000e+00
63  1.369896e+06  0.000000e+00
ENDPROP
STARTPROP
MASSES:  4.200000e-03   4.200000e-03
SOURCE: GAM_43
SINKS: GAM_43
0  -8.596245e+04  0.000000e+00
1  1.300149e+06  0.000000e+00
2  5.859914e+05  0.000000e+00
3  3.416087e+05  0.000000e+00
4  2.014271e+05  0.000000e+00
5  1.133047e+05  0.000000e+00
6  4.886737e+04  0.000000e+00
7  2.010463e+04  0.000000e+00
8  -1.048968e+03  0.000000e+00
9  -6.868373e+03  0.000000e+00
10  -1.181982e+04  0.000000e+00
11  -8.942110e+03  0.000000e+00
12  -1.227853e+04  0.000000e+00
13  -9.239106e+03  0.000000e+00
14  -6.557936e+03  0.000000e+00
15  -5.188285e+03  0.000000e+00
16  -1.384767e+03  0.000000e+00
17  -2.249690e+03  0.000000e+00
18  -1.610843e+03  0.000000e+00
19  -1.617777e+03  0.000000e+00
20  -2.263621e+03  0.000000e+00
21  -2.074848e+03  0.000000e+00
22  -7.889748e+02  0.000000e+00
23  -7.201373e+02  0.000000e+00
24  -9.330983e+02  0.000000e+00
25  -1.237367e+03  0.000000e+00
26  -9.119207e+02  0.000000e+00
27  -1.369793e+02  0.000000e+00
28  -3.641538e+01  0.000000e+00
29  -1.283710e+02  0.000000e+00
30  1.217920e+02  0.000000e+00
31  8.810966e+01  0.000000e+00
32  8.566253e+01  0.000000e+00
33  -3.412703e+02  0.000000e+00
34  -3.189247e+02  0.000000e+00
35  2.620603e+02  0.000000e+00
36  5.727382e+02  0.000000e+00
37  3.418335e+02  0.000000e+00
38  -3.855423e+01  0.000000e+00
39  1.196491e+02  0.000000e+00
40  -6.027613e+01  0.000000e+00
41  7.402576e+02  0.000000e+00
42  3.854464e+02  0.000000e+00
43  -1.338061e+01  0.000000e+00
44  -8.125573e+02  0.000000e+00
45  9.735161e+01  0.000000e+00
46  2.594759e+02  0.000000e+00
47  -2.844902e+02  0.000000e+00
48  -1.328112e+02  0.000000e+00
49  -1.482878e+03  0.000000e+00
50  -4.154502e+03  0.000000e+00
51  -2.344075e+03  0.000000e+00
52  -1.257525e+04  0.000000e+00
53  -1.205512e+04  0.000000e+00
54  -9.038152e+03  0.000000e+00
55  2.137207e+03  0.000000e+00
56  9.150849e+03  0.000000e+00
57  3.428175e+04  0.000000e+00
58  5.756236e+04  0.000000e+00
59  1.023501e+05  0.000000e+00
60  1.926594e+05  0.000000e+00
61  3.279597e+05  0.000000e+00
62  6.084340e+05  0.000000e+00
63  1.369896e+06  0.000000e+00
ENDPROP
STARTPROP
MASSES:  4.200000e-03   4.200000e-03
SOURCE: GAM_15
SINKS: GAM_15
0  -2.207153e+05  -1.432292e-12
1  -1.200090e+06  -1.376115e-12
2  -4.365073e+05  -7.221467e-13
3  -2.144914e+05  2.345927e-13
4  -1.051880e+05  -6.096615e-13
5  -5.956968e+04  -1.931022e-13
6  -3.441669e+04  -7.237402e-13
7  -2.174841e+04  -1.271610e-13
8  -1.696036e+04  5.758247e-13
9  -9.689789e+03  3.470908e-14
10  -7.577950e+03  -4.370294e-13
11  -5.457945e+03  1.823254e-13
12  -5.072125e+03  -6.650968e-14
13  -7.280580e+03  1.833495e-13
14  -5.101625e+03  3.045304e-14
15  -5.934485e+03  -3.732474e-14
16  -5.147664e+03  -8.228376e-14
17  -4.525865e+03  -5.006371e-14
18  -3.747292e+03  -2.547400e-14
19  -2.492212e+03  1.500467e-14
20  -1.291019e+03  6.210989e-14
21  -6.796080e+02  7.947519e-15
22  -4.003481e+02  -2.258217e-15
23  8.410023e+01  9.819111e-15
24  1.187928e+02  3.409210e-14
25  -9.866558e+02  1.229911e-14
26  -1.406546e+03  -1.276208e-14
27  -9.763609e+02  4.201634e-15
28  -2.814688e+02  -1.400174e-14
29  3.092942e+02  -1.607950e-14
30  2.821701e+02  1.191784e-14
31  -3.226767e+02  -2.885709e-15
32  -7.896376e+02  -4.785370e-15
33  -8.167697e+02  4.623837e-15
34  -1.141836e+03  2.006838e-14
35  -1.225821e+03  -2.039204e-15
36  -9.315844e+02  2.515837e-14
37  -7.870833e+02  -1.576440e-14
38  -1.271904e+03  -5.595635e-16
39  -1.466262e+03  -1.255539e-14
40  -1.086883e+03  -2.995878e-14
41  -6.518085e+02  -1.303886e-14
42  -5.289833e+02  -1.770353e-15
43  -3.036379e+02  -2.569357e-14
44  -2.803141e+02  2.444931e-14
45  -1.579714e+03  1.124775e-15
46  -2.458965e+03  -4.170614e-14
47  -2.672598e+03  5.059848e-14
48  -2.506913e+03  -1.995158e-14
49  -2.159105e+03  -3.240391e-14
50  -1.067732e+03  -1.415605e-14
51  -2.076581e+03  -1.298937e-14
52  -8.752758e+02  -9.467633e-14
53  -2.655511e+03  -1.169452e-13
54  2.087723e+03  4.165367e-14
55  2.181282e+04  8.692743e-14
56  3.221051e+04  1.720762e-13
57  2.049295e+04  -2.793420e-13
58  1.091151e+03  2.152779e-13
59  -1.642319e+04  -7.010553e-14
60  -4.901881e+04  3.176192e-13
61  -1.795013e+05  -7.814957e-13
62  -4.265654e+05  -1.311518e-12
63  -1.208278e+06  -1.060540e-12
ENDPROP
STARTPROP
MASSES:  4.200000e-03   4.200000e-03
SOURCE: GAM_25
SINKS: GAM_25
0  -1.854692e+05  3.294483e-13
1  -1.136952e+06  -2.013219e-13
2  -3.909535e+05  3.107714e-14
3  -1.832939e+05  5.997798e-13
4  -8.650143e+04  -2.616899e-13
5  -4.790459e+04  -6.055084e-13
6  -4.410373e+04  5.908194e-13
7  -4.087704e+04  3.292968e-13
8  -3.559955e+04  2.987581e-13
9  -2.766135e+04  -2.462120e-13
10  -2.129908e+04  -6.384178e-14
11  -1.628577e+04  1.040998e-13
12  -1.067068e+04  -1.058116e-13
13  -1.620747e+03  -3.885993e-14
14  8.712981e+03  8.141898e-15
15  1.306343e+04  2.938491e-14
16  1.045408e+04  -6.390697e-14
17  6.838521e+03  5.713873e-14
18  2.995049e+03  -6.116222e-15
19  1.208738e+03  2.364099e-14
20  8.953411e+02  9.798870e-15
21  2.280540e+03  -1.939971e-15
22  2.710180e+03  2.235361e-14
23  1.886028e+03  -1.071503e-14
24  2.279287e+03  -1.051285e-14
25  1.911753e+03  -1.769035e-14
26  2.367914e+03  1.681008e-14
27  2.536357e+03  -1.543056e-14
28  2.150395e+03  2.651064e-15
29  1.205200e+03  1.014421e-14
30  8.562142e+02  -2.022398e-15
31  4.737684e+02  -1.583352e-14
32  5.605967e+02  1.083641e-14
33  7.214527e+02  -3.501608e-15
34  4.112671e+02  3.582112e-15
35  -1.449438e+01  -9.249693e-16
36  4.146107e+01  -6.723458e-15
37  3.345988e+02  -1.178538e-14
38  2.034020e+02  -7.653932e-15
39  -2.731630e+02  -5.594863e-14
40  -3.330390e+02  -1.169409e-14
41  -5.119552e+02  1.537038e-14
42  -1.115758e+03  -2.667881e-14
43  -2.557636e+03  2.424651e-14
44  -2.943895e+03  3.454627e-14
45  -1.762630e+03  -8.119219e-14
46  -9.131760e+02  2.025428e-14
47  -1.493354e+03  -6.497530e-14
48  -2.321503e+03  1.416350e-14
49  -3.796566e+03  1.031452e-14
50  -3.303120e+03  1.526862e-13
51  -2.103530e+03  -7.307845e-14
52  -2.840061e+03  2.132180e-13
53  -5.743773e+03  2.330803e-13
54  6.082375e+02  -2.567274e-13
55  2.607772e+03  3.405197e-13
56  1.823907e+03  -2.949773e-13
57  5.683823e+03  5.861601e-13
58  1.981283e+04  2.284201e-13
59  3.159526e+04  4.279822e-13
60  1.113802e+04  1.884517e-13
61  -1.205875e+05  -3.430061e-13
62  -3.607094e+05  3.374623e-14
63  -1.148146e+06  8.409944e-13
ENDPROP
STARTPROP
MASSES:  4.200000e-03   4.200000e-03
SOURCE: GAM_35
SINKS: GAM_35
0  -1.938873e+05  5.034079e-13
1  -1.139341e+06  -6.994232e-13
2  -3.817803e+05  -7.640095e-13
3  -1.866818e+05  6.194459e-14
4  -8.758156e+04  -1.232920e-12
5  -4.093667e+04  1.189192e-12
6  -1.492129e+04  -6.796202e-14
7  -8.905547e+03  4.274333e-13
8  -1.353844e+04  -6.805131e-13
9  -2.364257e+04  5.607163e-14
10  -2.092383e+04  -1.237653e-14
11  -1.213953e+04  2.199666e-13
12  -1.883707e+03  -3.615458e-13
13  1.338296e+03  1.055905e-13
14  -1.448301e+03  7.578516e-14
15  -3.283282e+02  4.110580e-14
16  1.791736e+02  3.086030e-14
17  5.007434e+02  -6.237524e-14
18  9.992122e+02  -3.667941e-14
19  -7.745125e+02  1.445657e-14
20  -1.861799e+03  1.257100e-14
21  -2.118265e+03  1.358081e-14
22  -2.102387e+03  2.072402e-14
23  -7.707997e+02  -2.923865e-14
24  1.138609e+02  -8.857495e-15
25  8.964566e+02  -9.689616e-15
26  1.408568e+03  -9.489818e-15
27  9.349501e+02  -1.537452e-14
28  9.133367e+02  1.866713e-14
29  8.920531e+02  -8.129859e-15
30  4.662807e+02  -3.278958e-15
31  2.455017e+02  1.795978e-14
32  9.605606e+01  -2.819800e-15
33  2.817137e+00  -1.540998e-15
34  3.596000e+01  -6.382879e-15
35  -1.979455e+02  4.749116e-15
36  -7.854719e+02  2.515968e-15
37  -1.520138e+03  -9.803094e-15
38  -1.641455e+03  1.702921e-15
39  -1.147105e+03  -1.402121e-14
40  -6.698881e+02  3.012084e-14
41  -6.770290e+02  -2.230284e-14
42  -6.556489e+02  -1.327708e-14
43  2.456648e+02  -2.502936e-14
44  -8.071154e+01  5.511004e-14
45  -1.274939e+03  1.915836e-14
46  -1.039506e+03  1.081649e-14
47  2.169660e+01  9.715298e-14
48  3.039281e+03  -6.224313e-14
49  3.926094e+03  7.615053e-14
50  6.667649e+03  -2.031417e-14
51  5.818037e+03  -4.929707e-14
52  -2.194781e+03  -3.426515e-14
53  -7.072781e+03  -1.802765e-13
54  -1.291409e+04  -1.425261e-13
55  -1.418967e+04  2.580352e-13
56  -1.169280e+04  -2.457558e-13
57  -1.400086e+04  -7.082287e-13
58  -3.979675e+04  -2.160766e-13
59  -8.054357e+04  6.581383e-13
60  -1.372526e+05  1.194042e-13
61  -2.290090e+05  5.430562e-13
62  -4.396610e+05  5.340065e-13
63  -1.219455e+06  1.286855e-12
ENDPROP
STARTPROP
MASSES:  4.200000e-03   4.200000e-03
SOURCE: GAM_45
SINKS: GAM_45
0  -1.729820e+06  1.036676e-12
1  6.620443e+05  1.939889e-12
2  3.135473e+05  -7.079710e-13
3  2.611436e+05  3.755618e-13
4  2.231576e+05  3.017901e-13
5  1.830943e+05  -1.393152e-13
6  1.547036e+05  -4.097823e-13
7  1.207127e+05  -1.331773e-13
8  1.015719e+05  2.496422e-13
9  9.110737e+04  2.516580e-14
10  7.398342e+04  7.846400e-14
11  6.604952e+04  -1.291465e-13
12  5.608634e+04  -4.665642e-13
13  4.847715e+04  -1.024045e-13
14  3.890746e+04  -1.493126e-13
15  3.170538e+04  -1.087899e-13
16  2.830489e+04  -1.458252e-14
17  2.309193e+04  5.796687e-14
18  1.948805e+04  8.406082e-14
19  1.598051e+04  -2.512115e-14
20  1.353086e+04  1.287024e-14
21  1.136562e+04  -3.621638e-14
22  1.021763e+04  -4.182921e-15
23  8.328498e+03  2.950880e-15
24  7.017922e+03  1.142880e-14
25  5.939550e+03  3.468157e-14
26  4.996729e+03  1.458402e-14
27  4.528761e+03  1.027044e-14
28  3.699987e+03  -1.378738e-14
29  3.319353e+03  9.455033e-15
30  3.016423e+03  -1.889769e-15
31  2.958700e+03  -1.342776e-14
32  2.693453e+03  1.303728e-14
33  2.765794e+03  6.555417e-16
34  2.912651e+03  -4.099495e-15
35  3.187443e+03  6.714450e-15
36  3.534181e+03  9.333431e-15
37  3.816111e+03  -3.704042e-14
38  4.532297e+03  2.008535e-14
39  5.424552e+03  3.117636e-14
40  6.335549e+03  -1.604134e-14
41  7.496954e+03  -5.405547e-15
42  8.923251e+03  -1.105728e-14
43  1.044446e+04  5.786657e-14
44  1.226673e+04  1.771396e-14
45  1.480191e+04  3.328898e-14
46  1.729490e+04  2.938063e-14
47  2.016483e+04  -2.924547e-14
48  2.561283e+04  -3.872592e-14
49  3.274857e+04  9.151758e-14
50  3.910496e+04  -1.324033e-13
51  4.749593e+04  -9.338160e-14
52  5.614221e+04  -2.302542e-13
53  6.781430e+04  8.743294e-14
54  8.294424e+04  -1.191784e-13
55  9.579896e+04  -1.818299e-13
56  1.198338e+05  -3.377135e-13
57  1.399659e+05  3.779094e-13
58  1.666856e+05  4.417007e-14
59  2.047554e+05  2.474251e-13
60  2.439888e+05  -2.179857e-13
61  2.988544e+05  8.732349e-14
62  3.557110e+05  1.044127e-13
63  7.054792e+05  -6.797593e-13
ENDPROP
STARTPROP
MASSES:  4.200000e-03   4.200000e-03
SOURCE: PSAX4
SINKS: GAM_4
0  9.331360e+03  -1.091827e-13
1  1.707550e+06  5.340420e-13
2  1.290695e+06  -1.635214e-13
3  1.071118e+06  7.734194e-14
4  9.069504e+05  1.476513e-13
5  7.556686e+05  -2.234931e-14
6  6.389054e+05  2.183035e-13
7  5.331681e+05  9.622695e-14
8  4.523776e+05  3.565193e-14
9  3.864447e+05  2.989778e-14
10  3.167966e+05  -4.573815e-15
11  2.726433e+05  -5.647696e-14
12  2.320899e+05  1.143194e-14
13  1.920061e+05  3.410796e-14
14  1.562408e+05  7.891118e-15
15  1.294071e+05  -5.924311e-15
16  1.075250e+05  2.550023e-15
17  9.077467e+04  -3.067330e-15
18  7.496744e+04  -5.681998e-14
19  6.305982e+04  -1.141551e-14
20  5.168838e+04  -1.437520e-14
21  4.284726e+04  6.346987e-16
22  3.700693e+04  4.178532e-15
23  2.990134e+04  -1.244304e-14
24  2.565779e+04  -7.188880e-15
25  2.133997e+04  -1.772684e-15
26  1.721663e+04  6.203964e-15
27  1.399298e+04  6.960510e-16
28  1.062223e+04  -4.731190e-15
29  7.810664e+03  -2.714425e-15
30  5.352780e+03  -2.511546e-16
31  2.995290e+03  -5.553807e-15
32  7.988683e+02  2.047834e-15
33  -1.101200e+03  -8.080381e-16
34  -3.454742e+03  1.580102e-15
35  -5.755818e+03  2.938344e-15
36  -8.015598e+03  2.607667e-15
37  -1.046923e+04  -2.254100e-15
38  -1.338771e+04  -3.430096e-15
39  -1.725416e+04  1.073153e-15
40  -2.115313e+04  7.431745e-15
41  -2.620267e+04  1.029394e-14
42  -3.182449e+04  3.958954e-15
43  -3.895137e+04  -8.350681e-15
44  -4.750644e+04  5.018251e-16
45  -5.674397e+04  -1.314338e-15
46  -6.719423e+04  -5.877717e-15
47  -8.077806e+04  1.738301e-14
48  -1.001895e+05  -3.931620e-14
49  -1.233242e+05  -2.196363e-14
50  -1.503315e+05  4.448418e-14
51  -1.823238e+05  8.647447e-15
52  -2.164872e+05  -3.923562e-14
53  -2.633297e+05  8.601629e-14
54  -3.226306e+05  -8.486205e-14
55  -3.865813e+05  -2.650905e-14
56  -4.592549e+05  2.600960e-13
57  -5.605265e+05  1.417325e-13
58  -6.684733e+05  -1.171662e-14
59  -7.961176e+05  -5.634382e-14
60  -9.299149e+05  -2.419056e-13
61  -1.109229e+06  5.118382e-13
62  -1.302933e+06  5.825206e-13
63  -1.709537e+06  -1.595967e-14
ENDPROP
STARTPROP
MASSES:  4.200000e-03   4.200000e-03
SOURCE: WWPSAX4
SINKS: GAM_4
0  -1.971518e+08  0.000000e+00
1  1.327592e+09  -5.215406e-08
2  8.619393e+08  0.000000e+00
3  6.814301e+08  0.000000e+00
4  5.175726e+08  -3.725290e-09
5  3.382349e+08  -7.450581e-09
6  5.379370e+08  5.820766e-10
7  4.487067e+08  -1.629815e-09
8  2.617273e+08  -7.450581e-09
9  1.622330e+08  1.117587e-08
10  2.108767e+08  2.793968e-09
11  2.021306e+08  -4.656613e-10
12  1.625410e+08  -5.587935e-09
13  2.263784e+08  2.095476e-09
14  6.977452e+07  -5.820766e-10
15  1.140893e+08  4.656613e-10
16  7.089884e+07  4.656613e-10
17  6.489974e+07  -1.455192e-09
18  3.914349e+07  -1.396984e-09
19  5.360495e+07  -6.984919e-10
20  4.611749e+07  -3.492460e-10
21  4.860781e+07  1.673470e-10
22  1.896074e+07  0.000000e+00
23  2.020552e+07  -1.164153e-10
24  2.253620e+07  0.000000e+00
25  1.836975e+07  -2.328306e-10
26  6.995038e+06  3.637979e-10
27  5.473969e+06  0.000000e+00
28  1.131321e+07  2.910383e-11
29  7.917286e+06  1.818989e-12
30  8.842387e+06  5.820766e-11
31  -2.536595e+06  0.000000e+00
32  -1.508392e+06  7.275958e-11
33  -9.960284e+05  -8.731149e-11
34  -9.270247e+05  -3.637979e-11
35  -3.178599e+06  1.746230e-10
36  -9.947945e+06  1.818989e-10
37  -4.197705e+06  0.000000e+00
38  -1.373115e+07  1.127773e-10
39  -1.203592e+07  4.074536e-10
40  -7.989583e+06  -1.455192e-10
41  -2.190057e+05  -1.164153e-10
42  -3.813337e+07  5.820766e-11
43  -1.544262e+07  -9.313226e-10
44  -2.716386e+07  1.396984e-09
45  -4.789333e+07  4.656613e-10
46  -4.473454e+07  1.164153e-10
47  -6.296438e+07  -4.947651e-10
48  -6.929823e+07  0.000000e+00
49  -8.229762e+07  -9.313226e-10
50  -5.466353e+07  6.984919e-10
51  -1.446452e+08  1.280569e-09
52  -1.596337e+08  -3.725290e-09
53  -6.939512e+07  3.492460e-10
54  -2.457772e+08  2.328306e-10
55  -2.282088e+08  -6.519258e-09
56  -1.167559e+08  -2.793968e-09
57  -2.350448e+08  3.725290e-09
58  -5.322915e+08  2.735760e-09
59  -6.370132e+08  -2.281740e-08
60  -7.411221e+08  7.450581e-09
61  -3.439812e+08  2.607703e-08
62  -9.959171e+08  -1.210719e-08
63  -2.533005e+09  -2.700835e-08
ENDPROP
STARTPROP
MASSES:  4.200000e-03   4.200000e-03
SOURCE: WWGAM_5
SINKS: GAM_5
0  1.613759e+10  0.000000e+00
1  4.682647e+09  0.000000e+00
2  2.785754e+09  0.000000e+00
3  2.416982e+09  0.000000e+00
4  1.888226e+09  0.000000e+00
5  1.746117e+09  0.000000e+00
6  1.553975e+09  0.000000e+00
7  1.355614e+09  0.000000e+00
8  1.262901e+09  0.000000e+00
9  9.077724e+08  0.000000e+00
10  8.839643e+08  0.000000e+00
11  6.545611e+08  0.000000e+00
12  6.767073e+08  0.000000e+00
13  5.756774e+08  0.000000e+00
14  4.166990e+08  0.000000e+00
15  3.387248e+08  0.000000e+00
16  2.822181e+08  0.000000e+00
17  2.311355e+08  0.000000e+00
18  1.974825e+08  0.000000e+00
19  1.559602e+08  0.000000e+00
20  1.358671e+08  0.000000e+00
21  1.327711e+08  0.000000e+00
22  1.064016e+08  0.000000e+00
23  7.652725e+07  0.000000e+00
24  8.137437e+07  0.000000e+00
25  6.167452e+07  0.000000e+00
26  5.832055e+07  0.000000e+00
27  4.200487e+07  0.000000e+00
28  4.466121e+07  0.000000e+00
29  4.424413e+07  0.000000e+00
30  3.922164e+07  0.000000e+00
31  3.423057e+07  0.000000e+00
32  2.509778e+07  0.000000e+00
33  2.682971e+07  0.000000e+00
34  3.353282e+07  0.000000e+00
35  2.862867e+07  0.000000e+00
36  3.753711e+07  0.000000e+00
37  3.520267e+07  0.000000e+00
38  4.845661e+07  0.000000e+00
39  4.599046e+07  0.000000e+00
40  5.458687e+07  0.000000e+00
41  6.770797e+07  0.000000e+00
42  9.372320e+07  0.000000e+00
43  9.909037e+07  0.000000e+00
44  1.084859e+08  0.000000e+00
45  1.707014e+08  0.000000e+00
46  2.039894e+08  0.000000e+00
47  2.361154e+08  0.000000e+00
48  2.504759e+08  0.000000e+00
49  3.136769e+08  0.000000e+00
50  3.338390e+08  0.000000e+00
51  4.721356e+08  0.000000e+00
52  5.834636e+08  0.000000e+00
53  5.427005e+08  0.000000e+00
54  8.330303e+08  0.000000e+00
55  1.046693e+09  0.000000e+00
56  1.140213e+09  0.000000e+00
57  1.315343e+09  0.000000e+00
58  1.505194e+09  0.000000e+00
59  1.793278e+09  0.000000e+00
60  2.501454e+09  0.000000e+00
61  2.026938e+09  0.000000e+00
62  2.893310e+09  0.000000e+00
63  5.360893e+09  0.000000e+00
ENDPROP
