STARTPROP
MASSES:  4.200000e-03   4.200000e-03
SOURCE: GAM_1
SINKS: GAM_1
0  1.082584e+06  -1.711149e-12
1  1.922160e+06  -4.935700e-13
2  9.555582e+05  1.388294e-12
3  5.430880e+05  -6.206616e-13
4  3.053488e+05  6.792596e-13
5  1.702406e+05  5.200266e-13
6  9.214318e+04  -2.258113e-13
7  3.321990e+04  7.719914e-13
8  1.377068e+03  -1.717276e-13
9  -9.264299e+03  -3.655576e-13
10  -8.296230e+03  -4.458678e-14
11  -9.684002e+02  -1.031657e-13
12  7.689307e+02  -1.763885e-13
13  -3.650414e+03  1.369147e-13
14  -2.202883e+03  -1.113451e-13
15  1.812742e+03  -2.300199e-14
16  1.183060e+02  -7.246953e-14
17  -2.340048e+02  -1.278723e-13
18  1.236200e+03  2.425958e-14
19  1.918299e+03  5.427572e-14
20  2.501401e+03  -1.707801e-14
21  2.893193e+03  7.544641e-15
22  2.007898e+03  4.166148e-15
23  1.510594e+03  -1.893160e-14
24  1.241572e+03  -1.087894e-14
25  9.057120e+02  -3.776237e-14
26  3.936439e+02  -7.675518e-15
27  3.956835e+02  6.875992e-15
28  2.575442e+02  -1.187707e-14
29  3.190942e+00  1.010216e-15
30  -3.400902e+02  -3.889885e-15
31  -5.380287e+02  4.345251e-15
32  -2.614495e+02  -7.063010e-16
33  -1.200776e+02  -6.561307e-15
34  -3.503525e+02  1.062787e-14
35  -4.304842e+02  2.077728e-14
36  -6.000510e+02  -2.245853e-14
37  -7.324790e+02  -1.282039e-14
38  -4.579122e+02  -3.364913e-14
39  -2.948598e+02  -2.676538e-15
40  4.313504e+02  1.669546e-15
41  1.209714e+03  1.603079e-14
42  9.585580e+02  -8.646811e-14
43  -5.710270e+02  4.069377e-14
44  -2.652154e+03  1.193856e-14
45  -2.941040e+03  -2.528358e-14
46  -1.469909e+03  3.062932e-15
47  1.201955e+03  -4.685480e-14
48  2.390504e+03  2.505713e-15
49  2.674810e+03  -9.193488e-14
50  3.825157e+03  1.331102e-13
51  -7.599681e+02  5.577504e-14
52  -7.941896e+02  -4.556625e-13
53  1.051146e+03  4.554790e-14
54  5.028311e+03  -7.837660e-14
55  1.276514e+03  -3.519516e-13
56  2.837421e+03  3.121917e-14
57  5.098221e+03  2.670591e-13
58  2.628414e+04  2.479594e-13
59  8.450173e+04  -4.782237e-13
60  2.042340e+05  9.063855e-13
61  4.212012e+05  9.415582e-13
62  8.295856e+05  -3.528278e-13
63  1.812159e+06  -1.236820e-14
ENDPROP
STARTPROP
MASSES:  4.200000e-03   4.200000e-03
SOURCE: GAM_2
SINKS: GAM_2
0  1.139015e+06  -7.201921e-13
1  1.995227e+06  -3.016294e-14
2  1.036959e+06  -1.297412e-12
3  5.875890e+05  -1.049374e-12
4  3.253322e+05  -9.356084e-13
5  1.820670e+05  3.889856e-13
6  1.002552e+05  7.376500e-14
7  4.597342e+04  2.085962e-14
8  1.965370e+04  1.940701e-13
9  4.869560e+03  1.294909e-13
10  -1.575046e+03  3.012061e-13
11  2.801973e+03  3.504323e-14
12  3.440547e+02  -1.833274e-13
13  -3.274128e+03  -4.163377e-15
14  -1.894290e+03  1.439160e-13
15  -2.175756e+03  7.668649e-14
16  -1.277953e+03  1.940563e-15
17  -1.832602e+03  5.289633e-14
18  -4.126970e+03  -3.681396e-14
19  -4.918138e+03  -8.800197e-14
20  -4.382035e+03  -4.383829e-14
21  -1.931110e+03  3.067935e-14
22  -6.518850e+02  4.762314e-14
23  -4.401658e+02  -1.665781e-14
24  -6.047862e+01  2.845245e-14
25  7.373613e+02  -1.286735e-14
26  1.099971e+03  3.027726e-15
27  7.351060e+02  1.386270e-14
28  3.460867e+02  -1.908018e-14
29  2.178762e+02  1.266846e-15
30  2.058060e+01  5.863381e-15
31  1.659483e+02  1.930082e-15
32  6.280510e+01  1.190015e-14
33  -3.754022e+00  -1.817055e-15
34  -4.388692e+01  -3.814031e-15
35  3.082730e+02  1.345870e-14
36  4.442750e+02  -5.303631e-15
37  2.308390e+02  1.808522e-14
38  -6.420904e+01  -2.774999e-14
39  1.051376e+00  6.841890e-15
40  7.506459e+02  4.990457e-15
41  1.280023e+03  1.764625e-14
42  1.148761e+03  -3.359266e-14
43  1.405007e+03  2.747128e-14
44  1.677018e+02  -1.675246e-14
45  -8.723357e+02  1.373165e-14
46  -2.961971e+03  -3.229854e-14
47  -4.606657e+03  5.271052e-14
48  -1.697005e+03  -2.735668e-14
49  -1.449963e+03  4.373495e-15
50  4.758455e+02  1.629221e-14
51  -2.569372e+03  1.511692e-13
52  -7.803435e+03  -1.692319e-13
53  -4.091342e+03  1.974403e-13
54  7.632582e+03  -3.646221e-14
55  1.701508e+04  -1.697709e-13
56  1.759263e+04  1.996053e-13
57  3.668092e+04  -2.082829e-13
58  7.258070e+04  -5.253526e-13
59  1.384320e+05  -3.980240e-13
60  2.954721e+05  -5.163167e-13
61  5.403512e+05  -1.955322e-13
62  9.506721e+05  -2.375381e-13
63  1.901990e+06  2.352004e-12
ENDPROP
STARTPROP
MASSES:  4.200000e-03   4.200000e-03
SOURCE: GAM_3
SINKS: GAM_3
0  1.132749e+06  3.789451e-13
1  1.968381e+06  6.860070e-13
2  9.881488e+05  5.443227e-13
3  5.504448e+05  -6.928180e-13
4  3.363745e+05  2.962548e-13
5  2.198264e+05  4.511489e-13
6  1.387127e+05  -4.448964e-13
7  8.916620e+04  1.219766e-12
8  6.628740e+04  5.861747e-14
9  4.397605e+04  6.418840e-14
10  2.448382e+04  2.445245e-14
11  1.533053e+04  -1.632505e-14
12  5.850032e+03  -1.100819e-13
13  6.885323e+02  -6.396365e-14
14  -4.719087e+02  -6.277617e-14
15  1.069211e+03  -9.363948e-14
16  3.878373e+03  2.379965e-14
17  5.804948e+03  1.267432e-13
18  4.662302e+03  7.874270e-14
19  3.110874e+03  -1.819257e-14
20  1.727916e+03  3.020166e-14
21  4.429471e+02  -1.907376e-14
22  5.547096e+01  -2.026709e-14
23  8.210998e+02  -3.744257e-14
24  5.793291e+02  -1.550411e-14
25  3.099518e+02  -2.782013e-14
26  9.923811e+01  5.276737e-15
27  -1.517616e+02  7.880152e-15
28  -1.141737e+02  4.421924e-15
29  -1.996714e+02  -2.047414e-14
30  -5.430601e+02  1.106721e-14
31  -9.288001e+02  -1.586394e-15
32  -1.136554e+03  8.355923e-15
33  -9.670254e+02  -1.066181e-14
34  -7.752536e+02  -2.481489e-15
35  -6.860539e+02  1.252942e-14
36  -5.441699e+02  3.769235e-15
37  -1.098011e+03  1.086654e-14
38  -1.193567e+03  2.290898e-14
39  -5.133320e+02  9.660438e-15
40  6.090001e+02  2.348780e-14
41  1.872059e+03  2.635638e-14
42  3.295326e+03  -6.877804e-15
43  4.566003e+03  1.456667e-14
44  4.546217e+03  1.619635e-15
45  2.755518e+03  -2.866423e-14
46  -2.408267e+02  -2.679977e-14
47  -2.241022e+03  -4.433132e-14
48  -2.908593e+03  -7.836254e-15
49  -1.211020e+03  1.888988e-14
50  -8.909752e+02  -1.339041e-13
51  6.665825e+02  -8.713904e-14
52  -3.756102e+03  2.646997e-13
53  -8.455966e+03  4.685904e-13
54  -1.267455e+04  2.989555e-14
55  -1.485232e+04  -2.013110e-13
56  -9.660089e+03  -5.871149e-13
57  2.350758e+04  -1.425843e-13
58  7.730609e+04  7.704548e-13
59  1.421221e+05  8.068068e-13
60  2.728570e+05  -3.983994e-13
61  5.007666e+05  -1.237404e-12
62  9.327046e+05  3.451322e-13
63  1.921473e+06  -1.373109e-12
ENDPROP
STARTPROP
MASSES:  4.200000e-03   4.200000e-03
SOURCE: GAM_4
SINKS: GAM_4
0  2.162975e+06  -3.103229e-13
1  -3.042564e+05  2.099573e-13
2  -4.268632e+02  -1.182019e-12
3  -2.619874e+03  -3.933874e-13
4  -1.898798e+03  3.027358e-13
5  -1.416449e+03  1.485577e-13
6  -2.875196e+02  7.015338e-14
7  4.341151e+03  5.311850e-13
8  1.366445e+03  5.665376e-14
9  -8.999759e+02  -2.150362e-13
10  -1.944421e+03  -1.763557e-13
11  3.548820e+03  1.506542e-13
12  1.034345e+02  -7.825836e-14
13  1.397812e+03  5.283702e-14
14  3.170520e+02  -9.079022e-14
15  8.807909e+02  -1.117725e-13
16  1.057471e+03  -3.009561e-14
17  1.044415e+03  -2.135884e-14
18  1.023037e+03  -3.851810e-14
19  6.135819e+02  -2.670746e-14
20  5.240299e+02  5.198502e-14
21  5.494149e+02  -3.869348e-14
22  5.543376e+02  1.371398e-14
23  3.946035e+02  3.345970e-14
24  4.336301e+02  -1.456324e-14
25  7.518681e+02  1.638407e-15
26  6.555703e+02  -7.921527e-15
27  6.505924e+02  -9.502102e-15
28  6.195615e+02  -8.240148e-15
29  5.529239e+02  -2.519753e-15
30  5.988977e+02  -4.382233e-15
31  6.168474e+02  -2.493329e-15
32  7.040658e+02  -7.852683e-15
33  6.279573e+02  -1.059762e-14
34  5.778811e+02  -7.012261e-15
35  6.287615e+02  1.112863e-14
36  5.058265e+02  5.493716e-16
37  5.847667e+02  2.010990e-15
38  7.075349e+02  1.464541e-14
39  5.581596e+02  2.263899e-14
40  5.231425e+02  1.190137e-14
41  6.270116e+02  -1.615085e-14
42  8.430462e+02  4.095026e-14
43  2.649834e+02  3.194903e-14
44  5.008044e+02  4.874036e-14
45  6.749622e+02  3.829740e-14
46  1.149367e+01  7.601035e-14
47  7.608332e+01  -7.645387e-15
48  1.228287e+03  6.580319e-14
49  7.365855e+02  -1.185817e-13
50  3.473092e+02  1.061938e-13
51  1.378042e+03  -2.751727e-13
52  3.107474e+03  -7.471285e-14
53  1.810595e+03  -2.043227e-13
54  6.883833e+02  -1.474661e-13
55  1.212341e+03  3.223743e-13
56  1.424109e+02  -3.968053e-13
57  -1.639451e+03  -3.516775e-13
58  4.498124e+03  -6.675651e-13
59  4.920541e+03  5.536517e-13
60  -3.819713e+03  -2.637362e-13
61  -1.086630e+04  4.496632e-13
62  2.640062e+03  8.653133e-13
63  -2.858386e+05  -1.408886e-12
ENDPROP
STARTPROP
MASSES:  4.200000e-03   4.200000e-03
SOURCE: GAM_5
SINKS: GAM_5
0  1.398107e+07  0.000000e+00
1  1.377565e+07  0.000000e+00
2  1.160237e+07  0.000000e+00
3  9.883723e+06  0.000000e+00
4  8.313926e+06  0.000000e+00
5  6.996144e+06  0.000000e+00
6  5.838256e+06  0.000000e+00
7  4.929208e+06  0.000000e+00
8  4.258825e+06  0.000000e+00
9  3.671207e+06  0.000000e+00
10  3.160873e+06  0.000000e+00
11  2.631266e+06  0.000000e+00
12  2.163999e+06  0.000000e+00
13  1.734776e+06  0.000000e+00
14  1.396904e+06  0.000000e+00
15  1.150308e+06  0.000000e+00
16  9.486179e+05  0.000000e+00
17  7.693252e+05  0.000000e+00
18  6.424790e+05  0.000000e+00
19  5.550982e+05  0.000000e+00
20  4.845767e+05  0.000000e+00
21  4.182855e+05  0.000000e+00
22  3.658526e+05  0.000000e+00
23  3.107237e+05  0.000000e+00
24  2.639236e+05  0.000000e+00
25  2.269472e+05  0.000000e+00
26  1.951603e+05  0.000000e+00
27  1.682953e+05  0.000000e+00
28  1.406261e+05  0.000000e+00
29  1.248207e+05  0.000000e+00
30  1.164908e+05  0.000000e+00
31  1.131580e+05  0.000000e+00
32  1.126334e+05  0.000000e+00
33  1.122560e+05  0.000000e+00
34  1.166900e+05  0.000000e+00
35  1.264224e+05  0.000000e+00
36  1.400243e+05  0.000000e+00
37  1.599546e+05  0.000000e+00
38  1.872072e+05  0.000000e+00
39  2.212894e+05  0.000000e+00
40  2.619586e+05  0.000000e+00
41  3.105409e+05  0.000000e+00
42  3.669235e+05  0.000000e+00
43  4.289521e+05  0.000000e+00
44  4.991272e+05  0.000000e+00
45  5.926608e+05  0.000000e+00
46  7.152869e+05  0.000000e+00
47  8.566065e+05  0.000000e+00
48  1.014597e+06  0.000000e+00
49  1.195143e+06  0.000000e+00
50  1.442404e+06  0.000000e+00
51  1.747067e+06  0.000000e+00
52  2.091489e+06  0.000000e+00
53  2.532072e+06  0.000000e+00
54  3.072889e+06  0.000000e+00
55  3.698106e+06  0.000000e+00
56  4.454921e+06  0.000000e+00
57  5.263867e+06  0.000000e+00
58  6.146682e+06  0.000000e+00
59  7.197096e+06  0.000000e+00
60  8.506202e+06  0.000000e+00
61  1.017283e+07  0.000000e+00
62  1.185501e+07  0.000000e+00
63  1.387281e+07  0.000000e+00
ENDPROP
STARTPROP
MASSES:  4.200000e-03   4.200000e-03
SOURCE: GAM_12
SINKS: GAM_12
0  7.290501e+05  0.000000e+00
1  -8.056566e+05  0.000000e+00
2  -2.332816e+05  0.000000e+00
3  -9.611831e+04  0.000000e+00
4  -6.371695e+04  0.000000e+00
5  -2.242949e+04  0.000000e+00
6  -1.462533e+04  0.000000e+00
7  -1.533620e+04  0.000000e+00
8  -1.001131e+04  0.000000e+00
9  -3.717757e+03  0.000000e+00
10  3.669515e+03  0.000000e+00
11  5.235645e+03  0.000000e+00
12  1.427692e+04  0.000000e+00
13  1.352175e+04  0.000000e+00
14  1.024805e+04  0.000000e+00
15  8.048973e+03  0.000000e+00
16  4.266569e+03  0.000000e+00
17  2.447807e+03  0.000000e+00
18  2.118136e+03  0.000000e+00
19  2.186364e+03  0.000000e+00
20  1.976545e+03  0.000000e+00
21  1.147750e+03  0.000000e+00
22  1.033908e+03  0.000000e+00
23  2.334341e+02  0.000000e+00
24  -8.737371e+02  0.000000e+00
25  -9.761619e+02  0.000000e+00
26  -4.731636e+02  0.000000e+00
27  -3.186301e+02  0.000000e+00
28  -4.921596e+02  0.000000e+00
29  -5.787768e+02  0.000000e+00
30  -3.285740e+02  0.000000e+00
31  -1.802524e+02  0.000000e+00
32  -2.241073e+02  0.000000e+00
33  1.661660e+02  0.000000e+00
34  4.326996e+02  0.000000e+00
35  5.917389e+02  0.000000e+00
36  7.619286e+02  0.000000e+00
37  1.026911e+03  0.000000e+00
38  9.769877e+02  0.000000e+00
39  4.921885e+02  0.000000e+00
40  1.455672e+02  0.000000e+00
41  1.874234e+02  0.000000e+00
42  1.667081e+02  0.000000e+00
43  -1.291706e+03  0.000000e+00
44  -1.189193e+03  0.000000e+00
45  -4.665124e+02  0.000000e+00
46  2.084979e+03  0.000000e+00
47  3.271772e+03  0.000000e+00
48  -5.889076e+02  0.000000e+00
49  -6.222374e+03  0.000000e+00
50  -1.044845e+04  0.000000e+00
51  -7.273610e+03  0.000000e+00
52  -3.222017e+03  0.000000e+00
53  -5.472579e+03  0.000000e+00
54  -1.214384e+04  0.000000e+00
55  -2.158281e+04  0.000000e+00
56  -2.623303e+04  0.000000e+00
57  -3.137772e+04  0.000000e+00
58  -3.371332e+04  0.000000e+00
59  -3.416695e+04  0.000000e+00
60  -1.383295e+04  0.000000e+00
61  -3.728490e+04  0.000000e+00
62  -1.868932e+05  0.000000e+00
63  -7.838263e+05  0.000000e+00
ENDPROP
STARTPROP
MASSES:  4.200000e-03   4.200000e-03
SOURCE: GAM_21
SINKS: GAM_21
0  7.290501e+05  0.000000e+00
1  -8.056566e+05  0.000000e+00
2  -2.332816e+05  0.000000e+00
3  -9.611831e+04  0.000000e+00
4  -6.371695e+04  0.000000e+00
5  -2.242949e+04  0.000000e+00
6  -1.462533e+04  0.000000e+00
7  -1.533620e+04  0.000000e+00
8  -1.001131e+04  0.000000e+00
9  -3.717757e+03  0.000000e+00
10  3.669515e+03  0.000000e+00
11  5.235645e+03  0.000000e+00
12  1.427692e+04  0.000000e+00
13  1.352175e+04  0.000000e+00
14  1.024805e+04  0.000000e+00
15  8.048973e+03  0.000000e+00
16  4.266569e+03  0.000000e+00
17  2.447807e+03  0.000000e+00
18  2.118136e+03  0.000000e+00
19  2.186364e+03  0.000000e+00
20  1.976545e+03  0.000000e+00
21  1.147750e+03  0.000000e+00
22  1.033908e+03  0.000000e+00
23  2.334341e+02  0.000000e+00
24  -8.737371e+02  0.000000e+00
25  -9.761619e+02  0.000000e+00
26  -4.731636e+02  0.000000e+00
27  -3.186301e+02  0.000000e+00
28  -4.921596e+02  0.000000e+00
29  -5.787768e+02  0.000000e+00
30  -3.285740e+02  0.000000e+00
31  -1.802524e+02  0.000000e+00
32  -2.241073e+02  0.000000e+00
33  1.661660e+02  0.000000e+00
34  4.326996e+02  0.000000e+00
35  5.917389e+02  0.000000e+00
36  7.619286e+02  0.000000e+00
37  1.026911e+03  0.000000e+00
38  9.769877e+02  0.000000e+00
39  4.921885e+02  0.000000e+00
40  1.455672e+02  0.000000e+00
41  1.874234e+02  0.000000e+00
42  1.667081e+02  0.000000e+00
43  -1.291706e+03  0.000000e+00
44  -1.189193e+03  0.000000e+00
45  -4.665124e+02  0.000000e+00
46  2.084979e+03  0.000000e+00
47  3.271772e+03  0.000000e+00
48  -5.889076e+02  0.000000e+00
49  -6.222374e+03  0.000000e+00
50  -1.044845e+04  0.000000e+00
51  -7.273610e+03  0.000000e+00
52  -3.222017e+03  0.000000e+00
53  -5.472579e+03  0.000000e+00
54  -1.214384e+04  0.000000e+00
55  -2.158281e+04  0.000000e+00
56  -2.623303e+04  0.000000e+00
57  -3.137772e+04  0.000000e+00
58  -3.371332e+04  0.000000e+00
59  -3.416695e+04  0.000000e+00
60  -1.383295e+04  0.000000e+00
61  -3.728490e+04  0.000000e+00
62  -1.868932e+05  0.000000e+00
63  -7.838263e+05  0.000000e+00
ENDPROP
STARTPROP
MASSES:  4.200000e-03   4.200000e-03
SOURCE: GAM_13
SINKS: GAM_13
0  8.065631e+05  -5.390393e-13
1  -7.286637e+05  3.928238e-14
2  -1.712005e+05  9.459193e-13
3  -6.547492e+04  -3.526504e-13
4  -2.047520e+04  -3.230001e-14
5  -1.584797e+04  1.041916e-13
6  -6.701544e+03  2.416761e-13
7  -4.535073e+03  -3.684026e-13
8  -6.956500e+03  3.467831e-13
9  -1.639299e+04  -1.171426e-13
10  -1.582282e+04  7.259669e-14
11  -8.428052e+03  -2.019036e-13
12  -3.094221e+02  1.234521e-13
13  1.900275e+03  -3.615329e-14
14  -1.932344e+03  -1.578460e-14
15  -5.678181e+03  5.208372e-15
16  -4.880555e+03  -7.055517e-14
17  -1.171303e+03  4.273864e-14
18  2.429487e+03  -8.903267e-14
19  3.104005e+03  -4.071286e-14
20  2.155537e+03  -1.407311e-15
21  1.086218e+03  3.279591e-14
22  -3.851373e+02  -5.222131e-14
23  -2.549905e+02  1.834498e-14
24  -2.887223e+02  8.240970e-15
25  -4.894200e+02  1.056700e-14
26  -2.179194e+02  -6.979529e-15
27  -3.005884e+02  2.668543e-15
28  3.185448e+01  -5.612490e-15
29  -2.486619e+02  5.831770e-15
30  -6.286174e+01  -3.117784e-15
31  -3.552905e+02  7.578277e-16
32  -5.862938e+02  -5.428543e-15
33  -5.819361e+02  1.479529e-14
34  -5.754417e+02  -1.905009e-15
35  -6.656506e+02  1.299913e-14
36  -2.614951e+02  -1.172887e-14
37  1.239322e+02  9.839429e-15
38  9.114227e+02  -1.122920e-14
39  1.168381e+03  -2.136229e-15
40  1.953677e+03  1.832841e-14
41  2.114283e+03  1.522187e-15
42  3.312142e+03  -2.254719e-14
43  1.440534e+03  -6.223727e-16
44  8.026413e+02  -1.993865e-15
45  -9.151214e+02  -9.640844e-15
46  -3.354876e+03  3.315047e-14
47  -5.093943e+03  -4.042412e-14
48  -6.248179e+03  -7.910420e-15
49  -7.491701e+03  -2.521929e-14
50  -3.037823e+03  -1.579539e-13
51  3.294908e+03  -1.737693e-14
52  3.456904e+03  6.798875e-14
53  3.806478e+03  -7.774951e-14
54  1.684966e+03  -2.849436e-13
55  6.991780e+03  4.378961e-13
56  1.807085e+04  -2.638216e-14
57  2.138423e+04  -6.365922e-13
58  2.664425e+04  -4.540943e-13
59  3.072893e+04  -8.713061e-14
60  2.702603e+04  -3.585430e-13
61  -3.415847e+04  -4.807885e-13
62  -1.574141e+05  1.230043e-12
63  -7.046339e+05  4.734254e-13
ENDPROP
STARTPROP
MASSES:  4.200000e-03   4.200000e-03
SOURCE: GAM_31
SINKS: GAM_31
0  8.065631e+05  -5.390393e-13
1  -7.286637e+05  3.928238e-14
2  -1.712005e+05  9.459193e-13
3  -6.547492e+04  -3.526504e-13
4  -2.047520e+04  -3.230001e-14
5  -1.584797e+04  1.041916e-13
6  -6.701544e+03  2.416761e-13
7  -4.535073e+03  -3.684026e-13
8  -6.956500e+03  3.467831e-13
9  -1.639299e+04  -1.171426e-13
10  -1.582282e+04  7.259669e-14
11  -8.428052e+03  -2.019036e-13
12  -3.094221e+02  1.234521e-13
13  1.900275e+03  -3.615329e-14
14  -1.932344e+03  -1.578460e-14
15  -5.678181e+03  5.208372e-15
16  -4.880555e+03  -7.055517e-14
17  -1.171303e+03  4.273864e-14
18  2.429487e+03  -8.903267e-14
19  3.104005e+03  -4.071286e-14
20  2.155537e+03  -1.407311e-15
21  1.086218e+03  3.279591e-14
22  -3.851373e+02  -5.222131e-14
23  -2.549905e+02  1.834498e-14
24  -2.887223e+02  8.240970e-15
25  -4.894200e+02  1.056700e-14
26  -2.179194e+02  -6.979529e-15
27  -3.005884e+02  2.668543e-15
28  3.185448e+01  -5.612490e-15
29  -2.486619e+02  5.831770e-15
30  -6.286174e+01  -3.117784e-15
31  -3.552905e+02  7.578277e-16
32  -5.862938e+02  -5.428543e-15
33  -5.819361e+02  1.479529e-14
34  -5.754417e+02  -1.905009e-15
35  -6.656506e+02  1.299913e-14
36  -2.614951e+02  -1.172887e-14
37  1.239322e+02  9.839429e-15
38  9.114227e+02  -1.122920e-14
39  1.168381e+03  -2.136229e-15
40  1.953677e+03  1.832841e-14
41  2.114283e+03  1.522187e-15
42  3.312142e+03  -2.254719e-14
43  1.440534e+03  -6.223727e-16
44  8.026413e+02  -1.993865e-15
45  -9.151214e+02  -9.640844e-15
46  -3.354876e+03  3.315047e-14
47  -5.093943e+03  -4.042412e-14
48  -6.248179e+03  -7.910420e-15
49  -7.491701e+03  -2.521929e-14
50  -3.037823e+03  -1.579539e-13
51  3.294908e+03  -1.737693e-14
52  3.456904e+03  6.798875e-14
53  3.806478e+03  -7.774951e-14
54  1.684966e+03  -2.849436e-13
55  6.991780e+03  4.378961e-13
56  1.807085e+04  -2.638216e-14
57  2.138423e+04  -6.365922e-13
58  2.664425e+04  -4.540943e-13
59  3.072893e+04  -8.713061e-14
60  2.702603e+04  -3.585430e-13
61  -3.415847e+04  -4.807885e-13
62  -1.574141e+05  1.230043e-12
63  -7.046339e+05  4.734254e-13
ENDPROP
STARTPROP
MASSES:  4.200000e-03   4.200000e-03
SOURCE: GAM_14
SINKS: GAM_14
0  -1.422223e+05  3.836393e-13
1  1.313642e+06  2.402883e-13
2  5.901510e+05  -8.802310e-13
3  3.354917e+05  1.023607e-13
4  1.867345e+05  -1.998951e-13
5  9.790708e+04  -7.049389e-13
6  6.908947e+04  -2.463745e-13
7  3.997628e+04  -5.574840e-13
8  3.066542e+04  -3.956716e-13
9  2.193496e+04  -2.884709e-13
10  4.839580e+03  -9.516842e-14
11  -5.628177e+03  -1.682066e-13
12  -8.824508e+03  -1.416754e-15
13  -6.520987e+03  4.880479e-14
14  -4.320836e+03  2.866769e-14
15  -5.183911e+03  -1.713400e-14
16  -3.777463e+03  -5.714012e-14
17  -1.435101e+02  1.223440e-14
18  8.884949e+02  1.667227e-14
19  1.656710e+03  -1.396537e-14
20  1.809231e+03  4.192738e-14
21  7.948157e+02  -7.663916e-15
22  -6.946705e+02  1.768486e-15
23  -9.380063e+02  -8.107054e-16
24  -5.330969e+02  -2.725104e-14
25  -1.563198e+02  1.512824e-14
26  1.902738e+02  1.780961e-14
27  -5.113140e+02  -9.644199e-15
28  -6.539136e+02  7.050395e-15
29  -6.374197e+02  2.991946e-15
30  -5.189763e+02  -6.399556e-15
31  -6.136576e+02  1.507829e-16
32  -5.894530e+02  1.133734e-14
33  -4.782958e+02  -6.289569e-15
34  -2.792493e+02  3.647154e-17
35  -1.432320e+02  1.274673e-14
36  1.582674e+02  -7.470932e-16
37  2.173962e+02  -4.139949e-15
38  -1.032629e+01  -6.567345e-15
39  -4.579818e+02  -5.645900e-15
40  -3.555684e+02  -9.147224e-15
41  -4.979288e+02  -2.200392e-14
42  -1.709361e+03  2.089569e-15
43  -1.322343e+03  9.353371e-15
44  -1.317326e+02  6.444698e-15
45  1.203338e+03  2.187995e-14
46  1.040476e+03  -4.376365e-15
47  1.567216e+03  2.622613e-14
48  3.390138e+03  1.493068e-14
49  4.084631e+03  2.859010e-14
50  6.278669e+03  -2.175815e-14
51  6.117392e+03  7.157622e-14
52  8.148859e+03  5.792735e-14
53  1.710626e+03  5.120290e-14
54  1.219871e+03  1.137491e-14
55  -7.028337e+03  1.901325e-13
56  -1.185870e+04  -8.141453e-14
57  -4.055656e+03  4.432143e-14
58  5.739759e+03  2.192594e-13
59  4.578996e+04  -1.574355e-13
60  9.906817e+04  -1.050719e-12
61  1.996629e+05  7.420507e-14
62  4.513018e+05  -7.071435e-13
63  1.203403e+06  6.710313e-13
ENDPROP
STARTPROP
MASSES:  4.200000e-03   4.200000e-03
SOURCE: GAM_41
SINKS: GAM_41
0  -1.422223e+05  3.836393e-13
1  1.313642e+06  2.402883e-13
2  5.901510e+05  -8.802310e-13
3  3.354917e+05  1.023607e-13
4  1.867345e+05  -1.998951e-13
5  9.790708e+04  -7.049389e-13
6  6.908947e+04  -2.463745e-13
7  3.997628e+04  -5.574840e-13
8  3.066542e+04  -3.956716e-13
9  2.193496e+04  -2.884709e-13
10  4.839580e+03  -9.516842e-14
11  -5.628177e+03  -1.682066e-13
12  -8.824508e+03  -1.416754e-15
13  -6.520987e+03  4.880479e-14
14  -4.320836e+03  2.866769e-14
15  -5.183911e+03  -1.713400e-14
16  -3.777463e+03  -5.714012e-14
17  -1.435101e+02  1.223440e-14
18  8.884949e+02  1.667227e-14
19  1.656710e+03  -1.396537e-14
20  1.809231e+03  4.192738e-14
21  7.948157e+02  -7.663916e-15
22  -6.946705e+02  1.768486e-15
23  -9.380063e+02  -8.107054e-16
24  -5.330969e+02  -2.725104e-14
25  -1.563198e+02  1.512824e-14
26  1.902738e+02  1.780961e-14
27  -5.113140e+02  -9.644199e-15
28  -6.539136e+02  7.050395e-15
29  -6.374197e+02  2.991946e-15
30  -5.189763e+02  -6.399556e-15
31  -6.136576e+02  1.507829e-16
32  -5.894530e+02  1.133734e-14
33  -4.782958e+02  -6.289569e-15
34  -2.792493e+02  3.647154e-17
35  -1.432320e+02  1.274673e-14
36  1.582674e+02  -7.470932e-16
37  2.173962e+02  -4.139949e-15
38  -1.032629e+01  -6.567345e-15
39  -4.579818e+02  -5.645900e-15
40  -3.555684e+02  -9.147224e-15
41  -4.979288e+02  -2.200392e-14
42  -1.709361e+03  2.089569e-15
43  -1.322343e+03  9.353371e-15
44  -1.317326e+02  6.444698e-15
45  1.203338e+03  2.187995e-14
46  1.040476e+03  -4.376365e-15
47  1.567216e+03  2.622613e-14
48  3.390138e+03  1.493068e-14
49  4.084631e+03  2.859010e-14
50  6.278669e+03  -2.175815e-14
51  6.117392e+03  7.157622e-14
52  8.148859e+03  5.792735e-14
53  1.710626e+03  5.120290e-14
54  1.219871e+03  1.137491e-14
55  -7.028337e+03  1.901325e-13
56  -1.185870e+04  -8.141453e-14
57  -4.055656e+03  4.432143e-14
58  5.739759e+03  2.192594e-13
59  4.578996e+04  -1.574355e-13
60  9.906817e+04  -1.050719e-12
61  1.996629e+05  7.420507e-14
62  4.513018e+05  -7.071435e-13
63  1.203403e+06  6.710313e-13
ENDPROP
STARTPROP
MASSES:  4.200000e-03   4.200000e-03
SOURCE: GAM_23
SINKS: GAM_23
0  6.584161e+05  8.433271e-13
1  -8.511176e+05  -7.452290e-13
2  -2.793393e+05  -6.530794e-13
3  -1.388740e+05  5.504467e-13
4  -6.761072e+04  2.408357e-13
5  -1.849277e+04  2.905009e-13
6  -1.149443e+04  3.796525e-13
7  -3.537563e+02  -1.003081e-13
8  4.957153e+03  7.022419e-13
9  2.991897e+02  7.237245e-14
10  -3.613417e+03  1.625907e-13
11  -9.464091e+03  -2.120812e-13
12  -1.074111e+04  5.467726e-14
13  -7.448850e+03  4.639353e-14
14  -2.696842e+02  1.146996e-13
15  2.648667e+03  3.803368e-14
16  3.180352e+03  1.360196e-13
17  4.616926e+03  8.118445e-14
18  3.613246e+03  -1.920498e-15
19  2.548591e+03  3.450801e-14
20  1.485187e+03  1.104453e-14
21  3.431794e+02  2.715285e-14
22  1.373015e+03  8.685696e-15
23  1.787955e+03  -2.941543e-14
24  1.148423e+03  1.215667e-14
25  1.032499e+03  6.786823e-15
26  8.361502e+02  -1.399611e-14
27  1.246039e+03  1.422820e-14
28  1.044532e+03  1.277520e-14
29  8.002969e+02  1.049679e-14
30  4.841563e+02  -8.735941e-16
31  1.682045e+02  -4.107096e-15
32  -2.817196e+02  -5.620446e-15
33  -2.220330e+02  3.594452e-15
34  -1.018149e+02  -6.273368e-15
35  3.213657e+02  1.400768e-15
36  1.393156e+02  3.206291e-16
37  -1.459038e+02  -1.076573e-14
38  -1.690604e+01  8.128196e-16
39  1.016782e+02  -2.897664e-15
40  4.595622e+02  -1.618803e-14
41  4.411163e+02  5.369638e-14
42  -1.210160e+03  -2.302489e-14
43  -1.614379e+03  2.007093e-14
44  -1.175304e+03  -2.683250e-14
45  -2.362230e+03  -5.030233e-14
46  -1.475315e+03  -2.480967e-14
47  3.098463e+02  3.945166e-14
48  1.471647e+03  2.956828e-14
49  -3.500613e+02  2.808639e-15
50  -6.024811e+03  -9.181322e-14
51  -8.116741e+03  4.174939e-14
52  -8.794488e+03  -4.892815e-14
53  -8.404718e+03  2.488295e-13
54  -4.760255e+03  -2.282806e-13
55  6.202415e+03  -6.767514e-14
56  1.350793e+04  -2.049104e-14
57  1.874073e+04  2.359737e-13
58  3.672598e+03  9.386145e-13
59  -1.908185e+04  1.971420e-13
60  -6.291847e+04  -3.293511e-13
61  -1.472370e+05  -2.328132e-13
62  -2.830450e+05  5.758415e-15
63  -8.380148e+05  2.712677e-13
ENDPROP
STARTPROP
MASSES:  4.200000e-03   4.200000e-03
SOURCE: GAM_32
SINKS: GAM_32
0  6.584161e+05  8.433271e-13
1  -8.511176e+05  -7.452290e-13
2  -2.793393e+05  -6.530794e-13
3  -1.388740e+05  5.504467e-13
4  -6.761072e+04  2.408357e-13
5  -1.849277e+04  2.905009e-13
6  -1.149443e+04  3.796525e-13
7  -3.537563e+02  -1.003081e-13
8  4.957153e+03  7.022419e-13
9  2.991897e+02  7.237245e-14
10  -3.613417e+03  1.625907e-13
11  -9.464091e+03  -2.120812e-13
12  -1.074111e+04  5.467726e-14
13  -7.448850e+03  4.639353e-14
14  -2.696842e+02  1.146996e-13
15  2.648667e+03  3.803368e-14
16  3.180352e+03  1.360196e-13
17  4.616926e+03  8.118445e-14
18  3.613246e+03  -1.920498e-15
19  2.548591e+03  3.450801e-14
20  1.485187e+03  1.104453e-14
21  3.431794e+02  2.715285e-14
22  1.373015e+03  8.685696e-15
23  1.787955e+03  -2.941543e-14
24  1.148423e+03  1.215667e-14
25  1.032499e+03  6.786823e-15
26  8.361502e+02  -1.399611e-14
27  1.246039e+03  1.422820e-14
28  1.044532e+03  1.277520e-14
29  8.002969e+02  1.049679e-14
30  4.841563e+02  -8.735941e-16
31  1.682045e+02  -4.107096e-15
32  -2.817196e+02  -5.620446e-15
33  -2.220330e+02  3.594452e-15
34  -1.018149e+02  -6.273368e-15
35  3.213657e+02  1.400768e-15
36  1.393156e+02  3.206291e-16
37  -1.459038e+02  -1.076573e-14
38  -1.690604e+01  8.128196e-16
39  1.016782e+02  -2.897664e-15
40  4.595622e+02  -1.618803e-14
41  4.411163e+02  5.369638e-14
42  -1.210160e+03  -2.302489e-14
43  -1.614379e+03  2.007093e-14
44  -1.175304e+03  -2.683250e-14
45  -2.362230e+03  -5.030233e-14
46  -1.475315e+03  -2.480967e-14
47  3.098463e+02  3.945166e-14
48  1.471647e+03  2.956828e-14
49  -3.500613e+02  2.808639e-15
50  -6.024811e+03  -9.181322e-14
51  -8.116741e+03  4.174939e-14
52  -8.794488e+03  -4.892815e-14
53  -8.404718e+03  2.488295e-13
54  -4.760255e+03  -2.282806e-13
55  6.202415e+03  -6.767514e-14
56  1.350793e+04  -2.049104e-14
57  1.874073e+04  2.359737e-13
58  3.672598e+03  9.386145e-13
59  -1.908185e+04  1.971420e-13
60  -6.291847e+04  -3.293511e-13
61  -1.472370e+05  -2.328132e-13
62  -2.830450e+05  5.758415e-15
63  -8.380148e+05  2.712677e-13
ENDPROP
STARTPROP
MASSES:  4.200000e-03   4.200000e-03
SOURCE: GAM_24
SINKS: GAM_24
0  -6.538539e+04  1.145863e-12
1  1.308822e+06  2.279093e-13
2  5.805282e+05  -2.583112e-14
3  3.109523e+05  8.096421e-13
4  1.713867e+05  3.582487e-13
5  8.265440e+04  -5.599577e-13
6  4.575584e+04  -4.023088e-13
7  1.271481e+04  1.044136e-13
8  1.283599e+04  -2.241213e-13
9  1.517458e+04  -1.556951e-13
10  1.734220e+04  2.237991e-14
11  1.700903e+04  -1.983856e-13
12  1.258436e+04  -2.591452e-14
13  6.740459e+03  5.708053e-16
14  4.495618e+03  1.213522e-13
15  5.133142e+03  7.681429e-14
16  5.232061e+03  5.069506e-14
17  2.787884e+03  4.449939e-14
18  4.930139e+02  -1.212197e-14
19  -1.826158e+02  -3.399601e-14
20  -2.820191e+02  4.925529e-14
21  -8.626288e+01  1.547903e-14
22  -4.102559e+02  1.600796e-14
23  -9.071233e+02  -7.218008e-16
24  -7.105786e+02  2.255634e-14
25  -3.066852e+02  2.323596e-15
26  -6.047147e+02  2.860572e-14
27  -3.839564e+02  -1.198597e-14
28  -4.097026e+02  1.048119e-14
29  -6.212133e+02  4.409513e-15
30  -5.261262e+02  6.589512e-15
31  -4.188216e+02  5.863769e-15
32  -3.842156e+02  -5.973896e-15
33  -3.719956e+02  1.719595e-15
34  -3.679301e+02  -5.172578e-15
35  -6.015031e+02  2.337332e-16
36  -7.138864e+02  2.252135e-15
37  -8.731284e+02  1.080784e-14
38  -7.458794e+02  8.015391e-15
39  -5.829484e+02  -7.761070e-15
40  -1.046892e+03  6.538363e-15
41  -1.283749e+03  6.357431e-16
42  -1.449098e+03  2.700779e-14
43  -1.695761e+03  -5.084515e-15
44  -2.619572e+03  6.394391e-15
45  -4.879608e+03  -4.005488e-14
46  -7.594235e+03  -4.910226e-15
47  -7.283077e+03  -4.255134e-15
48  -3.373473e+03  8.845694e-14
49  1.942912e+01  8.845714e-14
50  1.906823e+03  4.305199e-14
51  3.906656e+03  -1.045433e-13
52  5.705542e+03  7.176280e-15
53  4.398120e+03  -1.339129e-13
54  2.294789e+03  1.292737e-13
55  3.502914e+03  -4.909376e-15
56  1.312997e+04  -2.140237e-13
57  1.862233e+04  2.944824e-13
58  4.284566e+04  -6.964283e-13
59  6.774886e+04  -3.614361e-14
60  1.516682e+05  -7.123434e-13
61  2.997205e+05  1.304171e-13
62  5.933479e+05  -7.512333e-13
63  1.345081e+06  8.893705e-13
ENDPROP
STARTPROP
MASSES:  4.200000e-03   4.200000e-03
SOURCE: GAM_42
SINKS: GAM_42
0  -6.538539e+04  1.145863e-12
1  1.308822e+06  2.279093e-13
2  5.805282e+05  -2.583112e-14
3  3.109523e+05  8.096421e-13
4  1.713867e+05  3.582487e-13
5  8.265440e+04  -5.599577e-13
6  4.575584e+04  -4.023088e-13
7  1.271481e+04  1.044136e-13
8  1.283599e+04  -2.241213e-13
9  1.517458e+04  -1.556951e-13
10  1.734220e+04  2.237991e-14
11  1.700903e+04  -1.983856e-13
12  1.258436e+04  -2.591452e-14
13  6.740459e+03  5.708053e-16
14  4.495618e+03  1.213522e-13
15  5.133142e+03  7.681429e-14
16  5.232061e+03  5.069506e-14
17  2.787884e+03  4.449939e-14
18  4.930139e+02  -1.212197e-14
19  -1.826158e+02  -3.399601e-14
20  -2.820191e+02  4.925529e-14
21  -8.626288e+01  1.547903e-14
22  -4.102559e+02  1.600796e-14
23  -9.071233e+02  -7.218008e-16
24  -7.105786e+02  2.255634e-14
25  -3.066852e+02  2.323596e-15
26  -6.047147e+02  2.860572e-14
27  -3.839564e+02  -1.198597e-14
28  -4.097026e+02  1.048119e-14
29  -6.212133e+02  4.409513e-15
30  -5.261262e+02  6.589512e-15
31  -4.188216e+02  5.863769e-15
32  -3.842156e+02  -5.973896e-15
33  -3.719956e+02  1.719595e-15
34  -3.679301e+02  -5.172578e-15
35  -6.015031e+02  2.337332e-16
36  -7.138864e+02  2.252135e-15
37  -8.731284e+02  1.080784e-14
38  -7.458794e+02  8.015391e-15
39  -5.829484e+02  -7.761070e-15
40  -1.046892e+03  6.538363e-15
41  -1.283749e+03  6.357431e-16
42  -1.449098e+03  2.700779e-14
43  -1.695761e+03  -5.084515e-15
44  -2.619572e+03  6.394391e-15
45  -4.879608e+03  -4.005488e-14
46  -7.594235e+03  -4.910226e-15
47  -7.283077e+03  -4.255134e-15
48  -3.373473e+03  8.845694e-14
49  1.942912e+01  8.845714e-14
50  1.906823e+03  4.305199e-14
51  3.906656e+03  -1.045433e-13
52  5.705542e+03  7.176280e-15
53  4.398120e+03  -1.339129e-13
54  2.294789e+03  1.292737e-13
55  3.502914e+03  -4.909376e-15
56  1.312997e+04  -2.140237e-13
57  1.862233e+04  2.944824e-13
58  4.284566e+04  -6.964283e-13
59  6.774886e+04  -3.614361e-14
60  1.516682e+05  -7.123434e-13
61  2.997205e+05  1.304171e-13
62  5.933479e+05  -7.512333e-13
63  1.345081e+06  8.893705e-13
ENDPROP
STARTPROP
MASSES:  4.200000e-03   4.200000e-03
SOURCE: GAM_34
SINKS: GAM_34
0  -1.344780e+05  0.000000e+00
1  1.251478e+06  0.000000e+00
2  5.423617e+05  0.000000e+00
3  2.920795e+05  0.000000e+00
4  1.522129e+05  0.000000e+00
5  6.478979e+04  0.000000e+00
6  3.609152e+04  0.000000e+00
7  3.180102e+04  0.000000e+00
8  2.281210e+04  0.000000e+00
9  1.213456e+04  0.000000e+00
10  8.882391e+03  0.000000e+00
11  3.463609e+03  0.000000e+00
12  -1.416146e+03  0.000000e+00
13  -3.975613e+03  0.000000e+00
14  -6.711162e+03  0.000000e+00
15  -5.990127e+03  0.000000e+00
16  -4.553541e+03  0.000000e+00
17  -2.475826e+03  0.000000e+00
18  -2.418282e+02  0.000000e+00
19  7.659003e+02  0.000000e+00
20  1.814545e+03  0.000000e+00
21  2.213196e+03  0.000000e+00
22  1.349876e+03  0.000000e+00
23  8.801799e+02  0.000000e+00
24  2.849469e+02  0.000000e+00
25  -4.795312e+01  0.000000e+00
26  -4.219264e+01  0.000000e+00
27  2.326317e+01  0.000000e+00
28  -7.808844e+01  0.000000e+00
29  4.882348e+01  0.000000e+00
30  5.674982e+01  0.000000e+00
31  -7.013614e+01  0.000000e+00
32  -1.468677e+02  0.000000e+00
33  -2.238283e+02  0.000000e+00
34  1.221748e+02  0.000000e+00
35  3.863077e+02  0.000000e+00
36  8.735296e+01  0.000000e+00
37  1.809019e+02  0.000000e+00
38  3.360315e+02  0.000000e+00
39  6.203980e+02  0.000000e+00
40  1.615858e+03  0.000000e+00
41  1.967301e+03  0.000000e+00
42  2.177030e+03  0.000000e+00
43  1.255008e+03  0.000000e+00
44  8.273049e+02  0.000000e+00
45  2.627111e+02  0.000000e+00
46  1.853736e+02  0.000000e+00
47  6.141398e+02  0.000000e+00
48  -5.073264e+02  0.000000e+00
49  -4.005649e+03  0.000000e+00
50  2.509525e+02  0.000000e+00
51  4.272830e+03  0.000000e+00
52  4.013138e+03  0.000000e+00
53  6.933009e+02  0.000000e+00
54  5.776730e+02  0.000000e+00
55  -9.794452e+03  0.000000e+00
56  -2.116420e+03  0.000000e+00
57  2.520143e+04  0.000000e+00
58  5.603166e+04  0.000000e+00
59  1.042045e+05  0.000000e+00
60  1.798011e+05  0.000000e+00
61  2.953396e+05  0.000000e+00
62  5.537033e+05  0.000000e+00
63  1.273785e+06  0.000000e+00
ENDPROP
STARTPROP
MASSES:  4.200000e-03   4.200000e-03
SOURCE: GAM_43
SINKS: GAM_43
0  -1.344780e+05  0.000000e+00
1  1.251478e+06  0.000000e+00
2  5.423617e+05  0.000000e+00
3  2.920795e+05  0.000000e+00
4  1.522129e+05  0.000000e+00
5  6.478979e+04  0.000000e+00
6  3.609152e+04  0.000000e+00
7  3.180102e+04  0.000000e+00
8  2.281210e+04  0.000000e+00
9  1.213456e+04  0.000000e+00
10  8.882391e+03  0.000000e+00
11  3.463609e+03  0.000000e+00
12  -1.416146e+03  0.000000e+00
13  -3.975613e+03  0.000000e+00
14  -6.711162e+03  0.000000e+00
15  -5.990127e+03  0.000000e+00
16  -4.553541e+03  0.000000e+00
17  -2.475826e+03  0.000000e+00
18  -2.418282e+02  0.000000e+00
19  7.659003e+02  0.000000e+00
20  1.814545e+03  0.000000e+00
21  2.213196e+03  0.000000e+00
22  1.349876e+03  0.000000e+00
23  8.801799e+02  0.000000e+00
24  2.849469e+02  0.000000e+00
25  -4.795312e+01  0.000000e+00
26  -4.219264e+01  0.000000e+00
27  2.326317e+01  0.000000e+00
28  -7.808844e+01  0.000000e+00
29  4.882348e+01  0.000000e+00
30  5.674982e+01  0.000000e+00
31  -7.013614e+01  0.000000e+00
32  -1.468677e+02  0.000000e+00
33  -2.238283e+02  0.000000e+00
34  1.221748e+02  0.000000e+00
35  3.863077e+02  0.000000e+00
36  8.735296e+01  0.000000e+00
37  1.809019e+02  0.000000e+00
38  3.360315e+02  0.000000e+00
39  6.203980e+02  0.000000e+00
40  1.615858e+03  0.000000e+00
41  1.967301e+03  0.000000e+00
42  2.177030e+03  0.000000e+00
43  1.255008e+03  0.000000e+00
44  8.273049e+02  0.000000e+00
45  2.627111e+02  0.000000e+00
46  1.853736e+02  0.000000e+00
47  6.141398e+02  0.000000e+00
48  -5.073264e+02  0.000000e+00
49  -4.005649e+03  0.000000e+00
50  2.509525e+02  0.000000e+00
51  4.272830e+03  0.000000e+00
52  4.013138e+03  0.000000e+00
53  6.933009e+02  0.000000e+00
54  5.776730e+02  0.000000e+00
55  -9.794452e+03  0.000000e+00
56  -2.116420e+03  0.000000e+00
57  2.520143e+04  0.000000e+00
58  5.603166e+04  0.000000e+00
59  1.042045e+05  0.000000e+00
60  1.798011e+05  0.000000e+00
61  2.953396e+05  0.000000e+00
62  5.537033e+05  0.000000e+00
63  1.273785e+06  0.000000e+00
ENDPROP
STARTPROP
MASSES:  4.200000e-03   4.200000e-03
SOURCE: GAM_15
SINKS: GAM_15
0  -2.255138e+05  1.418406e-13
1  -1.187328e+06  6.252377e-15
2  -4.423884e+05  -5.019717e-13
3  -2.180623e+05  -2.516512e-13
4  -6.917959e+04  3.327312e-13
5  -2.187783e+03  3.828372e-15
6  1.742816e+04  -2.944925e-13
7  1.180463e+03  -3.857630e-13
8  1.287434e+03  -2.350936e-13
9  -4.582627e+03  3.548870e-13
10  -1.886726e+03  5.515982e-14
11  -6.658919e+03  1.031901e-13
12  -8.173126e+03  2.254568e-13
13  -6.304975e+03  -1.476666e-13
14  -2.771641e+03  6.928126e-14
15  1.306106e+03  -8.312230e-14
16  2.222973e+03  3.420208e-14
17  1.781138e+03  3.379008e-14
18  3.459113e+01  3.588743e-14
19  -1.115009e+03  -1.690693e-14
20  -1.545932e+03  -1.064999e-14
21  -1.494608e+03  9.665340e-15
22  -5.183470e+02  5.958883e-14
23  -1.145233e+02  -1.186086e-14
24  4.886051e+02  -1.349837e-14
25  8.458018e+02  4.262173e-15
26  5.309511e+02  2.774023e-15
27  2.667839e+02  6.761066e-15
28  -9.211152e+01  2.772020e-15
29  -3.721354e+02  1.343908e-14
30  -8.140307e+02  -1.253109e-14
31  -1.023981e+03  5.589915e-15
32  -4.398003e+02  9.309776e-15
33  -2.085382e+02  -3.226518e-15
34  7.688469e+01  2.533535e-16
35  7.333986e+01  -5.866336e-15
36  9.114071e+01  2.933053e-15
37  1.830631e+02  1.498766e-14
38  6.288990e+02  1.321876e-14
39  1.182157e+03  -9.774592e-15
40  1.477675e+03  1.477885e-14
41  2.418735e+03  -1.397819e-14
42  3.278122e+03  -1.579721e-14
43  3.370797e+03  4.229884e-15
44  1.434458e+03  5.490593e-14
45  -5.544575e+02  9.740489e-15
46  -1.329441e+03  1.123262e-13
47  -1.026909e+03  -5.231397e-14
48  -2.230445e+03  1.411309e-13
49  -8.147064e+03  1.183951e-13
50  -1.521483e+04  -6.158126e-14
51  -2.301445e+04  9.612471e-14
52  -2.626374e+04  3.737711e-14
53  -2.439026e+04  2.655594e-13
54  -2.121704e+04  1.450142e-13
55  -1.284310e+04  -5.811719e-14
56  -1.322548e+04  -4.944159e-13
57  -2.591173e+04  -2.870431e-14
58  -3.252790e+04  -1.134321e-13
59  -3.560143e+04  7.418160e-14
60  -6.615366e+04  -7.079343e-13
61  -1.710233e+05  -9.382436e-13
62  -3.913324e+05  9.451339e-13
63  -1.131030e+06  3.800817e-14
ENDPROP
STARTPROP
MASSES:  4.200000e-03   4.200000e-03
SOURCE: GAM_25
SINKS: GAM_25
0  -2.742575e+05  1.093111e-13
1  -1.239400e+06  -4.360050e-13
2  -4.619386e+05  3.478693e-13
3  -2.204791e+05  -6.997372e-13
4  -1.152827e+05  -1.387345e-14
5  -6.357557e+04  -7.024747e-13
6  -4.377807e+04  5.071128e-13
7  -3.462562e+04  2.149613e-13
8  -3.012801e+04  -3.417444e-13
9  -2.355660e+04  -3.303913e-13
10  -1.741356e+04  -1.142394e-13
11  -1.336807e+04  -1.548465e-13
12  -1.266701e+04  -4.975366e-14
13  -1.422548e+04  -4.440896e-14
14  -9.698951e+03  -1.068383e-13
15  -2.570306e+03  1.436829e-14
16  2.637668e+02  -6.417322e-14
17  1.368814e+03  -8.827720e-14
18  4.447823e+02  6.813469e-15
19  -1.032407e+03  3.978297e-14
20  -1.300094e+03  -6.933525e-14
21  -1.294075e+03  -1.139550e-14
22  -9.939377e+02  -2.149546e-15
23  1.482901e+02  8.219861e-15
24  8.810781e+02  -3.348503e-15
25  8.462118e+02  2.378605e-14
26  -8.709464e+01  1.889314e-15
27  -6.020084e+02  -1.880822e-14
28  -7.284518e+02  1.193494e-14
29  -8.675164e+02  -5.524813e-15
30  -9.705923e+02  3.965485e-15
31  -7.877173e+02  2.684687e-15
32  -8.421440e+02  -1.657252e-14
33  -1.111213e+03  3.837059e-15
34  -1.206928e+03  -3.247861e-15
35  -8.675353e+02  -6.450351e-16
36  -7.463133e+02  4.482594e-15
37  -9.111830e+02  1.743817e-14
38  -1.235932e+03  -8.795556e-16
39  -7.925418e+02  2.038874e-15
40  -3.298833e+00  2.123788e-14
41  4.846309e+02  2.012951e-14
42  3.129509e+02  -3.665791e-14
43  4.943136e+01  4.887082e-14
44  -2.183152e+03  -2.213184e-14
45  -3.210210e+03  -4.712765e-14
46  -4.899234e+03  -6.856987e-14
47  -2.009377e+03  3.404837e-14
48  4.573962e+02  -1.236130e-13
49  3.802336e+03  5.458333e-14
50  4.990459e+03  -2.359054e-13
51  1.171536e+03  7.719367e-14
52  -7.529385e+03  -5.501784e-15
53  -1.255429e+04  -5.154110e-14
54  -9.145149e+03  -3.951891e-13
55  9.214767e+02  8.991795e-13
56  -5.346399e+03  2.094863e-13
57  -1.960866e+04  -6.410654e-14
58  -2.992063e+04  -8.191565e-14
59  -6.389013e+04  -4.165092e-13
60  -1.092121e+05  6.645165e-13
61  -2.063014e+05  -1.475675e-12
62  -4.154033e+05  6.523334e-13
63  -1.169457e+06  -2.992360e-14
ENDPROP
STARTPROP
MASSES:  4.200000e-03   4.200000e-03
SOURCE: GAM_35
SINKS: GAM_35
0  -2.518472e+05  -5.925555e-13
1  -1.181726e+06  1.665779e-12
2  -4.529416e+05  -1.012154e-12
3  -2.410137e+05  -8.849698e-13
4  -1.698481e+05  -1.198151e-13
5  -1.068289e+05  7.069166e-13
6  -6.675017e+04  5.292549e-13
7  -3.938364e+04  2.675833e-13
8  -2.103274e+04  2.201966e-13
9  -9.263641e+03  -5.181097e-13
10  -1.334717e+03  3.984172e-13
11  9.540228e+03  -4.163731e-13
12  1.128547e+04  -1.816234e-14
13  7.231919e+03  3.937036e-14
14  8.323151e+03  1.345937e-13
15  8.230520e+03  -6.391326e-14
16  7.646931e+03  7.307631e-15
17  6.119603e+03  2.794200e-14
18  6.448351e+03  1.364894e-14
19  6.250071e+03  -3.474356e-14
20  4.425954e+03  4.122670e-14
21  2.695362e+03  2.281114e-14
22  9.580924e+02  -6.872622e-16
23  -4.701804e+02  4.574164e-15
24  -7.543329e+02  4.238535e-14
25  -2.379812e+02  -9.318432e-15
26  -1.650184e+02  6.834953e-15
27  -3.031602e+02  2.141143e-14
28  -2.431079e+01  8.365384e-15
29  9.678552e+01  8.667045e-15
30  8.424161e+01  -4.571751e-15
31  2.009921e+02  -1.476889e-15
32  -1.593672e+02  5.413073e-15
33  -4.258401e+02  4.460628e-16
34  -5.714284e+02  3.844180e-15
35  -3.841483e+02  2.559102e-14
36  -2.680386e+02  -1.545324e-14
37  -5.162359e+02  -1.952257e-14
38  -8.397425e+02  -2.359649e-15
39  -1.427792e+03  -4.585979e-15
40  -1.706728e+03  -1.660486e-15
41  -1.403349e+03  -1.136172e-14
42  -9.729233e+02  -8.945595e-15
43  4.376764e+02  -7.063211e-14
44  2.684766e+03  1.008162e-14
45  4.574725e+03  5.042529e-14
46  6.493041e+03  -1.091838e-14
47  8.318392e+03  3.495595e-14
48  7.815709e+03  -8.203211e-14
49  5.367791e+03  9.298686e-14
50  3.399900e+03  5.708895e-14
51  4.816158e+03  -1.365578e-13
52  2.696177e+03  1.235556e-13
53  -4.622969e+02  2.063210e-13
54  -3.935938e+03  2.630632e-13
55  -1.271919e+04  1.864136e-13
56  -2.105158e+04  -5.837010e-13
57  -3.874986e+04  -6.219508e-13
58  -5.125327e+04  3.056738e-13
59  -6.492699e+04  3.135209e-13
60  -9.727846e+04  -4.920883e-13
61  -1.955444e+05  -2.187616e-12
62  -4.223669e+05  -1.080886e-13
63  -1.207319e+06  8.646729e-15
ENDPROP
STARTPROP
MASSES:  4.200000e-03   4.200000e-03
SOURCE: GAM_45
SINKS: GAM_45
0  -1.724068e+06  5.511269e-13
1  6.830324e+05  6.772501e-13
2  3.341713e+05  -1.610297e-13
3  2.798047e+05  -3.340459e-13
4  2.364078e+05  8.452462e-13
5  1.972186e+05  6.272354e-14
6  1.624258e+05  3.612400e-13
7  1.338629e+05  2.010601e-13
8  1.180997e+05  3.197280e-13
9  9.849936e+04  2.957705e-13
10  8.069880e+04  6.058589e-13
11  6.623320e+04  -2.321090e-13
12  5.381195e+04  -3.628152e-14
13  4.330889e+04  2.680989e-13
14  3.751111e+04  1.705060e-14
15  3.059268e+04  -8.639007e-14
16  2.555827e+04  4.189542e-14
17  2.113872e+04  4.699274e-14
18  1.778642e+04  -1.331777e-14
19  1.589502e+04  -4.256717e-14
20  1.383672e+04  5.628366e-14
21  1.151247e+04  -2.683925e-14
22  9.327353e+03  1.394036e-14
23  8.064596e+03  2.225165e-14
24  6.944541e+03  -8.137390e-15
25  6.075035e+03  5.653424e-15
26  5.081168e+03  -6.391501e-15
27  4.637301e+03  -5.327490e-15
28  3.949039e+03  3.741153e-15
29  3.717604e+03  -1.354739e-14
30  3.374709e+03  -4.216783e-15
31  3.229998e+03  -7.427316e-15
32  2.974506e+03  8.683569e-15
33  2.974462e+03  -1.376089e-14
34  3.037832e+03  -4.447256e-15
35  3.064926e+03  -3.485978e-15
36  3.520460e+03  -7.842353e-15
37  4.010358e+03  1.512507e-14
38  5.141879e+03  3.633170e-15
39  5.750795e+03  1.662210e-14
40  7.127578e+03  8.865599e-15
41  8.626959e+03  -8.128625e-15
42  1.035018e+04  -1.546382e-14
43  1.234114e+04  -1.664231e-14
44  1.436868e+04  -2.850313e-15
45  1.752202e+04  2.392522e-14
46  2.116924e+04  -7.450120e-14
47  2.493392e+04  6.152151e-14
48  3.004696e+04  1.560029e-14
49  3.562868e+04  8.704890e-14
50  4.242007e+04  -2.613094e-14
51  5.214899e+04  -8.749986e-14
52  5.970075e+04  -2.609580e-13
53  7.086386e+04  -2.733335e-13
54  8.416752e+04  -2.035670e-13
55  1.054161e+05  6.420580e-14
56  1.265705e+05  4.837542e-13
57  1.500891e+05  -1.200711e-13
58  1.852478e+05  7.128724e-13
59  2.290231e+05  3.359925e-13
60  2.553785e+05  -6.016187e-13
61  2.915840e+05  -7.306843e-13
62  3.462116e+05  4.431510e-13
63  6.674600e+05  2.380466e-13
ENDPROP
STARTPROP
MASSES:  4.200000e-03   4.200000e-03
SOURCE: PSAX4
SINKS: GAM_4
0  -8.236649e+03  -5.263975e-13
1  1.647037e+06  8.390478e-13
2  1.247258e+06  3.857114e-14
3  1.027853e+06  7.008782e-14
4  8.779366e+05  5.384926e-13
5  7.355781e+05  1.316362e-14
6  6.040805e+05  -1.193411e-13
7  5.050272e+05  -3.258030e-13
8  4.316633e+05  8.246528e-14
9  3.547727e+05  8.111738e-14
10  2.968058e+05  -4.030413e-15
11  2.430172e+05  -1.083734e-13
12  1.995111e+05  7.742824e-14
13  1.630876e+05  -2.585697e-14
14  1.368678e+05  5.502288e-14
15  1.139522e+05  -4.388498e-15
16  9.465193e+04  -2.077132e-14
17  7.828344e+04  -7.536886e-15
18  6.624050e+04  -8.651689e-15
19  5.636362e+04  1.342608e-15
20  4.794449e+04  2.729963e-14
21  4.010351e+04  2.729925e-15
22  3.323202e+04  -1.327774e-14
23  2.747640e+04  3.413236e-15
24  2.265327e+04  9.870026e-15
25  1.860541e+04  -5.791401e-15
26  1.459048e+04  -3.278914e-15
27  1.148239e+04  -1.479801e-15
28  9.054503e+03  7.014043e-16
29  6.908071e+03  4.520422e-15
30  4.671801e+03  -4.118952e-17
31  2.568117e+03  -6.566725e-16
32  3.440296e+02  2.892856e-15
33  -1.659539e+03  -4.070308e-15
34  -3.652098e+03  -2.952180e-15
35  -5.875307e+03  -3.192027e-16
36  -8.135668e+03  1.926422e-15
37  -1.093434e+04  6.105026e-15
38  -1.484464e+04  -7.331392e-15
39  -1.837915e+04  -1.230686e-15
40  -2.359345e+04  1.351390e-15
41  -2.924129e+04  1.433402e-14
42  -3.494033e+04  5.807258e-17
43  -4.329050e+04  3.903175e-15
44  -5.072100e+04  -5.898737e-16
45  -6.103331e+04  -6.731073e-15
46  -7.302307e+04  6.904030e-15
47  -8.648934e+04  -1.813184e-14
48  -1.024958e+05  3.639341e-15
49  -1.223769e+05  -2.335304e-15
50  -1.454156e+05  1.556616e-15
51  -1.742678e+05  -3.118962e-14
52  -2.068581e+05  2.610709e-14
53  -2.471582e+05  8.700834e-14
54  -2.995604e+05  7.431070e-14
55  -3.617908e+05  3.029521e-14
56  -4.302151e+05  4.768383e-14
57  -5.076748e+05  6.606250e-14
58  -6.391305e+05  1.160334e-13
59  -7.683806e+05  2.323734e-13
60  -9.061118e+05  -5.097707e-14
61  -1.072506e+06  1.177089e-13
62  -1.274966e+06  1.122743e-13
63  -1.634128e+06  6.688270e-14
ENDPROP
STARTPROP
MASSES:  4.200000e-03   4.200000e-03
SOURCE: WWPSAX4
SINKS: GAM_4
0  -2.288836e+08  2.980232e-08
1  1.452626e+09  2.235174e-08
2  1.421569e+09  3.725290e-09
3  6.351789e+08  0.000000e+00
4  6.561506e+08  6.984919e-10
5  3.998859e+08  -3.725290e-09
6  3.722723e+08  3.725290e-09
7  4.849964e+08  4.656613e-10
8  2.508996e+08  0.000000e+00
9  9.219850e+07  3.259629e-09
10  1.630002e+08  0.000000e+00
11  1.377024e+08  -1.862645e-09
12  7.759864e+07  0.000000e+00
13  1.096773e+08  2.328306e-10
14  6.746183e+07  -2.328306e-10
15  4.941373e+07  9.313226e-10
16  7.907578e+07  5.820766e-10
17  3.407178e+07  4.656613e-10
18  6.383526e+07  3.259629e-09
19  6.057460e+07  6.984919e-10
20  2.392979e+07  -4.656613e-10
21  3.893516e+07  3.492460e-10
22  1.689460e+07  5.238689e-10
23  2.485794e+06  -2.328306e-10
24  1.013171e+07  2.328306e-10
25  2.052661e+07  1.164153e-10
26  4.410721e+06  1.164153e-10
27  1.405555e+07  5.820766e-11
28  8.825186e+06  0.000000e+00
29  4.539889e+06  2.546585e-11
30  9.765277e+05  1.637090e-10
31  -1.336973e+06  2.473826e-10
32  -6.378517e+04  -8.003553e-11
33  3.864804e+06  -1.455192e-11
34  1.242497e+06  -7.275958e-11
35  2.507560e+06  1.164153e-10
36  -3.026990e+06  1.746230e-10
37  -1.205806e+07  2.910383e-10
38  -6.067361e+06  5.820766e-10
39  -2.811064e+07  -1.746230e-10
40  -1.900243e+07  -1.164153e-10
41  -3.107241e+07  1.455192e-11
42  -3.485114e+07  -2.328306e-10
43  -2.993039e+07  -3.492460e-10
44  -4.720488e+07  3.492460e-10
45  -3.435368e+07  -1.164153e-10
46  -1.020854e+08  -8.149073e-10
47  -5.020306e+06  -1.164153e-09
48  -3.982118e+07  8.149073e-10
49  -9.914176e+07  -6.984919e-10
50  -1.413986e+08  1.396984e-09
51  -1.245238e+08  -1.862645e-09
52  -1.253737e+08  2.328306e-10
53  -7.523838e+07  2.561137e-09
54  -1.897764e+08  0.000000e+00
55  -3.564284e+08  4.190952e-09
56  -3.078355e+08  0.000000e+00
57  -2.356696e+08  2.793968e-09
58  -1.889598e+08  7.450581e-09
59  -4.994009e+08  -5.587935e-09
60  -4.904318e+08  0.000000e+00
61  -5.161298e+08  -7.450581e-09
62  -1.183716e+09  -6.519258e-09
63  -1.928600e+09  0.000000e+00
ENDPROP
STARTPROP
MASSES:  4.200000e-03   4.200000e-03
SOURCE: WWGAM_5
SINKS: GAM_5
0  1.489132e+10  0.000000e+00
1  4.109987e+09  0.000000e+00
2  3.554843e+09  0.000000e+00
3  2.718941e+09  0.000000e+00
4  1.692344e+09  0.000000e+00
5  1.719912e+09  0.000000e+00
6  1.335494e+09  0.000000e+00
7  1.457180e+09  0.000000e+00
8  1.025088e+09  0.000000e+00
9  7.508917e+08  0.000000e+00
10  7.836065e+08  0.000000e+00
11  5.755343e+08  0.000000e+00
12  5.722660e+08  0.000000e+00
13  4.362359e+08  0.000000e+00
14  3.164301e+08  0.000000e+00
15  2.712959e+08  0.000000e+00
16  2.447309e+08  0.000000e+00
17  1.964204e+08  0.000000e+00
18  1.891603e+08  0.000000e+00
19  1.742549e+08  0.000000e+00
20  1.156080e+08  0.000000e+00
21  1.091075e+08  0.000000e+00
22  9.187351e+07  0.000000e+00
23  5.662412e+07  0.000000e+00
24  6.289166e+07  0.000000e+00
25  5.838772e+07  0.000000e+00
26  4.264807e+07  0.000000e+00
27  4.404791e+07  0.000000e+00
28  4.324579e+07  0.000000e+00
29  3.214088e+07  0.000000e+00
30  2.711637e+07  0.000000e+00
31  3.200400e+07  0.000000e+00
32  2.406588e+07  0.000000e+00
33  2.764923e+07  0.000000e+00
34  2.667911e+07  0.000000e+00
35  2.982003e+07  0.000000e+00
36  3.102463e+07  0.000000e+00
37  4.600654e+07  0.000000e+00
38  5.011975e+07  0.000000e+00
39  6.873480e+07  0.000000e+00
40  8.183379e+07  0.000000e+00
41  7.501757e+07  0.000000e+00
42  1.074328e+08  0.000000e+00
43  1.281084e+08  0.000000e+00
44  1.384863e+08  0.000000e+00
45  1.165091e+08  0.000000e+00
46  1.948072e+08  0.000000e+00
47  2.397863e+08  0.000000e+00
48  2.254799e+08  0.000000e+00
49  3.050649e+08  0.000000e+00
50  3.786662e+08  0.000000e+00
51  4.078051e+08  0.000000e+00
52  4.804393e+08  0.000000e+00
53  6.576922e+08  0.000000e+00
54  7.730769e+08  0.000000e+00
55  9.393184e+08  0.000000e+00
56  1.150338e+09  0.000000e+00
57  1.336567e+09  0.000000e+00
58  1.705473e+09  0.000000e+00
59  1.614108e+09  0.000000e+00
60  1.981478e+09  0.000000e+00
61  2.007871e+09  0.000000e+00
62  2.842991e+09  0.000000e+00
63  4.008477e+09  0.000000e+00
ENDPROP
