STARTPROP
MASSES:  4.200000e-03   4.500000e-02
SOURCE: GAM_1
SINKS: GAM_1
0  1.138076e+06  3.794801e+03
1  1.872882e+06  9.782863e+03
2  8.888730e+05  -4.359988e+03
3  5.003084e+05  -2.851115e+03
4  2.697107e+05  -4.433702e+03
5  1.384389e+05  -3.261813e+03
6  7.031028e+04  6.575467e+02
7  3.593055e+04  1.578566e+03
8  2.013269e+04  6.989952e+02
9  1.066878e+04  6.809857e+02
10  5.338024e+03  2.086905e+02
11  4.005878e+03  7.685876e+02
12  2.489393e+03  9.241705e+02
13  1.222112e+03  9.861778e+02
14  1.980460e+02  8.614133e+02
15  -1.862857e+02  4.585435e+02
16  -2.720603e+02  2.838679e+02
17  -1.169808e+02  1.503832e+02
18  -3.381021e+00  1.179259e+02
19  -1.073482e+01  1.014745e+02
20  -1.682329e+01  7.422424e+01
21  -2.446365e+01  2.292063e+01
22  -1.923573e+01  -9.411406e-01
23  -1.461725e+01  3.326694e-01
24  -6.835163e+00  -3.993780e+00
25  3.506233e-01  -4.315978e+00
26  -2.345216e+00  -6.312832e+00
27  -5.636290e+00  -8.465689e+00
28  -7.508847e+00  -8.286085e+00
29  -5.637632e+00  -7.980306e+00
30  -3.223176e+00  -6.345039e+00
31  -1.826057e+00  -3.769498e+00
32  -1.639260e+00  -1.735523e+00
33  -1.504721e+00  -1.494858e+00
34  -1.272678e+00  -2.035431e+00
35  3.368487e-01  -3.033244e+00
36  5.784171e-01  -3.426491e+00
37  2.771412e+00  -3.113651e+00
38  5.929846e+00  -1.327484e+00
39  8.076628e+00  6.217736e+00
40  1.179232e+01  9.520727e+00
41  2.199519e+01  2.200019e+01
42  3.481974e+01  3.875940e+01
43  7.773637e+01  6.630759e+01
44  1.173233e+02  1.106476e+02
45  1.491067e+02  1.244261e+02
46  1.394316e+02  1.138219e+02
47  1.642559e+02  6.094207e+01
48  1.839754e+02  -7.090102e+00
49  8.726300e+01  1.003548e+02
50  -4.240674e+01  9.700793e+01
51  2.659036e+02  -2.590828e+01
52  5.043825e+02  -2.967783e+02
53  1.012084e+03  -7.003131e+02
54  2.884173e+03  -4.677016e+02
55  7.805083e+03  -9.034158e+01
56  1.726037e+04  -2.145697e+02
57  3.466308e+04  8.033476e+02
58  6.460964e+04  -3.883163e+02
59  1.245803e+05  4.468976e+02
60  2.481312e+05  3.924633e+03
61  4.814881e+05  9.802525e+03
62  8.921035e+05  1.008971e+04
63  1.895175e+06  2.855817e+02
ENDPROP
STARTPROP
MASSES:  4.200000e-03   4.500000e-02
SOURCE: GAM_2
SINKS: GAM_2
0  1.194573e+06  -1.629194e+04
1  1.933492e+06  2.518075e+04
2  9.015277e+05  1.680145e+04
3  4.851221e+05  6.607945e+03
4  2.512598e+05  4.762595e+03
5  1.361074e+05  6.663094e+03
6  7.619502e+04  4.088371e+03
7  4.515593e+04  2.044162e+03
8  2.519648e+04  2.219015e+03
9  1.423376e+04  1.917307e+03
10  7.666253e+03  8.731728e+02
11  3.614781e+03  3.608170e+02
12  1.798171e+03  1.974732e+02
13  8.691039e+02  4.229156e+02
14  6.995526e+02  2.660251e+02
15  3.291395e+02  2.428702e+02
16  3.202842e+01  2.175784e+02
17  1.345500e+02  2.110250e+02
18  1.609962e+02  1.805928e+02
19  9.462078e+01  1.263085e+02
20  6.300105e+01  6.004850e+01
21  3.054812e+01  1.725623e+01
22  1.056990e+01  -5.585711e+00
23  -6.686256e+00  -5.652036e+00
24  -3.813072e+00  -2.523118e+00
25  3.958823e+00  -2.204146e-01
26  6.283232e+00  -2.406465e+00
27  6.841362e+00  2.283555e-01
28  3.950910e+00  7.925488e-01
29  3.199587e+00  -9.729681e-01
30  2.447241e+00  -8.315842e-01
31  2.605295e+00  -8.488398e-01
32  2.618400e+00  -9.076255e-01
33  1.671297e+00  1.781470e-01
34  2.545748e+00  2.040074e+00
35  2.881714e+00  3.370884e+00
36  1.545101e+00  4.167476e+00
37  1.466203e+00  4.299626e+00
38  -1.261619e+00  5.621128e+00
39  -1.844766e+00  1.129798e+01
40  1.273665e+00  1.446844e+01
41  6.922525e+00  1.043282e+01
42  1.724975e+01  8.803215e+00
43  9.536002e+00  2.754625e+01
44  6.212196e+00  5.766406e+01
45  3.938756e+01  7.869977e+01
46  9.034346e+01  1.759567e+02
47  8.892872e+01  2.722400e+02
48  7.599037e+01  2.477478e+02
49  2.437881e+02  1.383098e+02
50  2.687161e+02  -4.015192e+01
51  9.043704e+02  -2.772690e+02
52  1.921137e+03  -1.695675e+02
53  3.184911e+03  -8.544758e+01
54  4.684471e+03  3.943775e+02
55  7.668115e+03  1.366629e+03
56  1.496865e+04  1.896812e+03
57  2.694573e+04  7.341632e+02
58  5.098297e+04  1.632721e+03
59  1.077733e+05  2.354703e+03
60  2.223828e+05  -3.837590e+02
61  4.484803e+05  -3.405452e+03
62  8.823426e+05  -1.561561e+04
63  1.901112e+06  -3.118876e+04
ENDPROP
STARTPROP
MASSES:  4.200000e-03   4.500000e-02
SOURCE: GAM_3
SINKS: GAM_3
0  1.258172e+06  -6.196330e+02
1  1.969988e+06  2.989122e+04
2  9.302686e+05  1.188978e+04
3  5.061012e+05  1.328577e+03
4  2.708018e+05  -2.927927e+03
5  1.411823e+05  -3.633468e+03
6  6.796407e+04  -2.584032e+03
7  3.405478e+04  -3.711905e+03
8  1.707791e+04  -3.834675e+03
9  8.783504e+03  -1.015427e+03
10  4.004800e+03  5.264356e+02
11  2.209882e+03  5.828789e+02
12  4.478938e+02  8.709029e+02
13  -3.157346e+02  6.772227e+02
14  -2.675962e+02  3.224098e+02
15  1.369755e+02  2.345672e+02
16  1.166305e+02  1.882879e+02
17  6.171857e+01  5.092840e+01
18  5.893858e+01  -2.772210e-01
19  2.572302e+01  4.212372e+01
20  1.898027e+01  4.837555e+01
21  1.111402e+01  4.078406e+01
22  2.668663e+01  4.416193e+01
23  2.666563e+01  3.517161e+01
24  1.195448e+01  2.442245e+01
25  5.904868e+00  1.880707e+01
26  9.341629e+00  1.433330e+01
27  8.207882e+00  9.989467e+00
28  5.654283e+00  4.998929e+00
29  2.529566e+00  3.589704e-01
30  2.032180e+00  -2.923220e-01
31  2.372218e+00  -4.144314e-01
32  1.148126e+00  3.056187e-01
33  2.123257e+00  1.905553e+00
34  3.218730e+00  3.601106e+00
35  3.042776e+00  2.747491e+00
36  4.369511e+00  3.628122e+00
37  5.829757e+00  9.353173e+00
38  2.966834e+00  1.221774e+01
39  -8.339693e-01  1.379173e+01
40  -1.421059e-01  1.595724e+01
41  -5.405764e+00  2.938727e+01
42  -2.396767e+01  4.371010e+01
43  -2.122825e+01  7.339588e+01
44  -3.443844e+01  1.173009e+02
45  -6.826988e+01  1.450764e+02
46  -1.019834e+01  1.397756e+02
47  8.789828e+01  2.142271e+02
48  1.246724e+02  2.508940e+02
49  6.559004e+01  3.338009e+02
50  1.676530e+02  3.296870e+02
51  7.054501e+02  -4.062383e+01
52  1.449572e+03  -5.360729e+02
53  2.661322e+03  -9.608179e+02
54  5.725072e+03  -1.578258e+03
55  8.675487e+03  -3.015312e+03
56  1.275310e+04  -5.331939e+03
57  2.048841e+04  -6.535069e+03
58  4.048265e+04  -5.301286e+03
59  9.109690e+04  -2.275561e+03
60  2.109467e+05  -7.416619e+02
61  4.482416e+05  -3.633612e+03
62  8.979959e+05  -7.338354e+03
63  1.944926e+06  -1.853538e+04
ENDPROP
STARTPROP
MASSES:  4.200000e-03   4.500000e-02
SOURCE: GAM_4
SINKS: GAM_4
0  2.120773e+06  -8.506666e+03
1  -2.865181e+05  -3.291111e+04
2  -1.002613e+04  -1.858059e+04
3  -3.920861e+02  -1.209855e+04
4  2.186335e+03  -6.443748e+03
5  3.093972e+03  -3.663959e+03
6  2.450599e+03  9.531737e+01
7  2.148614e+03  1.088314e+03
8  1.917991e+03  1.144901e+03
9  1.541137e+03  1.016544e+03
10  1.160433e+03  5.003659e+02
11  8.076427e+02  2.692702e+02
12  4.471055e+02  1.155999e+02
13  3.730642e+02  5.207422e+01
14  3.307135e+02  3.222718e+01
15  1.609648e+02  1.256732e+01
16  1.610399e+02  -1.572028e+01
17  1.074561e+02  -4.878615e+00
18  3.583516e+01  -2.231265e+01
19  1.171523e+01  -1.512114e+01
20  -3.947945e+00  -4.548787e+00
21  -7.128524e+00  -1.259680e+01
22  -8.755144e+00  -3.792236e+00
23  -6.048374e+00  -3.139656e-01
24  -5.075650e+00  9.657291e-02
25  -4.314387e+00  1.658467e+00
26  -3.333792e+00  3.030371e+00
27  -2.842879e+00  1.790819e+00
28  -8.321950e-01  2.602215e+00
29  7.794307e-02  2.159498e+00
30  7.663006e-01  1.762605e+00
31  1.834962e+00  1.319439e+00
32  1.932853e+00  1.639677e+00
33  2.317691e+00  1.549226e+00
34  2.681421e+00  1.382230e+00
35  2.783488e+00  1.754926e+00
36  3.245397e+00  2.541536e+00
37  2.843018e+00  3.390109e+00
38  4.637378e+00  5.453637e+00
39  4.771579e+00  6.820726e+00
40  5.140238e+00  6.625592e+00
41  6.054921e+00  1.261330e+01
42  1.941476e+00  1.328482e+01
43  -7.799129e-01  2.234561e+01
44  2.776847e+00  3.280267e+01
45  -1.174469e+01  5.616537e+01
46  -1.081703e+01  8.524356e+01
47  -5.041774e+01  6.198468e+01
48  -1.280273e+00  1.326094e+02
49  -3.197392e+01  1.694402e+02
50  -1.692382e+01  2.579328e+02
51  -4.193302e+01  3.501141e+02
52  1.559840e+02  5.618916e+02
53  6.036266e+02  8.479611e+02
54  7.429890e+02  7.344145e+02
55  1.390778e+03  7.920294e+02
56  1.737492e+03  1.100260e+03
57  1.619971e+03  1.483806e+03
58  2.507187e+03  1.606240e+03
59  2.357818e+03  3.065099e+03
60  2.813117e+03  4.512453e+03
61  -4.503568e+03  5.474044e+03
62  -9.160268e+03  1.069351e+04
63  -2.965606e+05  1.993679e+04
ENDPROP
STARTPROP
MASSES:  4.200000e-03   4.500000e-02
SOURCE: GAM_5
SINKS: GAM_5
0  6.720695e+06  2.208153e+03
1  6.560416e+06  4.171420e+04
2  4.561601e+06  1.540481e+04
3  3.322116e+06  -3.188647e+03
4  2.360002e+06  -8.700807e+03
5  1.669231e+06  -1.499167e+04
6  1.174290e+06  -7.475905e+03
7  8.147091e+05  -4.959405e+03
8  5.740424e+05  -5.076904e+03
9  4.083622e+05  -4.898642e+03
10  2.852316e+05  -4.389659e+03
11  1.955861e+05  -3.921486e+03
12  1.330909e+05  -2.189669e+03
13  9.057998e+04  -1.782999e+03
14  6.283011e+04  -1.807766e+03
15  4.355444e+04  -1.611649e+03
16  3.001855e+04  -1.261747e+03
17  2.083166e+04  -9.305197e+02
18  1.439502e+04  -8.536025e+02
19  9.917111e+03  -7.545257e+02
20  6.859464e+03  -5.615317e+02
21  4.806180e+03  -3.989628e+02
22  3.370963e+03  -3.120002e+02
23  2.320344e+03  -2.513070e+02
24  1.562706e+03  -2.076656e+02
25  1.065382e+03  -1.621233e+02
26  7.322840e+02  -1.302575e+02
27  4.991697e+02  -9.650286e+01
28  3.508570e+02  -7.173592e+01
29  2.528099e+02  -4.604752e+01
30  1.932846e+02  -2.290608e+01
31  1.619317e+02  -7.415081e+00
32  1.528155e+02  2.030485e+00
33  1.613395e+02  8.544239e+00
34  1.905963e+02  1.800175e+01
35  2.421776e+02  2.706492e+01
36  3.291796e+02  3.292607e+01
37  4.760018e+02  5.150545e+01
38  6.884171e+02  8.085946e+01
39  9.719914e+02  9.368123e+01
40  1.374643e+03  1.043793e+02
41  1.938159e+03  1.265850e+02
42  2.782804e+03  1.521482e+02
43  4.064778e+03  1.641100e+02
44  5.972265e+03  2.166727e+02
45  8.658644e+03  3.744814e+02
46  1.239347e+04  5.801370e+02
47  1.772101e+04  8.896753e+02
48  2.579917e+04  1.575283e+03
49  3.781278e+04  2.302420e+03
50  5.524612e+04  2.959980e+03
51  7.948205e+04  3.466341e+03
52  1.159518e+05  3.172485e+03
53  1.708573e+05  2.890984e+03
54  2.507530e+05  1.541983e+03
55  3.629781e+05  -1.619631e+03
56  5.289985e+05  -1.855334e+03
57  7.791773e+05  7.328562e+02
58  1.132959e+06  5.402331e+03
59  1.639974e+06  7.110449e+03
60  2.364987e+06  6.361832e+03
61  3.368864e+06  1.170030e+04
62  4.770007e+06  5.368700e+03
63  6.751249e+06  -1.619333e+04
ENDPROP
STARTPROP
MASSES:  4.200000e-03   4.500000e-02
SOURCE: GAM_12
SINKS: GAM_12
0  8.404326e+05  1.456679e+04
1  -6.926160e+05  3.871164e+02
2  -1.858619e+05  5.044684e+03
3  -8.767619e+04  -3.786104e+03
4  -3.247351e+04  -7.420283e+03
5  -1.233279e+04  -3.628324e+03
6  -3.428641e+03  1.121485e+02
7  9.903100e+01  8.243541e+02
8  -4.583517e+02  1.021181e+03
9  9.657609e+00  6.410303e+02
10  3.732534e+02  9.854484e+02
11  -8.942198e+01  4.580736e+02
12  4.001180e+01  2.463728e+02
13  1.513712e+02  -9.539537e+00
14  2.681762e+02  -1.565189e+02
15  3.380657e+02  -2.033056e+02
16  2.924570e+02  -8.125263e+01
17  1.654960e+02  -1.862196e+01
18  8.709107e+01  -8.640621e+00
19  6.119204e+01  1.851344e+01
20  4.093570e+01  1.269963e+01
21  2.291317e+01  8.164865e+00
22  2.344334e+01  3.620033e+00
23  1.781298e+01  3.060275e+00
24  1.450583e+01  1.948062e+00
25  1.339306e+01  -7.953288e-01
26  1.060487e+01  -1.918887e+00
27  3.485243e+00  1.018430e+00
28  8.909884e-01  3.339363e+00
29  1.138796e+00  2.400272e+00
30  1.250613e+00  1.496025e+00
31  1.890994e+00  4.747843e-01
32  2.177059e+00  -8.075994e-01
33  1.959794e+00  -1.135969e+00
34  1.921285e+00  -8.155990e-01
35  6.683458e-01  1.115533e+00
36  -1.671099e+00  1.183026e+00
37  -1.263681e+00  3.121320e-01
38  -3.164446e+00  9.836994e-01
39  -4.649638e+00  7.006869e-01
40  -6.665887e+00  3.624309e-01
41  -1.461876e+01  -4.119888e-02
42  -2.245133e+01  5.436280e+00
43  -1.078867e+01  1.906040e+00
44  5.392182e+00  1.251049e+01
45  2.727218e+01  1.308712e+01
46  2.675954e+01  2.091628e+01
47  5.122620e+01  2.309597e+01
48  7.473319e+01  3.593159e+01
49  1.628343e+02  6.929159e+01
50  3.298260e+02  5.639789e+01
51  3.843570e+02  -1.408550e+02
52  2.398528e+02  -2.092617e+02
53  1.990104e+02  -2.213986e+02
54  5.375039e+02  -8.170499e+02
55  1.679537e+03  -1.354725e+03
56  2.825591e+03  -1.997192e+03
57  4.004598e+03  -3.434235e+03
58  6.006940e+02  -3.320719e+03
59  -7.604035e+03  -3.514932e+03
60  -2.481285e+04  -3.747507e+03
61  -6.574251e+04  -1.261840e+01
62  -1.710448e+05  1.101401e+04
63  -7.001932e+05  2.322070e+04
ENDPROP
STARTPROP
MASSES:  4.200000e-03   4.500000e-02
SOURCE: GAM_21
SINKS: GAM_21
0  8.404326e+05  1.456679e+04
1  -6.926160e+05  3.871164e+02
2  -1.858619e+05  5.044684e+03
3  -8.767619e+04  -3.786104e+03
4  -3.247351e+04  -7.420283e+03
5  -1.233279e+04  -3.628324e+03
6  -3.428641e+03  1.121485e+02
7  9.903100e+01  8.243541e+02
8  -4.583517e+02  1.021181e+03
9  9.657609e+00  6.410303e+02
10  3.732534e+02  9.854484e+02
11  -8.942198e+01  4.580736e+02
12  4.001180e+01  2.463728e+02
13  1.513712e+02  -9.539537e+00
14  2.681762e+02  -1.565189e+02
15  3.380657e+02  -2.033056e+02
16  2.924570e+02  -8.125263e+01
17  1.654960e+02  -1.862196e+01
18  8.709107e+01  -8.640621e+00
19  6.119204e+01  1.851344e+01
20  4.093570e+01  1.269963e+01
21  2.291317e+01  8.164865e+00
22  2.344334e+01  3.620033e+00
23  1.781298e+01  3.060275e+00
24  1.450583e+01  1.948062e+00
25  1.339306e+01  -7.953288e-01
26  1.060487e+01  -1.918887e+00
27  3.485243e+00  1.018430e+00
28  8.909884e-01  3.339363e+00
29  1.138796e+00  2.400272e+00
30  1.250613e+00  1.496025e+00
31  1.890994e+00  4.747843e-01
32  2.177059e+00  -8.075994e-01
33  1.959794e+00  -1.135969e+00
34  1.921285e+00  -8.155990e-01
35  6.683458e-01  1.115533e+00
36  -1.671099e+00  1.183026e+00
37  -1.263681e+00  3.121320e-01
38  -3.164446e+00  9.836994e-01
39  -4.649638e+00  7.006869e-01
40  -6.665887e+00  3.624309e-01
41  -1.461876e+01  -4.119888e-02
42  -2.245133e+01  5.436280e+00
43  -1.078867e+01  1.906040e+00
44  5.392182e+00  1.251049e+01
45  2.727218e+01  1.308712e+01
46  2.675954e+01  2.091628e+01
47  5.122620e+01  2.309597e+01
48  7.473319e+01  3.593159e+01
49  1.628343e+02  6.929159e+01
50  3.298260e+02  5.639789e+01
51  3.843570e+02  -1.408550e+02
52  2.398528e+02  -2.092617e+02
53  1.990104e+02  -2.213986e+02
54  5.375039e+02  -8.170499e+02
55  1.679537e+03  -1.354725e+03
56  2.825591e+03  -1.997192e+03
57  4.004598e+03  -3.434235e+03
58  6.006940e+02  -3.320719e+03
59  -7.604035e+03  -3.514932e+03
60  -2.481285e+04  -3.747507e+03
61  -6.574251e+04  -1.261840e+01
62  -1.710448e+05  1.101401e+04
63  -7.001932e+05  2.322070e+04
ENDPROP
STARTPROP
MASSES:  4.200000e-03   4.500000e-02
SOURCE: GAM_13
SINKS: GAM_13
0  8.007365e+05  -1.198681e+04
1  -7.107783e+05  -2.512350e+04
2  -1.907208e+05  -1.076433e+04
3  -7.727202e+04  -7.750757e+03
4  -2.910430e+04  -7.625052e+03
5  -1.084911e+04  -1.033860e+03
6  -6.515063e+02  3.218669e+03
7  -3.386592e+01  1.765776e+03
8  -4.010677e+02  4.003942e+02
9  -1.510819e+03  1.016692e+03
10  -1.691338e+03  6.815106e+02
11  -1.417567e+03  4.643961e+02
12  -1.216357e+03  3.451840e+02
13  -9.351108e+02  3.667907e+01
14  -6.507305e+02  6.665599e+01
15  -4.787442e+02  -4.450203e+01
16  -3.227045e+02  -5.588171e+01
17  -1.437007e+02  -6.688054e+01
18  -4.634136e+01  -8.915281e+01
19  -2.181940e+01  -7.927165e+01
20  4.404872e-01  -7.248123e+01
21  -8.346954e+00  -4.377395e+01
22  -1.337458e+01  -3.134977e+01
23  -6.644242e+00  -2.111746e+01
24  -2.843689e+00  -1.727647e+01
25  -4.089176e+00  -1.480902e+01
26  -1.038758e+00  -8.315172e+00
27  4.036582e-02  -4.015839e+00
28  -1.632829e+00  2.056496e-01
29  -1.063205e+00  1.419876e+00
30  -6.781376e-01  1.402833e+00
31  5.778648e-01  1.965786e+00
32  4.150881e-01  2.070434e+00
33  -2.665315e-01  2.160430e+00
34  3.353891e-01  1.714084e+00
35  -8.591082e-01  9.567993e-01
36  -6.194537e+00  9.580885e-02
37  -8.077089e+00  -5.154057e+00
38  -5.668327e+00  -8.419408e+00
39  -2.842333e+00  -5.326642e+00
40  5.308717e+00  2.468781e+00
41  1.303981e+01  9.247050e+00
42  4.316900e+00  1.047896e+01
43  -5.915082e+00  1.662197e+01
44  -8.585080e+00  4.297665e+01
45  -2.483321e+01  3.506752e+01
46  8.644830e+00  3.594048e+01
47  1.179969e+02  1.393130e+01
48  1.649562e+02  3.984972e-01
49  2.793976e+02  -5.587276e+01
50  2.626384e+02  -3.258798e+02
51  3.987710e+02  -5.685516e+02
52  3.605272e+02  -6.473232e+02
53  2.688387e+01  -7.545264e+02
54  -3.087325e+02  -1.239401e+03
55  3.869994e+01  -1.997892e+03
56  2.299870e+03  -1.973345e+03
57  2.291562e+03  -2.849553e+03
58  1.096790e+02  -3.166514e+03
59  -1.990201e+03  -2.724451e+03
60  -1.415050e+04  -2.900432e+03
61  -5.882236e+04  -3.948578e+03
62  -1.687813e+05  -9.917961e+00
63  -7.117627e+05  1.327279e+04
ENDPROP
STARTPROP
MASSES:  4.200000e-03   4.500000e-02
SOURCE: GAM_31
SINKS: GAM_31
0  8.007365e+05  -1.198681e+04
1  -7.107783e+05  -2.512350e+04
2  -1.907208e+05  -1.076433e+04
3  -7.727202e+04  -7.750757e+03
4  -2.910430e+04  -7.625052e+03
5  -1.084911e+04  -1.033860e+03
6  -6.515063e+02  3.218669e+03
7  -3.386592e+01  1.765776e+03
8  -4.010677e+02  4.003942e+02
9  -1.510819e+03  1.016692e+03
10  -1.691338e+03  6.815106e+02
11  -1.417567e+03  4.643961e+02
12  -1.216357e+03  3.451840e+02
13  -9.351108e+02  3.667907e+01
14  -6.507305e+02  6.665599e+01
15  -4.787442e+02  -4.450203e+01
16  -3.227045e+02  -5.588171e+01
17  -1.437007e+02  -6.688054e+01
18  -4.634136e+01  -8.915281e+01
19  -2.181940e+01  -7.927165e+01
20  4.404872e-01  -7.248123e+01
21  -8.346954e+00  -4.377395e+01
22  -1.337458e+01  -3.134977e+01
23  -6.644242e+00  -2.111746e+01
24  -2.843689e+00  -1.727647e+01
25  -4.089176e+00  -1.480902e+01
26  -1.038758e+00  -8.315172e+00
27  4.036582e-02  -4.015839e+00
28  -1.632829e+00  2.056496e-01
29  -1.063205e+00  1.419876e+00
30  -6.781376e-01  1.402833e+00
31  5.778648e-01  1.965786e+00
32  4.150881e-01  2.070434e+00
33  -2.665315e-01  2.160430e+00
34  3.353891e-01  1.714084e+00
35  -8.591082e-01  9.567993e-01
36  -6.194537e+00  9.580885e-02
37  -8.077089e+00  -5.154057e+00
38  -5.668327e+00  -8.419408e+00
39  -2.842333e+00  -5.326642e+00
40  5.308717e+00  2.468781e+00
41  1.303981e+01  9.247050e+00
42  4.316900e+00  1.047896e+01
43  -5.915082e+00  1.662197e+01
44  -8.585080e+00  4.297665e+01
45  -2.483321e+01  3.506752e+01
46  8.644830e+00  3.594048e+01
47  1.179969e+02  1.393130e+01
48  1.649562e+02  3.984972e-01
49  2.793976e+02  -5.587276e+01
50  2.626384e+02  -3.258798e+02
51  3.987710e+02  -5.685516e+02
52  3.605272e+02  -6.473232e+02
53  2.688387e+01  -7.545264e+02
54  -3.087325e+02  -1.239401e+03
55  3.869994e+01  -1.997892e+03
56  2.299870e+03  -1.973345e+03
57  2.291562e+03  -2.849553e+03
58  1.096790e+02  -3.166514e+03
59  -1.990201e+03  -2.724451e+03
60  -1.415050e+04  -2.900432e+03
61  -5.882236e+04  -3.948578e+03
62  -1.687813e+05  -9.917961e+00
63  -7.117627e+05  1.327279e+04
ENDPROP
STARTPROP
MASSES:  4.200000e-03   4.500000e-02
SOURCE: GAM_14
SINKS: GAM_14
0  5.275226e+04  -6.949565e+02
1  1.346339e+06  2.692681e+04
2  5.896142e+05  1.057302e+04
3  3.221048e+05  4.850070e+03
4  1.698958e+05  7.715985e+02
5  9.413254e+04  2.555893e+03
6  4.977910e+04  3.045484e+03
7  2.828584e+04  2.657320e+03
8  1.540467e+04  2.921748e+03
9  7.825015e+03  2.059696e+03
10  4.903797e+03  9.394564e+02
11  3.038265e+03  9.385007e+02
12  1.550654e+03  9.796168e+02
13  8.515752e+02  5.376359e+02
14  2.199489e+02  2.608750e+02
15  3.269633e+01  1.980135e+02
16  -1.387111e+02  1.987814e+02
17  -2.249753e+02  9.245245e+01
18  -1.749938e+02  2.465454e+01
19  -1.251198e+02  1.373693e+01
20  -4.741134e+01  6.575398e+00
21  -1.843135e+01  1.204014e+01
22  4.970394e+00  -2.101762e+00
23  -1.153230e+01  -7.353670e-01
24  -5.467553e+00  2.188397e+00
25  -4.922417e+00  4.847487e-01
26  -2.927010e+00  3.395183e-01
27  3.226816e-01  2.062361e+00
28  -5.517997e-01  1.495454e+00
29  -4.066894e-01  2.028770e-01
30  -1.950256e+00  5.333353e-01
31  -1.545386e+00  2.312660e-01
32  -4.026336e-01  -2.356089e-02
33  3.714127e-01  -6.745279e-02
34  1.313795e+00  -3.920018e-01
35  3.094603e+00  -1.167739e+00
36  2.654694e+00  -1.209092e+00
37  4.855688e+00  -8.822262e-02
38  6.637542e+00  1.826343e+00
39  7.433949e+00  6.472066e+00
40  8.754316e+00  1.133959e+01
41  1.604455e+01  1.003819e+01
42  4.198909e+00  6.206865e+00
43  1.858261e+01  1.252468e+01
44  -7.286385e+00  1.806228e+01
45  -1.216681e+01  4.194419e+01
46  -1.526795e+01  3.676421e+01
47  -6.517332e+01  1.156200e+02
48  -4.222141e+01  1.161578e+02
49  -9.764749e+01  6.315195e+01
50  -2.936260e+02  5.508156e+01
51  -6.686024e+00  7.356100e+00
52  4.169349e+02  5.798514e+01
53  5.528983e+02  -1.350324e+02
54  4.231359e+02  -6.134118e+02
55  3.243614e+03  -8.339016e+02
56  6.943978e+03  -1.141756e+03
57  1.460146e+04  -3.349729e+02
58  3.242049e+04  -2.690834e+03
59  6.916768e+04  -5.069636e+03
60  1.414054e+05  -6.702051e+03
61  2.848785e+05  -5.936484e+03
62  5.607004e+05  -1.012918e+04
63  1.342950e+06  -2.235627e+04
ENDPROP
STARTPROP
MASSES:  4.200000e-03   4.500000e-02
SOURCE: GAM_41
SINKS: GAM_41
0  5.275226e+04  -6.949565e+02
1  1.346339e+06  2.692681e+04
2  5.896142e+05  1.057302e+04
3  3.221048e+05  4.850070e+03
4  1.698958e+05  7.715985e+02
5  9.413254e+04  2.555893e+03
6  4.977910e+04  3.045484e+03
7  2.828584e+04  2.657320e+03
8  1.540467e+04  2.921748e+03
9  7.825015e+03  2.059696e+03
10  4.903797e+03  9.394564e+02
11  3.038265e+03  9.385007e+02
12  1.550654e+03  9.796168e+02
13  8.515752e+02  5.376359e+02
14  2.199489e+02  2.608750e+02
15  3.269633e+01  1.980135e+02
16  -1.387111e+02  1.987814e+02
17  -2.249753e+02  9.245245e+01
18  -1.749938e+02  2.465454e+01
19  -1.251198e+02  1.373693e+01
20  -4.741134e+01  6.575398e+00
21  -1.843135e+01  1.204014e+01
22  4.970394e+00  -2.101762e+00
23  -1.153230e+01  -7.353670e-01
24  -5.467553e+00  2.188397e+00
25  -4.922417e+00  4.847487e-01
26  -2.927010e+00  3.395183e-01
27  3.226816e-01  2.062361e+00
28  -5.517997e-01  1.495454e+00
29  -4.066894e-01  2.028770e-01
30  -1.950256e+00  5.333353e-01
31  -1.545386e+00  2.312660e-01
32  -4.026336e-01  -2.356089e-02
33  3.714127e-01  -6.745279e-02
34  1.313795e+00  -3.920018e-01
35  3.094603e+00  -1.167739e+00
36  2.654694e+00  -1.209092e+00
37  4.855688e+00  -8.822262e-02
38  6.637542e+00  1.826343e+00
39  7.433949e+00  6.472066e+00
40  8.754316e+00  1.133959e+01
41  1.604455e+01  1.003819e+01
42  4.198909e+00  6.206865e+00
43  1.858261e+01  1.252468e+01
44  -7.286385e+00  1.806228e+01
45  -1.216681e+01  4.194419e+01
46  -1.526795e+01  3.676421e+01
47  -6.517332e+01  1.156200e+02
48  -4.222141e+01  1.161578e+02
49  -9.764749e+01  6.315195e+01
50  -2.936260e+02  5.508156e+01
51  -6.686024e+00  7.356100e+00
52  4.169349e+02  5.798514e+01
53  5.528983e+02  -1.350324e+02
54  4.231359e+02  -6.134118e+02
55  3.243614e+03  -8.339016e+02
56  6.943978e+03  -1.141756e+03
57  1.460146e+04  -3.349729e+02
58  3.242049e+04  -2.690834e+03
59  6.916768e+04  -5.069636e+03
60  1.414054e+05  -6.702051e+03
61  2.848785e+05  -5.936484e+03
62  5.607004e+05  -1.012918e+04
63  1.342950e+06  -2.235627e+04
ENDPROP
STARTPROP
MASSES:  4.200000e-03   4.500000e-02
SOURCE: GAM_23
SINKS: GAM_23
0  7.627801e+05  3.063574e+03
1  -7.197299e+05  -2.163941e+04
2  -1.814763e+05  -1.283735e+04
3  -7.099274e+04  -8.791648e+03
4  -2.412909e+04  -5.038845e+03
5  -6.771206e+03  -4.792140e+03
6  -2.990776e+02  -1.064731e+03
7  -6.424397e+01  1.439115e+03
8  3.727752e+01  6.039396e+02
9  4.576146e+02  -1.035847e+02
10  6.171210e+02  5.174673e+02
11  5.809552e+02  8.445384e+02
12  6.167197e+02  6.558787e+02
13  3.871726e+02  3.882152e+02
14  2.498403e+02  1.672183e+02
15  2.830466e+01  7.011660e+01
16  9.774985e+00  4.477190e+01
17  -1.218701e+02  -3.625930e+00
18  -1.233676e+02  -2.231424e+01
19  -7.426732e+01  -3.261280e+01
20  -6.076859e+01  -2.500360e+01
21  -3.959220e+01  4.164677e-01
22  -1.974985e+01  4.576472e+00
23  -9.681636e+00  1.665063e+01
24  -7.621711e+00  1.835217e+01
25  -6.554446e+00  1.304018e+01
26  -5.533226e+00  6.228060e+00
27  -1.576031e+00  1.020390e+00
28  1.190437e+00  8.159842e-02
29  1.786093e+00  1.528011e+00
30  6.015933e-02  9.122810e-01
31  -1.200249e+00  1.424642e+00
32  -2.008207e+00  1.200523e+00
33  -2.408307e+00  -2.277182e-01
34  -1.102892e+00  -7.337663e-01
35  -6.034377e-02  1.416950e-01
36  1.336212e+00  5.295716e-01
37  1.754733e+00  8.948811e-01
38  4.652763e+00  -2.097443e-02
39  9.337591e+00  -2.395209e+00
40  1.656947e+01  -4.541382e+00
41  2.779105e+01  1.085279e+00
42  2.876821e+01  1.447755e+01
43  3.469759e+01  1.955554e+01
44  3.493663e+01  3.560419e+01
45  4.429070e+01  9.026631e+00
46  -2.591852e-01  -3.076272e+01
47  -3.281577e+01  -5.785525e+01
48  -4.162755e+00  -5.132714e+01
49  5.162510e+01  7.655602e+01
50  -8.867562e+00  7.528886e+01
51  5.571989e+01  2.517022e+02
52  1.578706e+02  3.535871e+02
53  3.295872e+02  2.497230e+02
54  8.604274e+02  -1.245054e+02
55  1.924785e+03  -9.754532e+02
56  2.739161e+03  -1.052801e+03
57  5.090516e+02  -6.896440e+02
58  -3.699249e+03  2.109303e+03
59  -1.206426e+04  5.507095e+03
60  -2.164676e+04  8.713465e+03
61  -5.986852e+04  1.324557e+04
62  -1.649167e+05  1.564957e+04
63  -7.160066e+05  2.236521e+04
ENDPROP
STARTPROP
MASSES:  4.200000e-03   4.500000e-02
SOURCE: GAM_32
SINKS: GAM_32
0  7.627801e+05  3.063574e+03
1  -7.197299e+05  -2.163941e+04
2  -1.814763e+05  -1.283735e+04
3  -7.099274e+04  -8.791648e+03
4  -2.412909e+04  -5.038845e+03
5  -6.771206e+03  -4.792140e+03
6  -2.990776e+02  -1.064731e+03
7  -6.424397e+01  1.439115e+03
8  3.727752e+01  6.039396e+02
9  4.576146e+02  -1.035847e+02
10  6.171210e+02  5.174673e+02
11  5.809552e+02  8.445384e+02
12  6.167197e+02  6.558787e+02
13  3.871726e+02  3.882152e+02
14  2.498403e+02  1.672183e+02
15  2.830466e+01  7.011660e+01
16  9.774985e+00  4.477190e+01
17  -1.218701e+02  -3.625930e+00
18  -1.233676e+02  -2.231424e+01
19  -7.426732e+01  -3.261280e+01
20  -6.076859e+01  -2.500360e+01
21  -3.959220e+01  4.164677e-01
22  -1.974985e+01  4.576472e+00
23  -9.681636e+00  1.665063e+01
24  -7.621711e+00  1.835217e+01
25  -6.554446e+00  1.304018e+01
26  -5.533226e+00  6.228060e+00
27  -1.576031e+00  1.020390e+00
28  1.190437e+00  8.159842e-02
29  1.786093e+00  1.528011e+00
30  6.015933e-02  9.122810e-01
31  -1.200249e+00  1.424642e+00
32  -2.008207e+00  1.200523e+00
33  -2.408307e+00  -2.277182e-01
34  -1.102892e+00  -7.337663e-01
35  -6.034377e-02  1.416950e-01
36  1.336212e+00  5.295716e-01
37  1.754733e+00  8.948811e-01
38  4.652763e+00  -2.097443e-02
39  9.337591e+00  -2.395209e+00
40  1.656947e+01  -4.541382e+00
41  2.779105e+01  1.085279e+00
42  2.876821e+01  1.447755e+01
43  3.469759e+01  1.955554e+01
44  3.493663e+01  3.560419e+01
45  4.429070e+01  9.026631e+00
46  -2.591852e-01  -3.076272e+01
47  -3.281577e+01  -5.785525e+01
48  -4.162755e+00  -5.132714e+01
49  5.162510e+01  7.655602e+01
50  -8.867562e+00  7.528886e+01
51  5.571989e+01  2.517022e+02
52  1.578706e+02  3.535871e+02
53  3.295872e+02  2.497230e+02
54  8.604274e+02  -1.245054e+02
55  1.924785e+03  -9.754532e+02
56  2.739161e+03  -1.052801e+03
57  5.090516e+02  -6.896440e+02
58  -3.699249e+03  2.109303e+03
59  -1.206426e+04  5.507095e+03
60  -2.164676e+04  8.713465e+03
61  -5.986852e+04  1.324557e+04
62  -1.649167e+05  1.564957e+04
63  -7.160066e+05  2.236521e+04
ENDPROP
STARTPROP
MASSES:  4.200000e-03   4.500000e-02
SOURCE: GAM_24
SINKS: GAM_24
0  3.186774e+04  2.005615e+04
1  1.348930e+06  3.926297e+04
2  5.901660e+05  1.864226e+04
3  3.190743e+05  1.070791e+04
4  1.689701e+05  9.187926e+03
5  9.086013e+04  7.206046e+03
6  4.630513e+04  6.327114e+03
7  2.505529e+04  4.285652e+03
8  1.398772e+04  2.918690e+03
9  8.090115e+03  2.040386e+03
10  5.166664e+03  1.632305e+03
11  2.600711e+03  1.347959e+03
12  1.379723e+03  8.930925e+02
13  6.400935e+02  5.077718e+02
14  1.750357e+02  1.647078e+02
15  1.660506e+02  8.192642e-01
16  4.678748e+01  -6.298941e+01
17  1.565524e+02  -8.578689e+01
18  2.031573e+02  -8.373249e+01
19  1.368120e+02  -6.142828e+00
20  7.405150e+01  2.134796e+00
21  2.716028e+01  -1.308719e+01
22  1.575092e+01  -1.586004e+01
23  8.537215e+00  -7.326138e+00
24  3.951767e+00  -1.620092e+00
25  -3.417280e+00  1.564477e+00
26  -3.353978e+00  9.738129e-01
27  -2.143130e+00  -2.490620e+00
28  -2.245949e+00  -4.675964e+00
29  -4.823257e-01  -5.403505e+00
30  2.505206e-01  -2.875988e+00
31  2.052539e-01  -1.365096e+00
32  -2.713392e-01  6.598014e-01
33  4.213245e-01  2.359985e+00
34  1.359414e+00  2.415392e+00
35  1.145723e+00  2.402258e+00
36  6.339206e-01  5.368511e+00
37  3.127889e+00  1.115451e+01
38  4.122459e+00  1.619872e+01
39  1.553166e+00  1.933430e+01
40  -4.528600e+00  2.114123e+01
41  -8.711599e+00  9.700556e+00
42  -1.829253e+01  9.261134e+00
43  -1.845493e+01  2.363553e+01
44  4.442416e+00  4.666295e+01
45  2.963371e+01  5.244008e+01
46  8.395102e+01  7.703051e+01
47  1.489818e+02  1.147270e+02
48  2.302332e+02  1.180311e+02
49  3.326887e+02  3.131080e+01
50  2.987452e+02  -1.019025e+02
51  7.949918e+02  -3.495043e+00
52  1.459244e+03  2.177335e+02
53  2.139079e+03  2.170209e+02
54  3.322984e+03  -6.739606e+02
55  6.384072e+03  -1.003730e+03
56  1.299415e+04  -6.139054e+02
57  2.535897e+04  1.046218e+03
58  4.150971e+04  3.380496e+02
59  7.384478e+04  -1.256550e+02
60  1.488856e+05  -1.548471e+03
61  2.922124e+05  -2.803583e+03
62  5.668117e+05  1.857965e+03
63  1.336705e+06  5.258226e+02
ENDPROP
STARTPROP
MASSES:  4.200000e-03   4.500000e-02
SOURCE: GAM_42
SINKS: GAM_42
0  3.186774e+04  2.005615e+04
1  1.348930e+06  3.926297e+04
2  5.901660e+05  1.864226e+04
3  3.190743e+05  1.070791e+04
4  1.689701e+05  9.187926e+03
5  9.086013e+04  7.206046e+03
6  4.630513e+04  6.327114e+03
7  2.505529e+04  4.285652e+03
8  1.398772e+04  2.918690e+03
9  8.090115e+03  2.040386e+03
10  5.166664e+03  1.632305e+03
11  2.600711e+03  1.347959e+03
12  1.379723e+03  8.930925e+02
13  6.400935e+02  5.077718e+02
14  1.750357e+02  1.647078e+02
15  1.660506e+02  8.192642e-01
16  4.678748e+01  -6.298941e+01
17  1.565524e+02  -8.578689e+01
18  2.031573e+02  -8.373249e+01
19  1.368120e+02  -6.142828e+00
20  7.405150e+01  2.134796e+00
21  2.716028e+01  -1.308719e+01
22  1.575092e+01  -1.586004e+01
23  8.537215e+00  -7.326138e+00
24  3.951767e+00  -1.620092e+00
25  -3.417280e+00  1.564477e+00
26  -3.353978e+00  9.738129e-01
27  -2.143130e+00  -2.490620e+00
28  -2.245949e+00  -4.675964e+00
29  -4.823257e-01  -5.403505e+00
30  2.505206e-01  -2.875988e+00
31  2.052539e-01  -1.365096e+00
32  -2.713392e-01  6.598014e-01
33  4.213245e-01  2.359985e+00
34  1.359414e+00  2.415392e+00
35  1.145723e+00  2.402258e+00
36  6.339206e-01  5.368511e+00
37  3.127889e+00  1.115451e+01
38  4.122459e+00  1.619872e+01
39  1.553166e+00  1.933430e+01
40  -4.528600e+00  2.114123e+01
41  -8.711599e+00  9.700556e+00
42  -1.829253e+01  9.261134e+00
43  -1.845493e+01  2.363553e+01
44  4.442416e+00  4.666295e+01
45  2.963371e+01  5.244008e+01
46  8.395102e+01  7.703051e+01
47  1.489818e+02  1.147270e+02
48  2.302332e+02  1.180311e+02
49  3.326887e+02  3.131080e+01
50  2.987452e+02  -1.019025e+02
51  7.949918e+02  -3.495043e+00
52  1.459244e+03  2.177335e+02
53  2.139079e+03  2.170209e+02
54  3.322984e+03  -6.739606e+02
55  6.384072e+03  -1.003730e+03
56  1.299415e+04  -6.139054e+02
57  2.535897e+04  1.046218e+03
58  4.150971e+04  3.380496e+02
59  7.384478e+04  -1.256550e+02
60  1.488856e+05  -1.548471e+03
61  2.922124e+05  -2.803583e+03
62  5.668117e+05  1.857965e+03
63  1.336705e+06  5.258226e+02
ENDPROP
STARTPROP
MASSES:  4.200000e-03   4.500000e-02
SOURCE: GAM_34
SINKS: GAM_34
0  -1.298898e+04  6.529233e+03
1  1.315189e+06  2.172526e+04
2  5.807909e+05  4.392066e+03
3  3.253116e+05  9.489702e+02
4  1.702177e+05  -7.389785e+02
5  8.926353e+04  1.371405e+03
6  4.742393e+04  3.901829e+02
7  2.308826e+04  -1.029856e+03
8  1.021410e+04  -1.797690e+03
9  3.000069e+03  -2.467622e+02
10  5.452349e+02  1.514251e+02
11  4.222477e+01  1.034548e+01
12  4.810462e+02  3.513693e+02
13  9.733454e+01  2.776750e+02
14  -2.051105e+02  2.342381e+02
15  2.903935e+01  1.734284e+02
16  1.363110e+02  1.326829e+02
17  1.306027e+02  8.769765e+01
18  6.744719e+01  4.956740e-01
19  8.723478e+01  -7.477740e+00
20  6.987163e+01  4.900646e+00
21  3.446520e+01  -1.206090e+01
22  1.685640e+01  -1.151958e+01
23  2.122954e+01  -8.557334e+00
24  9.194175e+00  -4.451879e+00
25  8.092867e+00  -6.788155e+00
26  4.055839e+00  -2.061408e+00
27  5.160257e+00  -2.238803e+00
28  3.495243e+00  -5.295847e-01
29  3.147275e+00  3.618017e-01
30  2.708508e+00  -5.783875e-01
31  2.108172e+00  2.668365e-01
32  6.956813e-01  8.951383e-01
33  3.959690e-01  4.234847e-01
34  -6.524863e-01  4.231730e-01
35  -2.079085e+00  1.248577e+00
36  -3.577555e+00  3.446682e+00
37  -4.878943e+00  6.668695e+00
38  -4.118383e+00  7.056264e+00
39  -8.853369e+00  4.953124e+00
40  -1.794769e+01  6.418621e+00
41  -2.294570e+01  4.880638e+00
42  -2.999033e+01  1.859702e+01
43  -1.673074e+01  4.212739e+01
44  1.094594e+00  6.435839e+01
45  1.768676e+00  1.086577e+02
46  -1.395791e+01  1.451312e+02
47  -8.954903e+01  1.804615e+02
48  -5.609360e+01  2.017301e+02
49  3.337635e+01  2.621934e+02
50  1.517531e+02  3.933105e+02
51  1.853281e+02  5.066631e+02
52  5.649101e+02  3.868656e+02
53  6.513877e+02  -2.812452e+01
54  1.618713e+03  -2.327994e+01
55  3.664359e+03  -4.229723e+02
56  7.450895e+03  -1.563754e+03
57  1.407603e+04  -2.496411e+03
58  2.618822e+04  -2.371413e+03
59  5.098468e+04  -2.214045e+03
60  1.143622e+05  -9.513549e+02
61  2.553200e+05  3.473927e+03
62  5.298509e+05  -3.335105e+03
63  1.306223e+06  -1.223523e+04
ENDPROP
STARTPROP
MASSES:  4.200000e-03   4.500000e-02
SOURCE: GAM_43
SINKS: GAM_43
0  -1.298898e+04  6.529233e+03
1  1.315189e+06  2.172526e+04
2  5.807909e+05  4.392066e+03
3  3.253116e+05  9.489702e+02
4  1.702177e+05  -7.389785e+02
5  8.926353e+04  1.371405e+03
6  4.742393e+04  3.901829e+02
7  2.308826e+04  -1.029856e+03
8  1.021410e+04  -1.797690e+03
9  3.000069e+03  -2.467622e+02
10  5.452349e+02  1.514251e+02
11  4.222477e+01  1.034548e+01
12  4.810462e+02  3.513693e+02
13  9.733454e+01  2.776750e+02
14  -2.051105e+02  2.342381e+02
15  2.903935e+01  1.734284e+02
16  1.363110e+02  1.326829e+02
17  1.306027e+02  8.769765e+01
18  6.744719e+01  4.956740e-01
19  8.723478e+01  -7.477740e+00
20  6.987163e+01  4.900646e+00
21  3.446520e+01  -1.206090e+01
22  1.685640e+01  -1.151958e+01
23  2.122954e+01  -8.557334e+00
24  9.194175e+00  -4.451879e+00
25  8.092867e+00  -6.788155e+00
26  4.055839e+00  -2.061408e+00
27  5.160257e+00  -2.238803e+00
28  3.495243e+00  -5.295847e-01
29  3.147275e+00  3.618017e-01
30  2.708508e+00  -5.783875e-01
31  2.108172e+00  2.668365e-01
32  6.956813e-01  8.951383e-01
33  3.959690e-01  4.234847e-01
34  -6.524863e-01  4.231730e-01
35  -2.079085e+00  1.248577e+00
36  -3.577555e+00  3.446682e+00
37  -4.878943e+00  6.668695e+00
38  -4.118383e+00  7.056264e+00
39  -8.853369e+00  4.953124e+00
40  -1.794769e+01  6.418621e+00
41  -2.294570e+01  4.880638e+00
42  -2.999033e+01  1.859702e+01
43  -1.673074e+01  4.212739e+01
44  1.094594e+00  6.435839e+01
45  1.768676e+00  1.086577e+02
46  -1.395791e+01  1.451312e+02
47  -8.954903e+01  1.804615e+02
48  -5.609360e+01  2.017301e+02
49  3.337635e+01  2.621934e+02
50  1.517531e+02  3.933105e+02
51  1.853281e+02  5.066631e+02
52  5.649101e+02  3.868656e+02
53  6.513877e+02  -2.812452e+01
54  1.618713e+03  -2.327994e+01
55  3.664359e+03  -4.229723e+02
56  7.450895e+03  -1.563754e+03
57  1.407603e+04  -2.496411e+03
58  2.618822e+04  -2.371413e+03
59  5.098468e+04  -2.214045e+03
60  1.143622e+05  -9.513549e+02
61  2.553200e+05  3.473927e+03
62  5.298509e+05  -3.335105e+03
63  1.306223e+06  -1.223523e+04
ENDPROP
STARTPROP
MASSES:  4.200000e-03   4.500000e-02
SOURCE: GAM_15
SINKS: GAM_15
0  -2.423468e+04  1.410008e+04
1  -1.001638e+06  -1.231267e+04
2  -3.090950e+05  -3.677804e+03
3  -1.307682e+05  -3.870736e+03
4  -5.013304e+04  -2.545049e+03
5  -2.129129e+04  1.583440e+03
6  -5.671255e+03  1.108519e+03
7  2.647593e+03  -8.371501e+02
8  3.963724e+03  -2.502190e+03
9  2.933533e+03  -2.266362e+03
10  2.431205e+03  -1.200571e+03
11  2.246456e+03  2.941477e+01
12  1.472153e+03  2.329556e+02
13  8.285691e+02  1.956715e+02
14  6.028615e+02  1.157257e+02
15  5.513755e+02  4.862426e+01
16  3.793185e+02  -1.813544e+01
17  2.087583e+02  2.528118e+01
18  2.229174e+02  1.262851e+00
19  1.474023e+02  1.304173e+01
20  9.311584e+01  2.751323e+01
21  4.870325e+01  1.264234e+01
22  1.602785e+01  2.461969e+01
23  8.518951e+00  2.861988e+01
24  4.761596e+00  2.514275e+01
25  4.291554e+00  1.937051e+01
26  9.414229e-01  1.363109e+01
27  -8.426670e-01  8.875442e+00
28  -3.588101e+00  6.050484e+00
29  -3.942827e+00  2.387273e+00
30  -4.605641e+00  -1.014517e-02
31  -4.624990e+00  -5.203642e-01
32  -3.957119e+00  -1.828929e+00
33  -2.148868e+00  -3.243480e+00
34  -1.718023e+00  -3.379845e+00
35  -8.830126e-01  -3.891744e+00
36  -2.799342e-01  -5.443277e+00
37  8.594576e-01  -5.922343e+00
38  8.313544e-01  -7.428067e+00
39  -2.964476e+00  -9.124332e+00
40  1.671925e+00  -1.298175e+01
41  5.976732e+00  -1.084070e+01
42  3.481681e+00  -2.134110e+01
43  1.373383e+01  -4.129667e+01
44  4.330392e+01  -6.222667e+01
45  4.843970e+01  -8.618694e+01
46  3.867256e+01  -1.104334e+02
47  -6.123931e+01  -1.004474e+02
48  -2.317687e+02  -2.306837e+01
49  -3.276028e+02  -5.870409e+01
50  -4.258703e+02  -2.110872e+02
51  -6.652247e+02  -4.045096e+02
52  -1.056419e+03  -4.975550e+02
53  -1.553507e+03  -6.898572e+02
54  -1.395980e+03  -1.008051e+03
55  -8.233030e+02  -1.482275e+02
56  -4.055270e+02  1.424926e+03
57  -3.198868e+03  4.383201e+03
58  -7.040814e+03  8.794845e+03
59  -1.155491e+04  1.184444e+04
60  -4.309025e+04  1.478890e+04
61  -1.238395e+05  1.294033e+04
62  -3.152526e+05  1.561523e+04
63  -1.012495e+06  2.932798e+04
ENDPROP
STARTPROP
MASSES:  4.200000e-03   4.500000e-02
SOURCE: GAM_25
SINKS: GAM_25
0  -9.098870e+04  2.344057e+04
1  -1.048232e+06  -1.614344e+04
2  -3.271431e+05  -1.032393e+04
3  -1.260881e+05  -8.244979e+03
4  -3.961003e+04  -6.225359e+03
5  -1.085952e+04  -2.462697e+03
6  1.116736e+03  1.697385e+02
7  4.963073e+03  5.162283e+02
8  3.486319e+03  1.681896e+03
9  9.164285e+02  1.841046e+03
10  -1.406197e+02  1.378662e+03
11  1.350662e+02  8.046086e+02
12  3.349995e+02  3.413734e+01
13  -7.334308e+01  -8.841380e+01
14  -1.487060e+02  2.518947e+01
15  -2.114976e+02  -1.381705e+01
16  -1.238540e+02  3.514248e+01
17  -7.466929e+00  2.814700e+01
18  1.756182e+01  6.670813e+01
19  -1.913987e+01  6.439636e+01
20  -4.411693e+01  6.131095e+01
21  -4.330566e+01  2.173092e+01
22  -3.634537e+01  -6.128801e+00
23  -3.082436e+01  -6.886826e+00
24  -1.706618e+01  -1.128021e+01
25  -7.559931e+00  -1.043189e+01
26  -1.406839e+00  -9.246857e+00
27  -3.645848e-01  -6.626469e+00
28  9.546950e-01  -4.081354e+00
29  2.051978e+00  -2.592488e+00
30  1.279324e+00  -1.902005e+00
31  2.143970e+00  -9.093861e-01
32  2.280867e+00  -1.157449e-01
33  -4.341007e-01  1.717673e-01
34  -2.959112e+00  2.260789e-01
35  -5.456256e+00  6.272432e-01
36  -5.125858e+00  -3.293506e-01
37  -8.139909e+00  1.003273e+00
38  -9.873049e+00  5.713275e+00
39  -9.872009e+00  5.029246e+00
40  -5.988658e+00  -1.225954e+00
41  1.504946e+00  -2.070637e+00
42  1.770371e+01  7.747512e+00
43  9.550753e+00  2.064299e+01
44  1.112242e+01  4.992082e+01
45  4.363997e+00  7.469198e+01
46  -2.421483e+01  7.746877e+01
47  -9.219603e+01  8.703650e+01
48  -1.421571e+02  8.640964e+01
49  -2.275942e+02  5.894071e+01
50  -4.959146e+02  2.079974e+01
51  -6.747832e+02  4.180640e+01
52  -7.509755e+02  1.964365e+02
53  -1.330921e+03  4.316400e+02
54  -1.836283e+03  8.802960e+02
55  -1.955786e+03  2.748798e+02
56  -2.972199e+03  -5.494648e+02
57  -2.488466e+03  -2.498178e+03
58  -3.237980e+03  -6.056584e+03
59  -1.383901e+04  -8.436037e+03
60  -4.189907e+04  -5.167181e+03
61  -1.278853e+05  8.565824e+03
62  -3.190559e+05  3.312412e+04
63  -1.036681e+06  4.790857e+04
ENDPROP
STARTPROP
MASSES:  4.200000e-03   4.500000e-02
SOURCE: GAM_35
SINKS: GAM_35
0  -1.519175e+05  -1.593556e+04
1  -1.088600e+06  -2.768455e+04
2  -3.575315e+05  -1.562949e+04
3  -1.503637e+05  -7.494641e+03
4  -6.059404e+04  -2.635908e+03
5  -2.208618e+04  2.875019e+01
6  -5.456055e+03  1.621795e+03
7  6.585726e+01  3.242412e+03
8  1.759081e+03  2.771418e+03
9  6.725277e+02  3.176264e+03
10  -2.358851e+02  3.084478e+03
11  1.565431e+02  1.882957e+03
12  3.319434e+02  8.695832e+02
13  2.056182e+02  4.257360e+01
14  1.467178e+01  -3.786451e+02
15  -8.654395e+01  -2.852658e+02
16  -3.589930e+01  -1.420031e+02
17  -1.219727e+01  -6.725191e+01
18  -5.367549e+01  -6.781684e+01
19  -6.718751e+01  -3.550106e+01
20  -4.855140e+01  -2.530231e+01
21  -5.613774e+01  4.673194e+00
22  -3.937977e+01  9.358968e+00
23  -3.754121e+01  1.329077e+00
24  -2.140276e+01  3.010699e+00
25  -1.140862e+01  5.342532e+00
26  -2.904068e+00  3.991099e+00
27  -7.876229e-01  4.028119e+00
28  -8.394086e-01  1.381262e+00
29  -3.245272e-01  -2.962054e-01
30  -1.661185e+00  -6.530779e-01
31  -9.654238e-01  -1.930730e+00
32  3.847427e-01  -1.800875e+00
33  1.034060e+00  -2.062247e+00
34  1.396587e+00  -2.500352e+00
35  9.488965e-01  -1.836542e+00
36  2.383484e+00  -1.266607e+00
37  3.912217e+00  1.270561e+00
38  1.365929e+00  -4.661053e-01
39  -1.594572e+00  -2.682199e+00
40  4.808434e+00  -1.574123e+00
41  6.281113e+00  -9.772057e+00
42  -1.899982e+01  -4.445819e+01
43  -5.291891e+01  -5.735370e+01
44  -9.510604e+01  -7.605129e+01
45  -9.171422e+01  -8.482655e+01
46  -7.824223e+01  -6.120581e+01
47  -1.195688e+02  -6.470214e-01
48  -9.004427e+00  1.608678e+02
49  2.886337e+02  2.205436e+02
50  4.834459e+02  2.190611e+02
51  4.670490e+02  1.425310e+02
52  4.323713e+02  1.380704e+02
53  3.826695e+02  -2.202314e+02
54  -1.606513e+02  -1.715310e+02
55  -7.110936e+02  -7.848644e+02
56  1.075447e+01  -1.075185e+03
57  -2.065306e+03  -3.509924e+03
58  -3.832827e+03  -5.089844e+03
59  -1.255985e+04  -6.991302e+03
60  -4.360832e+04  -6.147100e+03
61  -1.333944e+05  -5.736125e+03
62  -3.616939e+05  -8.313605e+03
63  -1.111208e+06  -7.692305e+03
ENDPROP
STARTPROP
MASSES:  4.200000e-03   4.500000e-02
SOURCE: GAM_45
SINKS: GAM_45
0  -1.291726e+06  1.431400e+04
1  9.556089e+05  3.875302e+04
2  4.975811e+05  2.238474e+04
3  3.587424e+05  1.525533e+04
4  2.515924e+05  1.008425e+04
5  1.799945e+05  4.934741e+03
6  1.258183e+05  3.319148e+03
7  8.885442e+04  2.327967e+03
8  6.320481e+04  4.285368e+02
9  4.425883e+04  3.806171e+02
10  3.046337e+04  1.706230e+00
11  2.046652e+04  -5.236229e+02
12  1.401450e+04  -3.439773e+02
13  9.618893e+03  -5.041981e+02
14  6.779699e+03  -3.973515e+02
15  4.723534e+03  -3.835619e+02
16  3.219667e+03  -2.588569e+02
17  2.297632e+03  -2.581258e+02
18  1.589028e+03  -2.038977e+02
19  1.125087e+03  -1.380923e+02
20  7.838274e+02  -9.960561e+01
21  5.385192e+02  -8.951075e+01
22  3.699518e+02  -7.671338e+01
23  2.520588e+02  -5.846206e+01
24  1.725434e+02  -4.655146e+01
25  1.152707e+02  -3.625917e+01
26  7.927414e+01  -2.763719e+01
27  5.364685e+01  -1.865728e+01
28  3.690931e+01  -1.326988e+01
29  2.661039e+01  -8.166757e+00
30  2.019702e+01  -5.046960e+00
31  1.721070e+01  -2.902770e+00
32  1.628120e+01  -1.398993e+00
33  1.688897e+01  3.320167e-01
34  2.063116e+01  2.266014e+00
35  2.655251e+01  4.409822e+00
36  3.631188e+01  7.248968e+00
37  5.037466e+01  9.852199e+00
38  7.201841e+01  1.329946e+01
39  1.031034e+02  2.150043e+01
40  1.456656e+02  2.989071e+01
41  2.051726e+02  3.902826e+01
42  2.851587e+02  5.924073e+01
43  4.072383e+02  7.863328e+01
44  5.790862e+02  9.426206e+01
45  8.436636e+02  9.678784e+01
46  1.203584e+03  1.472719e+02
47  1.739185e+03  1.869447e+02
48  2.497769e+03  2.604676e+02
49  3.551848e+03  3.271258e+02
50  5.129094e+03  4.874485e+02
51  7.569996e+03  7.064519e+02
52  1.098144e+04  8.279235e+02
53  1.626637e+04  1.232844e+03
54  2.405223e+04  1.170411e+03
55  3.592339e+04  1.903992e+03
56  5.290724e+04  2.300525e+03
57  7.555884e+04  2.365658e+03
58  1.108820e+05  3.614009e+03
59  1.603347e+05  5.736431e+03
60  2.342999e+05  5.214286e+03
61  3.396954e+05  2.635259e+03
62  4.852366e+05  7.429203e+02
63  9.632678e+05  -1.084473e+04
ENDPROP
STARTPROP
MASSES:  4.200000e-03   4.500000e-02
SOURCE: PSAX4
SINKS: GAM_4
0  -1.241857e+03  -3.849652e+03
1  1.634283e+06  -2.641022e+03
2  1.028859e+06  -4.597590e+03
3  7.265668e+05  -2.534537e+03
4  5.080931e+05  -4.384573e+03
5  3.571753e+05  -4.403676e+03
6  2.485151e+05  -3.471408e+03
7  1.729814e+05  -2.026254e+03
8  1.217183e+05  -2.690750e+03
9  8.443309e+04  -1.568608e+03
10  5.798131e+04  -1.267310e+03
11  3.935039e+04  -1.363986e+03
12  2.712608e+04  -9.185954e+02
13  1.867448e+04  -6.914573e+02
14  1.291370e+04  -6.236094e+02
15  8.933350e+03  -4.926381e+02
16  6.161244e+03  -3.239021e+02
17  4.287245e+03  -3.414495e+02
18  2.929974e+03  -2.694156e+02
19  2.026788e+03  -1.908250e+02
20  1.416959e+03  -1.361193e+02
21  9.840711e+02  -1.230992e+02
22  6.704906e+02  -9.972703e+01
23  4.594975e+02  -7.273381e+01
24  3.152710e+02  -5.141036e+01
25  2.138026e+02  -4.293772e+01
26  1.463020e+02  -3.076646e+01
27  9.793145e+01  -2.045684e+01
28  6.521089e+01  -1.422673e+01
29  4.246309e+01  -8.884562e+00
30  2.625378e+01  -6.427220e+00
31  1.305119e+01  -5.716760e+00
32  1.007181e+00  -5.639959e+00
33  -1.106321e+01  -5.723710e+00
34  -2.486491e+01  -7.036536e+00
35  -4.158807e+01  -9.256452e+00
36  -6.318406e+01  -1.195689e+01
37  -9.337385e+01  -1.414744e+01
38  -1.373789e+02  -1.911338e+01
39  -1.993067e+02  -2.685913e+01
40  -2.834299e+02  -3.367714e+01
41  -4.100326e+02  -3.996913e+01
42  -5.919758e+02  -5.560516e+01
43  -8.536068e+02  -6.542121e+01
44  -1.236761e+03  -8.885103e+01
45  -1.824646e+03  -8.616207e+01
46  -2.608072e+03  -1.441308e+02
47  -3.730825e+03  -1.946244e+02
48  -5.370749e+03  -3.120507e+02
49  -7.755855e+03  -4.658178e+02
50  -1.136596e+04  -6.616791e+02
51  -1.634814e+04  -9.651521e+02
52  -2.345061e+04  -9.806570e+02
53  -3.400890e+04  -1.247673e+03
54  -4.998396e+04  -1.381986e+03
55  -7.323229e+04  -1.599912e+03
56  -1.067793e+05  -1.105465e+03
57  -1.543728e+05  -7.122831e+01
58  -2.276351e+05  -2.272457e+02
59  -3.292712e+05  -2.126857e+03
60  -4.825762e+05  -1.466460e+03
61  -7.013755e+05  -1.364405e+03
62  -1.014474e+06  -1.787184e+03
63  -1.641261e+06  -6.421780e+03
ENDPROP
STARTPROP
MASSES:  4.200000e-03   4.500000e-02
SOURCE: WWPSAX4
SINKS: GAM_4
0  -9.574993e+07  5.536716e+08
1  1.020570e+09  -5.430825e+07
2  5.650575e+08  6.005060e+07
3  5.271433e+08  3.310320e+07
4  3.329908e+08  -1.943419e+07
5  2.303160e+08  -3.416516e+07
6  1.644109e+08  1.567008e+07
7  1.037921e+08  -2.880215e+07
8  5.586450e+07  -4.189055e+06
9  4.631879e+07  -1.252827e+07
10  2.688345e+07  4.030802e+06
11  2.601219e+07  -5.162852e+06
12  1.927391e+07  -3.701488e+06
13  1.389985e+07  -8.287176e+05
14  8.897288e+06  1.790002e+06
15  6.303362e+06  -6.195094e+05
16  6.644876e+06  9.942771e+05
17  2.442866e+06  -2.138587e+05
18  9.024971e+05  -1.607229e+06
19  1.420868e+06  -5.115589e+04
20  6.129209e+05  -6.967809e+04
21  3.693328e+05  -5.190567e+04
22  2.070234e+05  -8.744454e+04
23  2.350634e+05  -7.069082e+04
24  2.685353e+05  -8.598988e+04
25  1.386073e+05  -1.367958e+04
26  6.861983e+04  -4.835797e+04
27  6.475142e+04  -1.283313e+04
28  4.241961e+04  1.877251e+04
29  3.173980e+04  -7.367517e+03
30  5.566161e+03  -5.920102e+03
31  5.431680e+03  -1.194587e+04
32  3.202817e+03  9.855886e+03
33  -1.699676e+04  -1.854887e+03
34  -2.971112e+04  2.324966e+03
35  -2.117245e+04  5.332087e+03
36  -6.071433e+04  -7.303948e+03
37  -2.079939e+04  1.288252e+04
38  -1.458437e+05  -7.258406e+04
39  -2.132941e+04  -9.068907e+03
40  -1.828084e+05  -2.908533e+04
41  -2.324499e+05  -1.659361e+04
42  -4.802257e+05  -1.637849e+05
43  -1.893662e+05  -5.600326e+03
44  -4.807136e+04  8.844576e+04
45  -3.235907e+05  -7.757667e+05
46  -1.160358e+06  -4.842799e+05
47  -1.300470e+06  -2.372345e+05
48  -4.263595e+06  -1.313241e+06
49  -3.269099e+06  6.610793e+05
50  -7.124715e+06  -6.425757e+05
51  -8.788775e+06  -4.808017e+05
52  -7.739215e+06  -2.682304e+06
53  -1.173813e+07  3.784255e+04
54  -3.214352e+07  -1.745206e+06
55  -5.149588e+07  -2.716352e+06
56  -7.744161e+07  -7.364981e+06
57  -7.794495e+07  -1.001315e+07
58  -1.227248e+08  -2.058424e+07
59  -1.512329e+08  -2.103240e+07
60  -2.191108e+08  -3.214844e+07
61  -3.106085e+08  9.903903e+07
62  -4.984202e+08  3.588172e+07
63  -1.868437e+09  -6.693858e+07
ENDPROP
STARTPROP
MASSES:  4.200000e-03   4.500000e-02
SOURCE: WWGAM_5
SINKS: GAM_5
0  1.638719e+10  3.648087e+01
1  1.883906e+09  2.044380e+07
2  1.136090e+09  8.616679e+07
3  9.772739e+08  -1.971177e+06
4  6.159363e+08  -4.289432e+06
5  4.036186e+08  -2.971963e+07
6  3.199326e+08  2.353790e+07
7  1.965529e+08  -6.129085e+06
8  1.198564e+08  -2.852907e+06
9  9.320692e+07  -1.012434e+06
10  8.380994e+07  -2.219619e+06
11  4.642103e+07  -1.961940e+05
12  2.795860e+07  -1.119681e+06
13  1.883710e+07  5.743137e+04
14  1.568282e+07  -6.548919e+05
15  1.127104e+07  -6.045043e+05
16  9.642769e+06  1.247793e+06
17  4.844332e+06  -3.429730e+05
18  2.757531e+06  -7.946734e+05
19  2.657713e+06  -2.051974e+05
20  1.385729e+06  7.838537e+04
21  8.369722e+05  -1.275342e+05
22  7.078620e+05  -1.883478e+05
23  4.611210e+05  -1.510593e+05
24  4.387302e+05  -1.281996e+05
25  3.033394e+05  -3.597215e+04
26  1.465998e+05  -5.868983e+04
27  1.222804e+05  -3.805631e+04
28  8.485575e+04  -7.066344e+03
29  5.165950e+04  -1.283536e+04
30  4.331480e+04  8.158363e+03
31  3.307329e+04  -7.685369e+03
32  4.862379e+04  3.245597e+03
33  4.536778e+04  1.454684e+03
34  5.014588e+04  8.369513e+03
35  6.214112e+04  1.940160e+04
36  1.138463e+05  7.879735e+03
37  9.578222e+04  -8.691341e+03
38  2.071266e+05  9.174740e+04
39  1.207784e+05  3.774515e+04
40  3.148297e+05  6.499262e+04
41  4.255526e+05  -1.302841e+04
42  8.008531e+05  1.912792e+05
43  8.586013e+05  1.441743e+05
44  1.129028e+06  1.693257e+05
45  1.839997e+06  6.634872e+05
46  2.856612e+06  5.361049e+05
47  3.912745e+06  4.979622e+03
48  7.332889e+06  1.270415e+06
49  6.472204e+06  -1.388234e+05
50  1.163137e+07  1.947320e+06
51  2.062285e+07  1.541292e+06
52  2.338382e+07  5.589456e+06
53  4.503850e+07  1.959623e+06
54  5.795660e+07  4.668256e+05
55  8.575926e+07  4.242977e+04
56  1.477880e+08  6.063914e+06
57  1.733092e+08  -1.168109e+07
58  2.618419e+08  9.639719e+05
59  3.224597e+08  -5.165366e+06
60  5.336875e+08  5.215386e+07
61  8.467485e+08  -4.821700e+07
62  1.067572e+09  2.010223e+07
63  2.808282e+09  4.924037e+07
ENDPROP
