STARTPROP
MASSES:  4.200000e-03   4.200000e-03
SOURCE: GAM_1
SINKS: GAM_1
0  1.049114e+06  -6.401632e+03
1  1.876104e+06  -1.303678e+04
2  9.323851e+05  -8.202458e+03
3  5.732583e+05  -5.994415e+03
4  3.048307e+05  -1.670947e+03
5  1.603958e+05  -3.678840e+02
6  9.978113e+04  -5.103416e+02
7  5.852568e+04  -1.167817e+03
8  4.077495e+04  -2.432051e+03
9  3.073971e+04  -1.882387e+03
10  2.339411e+04  -4.388955e+02
11  2.107862e+04  -3.462721e+02
12  1.970374e+04  -1.150716e+03
13  1.850639e+04  -1.095010e+03
14  1.311449e+04  -4.610197e+02
15  9.121551e+03  -5.827325e+02
16  6.865187e+03  -3.123474e+02
17  2.830703e+03  2.050492e+02
18  1.377812e+03  9.657172e+01
19  1.152743e+03  -2.903281e+02
20  -5.777123e+02  -3.760554e+02
21  -2.607578e+02  -3.107567e+02
22  -4.503200e+01  -1.140975e+02
23  -2.202390e+01  -1.472770e+02
24  -4.565571e+01  -1.241059e+02
25  -3.822974e+01  -1.532050e+02
26  -4.655080e+02  -1.708499e+02
27  -3.571843e+02  -1.282464e+02
28  1.083629e+02  -9.117689e+01
29  3.960938e+02  -1.562990e+02
30  1.348435e+02  -1.176448e+02
31  -2.126219e+02  -8.266735e+01
32  -6.269126e+01  -4.933132e+01
33  -4.058396e+02  -9.804963e-02
34  -2.808421e+02  2.718936e+01
35  2.601823e+02  6.638976e+01
36  1.571659e+02  8.843979e+01
37  -2.893352e+01  1.180873e+02
38  1.212103e+02  2.289669e+02
39  4.598361e+02  2.435860e+02
40  2.144565e+02  2.279987e+02
41  3.111083e+02  1.516457e+02
42  -6.383841e+02  1.722930e+02
43  -1.592171e+03  8.317111e+01
44  -2.530657e+03  -1.317111e+00
45  -3.020673e+03  2.141870e+02
46  -3.756226e+03  4.846232e+02
47  -3.260262e+03  9.383859e+02
48  -3.843796e+03  1.514994e+03
49  -3.078572e+03  2.034924e+03
50  -8.025794e+03  2.998591e+03
51  -1.361313e+04  2.986174e+03
52  -1.912126e+04  2.331406e+03
53  -1.933748e+04  1.736072e+03
54  -9.921529e+03  1.440767e+03
55  1.337924e+04  1.795448e+03
56  3.472903e+04  1.337078e+03
57  7.695318e+04  -7.121480e+02
58  1.231595e+05  1.590268e+02
59  1.861786e+05  1.027825e+03
60  3.036457e+05  2.016975e+03
61  5.308045e+05  1.981497e+03
62  9.287202e+05  7.765720e+02
63  1.884618e+06  6.578138e+02
ENDPROP
STARTPROP
MASSES:  4.200000e-03   4.200000e-03
SOURCE: GAM_2
SINKS: GAM_2
0  1.320873e+06  2.192831e+03
1  2.079178e+06  -6.394805e+03
2  1.066200e+06  -2.782067e+03
3  6.501846e+05  -1.699262e+03
4  3.601232e+05  -8.865755e+02
5  1.891890e+05  -1.148448e+03
6  8.670366e+04  -2.087226e+03
7  2.402929e+04  -1.482391e+03
8  6.537134e+02  -9.412115e+02
9  -1.459477e+03  1.557985e+03
10  9.616195e+03  2.254571e+03
11  1.609798e+04  2.082896e+03
12  1.734110e+04  1.767847e+03
13  1.111720e+04  1.404576e+03
14  1.086594e+04  4.094063e+02
15  8.000931e+03  -4.566697e+02
16  4.416388e+02  -6.343493e+02
17  -3.417436e+03  -1.603473e+02
18  -2.585540e+03  -1.858115e+02
19  -4.533881e+02  -2.590933e+02
20  1.368780e+03  -2.290383e+02
21  1.163549e+03  -1.976802e+02
22  6.419669e+02  -2.837298e+02
23  -3.230414e+02  -1.889442e+02
24  -6.478704e+02  -3.191190e+00
25  -4.757202e+02  -4.127745e+01
26  -7.312459e+02  -1.306575e+02
27  -1.038250e+03  -1.343689e+02
28  -1.330799e+03  -3.454476e+01
29  -1.448357e+03  1.641857e+01
30  -9.680366e+02  -1.872023e+01
31  -1.835291e+02  -6.758917e+01
32  -2.590506e+02  -6.131606e+01
33  -1.948946e+02  2.240468e+00
34  -2.937692e+02  1.869536e+01
35  -3.454235e+02  -2.301204e+01
36  -1.250283e+02  -6.287645e+01
37  2.957036e+02  -5.899699e+01
38  1.078957e+03  -9.158791e+01
39  1.962573e+03  -2.123708e+02
40  2.011497e+03  -1.678442e+02
41  1.732745e+03  -1.176840e+02
42  1.189928e+02  -2.718596e+02
43  -1.343846e+03  -3.430659e+02
44  -1.567396e+03  -2.496350e+02
45  -2.524784e+03  -8.647033e+01
46  -1.885841e+03  -2.603481e+02
47  -8.004397e+02  -2.813137e+02
48  8.156504e+02  -9.674966e+01
49  5.375489e+02  -1.562757e+02
50  -8.729246e+01  -1.874469e+01
51  1.349999e+03  3.354861e+02
52  -1.227539e+03  -2.454368e+02
53  4.118622e+02  -3.533543e+02
54  7.430827e+03  -1.164864e+03
55  2.941043e+04  -1.965951e+03
56  4.902766e+04  -6.409735e+02
57  9.006118e+04  5.402023e+02
58  1.479351e+05  1.429664e+03
59  2.227206e+05  1.879343e+03
60  3.636906e+05  5.208934e+03
61  5.969397e+05  1.003262e+04
62  1.023624e+06  1.220595e+04
63  2.065051e+06  1.060438e+04
ENDPROP
STARTPROP
MASSES:  4.200000e-03   4.200000e-03
SOURCE: GAM_3
SINKS: GAM_3
0  1.181413e+06  -2.316630e+03
1  1.970516e+06  -1.376618e+04
2  9.424411e+05  -9.022045e+03
3  5.174347e+05  -3.723693e+03
4  2.908394e+05  -1.871251e+03
5  1.910854e+05  -3.148632e+02
6  1.093515e+05  -5.851152e+02
7  4.800514e+04  -1.332891e+03
8  1.645157e+04  -1.586818e+03
9  1.393062e+04  -3.651710e+03
10  1.419053e+04  -3.751907e+03
11  1.828843e+04  -3.304488e+03
12  1.727108e+04  -1.809985e+03
13  7.763079e+03  -7.241926e+02
14  2.523433e+03  -1.292866e+02
15  1.656773e+02  3.986676e+02
16  3.154589e+03  5.924937e+02
17  2.289917e+03  3.258334e+02
18  1.293371e+03  -1.338981e+02
19  -3.261048e+02  -3.920641e+02
20  -1.875115e+03  -3.718658e+02
21  -2.673833e+03  -2.723205e+02
22  -2.120773e+03  -2.721561e+00
23  -1.034287e+03  -5.746916e+01
24  -3.243402e+02  -1.745693e+02
25  -3.794583e+01  -1.373102e+02
26  -3.257360e+02  -4.741096e+01
27  -1.211070e+01  -1.395486e+01
28  4.754502e+02  -5.505946e+00
29  6.376346e+02  2.782936e+01
30  4.822252e+02  -3.835826e+00
31  4.959888e+02  1.480649e+01
32  6.129835e+02  -3.607175e+01
33  3.424131e+02  -6.162918e+01
34  6.930846e+01  -3.155539e+01
35  9.128193e+01  -1.861970e+00
36  2.613343e+02  4.037569e+01
37  3.808775e+02  1.126462e+02
38  4.821676e+02  1.515326e+02
39  5.449576e+02  1.558197e+02
40  4.894433e+01  8.547239e+00
41  -5.819394e+02  -9.059094e+01
42  -1.591549e+03  -1.321866e+02
43  -3.467049e+03  1.973923e+01
44  -4.032002e+03  1.810319e+02
45  -4.276018e+03  -1.485820e+01
46  -4.670857e+03  -2.672198e+02
47  -4.456269e+03  -3.290758e+02
48  -3.885801e+03  -1.316404e+02
49  -3.467100e+03  1.460948e+02
50  -2.748891e+03  1.456137e+02
51  4.252260e+03  -1.641264e+02
52  1.345054e+04  -1.959954e+02
53  2.795794e+04  1.349051e+02
54  4.297444e+04  -4.069065e+02
55  5.959499e+04  5.152843e+02
56  6.871834e+04  1.821406e+03
57  9.174872e+04  1.640469e+03
58  1.397769e+05  7.078032e+02
59  2.227367e+05  4.093697e+02
60  3.587392e+05  1.614084e+03
61  5.810198e+05  1.709499e+03
62  9.892448e+05  1.200868e+03
63  1.965548e+06  3.511016e+03
ENDPROP
STARTPROP
MASSES:  4.200000e-03   4.200000e-03
SOURCE: GAM_4
SINKS: GAM_4
0  2.164093e+06  3.001032e+03
1  -2.931689e+05  9.861037e+03
2  8.494110e+03  5.849461e+03
3  -7.586913e+03  4.592369e+03
4  9.880241e+02  4.215133e+03
5  1.756666e+02  3.657610e+03
6  2.493194e+03  1.830071e+03
7  4.792152e+03  2.246132e+03
8  7.411247e+02  2.726055e+03
9  2.095324e+03  2.239964e+03
10  -3.739767e+02  1.892203e+03
11  1.852271e+03  1.579927e+03
12  5.721513e+02  6.190206e+02
13  -1.003764e+03  6.270950e+02
14  -7.811687e+02  4.621622e+02
15  2.369292e+02  1.864268e+02
16  -1.247915e+02  -1.523943e+02
17  2.150559e+02  -1.159066e+02
18  -9.105616e+01  -1.586829e+02
19  -5.221304e+02  -6.780743e+01
20  -6.186337e+02  -3.034725e+01
21  -4.472566e+02  -6.857144e+01
22  -5.450932e+02  -5.896865e+01
23  -1.727408e+02  -4.331036e+01
24  -1.682428e+02  -2.341428e+01
25  -4.916164e+02  -4.707524e+01
26  -2.832791e+02  -4.518110e+01
27  -3.427326e+02  -4.470618e+01
28  -3.035156e+02  -4.118747e+01
29  -3.588678e+02  -6.794656e+01
30  -2.608296e+02  -5.502785e+01
31  -3.852906e+02  -2.630103e+01
32  -3.183981e+02  -4.580162e+01
33  -3.738647e+02  -5.465859e+01
34  -4.717088e+02  -1.519938e+01
35  -2.846093e+02  -2.216946e+01
36  -3.047086e+02  3.686324e+00
37  -3.991501e+02  -3.660135e+01
38  -2.954437e+02  -5.141286e+01
39  -3.185994e+02  -7.202675e+01
40  -3.059532e+02  -2.839521e+01
41  -4.988714e+01  2.818495e+01
42  -3.411880e+02  3.042581e+01
43  -4.043521e+02  1.566503e+02
44  -6.361544e+02  1.402727e+02
45  -1.056877e+03  9.677380e+01
46  -5.810658e+01  9.652487e+01
47  -8.647661e+02  2.342318e+02
48  -7.216873e+01  2.200590e+02
49  -2.111243e+02  9.827573e+01
50  -1.486170e+01  1.187671e+02
51  -1.113186e+03  3.417716e+02
52  -4.047092e+02  6.568683e+02
53  1.797082e+03  1.138540e+03
54  1.180015e+03  4.079720e+02
55  -1.316018e+03  -5.859035e+01
56  -8.697158e+02  -1.073888e+03
57  3.249776e+03  -2.207423e+03
58  1.844424e+02  -2.605878e+03
59  -1.270683e+03  -2.688336e+03
60  -2.976097e+03  -3.629638e+03
61  -5.172757e+03  -8.954280e+02
62  -1.092372e+04  -2.335632e+03
63  -2.952992e+05  -5.256847e+03
ENDPROP
STARTPROP
MASSES:  4.200000e-03   4.200000e-03
SOURCE: GAM_5
SINKS: GAM_5
0  1.500331e+07  3.986434e+04
1  1.491737e+07  2.914841e+04
2  1.281321e+07  1.713435e+04
3  1.116953e+07  1.463597e+04
4  9.471396e+06  1.438661e+04
5  7.792216e+06  6.308104e+03
6  6.386962e+06  -1.302547e+04
7  5.291020e+06  -2.481155e+04
8  4.436331e+06  -2.266046e+04
9  3.745867e+06  -1.740199e+04
10  3.174064e+06  -1.254549e+04
11  2.677709e+06  -1.346942e+04
12  2.244919e+06  -1.327116e+04
13  1.862667e+06  -1.125710e+04
14  1.521221e+06  -7.400223e+03
15  1.252854e+06  -3.639669e+03
16  1.040668e+06  -1.498687e+03
17  8.761186e+05  -4.954371e+02
18  7.401781e+05  2.319407e+02
19  6.100320e+05  -3.296056e+02
20  5.044675e+05  -2.347057e+03
21  4.190475e+05  -3.421299e+03
22  3.571666e+05  -3.182885e+03
23  3.102875e+05  -1.704153e+03
24  2.682112e+05  -3.738859e+02
25  2.324779e+05  -1.094314e+02
26  1.980627e+05  -3.333433e+01
27  1.644918e+05  -4.755506e+02
28  1.435007e+05  -1.128069e+03
29  1.306400e+05  -1.872857e+03
30  1.202486e+05  -2.213043e+03
31  1.151477e+05  -2.167500e+03
32  1.144551e+05  -2.276862e+03
33  1.160838e+05  -2.300983e+03
34  1.215992e+05  -2.063420e+03
35  1.323149e+05  -1.905911e+03
36  1.479408e+05  -1.945814e+03
37  1.663456e+05  -1.540451e+03
38  1.884086e+05  -1.249009e+03
39  2.212590e+05  -1.106811e+03
40  2.600477e+05  -1.156564e+03
41  3.072383e+05  -7.656444e+02
42  3.603875e+05  -9.427994e+02
43  4.138484e+05  -1.360450e+03
44  4.856104e+05  -1.465320e+03
45  5.892386e+05  -1.245609e+03
46  7.121301e+05  -1.436606e+03
47  8.461195e+05  -2.579244e+03
48  1.002938e+06  -6.819324e+03
49  1.222806e+06  -1.063536e+04
50  1.475919e+06  -1.336909e+04
51  1.770282e+06  -1.313478e+04
52  2.163587e+06  -6.991001e+03
53  2.574779e+06  -3.797737e+03
54  3.045144e+06  -4.386007e+03
55  3.671054e+06  1.033937e+03
56  4.413539e+06  -5.965874e+02
57  5.308610e+06  -5.224819e+03
58  6.350412e+06  -6.101426e+03
59  7.460674e+06  1.571236e+03
60  8.645608e+06  1.311197e+04
61  1.018073e+07  1.981022e+04
62  1.205775e+07  3.443566e+04
63  1.457388e+07  4.488899e+04
ENDPROP
STARTPROP
MASSES:  4.200000e-03   4.200000e-03
SOURCE: GAM_12
SINKS: GAM_12
0  7.857082e+05  -1.805239e+03
1  -7.552160e+05  1.924138e+03
2  -1.910239e+05  -2.615722e+03
3  -6.259917e+04  -4.937323e+03
4  -1.070214e+04  -4.369328e+03
5  3.708899e+03  -3.074446e+03
6  -3.483057e+03  -2.170247e+03
7  3.713491e+02  -2.370928e+03
8  1.383948e+04  -4.060906e+03
9  1.330014e+04  -2.865694e+03
10  5.555971e+03  -2.464506e+03
11  3.078916e+03  -1.006098e+03
12  -3.654215e+03  5.269641e+01
13  -6.568670e+03  3.816111e+02
14  -3.063199e+03  5.033647e+02
15  -1.875117e+03  3.133821e+02
16  -2.597080e+03  1.659295e+02
17  -3.050623e+03  -1.522049e+02
18  -2.973604e+03  -9.884472e-02
19  -5.416874e+02  6.272538e+01
20  5.414405e+02  8.818281e+01
21  3.471692e+02  -9.586710e+01
22  1.277867e+02  -2.005643e+02
23  -7.136184e+02  -9.984837e+01
24  -8.480507e+02  -1.811935e+02
25  -6.322804e+02  -2.125130e+02
26  -1.612850e+02  -1.999755e+02
27  2.670657e+01  -1.354567e+02
28  -1.006707e+02  -6.609516e+01
29  1.658562e+02  -1.185681e+02
30  4.931434e+02  -6.066867e+01
31  3.563518e+02  -3.855541e+01
32  2.159839e+02  1.644929e+01
33  -1.017234e+02  4.529538e+01
34  -6.945334e+01  7.819297e+01
35  3.016856e+02  1.474434e+02
36  4.471463e+02  1.166990e+02
37  7.249348e+02  1.001240e+02
38  1.317161e+03  9.491731e+01
39  1.529228e+03  1.009100e+02
40  1.782750e+03  1.194991e+02
41  7.213893e+02  -5.050002e+01
42  -4.987335e+02  -1.201535e+02
43  -1.525556e+03  -5.313209e+01
44  -1.126525e+03  -1.123101e+02
45  -8.047672e+02  5.307643e+01
46  -1.894966e+03  1.455203e+02
47  -2.999418e+03  4.101936e+02
48  -3.048616e+03  2.065419e+02
49  -9.988086e+02  -4.751061e+02
50  3.107537e+03  -9.383097e+02
51  3.988998e+03  -1.230257e+03
52  1.247891e+04  -1.784079e+03
53  1.147438e+04  -1.329512e+03
54  3.739384e+03  4.517377e+02
55  -4.109253e+03  2.396553e+03
56  -3.312697e+03  2.719155e+03
57  -9.613383e+02  2.614333e+03
58  4.301097e+03  1.523544e+03
59  1.010118e+04  -2.525043e+02
60  2.973010e+03  -3.301464e+02
61  -3.635852e+04  -8.596214e+01
62  -1.530789e+05  1.719267e+02
63  -7.106842e+05  -4.531439e+03
ENDPROP
STARTPROP
MASSES:  4.200000e-03   4.200000e-03
SOURCE: GAM_21
SINKS: GAM_21
0  7.857082e+05  -1.805239e+03
1  -7.552160e+05  1.924138e+03
2  -1.910239e+05  -2.615722e+03
3  -6.259917e+04  -4.937323e+03
4  -1.070214e+04  -4.369328e+03
5  3.708899e+03  -3.074446e+03
6  -3.483057e+03  -2.170247e+03
7  3.713491e+02  -2.370928e+03
8  1.383948e+04  -4.060906e+03
9  1.330014e+04  -2.865694e+03
10  5.555971e+03  -2.464506e+03
11  3.078916e+03  -1.006098e+03
12  -3.654215e+03  5.269641e+01
13  -6.568670e+03  3.816111e+02
14  -3.063199e+03  5.033647e+02
15  -1.875117e+03  3.133821e+02
16  -2.597080e+03  1.659295e+02
17  -3.050623e+03  -1.522049e+02
18  -2.973604e+03  -9.884472e-02
19  -5.416874e+02  6.272538e+01
20  5.414405e+02  8.818281e+01
21  3.471692e+02  -9.586710e+01
22  1.277867e+02  -2.005643e+02
23  -7.136184e+02  -9.984837e+01
24  -8.480507e+02  -1.811935e+02
25  -6.322804e+02  -2.125130e+02
26  -1.612850e+02  -1.999755e+02
27  2.670657e+01  -1.354567e+02
28  -1.006707e+02  -6.609516e+01
29  1.658562e+02  -1.185681e+02
30  4.931434e+02  -6.066867e+01
31  3.563518e+02  -3.855541e+01
32  2.159839e+02  1.644929e+01
33  -1.017234e+02  4.529538e+01
34  -6.945334e+01  7.819297e+01
35  3.016856e+02  1.474434e+02
36  4.471463e+02  1.166990e+02
37  7.249348e+02  1.001240e+02
38  1.317161e+03  9.491731e+01
39  1.529228e+03  1.009100e+02
40  1.782750e+03  1.194991e+02
41  7.213893e+02  -5.050002e+01
42  -4.987335e+02  -1.201535e+02
43  -1.525556e+03  -5.313209e+01
44  -1.126525e+03  -1.123101e+02
45  -8.047672e+02  5.307643e+01
46  -1.894966e+03  1.455203e+02
47  -2.999418e+03  4.101936e+02
48  -3.048616e+03  2.065419e+02
49  -9.988086e+02  -4.751061e+02
50  3.107537e+03  -9.383097e+02
51  3.988998e+03  -1.230257e+03
52  1.247891e+04  -1.784079e+03
53  1.147438e+04  -1.329512e+03
54  3.739384e+03  4.517377e+02
55  -4.109253e+03  2.396553e+03
56  -3.312697e+03  2.719155e+03
57  -9.613383e+02  2.614333e+03
58  4.301097e+03  1.523544e+03
59  1.010118e+04  -2.525043e+02
60  2.973010e+03  -3.301464e+02
61  -3.635852e+04  -8.596214e+01
62  -1.530789e+05  1.719267e+02
63  -7.106842e+05  -4.531439e+03
ENDPROP
STARTPROP
MASSES:  4.200000e-03   4.200000e-03
SOURCE: GAM_13
SINKS: GAM_13
0  8.073985e+05  3.460392e+03
1  -6.870414e+05  1.038494e+04
2  -1.623348e+05  6.049068e+03
3  -8.297675e+04  3.486200e+03
4  -4.095963e+04  2.357509e+02
5  -3.257693e+04  1.472634e+03
6  -2.860636e+04  6.695761e+02
7  -2.103197e+04  1.595598e+03
8  -8.462212e+03  2.750782e+03
9  -3.919597e+03  3.968758e+03
10  4.629006e+03  3.753266e+03
11  -4.004006e+03  2.858239e+03
12  -4.863130e+03  2.384117e+03
13  -7.804301e+03  1.834315e+03
14  -6.521724e+03  5.774540e+02
15  -4.387585e+03  1.649111e+01
16  -2.321643e+03  -3.595047e+02
17  -2.609244e+03  -1.278917e+02
18  -2.488248e+03  3.798183e+02
19  -1.021452e+03  5.700724e+02
20  -8.819912e+02  4.393094e+02
21  -2.772379e+02  2.895758e+02
22  -3.457508e+02  2.160802e+02
23  -2.349178e+02  8.117962e+01
24  5.676536e+01  2.469494e+01
25  -8.545758e+01  -2.879502e+01
26  -2.045004e+02  -2.833808e+01
27  -1.141038e+02  7.185657e+01
28  3.543722e+02  1.314758e+02
29  3.196823e+02  1.065746e+02
30  3.629429e+02  6.504998e+01
31  1.261525e+02  3.339510e+01
32  -5.598950e+00  7.284798e+01
33  8.220970e+01  1.618115e+02
34  -1.074392e+02  1.567756e+02
35  4.605737e+01  1.866362e+02
36  3.483546e+02  1.449798e+02
37  2.528379e+02  1.613820e+02
38  2.904605e+01  1.134223e+02
39  -7.925595e+01  4.459013e+01
40  2.356531e+02  -7.219862e+01
41  3.574123e+02  -9.569721e+01
42  4.573033e+02  -5.683133e+01
43  4.275673e+02  1.078129e+02
44  -1.741629e+02  8.251106e+01
45  -8.755731e+02  -1.916050e+02
46  -8.246830e+02  -4.655911e+02
47  -1.007247e+03  -8.291367e+02
48  -2.740123e+03  -1.017192e+03
49  -2.749045e+03  -8.890466e+02
50  -2.363832e+03  -4.547157e+02
51  -6.036141e+03  -6.302278e+02
52  -4.687355e+03  2.859933e+02
53  -1.007986e+04  2.599926e+02
54  -1.051657e+04  -4.295280e+02
55  -7.478492e+03  -3.931235e+02
56  -2.676113e+03  -8.083501e+02
57  2.478587e+03  -2.018179e+03
58  9.760641e+03  -1.804563e+02
59  1.315578e+04  -4.438399e+02
60  -1.352679e+04  -1.349322e+03
61  -8.455225e+04  -2.145335e+03
62  -1.921738e+05  -2.830516e+03
63  -7.492276e+05  -6.682797e+03
ENDPROP
STARTPROP
MASSES:  4.200000e-03   4.200000e-03
SOURCE: GAM_31
SINKS: GAM_31
0  8.073985e+05  3.460392e+03
1  -6.870414e+05  1.038494e+04
2  -1.623348e+05  6.049068e+03
3  -8.297675e+04  3.486200e+03
4  -4.095963e+04  2.357509e+02
5  -3.257693e+04  1.472634e+03
6  -2.860636e+04  6.695761e+02
7  -2.103197e+04  1.595598e+03
8  -8.462212e+03  2.750782e+03
9  -3.919597e+03  3.968758e+03
10  4.629006e+03  3.753266e+03
11  -4.004006e+03  2.858239e+03
12  -4.863130e+03  2.384117e+03
13  -7.804301e+03  1.834315e+03
14  -6.521724e+03  5.774540e+02
15  -4.387585e+03  1.649111e+01
16  -2.321643e+03  -3.595047e+02
17  -2.609244e+03  -1.278917e+02
18  -2.488248e+03  3.798183e+02
19  -1.021452e+03  5.700724e+02
20  -8.819912e+02  4.393094e+02
21  -2.772379e+02  2.895758e+02
22  -3.457508e+02  2.160802e+02
23  -2.349178e+02  8.117962e+01
24  5.676536e+01  2.469494e+01
25  -8.545758e+01  -2.879502e+01
26  -2.045004e+02  -2.833808e+01
27  -1.141038e+02  7.185657e+01
28  3.543722e+02  1.314758e+02
29  3.196823e+02  1.065746e+02
30  3.629429e+02  6.504998e+01
31  1.261525e+02  3.339510e+01
32  -5.598950e+00  7.284798e+01
33  8.220970e+01  1.618115e+02
34  -1.074392e+02  1.567756e+02
35  4.605737e+01  1.866362e+02
36  3.483546e+02  1.449798e+02
37  2.528379e+02  1.613820e+02
38  2.904605e+01  1.134223e+02
39  -7.925595e+01  4.459013e+01
40  2.356531e+02  -7.219862e+01
41  3.574123e+02  -9.569721e+01
42  4.573033e+02  -5.683133e+01
43  4.275673e+02  1.078129e+02
44  -1.741629e+02  8.251106e+01
45  -8.755731e+02  -1.916050e+02
46  -8.246830e+02  -4.655911e+02
47  -1.007247e+03  -8.291367e+02
48  -2.740123e+03  -1.017192e+03
49  -2.749045e+03  -8.890466e+02
50  -2.363832e+03  -4.547157e+02
51  -6.036141e+03  -6.302278e+02
52  -4.687355e+03  2.859933e+02
53  -1.007986e+04  2.599926e+02
54  -1.051657e+04  -4.295280e+02
55  -7.478492e+03  -3.931235e+02
56  -2.676113e+03  -8.083501e+02
57  2.478587e+03  -2.018179e+03
58  9.760641e+03  -1.804563e+02
59  1.315578e+04  -4.438399e+02
60  -1.352679e+04  -1.349322e+03
61  -8.455225e+04  -2.145335e+03
62  -1.921738e+05  -2.830516e+03
63  -7.492276e+05  -6.682797e+03
ENDPROP
STARTPROP
MASSES:  4.200000e-03   4.200000e-03
SOURCE: GAM_14
SINKS: GAM_14
0  -1.202343e+05  -4.844767e+03
1  1.309875e+06  -1.211924e+04
2  6.088598e+05  -7.082450e+03
3  3.395390e+05  -3.755534e+03
4  1.856334e+05  -3.962415e+03
5  1.112958e+05  -2.874950e+03
6  9.409065e+04  -2.109007e+03
7  6.251026e+04  -1.534488e+03
8  4.367518e+04  -1.661904e+03
9  2.388412e+04  -1.233534e+03
10  1.670469e+04  3.330516e+01
11  9.896687e+03  -1.897017e+02
12  1.006934e+04  -6.930707e+02
13  5.788506e+03  -1.357159e+02
14  2.134013e+03  8.236556e+02
15  9.113518e+02  4.999913e+02
16  -1.427805e+03  2.380803e+02
17  -1.472882e+03  4.037485e+02
18  -9.566805e+01  3.678965e+02
19  1.420112e+03  -1.418024e+01
20  1.253976e+03  -4.238137e+02
21  4.638802e+02  -3.938178e+02
22  -5.982684e+02  -3.332768e+02
23  9.008577e+00  -2.323316e+02
24  -2.442212e+02  -1.015558e+02
25  5.234324e+02  -8.492431e+00
26  5.286796e+02  -5.000145e+01
27  2.707064e+02  1.045889e+01
28  3.677748e+02  3.232470e+01
29  3.825045e+02  4.534066e+01
30  4.359627e+02  3.163017e+01
31  1.134097e+02  9.924003e+00
32  -3.543816e+00  -3.806139e+01
33  -1.680212e+02  -6.011459e+01
34  -3.194349e+02  3.702124e+01
35  -1.638421e+02  4.935733e+01
36  5.741887e+01  4.952603e+01
37  3.817926e+02  1.067835e+02
38  4.173654e+02  1.772199e+02
39  4.994710e+02  2.016298e+02
40  6.649389e+02  2.637290e+02
41  6.340197e+02  2.038087e+02
42  6.844394e+02  7.445475e+01
43  -7.722280e+02  -3.443072e+00
44  -1.768745e+03  1.741474e+02
45  -1.696430e+03  1.372249e+02
46  2.131713e+02  3.450098e+02
47  -2.901266e+02  4.502417e+02
48  8.837836e+01  4.998092e+02
49  1.475565e+03  3.380273e+02
50  2.432746e+03  6.042419e+02
51  7.807861e+03  1.018022e+03
52  1.266134e+04  1.665889e+03
53  2.143701e+04  2.038759e+03
54  2.429603e+04  1.713064e+03
55  2.400560e+04  4.330837e+01
56  3.001350e+04  -4.146720e+02
57  3.249461e+04  7.373322e+02
58  5.935355e+04  1.138885e+03
59  1.020318e+05  1.885791e+03
60  1.865817e+05  1.833705e+03
61  3.139200e+05  9.067717e+02
62  5.465484e+05  8.679181e+01
63  1.266165e+06  1.316497e+03
ENDPROP
STARTPROP
MASSES:  4.200000e-03   4.200000e-03
SOURCE: GAM_41
SINKS: GAM_41
0  -1.202343e+05  -4.844767e+03
1  1.309875e+06  -1.211924e+04
2  6.088598e+05  -7.082450e+03
3  3.395390e+05  -3.755534e+03
4  1.856334e+05  -3.962415e+03
5  1.112958e+05  -2.874950e+03
6  9.409065e+04  -2.109007e+03
7  6.251026e+04  -1.534488e+03
8  4.367518e+04  -1.661904e+03
9  2.388412e+04  -1.233534e+03
10  1.670469e+04  3.330516e+01
11  9.896687e+03  -1.897017e+02
12  1.006934e+04  -6.930707e+02
13  5.788506e+03  -1.357159e+02
14  2.134013e+03  8.236556e+02
15  9.113518e+02  4.999913e+02
16  -1.427805e+03  2.380803e+02
17  -1.472882e+03  4.037485e+02
18  -9.566805e+01  3.678965e+02
19  1.420112e+03  -1.418024e+01
20  1.253976e+03  -4.238137e+02
21  4.638802e+02  -3.938178e+02
22  -5.982684e+02  -3.332768e+02
23  9.008577e+00  -2.323316e+02
24  -2.442212e+02  -1.015558e+02
25  5.234324e+02  -8.492431e+00
26  5.286796e+02  -5.000145e+01
27  2.707064e+02  1.045889e+01
28  3.677748e+02  3.232470e+01
29  3.825045e+02  4.534066e+01
30  4.359627e+02  3.163017e+01
31  1.134097e+02  9.924003e+00
32  -3.543816e+00  -3.806139e+01
33  -1.680212e+02  -6.011459e+01
34  -3.194349e+02  3.702124e+01
35  -1.638421e+02  4.935733e+01
36  5.741887e+01  4.952603e+01
37  3.817926e+02  1.067835e+02
38  4.173654e+02  1.772199e+02
39  4.994710e+02  2.016298e+02
40  6.649389e+02  2.637290e+02
41  6.340197e+02  2.038087e+02
42  6.844394e+02  7.445475e+01
43  -7.722280e+02  -3.443072e+00
44  -1.768745e+03  1.741474e+02
45  -1.696430e+03  1.372249e+02
46  2.131713e+02  3.450098e+02
47  -2.901266e+02  4.502417e+02
48  8.837836e+01  4.998092e+02
49  1.475565e+03  3.380273e+02
50  2.432746e+03  6.042419e+02
51  7.807861e+03  1.018022e+03
52  1.266134e+04  1.665889e+03
53  2.143701e+04  2.038759e+03
54  2.429603e+04  1.713064e+03
55  2.400560e+04  4.330837e+01
56  3.001350e+04  -4.146720e+02
57  3.249461e+04  7.373322e+02
58  5.935355e+04  1.138885e+03
59  1.020318e+05  1.885791e+03
60  1.865817e+05  1.833705e+03
61  3.139200e+05  9.067717e+02
62  5.465484e+05  8.679181e+01
63  1.266165e+06  1.316497e+03
ENDPROP
STARTPROP
MASSES:  4.200000e-03   4.200000e-03
SOURCE: GAM_23
SINKS: GAM_23
0  7.111888e+05  5.494071e+02
1  -8.139595e+05  7.004585e+03
2  -2.484576e+05  2.387964e+03
3  -9.453786e+04  -2.344479e+02
4  -4.791720e+04  1.083495e+03
5  -2.781506e+04  1.250231e+03
6  -1.774004e+04  1.328106e+03
7  -1.074790e+04  1.174345e+03
8  -2.177781e+04  2.665730e+02
9  -5.000686e+03  1.297767e+02
10  1.051400e+04  1.648066e+03
11  1.037727e+04  2.576356e+03
12  1.093861e+04  1.759895e+03
13  4.843231e+03  1.009930e+03
14  -9.156342e+02  4.908719e+02
15  -1.461518e+03  9.089632e+00
16  -3.522628e+03  2.545511e+02
17  -3.131712e+03  6.317716e+02
18  -8.303574e+02  5.763163e+02
19  7.536998e+02  4.079961e+02
20  8.463632e+02  1.864650e+02
21  6.558341e+02  6.245741e+01
22  8.970280e+02  1.217125e+01
23  3.358342e+02  1.854712e+02
24  -5.760916e+01  2.481981e+02
25  -4.234737e+02  1.006351e+02
26  -3.765305e+02  2.664713e+01
27  -1.862284e+02  2.780169e+01
28  -4.199591e+02  4.036089e+01
29  -4.961500e+02  3.527274e+01
30  -6.387004e+02  9.002583e+00
31  -6.259717e+02  3.053288e+01
32  -6.595420e+02  8.194458e+01
33  -3.966051e+02  1.107912e+02
34  -1.382957e+02  1.492810e+02
35  -2.639255e+02  1.336429e+02
36  -6.927648e+02  1.670000e+02
37  -8.350876e+02  1.304628e+02
38  -9.961663e+02  6.019903e+01
39  -1.241827e+03  7.705694e+01
40  -1.216694e+03  1.130223e+02
41  -8.629344e+02  1.474060e+02
42  -1.400222e+03  8.786325e+01
43  -2.602914e+03  -5.923674e+01
44  -3.936732e+03  -5.200899e+01
45  -4.914302e+03  1.229668e+02
46  -6.322150e+03  3.152481e+02
47  -4.851898e+03  5.008674e+02
48  -6.519288e+03  5.596342e+02
49  -8.354401e+03  3.462038e+02
50  -1.003897e+04  6.175938e+02
51  -5.128161e+03  9.165144e+02
52  -7.111421e+02  1.334665e+03
53  2.239741e+03  7.608614e+02
54  6.959374e+03  1.075644e+02
55  1.232537e+04  9.749807e+02
56  9.562782e+03  -5.326761e+02
57  2.870597e+03  -2.397262e+03
58  -2.255184e+04  -4.250011e+03
59  -3.488146e+04  -5.798886e+03
60  -6.693260e+04  -5.839235e+03
61  -1.179583e+05  -3.616003e+03
62  -2.243278e+05  -3.214345e+03
63  -7.916563e+05  -6.636597e+03
ENDPROP
STARTPROP
MASSES:  4.200000e-03   4.200000e-03
SOURCE: GAM_32
SINKS: GAM_32
0  7.111888e+05  5.494071e+02
1  -8.139595e+05  7.004585e+03
2  -2.484576e+05  2.387964e+03
3  -9.453786e+04  -2.344479e+02
4  -4.791720e+04  1.083495e+03
5  -2.781506e+04  1.250231e+03
6  -1.774004e+04  1.328106e+03
7  -1.074790e+04  1.174345e+03
8  -2.177781e+04  2.665730e+02
9  -5.000686e+03  1.297767e+02
10  1.051400e+04  1.648066e+03
11  1.037727e+04  2.576356e+03
12  1.093861e+04  1.759895e+03
13  4.843231e+03  1.009930e+03
14  -9.156342e+02  4.908719e+02
15  -1.461518e+03  9.089632e+00
16  -3.522628e+03  2.545511e+02
17  -3.131712e+03  6.317716e+02
18  -8.303574e+02  5.763163e+02
19  7.536998e+02  4.079961e+02
20  8.463632e+02  1.864650e+02
21  6.558341e+02  6.245741e+01
22  8.970280e+02  1.217125e+01
23  3.358342e+02  1.854712e+02
24  -5.760916e+01  2.481981e+02
25  -4.234737e+02  1.006351e+02
26  -3.765305e+02  2.664713e+01
27  -1.862284e+02  2.780169e+01
28  -4.199591e+02  4.036089e+01
29  -4.961500e+02  3.527274e+01
30  -6.387004e+02  9.002583e+00
31  -6.259717e+02  3.053288e+01
32  -6.595420e+02  8.194458e+01
33  -3.966051e+02  1.107912e+02
34  -1.382957e+02  1.492810e+02
35  -2.639255e+02  1.336429e+02
36  -6.927648e+02  1.670000e+02
37  -8.350876e+02  1.304628e+02
38  -9.961663e+02  6.019903e+01
39  -1.241827e+03  7.705694e+01
40  -1.216694e+03  1.130223e+02
41  -8.629344e+02  1.474060e+02
42  -1.400222e+03  8.786325e+01
43  -2.602914e+03  -5.923674e+01
44  -3.936732e+03  -5.200899e+01
45  -4.914302e+03  1.229668e+02
46  -6.322150e+03  3.152481e+02
47  -4.851898e+03  5.008674e+02
48  -6.519288e+03  5.596342e+02
49  -8.354401e+03  3.462038e+02
50  -1.003897e+04  6.175938e+02
51  -5.128161e+03  9.165144e+02
52  -7.111421e+02  1.334665e+03
53  2.239741e+03  7.608614e+02
54  6.959374e+03  1.075644e+02
55  1.232537e+04  9.749807e+02
56  9.562782e+03  -5.326761e+02
57  2.870597e+03  -2.397262e+03
58  -2.255184e+04  -4.250011e+03
59  -3.488146e+04  -5.798886e+03
60  -6.693260e+04  -5.839235e+03
61  -1.179583e+05  -3.616003e+03
62  -2.243278e+05  -3.214345e+03
63  -7.916563e+05  -6.636597e+03
ENDPROP
STARTPROP
MASSES:  4.200000e-03   4.200000e-03
SOURCE: GAM_24
SINKS: GAM_24
0  -1.112014e+05  2.998034e+03
1  1.304348e+06  -4.167950e+03
2  5.696372e+05  -4.691913e+03
3  3.277058e+05  -1.533469e+03
4  1.833098e+05  5.095777e+02
5  9.800164e+04  1.409896e+03
6  6.804891e+04  1.654898e+02
7  4.675084e+04  9.915020e+02
8  2.451161e+04  2.419763e+03
9  6.898762e+03  3.491353e+03
10  4.791424e+03  2.805274e+03
11  1.065690e+04  2.259182e+03
12  8.250680e+03  1.011892e+03
13  2.843973e+03  1.264062e+03
14  -1.143016e+03  1.190237e+03
15  -2.805749e+03  1.063924e+03
16  2.677225e+01  3.489019e+02
17  1.449146e+03  2.343339e+01
18  8.372120e+02  -2.153727e+02
19  1.236369e+03  -5.772750e+02
20  1.870648e+03  -7.954146e+02
21  2.292042e+03  -4.574558e+02
22  2.566854e+03  -1.886248e+02
23  1.719945e+03  -2.017972e+01
24  1.247131e+03  -3.437902e+01
25  1.098455e+03  -3.341781e+01
26  1.090991e+03  -5.608197e+01
27  3.908773e+02  -5.322110e+00
28  -1.265846e+02  -2.753425e+01
29  -3.920839e+02  1.081205e+00
30  -9.195882e+02  4.917516e+01
31  -9.974444e+02  7.079491e+01
32  -1.155992e+03  8.157272e+01
33  -9.503063e+02  6.974232e+01
34  -5.205565e+02  7.424704e+01
35  -3.076460e+02  1.320500e+02
36  -3.563315e+02  1.242599e+02
37  -3.394442e+02  6.557128e+01
38  -3.724620e+02  1.019548e+01
39  -9.442154e+02  -6.201020e+01
40  -1.003893e+03  -4.798993e+01
41  -5.363270e+02  3.405355e+01
42  -6.703457e+02  1.210726e+02
43  -8.904392e+02  2.664713e+02
44  -1.747847e+03  4.883344e+02
45  -2.876886e+03  6.519004e+02
46  -2.417648e+03  7.597525e+02
47  -3.168485e+03  4.002673e+02
48  -3.914932e+03  4.385403e+01
49  -4.294268e+03  -6.022552e+01
50  -6.066847e+03  -2.732115e+02
51  -5.090753e+03  -2.316777e+02
52  -4.624597e+03  -1.524508e+02
53  -5.330400e+03  5.424528e+02
54  -7.026784e+02  5.981466e+02
55  1.119974e+03  4.922951e+01
56  -2.459870e+03  6.093271e+02
57  1.642567e+04  -1.741272e+03
58  3.044479e+04  -2.152175e+03
59  6.914921e+04  -2.075118e+03
60  1.611438e+05  -3.884986e+03
61  3.028115e+05  -4.130938e+03
62  5.781337e+05  -3.252437e+03
63  1.289626e+06  1.054421e+03
ENDPROP
STARTPROP
MASSES:  4.200000e-03   4.200000e-03
SOURCE: GAM_42
SINKS: GAM_42
0  -1.112014e+05  2.998034e+03
1  1.304348e+06  -4.167950e+03
2  5.696372e+05  -4.691913e+03
3  3.277058e+05  -1.533469e+03
4  1.833098e+05  5.095777e+02
5  9.800164e+04  1.409896e+03
6  6.804891e+04  1.654898e+02
7  4.675084e+04  9.915020e+02
8  2.451161e+04  2.419763e+03
9  6.898762e+03  3.491353e+03
10  4.791424e+03  2.805274e+03
11  1.065690e+04  2.259182e+03
12  8.250680e+03  1.011892e+03
13  2.843973e+03  1.264062e+03
14  -1.143016e+03  1.190237e+03
15  -2.805749e+03  1.063924e+03
16  2.677225e+01  3.489019e+02
17  1.449146e+03  2.343339e+01
18  8.372120e+02  -2.153727e+02
19  1.236369e+03  -5.772750e+02
20  1.870648e+03  -7.954146e+02
21  2.292042e+03  -4.574558e+02
22  2.566854e+03  -1.886248e+02
23  1.719945e+03  -2.017972e+01
24  1.247131e+03  -3.437902e+01
25  1.098455e+03  -3.341781e+01
26  1.090991e+03  -5.608197e+01
27  3.908773e+02  -5.322110e+00
28  -1.265846e+02  -2.753425e+01
29  -3.920839e+02  1.081205e+00
30  -9.195882e+02  4.917516e+01
31  -9.974444e+02  7.079491e+01
32  -1.155992e+03  8.157272e+01
33  -9.503063e+02  6.974232e+01
34  -5.205565e+02  7.424704e+01
35  -3.076460e+02  1.320500e+02
36  -3.563315e+02  1.242599e+02
37  -3.394442e+02  6.557128e+01
38  -3.724620e+02  1.019548e+01
39  -9.442154e+02  -6.201020e+01
40  -1.003893e+03  -4.798993e+01
41  -5.363270e+02  3.405355e+01
42  -6.703457e+02  1.210726e+02
43  -8.904392e+02  2.664713e+02
44  -1.747847e+03  4.883344e+02
45  -2.876886e+03  6.519004e+02
46  -2.417648e+03  7.597525e+02
47  -3.168485e+03  4.002673e+02
48  -3.914932e+03  4.385403e+01
49  -4.294268e+03  -6.022552e+01
50  -6.066847e+03  -2.732115e+02
51  -5.090753e+03  -2.316777e+02
52  -4.624597e+03  -1.524508e+02
53  -5.330400e+03  5.424528e+02
54  -7.026784e+02  5.981466e+02
55  1.119974e+03  4.922951e+01
56  -2.459870e+03  6.093271e+02
57  1.642567e+04  -1.741272e+03
58  3.044479e+04  -2.152175e+03
59  6.914921e+04  -2.075118e+03
60  1.611438e+05  -3.884986e+03
61  3.028115e+05  -4.130938e+03
62  5.781337e+05  -3.252437e+03
63  1.289626e+06  1.054421e+03
ENDPROP
STARTPROP
MASSES:  4.200000e-03   4.200000e-03
SOURCE: GAM_34
SINKS: GAM_34
0  -8.404552e+04  -1.069186e+03
1  1.369289e+06  -7.204187e+03
2  6.677467e+05  -3.763401e+03
3  4.253677e+05  -1.606257e+03
4  2.308455e+05  2.247744e+03
5  1.051159e+05  -3.704709e+02
6  3.837954e+04  -5.780888e+02
7  1.154356e+04  -1.222360e+03
8  -1.574104e+04  -2.320162e+03
9  -1.202370e+04  -9.665154e+02
10  -3.995069e+03  -1.381949e+02
11  3.391537e+03  1.836993e+02
12  4.516862e+03  6.800376e+02
13  1.687501e+03  6.189645e+02
14  3.073252e+02  2.278860e+00
15  -3.480114e+02  -4.986418e+02
16  8.370020e+02  -5.092442e+02
17  8.256833e+01  -3.412668e+02
18  1.356526e+03  -3.150581e+02
19  1.200364e+03  -2.343862e+02
20  1.954839e+03  -2.109090e+02
21  1.864341e+03  -3.368096e+01
22  5.822645e+02  2.752064e+01
23  4.067903e+01  3.722328e+01
24  2.042848e+02  -7.206160e+01
25  1.078630e+02  -2.934490e+01
26  1.700577e+02  2.283112e+01
27  3.169748e+02  1.797874e+02
28  5.700165e+02  1.829487e+02
29  4.161859e+02  7.826893e+01
30  2.474623e+02  2.098014e+01
31  -5.558249e+01  2.958887e+01
32  -1.333819e+02  1.369262e+01
33  6.174897e+01  -9.989224e+01
34  -2.462114e+02  -1.200239e+02
35  -5.333604e+02  -1.408494e+02
36  -8.732278e+02  -5.720886e+01
37  -1.027462e+03  -7.676969e+01
38  -1.296108e+03  -7.535406e+01
39  -1.895287e+03  -7.060723e+01
40  -2.076087e+03  -5.390866e+01
41  -2.367110e+03  1.441894e+01
42  -2.745671e+03  -2.467031e+01
43  -2.370190e+03  -8.268870e+01
44  -3.102523e+03  -1.043441e+02
45  -3.468880e+03  -1.323495e+02
46  -1.494946e+03  -2.259400e+02
47  1.422659e+03  -4.114261e+02
48  2.878976e+03  -5.732355e+02
49  3.306031e+03  -5.738074e+02
50  4.016199e+03  -3.251525e+02
51  3.085581e+03  -7.347636e+02
52  4.901356e+03  -1.189540e+03
53  -1.639388e+03  -5.134678e+02
54  1.928302e+03  2.934743e+02
55  1.461664e+04  1.173603e+03
56  1.996280e+04  1.541512e+03
57  2.826119e+04  1.420117e+03
58  4.287415e+04  1.550638e+03
59  1.061387e+05  1.047891e+03
60  1.718044e+05  1.680067e+03
61  2.929139e+05  2.374675e+03
62  5.524423e+05  4.886962e+03
63  1.297724e+06  5.855089e+03
ENDPROP
STARTPROP
MASSES:  4.200000e-03   4.200000e-03
SOURCE: GAM_43
SINKS: GAM_43
0  -8.404552e+04  -1.069186e+03
1  1.369289e+06  -7.204187e+03
2  6.677467e+05  -3.763401e+03
3  4.253677e+05  -1.606257e+03
4  2.308455e+05  2.247744e+03
5  1.051159e+05  -3.704709e+02
6  3.837954e+04  -5.780888e+02
7  1.154356e+04  -1.222360e+03
8  -1.574104e+04  -2.320162e+03
9  -1.202370e+04  -9.665154e+02
10  -3.995069e+03  -1.381949e+02
11  3.391537e+03  1.836993e+02
12  4.516862e+03  6.800376e+02
13  1.687501e+03  6.189645e+02
14  3.073252e+02  2.278860e+00
15  -3.480114e+02  -4.986418e+02
16  8.370020e+02  -5.092442e+02
17  8.256833e+01  -3.412668e+02
18  1.356526e+03  -3.150581e+02
19  1.200364e+03  -2.343862e+02
20  1.954839e+03  -2.109090e+02
21  1.864341e+03  -3.368096e+01
22  5.822645e+02  2.752064e+01
23  4.067903e+01  3.722328e+01
24  2.042848e+02  -7.206160e+01
25  1.078630e+02  -2.934490e+01
26  1.700577e+02  2.283112e+01
27  3.169748e+02  1.797874e+02
28  5.700165e+02  1.829487e+02
29  4.161859e+02  7.826893e+01
30  2.474623e+02  2.098014e+01
31  -5.558249e+01  2.958887e+01
32  -1.333819e+02  1.369262e+01
33  6.174897e+01  -9.989224e+01
34  -2.462114e+02  -1.200239e+02
35  -5.333604e+02  -1.408494e+02
36  -8.732278e+02  -5.720886e+01
37  -1.027462e+03  -7.676969e+01
38  -1.296108e+03  -7.535406e+01
39  -1.895287e+03  -7.060723e+01
40  -2.076087e+03  -5.390866e+01
41  -2.367110e+03  1.441894e+01
42  -2.745671e+03  -2.467031e+01
43  -2.370190e+03  -8.268870e+01
44  -3.102523e+03  -1.043441e+02
45  -3.468880e+03  -1.323495e+02
46  -1.494946e+03  -2.259400e+02
47  1.422659e+03  -4.114261e+02
48  2.878976e+03  -5.732355e+02
49  3.306031e+03  -5.738074e+02
50  4.016199e+03  -3.251525e+02
51  3.085581e+03  -7.347636e+02
52  4.901356e+03  -1.189540e+03
53  -1.639388e+03  -5.134678e+02
54  1.928302e+03  2.934743e+02
55  1.461664e+04  1.173603e+03
56  1.996280e+04  1.541512e+03
57  2.826119e+04  1.420117e+03
58  4.287415e+04  1.550638e+03
59  1.061387e+05  1.047891e+03
60  1.718044e+05  1.680067e+03
61  2.929139e+05  2.374675e+03
62  5.524423e+05  4.886962e+03
63  1.297724e+06  5.855089e+03
ENDPROP
STARTPROP
MASSES:  4.200000e-03   4.200000e-03
SOURCE: GAM_15
SINKS: GAM_15
0  -1.096199e+05  -1.503873e+03
1  -1.036729e+06  2.108996e+03
2  -2.614827e+05  -2.770100e+03
3  -7.810919e+04  -7.734299e+02
4  7.010249e+03  -1.673012e+02
5  1.705302e+04  5.865914e+02
6  1.016253e+04  3.531199e+02
7  1.994128e+04  -6.160761e+02
8  1.854026e+04  -1.383861e+03
9  1.552956e+04  -1.701858e+03
10  7.874604e+03  -1.708789e+03
11  -3.697235e+02  -8.704103e+02
12  -1.780656e+03  -3.015407e+02
13  -4.934608e+03  -3.954305e+02
14  -3.929851e+02  -5.894106e+02
15  4.273436e+03  -1.669093e+02
16  4.878380e+03  1.165059e+02
17  3.793269e+03  2.079090e+02
18  2.118409e+03  2.174764e+00
19  1.093253e+03  -5.993970e+01
20  1.805337e+03  3.930461e+01
21  1.666221e+03  1.891297e+02
22  1.916188e+03  2.009004e+02
23  1.903066e+03  2.592314e+02
24  1.446871e+03  2.280690e+02
25  1.620218e+03  1.976932e+02
26  1.686462e+03  1.620396e+02
27  8.989498e+02  1.600534e+02
28  1.053103e+03  1.041330e+02
29  1.164947e+03  4.769120e+01
30  7.321981e+02  1.103374e+00
31  2.250042e+02  -5.301408e+01
32  -8.127903e+01  -4.874832e+01
33  -3.656403e+02  -3.518021e+01
34  -6.704923e+02  2.585383e-01
35  -7.329325e+02  -1.481218e+01
36  -4.452515e+02  -1.539465e+01
37  -1.990945e+02  -6.924073e+01
38  6.090380e+02  -1.083540e+02
39  5.479733e+02  -1.296600e+02
40  3.993967e+02  -9.292751e+01
41  1.688601e+03  2.537282e+01
42  3.179848e+03  7.985255e+01
43  5.021880e+03  8.677182e+01
44  5.321233e+03  -4.790922e+01
45  5.316095e+03  -1.755106e+02
46  6.037996e+03  -2.833020e+02
47  9.429169e+03  -3.481860e+02
48  8.435270e+03  2.228466e+01
49  6.249015e+03  8.862265e+02
50  8.380554e+02  2.051693e+03
51  -5.153408e+02  2.802714e+03
52  3.798752e+03  2.329614e+03
53  1.179704e+04  6.565294e+02
54  1.450406e+04  -8.335158e+02
55  -1.954078e+03  -1.526942e+03
56  -2.138513e+04  -2.387928e+03
57  -2.623625e+04  -2.895089e+03
58  -2.149966e+04  -3.146129e+03
59  -1.720983e+04  -2.505820e+03
60  -5.208421e+04  -5.174769e+03
61  -1.187765e+05  -5.578873e+03
62  -3.305422e+05  -3.369165e+03
63  -1.082022e+06  -5.519142e+03
ENDPROP
STARTPROP
MASSES:  4.200000e-03   4.200000e-03
SOURCE: GAM_25
SINKS: GAM_25
0  -2.667540e+05  -7.577832e+03
1  -1.171805e+06  1.967538e+03
2  -4.027226e+05  1.179120e+03
3  -1.707115e+05  4.852181e+02
4  -5.079151e+03  1.233325e+03
5  4.547746e+04  3.435452e+02
6  2.569946e+04  3.480724e+02
7  -1.053426e+04  -8.620982e+02
8  -2.600133e+04  -1.664424e+02
9  -2.557497e+04  -1.751848e+02
10  -1.685195e+04  -9.432851e+02
11  -5.914368e+03  -1.204318e+03
12  -1.587702e+03  -1.722563e+03
13  -1.912482e+03  -2.262202e+03
14  2.153883e+03  -2.398899e+03
15  2.270198e+03  -1.957301e+03
16  4.877572e+03  -1.886305e+03
17  6.639588e+03  -1.633447e+03
18  7.702606e+03  -1.091282e+03
19  6.527503e+03  -6.743503e+02
20  2.864117e+03  -2.398718e+02
21  9.391905e+02  -2.675929e+02
22  6.741393e+02  -9.925969e+01
23  4.865816e+02  1.543019e+01
24  4.205814e+02  -8.272533e-01
25  3.970812e+02  -5.951760e+01
26  3.432400e+02  -1.633362e+02
27  1.858697e+02  -2.390116e+02
28  1.589015e+02  -2.299309e+02
29  2.663851e+01  -1.268923e+02
30  8.201494e+01  -1.832338e+01
31  -2.802305e+01  1.284744e+01
32  -7.623463e+01  3.953216e+00
33  6.861331e+01  5.788289e+00
34  3.533576e+02  5.436083e+01
35  3.806419e+02  1.694090e+02
36  2.719802e+02  2.385441e+02
37  7.683741e+01  2.741120e+02
38  -2.709344e+01  2.463820e+02
39  1.605377e+02  2.722875e+02
40  4.332537e+02  3.078382e+02
41  1.251221e+03  3.816088e+02
42  1.717335e+03  3.581372e+02
43  1.339247e+03  2.898945e+02
44  1.112020e+02  2.958701e+02
45  -2.867705e+03  4.177797e+02
46  -5.215245e+03  2.323067e+02
47  -6.005208e+03  -2.502936e+02
48  -4.700341e+03  -1.736030e+02
49  -2.813977e+03  -3.344554e+02
50  1.149181e+03  -2.303356e+02
51  3.154819e+03  6.048474e+02
52  8.108958e+03  7.659394e+02
53  9.828214e+03  5.843485e+02
54  2.493973e+03  -7.606837e+02
55  -3.454435e+03  -2.918078e+03
56  -1.519855e+04  -4.517429e+03
57  -3.644094e+04  -5.102815e+03
58  -7.188350e+04  -5.013885e+03
59  -9.329785e+04  -7.402712e+03
60  -1.194610e+05  -1.053100e+04
61  -2.183290e+05  -1.091401e+04
62  -4.474181e+05  -1.127782e+04
63  -1.209899e+06  -1.319385e+04
ENDPROP
STARTPROP
MASSES:  4.200000e-03   4.200000e-03
SOURCE: GAM_35
SINKS: GAM_35
0  -3.114053e+05  -2.968485e+03
1  -1.234817e+06  4.823065e+03
2  -3.983388e+05  -1.045132e+03
3  -1.544563e+05  -5.532907e+03
4  -5.127103e+04  -8.251589e+03
5  2.115220e+03  -5.569511e+03
6  8.880883e+03  -2.376717e+03
7  1.583566e+04  -1.836893e+02
8  1.521345e+04  7.070649e+02
9  5.355029e+03  1.343626e+02
10  3.539478e+03  -6.925523e+02
11  6.734575e+02  -1.067281e+03
12  -3.714329e+03  -4.219366e+02
13  -4.790127e+03  5.422622e+02
14  -3.853983e+03  9.230134e+02
15  -2.005365e+03  9.852683e+02
16  -1.203931e+03  7.269057e+02
17  -2.591436e+03  5.380168e+02
18  -1.074970e+03  1.407463e+02
19  -7.539254e+02  1.211171e+02
20  -5.213523e+02  1.030158e+02
21  -2.870051e+02  1.482015e+02
22  -1.008508e+03  2.809458e+02
23  -1.233374e+03  2.865083e+02
24  -6.609680e+02  3.024411e+02
25  6.475755e+01  1.409945e+02
26  3.020281e+02  2.180708e+01
27  1.510107e+02  4.538606e+01
28  6.347313e+00  5.326519e+01
29  -1.280447e+02  9.624555e+01
30  2.368885e+02  1.273094e+02
31  2.377593e+02  1.640768e+02
32  4.324733e+02  1.324307e+02
33  3.759290e+02  8.688200e+01
34  4.550666e+02  -7.285312e+00
35  2.404619e+02  -4.126934e+01
36  7.705911e+01  -3.753317e+00
37  2.698906e+02  -1.143186e+01
38  2.830510e+02  6.158842e+01
39  -9.633522e+01  -4.248548e+01
40  -3.574083e+02  -1.543117e+02
41  -4.643721e+02  -9.100944e+01
42  2.028008e+02  1.247069e+00
43  2.282944e+02  1.114688e+02
44  -4.137781e+02  2.899994e+02
45  -3.728333e+03  1.490230e+02
46  -8.498893e+03  4.643584e+01
47  -1.026317e+04  4.411777e+02
48  -9.095074e+03  1.338380e+03
49  -1.019912e+04  1.522105e+03
50  -1.375666e+04  1.690585e+03
51  -1.576535e+04  2.064693e+03
52  -1.937762e+04  2.386568e+03
53  -2.722129e+04  2.094248e+03
54  -3.330154e+04  1.997902e+03
55  -4.294009e+04  2.022759e+03
56  -4.965950e+04  3.605067e+02
57  -6.937434e+04  -5.283474e+02
58  -8.436629e+04  -4.280215e+02
59  -9.221399e+04  -3.603160e+02
60  -1.096422e+05  4.165927e+02
61  -2.094238e+05  -3.976306e+02
62  -4.389532e+05  -3.596142e+03
63  -1.212416e+06  -9.109055e+03
ENDPROP
STARTPROP
MASSES:  4.200000e-03   4.200000e-03
SOURCE: GAM_45
SINKS: GAM_45
0  -1.752802e+06  1.265977e+03
1  6.483671e+05  -5.843593e+03
2  2.986179e+05  -1.274293e+03
3  2.579153e+05  -3.583044e+02
4  2.089621e+05  -2.828761e+03
5  1.651447e+05  -3.958741e+03
6  1.316296e+05  -3.651044e+03
7  1.093792e+05  -3.627990e+03
8  8.661703e+04  -2.890457e+03
9  7.248939e+04  -9.327980e+02
10  6.148814e+04  -7.664007e+02
11  5.074934e+04  -2.754972e+02
12  4.296659e+04  1.565819e+02
13  3.476543e+04  -1.680469e+02
14  3.150233e+04  -6.180775e+02
15  2.594292e+04  -6.016538e+02
16  2.049079e+04  -5.683413e+02
17  1.647115e+04  -3.002189e+02
18  1.420972e+04  -3.246082e+02
19  1.193686e+04  -2.846342e+02
20  9.984355e+03  -1.884907e+02
21  8.332562e+03  -1.137415e+02
22  7.035763e+03  -1.763562e+02
23  5.720219e+03  -8.874001e+01
24  4.621669e+03  -8.805466e+01
25  3.942332e+03  -4.122627e+01
26  3.145348e+03  -9.941724e+00
27  2.881776e+03  3.839424e+01
28  2.705479e+03  8.437322e+00
29  2.671138e+03  -7.380266e-01
30  2.598240e+03  -9.598558e+00
31  2.580356e+03  -8.882731e+00
32  2.649568e+03  -3.928762e+00
33  2.706488e+03  -9.263100e+00
34  2.827988e+03  -1.728362e+01
35  3.251062e+03  -5.792408e+01
36  3.675093e+03  -7.165348e+01
37  4.031016e+03  -1.489405e+02
38  4.469532e+03  -1.518431e+02
39  5.282750e+03  -7.912716e+01
40  6.152692e+03  -6.920380e+01
41  7.251130e+03  -2.600961e+00
42  8.028024e+03  6.672461e+01
43  9.391741e+03  1.273348e+02
44  1.207456e+04  1.417853e+02
45  1.457968e+04  1.437894e+02
46  1.712734e+04  1.669238e+02
47  2.114582e+04  2.048306e+02
48  2.494760e+04  1.345701e+01
49  3.076946e+04  -3.639304e+01
50  3.592708e+04  -1.679135e+01
51  4.524788e+04  7.741143e+01
52  5.410886e+04  -1.300695e+02
53  6.279447e+04  1.179364e+02
54  7.837305e+04  3.689196e+02
55  9.070135e+04  6.763790e+02
56  1.127535e+05  1.168625e+03
57  1.354388e+05  6.017389e+01
58  1.653287e+05  2.500208e+02
59  1.920464e+05  -6.863779e+02
60  2.332317e+05  1.533465e+02
61  2.615754e+05  9.701753e+02
62  3.136051e+05  3.306233e+03
63  6.441322e+05  6.397260e+03
ENDPROP
STARTPROP
MASSES:  4.200000e-03   4.200000e-03
SOURCE: PSAX4
SINKS: GAM_4
0  7.261877e+04  -4.734496e+03
1  1.713078e+06  -5.755229e+03
2  1.299263e+06  -4.837735e+03
3  1.100483e+06  -2.150251e+03
4  9.280022e+05  2.198534e+02
5  7.659681e+05  -8.615405e+01
6  6.328622e+05  -1.048717e+03
7  5.269786e+05  -1.860814e+03
8  4.409329e+05  -1.397909e+03
9  3.606539e+05  -1.352194e+03
10  2.976055e+05  -2.274561e+01
11  2.526440e+05  5.388704e+02
12  2.086086e+05  6.975276e+02
13  1.720557e+05  1.931541e+02
14  1.436119e+05  -1.030865e+02
15  1.197795e+05  -8.495095e+01
16  9.929925e+04  -1.030626e+02
17  8.311588e+04  -9.064333e+01
18  6.963411e+04  -2.655046e+02
19  5.762982e+04  -4.280290e+02
20  4.810950e+04  -3.933338e+02
21  3.961531e+04  -2.318890e+02
22  3.343179e+04  -1.802731e+02
23  2.771913e+04  -4.944768e+00
24  2.188466e+04  2.923271e+01
25  1.777485e+04  8.045308e+01
26  1.347054e+04  7.997232e+00
27  1.032143e+04  -7.198770e+00
28  7.899668e+03  -4.788813e+01
29  5.367967e+03  -5.626735e+01
30  3.266309e+03  -5.606725e+01
31  1.158831e+03  -3.074961e+01
32  -7.897852e+02  3.678077e+01
33  -2.722424e+03  9.252246e+01
34  -4.708310e+03  9.406453e+01
35  -6.980743e+03  1.675713e+02
36  -9.216882e+03  1.713871e+02
37  -1.204993e+04  2.017507e+02
38  -1.500564e+04  2.279297e+02
39  -1.818667e+04  1.516719e+02
40  -2.269114e+04  1.824164e+02
41  -2.780533e+04  1.303690e+02
42  -3.337332e+04  1.146564e+02
43  -3.964126e+04  9.882289e+01
44  -4.890282e+04  1.025839e+02
45  -5.915219e+04  1.617325e+02
46  -7.017753e+04  3.855268e+02
47  -8.399682e+04  3.497408e+02
48  -9.950553e+04  7.865123e+02
49  -1.204251e+05  1.105781e+03
50  -1.433389e+05  1.321876e+03
51  -1.743096e+05  1.620209e+03
52  -2.038669e+05  2.168931e+03
53  -2.455211e+05  1.351253e+03
54  -2.985284e+05  1.207136e+03
55  -3.556107e+05  1.742246e+03
56  -4.318876e+05  1.086214e+03
57  -5.287172e+05  2.534954e+03
58  -6.252421e+05  3.408509e+03
59  -7.402142e+05  3.414002e+03
60  -8.799078e+05  2.792437e+03
61  -1.025841e+06  -1.233273e+03
62  -1.205313e+06  -1.254807e+03
63  -1.588886e+06  -3.210948e+03
ENDPROP
STARTPROP
MASSES:  4.200000e-03   4.200000e-03
SOURCE: WWPSAX4
SINKS: GAM_4
0  -2.919801e+08  -1.764104e+08
1  2.080697e+09  -1.230009e+06
2  1.073128e+09  -1.090715e+07
3  1.102251e+09  1.459976e+07
4  6.623305e+08  7.290712e+06
5  6.171683e+08  2.410985e+07
6  1.508979e+08  -1.898561e+07
7  3.104302e+08  2.152658e+07
8  3.246818e+08  8.692280e+06
9  1.497945e+08  5.498511e+06
10  2.670127e+08  -2.519706e+06
11  2.328674e+08  1.450450e+06
12  1.213148e+08  4.049314e+05
13  2.112513e+08  -7.419431e+06
14  9.545980e+07  2.291335e+06
15  9.305372e+07  2.281439e+06
16  7.185755e+07  -7.212921e+06
17  4.148753e+07  2.737889e+06
18  2.819279e+07  1.741938e+06
19  5.576823e+07  9.441702e+05
20  4.221901e+07  1.720075e+06
21  3.668866e+07  6.972502e+05
22  2.163786e+07  -1.807664e+06
23  2.583896e+07  4.363115e+05
24  2.735826e+07  3.138909e+06
25  7.133317e+06  -1.456381e+04
26  8.105160e+06  1.112848e+06
27  6.754862e+06  1.327820e+06
28  1.180503e+07  -8.848418e+04
29  2.821706e+06  1.625103e+05
30  4.664588e+06  -4.632741e+05
31  -9.117920e+05  -1.111030e+06
32  5.738334e+06  2.924656e+05
33  3.696435e+04  4.432138e+05
34  -2.003927e+06  9.822519e+05
35  -2.129989e+06  5.341302e+04
36  -8.244464e+06  1.721318e+05
37  -3.916834e+06  -3.156329e+05
38  2.873929e+06  4.748993e+05
39  -1.235561e+07  5.007945e+05
40  -1.832766e+07  2.340002e+06
41  -8.558489e+06  2.038705e+06
42  -2.003134e+07  2.489046e+05
43  -2.778549e+07  -2.653821e+06
44  -3.358632e+07  -1.162770e+06
45  -2.524642e+07  5.374050e+05
46  -4.911543e+07  -1.231178e+06
47  -7.222737e+07  -1.499654e+06
48  -3.499405e+07  -1.314197e+06
49  -7.814835e+07  5.751608e+05
50  -4.307471e+07  9.564763e+05
51  -3.804155e+07  -1.820405e+06
52  -7.173096e+07  1.774809e+05
53  -1.338870e+08  -6.997010e+06
54  -2.666765e+08  1.805480e+07
55  -1.627777e+08  2.532227e+06
56  -4.280539e+08  -7.221687e+06
57  -5.235679e+08  -2.679388e+07
58  -1.704368e+08  -9.010942e+06
59  -8.216509e+08  1.535384e+07
60  -6.322180e+08  6.077679e+05
61  -1.058831e+09  1.668514e+07
62  -9.042942e+08  -9.319533e+06
63  -1.481038e+09  -3.109823e+07
ENDPROP
STARTPROP
MASSES:  4.200000e-03   4.200000e-03
SOURCE: WWGAM_5
SINKS: GAM_5
0  1.619882e+10  -8.968419e+01
1  4.411569e+09  4.426054e+07
2  3.380072e+09  1.140267e+07
3  3.280472e+09  2.471318e+07
4  1.890104e+09  -1.400843e+07
5  1.850716e+09  -5.071401e+06
6  1.720000e+09  -1.551548e+07
7  1.047925e+09  1.710203e+07
8  1.163350e+09  -5.287343e+06
9  7.589716e+08  2.451057e+07
10  8.177342e+08  -1.016905e+07
11  6.757980e+08  3.648332e+06
12  6.013409e+08  -1.013649e+07
13  5.578410e+08  2.852886e+06
14  4.019892e+08  -6.706834e+06
15  3.352864e+08  -3.164964e+06
16  2.888923e+08  -2.309226e+06
17  1.974365e+08  5.424799e+06
18  1.724758e+08  3.816174e+05
19  2.008514e+08  -5.492869e+05
20  1.509827e+08  1.013907e+06
21  1.282781e+08  -1.154341e+06
22  7.948422e+07  3.458794e+05
23  7.844260e+07  -1.833118e+05
24  7.433499e+07  -6.299391e+05
25  5.046331e+07  -6.283663e+05
26  4.909696e+07  2.373619e+05
27  4.524170e+07  -8.644988e+05
28  4.229308e+07  -3.497251e+04
29  3.152047e+07  -2.317516e+05
30  2.905842e+07  -9.518846e+05
31  3.085465e+07  -7.425138e+03
32  2.788060e+07  -4.054313e+05
33  2.730054e+07  -9.133723e+05
34  3.025155e+07  5.508785e+04
35  3.083574e+07  -6.349694e+04
36  3.343766e+07  -8.909627e+05
37  3.962849e+07  -1.029037e+05
38  4.366195e+07  -3.714661e+05
39  5.968354e+07  -2.575841e+06
40  5.912452e+07  -1.216867e+06
41  8.153038e+07  -1.259999e+06
42  1.155017e+08  -2.233637e+06
43  1.238598e+08  -1.098161e+06
44  1.114997e+08  -4.880218e+05
45  1.630477e+08  5.674506e+05
46  2.121311e+08  -2.490654e+06
47  1.999942e+08  -1.328165e+05
48  2.269141e+08  2.243016e+06
49  2.776323e+08  -2.025661e+06
50  3.369682e+08  4.084764e+06
51  4.402612e+08  5.172961e+06
52  4.778210e+08  2.503779e+06
53  6.060437e+08  1.755003e+07
54  9.438094e+08  -9.373373e+06
55  9.676114e+08  -1.861945e+06
56  1.253007e+09  -3.693224e+05
57  1.679205e+09  -2.937851e+05
58  1.464944e+09  6.906386e+06
59  2.252420e+09  -6.733672e+06
60  2.445369e+09  -6.096744e+06
61  3.121355e+09  -3.453406e+07
62  3.081352e+09  3.038752e+06
63  4.461449e+09  2.018898e+06
ENDPROP
