STARTPROP
MASSES:  4.500000e-02   4.200000e-03
SOURCE: GAM_1
SINKS: GAM_1
0  1.155598e+06  9.007944e+03
1  1.867259e+06  4.899363e+04
2  8.228197e+05  3.785080e+04
3  4.218539e+05  2.097227e+04
4  2.228423e+05  1.441223e+04
5  1.137660e+05  1.044832e+04
6  5.908217e+04  6.215875e+03
7  2.995820e+04  2.721098e+03
8  1.496463e+04  1.441661e+03
9  7.871796e+03  9.309568e+02
10  3.832539e+03  1.192983e+03
11  1.969362e+03  6.814258e+02
12  8.987498e+02  5.269655e+02
13  3.424491e+02  3.496699e+02
14  1.394500e+02  2.129307e+02
15  -4.827631e+01  7.698130e+01
16  -7.183866e+01  3.449012e+01
17  -6.407796e+01  -1.189217e+01
18  -9.570378e+01  -6.217423e+01
19  -9.704433e+01  -5.887974e+01
20  -9.074489e+01  -5.155756e+01
21  -6.218019e+01  -3.823132e+01
22  -3.243940e+01  -1.305858e+01
23  -9.236501e+00  1.839417e+00
24  -9.535442e-01  8.038696e+00
25  3.360213e+00  1.013151e+01
26  -1.003541e+00  5.692685e+00
27  -2.969992e+00  4.950689e+00
28  -2.282392e+00  2.297997e+00
29  -1.061656e+00  1.050804e+00
30  9.176005e-01  8.003893e-01
31  1.245308e+00  7.827137e-01
32  8.625105e-01  -2.338955e-02
33  2.383158e-01  -9.280664e-01
34  -6.788744e-02  -1.252053e+00
35  -9.448971e-01  -9.426837e-01
36  -2.119450e+00  -4.943981e-01
37  -2.863631e+00  6.362961e-01
38  -3.050786e+00  4.663327e+00
39  -5.703430e+00  9.368009e+00
40  -8.895024e+00  1.673124e+01
41  -1.377618e+01  1.540892e+01
42  -3.227869e+01  1.034896e+01
43  -6.438133e+01  1.346127e+01
44  -8.072768e+01  -2.565097e+00
45  -9.896758e+01  -2.109235e+01
46  -8.701683e+01  -5.132533e+01
47  -1.160862e+02  -5.378258e+01
48  -8.220259e+01  -2.307668e+02
49  -3.127555e+00  -3.709523e+02
50  -1.148088e+02  -3.725916e+02
51  8.630274e+01  -3.745516e+02
52  1.724577e+02  -5.769780e+02
53  2.729121e+02  -5.402870e+02
54  1.049917e+03  -5.873356e+01
55  3.250439e+03  6.290983e+02
56  1.052068e+04  1.777501e+03
57  2.616554e+04  2.103670e+03
58  5.373310e+04  2.618253e+03
59  1.073312e+05  7.090237e+03
60  2.137366e+05  9.215796e+03
61  4.269642e+05  1.360669e+04
62  8.356346e+05  -5.447284e+02
63  1.860464e+06  -2.137398e+04
ENDPROP
STARTPROP
MASSES:  4.500000e-02   4.200000e-03
SOURCE: GAM_2
SINKS: GAM_2
0  1.127480e+06  2.311190e+04
1  1.837427e+06  3.183289e+04
2  8.393957e+05  1.435174e+04
3  4.374032e+05  6.564580e+03
4  2.248192e+05  5.653662e+03
5  1.145795e+05  9.205811e+03
6  5.718303e+04  9.280840e+03
7  2.770177e+04  5.709198e+03
8  1.386126e+04  2.676063e+03
9  6.807474e+03  3.727079e+02
10  3.876197e+03  -5.461873e+02
11  2.383506e+03  -7.847641e+02
12  1.055701e+03  -3.837133e+01
13  8.086304e+02  1.910536e+02
14  4.599718e+02  9.539194e+01
15  3.269500e+02  -2.237755e+02
16  2.338385e+02  -2.128625e+02
17  2.517068e+00  -1.250593e+02
18  -4.160587e+01  -7.336826e+01
19  -3.072170e+01  -5.486729e+01
20  -2.357031e+01  -1.117191e+01
21  -1.482732e+01  2.614708e+01
22  -1.466936e+00  1.689471e+01
23  -7.803552e+00  8.548845e-01
24  -9.511295e+00  -1.083956e+01
25  -1.248508e+01  -1.107342e+01
26  -1.360796e+01  -9.396036e+00
27  -9.049910e+00  -6.705160e+00
28  -4.747318e+00  -2.481751e+00
29  -2.522895e+00  -4.104305e-01
30  -1.072167e+00  5.059617e-01
31  1.705916e-01  -3.911945e-02
32  1.632777e+00  2.684741e-01
33  2.529242e+00  1.437216e+00
34  2.720984e+00  2.612449e+00
35  2.213245e+00  1.802641e+00
36  3.070340e-01  -4.523409e-01
37  -2.297124e+00  -4.588515e+00
38  -6.055446e+00  -6.520082e+00
39  -1.061749e+01  -4.731303e+00
40  -1.295022e+01  -2.715900e+00
41  -2.304221e+01  -9.629894e-01
42  -3.651491e+01  -1.218465e+01
43  -6.204684e+01  -3.176711e+01
44  -1.032907e+02  -8.757253e+01
45  -7.353549e+01  -1.527211e+02
46  -3.524166e+01  -2.105707e+02
47  -7.041685e+01  -2.344275e+02
48  -1.181613e+02  -3.015880e+02
49  -6.629255e+01  -4.567632e+02
50  3.789793e+02  -5.709977e+02
51  1.114700e+03  -5.765255e+02
52  1.856939e+03  -3.959630e+02
53  3.373405e+03  -5.265807e+01
54  6.223496e+03  3.884208e+02
55  9.994022e+03  1.139188e+03
56  1.639653e+04  1.442022e+03
57  3.078667e+04  2.367928e+03
58  5.666182e+04  1.975665e+03
59  1.095534e+05  9.463316e+02
60  2.111946e+05  1.516739e+03
61  4.138965e+05  3.727710e+03
62  8.223774e+05  3.996669e+03
63  1.839701e+06  3.691223e+02
ENDPROP
STARTPROP
MASSES:  4.500000e-02   4.200000e-03
SOURCE: GAM_3
SINKS: GAM_3
0  1.127462e+06  -6.458488e+03
1  1.857771e+06  2.199298e+04
2  8.256168e+05  1.153817e+04
3  4.123567e+05  1.491772e+04
4  2.127905e+05  1.629153e+04
5  1.037941e+05  1.286546e+04
6  5.214096e+04  9.978038e+03
7  2.764953e+04  6.406414e+03
8  1.443948e+04  3.467724e+03
9  6.460236e+03  1.469945e+03
10  2.498713e+03  8.665312e+02
11  1.198332e+03  5.909673e+02
12  1.083627e+03  3.963837e+02
13  6.330527e+02  2.123703e+01
14  3.231082e+02  5.876121e+01
15  2.132418e+02  1.041359e+02
16  1.747812e+02  1.866712e+02
17  1.624051e+02  1.191465e+02
18  1.069598e+02  6.649693e+01
19  5.122010e+01  3.773870e+01
20  4.609753e+01  3.857500e+01
21  2.637993e+01  3.166647e+01
22  1.615689e+01  2.999495e+01
23  7.797389e+00  2.460307e+01
24  5.529618e+00  1.176829e+01
25  1.799661e+00  4.835587e+00
26  4.855796e+00  4.766772e+00
27  3.333856e+00  5.371710e+00
28  -9.460759e-01  3.616911e+00
29  -3.075295e+00  1.218565e+00
30  -3.768400e+00  1.392402e-01
31  -2.154293e+00  -9.996388e-01
32  -1.410245e+00  -1.657794e+00
33  -7.549817e-01  -2.480969e+00
34  4.201326e-02  -3.264461e+00
35  1.190006e+00  -3.310274e+00
36  1.487614e+00  -3.726483e+00
37  4.453217e+00  -6.936209e+00
38  1.129008e+01  -1.020250e+01
39  1.807607e+01  -1.302617e+01
40  2.358253e+01  -1.215818e+01
41  2.065567e+01  -1.097638e+01
42  2.092278e+01  -1.338914e+01
43  1.075532e+01  -1.274940e+01
44  1.180852e+01  -1.030842e+01
45  4.002579e+01  -2.077635e+01
46  6.685888e+01  -5.374733e+01
47  5.743951e+01  -1.052659e+02
48  8.122206e+01  -2.111196e+02
49  -1.244875e+02  -4.097603e+02
50  -4.432283e+02  -4.261492e+02
51  -5.829808e+02  -4.177562e+02
52  -4.598374e+02  -1.948148e+02
53  2.035696e+02  -3.211402e+02
54  1.929692e+03  -1.395730e+03
55  4.998900e+03  -2.009612e+03
56  8.476436e+03  -9.597242e+02
57  2.199522e+04  5.059446e+02
58  4.777145e+04  5.735890e+03
59  9.597311e+04  7.813254e+03
60  1.997005e+05  7.905941e+03
61  4.093781e+05  4.910516e+03
62  8.172477e+05  -4.409969e+03
63  1.838681e+06  -2.572936e+04
ENDPROP
STARTPROP
MASSES:  4.500000e-02   4.200000e-03
SOURCE: GAM_4
SINKS: GAM_4
0  2.101462e+06  2.063846e+04
1  -3.136615e+05  -1.020821e+04
2  -1.346924e+04  -2.191484e+03
3  -6.651631e+03  -4.128754e+02
4  -2.254103e+03  9.424849e+02
5  -2.836702e+03  1.130553e+03
6  -1.919209e+03  1.605919e+03
7  -4.897092e+02  1.200102e+03
8  4.369349e+02  1.043346e+03
9  5.400791e+02  1.446033e+03
10  4.076306e+02  9.917127e+02
11  5.689125e+02  7.282069e+02
12  3.081676e+02  4.243668e+02
13  2.690387e+02  3.389329e+02
14  2.023442e+02  1.848993e+02
15  1.518654e+02  6.671246e+01
16  1.565501e+02  1.409403e+01
17  7.400968e+01  -2.430695e+01
18  5.197861e+01  -4.484186e+00
19  2.406097e+01  -1.042760e+01
20  1.878284e+01  -1.770006e+01
21  1.018237e+01  -1.691734e+01
22  4.360915e+00  -2.131300e+01
23  -1.239316e+00  -1.507858e+01
24  -7.783259e-01  -1.074696e+01
25  -1.185855e+00  -7.642672e+00
26  -2.832318e+00  -5.330533e+00
27  -2.818275e+00  -3.888808e+00
28  -2.958526e+00  -2.639689e+00
29  -1.947712e+00  -2.041756e+00
30  -1.243072e+00  -2.101350e+00
31  -1.264437e+00  -1.812147e+00
32  -8.698755e-01  -1.644661e+00
33  -7.817976e-01  -1.684189e+00
34  -6.356429e-01  -2.387858e+00
35  -3.361054e-01  -2.516770e+00
36  7.124678e-02  -2.597237e+00
37  -1.234404e-01  -2.175792e+00
38  3.632388e+00  -3.414624e+00
39  5.708746e+00  -2.240676e+00
40  5.970833e+00  -6.582333e+00
41  6.605234e+00  -9.909732e+00
42  1.391677e+01  -4.856696e+00
43  1.973314e+01  -7.620675e+00
44  2.573755e+01  -1.084715e+01
45  2.874347e+01  -2.203088e+01
46  3.356917e+01  -3.060447e+01
47  3.402397e+01  -1.057982e+02
48  2.244478e+01  -1.571742e+02
49  -4.458652e-01  -2.753449e+02
50  9.762688e+00  -3.621432e+02
51  7.055296e+01  -5.445611e+02
52  6.858131e+01  -5.947746e+02
53  2.070952e+02  -5.987697e+02
54  -7.702133e+01  -5.767870e+02
55  4.032753e+01  -5.116140e+02
56  1.943527e+02  -2.916146e+02
57  -1.199294e+03  1.560192e+03
58  -2.806075e+03  3.844818e+03
59  -5.537495e+03  6.645539e+03
60  -9.453491e+03  1.207741e+04
61  -1.683324e+04  2.096541e+04
62  -2.401716e+04  3.478889e+04
63  -3.117868e+05  4.719356e+04
ENDPROP
STARTPROP
MASSES:  4.500000e-02   4.200000e-03
SOURCE: GAM_5
SINKS: GAM_5
0  6.564006e+06  1.466209e+03
1  6.485565e+06  2.943291e+04
2  4.448910e+06  -5.259865e+03
3  3.079864e+06  -1.048762e+04
4  2.162890e+06  5.926909e+03
5  1.516561e+06  1.222367e+04
6  1.041185e+06  5.910608e+03
7  7.025254e+05  5.719920e+03
8  4.758476e+05  1.993944e+03
9  3.168205e+05  6.015967e+02
10  2.137591e+05  -2.004636e+03
11  1.476497e+05  -4.158917e+03
12  1.028554e+05  -4.168852e+03
13  7.139716e+04  -3.296718e+03
14  4.883186e+04  -2.046637e+03
15  3.310962e+04  -1.032463e+03
16  2.323600e+04  -5.260307e+02
17  1.652041e+04  -3.489317e+02
18  1.130929e+04  -1.530476e+02
19  7.627320e+03  2.131737e+01
20  5.143056e+03  4.369614e+01
21  3.433859e+03  2.201027e+01
22  2.262397e+03  2.948219e+01
23  1.465822e+03  6.045584e+01
24  9.631543e+02  7.588676e+01
25  6.600111e+02  6.509194e+01
26  4.693178e+02  4.713665e+01
27  3.327771e+02  2.622508e+01
28  2.368089e+02  1.333769e+01
29  1.721776e+02  1.020185e+01
30  1.340863e+02  8.256659e+00
31  1.168834e+02  5.607759e+00
32  1.156751e+02  3.032921e+00
33  1.276089e+02  3.950672e+00
34  1.517811e+02  5.868789e+00
35  1.994530e+02  6.452177e+00
36  2.831029e+02  8.347491e+00
37  4.092430e+02  1.485857e+01
38  5.798652e+02  2.415343e+01
39  8.377352e+02  5.032105e+01
40  1.227429e+03  8.901584e+01
41  1.773005e+03  1.061355e+02
42  2.548995e+03  1.107365e+02
43  3.650867e+03  1.122693e+02
44  5.304096e+03  1.602936e+02
45  7.884250e+03  2.281830e+02
46  1.157024e+04  2.759054e+02
47  1.680457e+04  4.357110e+02
48  2.434878e+04  6.673116e+02
49  3.508789e+04  1.286281e+03
50  5.050662e+04  2.485610e+03
51  7.281974e+04  3.737390e+03
52  1.043582e+05  5.012968e+03
53  1.504783e+05  6.110556e+03
54  2.173049e+05  8.906644e+03
55  3.199932e+05  1.216458e+04
56  4.825000e+05  1.383783e+04
57  7.291607e+05  1.399941e+04
58  1.069736e+06  4.440034e+03
59  1.515408e+06  -5.702232e+03
60  2.131021e+06  -1.091383e+04
61  3.033263e+06  -6.639661e+03
62  4.382252e+06  -2.217942e+04
63  6.432126e+06  -4.175796e+04
ENDPROP
STARTPROP
MASSES:  4.500000e-02   4.200000e-03
SOURCE: GAM_12
SINKS: GAM_12
0  7.139314e+05  -2.178799e+04
1  -7.722666e+05  -3.481380e+04
2  -1.956833e+05  -1.639903e+04
3  -6.924055e+04  -1.089491e+04
4  -2.390828e+04  -4.358827e+03
5  -9.790243e+03  -1.347162e+03
6  -5.553541e+03  -2.789644e+03
7  -2.849976e+03  -2.412223e+03
8  -3.099824e+01  -1.843066e+02
9  1.764170e+02  3.901400e+02
10  7.071775e+02  3.567289e+02
11  9.316730e+02  4.604161e+02
12  4.195079e+02  6.344509e+02
13  4.696709e+02  3.722085e+02
14  4.441609e+02  1.268673e+02
15  2.392084e+02  -3.383156e+01
16  1.784012e+02  -1.159926e+01
17  1.025010e+02  -5.259538e+00
18  -1.793381e+01  8.393119e+00
19  -7.820115e+00  2.109596e+01
20  1.155106e+01  2.579539e+01
21  1.743232e+01  1.189752e+01
22  9.924668e+00  6.735496e+00
23  6.419287e+00  2.853120e-01
24  1.967245e+00  -4.066506e+00
25  1.859545e+00  1.600905e+00
26  1.164607e+00  3.305296e+00
27  1.417564e+00  2.173957e+00
28  3.843281e-01  1.529611e+00
29  2.390388e-01  2.030592e+00
30  7.320103e-01  2.579874e+00
31  -3.425581e-01  2.657006e+00
32  2.949385e-01  2.252674e+00
33  3.828895e-01  1.341680e+00
34  -1.772950e-01  3.292793e-01
35  -4.048683e-01  -1.389723e+00
36  6.688851e-01  -3.493088e+00
37  1.626893e+00  -4.957541e+00
38  4.555970e+00  -6.956546e+00
39  3.276644e+00  -7.851174e+00
40  -5.258396e+00  -7.349742e+00
41  -1.256439e+01  -1.341343e+01
42  -2.681831e+01  -1.211289e+01
43  -4.153423e+01  -5.251383e+00
44  -4.579226e+01  -2.651651e+00
45  -3.155984e+01  2.874747e+00
46  -1.404203e+01  6.663321e+00
47  3.204550e+01  -1.600241e+01
48  7.847913e+01  1.113561e+01
49  9.886415e+01  -1.646973e+01
50  -9.594372e+01  -1.059766e+02
51  -3.051276e+02  -3.538094e+01
52  -6.867771e+02  1.446652e+02
53  -7.471973e+02  3.184001e+02
54  -1.923711e+03  3.101587e+02
55  -3.317378e+03  7.266373e+01
56  -4.547849e+03  -1.602025e+02
57  -6.530286e+03  1.096530e+03
58  -1.126342e+04  1.269060e+03
59  -1.618718e+04  5.029213e+02
60  -3.623310e+04  1.784657e+03
61  -8.529333e+04  5.263872e+03
62  -2.071616e+05  9.993041e+03
63  -7.726554e+05  1.207043e+04
ENDPROP
STARTPROP
MASSES:  4.500000e-02   4.200000e-03
SOURCE: GAM_21
SINKS: GAM_21
0  7.139314e+05  -2.178799e+04
1  -7.722666e+05  -3.481380e+04
2  -1.956833e+05  -1.639903e+04
3  -6.924055e+04  -1.089491e+04
4  -2.390828e+04  -4.358827e+03
5  -9.790243e+03  -1.347162e+03
6  -5.553541e+03  -2.789644e+03
7  -2.849976e+03  -2.412223e+03
8  -3.099824e+01  -1.843066e+02
9  1.764170e+02  3.901400e+02
10  7.071775e+02  3.567289e+02
11  9.316730e+02  4.604161e+02
12  4.195079e+02  6.344509e+02
13  4.696709e+02  3.722085e+02
14  4.441609e+02  1.268673e+02
15  2.392084e+02  -3.383156e+01
16  1.784012e+02  -1.159926e+01
17  1.025010e+02  -5.259538e+00
18  -1.793381e+01  8.393119e+00
19  -7.820115e+00  2.109596e+01
20  1.155106e+01  2.579539e+01
21  1.743232e+01  1.189752e+01
22  9.924668e+00  6.735496e+00
23  6.419287e+00  2.853120e-01
24  1.967245e+00  -4.066506e+00
25  1.859545e+00  1.600905e+00
26  1.164607e+00  3.305296e+00
27  1.417564e+00  2.173957e+00
28  3.843281e-01  1.529611e+00
29  2.390388e-01  2.030592e+00
30  7.320103e-01  2.579874e+00
31  -3.425581e-01  2.657006e+00
32  2.949385e-01  2.252674e+00
33  3.828895e-01  1.341680e+00
34  -1.772950e-01  3.292793e-01
35  -4.048683e-01  -1.389723e+00
36  6.688851e-01  -3.493088e+00
37  1.626893e+00  -4.957541e+00
38  4.555970e+00  -6.956546e+00
39  3.276644e+00  -7.851174e+00
40  -5.258396e+00  -7.349742e+00
41  -1.256439e+01  -1.341343e+01
42  -2.681831e+01  -1.211289e+01
43  -4.153423e+01  -5.251383e+00
44  -4.579226e+01  -2.651651e+00
45  -3.155984e+01  2.874747e+00
46  -1.404203e+01  6.663321e+00
47  3.204550e+01  -1.600241e+01
48  7.847913e+01  1.113561e+01
49  9.886415e+01  -1.646973e+01
50  -9.594372e+01  -1.059766e+02
51  -3.051276e+02  -3.538094e+01
52  -6.867771e+02  1.446652e+02
53  -7.471973e+02  3.184001e+02
54  -1.923711e+03  3.101587e+02
55  -3.317378e+03  7.266373e+01
56  -4.547849e+03  -1.602025e+02
57  -6.530286e+03  1.096530e+03
58  -1.126342e+04  1.269060e+03
59  -1.618718e+04  5.029213e+02
60  -3.623310e+04  1.784657e+03
61  -8.529333e+04  5.263872e+03
62  -2.071616e+05  9.993041e+03
63  -7.726554e+05  1.207043e+04
ENDPROP
STARTPROP
MASSES:  4.500000e-02   4.200000e-03
SOURCE: GAM_13
SINKS: GAM_13
0  7.935901e+05  1.837569e+04
1  -7.226518e+05  -4.962276e+03
2  -1.674440e+05  -3.805522e+03
3  -5.960054e+04  -2.781590e+03
4  -1.621193e+04  -1.790246e+02
5  -6.073974e+03  -2.767497e+02
6  -2.723815e+03  3.370029e+02
7  -5.247537e+02  2.176534e+03
8  -3.260163e+02  -2.622703e+02
9  5.502946e+02  5.018224e+01
10  3.168721e+02  5.714892e+02
11  9.592432e+01  3.982481e+02
12  -7.054278e+00  6.150472e+01
13  2.244660e+01  6.686183e+01
14  1.949157e+02  4.440540e+01
15  1.911489e+02  3.514158e+01
16  1.528886e+02  3.738197e+01
17  1.752335e+02  1.071193e+00
18  1.381430e+02  -3.068714e+01
19  7.043367e+01  -2.685089e+01
20  4.853629e+01  -2.001213e+00
21  2.798578e+01  -8.113152e+00
22  1.558892e+01  -1.421419e+01
23  1.335382e+00  -1.192647e+01
24  -6.692884e+00  -5.137624e+00
25  -3.777501e+00  2.613396e+00
26  -1.080757e+00  3.250208e+00
27  7.382890e-01  2.052658e+00
28  7.095218e-01  1.379731e+00
29  9.955860e-01  2.557773e-01
30  2.092532e-01  1.707562e-01
31  4.672659e-01  1.045867e+00
32  2.142306e-01  1.068924e+00
33  1.450118e-02  1.222417e+00
34  -1.048575e+00  1.049330e+00
35  -1.049896e+00  9.070432e-01
36  -8.619064e-01  -7.129042e-01
37  -2.673896e+00  -3.057595e+00
38  -5.279528e+00  -5.133257e+00
39  -9.992803e+00  -6.458081e+00
40  -9.914683e+00  -5.565853e+00
41  -1.015815e+01  -4.362787e+00
42  -1.156841e+01  -8.185441e+00
43  6.518950e+00  -9.008733e+00
44  3.377847e+01  -9.853334e+00
45  4.622881e+01  -4.436612e+01
46  5.004472e+01  -9.408465e+01
47  3.560692e+01  -9.234773e+01
48  -5.262804e+01  -9.017322e+00
49  -9.654353e+01  1.486992e+02
50  8.154162e+00  3.120394e+01
51  3.636750e+01  -9.572439e+01
52  -2.409979e+02  -2.565646e+01
53  2.683133e+02  9.378274e+01
54  1.331803e+03  4.836285e+02
55  1.259797e+03  1.129134e+03
56  4.925398e+02  2.499141e+03
57  -1.253076e+03  3.610214e+03
58  -4.199102e+03  4.318378e+03
59  -6.863943e+03  6.730633e+03
60  -2.039502e+04  9.480048e+03
61  -6.151701e+04  1.078474e+04
62  -1.728995e+05  2.283870e+04
63  -7.131866e+05  4.144331e+04
ENDPROP
STARTPROP
MASSES:  4.500000e-02   4.200000e-03
SOURCE: GAM_31
SINKS: GAM_31
0  7.935901e+05  1.837569e+04
1  -7.226518e+05  -4.962276e+03
2  -1.674440e+05  -3.805522e+03
3  -5.960054e+04  -2.781590e+03
4  -1.621193e+04  -1.790246e+02
5  -6.073974e+03  -2.767497e+02
6  -2.723815e+03  3.370029e+02
7  -5.247537e+02  2.176534e+03
8  -3.260163e+02  -2.622703e+02
9  5.502946e+02  5.018224e+01
10  3.168721e+02  5.714892e+02
11  9.592432e+01  3.982481e+02
12  -7.054278e+00  6.150472e+01
13  2.244660e+01  6.686183e+01
14  1.949157e+02  4.440540e+01
15  1.911489e+02  3.514158e+01
16  1.528886e+02  3.738197e+01
17  1.752335e+02  1.071193e+00
18  1.381430e+02  -3.068714e+01
19  7.043367e+01  -2.685089e+01
20  4.853629e+01  -2.001213e+00
21  2.798578e+01  -8.113152e+00
22  1.558892e+01  -1.421419e+01
23  1.335382e+00  -1.192647e+01
24  -6.692884e+00  -5.137624e+00
25  -3.777501e+00  2.613396e+00
26  -1.080757e+00  3.250208e+00
27  7.382890e-01  2.052658e+00
28  7.095218e-01  1.379731e+00
29  9.955860e-01  2.557773e-01
30  2.092532e-01  1.707562e-01
31  4.672659e-01  1.045867e+00
32  2.142306e-01  1.068924e+00
33  1.450118e-02  1.222417e+00
34  -1.048575e+00  1.049330e+00
35  -1.049896e+00  9.070432e-01
36  -8.619064e-01  -7.129042e-01
37  -2.673896e+00  -3.057595e+00
38  -5.279528e+00  -5.133257e+00
39  -9.992803e+00  -6.458081e+00
40  -9.914683e+00  -5.565853e+00
41  -1.015815e+01  -4.362787e+00
42  -1.156841e+01  -8.185441e+00
43  6.518950e+00  -9.008733e+00
44  3.377847e+01  -9.853334e+00
45  4.622881e+01  -4.436612e+01
46  5.004472e+01  -9.408465e+01
47  3.560692e+01  -9.234773e+01
48  -5.262804e+01  -9.017322e+00
49  -9.654353e+01  1.486992e+02
50  8.154162e+00  3.120394e+01
51  3.636750e+01  -9.572439e+01
52  -2.409979e+02  -2.565646e+01
53  2.683133e+02  9.378274e+01
54  1.331803e+03  4.836285e+02
55  1.259797e+03  1.129134e+03
56  4.925398e+02  2.499141e+03
57  -1.253076e+03  3.610214e+03
58  -4.199102e+03  4.318378e+03
59  -6.863943e+03  6.730633e+03
60  -2.039502e+04  9.480048e+03
61  -6.151701e+04  1.078474e+04
62  -1.728995e+05  2.283870e+04
63  -7.131866e+05  4.144331e+04
ENDPROP
STARTPROP
MASSES:  4.500000e-02   4.200000e-03
SOURCE: GAM_14
SINKS: GAM_14
0  -5.889491e+04  1.150870e+04
1  1.250941e+06  2.272069e+04
2  4.960737e+05  1.029406e+04
3  2.497523e+05  8.367674e+03
4  1.274783e+05  6.460975e+03
5  6.504101e+04  7.372211e+03
6  3.804059e+04  4.920233e+03
7  2.040797e+04  4.887019e+03
8  9.432374e+03  3.810642e+03
9  4.605827e+03  2.123402e+03
10  1.991092e+03  9.343499e+02
11  1.427395e+03  4.391853e+02
12  5.766255e+02  3.580215e+02
13  4.320224e+02  4.812507e+02
14  1.990423e+02  3.074663e+02
15  1.533688e+02  2.439977e+02
16  1.488065e+02  2.320887e+02
17  1.471677e+02  1.003022e+02
18  5.709650e+01  3.109658e+01
19  3.138927e+01  -9.925804e+00
20  6.184020e+00  -8.583233e+00
21  -2.665808e+01  -1.684514e+01
22  -1.449679e+01  -6.128741e+00
23  -4.322334e+00  8.367731e+00
24  -5.747896e+00  9.214299e+00
25  -2.372558e+00  4.944471e+00
26  -8.261055e-01  6.143637e-01
27  3.473835e-01  -9.493033e-01
28  -9.603563e-01  -1.575532e+00
29  -9.118253e-01  -5.038690e-01
30  -1.353944e+00  -5.659117e-01
31  -2.309454e+00  -5.332604e-01
32  -1.640581e+00  -6.583960e-01
33  -1.890706e+00  2.996804e-01
34  -2.021808e+00  1.208979e+00
35  -2.027075e+00  1.705112e+00
36  -1.318393e+00  2.671323e+00
37  -1.163858e+00  3.781030e+00
38  -2.323837e+00  5.399631e+00
39  -5.196191e+00  7.194095e+00
40  -1.466734e+01  1.166219e+01
41  -2.752133e+01  2.019811e+01
42  -4.443065e+01  2.630917e+01
43  -5.970893e+01  2.429452e+01
44  -8.229497e+01  1.256290e+00
45  -1.292445e+02  -1.894708e+01
46  -1.957615e+02  -4.204936e+01
47  -2.710974e+02  -1.072480e+02
48  -4.228625e+02  -1.748070e+02
49  -5.556486e+02  -2.526578e+02
50  -7.057151e+02  -4.683028e+02
51  -7.379582e+02  -8.118909e+02
52  -9.051733e+02  -1.263137e+03
53  -7.068607e+02  -1.858488e+03
54  4.006562e+02  -8.115259e+02
55  3.220013e+03  8.896601e+02
56  8.337168e+03  3.144695e+03
57  1.721722e+04  5.141811e+03
58  3.163894e+04  6.622368e+03
59  6.155016e+04  3.337044e+03
60  1.229767e+05  1.615365e+03
61  2.541193e+05  4.080508e+02
62  5.157367e+05  -2.946939e+03
63  1.267806e+06  -7.464425e+03
ENDPROP
STARTPROP
MASSES:  4.500000e-02   4.200000e-03
SOURCE: GAM_41
SINKS: GAM_41
0  -5.889491e+04  1.150870e+04
1  1.250941e+06  2.272069e+04
2  4.960737e+05  1.029406e+04
3  2.497523e+05  8.367674e+03
4  1.274783e+05  6.460975e+03
5  6.504101e+04  7.372211e+03
6  3.804059e+04  4.920233e+03
7  2.040797e+04  4.887019e+03
8  9.432374e+03  3.810642e+03
9  4.605827e+03  2.123402e+03
10  1.991092e+03  9.343499e+02
11  1.427395e+03  4.391853e+02
12  5.766255e+02  3.580215e+02
13  4.320224e+02  4.812507e+02
14  1.990423e+02  3.074663e+02
15  1.533688e+02  2.439977e+02
16  1.488065e+02  2.320887e+02
17  1.471677e+02  1.003022e+02
18  5.709650e+01  3.109658e+01
19  3.138927e+01  -9.925804e+00
20  6.184020e+00  -8.583233e+00
21  -2.665808e+01  -1.684514e+01
22  -1.449679e+01  -6.128741e+00
23  -4.322334e+00  8.367731e+00
24  -5.747896e+00  9.214299e+00
25  -2.372558e+00  4.944471e+00
26  -8.261055e-01  6.143637e-01
27  3.473835e-01  -9.493033e-01
28  -9.603563e-01  -1.575532e+00
29  -9.118253e-01  -5.038690e-01
30  -1.353944e+00  -5.659117e-01
31  -2.309454e+00  -5.332604e-01
32  -1.640581e+00  -6.583960e-01
33  -1.890706e+00  2.996804e-01
34  -2.021808e+00  1.208979e+00
35  -2.027075e+00  1.705112e+00
36  -1.318393e+00  2.671323e+00
37  -1.163858e+00  3.781030e+00
38  -2.323837e+00  5.399631e+00
39  -5.196191e+00  7.194095e+00
40  -1.466734e+01  1.166219e+01
41  -2.752133e+01  2.019811e+01
42  -4.443065e+01  2.630917e+01
43  -5.970893e+01  2.429452e+01
44  -8.229497e+01  1.256290e+00
45  -1.292445e+02  -1.894708e+01
46  -1.957615e+02  -4.204936e+01
47  -2.710974e+02  -1.072480e+02
48  -4.228625e+02  -1.748070e+02
49  -5.556486e+02  -2.526578e+02
50  -7.057151e+02  -4.683028e+02
51  -7.379582e+02  -8.118909e+02
52  -9.051733e+02  -1.263137e+03
53  -7.068607e+02  -1.858488e+03
54  4.006562e+02  -8.115259e+02
55  3.220013e+03  8.896601e+02
56  8.337168e+03  3.144695e+03
57  1.721722e+04  5.141811e+03
58  3.163894e+04  6.622368e+03
59  6.155016e+04  3.337044e+03
60  1.229767e+05  1.615365e+03
61  2.541193e+05  4.080508e+02
62  5.157367e+05  -2.946939e+03
63  1.267806e+06  -7.464425e+03
ENDPROP
STARTPROP
MASSES:  4.500000e-02   4.200000e-03
SOURCE: GAM_23
SINKS: GAM_23
0  7.355969e+05  1.907515e+04
1  -7.303154e+05  -3.334453e+03
2  -1.692303e+05  -2.194540e+03
3  -6.333938e+04  -6.481125e+02
4  -2.052516e+04  7.218116e+02
5  -4.915230e+03  3.247866e+03
6  -2.950232e+03  1.877483e+03
7  -6.339288e+03  -6.765067e+02
8  -7.313561e+03  -1.449911e+03
9  -5.490186e+03  -9.397102e+02
10  -2.777523e+03  -8.728098e+02
11  -1.476802e+03  -6.509031e+02
12  -7.255369e+02  -6.051909e+02
13  -4.456168e+02  -5.101731e+02
14  -2.632235e+02  -2.866148e+02
15  -1.460082e+02  -1.033038e+02
16  -1.111477e+02  -3.834886e+01
17  -4.112303e+01  3.398538e+01
18  -2.800500e+01  1.569756e+01
19  -1.761511e+01  -8.129103e+00
20  -1.519972e+01  -1.630504e+01
21  -4.759883e+00  -1.472909e+01
22  1.513424e+01  -4.223894e+00
23  1.248127e+01  1.029728e+01
24  8.546896e+00  9.876143e+00
25  5.453593e+00  4.221445e+00
26  3.618666e+00  1.512347e+00
27  3.189440e+00  1.739624e+00
28  2.379434e+00  1.896377e+00
29  1.222418e+00  1.961947e+00
30  -7.391582e-01  1.816207e+00
31  -1.327014e+00  1.571357e+00
32  -1.643702e+00  1.576464e+00
33  -2.198442e+00  1.283723e+00
34  -3.095991e+00  9.546417e-01
35  -4.314029e+00  1.253644e-01
36  -4.120161e+00  -1.027291e+00
37  -4.091756e+00  -2.598201e+00
38  -3.628567e+00  -5.927335e+00
39  -2.238479e+00  -7.266498e+00
40  -4.207549e+00  -1.019879e+01
41  -4.912784e+00  -1.388735e+01
42  -1.239202e+01  -7.293380e+00
43  -1.919183e+01  -8.833206e+00
44  -7.952887e+00  -6.945286e+00
45  -1.898563e+01  -7.631926e-01
46  -1.648991e+01  -1.059076e+01
47  7.822801e+01  -9.796272e+00
48  9.443119e+01  2.088511e+00
49  1.942724e+02  2.581927e+01
50  2.389676e+02  -5.286095e+01
51  2.952831e+02  -2.733496e+02
52  1.360404e+02  -3.964391e+02
53  2.017193e+02  -2.747541e+02
54  -8.463272e+01  -2.882666e+02
55  -5.332600e+02  -1.590251e+02
56  -1.993946e+03  5.247295e+02
57  -6.024628e+03  1.101586e+03
58  -1.300282e+04  3.407771e+03
59  -2.163931e+04  5.468220e+03
60  -3.908578e+04  7.498737e+03
61  -8.824891e+04  1.363581e+04
62  -2.166853e+05  3.309262e+04
63  -7.642731e+05  4.228071e+04
ENDPROP
STARTPROP
MASSES:  4.500000e-02   4.200000e-03
SOURCE: GAM_32
SINKS: GAM_32
0  7.355969e+05  1.907515e+04
1  -7.303154e+05  -3.334453e+03
2  -1.692303e+05  -2.194540e+03
3  -6.333938e+04  -6.481125e+02
4  -2.052516e+04  7.218116e+02
5  -4.915230e+03  3.247866e+03
6  -2.950232e+03  1.877483e+03
7  -6.339288e+03  -6.765067e+02
8  -7.313561e+03  -1.449911e+03
9  -5.490186e+03  -9.397102e+02
10  -2.777523e+03  -8.728098e+02
11  -1.476802e+03  -6.509031e+02
12  -7.255369e+02  -6.051909e+02
13  -4.456168e+02  -5.101731e+02
14  -2.632235e+02  -2.866148e+02
15  -1.460082e+02  -1.033038e+02
16  -1.111477e+02  -3.834886e+01
17  -4.112303e+01  3.398538e+01
18  -2.800500e+01  1.569756e+01
19  -1.761511e+01  -8.129103e+00
20  -1.519972e+01  -1.630504e+01
21  -4.759883e+00  -1.472909e+01
22  1.513424e+01  -4.223894e+00
23  1.248127e+01  1.029728e+01
24  8.546896e+00  9.876143e+00
25  5.453593e+00  4.221445e+00
26  3.618666e+00  1.512347e+00
27  3.189440e+00  1.739624e+00
28  2.379434e+00  1.896377e+00
29  1.222418e+00  1.961947e+00
30  -7.391582e-01  1.816207e+00
31  -1.327014e+00  1.571357e+00
32  -1.643702e+00  1.576464e+00
33  -2.198442e+00  1.283723e+00
34  -3.095991e+00  9.546417e-01
35  -4.314029e+00  1.253644e-01
36  -4.120161e+00  -1.027291e+00
37  -4.091756e+00  -2.598201e+00
38  -3.628567e+00  -5.927335e+00
39  -2.238479e+00  -7.266498e+00
40  -4.207549e+00  -1.019879e+01
41  -4.912784e+00  -1.388735e+01
42  -1.239202e+01  -7.293380e+00
43  -1.919183e+01  -8.833206e+00
44  -7.952887e+00  -6.945286e+00
45  -1.898563e+01  -7.631926e-01
46  -1.648991e+01  -1.059076e+01
47  7.822801e+01  -9.796272e+00
48  9.443119e+01  2.088511e+00
49  1.942724e+02  2.581927e+01
50  2.389676e+02  -5.286095e+01
51  2.952831e+02  -2.733496e+02
52  1.360404e+02  -3.964391e+02
53  2.017193e+02  -2.747541e+02
54  -8.463272e+01  -2.882666e+02
55  -5.332600e+02  -1.590251e+02
56  -1.993946e+03  5.247295e+02
57  -6.024628e+03  1.101586e+03
58  -1.300282e+04  3.407771e+03
59  -2.163931e+04  5.468220e+03
60  -3.908578e+04  7.498737e+03
61  -8.824891e+04  1.363581e+04
62  -2.166853e+05  3.309262e+04
63  -7.642731e+05  4.228071e+04
ENDPROP
STARTPROP
MASSES:  4.500000e-02   4.200000e-03
SOURCE: GAM_24
SINKS: GAM_24
0  -6.674820e+04  -3.514507e+03
1  1.262321e+06  1.675841e+04
2  5.045454e+05  6.826300e+03
3  2.567715e+05  5.783129e+03
4  1.409711e+05  8.399401e+03
5  7.771221e+04  4.990772e+03
6  4.094394e+04  2.739178e+03
7  2.118494e+04  9.642939e+01
8  8.751445e+03  -1.727855e+00
9  3.282066e+03  2.917293e+02
10  1.866099e+03  1.058038e+03
11  7.249645e+02  9.036164e+02
12  -3.593126e+02  7.644266e+02
13  -1.711141e+02  2.218937e+02
14  1.024660e+01  5.435376e+01
15  6.420747e+00  -3.888375e+01
16  2.594258e+01  -2.280320e+01
17  -4.930941e+01  5.820825e+00
18  -6.344075e+01  6.263926e+00
19  -3.454888e+01  -2.462391e+01
20  9.628108e+00  -2.118929e+01
21  8.096649e+00  -1.181785e+01
22  1.654135e+01  -1.489404e+01
23  1.173195e+01  -1.635369e+01
24  1.400208e+00  -1.520072e+01
25  -9.900849e-01  -1.706057e+01
26  -1.404452e+00  -1.402571e+01
27  -2.519079e+00  -6.472195e+00
28  -2.988509e-01  -2.075229e+00
29  1.284121e+00  -9.464539e-01
30  1.079616e+00  -8.351568e-01
31  1.220592e+00  -5.525720e-01
32  7.573831e-01  4.428165e-01
33  1.696476e+00  1.180346e+00
34  1.656546e+00  1.502547e+00
35  2.390503e+00  1.786991e+00
36  3.327080e+00  1.018934e+00
37  3.936802e+00  1.746056e-01
38  1.529346e+00  2.831162e+00
39  -2.332328e+00  6.623532e-01
40  -6.617968e+00  8.720403e-02
41  -1.657120e+01  -3.552529e+00
42  -2.787341e+01  -1.373136e+01
43  -1.972172e+01  -1.070192e+01
44  4.642980e+00  -2.159143e+01
45  5.448365e+01  -3.973078e+01
46  5.303360e+01  -7.932331e+01
47  4.223258e+01  -8.126697e+01
48  -5.524844e+00  -1.308429e+01
49  2.439279e+00  -5.824025e+01
50  2.477315e+02  5.221465e+00
51  4.308120e+02  6.874962e+01
52  5.863056e+02  1.820079e+02
53  8.406748e+02  -1.945464e+00
54  1.689763e+03  6.663598e+01
55  3.860957e+03  -3.707954e+02
56  1.019058e+04  -1.570186e+03
57  1.890099e+04  -1.358640e+03
58  3.253455e+04  -1.093754e+02
59  5.861512e+04  1.910941e+03
60  1.219646e+05  2.885944e+03
61  2.525666e+05  -5.214437e+01
62  4.994135e+05  -9.317868e+03
63  1.242676e+06  -2.319517e+04
ENDPROP
STARTPROP
MASSES:  4.500000e-02   4.200000e-03
SOURCE: GAM_42
SINKS: GAM_42
0  -6.674820e+04  -3.514507e+03
1  1.262321e+06  1.675841e+04
2  5.045454e+05  6.826300e+03
3  2.567715e+05  5.783129e+03
4  1.409711e+05  8.399401e+03
5  7.771221e+04  4.990772e+03
6  4.094394e+04  2.739178e+03
7  2.118494e+04  9.642939e+01
8  8.751445e+03  -1.727855e+00
9  3.282066e+03  2.917293e+02
10  1.866099e+03  1.058038e+03
11  7.249645e+02  9.036164e+02
12  -3.593126e+02  7.644266e+02
13  -1.711141e+02  2.218937e+02
14  1.024660e+01  5.435376e+01
15  6.420747e+00  -3.888375e+01
16  2.594258e+01  -2.280320e+01
17  -4.930941e+01  5.820825e+00
18  -6.344075e+01  6.263926e+00
19  -3.454888e+01  -2.462391e+01
20  9.628108e+00  -2.118929e+01
21  8.096649e+00  -1.181785e+01
22  1.654135e+01  -1.489404e+01
23  1.173195e+01  -1.635369e+01
24  1.400208e+00  -1.520072e+01
25  -9.900849e-01  -1.706057e+01
26  -1.404452e+00  -1.402571e+01
27  -2.519079e+00  -6.472195e+00
28  -2.988509e-01  -2.075229e+00
29  1.284121e+00  -9.464539e-01
30  1.079616e+00  -8.351568e-01
31  1.220592e+00  -5.525720e-01
32  7.573831e-01  4.428165e-01
33  1.696476e+00  1.180346e+00
34  1.656546e+00  1.502547e+00
35  2.390503e+00  1.786991e+00
36  3.327080e+00  1.018934e+00
37  3.936802e+00  1.746056e-01
38  1.529346e+00  2.831162e+00
39  -2.332328e+00  6.623532e-01
40  -6.617968e+00  8.720403e-02
41  -1.657120e+01  -3.552529e+00
42  -2.787341e+01  -1.373136e+01
43  -1.972172e+01  -1.070192e+01
44  4.642980e+00  -2.159143e+01
45  5.448365e+01  -3.973078e+01
46  5.303360e+01  -7.932331e+01
47  4.223258e+01  -8.126697e+01
48  -5.524844e+00  -1.308429e+01
49  2.439279e+00  -5.824025e+01
50  2.477315e+02  5.221465e+00
51  4.308120e+02  6.874962e+01
52  5.863056e+02  1.820079e+02
53  8.406748e+02  -1.945464e+00
54  1.689763e+03  6.663598e+01
55  3.860957e+03  -3.707954e+02
56  1.019058e+04  -1.570186e+03
57  1.890099e+04  -1.358640e+03
58  3.253455e+04  -1.093754e+02
59  5.861512e+04  1.910941e+03
60  1.219646e+05  2.885944e+03
61  2.525666e+05  -5.214437e+01
62  4.994135e+05  -9.317868e+03
63  1.242676e+06  -2.319517e+04
ENDPROP
STARTPROP
MASSES:  4.500000e-02   4.200000e-03
SOURCE: GAM_34
SINKS: GAM_34
0  -5.012274e+04  1.137284e+04
1  1.255191e+06  2.647361e+04
2  4.910883e+05  1.133383e+04
3  2.342222e+05  1.330212e+04
4  1.136795e+05  1.116087e+04
5  5.640168e+04  1.014214e+04
6  3.317459e+04  7.216931e+03
7  1.828209e+04  4.977021e+03
8  1.013408e+04  2.638987e+03
9  4.739116e+03  1.472900e+03
10  2.617861e+03  8.766289e+02
11  1.513144e+03  3.982045e+02
12  7.244810e+02  3.310326e+02
13  7.795008e+01  3.505510e+02
14  -6.340970e+00  3.152522e+02
15  1.525028e+02  6.074025e+01
16  1.444111e+02  1.082630e+02
17  1.022588e+02  8.938398e+01
18  1.100717e+02  3.434304e+01
19  6.098156e+01  6.445898e+00
20  2.922603e+01  8.686697e+00
21  3.555430e+00  2.478492e+00
22  -2.062869e+01  2.145142e-01
23  -1.825186e+01  -1.932482e+00
24  -1.199550e+01  -1.815352e+00
25  -6.750849e+00  -4.812415e-01
26  -2.705809e+00  9.983412e-01
27  5.987721e-01  -9.479079e-02
28  5.599047e-01  -3.895116e-01
29  -3.451061e-01  -9.983925e-01
30  -8.434987e-01  -1.735715e+00
31  -3.282315e-01  -2.119822e+00
32  -8.998168e-01  -2.000016e+00
33  -1.206082e+00  -1.531398e+00
34  -2.280674e-01  -3.003836e-01
35  1.081775e+00  9.950411e-01
36  1.905217e+00  -2.865866e-01
37  3.905523e+00  -4.798330e+00
38  2.965000e+00  -6.675604e+00
39  7.149987e+00  -4.549238e+00
40  1.301375e+01  -4.309499e+00
41  1.024773e+01  2.935841e+00
42  1.140618e+01  5.569476e-01
43  1.978540e+01  -1.178951e+01
44  3.491983e+01  -2.089239e+01
45  6.752857e+01  -3.779024e+01
46  1.292012e+02  -5.819759e+01
47  1.362412e+02  -2.954018e+01
48  1.049350e+02  -3.413706e+01
49  3.046510e+01  -8.670679e+00
50  9.783934e+01  8.210391e+01
51  -1.474366e+02  4.719888e+01
52  -2.951603e+02  1.736315e+02
53  2.878045e+02  2.584751e+02
54  2.062008e+03  1.709832e+02
55  4.796659e+03  -6.190869e+02
56  9.934658e+03  -8.372398e+02
57  1.835372e+04  -2.186347e+03
58  3.356988e+04  -3.249869e+03
59  6.476673e+04  -1.386822e+03
60  1.323289e+05  1.242130e+03
61  2.648228e+05  7.412688e+03
62  5.239784e+05  5.671323e+03
63  1.278009e+06  -1.200373e+04
ENDPROP
STARTPROP
MASSES:  4.500000e-02   4.200000e-03
SOURCE: GAM_43
SINKS: GAM_43
0  -5.012274e+04  1.137284e+04
1  1.255191e+06  2.647361e+04
2  4.910883e+05  1.133383e+04
3  2.342222e+05  1.330212e+04
4  1.136795e+05  1.116087e+04
5  5.640168e+04  1.014214e+04
6  3.317459e+04  7.216931e+03
7  1.828209e+04  4.977021e+03
8  1.013408e+04  2.638987e+03
9  4.739116e+03  1.472900e+03
10  2.617861e+03  8.766289e+02
11  1.513144e+03  3.982045e+02
12  7.244810e+02  3.310326e+02
13  7.795008e+01  3.505510e+02
14  -6.340970e+00  3.152522e+02
15  1.525028e+02  6.074025e+01
16  1.444111e+02  1.082630e+02
17  1.022588e+02  8.938398e+01
18  1.100717e+02  3.434304e+01
19  6.098156e+01  6.445898e+00
20  2.922603e+01  8.686697e+00
21  3.555430e+00  2.478492e+00
22  -2.062869e+01  2.145142e-01
23  -1.825186e+01  -1.932482e+00
24  -1.199550e+01  -1.815352e+00
25  -6.750849e+00  -4.812415e-01
26  -2.705809e+00  9.983412e-01
27  5.987721e-01  -9.479079e-02
28  5.599047e-01  -3.895116e-01
29  -3.451061e-01  -9.983925e-01
30  -8.434987e-01  -1.735715e+00
31  -3.282315e-01  -2.119822e+00
32  -8.998168e-01  -2.000016e+00
33  -1.206082e+00  -1.531398e+00
34  -2.280674e-01  -3.003836e-01
35  1.081775e+00  9.950411e-01
36  1.905217e+00  -2.865866e-01
37  3.905523e+00  -4.798330e+00
38  2.965000e+00  -6.675604e+00
39  7.149987e+00  -4.549238e+00
40  1.301375e+01  -4.309499e+00
41  1.024773e+01  2.935841e+00
42  1.140618e+01  5.569476e-01
43  1.978540e+01  -1.178951e+01
44  3.491983e+01  -2.089239e+01
45  6.752857e+01  -3.779024e+01
46  1.292012e+02  -5.819759e+01
47  1.362412e+02  -2.954018e+01
48  1.049350e+02  -3.413706e+01
49  3.046510e+01  -8.670679e+00
50  9.783934e+01  8.210391e+01
51  -1.474366e+02  4.719888e+01
52  -2.951603e+02  1.736315e+02
53  2.878045e+02  2.584751e+02
54  2.062008e+03  1.709832e+02
55  4.796659e+03  -6.190869e+02
56  9.934658e+03  -8.372398e+02
57  1.835372e+04  -2.186347e+03
58  3.356988e+04  -3.249869e+03
59  6.476673e+04  -1.386822e+03
60  1.323289e+05  1.242130e+03
61  2.648228e+05  7.412688e+03
62  5.239784e+05  5.671323e+03
63  1.278009e+06  -1.200373e+04
ENDPROP
STARTPROP
MASSES:  4.500000e-02   4.200000e-03
SOURCE: GAM_15
SINKS: GAM_15
0  -1.959936e+05  -3.621897e+03
1  -1.154154e+06  -2.162127e+04
2  -3.842196e+05  -6.853353e+03
3  -1.751709e+05  1.785962e+03
4  -7.577536e+04  3.254046e+03
5  -3.682132e+04  1.887903e+03
6  -1.632222e+04  -1.332344e+03
7  -4.917163e+03  -1.099310e+03
8  9.368611e+01  -1.569204e+03
9  2.125413e+03  -1.808565e+03
10  1.788828e+03  -1.488926e+03
11  5.560221e+02  -7.640349e+02
12  1.089756e+01  1.000372e+02
13  3.342059e+02  1.202149e+02
14  3.395874e+02  1.367755e+01
15  1.968291e+02  -1.548126e+01
16  1.167979e+02  7.562822e+01
17  8.448364e+01  7.189267e+01
18  6.601284e+01  3.494735e+01
19  4.562476e+01  -1.426868e+01
20  1.369422e+01  -1.813201e+01
21  -1.911536e-02  -1.399571e+01
22  -9.270673e+00  -1.099517e+01
23  -2.297970e+01  -5.975649e+00
24  -1.561308e+01  -6.569789e+00
25  -6.262086e+00  -6.535496e+00
26  -1.221269e+00  -5.071296e+00
27  -6.968425e-01  -3.765348e+00
28  -3.072298e+00  -3.147022e+00
29  -3.013427e+00  -2.472594e+00
30  -2.016079e+00  -1.836501e+00
31  -9.921369e-01  -9.011670e-01
32  4.827685e-01  5.999947e-01
33  2.394545e+00  1.231157e+00
34  2.783456e+00  3.669241e-02
35  1.373990e+00  9.258645e-01
36  1.454611e+00  1.614643e+00
37  5.343390e+00  1.153554e-01
38  8.396902e+00  -2.265263e+00
39  1.052083e+01  -2.942730e+00
40  7.606186e+00  -4.369785e+00
41  -1.332354e+00  -6.117803e+00
42  -9.874720e+00  -2.266931e+01
43  -4.687267e+00  -5.108502e+01
44  1.472734e+01  -5.935447e+01
45  1.466886e+01  -9.393974e+01
46  -4.419295e+01  -1.775362e+02
47  -6.398500e+01  -1.854968e+02
48  -4.072245e+00  -1.486525e+02
49  -5.395641e+01  -2.428634e+01
50  -9.128961e+01  2.000620e+02
51  -4.023479e+02  4.658746e+02
52  -6.330490e+02  6.831480e+02
53  -5.529141e+02  7.553383e+02
54  -6.973613e+02  8.365138e+02
55  -7.609813e+02  1.231620e+03
56  -2.735375e+03  2.872712e+03
57  -6.583254e+03  4.297275e+03
58  -1.201548e+04  6.770368e+03
59  -2.127678e+04  6.879708e+03
60  -5.255541e+04  5.722324e+03
61  -1.300291e+05  1.275778e+03
62  -3.327595e+05  3.510886e+03
63  -1.091199e+06  2.055843e+04
ENDPROP
STARTPROP
MASSES:  4.500000e-02   4.200000e-03
SOURCE: GAM_25
SINKS: GAM_25
0  -1.925413e+05  -9.497325e+03
1  -1.117641e+06  -1.591961e+04
2  -3.666381e+05  2.335546e+03
3  -1.554615e+05  4.020109e+03
4  -6.390503e+04  3.338394e+03
5  -2.668262e+04  -5.453203e+02
6  -1.417620e+04  -3.459440e+03
7  -7.488853e+03  -4.831589e+03
8  -5.812987e+03  -2.394304e+03
9  -3.420517e+03  -9.111288e+02
10  -2.629943e+03  -4.552416e+02
11  -1.868219e+03  -5.193980e+02
12  -1.007368e+03  -4.191124e+01
13  -2.260789e+02  1.552882e+02
14  1.422590e+01  3.884964e+02
15  1.147549e+02  3.298936e+02
16  1.188314e+02  2.599660e+02
17  7.579082e+01  1.651493e+02
18  4.246205e+01  7.776290e+01
19  -7.922291e+00  6.777554e-01
20  -1.746246e+01  -2.168987e+01
21  -3.401914e+01  -1.722968e+01
22  -3.093000e+01  -8.974637e+00
23  -1.444794e+01  -2.346725e+00
24  -7.920634e-01  5.985086e+00
25  9.734781e-01  7.571922e+00
26  3.578841e+00  7.730483e+00
27  4.415751e+00  6.011454e+00
28  4.474387e+00  2.992766e+00
29  2.433928e+00  1.634104e+00
30  5.292371e-02  5.552366e-01
31  -1.420437e+00  -6.550347e-01
32  -1.952245e+00  -1.546212e+00
33  -1.553600e+00  -2.729896e+00
34  3.853725e-01  -3.009169e+00
35  3.392549e+00  -2.652943e+00
36  7.662895e+00  -3.826691e+00
37  1.266290e+01  -6.245804e+00
38  1.798564e+01  -1.218165e+01
39  1.831363e+01  -1.355960e+01
40  1.804503e+01  -5.646410e-01
41  3.425442e+01  1.347729e+01
42  5.024463e+01  1.982264e+01
43  6.112975e+01  3.109960e+01
44  7.169506e+01  2.401230e+01
45  4.481562e+01  2.765507e+01
46  1.112575e+01  1.029240e+01
47  -2.636733e+01  -1.808690e+01
48  -6.524717e+01  -9.256477e+01
49  -6.743566e+01  -1.968631e+02
50  1.475798e+02  -2.452725e+02
51  3.990815e+02  -3.131397e+02
52  5.602604e+02  -2.593518e+02
53  4.230511e+02  1.541671e+02
54  3.142890e+02  3.952731e+02
55  -4.403360e+02  3.426338e+02
56  -2.317218e+03  2.119919e+03
57  -8.706213e+03  4.543677e+03
58  -1.203014e+04  7.367760e+03
59  -2.343429e+04  9.016554e+03
60  -5.796149e+04  9.117308e+03
61  -1.457299e+05  1.391606e+04
62  -3.622238e+05  2.236140e+04
63  -1.118437e+06  1.766473e+04
ENDPROP
STARTPROP
MASSES:  4.500000e-02   4.200000e-03
SOURCE: GAM_35
SINKS: GAM_35
0  -1.423294e+05  7.941501e+03
1  -1.080631e+06  -2.473575e+04
2  -3.385782e+05  -1.459311e+04
3  -1.296649e+05  -6.431164e+03
4  -4.290580e+04  -5.241884e+03
5  -1.513923e+04  -3.572214e+03
6  -8.563922e+03  -4.594679e+03
7  -7.189750e+03  -4.149003e+03
8  -5.330508e+03  -3.280090e+03
9  -2.455699e+03  -1.349048e+03
10  -6.084863e+02  -4.464316e+02
11  -1.386666e+02  2.799272e+02
12  -6.865305e+01  6.250140e+02
13  -2.495422e+02  6.347613e+02
14  -3.296462e+02  2.589988e+02
15  -3.214145e+02  -3.502854e+01
16  -3.599042e+02  -1.763426e+00
17  -3.456131e+02  8.889529e+01
18  -2.512230e+02  8.529563e+01
19  -1.611871e+02  5.643664e+01
20  -9.164182e+01  5.658228e+01
21  -3.362737e+01  5.947140e+01
22  -1.427235e+01  3.692812e+01
23  4.165780e+00  2.237974e+01
24  1.162152e+01  2.105326e+01
25  9.807372e+00  1.098603e+01
26  6.366353e+00  3.825179e+00
27  5.078699e+00  1.384213e+00
28  1.665825e+00  -6.758927e-01
29  6.134841e-01  -1.646799e+00
30  1.665639e-01  -1.076491e-01
31  3.505637e-01  6.897381e-01
32  4.641952e-01  8.433140e-01
33  -4.282745e-01  4.061256e-01
34  -2.634621e-01  1.404821e-02
35  1.258079e+00  -3.506505e-01
36  1.906070e+00  -1.001215e+00
37  9.155123e-01  -6.092229e-01
38  -8.619934e-01  2.897673e+00
39  -3.784835e+00  3.569423e+00
40  -5.774640e+00  7.659637e+00
41  -7.970652e+00  1.285963e+01
42  -8.612481e+00  1.489522e+01
43  7.207013e-01  1.795687e+01
44  3.182949e+01  2.035815e+01
45  5.704403e+01  1.909645e+01
46  4.975466e+01  3.175541e+01
47  2.572489e+01  1.089793e+02
48  1.058003e+02  1.335140e+02
49  -2.191959e+01  1.342768e+02
50  -1.887900e+02  1.728145e+02
51  -4.003690e+02  -7.608280e+01
52  -9.044667e+02  -5.512858e+02
53  -6.823665e+02  -1.115833e+03
54  1.976126e+01  -1.893217e+03
55  1.593990e+02  -2.611376e+03
56  6.542688e+02  -3.647797e+03
57  4.448883e+02  -3.427234e+03
58  1.500276e+03  -3.701428e+03
59  2.019291e+03  -3.498355e+03
60  -2.415263e+04  -1.336396e+03
61  -1.063774e+05  5.396180e+03
62  -3.187589e+05  2.225831e+04
63  -1.061873e+06  3.872221e+04
ENDPROP
STARTPROP
MASSES:  4.500000e-02   4.200000e-03
SOURCE: GAM_45
SINKS: GAM_45
0  -1.445870e+06  -2.607494e+03
1  8.365619e+05  2.727919e+04
2  3.880631e+05  1.751649e+04
3  2.725656e+05  1.383499e+04
4  1.891444e+05  9.569955e+03
5  1.276753e+05  5.539505e+03
6  8.704339e+04  3.896610e+03
7  5.774644e+04  2.654133e+03
8  3.909611e+04  1.752979e+03
9  2.624148e+04  4.197137e+02
10  1.786029e+04  2.579585e+01
11  1.299053e+04  -2.767505e+02
12  9.007010e+03  -1.102716e+02
13  6.417333e+03  -2.949910e+01
14  4.413645e+03  -3.490307e+01
15  3.068372e+03  2.867149e+01
16  2.184165e+03  2.882676e+01
17  1.484582e+03  2.737040e+01
18  9.541596e+02  5.542541e+01
19  6.528255e+02  6.033778e+01
20  4.374717e+02  4.612064e+01
21  2.901990e+02  3.783087e+01
22  1.853503e+02  2.943635e+01
23  1.207851e+02  2.121847e+01
24  8.478951e+01  1.396093e+01
25  5.734780e+01  6.931548e+00
26  3.810893e+01  2.771377e+00
27  2.698272e+01  2.406163e-01
28  1.861440e+01  -1.336927e+00
29  1.280782e+01  -9.776260e-01
30  9.652967e+00  -8.509334e-01
31  7.992561e+00  -9.024790e-01
32  7.787162e+00  -1.025364e+00
33  8.833733e+00  -1.040656e+00
34  1.128243e+01  -7.637022e-01
35  1.529858e+01  3.233664e-02
36  2.263678e+01  5.463185e-03
37  3.420183e+01  2.500326e+00
38  5.156658e+01  2.005299e+00
39  7.576814e+01  5.312058e+00
40  1.141204e+02  9.504361e+00
41  1.623236e+02  1.120596e+01
42  2.360558e+02  1.665799e+01
43  3.446461e+02  1.354603e+01
44  4.947586e+02  2.237704e+01
45  7.414582e+02  3.838959e+01
46  1.107725e+03  2.456137e+01
47  1.650235e+03  5.233573e+01
48  2.447767e+03  3.976228e+01
49  3.599867e+03  8.901089e+01
50  5.285609e+03  2.016376e+02
51  7.608914e+03  2.516158e+02
52  1.091780e+04  4.295628e+02
53  1.547714e+04  7.294559e+01
54  2.210013e+04  -1.129842e+02
55  3.093929e+04  -7.974760e+02
56  4.467585e+04  -8.288342e+02
57  6.625220e+04  -1.287184e+03
58  9.892895e+04  -2.329408e+03
59  1.399809e+05  -4.234264e+03
60  1.983912e+05  -7.082038e+03
61  2.874949e+05  -1.068069e+04
62  4.019081e+05  -1.566870e+04
63  8.388148e+05  -2.810188e+04
ENDPROP
STARTPROP
MASSES:  4.500000e-02   4.200000e-03
SOURCE: PSAX4
SINKS: GAM_4
0  6.064375e+03  -3.890034e+03
1  1.500823e+06  2.362876e+03
2  9.226925e+05  2.413331e+02
3  6.357061e+05  2.706709e+03
4  4.432149e+05  1.017062e+03
5  2.998366e+05  -6.837601e+02
6  2.061227e+05  -1.731422e+03
7  1.384690e+05  -1.065676e+03
8  9.518524e+04  -1.513061e+03
9  6.413826e+04  -1.419675e+03
10  4.438146e+04  -1.520753e+03
11  3.064307e+04  -1.297977e+03
12  2.123601e+04  -8.255661e+02
13  1.478577e+04  -4.302177e+02
14  1.007048e+04  -2.806969e+02
15  6.896049e+03  -1.390828e+02
16  4.852411e+03  -2.484097e+01
17  3.230221e+03  -3.426115e+01
18  2.159654e+03  2.015726e+01
19  1.451929e+03  4.205378e+01
20  9.798154e+02  4.059271e+01
21  6.534333e+02  3.644553e+01
22  4.335130e+02  2.866557e+01
23  2.873492e+02  2.740944e+01
24  2.015280e+02  2.036129e+01
25  1.375614e+02  1.306129e+01
26  9.232483e+01  8.844370e+00
27  6.332616e+01  4.785199e+00
28  4.246657e+01  2.608985e+00
29  2.633996e+01  1.490805e+00
30  1.486284e+01  9.670773e-01
31  5.340532e+00  2.279596e-01
32  -3.303494e+00  -2.168301e-01
33  -1.292603e+01  -5.420922e-01
34  -2.374699e+01  -1.036612e+00
35  -3.725488e+01  -1.893133e+00
36  -5.579854e+01  -1.129628e+00
37  -8.273293e+01  -3.466460e+00
38  -1.211479e+02  -3.518362e+00
39  -1.736475e+02  -7.401344e+00
40  -2.539193e+02  -1.158991e+01
41  -3.637101e+02  -2.116185e+01
42  -5.266949e+02  -2.550091e+01
43  -7.614457e+02  -2.566062e+01
44  -1.092048e+03  -3.637617e+01
45  -1.583585e+03  -7.317082e+01
46  -2.347737e+03  -7.085784e+01
47  -3.435405e+03  -9.525523e+01
48  -4.991708e+03  -1.337608e+02
49  -7.216504e+03  -2.035956e+02
50  -1.055344e+04  -4.646369e+02
51  -1.518260e+04  -6.969825e+02
52  -2.199224e+04  -1.099506e+03
53  -3.152597e+04  -1.465152e+03
54  -4.576548e+04  -2.036296e+03
55  -6.554095e+04  -2.871364e+03
56  -9.654121e+04  -4.069867e+03
57  -1.423838e+05  -5.085437e+03
58  -2.124737e+05  -5.840925e+03
59  -3.098877e+05  -5.359399e+03
60  -4.445004e+05  -5.216015e+03
61  -6.433255e+05  -5.351364e+03
62  -9.272690e+05  -4.220690e+03
63  -1.497561e+06  -3.577984e+03
ENDPROP
STARTPROP
MASSES:  4.500000e-02   4.200000e-03
SOURCE: WWPSAX4
SINKS: GAM_4
0  -5.165942e+07  5.197282e+08
1  1.286407e+09  1.141856e+08
2  5.763136e+08  5.531438e+07
3  4.963658e+08  9.423493e+07
4  2.202270e+08  -7.238792e+07
5  1.488611e+08  1.381823e+07
6  7.817408e+07  -1.689056e+07
7  1.030799e+08  1.932595e+07
8  4.627983e+07  -5.768055e+06
9  2.161531e+07  -2.622201e+06
10  1.756591e+07  3.802461e+06
11  2.679607e+07  -8.163962e+06
12  9.961165e+06  -8.593842e+05
13  1.338401e+07  6.388663e+05
14  3.989044e+06  -4.940616e+05
15  4.574144e+06  -2.056562e+06
16  3.192220e+06  -9.404086e+05
17  9.150765e+05  -7.407634e+05
18  1.715498e+06  1.739494e+03
19  7.245291e+05  4.591574e+05
20  4.874433e+05  1.232756e+05
21  2.303771e+05  2.573950e+05
22  1.752396e+05  1.237762e+05
23  1.494327e+05  -8.586705e+04
24  9.444133e+04  1.222572e+05
25  1.635947e+05  6.732481e+03
26  1.048752e+05  -5.172014e+04
27  4.429631e+04  1.890727e+04
28  6.444515e+04  3.795596e+03
29  8.470493e+03  -5.893474e+03
30  2.328474e+03  8.255225e+03
31  2.127638e+03  6.805720e+03
32  -1.514287e+04  -6.752428e+02
33  2.202172e+03  -9.918300e+03
34  -1.303321e+04  -7.851550e+03
35  -2.268675e+04  -1.101069e+04
36  -6.290183e+04  5.986732e+03
37  -4.402597e+04  2.215610e+04
38  -7.371860e+04  -4.580151e+03
39  -4.827142e+04  -5.818431e+03
40  -2.301897e+05  -3.309608e+04
41  -2.067550e+05  -4.838221e+04
42  -2.688978e+05  -3.650856e+04
43  -5.753360e+05  1.513732e+05
44  -7.521850e+05  -2.647477e+04
45  -7.582614e+05  1.130957e+05
46  -2.027725e+06  -6.196017e+05
47  -2.526708e+06  -4.316752e+05
48  -2.581444e+06  7.413378e+05
49  -2.829606e+06  1.474295e+06
50  -3.295654e+06  -2.328206e+05
51  -1.353047e+07  -3.922284e+05
52  -1.344298e+07  -2.008942e+06
53  -2.928177e+07  1.150124e+06
54  -1.815566e+07  -5.570156e+06
55  -4.955311e+07  -2.536087e+06
56  -7.058161e+07  2.459607e+06
57  -8.458446e+07  -9.777657e+06
58  -1.527187e+08  -1.292837e+07
59  -1.245998e+08  3.213007e+07
60  -2.120480e+08  2.030099e+06
61  -3.578686e+08  -1.418079e+07
62  -3.200113e+08  -1.962623e+07
63  -1.397021e+09  -1.296103e+08
ENDPROP
STARTPROP
MASSES:  4.500000e-02   4.200000e-03
SOURCE: WWGAM_5
SINKS: GAM_5
0  1.399431e+10  -5.843365e+01
1  2.310769e+09  4.953727e+07
2  1.216653e+09  -1.244070e+07
3  8.294619e+08  3.321144e+07
4  5.134520e+08  -4.280318e+07
5  3.427403e+08  -1.009710e+07
6  1.852703e+08  -1.813832e+07
7  1.813642e+08  1.816212e+07
8  1.077613e+08  2.785947e+06
9  6.977752e+07  -3.409138e+06
10  4.275990e+07  2.158062e+06
11  4.635681e+07  -4.273251e+06
12  2.309587e+07  -7.193588e+05
13  2.400515e+07  -3.610523e+06
14  1.154729e+07  -1.590753e+06
15  8.299083e+06  -1.626640e+06
16  5.961606e+06  -3.661797e+05
17  2.598794e+06  -5.925949e+05
18  2.578673e+06  -9.462954e+04
19  1.822255e+06  1.714357e+05
20  1.237871e+06  2.879986e+04
21  5.376385e+05  1.646839e+05
22  4.287725e+05  6.540390e+04
23  3.559540e+05  -3.385436e+04
24  2.211693e+05  4.608717e+04
25  2.084179e+05  2.044920e+03
26  1.415337e+05  -6.149769e+04
27  8.597809e+04  2.423280e+04
28  1.041053e+05  -2.180980e+03
29  2.298896e+04  2.869883e+03
30  2.809251e+04  -2.775736e+02
31  2.688357e+04  1.278491e+02
32  3.304978e+04  8.911302e+02
33  3.186060e+04  4.600633e+03
34  2.655944e+04  4.985769e+03
35  3.859788e+04  5.420128e+02
36  9.106009e+04  6.252645e+03
37  1.035220e+05  -1.676798e+04
38  1.648622e+05  -2.878176e+04
39  1.998421e+05  3.323106e+04
40  3.630698e+05  2.356581e+04
41  4.565872e+05  -4.747789e+04
42  5.619531e+05  1.435817e+05
43  1.100363e+06  -8.881222e+04
44  1.563148e+06  1.273989e+05
45  2.270688e+06  4.340226e+05
46  3.772253e+06  3.743200e+05
47  4.806310e+06  7.501485e+05
48  5.241360e+06  -2.423895e+05
49  6.315501e+06  4.981899e+05
50  9.872261e+06  1.296600e+06
51  2.417645e+07  3.967531e+06
52  2.418532e+07  3.471350e+06
53  4.441240e+07  3.257000e+05
54  5.034965e+07  7.709084e+06
55  9.866433e+07  6.462531e+06
56  1.240272e+08  -6.810916e+06
57  1.596380e+08  3.095721e+07
58  2.798293e+08  1.640541e+07
59  3.594834e+08  -1.337226e+07
60  4.792762e+08  -3.246378e+07
61  8.349944e+08  9.307934e+06
62  9.867598e+08  -7.750538e+07
63  2.387240e+09  1.216747e+08
ENDPROP
