STARTPROP
MASSES:  4.500000e-02   4.500000e-02
SOURCE: GAM_1
SINKS: GAM_1
0  1.260031e+06  -3.707108e-13
1  1.890491e+06  4.242210e-13
2  8.275220e+05  5.332804e-13
3  4.107896e+05  -1.218291e-13
4  1.979908e+05  -1.893597e-14
5  9.506063e+04  2.980840e-14
6  4.523788e+04  4.318749e-14
7  2.067586e+04  -1.249091e-14
8  9.620086e+03  2.814932e-14
9  4.507676e+03  5.100148e-15
10  2.049384e+03  3.532214e-15
11  8.414431e+02  3.704147e-15
12  3.580683e+02  6.511362e-16
13  1.556511e+02  3.785021e-16
14  7.020409e+01  1.305457e-15
15  2.306957e+01  1.579408e-16
16  1.724280e+01  -3.227072e-16
17  1.694140e+01  -2.118139e-16
18  8.370122e+00  9.756380e-17
19  2.741106e+00  -2.004543e-17
20  1.863308e+00  4.682323e-17
21  1.258702e+00  -3.908720e-17
22  2.910139e-01  -1.537938e-17
23  -3.675836e-01  1.283607e-17
24  -2.712478e-01  -4.187965e-18
25  -2.449767e-01  -3.239947e-18
26  -2.052858e-01  1.583709e-18
27  -1.330162e-01  1.850063e-18
28  -7.143342e-02  3.583880e-19
29  -3.483076e-02  4.998318e-19
30  -9.402127e-03  -3.635249e-19
31  -2.871100e-03  2.180009e-20
32  1.690046e-03  -1.218770e-19
33  -1.727008e-03  -2.150937e-19
34  1.359064e-02  7.444832e-21
35  4.092470e-02  9.819957e-20
36  5.117397e-02  9.008824e-21
37  4.183284e-02  2.009344e-19
38  -5.587699e-02  1.585424e-19
39  -1.805527e-01  1.300475e-18
40  -2.760151e-01  -1.390886e-18
41  3.046100e-02  7.463870e-18
42  5.247576e-01  4.572578e-18
43  1.761730e+00  1.018548e-17
44  3.147011e+00  6.630006e-17
45  4.899736e+00  -1.915764e-17
46  9.928654e+00  2.540447e-16
47  2.491819e+01  5.823771e-17
48  5.229533e+01  6.429658e-17
49  1.186795e+02  2.652283e-17
50  2.377039e+02  -8.330266e-16
51  4.145006e+02  -9.878095e-16
52  7.354244e+02  1.996779e-15
53  1.327243e+03  1.807023e-15
54  2.567419e+03  2.129916e-15
55  5.351178e+03  -7.456859e-16
56  1.078767e+04  1.406211e-14
57  2.196186e+04  -3.051318e-16
58  4.559549e+04  1.992077e-14
59  9.242908e+04  4.236605e-15
60  1.877866e+05  -4.387953e-14
61  3.887979e+05  7.909084e-14
62  8.040723e+05  -3.133302e-13
63  1.862086e+06  1.691702e-14
ENDPROP
STARTPROP
MASSES:  4.500000e-02   4.500000e-02
SOURCE: GAM_2
SINKS: GAM_2
0  1.307617e+06  -3.423932e-13
1  1.928399e+06  1.607269e-13
2  8.453616e+05  -7.987842e-14
3  4.138529e+05  2.222724e-13
4  1.987387e+05  -8.731357e-14
5  9.586216e+04  7.907195e-14
6  4.531091e+04  1.526018e-14
7  2.052108e+04  3.874046e-14
8  9.684136e+03  -1.685418e-14
9  4.425846e+03  8.669125e-15
10  2.097014e+03  -5.334608e-15
11  1.062153e+03  5.261873e-16
12  5.299398e+02  -8.171445e-16
13  2.840507e+02  1.566300e-15
14  1.505030e+02  -5.250630e-17
15  6.898294e+01  6.068450e-17
16  3.950648e+01  2.901141e-17
17  2.365090e+01  1.165536e-16
18  1.193125e+01  -8.354201e-17
19  2.303738e+00  -7.056841e-17
20  -1.052434e+00  -4.742316e-17
21  -1.001485e+00  -1.602606e-18
22  3.355885e-02  1.878146e-17
23  -2.477742e-02  1.446124e-18
24  -4.052636e-01  -8.663158e-18
25  -3.363779e-01  -1.905261e-18
26  -1.268869e-01  -1.295277e-18
27  -9.019461e-03  1.685702e-19
28  5.597213e-02  -1.389328e-19
29  5.460618e-02  2.550657e-19
30  2.905729e-02  -1.270704e-19
31  1.973145e-02  3.726175e-20
32  1.548741e-02  1.233523e-19
33  1.846258e-02  1.630437e-19
34  2.277714e-02  8.319803e-20
35  2.970845e-02  -1.071967e-18
36  3.949653e-02  -2.740458e-19
37  6.873026e-02  7.226802e-19
38  1.375847e-01  -1.863405e-18
39  2.476116e-01  -3.991492e-19
40  3.670075e-01  5.633774e-19
41  6.953050e-01  -6.161820e-18
42  1.157418e+00  -1.863464e-17
43  1.482548e+00  -5.754831e-18
44  2.089744e+00  5.083451e-17
45  2.522896e+00  1.407570e-17
46  4.286581e+00  -1.472053e-17
47  2.677638e+00  -4.703324e-17
48  1.447622e+01  3.259010e-16
49  5.701106e+01  5.874382e-16
50  1.613038e+02  -2.514064e-16
51  3.657573e+02  8.672974e-17
52  6.552871e+02  8.025847e-16
53  1.157802e+03  2.163292e-15
54  2.334019e+03  -2.651686e-15
55  4.802292e+03  1.036327e-14
56  9.916374e+03  2.837425e-16
57  2.092896e+04  2.504590e-14
58  4.426904e+04  4.179824e-14
59  9.459898e+04  1.606829e-14
60  1.944372e+05  -2.424767e-14
61  4.063530e+05  -9.344823e-14
62  8.337196e+05  -3.766476e-13
63  1.899568e+06  4.661410e-13
ENDPROP
STARTPROP
MASSES:  4.500000e-02   4.500000e-02
SOURCE: GAM_3
SINKS: GAM_3
0  1.355505e+06  -3.989658e-13
1  1.952660e+06  -4.770921e-14
2  8.529845e+05  -3.410458e-13
3  4.165823e+05  -3.512696e-13
4  1.934601e+05  -4.090269e-14
5  8.885480e+04  3.989602e-14
6  4.108041e+04  -3.842494e-14
7  1.914561e+04  -1.980266e-14
8  9.495314e+03  -1.815031e-14
9  4.265061e+03  -1.966868e-15
10  2.062086e+03  2.332344e-15
11  1.050447e+03  -3.168799e-15
12  5.227418e+02  2.241636e-15
13  2.776571e+02  -2.018590e-15
14  1.183365e+02  -5.695582e-16
15  5.154566e+01  1.934399e-16
16  2.086256e+01  -3.149193e-16
17  8.500306e+00  1.188450e-16
18  1.300650e+00  4.502382e-17
19  6.428113e-01  3.485417e-17
20  -2.916502e-01  -3.558861e-17
21  7.556904e-01  -9.871226e-18
22  3.779295e-01  -1.380636e-18
23  -3.001261e-01  3.727912e-18
24  -2.523873e-01  3.105588e-18
25  -1.975049e-01  4.715877e-18
26  -1.534760e-01  -4.521312e-18
27  -8.516584e-02  -8.015734e-19
28  -1.073996e-02  6.919724e-19
29  1.533821e-02  -1.746783e-19
30  8.163400e-03  -1.811488e-19
31  -5.356814e-03  -8.241025e-20
32  3.765593e-03  1.551739e-20
33  1.169241e-02  -3.565465e-20
34  7.320994e-03  7.953600e-20
35  -1.372227e-02  4.635389e-19
36  -4.444793e-02  -9.234810e-20
37  -6.506512e-02  5.800779e-19
38  -2.033394e-01  1.164293e-20
39  -4.530351e-01  -5.069108e-18
40  -7.857126e-01  -1.092834e-18
41  -1.430435e+00  -5.339666e-18
42  -2.413112e+00  6.890290e-18
43  -2.467171e+00  2.333551e-19
44  -2.911708e+00  1.614237e-17
45  -2.419028e+00  2.998027e-17
46  8.894221e-01  1.414376e-17
47  8.509679e+00  -2.637005e-16
48  1.916905e+01  -2.454885e-16
49  3.177495e+01  -2.139281e-16
50  7.423193e+01  8.040842e-16
51  1.844995e+02  -1.561293e-17
52  4.875114e+02  -5.809239e-16
53  1.113209e+03  4.926410e-15
54  2.612409e+03  3.282893e-15
55  5.913303e+03  1.174836e-14
56  1.220498e+04  -6.932314e-15
57  2.346698e+04  1.257225e-14
58  4.699972e+04  -1.370754e-14
59  9.633569e+04  -5.655354e-14
60  1.957114e+05  5.732372e-14
61  4.043321e+05  5.168806e-14
62  8.413206e+05  1.933860e-13
63  1.939137e+06  -9.394265e-14
ENDPROP
STARTPROP
MASSES:  4.500000e-02   4.500000e-02
SOURCE: GAM_4
SINKS: GAM_4
0  2.139588e+06  1.336463e-13
1  -2.694771e+05  5.963242e-13
2  -1.566678e+03  4.163247e-14
3  -3.092884e+03  7.406033e-14
4  -3.395623e+02  -6.326501e-14
5  -8.536135e+01  4.056736e-14
6  -1.178263e+02  2.714896e-15
7  -1.002944e+02  1.543087e-14
8  3.826594e+01  -5.647075e-15
9  4.045058e+01  1.038230e-14
10  1.687755e+01  -4.947206e-15
11  3.029642e+00  4.217600e-15
12  2.135448e+01  -3.039865e-15
13  6.207374e+00  -5.747713e-16
14  1.784326e+00  -6.220946e-16
15  1.783063e+00  1.237499e-15
16  -3.112293e+00  -2.591744e-16
17  -1.374558e+00  8.993404e-17
18  -2.758140e-02  -9.683895e-17
19  -4.186508e-01  -6.745809e-17
20  -4.612303e-01  6.887470e-17
21  9.637453e-03  -3.614873e-17
22  4.483755e-03  3.500815e-18
23  -8.427667e-02  -3.127655e-18
24  -5.658205e-02  -1.020273e-17
25  -1.917622e-03  -1.333314e-18
26  -4.358576e-04  1.344193e-18
27  2.133886e-04  -1.006529e-18
28  -2.157354e-02  1.022209e-18
29  -1.461861e-02  2.079688e-19
30  -2.163249e-02  -2.965835e-19
31  -1.882113e-02  1.614625e-19
32  -1.815145e-02  2.938637e-19
33  -2.050468e-02  -9.456187e-21
34  -1.675522e-02  1.546010e-19
35  -1.602595e-02  -8.367082e-20
36  -2.222039e-02  -6.605749e-19
37  -1.175761e-02  9.083958e-19
38  -3.164017e-02  1.683262e-18
39  5.636862e-03  6.487492e-18
40  5.353963e-03  -9.161216e-19
41  -3.570301e-02  -3.255753e-18
42  -1.466405e-02  1.775836e-17
43  -1.934903e-01  -2.490859e-17
44  -2.511241e-01  1.282454e-17
45  -6.395113e-01  1.148115e-16
46  -8.501260e-01  5.512490e-18
47  -5.684587e-01  -2.208948e-16
48  1.094286e-01  6.218767e-16
49  1.068344e+00  2.386891e-16
50  1.791987e+00  -7.636179e-16
51  7.158237e+00  2.656253e-17
52  -1.596359e+01  -1.178672e-15
53  5.665838e+00  -2.595026e-15
54  6.184087e+00  -7.923854e-15
55  -6.497455e+01  2.731156e-15
56  2.651199e+01  -2.093977e-14
57  -7.030865e+01  8.830454e-15
58  -1.821639e+02  -2.408552e-14
59  -2.377107e+02  -2.514377e-14
60  1.307695e+02  1.315786e-13
61  -1.878479e+03  1.788693e-13
62  -3.099269e+03  1.047486e-13
63  -2.605468e+05  3.957420e-13
ENDPROP
STARTPROP
MASSES:  4.500000e-02   4.500000e-02
SOURCE: GAM_5
SINKS: GAM_5
0  5.490181e+06  0.000000e+00
1  5.304033e+06  0.000000e+00
2  3.288197e+06  0.000000e+00
3  2.075744e+06  0.000000e+00
4  1.269542e+06  0.000000e+00
5  7.846212e+05  0.000000e+00
6  4.827646e+05  0.000000e+00
7  2.929515e+05  0.000000e+00
8  1.811751e+05  0.000000e+00
9  1.122385e+05  0.000000e+00
10  6.880992e+04  0.000000e+00
11  4.240767e+04  0.000000e+00
12  2.611714e+04  0.000000e+00
13  1.580061e+04  0.000000e+00
14  9.484249e+03  0.000000e+00
15  5.782448e+03  0.000000e+00
16  3.533692e+03  0.000000e+00
17  2.156585e+03  0.000000e+00
18  1.326941e+03  0.000000e+00
19  8.137237e+02  0.000000e+00
20  4.987519e+02  0.000000e+00
21  3.018336e+02  0.000000e+00
22  1.869562e+02  0.000000e+00
23  1.163870e+02  0.000000e+00
24  6.980449e+01  0.000000e+00
25  4.224276e+01  0.000000e+00
26  2.600027e+01  0.000000e+00
27  1.585883e+01  0.000000e+00
28  9.739695e+00  0.000000e+00
29  6.106623e+00  0.000000e+00
30  4.069344e+00  0.000000e+00
31  3.052328e+00  0.000000e+00
32  2.741355e+00  0.000000e+00
33  3.088814e+00  0.000000e+00
34  4.155222e+00  0.000000e+00
35  6.191415e+00  0.000000e+00
36  9.763583e+00  0.000000e+00
37  1.555173e+01  0.000000e+00
38  2.507168e+01  0.000000e+00
39  4.130994e+01  0.000000e+00
40  6.796208e+01  0.000000e+00
41  1.108734e+02  0.000000e+00
42  1.789525e+02  0.000000e+00
43  2.930604e+02  0.000000e+00
44  4.853209e+02  0.000000e+00
45  8.151272e+02  0.000000e+00
46  1.353809e+03  0.000000e+00
47  2.234539e+03  0.000000e+00
48  3.650146e+03  0.000000e+00
49  5.855385e+03  0.000000e+00
50  9.377117e+03  0.000000e+00
51  1.519651e+04  0.000000e+00
52  2.459457e+04  0.000000e+00
53  4.011715e+04  0.000000e+00
54  6.600415e+04  0.000000e+00
55  1.082336e+05  0.000000e+00
56  1.784050e+05  0.000000e+00
57  2.916264e+05  0.000000e+00
58  4.785143e+05  0.000000e+00
59  7.784010e+05  0.000000e+00
60  1.255311e+06  0.000000e+00
61  2.050018e+06  0.000000e+00
62  3.263395e+06  0.000000e+00
63  5.277579e+06  0.000000e+00
ENDPROP
STARTPROP
MASSES:  4.500000e-02   4.500000e-02
SOURCE: GAM_12
SINKS: GAM_12
0  9.296607e+05  0.000000e+00
1  -6.170554e+05  0.000000e+00
2  -1.358584e+05  0.000000e+00
3  -4.582094e+04  0.000000e+00
4  -1.282811e+04  0.000000e+00
5  -4.020879e+03  0.000000e+00
6  -1.790489e+02  0.000000e+00
7  6.921792e+02  0.000000e+00
8  7.654030e+02  0.000000e+00
9  4.059573e+02  0.000000e+00
10  2.262126e+02  0.000000e+00
11  3.675271e+01  0.000000e+00
12  -3.168859e+01  0.000000e+00
13  -8.397437e+00  0.000000e+00
14  1.273755e+01  0.000000e+00
15  6.313190e+00  0.000000e+00
16  -3.514583e+00  0.000000e+00
17  -6.983261e+00  0.000000e+00
18  -7.234003e+00  0.000000e+00
19  -3.880913e+00  0.000000e+00
20  -1.363179e+00  0.000000e+00
21  -4.217820e-01  0.000000e+00
22  3.207592e-01  0.000000e+00
23  4.142327e-01  0.000000e+00
24  2.804743e-01  0.000000e+00
25  1.072175e-01  0.000000e+00
26  4.776469e-02  0.000000e+00
27  4.590410e-02  0.000000e+00
28  4.715104e-02  0.000000e+00
29  3.927525e-02  0.000000e+00
30  2.106385e-02  0.000000e+00
31  8.956840e-03  0.000000e+00
32  5.690028e-03  0.000000e+00
33  3.564113e-03  0.000000e+00
34  -2.754411e-03  0.000000e+00
35  -2.049090e-02  0.000000e+00
36  -2.996373e-02  0.000000e+00
37  1.571918e-02  0.000000e+00
38  5.612253e-02  0.000000e+00
39  8.790991e-02  0.000000e+00
40  6.719698e-02  0.000000e+00
41  4.599545e-02  0.000000e+00
42  4.643998e-02  0.000000e+00
43  2.453336e-01  0.000000e+00
44  5.850989e-02  0.000000e+00
45  4.939316e-02  0.000000e+00
46  2.732915e+00  0.000000e+00
47  6.163939e+00  0.000000e+00
48  1.148487e+01  0.000000e+00
49  8.879029e+00  0.000000e+00
50  1.618840e+00  0.000000e+00
51  1.225572e+01  0.000000e+00
52  6.350895e+01  0.000000e+00
53  1.398840e+02  0.000000e+00
54  1.688101e+02  0.000000e+00
55  -3.895230e+01  0.000000e+00
56  -5.505441e+02  0.000000e+00
57  -9.476414e+02  0.000000e+00
58  -2.158959e+03  0.000000e+00
59  -4.296556e+03  0.000000e+00
60  -1.390571e+04  0.000000e+00
61  -4.678455e+04  0.000000e+00
62  -1.375285e+05  0.000000e+00
63  -6.104223e+05  0.000000e+00
ENDPROP
STARTPROP
MASSES:  4.500000e-02   4.500000e-02
SOURCE: GAM_21
SINKS: GAM_21
0  9.296607e+05  0.000000e+00
1  -6.170554e+05  0.000000e+00
2  -1.358584e+05  0.000000e+00
3  -4.582094e+04  0.000000e+00
4  -1.282811e+04  0.000000e+00
5  -4.020879e+03  0.000000e+00
6  -1.790489e+02  0.000000e+00
7  6.921792e+02  0.000000e+00
8  7.654030e+02  0.000000e+00
9  4.059573e+02  0.000000e+00
10  2.262126e+02  0.000000e+00
11  3.675271e+01  0.000000e+00
12  -3.168859e+01  0.000000e+00
13  -8.397437e+00  0.000000e+00
14  1.273755e+01  0.000000e+00
15  6.313190e+00  0.000000e+00
16  -3.514583e+00  0.000000e+00
17  -6.983261e+00  0.000000e+00
18  -7.234003e+00  0.000000e+00
19  -3.880913e+00  0.000000e+00
20  -1.363179e+00  0.000000e+00
21  -4.217820e-01  0.000000e+00
22  3.207592e-01  0.000000e+00
23  4.142327e-01  0.000000e+00
24  2.804743e-01  0.000000e+00
25  1.072175e-01  0.000000e+00
26  4.776469e-02  0.000000e+00
27  4.590410e-02  0.000000e+00
28  4.715104e-02  0.000000e+00
29  3.927525e-02  0.000000e+00
30  2.106385e-02  0.000000e+00
31  8.956840e-03  0.000000e+00
32  5.690028e-03  0.000000e+00
33  3.564113e-03  0.000000e+00
34  -2.754411e-03  0.000000e+00
35  -2.049090e-02  0.000000e+00
36  -2.996373e-02  0.000000e+00
37  1.571918e-02  0.000000e+00
38  5.612253e-02  0.000000e+00
39  8.790991e-02  0.000000e+00
40  6.719698e-02  0.000000e+00
41  4.599545e-02  0.000000e+00
42  4.643998e-02  0.000000e+00
43  2.453336e-01  0.000000e+00
44  5.850989e-02  0.000000e+00
45  4.939316e-02  0.000000e+00
46  2.732915e+00  0.000000e+00
47  6.163939e+00  0.000000e+00
48  1.148487e+01  0.000000e+00
49  8.879029e+00  0.000000e+00
50  1.618840e+00  0.000000e+00
51  1.225572e+01  0.000000e+00
52  6.350895e+01  0.000000e+00
53  1.398840e+02  0.000000e+00
54  1.688101e+02  0.000000e+00
55  -3.895230e+01  0.000000e+00
56  -5.505441e+02  0.000000e+00
57  -9.476414e+02  0.000000e+00
58  -2.158959e+03  0.000000e+00
59  -4.296556e+03  0.000000e+00
60  -1.390571e+04  0.000000e+00
61  -4.678455e+04  0.000000e+00
62  -1.375285e+05  0.000000e+00
63  -6.104223e+05  0.000000e+00
ENDPROP
STARTPROP
MASSES:  4.500000e-02   4.500000e-02
SOURCE: GAM_13
SINKS: GAM_13
0  9.235820e+05  1.480179e-13
1  -6.198384e+05  2.509305e-13
2  -1.330258e+05  -4.717116e-14
3  -4.351887e+04  1.222469e-13
4  -1.460776e+04  -5.237184e-15
5  -6.795105e+03  7.279677e-14
6  -3.119478e+03  -6.991352e-15
7  -1.452482e+03  4.169564e-15
8  -7.559834e+02  -2.500900e-15
9  -3.000522e+02  -1.229675e-14
10  -3.186001e+01  2.984219e-15
11  -3.340755e+01  -2.481516e-15
12  -3.943612e+00  -3.877138e-16
13  8.830009e+00  -1.475562e-15
14  1.014179e+01  8.963500e-16
15  4.358861e+00  -1.063449e-16
16  -1.083203e-01  1.489859e-16
17  -2.651650e-01  1.315866e-16
18  1.616212e+00  -9.807186e-18
19  1.016333e+00  6.249773e-17
20  1.099345e+00  4.749276e-17
21  7.558077e-01  -2.746770e-17
22  5.638109e-01  -4.560013e-18
23  1.746453e-01  -6.589503e-19
24  1.468252e-02  -4.976171e-18
25  5.741666e-02  2.115313e-18
26  5.240626e-02  1.990941e-20
27  4.352347e-03  -2.755835e-20
28  -1.416618e-02  1.024262e-18
29  -2.166301e-02  8.969590e-19
30  -1.647407e-02  3.619926e-19
31  -7.348064e-03  4.983983e-20
32  -6.677677e-03  -2.888696e-21
33  -6.441945e-03  -1.839733e-19
34  -5.729850e-04  3.552634e-19
35  1.924239e-03  -3.016820e-19
36  2.514654e-02  8.702700e-20
37  1.004218e-03  -4.244177e-19
38  -2.060417e-03  1.597004e-18
39  4.149728e-03  3.059623e-18
40  1.091307e-01  -1.580378e-19
41  2.961614e-01  -9.312148e-18
42  5.955098e-01  -9.873860e-18
43  9.821512e-01  -3.388085e-18
44  1.405243e+00  1.130223e-18
45  3.170919e+00  6.777653e-19
46  6.194985e+00  6.110651e-17
47  1.202732e+01  6.610827e-20
48  1.210998e+01  2.104054e-16
49  1.598729e+01  -2.728283e-16
50  1.266443e+01  -2.826504e-16
51  2.423143e+01  -3.916598e-16
52  5.481756e+00  -8.927460e-16
53  2.230826e+00  -7.588263e-16
54  6.674570e+01  -5.501099e-15
55  1.534072e+02  4.351131e-15
56  1.761861e+02  5.946286e-15
57  -1.583326e+02  3.372868e-15
58  -1.404376e+03  -5.825283e-16
59  -5.870257e+03  2.238306e-14
60  -1.718846e+04  8.012074e-14
61  -5.064046e+04  7.189123e-14
62  -1.356693e+05  -2.408262e-14
63  -6.102732e+05  6.968363e-14
ENDPROP
STARTPROP
MASSES:  4.500000e-02   4.500000e-02
SOURCE: GAM_31
SINKS: GAM_31
0  9.235820e+05  1.480179e-13
1  -6.198384e+05  2.509305e-13
2  -1.330258e+05  -4.717116e-14
3  -4.351887e+04  1.222469e-13
4  -1.460776e+04  -5.237184e-15
5  -6.795105e+03  7.279677e-14
6  -3.119478e+03  -6.991352e-15
7  -1.452482e+03  4.169564e-15
8  -7.559834e+02  -2.500900e-15
9  -3.000522e+02  -1.229675e-14
10  -3.186001e+01  2.984219e-15
11  -3.340755e+01  -2.481516e-15
12  -3.943612e+00  -3.877138e-16
13  8.830009e+00  -1.475562e-15
14  1.014179e+01  8.963500e-16
15  4.358861e+00  -1.063449e-16
16  -1.083203e-01  1.489859e-16
17  -2.651650e-01  1.315866e-16
18  1.616212e+00  -9.807186e-18
19  1.016333e+00  6.249773e-17
20  1.099345e+00  4.749276e-17
21  7.558077e-01  -2.746770e-17
22  5.638109e-01  -4.560013e-18
23  1.746453e-01  -6.589503e-19
24  1.468252e-02  -4.976171e-18
25  5.741666e-02  2.115313e-18
26  5.240626e-02  1.990941e-20
27  4.352347e-03  -2.755835e-20
28  -1.416618e-02  1.024262e-18
29  -2.166301e-02  8.969590e-19
30  -1.647407e-02  3.619926e-19
31  -7.348064e-03  4.983983e-20
32  -6.677677e-03  -2.888696e-21
33  -6.441945e-03  -1.839733e-19
34  -5.729850e-04  3.552634e-19
35  1.924239e-03  -3.016820e-19
36  2.514654e-02  8.702700e-20
37  1.004218e-03  -4.244177e-19
38  -2.060417e-03  1.597004e-18
39  4.149728e-03  3.059623e-18
40  1.091307e-01  -1.580378e-19
41  2.961614e-01  -9.312148e-18
42  5.955098e-01  -9.873860e-18
43  9.821512e-01  -3.388085e-18
44  1.405243e+00  1.130223e-18
45  3.170919e+00  6.777653e-19
46  6.194985e+00  6.110651e-17
47  1.202732e+01  6.610827e-20
48  1.210998e+01  2.104054e-16
49  1.598729e+01  -2.728283e-16
50  1.266443e+01  -2.826504e-16
51  2.423143e+01  -3.916598e-16
52  5.481756e+00  -8.927460e-16
53  2.230826e+00  -7.588263e-16
54  6.674570e+01  -5.501099e-15
55  1.534072e+02  4.351131e-15
56  1.761861e+02  5.946286e-15
57  -1.583326e+02  3.372868e-15
58  -1.404376e+03  -5.825283e-16
59  -5.870257e+03  2.238306e-14
60  -1.718846e+04  8.012074e-14
61  -5.064046e+04  7.189123e-14
62  -1.356693e+05  -2.408262e-14
63  -6.102732e+05  6.968363e-14
ENDPROP
STARTPROP
MASSES:  4.500000e-02   4.500000e-02
SOURCE: GAM_14
SINKS: GAM_14
0  1.981408e+05  -1.257076e-13
1  1.393621e+06  9.555826e-14
2  5.561816e+05  -8.715806e-15
3  2.659390e+05  4.778914e-14
4  1.236474e+05  7.441091e-14
5  5.765512e+04  -4.598789e-15
6  2.674203e+04  -2.086654e-14
7  1.228298e+04  2.537189e-15
8  5.555213e+03  7.334982e-15
9  2.290082e+03  -1.779666e-15
10  7.658407e+02  7.226811e-15
11  2.883972e+02  -6.476969e-16
12  1.406007e+02  -1.199158e-15
13  8.355770e+01  1.631396e-15
14  4.954900e+01  3.798496e-16
15  2.915060e+01  2.551348e-16
16  1.505371e+01  3.286552e-16
17  8.784100e+00  1.025012e-16
18  3.383197e+00  1.079795e-16
19  2.928615e+00  3.612423e-18
20  2.141744e+00  1.256705e-17
21  1.470733e+00  -6.905975e-18
22  4.566280e-01  5.776965e-18
23  1.948717e-01  4.308106e-19
24  -3.919774e-02  -1.747811e-18
25  -4.346955e-02  2.336600e-18
26  -1.866060e-02  3.414114e-19
27  -4.045678e-02  -6.745592e-19
28  -3.376043e-02  -2.488550e-19
29  -1.113443e-02  3.827306e-19
30  -2.128740e-03  -3.328176e-19
31  -7.540085e-03  -1.206256e-19
32  -1.077899e-02  1.955586e-19
33  -1.417765e-02  -1.514519e-19
34  -8.142690e-03  -5.129007e-19
35  -7.387659e-04  7.419486e-19
36  3.442059e-02  -6.882872e-20
37  6.994579e-02  -2.138638e-19
38  1.111504e-01  -8.396579e-19
39  1.564870e-01  -3.064399e-18
40  2.335621e-01  3.552231e-18
41  3.527035e-01  -6.184373e-18
42  3.490733e-01  -4.717940e-19
43  -2.265451e-02  -1.984424e-17
44  3.616163e-01  1.530024e-17
45  1.302116e+00  -1.406654e-17
46  5.200683e+00  5.887288e-17
47  1.461633e+01  1.088133e-16
48  2.797757e+01  3.141211e-17
49  5.489837e+01  -1.047600e-16
50  1.267208e+02  -5.555577e-16
51  2.504804e+02  -4.704000e-16
52  5.047638e+02  -1.135201e-15
53  8.992090e+02  -5.742951e-16
54  1.773043e+03  1.407763e-15
55  3.578522e+03  -3.476592e-15
56  7.146466e+03  -3.568238e-15
57  1.415967e+04  1.940410e-14
58  2.865781e+04  -2.828548e-16
59  5.794200e+04  -1.123675e-14
60  1.203248e+05  -2.113160e-14
61  2.592572e+05  1.701846e-14
62  5.497136e+05  -2.705941e-14
63  1.370251e+06  1.922904e-13
ENDPROP
STARTPROP
MASSES:  4.500000e-02   4.500000e-02
SOURCE: GAM_41
SINKS: GAM_41
0  1.981408e+05  -1.257076e-13
1  1.393621e+06  9.555826e-14
2  5.561816e+05  -8.715806e-15
3  2.659390e+05  4.778914e-14
4  1.236474e+05  7.441091e-14
5  5.765512e+04  -4.598789e-15
6  2.674203e+04  -2.086654e-14
7  1.228298e+04  2.537189e-15
8  5.555213e+03  7.334982e-15
9  2.290082e+03  -1.779666e-15
10  7.658407e+02  7.226811e-15
11  2.883972e+02  -6.476969e-16
12  1.406007e+02  -1.199158e-15
13  8.355770e+01  1.631396e-15
14  4.954900e+01  3.798496e-16
15  2.915060e+01  2.551348e-16
16  1.505371e+01  3.286552e-16
17  8.784100e+00  1.025012e-16
18  3.383197e+00  1.079795e-16
19  2.928615e+00  3.612423e-18
20  2.141744e+00  1.256705e-17
21  1.470733e+00  -6.905975e-18
22  4.566280e-01  5.776965e-18
23  1.948717e-01  4.308106e-19
24  -3.919774e-02  -1.747811e-18
25  -4.346955e-02  2.336600e-18
26  -1.866060e-02  3.414114e-19
27  -4.045678e-02  -6.745592e-19
28  -3.376043e-02  -2.488550e-19
29  -1.113443e-02  3.827306e-19
30  -2.128740e-03  -3.328176e-19
31  -7.540085e-03  -1.206256e-19
32  -1.077899e-02  1.955586e-19
33  -1.417765e-02  -1.514519e-19
34  -8.142690e-03  -5.129007e-19
35  -7.387659e-04  7.419486e-19
36  3.442059e-02  -6.882872e-20
37  6.994579e-02  -2.138638e-19
38  1.111504e-01  -8.396579e-19
39  1.564870e-01  -3.064399e-18
40  2.335621e-01  3.552231e-18
41  3.527035e-01  -6.184373e-18
42  3.490733e-01  -4.717940e-19
43  -2.265451e-02  -1.984424e-17
44  3.616163e-01  1.530024e-17
45  1.302116e+00  -1.406654e-17
46  5.200683e+00  5.887288e-17
47  1.461633e+01  1.088133e-16
48  2.797757e+01  3.141211e-17
49  5.489837e+01  -1.047600e-16
50  1.267208e+02  -5.555577e-16
51  2.504804e+02  -4.704000e-16
52  5.047638e+02  -1.135201e-15
53  8.992090e+02  -5.742951e-16
54  1.773043e+03  1.407763e-15
55  3.578522e+03  -3.476592e-15
56  7.146466e+03  -3.568238e-15
57  1.415967e+04  1.940410e-14
58  2.865781e+04  -2.828548e-16
59  5.794200e+04  -1.123675e-14
60  1.203248e+05  -2.113160e-14
61  2.592572e+05  1.701846e-14
62  5.497136e+05  -2.705941e-14
63  1.370251e+06  1.922904e-13
ENDPROP
STARTPROP
MASSES:  4.500000e-02   4.500000e-02
SOURCE: GAM_23
SINKS: GAM_23
0  8.878073e+05  -2.099041e-13
1  -6.363029e+05  -1.422654e-13
2  -1.410904e+05  -2.919892e-16
3  -4.891290e+04  -1.364801e-13
4  -1.626987e+04  9.358779e-15
5  -4.998745e+03  -1.698385e-14
6  -1.530933e+03  2.877171e-14
7  -6.868161e+02  4.095506e-16
8  -1.770252e+02  1.966446e-15
9  -8.747320e+01  -2.125744e-15
10  1.166387e+02  8.342461e-16
11  1.235937e+02  -1.666088e-15
12  1.099674e+02  1.880790e-15
13  6.875786e+01  6.843721e-16
14  3.928173e+01  2.319644e-16
15  2.343457e+01  -8.158401e-16
16  1.616100e+01  1.426738e-16
17  1.094825e+01  5.878753e-17
18  3.101828e+00  6.656639e-17
19  7.910969e-02  -5.212743e-17
20  -6.871194e-02  -5.712774e-19
21  -1.051932e-01  9.427361e-18
22  -2.382785e-02  -8.540325e-19
23  -1.587664e-03  -9.370208e-18
24  -2.996799e-02  5.079435e-19
25  4.802410e-02  1.865332e-18
26  4.263377e-02  -1.133908e-18
27  3.378875e-02  -4.979263e-19
28  2.193066e-02  3.751568e-19
29  2.108648e-02  3.152062e-19
30  1.466295e-02  -1.845207e-19
31  7.791585e-03  1.976354e-20
32  1.878103e-03  -1.041720e-19
33  -4.306709e-04  -8.535021e-20
34  -5.424013e-05  5.407533e-20
35  2.863965e-03  -8.670104e-20
36  -6.732820e-03  -4.414041e-19
37  -8.248191e-03  -8.229864e-19
38  2.047141e-03  4.307062e-19
39  1.037199e-01  -1.971409e-18
40  2.315276e-01  3.397012e-18
41  4.075461e-01  2.185160e-18
42  7.333432e-01  1.138264e-17
43  1.148481e+00  1.726004e-17
44  1.602230e+00  -1.434083e-17
45  2.085272e+00  5.798886e-17
46  4.225326e+00  8.561202e-17
47  8.900935e+00  1.254863e-16
48  1.473753e+01  -9.018794e-17
49  1.712357e+01  4.329162e-16
50  2.337089e+01  2.427946e-16
51  3.294000e+01  9.808860e-16
52  9.510124e+00  -7.639157e-16
53  -4.310612e+01  5.636882e-15
54  -9.449547e+01  1.527988e-16
55  -7.596123e+01  -1.776563e-15
56  1.621473e+01  2.595415e-14
57  -1.409864e+02  6.615717e-15
58  -1.161810e+03  3.366894e-14
59  -5.396898e+03  -7.198850e-14
60  -1.628384e+04  -7.653867e-14
61  -4.887605e+04  1.437782e-13
62  -1.398410e+05  1.101919e-13
63  -6.271646e+05  4.665691e-14
ENDPROP
STARTPROP
MASSES:  4.500000e-02   4.500000e-02
SOURCE: GAM_32
SINKS: GAM_32
0  8.878073e+05  -2.099041e-13
1  -6.363029e+05  -1.422654e-13
2  -1.410904e+05  -2.919892e-16
3  -4.891290e+04  -1.364801e-13
4  -1.626987e+04  9.358779e-15
5  -4.998745e+03  -1.698385e-14
6  -1.530933e+03  2.877171e-14
7  -6.868161e+02  4.095506e-16
8  -1.770252e+02  1.966446e-15
9  -8.747320e+01  -2.125744e-15
10  1.166387e+02  8.342461e-16
11  1.235937e+02  -1.666088e-15
12  1.099674e+02  1.880790e-15
13  6.875786e+01  6.843721e-16
14  3.928173e+01  2.319644e-16
15  2.343457e+01  -8.158401e-16
16  1.616100e+01  1.426738e-16
17  1.094825e+01  5.878753e-17
18  3.101828e+00  6.656639e-17
19  7.910969e-02  -5.212743e-17
20  -6.871194e-02  -5.712774e-19
21  -1.051932e-01  9.427361e-18
22  -2.382785e-02  -8.540325e-19
23  -1.587664e-03  -9.370208e-18
24  -2.996799e-02  5.079435e-19
25  4.802410e-02  1.865332e-18
26  4.263377e-02  -1.133908e-18
27  3.378875e-02  -4.979263e-19
28  2.193066e-02  3.751568e-19
29  2.108648e-02  3.152062e-19
30  1.466295e-02  -1.845207e-19
31  7.791585e-03  1.976354e-20
32  1.878103e-03  -1.041720e-19
33  -4.306709e-04  -8.535021e-20
34  -5.424013e-05  5.407533e-20
35  2.863965e-03  -8.670104e-20
36  -6.732820e-03  -4.414041e-19
37  -8.248191e-03  -8.229864e-19
38  2.047141e-03  4.307062e-19
39  1.037199e-01  -1.971409e-18
40  2.315276e-01  3.397012e-18
41  4.075461e-01  2.185160e-18
42  7.333432e-01  1.138264e-17
43  1.148481e+00  1.726004e-17
44  1.602230e+00  -1.434083e-17
45  2.085272e+00  5.798886e-17
46  4.225326e+00  8.561202e-17
47  8.900935e+00  1.254863e-16
48  1.473753e+01  -9.018794e-17
49  1.712357e+01  4.329162e-16
50  2.337089e+01  2.427946e-16
51  3.294000e+01  9.808860e-16
52  9.510124e+00  -7.639157e-16
53  -4.310612e+01  5.636882e-15
54  -9.449547e+01  1.527988e-16
55  -7.596123e+01  -1.776563e-15
56  1.621473e+01  2.595415e-14
57  -1.409864e+02  6.615717e-15
58  -1.161810e+03  3.366894e-14
59  -5.396898e+03  -7.198850e-14
60  -1.628384e+04  -7.653867e-14
61  -4.887605e+04  1.437782e-13
62  -1.398410e+05  1.101919e-13
63  -6.271646e+05  4.665691e-14
ENDPROP
STARTPROP
MASSES:  4.500000e-02   4.500000e-02
SOURCE: GAM_24
SINKS: GAM_24
0  1.493881e+05  4.937890e-15
1  1.365860e+06  2.093526e-13
2  5.489100e+05  1.829156e-13
3  2.698115e+05  1.580655e-13
4  1.256888e+05  -6.569230e-14
5  5.977153e+04  -4.944573e-14
6  2.898197e+04  -5.944447e-15
7  1.296885e+04  1.084651e-14
8  6.083179e+03  -8.523860e-15
9  2.575386e+03  1.133477e-15
10  1.136761e+03  -3.576830e-15
11  5.868055e+02  9.635360e-16
12  3.622803e+02  -3.793654e-16
13  1.958718e+02  1.871164e-16
14  8.795990e+01  -7.290046e-16
15  3.922315e+01  3.156604e-16
16  1.954955e+01  1.249776e-16
17  1.073458e+01  -1.112747e-16
18  2.336035e+00  2.107564e-17
19  6.497659e-02  9.387522e-17
20  -4.214062e-01  -2.772207e-17
21  4.532194e-01  2.523300e-17
22  6.475205e-01  4.389313e-18
23  3.933996e-01  6.391328e-18
24  2.577106e-01  -5.684820e-18
25  1.613098e-01  1.092944e-18
26  6.361315e-02  4.177502e-19
27  1.981377e-02  -2.566014e-19
28  1.363014e-02  3.453121e-19
29  -1.526540e-05  -5.333884e-19
30  -7.644674e-03  -1.014604e-20
31  -4.340333e-05  -2.108676e-19
32  1.158454e-03  5.709182e-20
33  -4.616085e-03  -9.158716e-20
34  -8.944934e-03  5.252850e-20
35  -8.040101e-03  -3.674461e-19
36  1.392085e-02  5.920704e-19
37  5.155187e-02  8.447024e-19
38  7.831299e-02  -1.771010e-18
39  1.185054e-01  -1.605094e-18
40  1.783457e-01  -4.044860e-18
41  2.369960e-01  -6.271723e-18
42  4.547026e-01  -4.932270e-18
43  1.655744e+00  -9.889063e-18
44  1.719384e+00  -1.024289e-17
45  2.867785e+00  3.524857e-17
46  5.403220e+00  1.348221e-16
47  5.678747e+00  -9.589595e-17
48  1.250269e+00  -4.271513e-17
49  1.364498e+01  -3.909792e-16
50  5.316649e+01  -1.846115e-16
51  1.469351e+02  1.181592e-16
52  2.328058e+02  3.460634e-16
53  4.862510e+02  -1.120733e-15
54  1.159801e+03  3.002503e-16
55  2.494555e+03  -1.353941e-15
56  6.112863e+03  -4.111207e-15
57  1.325091e+04  1.905911e-14
58  2.788919e+04  4.510837e-15
59  5.845495e+04  1.995271e-14
60  1.230100e+05  -6.832649e-14
61  2.538711e+05  -3.260851e-14
62  5.326620e+05  -7.193356e-15
63  1.343429e+06  1.365746e-13
ENDPROP
STARTPROP
MASSES:  4.500000e-02   4.500000e-02
SOURCE: GAM_42
SINKS: GAM_42
0  1.493881e+05  4.937890e-15
1  1.365860e+06  2.093526e-13
2  5.489100e+05  1.829156e-13
3  2.698115e+05  1.580655e-13
4  1.256888e+05  -6.569230e-14
5  5.977153e+04  -4.944573e-14
6  2.898197e+04  -5.944447e-15
7  1.296885e+04  1.084651e-14
8  6.083179e+03  -8.523860e-15
9  2.575386e+03  1.133477e-15
10  1.136761e+03  -3.576830e-15
11  5.868055e+02  9.635360e-16
12  3.622803e+02  -3.793654e-16
13  1.958718e+02  1.871164e-16
14  8.795990e+01  -7.290046e-16
15  3.922315e+01  3.156604e-16
16  1.954955e+01  1.249776e-16
17  1.073458e+01  -1.112747e-16
18  2.336035e+00  2.107564e-17
19  6.497659e-02  9.387522e-17
20  -4.214062e-01  -2.772207e-17
21  4.532194e-01  2.523300e-17
22  6.475205e-01  4.389313e-18
23  3.933996e-01  6.391328e-18
24  2.577106e-01  -5.684820e-18
25  1.613098e-01  1.092944e-18
26  6.361315e-02  4.177502e-19
27  1.981377e-02  -2.566014e-19
28  1.363014e-02  3.453121e-19
29  -1.526540e-05  -5.333884e-19
30  -7.644674e-03  -1.014604e-20
31  -4.340333e-05  -2.108676e-19
32  1.158454e-03  5.709182e-20
33  -4.616085e-03  -9.158716e-20
34  -8.944934e-03  5.252850e-20
35  -8.040101e-03  -3.674461e-19
36  1.392085e-02  5.920704e-19
37  5.155187e-02  8.447024e-19
38  7.831299e-02  -1.771010e-18
39  1.185054e-01  -1.605094e-18
40  1.783457e-01  -4.044860e-18
41  2.369960e-01  -6.271723e-18
42  4.547026e-01  -4.932270e-18
43  1.655744e+00  -9.889063e-18
44  1.719384e+00  -1.024289e-17
45  2.867785e+00  3.524857e-17
46  5.403220e+00  1.348221e-16
47  5.678747e+00  -9.589595e-17
48  1.250269e+00  -4.271513e-17
49  1.364498e+01  -3.909792e-16
50  5.316649e+01  -1.846115e-16
51  1.469351e+02  1.181592e-16
52  2.328058e+02  3.460634e-16
53  4.862510e+02  -1.120733e-15
54  1.159801e+03  3.002503e-16
55  2.494555e+03  -1.353941e-15
56  6.112863e+03  -4.111207e-15
57  1.325091e+04  1.905911e-14
58  2.788919e+04  4.510837e-15
59  5.845495e+04  1.995271e-14
60  1.230100e+05  -6.832649e-14
61  2.538711e+05  -3.260851e-14
62  5.326620e+05  -7.193356e-15
63  1.343429e+06  1.365746e-13
ENDPROP
STARTPROP
MASSES:  4.500000e-02   4.500000e-02
SOURCE: GAM_34
SINKS: GAM_34
0  1.354108e+05  0.000000e+00
1  1.355041e+06  0.000000e+00
2  5.362894e+05  0.000000e+00
3  2.566496e+05  0.000000e+00
4  1.182856e+05  0.000000e+00
5  5.689819e+04  0.000000e+00
6  2.611866e+04  0.000000e+00
7  1.226562e+04  0.000000e+00
8  6.746286e+03  0.000000e+00
9  3.490974e+03  0.000000e+00
10  1.624539e+03  0.000000e+00
11  7.093795e+02  0.000000e+00
12  3.514372e+02  0.000000e+00
13  1.320532e+02  0.000000e+00
14  4.147222e+01  0.000000e+00
15  1.285442e+01  0.000000e+00
16  1.375106e+00  0.000000e+00
17  8.325474e+00  0.000000e+00
18  8.073759e+00  0.000000e+00
19  3.549320e+00  0.000000e+00
20  2.075435e+00  0.000000e+00
21  9.512542e-01  0.000000e+00
22  9.100722e-01  0.000000e+00
23  4.639441e-01  0.000000e+00
24  1.068798e-01  0.000000e+00
25  -1.024823e-01  0.000000e+00
26  -3.563166e-02  0.000000e+00
27  -2.244609e-02  0.000000e+00
28  -7.101190e-03  0.000000e+00
29  -2.769964e-02  0.000000e+00
30  -1.717638e-02  0.000000e+00
31  -5.295433e-03  0.000000e+00
32  2.882353e-03  0.000000e+00
33  1.840299e-03  0.000000e+00
34  -1.005996e-02  0.000000e+00
35  -2.167433e-02  0.000000e+00
36  -2.898616e-02  0.000000e+00
37  -4.217986e-02  0.000000e+00
38  -1.345992e-01  0.000000e+00
39  -3.946788e-01  0.000000e+00
40  -7.795949e-01  0.000000e+00
41  -8.996073e-01  0.000000e+00
42  -7.821848e-01  0.000000e+00
43  -1.257349e+00  0.000000e+00
44  -1.003312e+00  0.000000e+00
45  4.635732e-01  0.000000e+00
46  6.568156e+00  0.000000e+00
47  1.748081e+01  0.000000e+00
48  2.527575e+01  0.000000e+00
49  2.759060e+01  0.000000e+00
50  3.488752e+01  0.000000e+00
51  1.039544e+02  0.000000e+00
52  3.227072e+02  0.000000e+00
53  7.695660e+02  0.000000e+00
54  1.716360e+03  0.000000e+00
55  3.735394e+03  0.000000e+00
56  7.298123e+03  0.000000e+00
57  1.468335e+04  0.000000e+00
58  3.055256e+04  0.000000e+00
59  6.353758e+04  0.000000e+00
60  1.286507e+05  0.000000e+00
61  2.623690e+05  0.000000e+00
62  5.436328e+05  0.000000e+00
63  1.346739e+06  0.000000e+00
ENDPROP
STARTPROP
MASSES:  4.500000e-02   4.500000e-02
SOURCE: GAM_43
SINKS: GAM_43
0  1.354108e+05  0.000000e+00
1  1.355041e+06  0.000000e+00
2  5.362894e+05  0.000000e+00
3  2.566496e+05  0.000000e+00
4  1.182856e+05  0.000000e+00
5  5.689819e+04  0.000000e+00
6  2.611866e+04  0.000000e+00
7  1.226562e+04  0.000000e+00
8  6.746286e+03  0.000000e+00
9  3.490974e+03  0.000000e+00
10  1.624539e+03  0.000000e+00
11  7.093795e+02  0.000000e+00
12  3.514372e+02  0.000000e+00
13  1.320532e+02  0.000000e+00
14  4.147222e+01  0.000000e+00
15  1.285442e+01  0.000000e+00
16  1.375106e+00  0.000000e+00
17  8.325474e+00  0.000000e+00
18  8.073759e+00  0.000000e+00
19  3.549320e+00  0.000000e+00
20  2.075435e+00  0.000000e+00
21  9.512542e-01  0.000000e+00
22  9.100722e-01  0.000000e+00
23  4.639441e-01  0.000000e+00
24  1.068798e-01  0.000000e+00
25  -1.024823e-01  0.000000e+00
26  -3.563166e-02  0.000000e+00
27  -2.244609e-02  0.000000e+00
28  -7.101190e-03  0.000000e+00
29  -2.769964e-02  0.000000e+00
30  -1.717638e-02  0.000000e+00
31  -5.295433e-03  0.000000e+00
32  2.882353e-03  0.000000e+00
33  1.840299e-03  0.000000e+00
34  -1.005996e-02  0.000000e+00
35  -2.167433e-02  0.000000e+00
36  -2.898616e-02  0.000000e+00
37  -4.217986e-02  0.000000e+00
38  -1.345992e-01  0.000000e+00
39  -3.946788e-01  0.000000e+00
40  -7.795949e-01  0.000000e+00
41  -8.996073e-01  0.000000e+00
42  -7.821848e-01  0.000000e+00
43  -1.257349e+00  0.000000e+00
44  -1.003312e+00  0.000000e+00
45  4.635732e-01  0.000000e+00
46  6.568156e+00  0.000000e+00
47  1.748081e+01  0.000000e+00
48  2.527575e+01  0.000000e+00
49  2.759060e+01  0.000000e+00
50  3.488752e+01  0.000000e+00
51  1.039544e+02  0.000000e+00
52  3.227072e+02  0.000000e+00
53  7.695660e+02  0.000000e+00
54  1.716360e+03  0.000000e+00
55  3.735394e+03  0.000000e+00
56  7.298123e+03  0.000000e+00
57  1.468335e+04  0.000000e+00
58  3.055256e+04  0.000000e+00
59  6.353758e+04  0.000000e+00
60  1.286507e+05  0.000000e+00
61  2.623690e+05  0.000000e+00
62  5.436328e+05  0.000000e+00
63  1.346739e+06  0.000000e+00
ENDPROP
STARTPROP
MASSES:  4.500000e-02   4.500000e-02
SOURCE: GAM_15
SINKS: GAM_15
0  1.424092e+05  -7.938585e-13
1  -8.675816e+05  1.606540e-13
2  -2.306079e+05  -1.896691e-13
3  -8.088635e+04  5.016530e-14
4  -2.512280e+04  -8.518506e-14
5  -7.519837e+03  -2.748431e-14
6  -1.426817e+03  -2.297660e-14
7  -4.181140e+02  1.881738e-14
8  -6.139978e+02  6.518616e-15
9  -6.189097e+02  -7.046603e-15
10  -3.533073e+02  -4.443177e-15
11  -1.888801e+02  -6.857880e-16
12  -1.182204e+02  -3.257846e-15
13  -8.192714e+01  2.541983e-16
14  -3.606103e+01  -7.031432e-17
15  -7.576312e+00  5.705069e-16
16  3.803425e+00  -5.788567e-16
17  3.719111e+00  4.315654e-17
18  3.137950e+00  1.535417e-17
19  -2.824296e-01  5.255969e-17
20  -6.092384e-01  -1.332119e-17
21  -9.978732e-01  -1.948196e-18
22  -1.008986e+00  7.813230e-18
23  -9.524193e-01  -1.823317e-18
24  -5.429760e-01  -2.856641e-18
25  -1.275877e-01  -2.127581e-18
26  1.397391e-02  -1.063110e-18
27  3.849829e-02  -4.285086e-19
28  1.692398e-02  6.373530e-19
29  7.980761e-03  3.418734e-19
30  1.194152e-02  -3.370419e-19
31  5.003207e-03  1.027645e-19
32  2.574548e-03  -1.208777e-19
33  9.256869e-03  -3.838377e-21
34  7.362707e-03  -2.896387e-19
35  7.680874e-03  8.227039e-19
36  2.602448e-02  9.497713e-19
37  4.321750e-02  1.710235e-19
38  5.737238e-02  -2.930957e-18
39  -2.011918e-03  -1.199119e-18
40  1.930926e-02  1.692314e-18
41  1.869651e-03  8.439440e-18
42  -9.750625e-02  -1.284877e-17
43  -2.770899e-01  -1.491126e-17
44  -6.573569e-01  -6.974190e-17
45  -8.588394e-01  5.332975e-17
46  -3.164147e-01  -6.509395e-18
47  -3.002409e+00  -7.655912e-17
48  -5.549206e+00  -1.011323e-16
49  4.859066e+00  3.507941e-16
50  2.789277e+01  7.873135e-16
51  6.888615e+01  5.743361e-16
52  2.034258e+02  3.636147e-15
53  3.325050e+02  5.817758e-15
54  2.313128e+02  -3.874612e-15
55  -1.556750e+01  1.411634e-14
56  -5.664641e+02  1.007224e-14
57  -1.820015e+03  -1.100057e-14
58  -5.670108e+03  2.388982e-14
59  -1.436477e+04  4.958250e-15
60  -3.404958e+04  -3.812892e-14
61  -8.990800e+04  2.564941e-13
62  -2.473312e+05  -2.605461e-13
63  -8.794674e+05  -1.570133e-13
ENDPROP
STARTPROP
MASSES:  4.500000e-02   4.500000e-02
SOURCE: GAM_25
SINKS: GAM_25
0  1.253969e+05  -1.029775e-14
1  -8.814770e+05  -5.081686e-13
2  -2.399915e+05  -1.371798e-13
3  -8.391538e+04  -8.979045e-14
4  -2.612198e+04  2.127034e-13
5  -8.019300e+03  -7.967607e-14
6  -2.494393e+03  -5.986549e-14
7  -5.016577e+02  -1.155741e-14
8  2.242996e+02  9.294174e-15
9  3.444024e+01  9.505695e-15
10  -9.751624e-01  -2.850448e-16
11  -7.539748e+01  -5.100931e-16
12  -4.762037e+01  -2.181228e-16
13  -4.190832e+01  -1.619249e-15
14  -1.520564e+01  -8.497816e-17
15  5.829766e+00  -7.463278e-16
16  5.127132e+00  1.066097e-18
17  4.962519e+00  -3.427957e-16
18  5.251208e+00  -1.703527e-16
19  4.097746e+00  2.096009e-18
20  1.411032e+00  -2.642521e-17
21  8.202493e-02  -8.198452e-18
22  -5.125588e-01  4.006697e-17
23  -2.972593e-01  1.009941e-17
24  -3.056493e-01  4.962638e-18
25  -1.926484e-01  -3.647978e-18
26  -1.252353e-01  -1.809743e-18
27  -7.549965e-02  2.395737e-18
28  -3.660384e-02  1.351183e-18
29  -3.111391e-03  1.964352e-19
30  1.282450e-02  -4.883235e-20
31  1.240389e-02  -7.629361e-20
32  5.245219e-03  -7.919114e-20
33  -6.519291e-03  2.300387e-19
34  -1.010718e-02  2.876293e-20
35  -3.166040e-03  -1.178296e-18
36  1.631681e-02  -6.504857e-19
37  4.775844e-02  -1.352180e-18
38  8.825794e-02  -2.544656e-19
39  9.573753e-02  -2.326890e-18
40  -8.098589e-02  6.104879e-18
41  -1.294767e-01  1.346287e-17
42  1.328510e-01  2.117242e-18
43  3.546186e-01  8.139093e-19
44  5.116980e-02  -7.215976e-17
45  -6.573900e-01  -6.144321e-17
46  -1.812742e+00  1.641301e-17
47  -7.151110e+00  3.475287e-17
48  -1.592505e+01  6.583479e-17
49  -1.169063e+01  -3.418911e-17
50  9.226496e+00  1.054691e-15
51  5.275632e+01  -2.518174e-15
52  8.949619e+01  -1.756078e-15
53  2.005829e+02  -5.680748e-15
54  3.355034e+02  -1.652052e-15
55  3.155605e+02  6.546007e-15
56  2.335848e+02  -3.174429e-15
57  -7.491438e+02  3.658788e-14
58  -4.675246e+03  4.705792e-14
59  -1.514196e+04  6.647935e-14
60  -3.659326e+04  -5.151831e-15
61  -9.999282e+04  3.414416e-14
62  -2.594075e+05  2.778011e-13
63  -8.854097e+05  -3.815004e-14
ENDPROP
STARTPROP
MASSES:  4.500000e-02   4.500000e-02
SOURCE: GAM_35
SINKS: GAM_35
0  1.066583e+05  -4.133432e-13
1  -8.958479e+05  2.282784e-13
2  -2.505255e+05  -4.836054e-13
3  -9.030128e+04  -1.486886e-13
4  -3.032080e+04  -1.651852e-13
5  -1.074510e+04  -2.429742e-14
6  -4.326737e+03  4.992626e-14
7  -1.496280e+03  -4.048143e-14
8  7.234188e+01  -6.281767e-15
9  6.272038e+02  9.258961e-15
10  4.617779e+02  -2.493006e-15
11  2.716485e+02  -1.008743e-15
12  1.403152e+02  2.174090e-15
13  4.087047e+01  3.462974e-15
14  1.933482e+01  4.426530e-16
15  9.377085e+00  1.838311e-16
16  6.767011e+00  -1.649946e-17
17  -6.002700e-01  -1.691191e-16
18  2.972801e-01  -2.181222e-16
19  1.015419e+00  -1.159617e-16
20  1.198694e-01  -7.784962e-17
21  -5.989481e-02  3.569237e-17
22  -1.977271e-01  -1.304131e-17
23  -3.618630e-01  1.629280e-17
24  -2.611757e-01  -1.208245e-17
25  -2.241308e-01  -4.912346e-18
26  -1.641889e-01  -3.078444e-18
27  -1.118079e-01  -2.209342e-18
28  -5.100865e-02  -1.681745e-18
29  -1.879719e-02  4.288591e-19
30  -6.816272e-03  -9.258091e-20
31  2.934944e-04  -2.744575e-20
32  4.714917e-03  -5.086882e-20
33  4.912118e-04  -5.641569e-19
34  -1.669303e-02  -4.057940e-19
35  -2.932529e-02  5.888866e-19
36  -3.245648e-02  9.981274e-19
37  -1.054122e-02  -3.511674e-18
38  1.387155e-02  3.125018e-18
39  7.129855e-02  2.302303e-18
40  1.091370e-01  3.512061e-18
41  2.674310e-02  1.143792e-19
42  -7.367996e-02  5.474898e-18
43  -7.518735e-01  -1.696438e-17
44  -2.135048e+00  1.314447e-16
45  -2.755431e+00  -2.401469e-17
46  -2.364900e+00  5.474035e-17
47  8.896860e-01  2.531827e-16
48  4.361337e+00  1.563643e-16
49  3.737354e+00  9.973494e-16
50  1.412021e+01  -9.902906e-17
51  3.494671e+01  6.787063e-17
52  1.333639e+01  4.623843e-15
53  8.114932e+00  -8.528756e-15
54  3.781319e+01  -5.719237e-15
55  4.172190e+01  5.989943e-15
56  4.970715e+02  1.043487e-14
57  2.554534e+02  -7.658093e-15
58  -2.461943e+03  1.026230e-13
59  -1.160133e+04  2.860924e-14
60  -3.343971e+04  -2.698211e-14
61  -8.944073e+04  -5.735665e-14
62  -2.481276e+05  6.452380e-14
63  -8.922384e+05  -1.288037e-13
ENDPROP
STARTPROP
MASSES:  4.500000e-02   4.500000e-02
SOURCE: GAM_45
SINKS: GAM_45
0  -1.012994e+06  7.469474e-13
1  1.095775e+06  5.136820e-13
2  5.263247e+05  3.616265e-13
3  3.311061e+05  -1.620806e-13
4  2.025893e+05  -8.170859e-14
5  1.238939e+05  -3.828797e-14
6  7.599691e+04  -9.361381e-15
7  4.586736e+04  1.686224e-15
8  2.853723e+04  -2.000061e-14
9  1.761145e+04  8.701573e-15
10  1.083204e+04  -1.056164e-14
11  6.591114e+03  2.078903e-15
12  4.036152e+03  -2.448758e-15
13  2.469185e+03  -8.752579e-16
14  1.532117e+03  2.504442e-16
15  9.474347e+02  2.627746e-16
16  5.934886e+02  -5.607623e-17
17  3.640105e+02  -3.469994e-16
18  2.228993e+02  5.415992e-17
19  1.371288e+02  2.278818e-17
20  8.455973e+01  2.590217e-17
21  5.131898e+01  1.005946e-17
22  3.204432e+01  8.112910e-18
23  1.959773e+01  -7.174990e-18
24  1.168987e+01  3.662777e-18
25  7.184189e+00  -6.009360e-18
26  4.334789e+00  -1.637681e-18
27  2.681448e+00  3.848816e-19
28  1.654237e+00  5.792640e-19
29  1.049977e+00  -7.677073e-19
30  7.005366e-01  1.899377e-19
31  5.219490e-01  -1.051081e-19
32  4.579568e-01  4.295676e-19
33  5.220850e-01  -5.801500e-20
34  6.908341e-01  1.677763e-19
35  1.041946e+00  2.175817e-19
36  1.642174e+00  2.994840e-19
37  2.616364e+00  -1.798563e-19
38  4.228616e+00  3.464255e-18
39  6.927773e+00  4.837366e-18
40  1.128011e+01  -5.635789e-18
41  1.852624e+01  2.446896e-18
42  3.021926e+01  5.570825e-18
43  4.912541e+01  -2.187579e-17
44  8.025716e+01  2.648040e-17
45  1.326150e+02  -3.573340e-17
46  2.133953e+02  5.505884e-17
47  3.551001e+02  -1.323562e-16
48  5.887310e+02  7.083768e-17
49  9.656277e+02  -3.097004e-16
50  1.554117e+03  -5.196724e-16
51  2.514428e+03  5.144497e-17
52  4.050406e+03  -1.088466e-15
53  6.507319e+03  -1.623039e-15
54  1.052468e+04  2.659152e-15
55  1.706610e+04  1.707580e-14
56  2.814654e+04  -4.310042e-16
57  4.606662e+04  -8.451729e-15
58  7.497402e+04  1.850194e-14
59  1.241426e+05  5.083365e-14
60  2.010666e+05  -2.717293e-14
61  3.252295e+05  8.897595e-14
62  5.206815e+05  2.856645e-14
63  1.086879e+06  -9.288794e-14
ENDPROP
STARTPROP
MASSES:  4.500000e-02   4.500000e-02
SOURCE: PSAX4
SINKS: GAM_4
0  6.729162e+03  3.367219e-13
1  1.683612e+06  5.090259e-14
2  9.244204e+05  -2.678210e-14
3  5.707797e+05  -7.208340e-14
4  3.482194e+05  7.066652e-14
5  2.131514e+05  -9.148905e-15
6  1.307105e+05  -1.362922e-14
7  7.971811e+04  -6.965974e-15
8  4.963525e+04  7.161591e-15
9  3.064155e+04  -1.985366e-15
10  1.873119e+04  8.458691e-16
11  1.140390e+04  -2.643391e-16
12  6.916546e+03  2.050180e-15
13  4.198439e+03  2.164271e-16
14  2.563142e+03  9.534759e-18
15  1.561838e+03  2.816696e-16
16  9.663067e+02  6.099082e-17
17  5.863655e+02  -7.248548e-17
18  3.589905e+02  2.356111e-17
19  2.202617e+02  -2.632062e-17
20  1.351956e+02  1.617396e-17
21  8.210174e+01  4.247400e-18
22  5.103549e+01  -6.310127e-18
23  3.117427e+01  -5.573622e-18
24  1.861323e+01  1.453687e-18
25  1.139306e+01  -8.267712e-19
26  6.868983e+00  -4.124343e-20
27  4.211136e+00  -1.999928e-19
28  2.539738e+00  -3.024644e-19
29  1.508839e+00  3.541729e-20
30  8.481418e-01  1.308662e-19
31  3.829373e-01  1.690155e-19
32  2.940912e-03  6.600850e-21
33  -3.841189e-01  4.031867e-20
34  -8.478155e-01  1.297841e-20
35  -1.534061e+00  1.177607e-19
36  -2.589853e+00  -5.893807e-20
37  -4.208479e+00  -5.422057e-19
38  -6.863304e+00  -6.429979e-19
39  -1.124280e+01  -1.564483e-18
40  -1.826081e+01  -9.688982e-19
41  -2.999890e+01  -4.456915e-18
42  -4.895698e+01  -7.282145e-18
43  -8.002093e+01  4.339064e-18
44  -1.307863e+02  -1.219337e-17
45  -2.162901e+02  -4.399489e-18
46  -3.507657e+02  1.833543e-17
47  -5.846072e+02  -3.206168e-17
48  -9.709666e+02  -4.645579e-17
49  -1.594395e+03  9.746861e-17
50  -2.579234e+03  1.430567e-16
51  -4.202825e+03  -2.047344e-16
52  -6.827419e+03  6.074211e-16
53  -1.107018e+04  1.638575e-15
54  -1.792680e+04  -1.092313e-15
55  -2.906680e+04  9.184378e-17
56  -4.782083e+04  5.076534e-15
57  -7.797873e+04  -4.386984e-15
58  -1.273905e+05  -6.176790e-15
59  -2.114422e+05  -9.180905e-16
60  -3.425320e+05  3.674936e-14
61  -5.587730e+05  1.112565e-14
62  -9.123649e+05  3.682585e-14
63  -1.666659e+06  -2.235094e-14
ENDPROP
STARTPROP
MASSES:  4.500000e-02   4.500000e-02
SOURCE: WWPSAX4
SINKS: GAM_4
0  1.348619e+08  5.587935e-09
1  1.800761e+09  2.793968e-09
2  7.346228e+08  1.862645e-09
3  2.896607e+08  1.047738e-09
4  1.598879e+08  5.820766e-10
5  1.513399e+08  -8.149073e-10
6  4.484627e+07  3.929017e-10
7  3.072982e+07  4.074536e-10
8  2.184846e+07  -1.455192e-11
9  1.280214e+07  0.000000e+00
10  9.914683e+06  1.455192e-11
11  6.029939e+06  -1.455192e-11
12  3.390322e+06  3.637979e-12
13  1.844723e+06  1.455192e-11
14  1.787828e+06  -5.343281e-12
15  9.795881e+05  -9.094947e-12
16  5.780488e+05  9.094947e-13
17  3.050440e+05  6.821210e-13
18  1.616815e+05  6.821210e-13
19  8.378220e+04  5.684342e-14
20  5.171581e+04  0.000000e+00
21  4.658272e+04  4.547474e-13
22  2.339659e+04  1.136868e-13
23  1.543798e+04  -5.684342e-14
24  1.011182e+04  -3.552714e-14
25  6.009925e+03  2.842171e-14
26  3.157595e+03  1.776357e-14
27  1.439060e+03  -2.131628e-14
28  8.761618e+02  8.881784e-15
29  7.001071e+02  -8.881784e-16
30  5.451379e+02  -1.554312e-15
31  1.756850e+02  6.661338e-16
32  1.281554e+01  -3.330669e-16
33  -2.588614e+02  -3.108624e-15
34  -3.868255e+02  1.776357e-15
35  -6.763281e+02  1.065814e-14
36  -1.040540e+03  -8.881784e-15
37  -1.899194e+03  0.000000e+00
38  -2.762761e+03  -7.105427e-15
39  -4.122706e+03  -2.842171e-14
40  -7.720129e+03  -7.105427e-15
41  -1.651930e+04  -6.394885e-14
42  -3.309726e+04  3.126388e-13
43  -4.202894e+04  -9.947598e-14
44  -7.652925e+04  0.000000e+00
45  -1.033851e+05  3.694822e-13
46  -1.777269e+05  -2.273737e-13
47  -2.905864e+05  9.094947e-13
48  -4.505672e+05  -1.364242e-12
49  -8.705228e+05  7.730705e-12
50  -1.047763e+06  7.275958e-12
51  -2.265485e+06  -2.205525e-11
52  -3.605663e+06  -1.455192e-11
53  -4.892761e+06  -3.274181e-11
54  -1.076912e+07  -1.818989e-11
55  -1.442171e+07  0.000000e+00
56  -2.308161e+07  1.746230e-10
57  -4.015232e+07  5.820766e-11
58  -5.894975e+07  2.037268e-10
59  -1.787837e+08  3.492460e-10
60  -1.564231e+08  -6.984919e-10
61  -2.906609e+08  2.793968e-09
62  -1.047225e+09  -9.313226e-10
63  -1.739815e+09  -8.381903e-09
ENDPROP
STARTPROP
MASSES:  4.500000e-02   4.500000e-02
SOURCE: WWGAM_5
SINKS: GAM_5
0  2.064417e+10  0.000000e+00
1  2.363975e+09  0.000000e+00
2  1.042872e+09  0.000000e+00
3  4.643187e+08  0.000000e+00
4  2.867305e+08  0.000000e+00
5  2.042661e+08  0.000000e+00
6  8.785409e+07  0.000000e+00
7  5.962861e+07  0.000000e+00
8  4.662610e+07  0.000000e+00
9  2.130341e+07  0.000000e+00
10  1.668458e+07  0.000000e+00
11  1.039601e+07  0.000000e+00
12  5.752134e+06  0.000000e+00
13  3.216856e+06  0.000000e+00
14  2.642879e+06  0.000000e+00
15  1.470911e+06  0.000000e+00
16  8.539230e+05  0.000000e+00
17  5.132377e+05  0.000000e+00
18  2.880500e+05  0.000000e+00
19  1.551892e+05  0.000000e+00
20  8.662276e+04  0.000000e+00
21  7.444631e+04  0.000000e+00
22  4.105516e+04  0.000000e+00
23  2.514234e+04  0.000000e+00
24  1.532907e+04  0.000000e+00
25  1.032531e+04  0.000000e+00
26  5.138670e+03  0.000000e+00
27  2.678125e+03  0.000000e+00
28  1.877387e+03  0.000000e+00
29  1.306518e+03  0.000000e+00
30  9.805250e+02  0.000000e+00
31  7.036405e+02  0.000000e+00
32  5.856305e+02  0.000000e+00
33  7.967932e+02  0.000000e+00
34  8.650087e+02  0.000000e+00
35  1.339904e+03  0.000000e+00
36  2.245136e+03  0.000000e+00
37  3.494390e+03  0.000000e+00
38  5.138086e+03  0.000000e+00
39  7.690582e+03  0.000000e+00
40  1.331428e+04  0.000000e+00
41  2.684499e+04  0.000000e+00
42  5.328814e+04  0.000000e+00
43  6.841943e+04  0.000000e+00
44  1.080857e+05  0.000000e+00
45  1.740058e+05  0.000000e+00
46  2.987253e+05  0.000000e+00
47  5.154699e+05  0.000000e+00
48  7.962164e+05  0.000000e+00
49  1.354503e+06  0.000000e+00
50  1.939543e+06  0.000000e+00
51  3.670444e+06  0.000000e+00
52  5.506199e+06  0.000000e+00
53  8.002123e+06  0.000000e+00
54  1.589607e+07  0.000000e+00
55  2.440656e+07  0.000000e+00
56  4.295115e+07  0.000000e+00
57  6.666233e+07  0.000000e+00
58  9.932294e+07  0.000000e+00
59  2.564535e+08  0.000000e+00
60  2.809184e+08  0.000000e+00
61  5.224434e+08  0.000000e+00
62  1.369212e+09  0.000000e+00
63  2.349974e+09  0.000000e+00
ENDPROP
