STARTPROP
MASSES:  4.500000e-02   4.500000e-02
SOURCE: GAM_1
SINKS: GAM_1
0  1.353436e+06  -3.136645e-13
1  1.979461e+06  -4.348683e-13
2  8.962964e+05  -1.635052e-13
3  4.572228e+05  3.417037e-14
4  2.267477e+05  -2.417524e-14
5  1.106025e+05  6.202290e-14
6  5.253047e+04  -1.808052e-14
7  2.498684e+04  2.264687e-14
8  1.135541e+04  -1.506357e-14
9  5.534066e+03  -1.323366e-15
10  2.536220e+03  2.611559e-16
11  1.082550e+03  6.962696e-16
12  4.118482e+02  -3.137911e-15
13  1.855150e+02  -4.320098e-16
14  4.803721e+01  8.566858e-16
15  7.692331e+00  -6.218809e-16
16  3.641469e+00  9.918126e-17
17  6.675356e+00  -2.262945e-16
18  4.199075e+00  -1.296276e-16
19  -1.394953e+00  -1.073396e-17
20  -3.930247e+00  8.028225e-17
21  -3.725874e+00  1.358579e-17
22  -2.365110e+00  -1.609153e-18
23  -1.477966e+00  -9.388502e-18
24  -1.064343e+00  3.512859e-18
25  -6.052593e-01  6.141391e-19
26  -3.649525e-01  -1.744912e-18
27  -1.350514e-01  1.990403e-18
28  -7.498073e-02  -4.552774e-19
29  -4.561715e-02  6.057637e-20
30  -4.517389e-02  4.167083e-20
31  -3.836316e-02  1.897929e-19
32  -2.743820e-02  3.642100e-20
33  -2.473512e-02  1.272468e-19
34  -2.725848e-02  -2.260638e-19
35  -3.189188e-02  2.871961e-19
36  -2.641361e-02  -2.753178e-19
37  -3.367743e-02  -3.772932e-19
38  -5.402659e-02  -1.422538e-19
39  -1.618831e-01  -2.587034e-18
40  -3.146390e-01  1.209168e-18
41  -3.304632e-01  -1.350255e-17
42  -4.820126e-01  1.123354e-17
43  -8.032353e-01  2.086712e-17
44  -6.862444e-01  2.690032e-17
45  1.642984e+00  -4.398931e-17
46  1.844394e+00  -7.025204e-17
47  6.153786e+00  -5.378150e-18
48  1.852929e+01  -4.623476e-16
49  5.257428e+01  -1.782967e-16
50  1.213246e+02  -1.055417e-15
51  2.660180e+02  -1.299878e-15
52  5.738018e+02  -2.829898e-15
53  1.200148e+03  -3.356633e-15
54  2.427059e+03  -5.046646e-15
55  5.046335e+03  1.269791e-14
56  1.092696e+04  -8.210666e-15
57  2.318870e+04  -1.828564e-14
58  4.828871e+04  -4.656861e-14
59  9.844419e+04  4.123215e-14
60  2.054201e+05  -2.937082e-14
61  4.195919e+05  2.052433e-13
62  8.432044e+05  -2.268923e-13
63  1.955853e+06  -4.393706e-13
ENDPROP
STARTPROP
MASSES:  4.500000e-02   4.500000e-02
SOURCE: GAM_2
SINKS: GAM_2
0  1.303773e+06  1.304642e-14
1  1.955453e+06  -3.423477e-15
2  8.963751e+05  -2.094407e-13
3  4.698888e+05  3.103138e-14
4  2.343119e+05  1.488900e-14
5  1.108613e+05  -3.338429e-14
6  5.164138e+04  -7.061124e-15
7  2.438420e+04  9.532580e-15
8  1.107106e+04  -2.374163e-14
9  5.304521e+03  -8.509024e-15
10  2.840689e+03  1.169456e-14
11  1.355759e+03  -5.938072e-15
12  6.262961e+02  -8.069308e-16
13  3.564791e+02  -6.676747e-16
14  1.806229e+02  3.306309e-16
15  9.580217e+01  -5.249837e-16
16  3.747135e+01  -3.549538e-16
17  5.354975e+00  -1.707292e-16
18  -1.237859e+00  4.702448e-17
19  -2.446511e+00  -4.554024e-17
20  -3.451884e+00  1.370275e-16
21  -2.168103e+00  2.158951e-17
22  -1.101751e+00  -6.146815e-18
23  -6.654790e-01  1.982863e-17
24  -9.344047e-02  -8.265637e-18
25  1.156592e-02  -3.320496e-19
26  7.091722e-02  -1.476905e-18
27  4.032232e-02  6.062719e-19
28  2.756963e-02  -2.060578e-19
29  1.567866e-02  -7.135125e-19
30  2.185111e-03  -4.131660e-19
31  2.699184e-03  -6.618639e-20
32  2.487065e-03  -2.649441e-19
33  -2.915470e-03  4.042796e-19
34  -1.570306e-02  -1.707685e-19
35  -3.526586e-02  3.269339e-19
36  -4.741781e-02  5.310178e-19
37  -2.374311e-02  3.055080e-19
38  -4.808279e-02  -4.065049e-18
39  -2.582875e-01  -1.027223e-18
40  -5.584617e-01  -3.046060e-18
41  -1.008741e+00  -9.975084e-18
42  -1.665138e+00  -9.955198e-18
43  -2.354252e+00  -9.784671e-18
44  -2.759500e+00  -2.016507e-17
45  1.198781e+00  -1.103464e-17
46  1.141240e+01  1.385636e-16
47  3.506042e+01  1.414482e-16
48  7.832258e+01  -2.122290e-16
49  1.400122e+02  1.624302e-17
50  2.029946e+02  -1.232006e-15
51  3.448807e+02  -1.013926e-15
52  7.909388e+02  -1.569649e-15
53  1.654530e+03  -1.662106e-15
54  3.254570e+03  3.140816e-15
55  6.484317e+03  3.643743e-15
56  1.206605e+04  -1.926631e-15
57  2.379404e+04  5.536725e-14
58  4.953812e+04  7.154908e-15
59  1.004148e+05  2.609397e-15
60  2.066707e+05  1.853611e-13
61  4.218340e+05  1.572816e-13
62  8.514739e+05  2.825778e-14
63  1.954897e+06  2.841080e-13
ENDPROP
STARTPROP
MASSES:  4.500000e-02   4.500000e-02
SOURCE: GAM_3
SINKS: GAM_3
0  1.353949e+06  5.599590e-13
1  1.998713e+06  -1.248406e-13
2  9.198104e+05  -3.818987e-13
3  4.741910e+05  1.611679e-13
4  2.323341e+05  6.952772e-15
5  1.085506e+05  -1.010439e-13
6  5.055546e+04  2.125771e-15
7  2.389632e+04  -4.253252e-15
8  1.159479e+04  9.626123e-15
9  5.730204e+03  -9.020453e-15
10  2.730766e+03  -3.882063e-15
11  1.177053e+03  -1.265404e-15
12  5.668058e+02  3.799969e-15
13  3.052255e+02  6.459501e-16
14  1.763680e+02  2.008199e-16
15  9.451861e+01  4.702224e-17
16  4.696636e+01  2.631941e-16
17  2.123012e+01  -8.715387e-17
18  1.158304e+01  6.339946e-17
19  6.960517e+00  4.038500e-17
20  4.455374e+00  8.165565e-18
21  2.054220e+00  1.654683e-17
22  5.471730e-01  -6.645227e-18
23  -2.886200e-02  -3.833075e-18
24  2.752490e-01  1.845926e-18
25  2.107558e-01  -3.821459e-19
26  1.761288e-01  -3.267545e-19
27  1.720975e-01  7.077572e-19
28  9.338745e-02  9.412962e-19
29  1.928402e-02  6.763504e-20
30  3.074382e-03  -6.541104e-20
31  5.043090e-03  1.256390e-19
32  6.909111e-03  1.088541e-19
33  8.058342e-03  6.348766e-20
34  1.110714e-02  -2.935760e-20
35  2.075742e-02  1.248201e-19
36  3.627328e-02  -3.301586e-19
37  4.724478e-02  3.282221e-19
38  1.431995e-01  -9.072517e-20
39  1.628397e-01  1.631730e-18
40  2.627316e-01  -3.592785e-18
41  2.745876e-01  -1.189048e-17
42  2.513107e-01  8.479481e-18
43  1.086553e+00  2.839590e-18
44  1.780841e+00  4.335584e-18
45  4.104532e+00  -3.043099e-17
46  1.236125e+01  2.259619e-17
47  2.147855e+01  -8.763759e-17
48  3.348951e+01  1.611617e-16
49  7.602469e+01  2.850997e-16
50  1.608439e+02  -4.510121e-16
51  3.052871e+02  6.262771e-16
52  5.796949e+02  -2.601999e-15
53  1.180701e+03  2.691662e-15
54  2.351864e+03  -1.178995e-15
55  4.783550e+03  8.265551e-15
56  1.007562e+04  1.713890e-15
57  2.224479e+04  3.839462e-15
58  4.900472e+04  4.981873e-14
59  1.011687e+05  -1.657597e-14
60  2.053679e+05  8.796116e-14
61  4.174563e+05  6.401470e-14
62  8.587253e+05  -2.012973e-13
63  1.977126e+06  3.713622e-13
ENDPROP
STARTPROP
MASSES:  4.500000e-02   4.500000e-02
SOURCE: GAM_4
SINKS: GAM_4
0  2.144982e+06  4.286612e-13
1  -2.771910e+05  -3.290627e-13
2  -1.797654e+03  -5.185776e-13
3  -3.041903e+03  -2.237464e-13
4  -3.671674e+02  -1.042335e-13
5  -2.603015e+02  -1.036061e-13
6  2.087582e+02  -1.393994e-14
7  -6.329626e+01  -2.621745e-15
8  1.889138e+01  -4.175120e-15
9  -3.567663e+01  1.219825e-14
10  8.190245e+00  -3.443883e-15
11  1.830680e+01  -1.490403e-15
12  -3.118235e+00  -2.004064e-15
13  -2.682169e+00  -1.053293e-15
14  -1.910839e+00  -9.175889e-16
15  9.053139e-01  -8.033040e-16
16  1.545192e+00  -5.988652e-16
17  2.859786e-01  -7.787039e-17
18  3.058398e-01  -8.141861e-17
19  4.418063e-01  1.475118e-16
20  5.003317e-02  1.516356e-18
21  3.313178e-02  -2.003250e-17
22  -8.893001e-02  -3.232324e-17
23  -2.313794e-02  -3.239199e-18
24  -1.887789e-02  -5.527390e-18
25  -8.053547e-03  -2.048180e-18
26  1.217077e-03  -3.418822e-18
27  -7.484292e-04  2.424653e-18
28  -2.836718e-03  8.565393e-20
29  1.505932e-03  -5.119936e-19
30  -3.633094e-03  -7.970655e-19
31  -2.341746e-04  -2.149311e-19
32  -2.499364e-03  -1.864411e-19
33  -3.269037e-03  -1.389830e-19
34  -2.877423e-03  -6.149717e-19
35  -1.341715e-03  1.129706e-18
36  -1.369651e-04  1.713580e-18
37  6.626335e-03  2.041624e-18
38  5.902089e-03  7.036991e-20
39  2.505235e-03  3.647484e-18
40  -1.085138e-02  -2.699748e-18
41  -5.478617e-02  -1.659723e-17
42  4.246051e-02  4.270575e-18
43  -3.472369e-02  -2.795747e-17
44  2.926162e-01  -7.102176e-17
45  1.948658e-01  1.951812e-17
46  -4.840737e-01  -1.880720e-17
47  -2.977531e-01  2.066538e-16
48  -2.289805e+00  -8.083352e-16
49  1.629514e+00  6.233403e-16
50  -5.476466e+00  3.122256e-16
51  -9.948132e-01  -9.486621e-16
52  -1.090518e+01  5.599367e-15
53  1.107765e+01  2.856271e-15
54  -2.707155e+01  1.003583e-14
55  4.831632e+00  9.704287e-15
56  5.944802e+01  1.225223e-14
57  1.478696e+02  6.581084e-15
58  -4.179242e+01  -6.546231e-14
59  -6.080289e+02  5.722177e-14
60  4.360975e+00  7.503227e-14
61  -1.399403e+03  -6.690315e-14
62  -6.206287e+02  3.668038e-13
63  -2.802417e+05  3.327455e-13
ENDPROP
STARTPROP
MASSES:  4.500000e-02   4.500000e-02
SOURCE: GAM_5
SINKS: GAM_5
0  5.389381e+06  0.000000e+00
1  5.272023e+06  0.000000e+00
2  3.333229e+06  0.000000e+00
3  2.170410e+06  0.000000e+00
4  1.370665e+06  0.000000e+00
5  8.378964e+05  0.000000e+00
6  5.095386e+05  0.000000e+00
7  3.117296e+05  0.000000e+00
8  1.884737e+05  0.000000e+00
9  1.152896e+05  0.000000e+00
10  7.203397e+04  0.000000e+00
11  4.394369e+04  0.000000e+00
12  2.662832e+04  0.000000e+00
13  1.619983e+04  0.000000e+00
14  9.840665e+03  0.000000e+00
15  5.949100e+03  0.000000e+00
16  3.623395e+03  0.000000e+00
17  2.225935e+03  0.000000e+00
18  1.393567e+03  0.000000e+00
19  8.608531e+02  0.000000e+00
20  5.198080e+02  0.000000e+00
21  3.157706e+02  0.000000e+00
22  1.887227e+02  0.000000e+00
23  1.154449e+02  0.000000e+00
24  7.072219e+01  0.000000e+00
25  4.338780e+01  0.000000e+00
26  2.676962e+01  0.000000e+00
27  1.667690e+01  0.000000e+00
28  1.042259e+01  0.000000e+00
29  6.532672e+00  0.000000e+00
30  4.269654e+00  0.000000e+00
31  3.104595e+00  0.000000e+00
32  2.733049e+00  0.000000e+00
33  3.012757e+00  0.000000e+00
34  3.972317e+00  0.000000e+00
35  5.838085e+00  0.000000e+00
36  9.156162e+00  0.000000e+00
37  1.471387e+01  0.000000e+00
38  2.440375e+01  0.000000e+00
39  4.105294e+01  0.000000e+00
40  6.824212e+01  0.000000e+00
41  1.118284e+02  0.000000e+00
42  1.843795e+02  0.000000e+00
43  2.965336e+02  0.000000e+00
44  4.817950e+02  0.000000e+00
45  7.854779e+02  0.000000e+00
46  1.283686e+03  0.000000e+00
47  2.114559e+03  0.000000e+00
48  3.476971e+03  0.000000e+00
49  5.765107e+03  0.000000e+00
50  9.589066e+03  0.000000e+00
51  1.578206e+04  0.000000e+00
52  2.560937e+04  0.000000e+00
53  4.130162e+04  0.000000e+00
54  6.775186e+04  0.000000e+00
55  1.117904e+05  0.000000e+00
56  1.857792e+05  0.000000e+00
57  3.041194e+05  0.000000e+00
58  4.905566e+05  0.000000e+00
59  7.889408e+05  0.000000e+00
60  1.273687e+06  0.000000e+00
61  2.053087e+06  0.000000e+00
62  3.266925e+06  0.000000e+00
63  5.268744e+06  0.000000e+00
ENDPROP
STARTPROP
MASSES:  4.500000e-02   4.500000e-02
SOURCE: GAM_12
SINKS: GAM_12
0  9.057875e+05  0.000000e+00
1  -6.410313e+05  0.000000e+00
2  -1.473033e+05  0.000000e+00
3  -6.146609e+04  0.000000e+00
4  -2.441430e+04  0.000000e+00
5  -8.882455e+03  0.000000e+00
6  -2.570038e+03  0.000000e+00
7  -1.364045e+03  0.000000e+00
8  -8.503857e+02  0.000000e+00
9  -8.586551e+02  0.000000e+00
10  -3.769584e+02  0.000000e+00
11  -8.083189e+01  0.000000e+00
12  -1.469285e+00  0.000000e+00
13  6.639195e+00  0.000000e+00
14  1.226851e+01  0.000000e+00
15  1.923595e+01  0.000000e+00
16  4.158677e+00  0.000000e+00
17  1.694721e+00  0.000000e+00
18  6.593704e-01  0.000000e+00
19  2.287275e+00  0.000000e+00
20  2.010289e+00  0.000000e+00
21  1.019601e+00  0.000000e+00
22  1.309984e-01  0.000000e+00
23  -1.944853e-02  0.000000e+00
24  -6.297842e-02  0.000000e+00
25  -1.886202e-02  0.000000e+00
26  -4.210514e-02  0.000000e+00
27  -2.789057e-02  0.000000e+00
28  -1.328039e-02  0.000000e+00
29  2.950217e-03  0.000000e+00
30  9.939081e-03  0.000000e+00
31  7.516832e-03  0.000000e+00
32  1.705757e-03  0.000000e+00
33  -8.080210e-03  0.000000e+00
34  -9.483198e-03  0.000000e+00
35  -1.768173e-02  0.000000e+00
36  -1.602889e-02  0.000000e+00
37  -9.503204e-03  0.000000e+00
38  8.005082e-02  0.000000e+00
39  1.262494e-01  0.000000e+00
40  4.609789e-02  0.000000e+00
41  -8.323855e-02  0.000000e+00
42  -3.944345e-01  0.000000e+00
43  -9.269730e-01  0.000000e+00
44  -3.704138e-01  0.000000e+00
45  2.232379e+00  0.000000e+00
46  6.818127e+00  0.000000e+00
47  8.624794e+00  0.000000e+00
48  1.707287e+01  0.000000e+00
49  2.697807e+01  0.000000e+00
50  1.175108e+01  0.000000e+00
51  -1.020797e+01  0.000000e+00
52  3.617277e-01  0.000000e+00
53  3.574428e+01  0.000000e+00
54  2.912292e+01  0.000000e+00
55  -1.558383e+02  0.000000e+00
56  -3.783969e+02  0.000000e+00
57  -1.383392e+03  0.000000e+00
58  -2.943116e+03  0.000000e+00
59  -7.407537e+03  0.000000e+00
60  -1.778974e+04  0.000000e+00
61  -4.774901e+04  0.000000e+00
62  -1.368626e+05  0.000000e+00
63  -6.442777e+05  0.000000e+00
ENDPROP
STARTPROP
MASSES:  4.500000e-02   4.500000e-02
SOURCE: GAM_21
SINKS: GAM_21
0  9.057875e+05  0.000000e+00
1  -6.410313e+05  0.000000e+00
2  -1.473033e+05  0.000000e+00
3  -6.146609e+04  0.000000e+00
4  -2.441430e+04  0.000000e+00
5  -8.882455e+03  0.000000e+00
6  -2.570038e+03  0.000000e+00
7  -1.364045e+03  0.000000e+00
8  -8.503857e+02  0.000000e+00
9  -8.586551e+02  0.000000e+00
10  -3.769584e+02  0.000000e+00
11  -8.083189e+01  0.000000e+00
12  -1.469285e+00  0.000000e+00
13  6.639195e+00  0.000000e+00
14  1.226851e+01  0.000000e+00
15  1.923595e+01  0.000000e+00
16  4.158677e+00  0.000000e+00
17  1.694721e+00  0.000000e+00
18  6.593704e-01  0.000000e+00
19  2.287275e+00  0.000000e+00
20  2.010289e+00  0.000000e+00
21  1.019601e+00  0.000000e+00
22  1.309984e-01  0.000000e+00
23  -1.944853e-02  0.000000e+00
24  -6.297842e-02  0.000000e+00
25  -1.886202e-02  0.000000e+00
26  -4.210514e-02  0.000000e+00
27  -2.789057e-02  0.000000e+00
28  -1.328039e-02  0.000000e+00
29  2.950217e-03  0.000000e+00
30  9.939081e-03  0.000000e+00
31  7.516832e-03  0.000000e+00
32  1.705757e-03  0.000000e+00
33  -8.080210e-03  0.000000e+00
34  -9.483198e-03  0.000000e+00
35  -1.768173e-02  0.000000e+00
36  -1.602889e-02  0.000000e+00
37  -9.503204e-03  0.000000e+00
38  8.005082e-02  0.000000e+00
39  1.262494e-01  0.000000e+00
40  4.609789e-02  0.000000e+00
41  -8.323855e-02  0.000000e+00
42  -3.944345e-01  0.000000e+00
43  -9.269730e-01  0.000000e+00
44  -3.704138e-01  0.000000e+00
45  2.232379e+00  0.000000e+00
46  6.818127e+00  0.000000e+00
47  8.624794e+00  0.000000e+00
48  1.707287e+01  0.000000e+00
49  2.697807e+01  0.000000e+00
50  1.175108e+01  0.000000e+00
51  -1.020797e+01  0.000000e+00
52  3.617277e-01  0.000000e+00
53  3.574428e+01  0.000000e+00
54  2.912292e+01  0.000000e+00
55  -1.558383e+02  0.000000e+00
56  -3.783969e+02  0.000000e+00
57  -1.383392e+03  0.000000e+00
58  -2.943116e+03  0.000000e+00
59  -7.407537e+03  0.000000e+00
60  -1.778974e+04  0.000000e+00
61  -4.774901e+04  0.000000e+00
62  -1.368626e+05  0.000000e+00
63  -6.442777e+05  0.000000e+00
ENDPROP
STARTPROP
MASSES:  4.500000e-02   4.500000e-02
SOURCE: GAM_13
SINKS: GAM_13
0  8.886289e+05  -1.146435e-15
1  -6.311300e+05  4.489074e-14
2  -1.265177e+05  -1.513515e-13
3  -4.238769e+04  -6.802528e-14
4  -1.491664e+04  6.722943e-14
5  -4.646831e+03  -3.666800e-14
6  -1.269721e+03  2.430003e-14
7  -6.156553e+02  7.406036e-15
8  -7.252285e+02  2.279864e-15
9  -4.537755e+02  -6.899853e-15
10  -2.771481e+02  9.685153e-16
11  -1.731157e+02  -3.915964e-15
12  -5.133832e+01  1.247054e-15
13  -1.346175e+01  -1.242912e-15
14  -1.696698e+01  1.790648e-16
15  -8.781433e+00  -5.250440e-18
16  -6.665993e+00  -2.865223e-16
17  -5.344241e+00  1.227825e-16
18  -2.374047e+00  8.436287e-17
19  -6.744595e-01  4.428872e-17
20  5.198789e-01  5.537796e-17
21  1.163058e+00  -1.911959e-17
22  7.043632e-01  1.751198e-17
23  3.530089e-01  -4.738798e-18
24  1.174920e-01  -6.613332e-18
25  5.270454e-02  -1.394459e-19
26  4.756492e-02  -7.095963e-19
27  2.030746e-02  5.541274e-19
28  1.476322e-02  -8.317123e-19
29  1.186122e-02  -5.292548e-19
30  3.788269e-03  -9.243640e-21
31  4.122206e-03  -1.159589e-19
32  3.107850e-03  -5.350514e-21
33  2.089245e-03  7.709144e-20
34  -1.448012e-04  5.145147e-19
35  -6.311792e-03  1.242096e-19
36  -1.514486e-02  1.047624e-20
37  -3.066499e-02  -1.764393e-19
38  -4.423451e-02  -3.225880e-20
39  -3.091171e-02  4.099246e-18
40  -1.353640e-01  -3.958289e-18
41  -4.848451e-01  -1.689850e-18
42  -4.308779e-01  -1.833588e-17
43  -1.863193e-01  -7.967452e-18
44  4.761260e-02  2.263125e-17
45  1.848635e+00  5.285512e-17
46  4.290571e+00  -2.501394e-20
47  8.910134e+00  -9.338059e-17
48  1.336863e+01  -2.941689e-16
49  1.372438e+01  -5.316304e-16
50  1.256920e+01  -2.139508e-16
51  -1.337194e+01  -1.283088e-16
52  -8.685414e+01  -6.408672e-16
53  -1.689810e+02  5.430766e-16
54  -2.264030e+02  -1.497097e-16
55  -4.273556e+02  8.219271e-15
56  -7.447486e+02  -1.061039e-14
57  -1.731644e+03  -1.591540e-14
58  -3.932765e+03  3.299994e-14
59  -7.723484e+03  6.348441e-15
60  -1.877661e+04  -1.706305e-14
61  -5.075456e+04  3.329444e-14
62  -1.401807e+05  -9.787925e-14
63  -6.506119e+05  5.110716e-13
ENDPROP
STARTPROP
MASSES:  4.500000e-02   4.500000e-02
SOURCE: GAM_31
SINKS: GAM_31
0  8.886289e+05  -1.146435e-15
1  -6.311300e+05  4.489074e-14
2  -1.265177e+05  -1.513515e-13
3  -4.238769e+04  -6.802528e-14
4  -1.491664e+04  6.722943e-14
5  -4.646831e+03  -3.666800e-14
6  -1.269721e+03  2.430003e-14
7  -6.156553e+02  7.406036e-15
8  -7.252285e+02  2.279864e-15
9  -4.537755e+02  -6.899853e-15
10  -2.771481e+02  9.685153e-16
11  -1.731157e+02  -3.915964e-15
12  -5.133832e+01  1.247054e-15
13  -1.346175e+01  -1.242912e-15
14  -1.696698e+01  1.790648e-16
15  -8.781433e+00  -5.250440e-18
16  -6.665993e+00  -2.865223e-16
17  -5.344241e+00  1.227825e-16
18  -2.374047e+00  8.436287e-17
19  -6.744595e-01  4.428872e-17
20  5.198789e-01  5.537796e-17
21  1.163058e+00  -1.911959e-17
22  7.043632e-01  1.751198e-17
23  3.530089e-01  -4.738798e-18
24  1.174920e-01  -6.613332e-18
25  5.270454e-02  -1.394459e-19
26  4.756492e-02  -7.095963e-19
27  2.030746e-02  5.541274e-19
28  1.476322e-02  -8.317123e-19
29  1.186122e-02  -5.292548e-19
30  3.788269e-03  -9.243640e-21
31  4.122206e-03  -1.159589e-19
32  3.107850e-03  -5.350514e-21
33  2.089245e-03  7.709144e-20
34  -1.448012e-04  5.145147e-19
35  -6.311792e-03  1.242096e-19
36  -1.514486e-02  1.047624e-20
37  -3.066499e-02  -1.764393e-19
38  -4.423451e-02  -3.225880e-20
39  -3.091171e-02  4.099246e-18
40  -1.353640e-01  -3.958289e-18
41  -4.848451e-01  -1.689850e-18
42  -4.308779e-01  -1.833588e-17
43  -1.863193e-01  -7.967452e-18
44  4.761260e-02  2.263125e-17
45  1.848635e+00  5.285512e-17
46  4.290571e+00  -2.501394e-20
47  8.910134e+00  -9.338059e-17
48  1.336863e+01  -2.941689e-16
49  1.372438e+01  -5.316304e-16
50  1.256920e+01  -2.139508e-16
51  -1.337194e+01  -1.283088e-16
52  -8.685414e+01  -6.408672e-16
53  -1.689810e+02  5.430766e-16
54  -2.264030e+02  -1.497097e-16
55  -4.273556e+02  8.219271e-15
56  -7.447486e+02  -1.061039e-14
57  -1.731644e+03  -1.591540e-14
58  -3.932765e+03  3.299994e-14
59  -7.723484e+03  6.348441e-15
60  -1.877661e+04  -1.706305e-14
61  -5.075456e+04  3.329444e-14
62  -1.401807e+05  -9.787925e-14
63  -6.506119e+05  5.110716e-13
ENDPROP
STARTPROP
MASSES:  4.500000e-02   4.500000e-02
SOURCE: GAM_14
SINKS: GAM_14
0  1.394912e+05  -7.250327e-13
1  1.397328e+06  3.199658e-13
2  5.845290e+05  2.371173e-13
3  2.977451e+05  1.668858e-13
4  1.431059e+05  3.236669e-14
5  6.620825e+04  -2.975773e-14
6  3.104503e+04  2.250958e-14
7  1.430582e+04  2.204710e-14
8  6.463713e+03  1.134553e-14
9  3.186851e+03  1.039133e-14
10  1.527480e+03  -2.525164e-15
11  6.226074e+02  2.143751e-15
12  1.394002e+02  -4.793075e-16
13  7.092940e+01  2.299061e-15
14  3.722974e+01  -1.194454e-17
15  5.512074e+00  -4.914677e-16
16  1.057941e+01  -5.237872e-17
17  8.437198e+00  3.349249e-17
18  6.656835e+00  -5.027895e-17
19  2.678677e+00  2.938278e-19
20  -1.402489e-01  7.791648e-18
21  -9.552157e-01  2.564843e-17
22  -1.306663e+00  -3.383789e-18
23  -9.723604e-01  1.372015e-18
24  -6.164622e-01  -3.022971e-18
25  -3.941783e-01  5.006915e-18
26  -2.735396e-01  -1.216098e-19
27  -1.581911e-01  3.196448e-19
28  -8.776998e-02  5.037939e-19
29  -3.612629e-02  -4.499083e-19
30  -3.311699e-02  3.992810e-19
31  -2.598338e-02  1.521832e-19
32  -2.286989e-02  -2.501922e-20
33  -2.271477e-02  1.063836e-19
34  -1.549733e-02  -1.165910e-19
35  -1.204606e-02  3.832958e-19
36  -1.968120e-02  6.279037e-19
37  -3.732053e-02  9.952323e-19
38  -3.265994e-02  -1.482379e-18
39  -3.073294e-02  -3.081705e-19
40  -8.409310e-02  -8.805946e-19
41  2.260260e-01  -1.551889e-18
42  2.788829e-01  1.864002e-19
43  7.338025e-01  5.497830e-18
44  1.885997e+00  -1.600637e-17
45  2.537878e+00  9.398519e-18
46  2.691294e+00  -1.251699e-16
47  2.043293e+00  1.199285e-17
48  4.159966e+00  -3.000981e-16
49  1.753665e+01  -4.895430e-16
50  1.639873e+01  1.109542e-15
51  4.202260e+01  4.876856e-17
52  1.939427e+02  -5.528842e-16
53  4.560307e+02  1.451502e-15
54  1.074997e+03  -3.591076e-15
55  2.394801e+03  -8.973248e-15
56  5.481914e+03  -1.019156e-14
57  1.261815e+04  1.116169e-14
58  2.732446e+04  -7.550519e-15
59  5.721566e+04  -3.145422e-14
60  1.195015e+05  -8.858050e-14
61  2.570981e+05  6.744941e-14
62  5.379098e+05  -2.035239e-13
63  1.372838e+06  -3.170681e-13
ENDPROP
STARTPROP
MASSES:  4.500000e-02   4.500000e-02
SOURCE: GAM_41
SINKS: GAM_41
0  1.394912e+05  -7.250327e-13
1  1.397328e+06  3.199658e-13
2  5.845290e+05  2.371173e-13
3  2.977451e+05  1.668858e-13
4  1.431059e+05  3.236669e-14
5  6.620825e+04  -2.975773e-14
6  3.104503e+04  2.250958e-14
7  1.430582e+04  2.204710e-14
8  6.463713e+03  1.134553e-14
9  3.186851e+03  1.039133e-14
10  1.527480e+03  -2.525164e-15
11  6.226074e+02  2.143751e-15
12  1.394002e+02  -4.793075e-16
13  7.092940e+01  2.299061e-15
14  3.722974e+01  -1.194454e-17
15  5.512074e+00  -4.914677e-16
16  1.057941e+01  -5.237872e-17
17  8.437198e+00  3.349249e-17
18  6.656835e+00  -5.027895e-17
19  2.678677e+00  2.938278e-19
20  -1.402489e-01  7.791648e-18
21  -9.552157e-01  2.564843e-17
22  -1.306663e+00  -3.383789e-18
23  -9.723604e-01  1.372015e-18
24  -6.164622e-01  -3.022971e-18
25  -3.941783e-01  5.006915e-18
26  -2.735396e-01  -1.216098e-19
27  -1.581911e-01  3.196448e-19
28  -8.776998e-02  5.037939e-19
29  -3.612629e-02  -4.499083e-19
30  -3.311699e-02  3.992810e-19
31  -2.598338e-02  1.521832e-19
32  -2.286989e-02  -2.501922e-20
33  -2.271477e-02  1.063836e-19
34  -1.549733e-02  -1.165910e-19
35  -1.204606e-02  3.832958e-19
36  -1.968120e-02  6.279037e-19
37  -3.732053e-02  9.952323e-19
38  -3.265994e-02  -1.482379e-18
39  -3.073294e-02  -3.081705e-19
40  -8.409310e-02  -8.805946e-19
41  2.260260e-01  -1.551889e-18
42  2.788829e-01  1.864002e-19
43  7.338025e-01  5.497830e-18
44  1.885997e+00  -1.600637e-17
45  2.537878e+00  9.398519e-18
46  2.691294e+00  -1.251699e-16
47  2.043293e+00  1.199285e-17
48  4.159966e+00  -3.000981e-16
49  1.753665e+01  -4.895430e-16
50  1.639873e+01  1.109542e-15
51  4.202260e+01  4.876856e-17
52  1.939427e+02  -5.528842e-16
53  4.560307e+02  1.451502e-15
54  1.074997e+03  -3.591076e-15
55  2.394801e+03  -8.973248e-15
56  5.481914e+03  -1.019156e-14
57  1.261815e+04  1.116169e-14
58  2.732446e+04  -7.550519e-15
59  5.721566e+04  -3.145422e-14
60  1.195015e+05  -8.858050e-14
61  2.570981e+05  6.744941e-14
62  5.379098e+05  -2.035239e-13
63  1.372838e+06  -3.170681e-13
ENDPROP
STARTPROP
MASSES:  4.500000e-02   4.500000e-02
SOURCE: GAM_23
SINKS: GAM_23
0  9.656773e+05  3.460272e-13
1  -5.982662e+05  3.050611e-13
2  -1.230987e+05  1.106976e-13
3  -4.819244e+04  -2.085708e-13
4  -1.829904e+04  -5.180210e-14
5  -6.113883e+03  -1.834152e-14
6  -1.201915e+03  -3.259998e-14
7  -7.019190e+02  -8.146627e-15
8  -1.475445e+02  1.680817e-14
9  4.285072e+01  2.820128e-15
10  1.227844e+02  2.744632e-16
11  1.157030e+02  1.429316e-15
12  4.156470e+01  -1.431725e-15
13  2.372570e+00  5.547425e-16
14  -1.561060e+01  2.024971e-16
15  -2.609221e+00  -3.536791e-16
16  7.281485e+00  -6.914319e-17
17  3.709892e+00  -1.067796e-16
18  1.241899e+00  -5.968962e-18
19  1.378053e+00  2.618593e-17
20  1.698748e+00  -1.133266e-17
21  1.393388e+00  9.464167e-18
22  4.471902e-01  -2.581915e-17
23  2.492349e-01  1.859059e-18
24  1.534451e-01  -4.517666e-18
25  1.345426e-02  -1.084258e-18
26  2.353424e-02  6.767717e-19
27  4.830354e-03  -1.484853e-18
28  2.227654e-02  2.402918e-20
29  1.163260e-02  -8.903255e-20
30  2.781177e-03  2.813383e-19
31  1.240919e-03  2.270530e-19
32  1.925161e-03  -1.276359e-19
33  2.299205e-03  -4.791280e-19
34  -3.368698e-03  3.072232e-19
35  2.094777e-03  -1.151036e-19
36  2.665181e-03  -5.140026e-19
37  -1.169545e-02  -1.129250e-19
38  1.920376e-02  -4.033122e-19
39  8.066352e-02  2.365701e-18
40  2.583777e-01  2.227381e-18
41  2.556457e-01  1.159660e-17
42  4.422955e-01  -1.335469e-17
43  8.225124e-01  1.639576e-17
44  8.279049e-01  -4.061437e-17
45  1.564771e+00  -1.588203e-17
46  1.269586e+00  -5.325680e-17
47  3.306530e+00  2.851644e-16
48  6.262558e+00  3.452734e-17
49  1.801167e+01  -6.696169e-17
50  9.511533e+00  -2.591552e-16
51  -3.827202e+01  -5.570023e-16
52  -7.086250e+01  -2.303112e-15
53  -1.122892e+02  -1.619067e-15
54  -1.988797e+02  -4.405095e-15
55  -4.850765e+02  2.702264e-16
56  -9.657295e+02  -6.642317e-15
57  -1.217125e+03  -2.019951e-14
58  -2.317735e+03  -1.343904e-14
59  -4.972536e+03  -4.039845e-14
60  -1.519875e+04  5.453766e-14
61  -4.691994e+04  1.830514e-13
62  -1.282397e+05  5.358986e-14
63  -6.116515e+05  1.362221e-13
ENDPROP
STARTPROP
MASSES:  4.500000e-02   4.500000e-02
SOURCE: GAM_32
SINKS: GAM_32
0  9.656773e+05  3.460272e-13
1  -5.982662e+05  3.050611e-13
2  -1.230987e+05  1.106976e-13
3  -4.819244e+04  -2.085708e-13
4  -1.829904e+04  -5.180210e-14
5  -6.113883e+03  -1.834152e-14
6  -1.201915e+03  -3.259998e-14
7  -7.019190e+02  -8.146627e-15
8  -1.475445e+02  1.680817e-14
9  4.285072e+01  2.820128e-15
10  1.227844e+02  2.744632e-16
11  1.157030e+02  1.429316e-15
12  4.156470e+01  -1.431725e-15
13  2.372570e+00  5.547425e-16
14  -1.561060e+01  2.024971e-16
15  -2.609221e+00  -3.536791e-16
16  7.281485e+00  -6.914319e-17
17  3.709892e+00  -1.067796e-16
18  1.241899e+00  -5.968962e-18
19  1.378053e+00  2.618593e-17
20  1.698748e+00  -1.133266e-17
21  1.393388e+00  9.464167e-18
22  4.471902e-01  -2.581915e-17
23  2.492349e-01  1.859059e-18
24  1.534451e-01  -4.517666e-18
25  1.345426e-02  -1.084258e-18
26  2.353424e-02  6.767717e-19
27  4.830354e-03  -1.484853e-18
28  2.227654e-02  2.402918e-20
29  1.163260e-02  -8.903255e-20
30  2.781177e-03  2.813383e-19
31  1.240919e-03  2.270530e-19
32  1.925161e-03  -1.276359e-19
33  2.299205e-03  -4.791280e-19
34  -3.368698e-03  3.072232e-19
35  2.094777e-03  -1.151036e-19
36  2.665181e-03  -5.140026e-19
37  -1.169545e-02  -1.129250e-19
38  1.920376e-02  -4.033122e-19
39  8.066352e-02  2.365701e-18
40  2.583777e-01  2.227381e-18
41  2.556457e-01  1.159660e-17
42  4.422955e-01  -1.335469e-17
43  8.225124e-01  1.639576e-17
44  8.279049e-01  -4.061437e-17
45  1.564771e+00  -1.588203e-17
46  1.269586e+00  -5.325680e-17
47  3.306530e+00  2.851644e-16
48  6.262558e+00  3.452734e-17
49  1.801167e+01  -6.696169e-17
50  9.511533e+00  -2.591552e-16
51  -3.827202e+01  -5.570023e-16
52  -7.086250e+01  -2.303112e-15
53  -1.122892e+02  -1.619067e-15
54  -1.988797e+02  -4.405095e-15
55  -4.850765e+02  2.702264e-16
56  -9.657295e+02  -6.642317e-15
57  -1.217125e+03  -2.019951e-14
58  -2.317735e+03  -1.343904e-14
59  -4.972536e+03  -4.039845e-14
60  -1.519875e+04  5.453766e-14
61  -4.691994e+04  1.830514e-13
62  -1.282397e+05  5.358986e-14
63  -6.116515e+05  1.362221e-13
ENDPROP
STARTPROP
MASSES:  4.500000e-02   4.500000e-02
SOURCE: GAM_24
SINKS: GAM_24
0  2.152598e+05  1.554228e-13
1  1.417584e+06  -2.601569e-13
2  5.916356e+05  -2.096312e-13
3  3.002890e+05  1.617978e-13
4  1.460054e+05  -5.912089e-14
5  6.935431e+04  -1.269066e-14
6  3.277933e+04  -2.801229e-14
7  1.557153e+04  -1.564540e-14
8  7.303153e+03  5.116570e-15
9  3.489199e+03  -1.288248e-14
10  1.880124e+03  -5.431422e-15
11  9.445914e+02  -1.712648e-15
12  4.002255e+02  1.355745e-15
13  2.104087e+02  -1.573276e-16
14  9.567788e+01  -6.010758e-19
15  3.659764e+01  -6.851364e-17
16  1.316499e+01  2.406710e-16
17  1.918978e+00  1.882103e-17
18  -2.399097e+00  -9.789152e-17
19  -5.196200e-01  -6.169713e-17
20  -4.592824e-01  1.793826e-17
21  -7.117979e-03  -3.123386e-17
22  -9.928522e-02  -4.425322e-18
23  -7.163317e-02  6.830595e-19
24  1.039486e-01  -7.966679e-18
25  7.851586e-03  1.329521e-18
26  2.783905e-03  -9.210898e-19
27  -1.588086e-02  -1.819656e-18
28  1.489864e-02  -7.240022e-20
29  2.784585e-03  2.796617e-19
30  -5.909088e-03  -5.837155e-20
31  -4.063392e-03  8.786499e-20
32  -1.818498e-03  1.121957e-20
33  2.555931e-03  2.556897e-19
34  1.076007e-02  -8.063845e-20
35  1.406384e-02  2.867870e-19
36  -3.827593e-03  -9.159925e-19
37  -1.630200e-02  2.415450e-19
38  -8.591999e-03  1.282548e-18
39  -7.243444e-02  6.956562e-19
40  -2.580646e-01  2.100326e-18
41  -4.875723e-01  -9.032990e-18
42  -1.018904e+00  -1.763327e-17
43  -6.972926e-01  1.952300e-17
44  6.037908e-02  -1.855234e-17
45  2.012395e+00  -3.695578e-17
46  6.412080e+00  5.041410e-17
47  2.057080e+01  -2.471069e-16
48  3.773130e+01  1.783264e-16
49  6.423535e+01  9.524391e-16
50  1.079347e+02  -3.040751e-16
51  2.198264e+02  1.857033e-16
52  5.050817e+02  -8.815601e-16
53  9.117050e+02  -3.787986e-15
54  1.684260e+03  -1.729175e-15
55  3.363073e+03  6.367671e-15
56  7.093297e+03  -6.296572e-16
57  1.443378e+04  8.021185e-15
58  3.096189e+04  5.578554e-14
59  6.427055e+04  -2.933482e-14
60  1.334375e+05  5.938968e-14
61  2.697818e+05  4.903879e-14
62  5.592401e+05  1.840896e-13
63  1.421168e+06  6.174864e-13
ENDPROP
STARTPROP
MASSES:  4.500000e-02   4.500000e-02
SOURCE: GAM_42
SINKS: GAM_42
0  2.152598e+05  1.554228e-13
1  1.417584e+06  -2.601569e-13
2  5.916356e+05  -2.096312e-13
3  3.002890e+05  1.617978e-13
4  1.460054e+05  -5.912089e-14
5  6.935431e+04  -1.269066e-14
6  3.277933e+04  -2.801229e-14
7  1.557153e+04  -1.564540e-14
8  7.303153e+03  5.116570e-15
9  3.489199e+03  -1.288248e-14
10  1.880124e+03  -5.431422e-15
11  9.445914e+02  -1.712648e-15
12  4.002255e+02  1.355745e-15
13  2.104087e+02  -1.573276e-16
14  9.567788e+01  -6.010758e-19
15  3.659764e+01  -6.851364e-17
16  1.316499e+01  2.406710e-16
17  1.918978e+00  1.882103e-17
18  -2.399097e+00  -9.789152e-17
19  -5.196200e-01  -6.169713e-17
20  -4.592824e-01  1.793826e-17
21  -7.117979e-03  -3.123386e-17
22  -9.928522e-02  -4.425322e-18
23  -7.163317e-02  6.830595e-19
24  1.039486e-01  -7.966679e-18
25  7.851586e-03  1.329521e-18
26  2.783905e-03  -9.210898e-19
27  -1.588086e-02  -1.819656e-18
28  1.489864e-02  -7.240022e-20
29  2.784585e-03  2.796617e-19
30  -5.909088e-03  -5.837155e-20
31  -4.063392e-03  8.786499e-20
32  -1.818498e-03  1.121957e-20
33  2.555931e-03  2.556897e-19
34  1.076007e-02  -8.063845e-20
35  1.406384e-02  2.867870e-19
36  -3.827593e-03  -9.159925e-19
37  -1.630200e-02  2.415450e-19
38  -8.591999e-03  1.282548e-18
39  -7.243444e-02  6.956562e-19
40  -2.580646e-01  2.100326e-18
41  -4.875723e-01  -9.032990e-18
42  -1.018904e+00  -1.763327e-17
43  -6.972926e-01  1.952300e-17
44  6.037908e-02  -1.855234e-17
45  2.012395e+00  -3.695578e-17
46  6.412080e+00  5.041410e-17
47  2.057080e+01  -2.471069e-16
48  3.773130e+01  1.783264e-16
49  6.423535e+01  9.524391e-16
50  1.079347e+02  -3.040751e-16
51  2.198264e+02  1.857033e-16
52  5.050817e+02  -8.815601e-16
53  9.117050e+02  -3.787986e-15
54  1.684260e+03  -1.729175e-15
55  3.363073e+03  6.367671e-15
56  7.093297e+03  -6.296572e-16
57  1.443378e+04  8.021185e-15
58  3.096189e+04  5.578554e-14
59  6.427055e+04  -2.933482e-14
60  1.334375e+05  5.938968e-14
61  2.697818e+05  4.903879e-14
62  5.592401e+05  1.840896e-13
63  1.421168e+06  6.174864e-13
ENDPROP
STARTPROP
MASSES:  4.500000e-02   4.500000e-02
SOURCE: GAM_34
SINKS: GAM_34
0  1.713944e+05  0.000000e+00
1  1.420292e+06  0.000000e+00
2  5.968971e+05  0.000000e+00
3  3.032959e+05  0.000000e+00
4  1.412498e+05  0.000000e+00
5  6.479526e+04  0.000000e+00
6  3.074856e+04  0.000000e+00
7  1.448171e+04  0.000000e+00
8  6.417903e+03  0.000000e+00
9  2.802363e+03  0.000000e+00
10  1.212643e+03  0.000000e+00
11  6.150500e+02  0.000000e+00
12  2.724807e+02  0.000000e+00
13  9.990489e+01  0.000000e+00
14  2.773058e+01  0.000000e+00
15  1.388344e+01  0.000000e+00
16  9.152572e+00  0.000000e+00
17  7.999039e+00  0.000000e+00
18  3.407835e+00  0.000000e+00
19  -5.947207e-01  0.000000e+00
20  -6.502299e-01  0.000000e+00
21  -2.460612e-02  0.000000e+00
22  2.985990e-01  0.000000e+00
23  1.519977e-01  0.000000e+00
24  1.824192e-01  0.000000e+00
25  2.465771e-02  0.000000e+00
26  -6.345133e-02  0.000000e+00
27  -1.489449e-02  0.000000e+00
28  7.874008e-03  0.000000e+00
29  1.815064e-02  0.000000e+00
30  4.278695e-03  0.000000e+00
31  9.750245e-03  0.000000e+00
32  1.115993e-02  0.000000e+00
33  2.202563e-02  0.000000e+00
34  3.503400e-02  0.000000e+00
35  4.515769e-02  0.000000e+00
36  5.701612e-02  0.000000e+00
37  3.577606e-02  0.000000e+00
38  7.684293e-02  0.000000e+00
39  2.180052e-01  0.000000e+00
40  4.418879e-01  0.000000e+00
41  5.670383e-01  0.000000e+00
42  5.915212e-01  0.000000e+00
43  9.808274e-01  0.000000e+00
44  2.184160e+00  0.000000e+00
45  4.386845e+00  0.000000e+00
46  9.673741e+00  0.000000e+00
47  1.899613e+01  0.000000e+00
48  3.427488e+01  0.000000e+00
49  7.160183e+01  0.000000e+00
50  9.998269e+01  0.000000e+00
51  1.686042e+02  0.000000e+00
52  3.199638e+02  0.000000e+00
53  5.282105e+02  0.000000e+00
54  1.381605e+03  0.000000e+00
55  3.247873e+03  0.000000e+00
56  6.944577e+03  0.000000e+00
57  1.473773e+04  0.000000e+00
58  3.090210e+04  0.000000e+00
59  6.414651e+04  0.000000e+00
60  1.337509e+05  0.000000e+00
61  2.719796e+05  0.000000e+00
62  5.486398e+05  0.000000e+00
63  1.391187e+06  0.000000e+00
ENDPROP
STARTPROP
MASSES:  4.500000e-02   4.500000e-02
SOURCE: GAM_43
SINKS: GAM_43
0  1.713944e+05  0.000000e+00
1  1.420292e+06  0.000000e+00
2  5.968971e+05  0.000000e+00
3  3.032959e+05  0.000000e+00
4  1.412498e+05  0.000000e+00
5  6.479526e+04  0.000000e+00
6  3.074856e+04  0.000000e+00
7  1.448171e+04  0.000000e+00
8  6.417903e+03  0.000000e+00
9  2.802363e+03  0.000000e+00
10  1.212643e+03  0.000000e+00
11  6.150500e+02  0.000000e+00
12  2.724807e+02  0.000000e+00
13  9.990489e+01  0.000000e+00
14  2.773058e+01  0.000000e+00
15  1.388344e+01  0.000000e+00
16  9.152572e+00  0.000000e+00
17  7.999039e+00  0.000000e+00
18  3.407835e+00  0.000000e+00
19  -5.947207e-01  0.000000e+00
20  -6.502299e-01  0.000000e+00
21  -2.460612e-02  0.000000e+00
22  2.985990e-01  0.000000e+00
23  1.519977e-01  0.000000e+00
24  1.824192e-01  0.000000e+00
25  2.465771e-02  0.000000e+00
26  -6.345133e-02  0.000000e+00
27  -1.489449e-02  0.000000e+00
28  7.874008e-03  0.000000e+00
29  1.815064e-02  0.000000e+00
30  4.278695e-03  0.000000e+00
31  9.750245e-03  0.000000e+00
32  1.115993e-02  0.000000e+00
33  2.202563e-02  0.000000e+00
34  3.503400e-02  0.000000e+00
35  4.515769e-02  0.000000e+00
36  5.701612e-02  0.000000e+00
37  3.577606e-02  0.000000e+00
38  7.684293e-02  0.000000e+00
39  2.180052e-01  0.000000e+00
40  4.418879e-01  0.000000e+00
41  5.670383e-01  0.000000e+00
42  5.915212e-01  0.000000e+00
43  9.808274e-01  0.000000e+00
44  2.184160e+00  0.000000e+00
45  4.386845e+00  0.000000e+00
46  9.673741e+00  0.000000e+00
47  1.899613e+01  0.000000e+00
48  3.427488e+01  0.000000e+00
49  7.160183e+01  0.000000e+00
50  9.998269e+01  0.000000e+00
51  1.686042e+02  0.000000e+00
52  3.199638e+02  0.000000e+00
53  5.282105e+02  0.000000e+00
54  1.381605e+03  0.000000e+00
55  3.247873e+03  0.000000e+00
56  6.944577e+03  0.000000e+00
57  1.473773e+04  0.000000e+00
58  3.090210e+04  0.000000e+00
59  6.414651e+04  0.000000e+00
60  1.337509e+05  0.000000e+00
61  2.719796e+05  0.000000e+00
62  5.486398e+05  0.000000e+00
63  1.391187e+06  0.000000e+00
ENDPROP
STARTPROP
MASSES:  4.500000e-02   4.500000e-02
SOURCE: GAM_15
SINKS: GAM_15
0  7.539486e+04  1.337138e-13
1  -9.126195e+05  -4.077303e-13
2  -2.586174e+05  3.271926e-13
3  -9.941382e+04  -8.329817e-14
4  -3.394968e+04  3.282430e-14
5  -1.090224e+04  3.509825e-14
6  -4.001221e+03  -1.849252e-14
7  -1.923104e+03  9.352819e-15
8  -8.502534e+02  -3.159505e-14
9  -3.236593e+02  1.547439e-14
10  -2.242022e+02  -4.068497e-15
11  -5.805843e+01  -9.021977e-15
12  4.178709e+01  -2.823872e-15
13  6.370121e+01  5.045782e-16
14  7.688349e+01  -4.205314e-16
15  5.698308e+01  5.169651e-16
16  2.250762e+01  4.628294e-16
17  4.206558e+00  2.513507e-16
18  3.098148e+00  1.494057e-17
19  3.340451e+00  -3.813717e-17
20  2.415937e+00  -5.716494e-17
21  1.777732e+00  -2.927748e-18
22  7.721942e-01  -3.436349e-17
23  5.838346e-01  -1.370519e-17
24  4.782359e-01  -1.474630e-18
25  2.706121e-01  4.731196e-18
26  1.030131e-01  6.267278e-19
27  5.016789e-02  1.106762e-18
28  3.424539e-02  1.997386e-18
29  1.983972e-02  -1.254548e-18
30  1.539493e-02  5.940819e-19
31  1.471960e-03  2.010823e-19
32  -8.249843e-03  1.273054e-20
33  -5.884996e-03  -3.030128e-20
34  -4.916414e-03  -8.256454e-20
35  2.612512e-03  -4.618589e-19
36  1.952995e-02  2.375342e-19
37  2.332953e-02  -6.056215e-19
38  -6.568853e-03  -1.747064e-18
39  -1.374284e-02  2.682834e-18
40  4.146034e-02  6.726219e-20
41  2.491686e-01  3.344721e-18
42  6.328587e-01  -1.585330e-17
43  7.793838e-01  2.326253e-17
44  -5.899585e-01  7.840669e-17
45  -3.947504e+00  1.547975e-16
46  -6.837402e+00  3.516968e-17
47  -6.747031e+00  4.159491e-17
48  -3.496079e+00  7.416589e-16
49  -4.787046e+00  3.258844e-16
50  -8.161982e+00  -3.471619e-16
51  -6.971923e+01  -1.041052e-15
52  -1.724591e+02  2.428935e-16
53  -1.914924e+02  7.079789e-15
54  -2.905035e+02  8.021243e-15
55  -6.089724e+02  3.496508e-15
56  -1.578253e+03  -1.501190e-15
57  -4.474500e+03  4.675218e-14
58  -9.518503e+03  -1.705489e-14
59  -1.851808e+04  -4.125742e-14
60  -4.283332e+04  2.136984e-14
61  -1.061802e+05  2.764259e-13
62  -2.708491e+05  2.246632e-13
63  -9.315849e+05  2.957358e-13
ENDPROP
STARTPROP
MASSES:  4.500000e-02   4.500000e-02
SOURCE: GAM_25
SINKS: GAM_25
0  1.679346e+05  -4.425891e-13
1  -8.555918e+05  -8.519140e-14
2  -2.276245e+05  2.716120e-13
3  -8.864951e+04  -1.189261e-14
4  -3.744606e+04  8.621736e-14
5  -1.410803e+04  -1.132024e-13
6  -4.467558e+03  -1.792049e-14
7  -1.985132e+03  5.510030e-14
8  -1.056510e+03  2.049555e-14
9  -4.130153e+02  6.598032e-15
10  -1.664990e+02  -4.133061e-15
11  4.392478e+01  -4.994111e-15
12  1.716373e+01  1.260794e-16
13  -2.250527e+01  -7.356000e-16
14  -1.536482e+01  8.586103e-16
15  1.837385e+00  -5.933698e-16
16  3.388856e+00  3.488425e-16
17  2.362159e+00  -9.315187e-18
18  1.232465e+00  -1.736357e-17
19  8.470246e-01  -1.975486e-17
20  4.193466e-01  -8.146292e-17
21  -9.836638e-02  1.574118e-17
22  -2.009879e-01  -2.068775e-18
23  -1.641599e-01  6.340476e-18
24  -4.855915e-02  5.341629e-18
25  -1.304222e-02  -2.447250e-18
26  -6.523734e-02  8.219424e-19
27  -5.814873e-02  -4.709423e-19
28  -9.479636e-04  -4.798612e-19
29  2.082615e-02  5.646999e-19
30  3.439719e-02  -5.621247e-19
31  2.026959e-02  -2.762175e-19
32  1.107657e-02  -1.190890e-19
33  9.941860e-03  -1.843554e-19
34  1.593174e-02  1.199756e-19
35  3.833660e-02  5.023204e-20
36  6.642072e-02  2.019744e-18
37  7.763791e-02  -4.828150e-19
38  1.947269e-02  1.808807e-18
39  -1.599275e-01  -2.087497e-18
40  -3.182002e-01  -6.612175e-18
41  -4.628595e-01  1.259559e-17
42  -7.349650e-01  3.743121e-17
43  -1.227299e+00  -5.384335e-18
44  -1.620359e+00  4.975750e-17
45  -3.450749e+00  -3.292197e-17
46  -3.468109e+00  9.327445e-17
47  -3.728789e+00  8.894575e-17
48  -1.120132e+01  2.709932e-16
49  -2.561963e+01  1.548041e-16
50  -5.951538e+01  4.578582e-16
51  -9.620862e+01  1.445586e-15
52  -1.030071e+02  2.468779e-16
53  -8.205294e+01  -2.284330e-15
54  -9.474660e+01  -2.619767e-15
55  -2.657313e+02  -1.870578e-14
56  -1.147239e+03  -1.255138e-14
57  -2.103759e+03  -5.753563e-15
58  -4.687950e+03  7.310042e-14
59  -1.248056e+04  1.256671e-14
60  -3.560035e+04  6.102302e-14
61  -9.745356e+04  -4.188196e-14
62  -2.501176e+05  -3.175559e-13
63  -8.914744e+05  3.790561e-15
ENDPROP
STARTPROP
MASSES:  4.500000e-02   4.500000e-02
SOURCE: GAM_35
SINKS: GAM_35
0  1.230318e+05  -3.814685e-13
1  -8.854689e+05  -1.102134e-13
2  -2.388434e+05  -1.011233e-13
3  -8.660342e+04  1.151561e-13
4  -3.476908e+04  -4.099499e-14
5  -1.293615e+04  -1.051188e-13
6  -4.621902e+03  -5.256312e-14
7  -1.748415e+03  -1.189818e-14
8  -1.132839e+03  -1.104311e-14
9  -5.264821e+02  -1.140375e-14
10  -4.006431e+02  2.398937e-15
11  -2.245295e+02  4.129951e-16
12  -1.464306e+02  2.384624e-15
13  -6.710314e+01  2.448030e-15
14  2.726284e+00  -9.593849e-16
15  6.942367e+00  -1.384170e-16
16  2.939229e+00  -7.752998e-17
17  1.360318e+00  -5.729307e-16
18  2.362807e+00  -1.040861e-16
19  3.079455e+00  -3.090807e-17
20  1.184415e+00  1.825712e-17
21  4.015996e-01  2.322441e-17
22  -1.756419e-01  2.786035e-17
23  -9.221701e-02  -8.440299e-18
24  -1.138438e-01  -2.876071e-18
25  -1.074255e-01  7.531789e-18
26  -4.878649e-02  8.983727e-19
27  -3.803401e-02  2.107850e-18
28  -4.499223e-02  -5.131388e-19
29  -2.103439e-02  1.410831e-18
30  -1.859301e-03  2.615635e-19
31  -8.201041e-04  -2.658821e-19
32  -3.750020e-03  -4.989176e-20
33  -7.442674e-03  3.036877e-19
34  -6.337970e-04  2.441083e-19
35  1.797245e-03  3.413429e-19
36  2.387681e-02  -5.248438e-19
37  7.590659e-02  -1.496234e-18
38  1.367937e-01  1.171195e-18
39  1.534427e-01  -4.464472e-18
40  1.352445e-01  -3.664571e-18
41  1.554909e-01  -9.895926e-19
42  4.113296e-01  -1.077591e-17
43  6.208199e-01  1.961804e-17
44  8.197810e-01  -1.279481e-17
45  -4.659127e-01  -5.043113e-17
46  -5.420850e-02  -3.021801e-17
47  -7.977080e-01  -3.761521e-17
48  -8.063428e+00  2.717910e-16
49  -2.978158e+01  -1.561434e-16
50  -4.215519e+01  1.204239e-15
51  -7.472204e+01  -1.750267e-15
52  -1.059332e+02  -5.881480e-16
53  -2.386593e+02  8.260750e-16
54  -3.530430e+02  -7.376945e-15
55  -4.767508e+02  5.468309e-15
56  -1.173793e+03  3.564406e-15
57  -2.488294e+03  -4.565804e-16
58  -4.823992e+03  4.839089e-15
59  -1.024379e+04  6.279015e-15
60  -2.985192e+04  -6.332928e-14
61  -9.167933e+04  -7.320193e-14
62  -2.469082e+05  4.731632e-13
63  -8.968515e+05  -6.831387e-14
ENDPROP
STARTPROP
MASSES:  4.500000e-02   4.500000e-02
SOURCE: GAM_45
SINKS: GAM_45
0  -9.971494e+05  9.181169e-13
1  1.143685e+06  3.067734e-14
2  5.594630e+05  1.306947e-13
3  3.609766e+05  1.957721e-13
4  2.224285e+05  5.234528e-15
5  1.362305e+05  -1.521152e-14
6  8.408296e+04  2.605238e-14
7  5.203144e+04  1.078333e-14
8  3.161461e+04  -4.207450e-16
9  1.948576e+04  -8.974483e-15
10  1.205475e+04  2.970474e-15
11  7.323513e+03  -4.441481e-16
12  4.438216e+03  8.451110e-16
13  2.683998e+03  5.442248e-16
14  1.650863e+03  -1.800333e-16
15  9.986047e+02  -9.109110e-16
16  6.181689e+02  -8.056914e-17
17  3.830994e+02  -5.481415e-17
18  2.350624e+02  8.004620e-17
19  1.417277e+02  2.953769e-18
20  8.461802e+01  6.551732e-17
21  5.210494e+01  -3.088088e-17
22  3.151751e+01  7.372533e-18
23  1.937034e+01  -7.313216e-18
24  1.202097e+01  -6.282519e-18
25  7.377555e+00  8.384021e-19
26  4.602789e+00  -3.461068e-18
27  2.835637e+00  4.744923e-19
28  1.738333e+00  7.701624e-19
29  1.086072e+00  -4.245374e-19
30  7.249679e-01  5.783556e-20
31  5.349974e-01  1.816721e-21
32  4.725566e-01  2.746757e-19
33  5.269014e-01  -1.069149e-19
34  6.937840e-01  9.962633e-20
35  1.026398e+00  4.281505e-19
36  1.602918e+00  -1.952752e-19
37  2.510283e+00  4.369996e-19
38  4.070493e+00  -9.945093e-19
39  6.747560e+00  -3.973854e-18
40  1.119328e+01  -3.293200e-18
41  1.826259e+01  9.346115e-18
42  3.041005e+01  4.001642e-18
43  4.946112e+01  -2.695119e-17
44  8.154554e+01  6.807015e-18
45  1.332055e+02  3.460717e-17
46  2.178414e+02  1.196793e-16
47  3.590392e+02  -6.163198e-17
48  5.794675e+02  -4.821465e-17
49  9.598358e+02  5.713935e-16
50  1.591171e+03  3.914943e-16
51  2.604317e+03  -1.277855e-16
52  4.261112e+03  -2.437119e-15
53  6.903041e+03  2.317531e-15
54  1.131408e+04  8.854374e-15
55  1.819282e+04  -5.170750e-15
56  3.014417e+04  -1.669467e-14
57  4.972337e+04  1.622181e-14
58  8.097918e+04  2.350471e-14
59  1.308854e+05  -1.935586e-14
60  2.119147e+05  9.061008e-14
61  3.381861e+05  4.478876e-14
62  5.372061e+05  -1.685041e-13
63  1.132770e+06  -2.782241e-13
ENDPROP
STARTPROP
MASSES:  4.500000e-02   4.500000e-02
SOURCE: PSAX4
SINKS: GAM_4
0  2.968725e+04  -8.475685e-14
1  1.744496e+06  1.262907e-13
2  9.700620e+05  3.258320e-14
3  6.082780e+05  6.335964e-14
4  3.698718e+05  -1.980417e-14
5  2.243904e+05  -1.319868e-14
6  1.367925e+05  -8.008243e-15
7  8.389282e+04  1.239341e-15
8  5.074963e+04  -4.565098e-15
9  3.119317e+04  -4.146548e-16
10  1.932916e+04  4.274975e-16
11  1.170406e+04  1.469316e-16
12  7.076397e+03  1.506507e-15
13  4.308361e+03  5.747428e-16
14  2.655840e+03  1.738448e-16
15  1.606243e+03  -7.452034e-17
16  9.925812e+02  5.153388e-17
17  6.118266e+02  -1.798089e-17
18  3.770523e+02  -3.280977e-17
19  2.280830e+02  -2.763647e-17
20  1.364152e+02  -1.795345e-17
21  8.369455e+01  -8.057583e-18
22  5.079219e+01  -8.056160e-18
23  3.122519e+01  -3.106655e-18
24  1.928615e+01  -7.038443e-19
25  1.180781e+01  2.704418e-19
26  7.306311e+00  2.148176e-19
27  4.459695e+00  -6.879922e-19
28  2.671748e+00  -2.298246e-19
29  1.562048e+00  3.477779e-19
30  8.690119e-01  1.533642e-19
31  3.915177e-01  -5.097146e-20
32  1.334764e-02  -1.423889e-19
33  -3.619930e-01  -5.020449e-20
34  -8.121365e-01  8.767049e-20
35  -1.448233e+00  -1.148269e-19
36  -2.435712e+00  -3.078992e-19
37  -3.945945e+00  -6.534872e-20
38  -6.447857e+00  3.217340e-19
39  -1.074698e+01  -5.768447e-20
40  -1.790017e+01  1.304504e-18
41  -2.940481e+01  -1.490702e-18
42  -4.919062e+01  -2.752362e-18
43  -8.005678e+01  -1.126124e-18
44  -1.314791e+02  2.119650e-18
45  -2.138606e+02  3.674005e-18
46  -3.493457e+02  6.718692e-18
47  -5.722002e+02  1.291970e-17
48  -9.271346e+02  -1.336124e-16
49  -1.534360e+03  -2.455212e-17
50  -2.542355e+03  -9.451416e-17
51  -4.149507e+03  1.276922e-16
52  -6.843058e+03  5.669149e-17
53  -1.114412e+04  -7.445907e-16
54  -1.830429e+04  -1.195915e-15
55  -2.967855e+04  2.332740e-15
56  -4.901323e+04  -3.737787e-16
57  -8.115046e+04  5.061842e-15
58  -1.326405e+05  1.628187e-15
59  -2.153495e+05  -2.536206e-15
60  -3.511923e+05  9.711270e-15
61  -5.665418e+05  4.990615e-14
62  -9.229342e+05  3.993613e-14
63  -1.691958e+06  -4.747548e-14
ENDPROP
STARTPROP
MASSES:  4.500000e-02   4.500000e-02
SOURCE: WWPSAX4
SINKS: GAM_4
0  -1.095246e+08  -2.235174e-08
1  2.861780e+09  7.450581e-09
2  5.027145e+08  -3.725290e-09
3  3.903843e+08  0.000000e+00
4  1.262589e+08  -1.513399e-09
5  1.034702e+08  6.111804e-10
6  8.045586e+07  1.746230e-10
7  2.947676e+07  1.746230e-10
8  2.670578e+07  0.000000e+00
9  1.954281e+07  -1.164153e-10
10  1.343514e+07  1.309672e-10
11  6.694550e+06  7.275958e-12
12  3.447874e+06  -9.094947e-13
13  1.666670e+06  0.000000e+00
14  1.121150e+06  -2.000888e-11
15  5.733282e+05  1.136868e-12
16  4.951257e+05  9.094947e-13
17  2.489390e+05  -2.273737e-12
18  1.787053e+05  -2.330580e-12
19  6.448321e+04  3.410605e-13
20  6.367774e+04  -6.252776e-13
21  3.541738e+04  3.410605e-13
22  1.951900e+04  2.273737e-13
23  7.982928e+03  -1.350031e-13
24  1.135888e+04  -6.394885e-14
25  4.730507e+03  2.131628e-14
26  4.552193e+03  -3.019807e-14
27  2.534444e+03  -7.105427e-15
28  1.549712e+03  -3.552714e-15
29  8.933397e+02  7.105427e-15
30  5.706968e+02  -5.329071e-15
31  2.480146e+02  3.552714e-15
32  1.836316e+01  2.553513e-15
33  -2.164413e+02  1.776357e-15
34  -2.273895e+02  0.000000e+00
35  -6.896025e+02  4.440892e-15
36  -1.387843e+03  1.065814e-14
37  -2.006768e+03  -8.881784e-16
38  -2.877392e+03  -2.753353e-14
39  -4.818471e+03  4.263256e-14
40  -6.950579e+03  1.065814e-14
41  -1.452142e+04  -7.105427e-14
42  -2.731728e+04  -2.753353e-14
43  -4.115706e+04  -3.126388e-13
44  -5.671248e+04  -3.694822e-13
45  -8.582312e+04  0.000000e+00
46  -1.401938e+05  -1.477929e-12
47  -3.336879e+05  0.000000e+00
48  -5.460166e+05  2.955858e-12
49  -1.031339e+06  -3.183231e-12
50  -1.807392e+06  -2.501110e-12
51  -1.993569e+06  -2.273737e-13
52  -3.763498e+06  2.182787e-11
53  -4.890079e+06  1.455192e-11
54  -9.496026e+06  0.000000e+00
55  -1.380371e+07  -1.346052e-10
56  -2.103729e+07  -2.910383e-11
57  -4.136847e+07  2.328306e-10
58  -8.519044e+07  6.984919e-10
59  -1.543084e+08  -5.820766e-11
60  -2.045223e+08  -9.313226e-10
61  -3.132513e+08  0.000000e+00
62  -5.772656e+08  -1.862645e-09
63  -1.559986e+09  -1.862645e-09
ENDPROP
STARTPROP
MASSES:  4.500000e-02   4.500000e-02
SOURCE: WWGAM_5
SINKS: GAM_5
0  2.082591e+10  0.000000e+00
1  3.492908e+09  0.000000e+00
2  7.535725e+08  0.000000e+00
3  6.169679e+08  0.000000e+00
4  2.556584e+08  0.000000e+00
5  1.718582e+08  0.000000e+00
6  1.228645e+08  0.000000e+00
7  6.027345e+07  0.000000e+00
8  4.649162e+07  0.000000e+00
9  2.794599e+07  0.000000e+00
10  1.891486e+07  0.000000e+00
11  1.004345e+07  0.000000e+00
12  6.016436e+06  0.000000e+00
13  2.969502e+06  0.000000e+00
14  2.166314e+06  0.000000e+00
15  1.015418e+06  0.000000e+00
16  8.285717e+05  0.000000e+00
17  4.357121e+05  0.000000e+00
18  3.077409e+05  0.000000e+00
19  1.601104e+05  0.000000e+00
20  1.040076e+05  0.000000e+00
21  6.090704e+04  0.000000e+00
22  3.734574e+04  0.000000e+00
23  2.004312e+04  0.000000e+00
24  1.633288e+04  0.000000e+00
25  8.247512e+03  0.000000e+00
26  6.958361e+03  0.000000e+00
27  3.722395e+03  0.000000e+00
28  2.371548e+03  0.000000e+00
29  1.519245e+03  0.000000e+00
30  1.083889e+03  0.000000e+00
31  6.983318e+02  0.000000e+00
32  6.683296e+02  0.000000e+00
33  8.167851e+02  0.000000e+00
34  6.888327e+02  0.000000e+00
35  1.282736e+03  0.000000e+00
36  2.532065e+03  0.000000e+00
37  3.171396e+03  0.000000e+00
38  4.730768e+03  0.000000e+00
39  8.368816e+03  0.000000e+00
40  1.285378e+04  0.000000e+00
41  2.314820e+04  0.000000e+00
42  4.218876e+04  0.000000e+00
43  6.787005e+04  0.000000e+00
44  1.014945e+05  0.000000e+00
45  1.544954e+05  0.000000e+00
46  2.415215e+05  0.000000e+00
47  4.989496e+05  0.000000e+00
48  8.700074e+05  0.000000e+00
49  1.494112e+06  0.000000e+00
50  2.621216e+06  0.000000e+00
51  3.526853e+06  0.000000e+00
52  5.552227e+06  0.000000e+00
53  8.793156e+06  0.000000e+00
54  1.350225e+07  0.000000e+00
55  2.312368e+07  0.000000e+00
56  3.834524e+07  0.000000e+00
57  6.616429e+07  0.000000e+00
58  1.315104e+08  0.000000e+00
59  2.268188e+08  0.000000e+00
60  3.174673e+08  0.000000e+00
61  5.136419e+08  0.000000e+00
62  9.400277e+08  0.000000e+00
63  2.294004e+09  0.000000e+00
ENDPROP
