STARTPROP
MASSES:  4.500000e-02   4.500000e-02
SOURCE: GAM_1
SINKS: GAM_1
0  1.307803e+06  4.994464e+02
1  1.918203e+06  5.433051e+02
2  8.339727e+05  -8.052775e+01
3  4.155984e+05  -1.791207e+02
4  2.075901e+05  -3.058491e+02
5  1.064781e+05  -2.805801e+02
6  5.379793e+04  -1.822781e+02
7  2.750874e+04  -1.068601e+02
8  1.399968e+04  -4.747619e+01
9  6.656368e+03  -2.253532e+01
10  3.012749e+03  -9.047305e+00
11  1.424314e+03  -7.297727e+00
12  7.563087e+02  -5.874193e+00
13  3.609152e+02  -2.685236e+00
14  1.870074e+02  2.134443e-01
15  8.848412e+01  3.331776e-01
16  5.938593e+01  1.227711e+00
17  4.230483e+01  7.729051e-01
18  2.528734e+01  5.506274e-01
19  1.358417e+01  3.929074e-01
20  7.724651e+00  2.473556e-01
21  4.464245e+00  1.225496e-01
22  2.060882e+00  4.778276e-02
23  1.371088e+00  2.455565e-02
24  7.432271e-01  1.116383e-02
25  3.235049e-01  1.304867e-02
26  1.513230e-01  1.669267e-02
27  5.059028e-02  1.334228e-02
28  7.045807e-03  5.130632e-03
29  1.466975e-02  2.250706e-03
30  1.337663e-02  9.444169e-04
31  1.447836e-02  7.667725e-04
32  1.412462e-02  -7.820584e-05
33  2.017657e-02  -2.769083e-04
34  3.822667e-02  -6.439533e-04
35  6.495934e-02  -7.303248e-04
36  3.557769e-02  -2.209367e-03
37  8.900054e-03  -4.591223e-03
38  -8.206006e-02  -5.097888e-03
39  -8.791311e-02  -1.028672e-02
40  -1.653897e-01  -5.476933e-03
41  -3.012247e-01  8.868304e-04
42  -4.485398e-01  -1.382410e-02
43  8.778412e-01  -5.242586e-02
44  3.856374e+00  -1.178993e-01
45  7.665109e+00  -1.466682e-01
46  6.825373e+00  -1.881166e-01
47  7.450021e+00  -2.904226e-01
48  2.662574e+01  -5.114503e-01
49  7.742215e+01  -1.752509e+00
50  1.652026e+02  -4.477347e+00
51  3.371840e+02  -7.177352e+00
52  6.173957e+02  -1.287202e+01
53  1.062204e+03  -1.484798e+01
54  2.305016e+03  -1.792826e+01
55  4.579258e+03  -2.308042e+01
56  9.692851e+03  3.421241e+00
57  2.126086e+04  -5.866781e+00
58  4.697256e+04  -3.821577e+01
59  9.987831e+04  -3.870926e+01
60  2.083598e+05  -1.978680e+02
61  4.281677e+05  -3.282698e+02
62  8.615865e+05  -3.943732e+02
63  1.924747e+06  4.215214e+01
ENDPROP
STARTPROP
MASSES:  4.500000e-02   4.500000e-02
SOURCE: GAM_2
SINKS: GAM_2
0  1.344938e+06  -6.299205e+02
1  1.956201e+06  -4.153094e+02
2  8.578330e+05  -7.288507e+02
3  4.292681e+05  -3.589690e+02
4  2.140995e+05  -1.567477e+02
5  1.076435e+05  -1.002017e+02
6  5.252604e+04  -4.402973e+01
7  2.633184e+04  -4.364676e+01
8  1.342158e+04  -4.611951e+01
9  6.749465e+03  -1.745273e+01
10  3.453026e+03  -5.405776e+00
11  1.571921e+03  1.909595e+00
12  6.827875e+02  7.655290e+00
13  3.861265e+02  7.896444e+00
14  2.145556e+02  6.841032e+00
15  1.039959e+02  4.065669e+00
16  5.488792e+01  1.952027e+00
17  2.585531e+01  5.976259e-01
18  1.258856e+01  6.061281e-02
19  9.603674e+00  -4.226304e-02
20  6.405950e+00  -4.053644e-02
21  4.061182e+00  -3.947228e-02
22  2.710625e+00  -6.294601e-02
23  1.367775e+00  -5.040668e-02
24  7.068343e-01  -4.399106e-03
25  2.574032e-01  1.308199e-02
26  5.709030e-02  1.304127e-02
27  1.070259e-02  1.013181e-02
28  1.742894e-02  6.028687e-03
29  1.408556e-02  3.185286e-03
30  -4.705819e-03  1.291085e-03
31  -8.534304e-03  1.130381e-03
32  6.401577e-03  9.699954e-04
33  1.436694e-02  1.457081e-03
34  1.484198e-02  2.448148e-03
35  -7.046725e-03  3.301665e-03
36  -7.855905e-03  5.023316e-03
37  -2.379963e-02  5.100471e-03
38  -2.342807e-03  6.715075e-03
39  2.638949e-02  1.428197e-02
40  -6.022539e-02  6.668035e-03
41  1.215970e-01  -4.953705e-03
42  -2.496567e-01  -1.467031e-02
43  -3.579857e-01  -4.561338e-02
44  -1.565081e+00  -1.341100e-01
45  -4.819039e+00  -1.437673e-01
46  -3.951248e+00  -1.507380e-01
47  2.368531e+00  -3.786564e-01
48  1.737851e+01  -2.658200e-01
49  4.836876e+01  -1.074696e+00
50  9.831375e+01  -2.968103e-01
51  2.027820e+02  1.102101e+00
52  4.782736e+02  8.311530e+00
53  1.074230e+03  1.774091e+01
54  2.097893e+03  2.334958e+01
55  3.918535e+03  2.765521e+01
56  7.805391e+03  3.979074e+01
57  1.791773e+04  7.285161e+01
58  4.115380e+04  -4.557437e+00
59  9.248958e+04  -1.418579e+02
60  2.017201e+05  -4.101522e+02
61  4.237417e+05  -6.021849e+02
62  8.661372e+05  -5.509534e+02
63  1.951233e+06  -5.135283e+02
ENDPROP
STARTPROP
MASSES:  4.500000e-02   4.500000e-02
SOURCE: GAM_3
SINKS: GAM_3
0  1.314925e+06  2.858185e+02
1  1.910084e+06  6.356873e+02
2  8.237336e+05  7.276940e+01
3  4.068844e+05  -8.828492e+01
4  1.964152e+05  -5.557413e+01
5  9.508247e+04  3.859227e+01
6  4.614032e+04  5.093700e+01
7  2.269486e+04  4.086730e+01
8  1.181420e+04  1.745071e+01
9  5.925603e+03  -9.548364e+00
10  2.875833e+03  -3.879634e+00
11  1.275192e+03  4.890886e+00
12  5.454299e+02  2.407493e+00
13  2.430847e+02  -4.414432e-01
14  1.064379e+02  -1.847897e+00
15  2.904963e+01  -4.209212e-01
16  -1.710825e+00  -1.053589e-01
17  4.400682e+00  -4.643272e-01
18  1.016852e+01  -5.766437e-01
19  4.738556e+00  -3.191612e-01
20  2.619039e+00  -1.744321e-02
21  1.505116e+00  1.109944e-02
22  5.291252e-01  -2.635678e-02
23  9.252136e-02  -7.136371e-03
24  2.037578e-01  -6.904037e-04
25  2.693475e-01  -2.711167e-03
26  2.130973e-01  -7.898786e-04
27  1.048231e-01  -3.245466e-03
28  5.039782e-02  -2.041277e-03
29  2.065317e-02  -1.170919e-03
30  9.565426e-03  -1.277821e-03
31  -2.210730e-03  -1.024436e-03
32  -7.931009e-03  -4.172076e-04
33  -1.224581e-02  -1.101310e-03
34  -1.928344e-02  -2.282575e-03
35  -1.912742e-02  -5.224462e-03
36  4.107804e-03  -5.925260e-03
37  3.914616e-02  -8.922145e-03
38  8.915243e-02  -6.131282e-03
39  2.688704e-01  -1.388086e-03
40  5.945199e-01  -7.695864e-03
41  8.294326e-01  -8.908532e-03
42  1.231493e+00  8.869669e-03
43  1.963074e+00  9.815229e-04
44  3.444843e+00  -6.442022e-02
45  6.866159e+00  -4.199418e-02
46  1.010079e+01  -7.076161e-03
47  9.440584e+00  2.963526e-01
48  2.198634e+01  3.976828e-01
49  6.845172e+01  9.434891e-01
50  1.831189e+02  2.846038e+00
51  3.507413e+02  4.030280e+00
52  5.991962e+02  2.717278e+00
53  1.058744e+03  1.589517e-01
54  2.062948e+03  1.316952e+00
55  4.424327e+03  1.037474e+01
56  9.232862e+03  3.462705e+01
57  1.927345e+04  8.982607e+01
58  4.306756e+04  9.383248e+01
59  9.440451e+04  5.210228e+01
60  2.043604e+05  -6.006997e+01
61  4.179653e+05  -2.978930e+02
62  8.503366e+05  -5.955045e+02
63  1.927557e+06  -3.574606e+02
ENDPROP
STARTPROP
MASSES:  4.500000e-02   4.500000e-02
SOURCE: GAM_4
SINKS: GAM_4
0  2.140678e+06  5.118992e+02
1  -2.679439e+05  -4.845139e+01
2  5.967885e+02  6.692088e+01
3  -2.647073e+03  8.240162e+00
4  -8.206060e+01  2.520410e+01
5  3.076254e+02  2.598734e+01
6  2.083038e+02  4.790784e+01
7  2.136883e+02  1.340434e+01
8  8.821756e+00  -1.254753e+00
9  1.324859e+01  -4.284284e-02
10  5.056049e+01  -7.983140e+00
11  2.266614e+01  -7.147324e+00
12  -8.502411e+00  -3.636003e+00
13  1.125107e+01  -1.037448e+00
14  -5.485187e+00  -1.149969e-01
15  -2.004575e+00  6.677462e-02
16  1.866973e+00  -1.003416e-01
17  4.471189e-02  -1.353235e-01
18  8.812600e-02  -1.269780e-01
19  1.644159e-01  -8.478913e-02
20  4.336781e-01  -2.187221e-02
21  -2.447650e-01  -8.821653e-03
22  2.778636e-02  -9.434760e-04
23  -1.647908e-02  8.277963e-03
24  1.499035e-02  8.380123e-03
25  -2.172916e-02  3.167127e-03
26  1.147589e-04  1.692750e-03
27  -3.450013e-03  -5.158299e-04
28  1.417714e-04  6.050327e-04
29  1.672192e-03  4.854703e-05
30  -4.358645e-04  -2.407995e-04
31  -6.378090e-04  -2.420162e-04
32  6.867295e-04  -4.897731e-05
33  7.333904e-05  -2.069876e-04
34  -1.022340e-03  -2.654414e-04
35  2.075116e-03  -6.344764e-04
36  9.138427e-03  -9.885508e-04
37  1.019138e-02  -1.353801e-03
38  -4.370394e-03  1.740540e-03
39  8.008336e-03  3.387282e-03
40  -2.886120e-02  3.933942e-03
41  3.509145e-02  9.793720e-03
42  -4.578552e-02  1.107830e-02
43  1.517898e-02  -1.034746e-02
44  9.312003e-02  -4.207373e-02
45  -4.476667e-01  -5.606735e-02
46  4.005592e-01  -7.644388e-02
47  8.058219e-02  -4.640757e-02
48  -1.273001e+00  -4.119093e-01
49  -6.573212e-01  -4.549399e-01
50  2.772255e+00  -1.431071e-01
51  6.370048e+00  5.644903e-01
52  1.378351e+01  -1.108893e+00
53  -2.245926e+01  -1.542992e+00
54  1.053165e+01  -3.012804e-02
55  -3.814708e+00  -3.521618e+00
56  7.216902e+01  8.972940e+00
57  1.820315e+02  1.303839e+01
58  2.601818e+01  1.838519e+01
59  9.164980e+01  7.095721e+01
60  -7.350455e+02  1.492784e+02
61  -7.296756e+02  1.725970e+02
62  -8.922861e+02  2.668599e+01
63  -2.728235e+05  1.029010e+02
ENDPROP
STARTPROP
MASSES:  4.500000e-02   4.500000e-02
SOURCE: GAM_5
SINKS: GAM_5
0  5.438945e+06  4.521131e+02
1  5.273635e+06  1.053163e+03
2  3.241872e+06  5.824397e+00
3  2.056815e+06  3.025699e+02
4  1.307390e+06  1.004424e+03
5  8.200222e+05  5.511559e+02
6  5.074562e+05  3.773505e+02
7  3.104738e+05  1.267480e+02
8  1.927495e+05  -4.518773e+01
9  1.205539e+05  -1.979326e+02
10  7.400755e+04  -2.050122e+02
11  4.523196e+04  -1.545383e+02
12  2.762890e+04  -9.847848e+01
13  1.682017e+04  -5.213995e+01
14  1.034598e+04  -2.593392e+01
15  6.303164e+03  -1.054245e+01
16  3.837235e+03  -6.507665e+00
17  2.334731e+03  -3.394057e+00
18  1.398738e+03  -4.199903e-01
19  8.365041e+02  4.623042e-01
20  5.030666e+02  2.831444e-01
21  3.084604e+02  3.248938e-01
22  1.902059e+02  2.632059e-01
23  1.155035e+02  1.236826e-01
24  7.084638e+01  2.087667e-02
25  4.262527e+01  -5.053601e-02
26  2.592199e+01  -4.761218e-02
27  1.595581e+01  -1.888193e-02
28  9.747055e+00  2.770714e-03
29  6.063468e+00  7.209681e-03
30  3.978137e+00  6.906856e-03
31  2.877979e+00  5.835283e-03
32  2.519223e+00  7.094244e-03
33  2.836767e+00  1.068468e-02
34  3.850421e+00  1.893487e-02
35  5.738758e+00  3.113427e-02
36  9.046664e+00  4.784341e-02
37  1.469633e+01  7.016876e-02
38  2.388360e+01  1.106952e-01
39  3.863575e+01  1.556051e-01
40  6.269800e+01  2.278820e-01
41  1.022019e+02  3.245703e-01
42  1.675099e+02  4.829452e-01
43  2.712818e+02  5.614945e-01
44  4.423727e+02  6.257673e-01
45  7.211379e+02  1.032627e+00
46  1.190195e+03  1.935394e+00
47  1.967757e+03  3.471532e+00
48  3.237884e+03  4.475408e+00
49  5.359439e+03  5.445570e+00
50  8.869771e+03  7.199681e+00
51  1.476707e+04  9.306162e+00
52  2.436941e+04  6.219935e+00
53  3.962531e+04  2.471798e+00
54  6.421338e+04  1.564233e+01
55  1.054652e+05  1.234214e+01
56  1.731341e+05  3.204251e+00
57  2.856490e+05  -1.738529e+02
58  4.811493e+05  -5.295579e+02
59  8.062035e+05  -9.553215e+02
60  1.327359e+06  -1.491043e+03
61  2.121088e+06  -1.870704e+03
62  3.317923e+06  -1.818798e+03
63  5.267112e+06  -1.838881e+03
ENDPROP
STARTPROP
MASSES:  4.500000e-02   4.500000e-02
SOURCE: GAM_12
SINKS: GAM_12
0  9.217575e+05  3.180104e+02
1  -6.065577e+05  -1.461144e+02
2  -1.208795e+05  -2.098437e+02
3  -3.743567e+04  -1.695028e+02
4  -1.395952e+04  -2.074322e+01
5  -6.357545e+03  -5.113039e+01
6  -1.679644e+03  9.152171e+00
7  -8.553448e+01  -8.501620e+00
8  -3.818088e+01  -1.323268e+00
9  -6.197081e+01  -6.929522e+00
10  5.287869e+01  -1.635890e+01
11  1.315586e+02  -9.242119e+00
12  3.797989e+01  -4.274519e+00
13  2.569811e+01  -1.743225e+00
14  2.409815e+01  -9.066676e-01
15  1.742409e+01  -9.860249e-01
16  7.694094e+00  -2.986850e-01
17  8.142857e-01  2.249826e-01
18  -1.036345e+00  2.195820e-01
19  -2.068510e+00  1.761044e-01
20  -1.238364e+00  8.603133e-02
21  -4.118712e-01  5.183873e-02
22  -1.281048e-01  4.004546e-02
23  -2.640003e-01  1.455500e-02
24  -1.286409e-01  -3.686008e-04
25  -3.648938e-02  -3.710903e-03
26  -9.621860e-03  -3.489011e-03
27  1.218345e-02  -3.109199e-03
28  1.638266e-02  -1.241715e-03
29  2.252826e-02  -1.686673e-05
30  3.061396e-02  -1.271305e-04
31  2.983187e-02  -3.674628e-04
32  3.063802e-02  -4.765815e-04
33  2.661351e-02  -6.862611e-04
34  2.721592e-02  -6.039339e-04
35  2.816497e-02  -1.271212e-03
36  3.504270e-02  -1.206198e-03
37  1.661482e-02  -1.706653e-03
38  -5.942250e-02  -4.662833e-03
39  -1.477020e-01  -4.726838e-03
40  -2.945707e-01  -5.815945e-03
41  -2.638136e-01  -1.113044e-02
42  -1.654863e-01  -1.470402e-02
43  -1.053717e-01  -3.541348e-02
44  3.331734e-01  -9.661572e-02
45  1.523657e+00  -1.986262e-01
46  4.381425e+00  -3.435649e-01
47  5.330628e+00  -4.022108e-01
48  7.723892e+00  -2.386039e-01
49  1.794443e+01  4.385924e-02
50  2.072068e+01  4.649138e-02
51  -5.591780e+00  1.120010e+00
52  2.308795e+01  2.257164e+00
53  -3.178745e+01  3.514166e+00
54  -1.829568e+02  2.709145e+00
55  -5.177582e+02  1.091236e+01
56  -7.006061e+02  2.558901e+01
57  -1.794211e+03  4.406371e+01
58  -2.711505e+03  8.972171e+01
59  -5.378447e+03  1.176475e+02
60  -1.621788e+04  6.827252e+01
61  -5.198711e+04  2.752091e+02
62  -1.449026e+05  4.271916e+02
63  -6.272857e+05  4.060311e+02
ENDPROP
STARTPROP
MASSES:  4.500000e-02   4.500000e-02
SOURCE: GAM_21
SINKS: GAM_21
0  9.217575e+05  3.180104e+02
1  -6.065577e+05  -1.461144e+02
2  -1.208795e+05  -2.098437e+02
3  -3.743567e+04  -1.695028e+02
4  -1.395952e+04  -2.074322e+01
5  -6.357545e+03  -5.113039e+01
6  -1.679644e+03  9.152171e+00
7  -8.553448e+01  -8.501620e+00
8  -3.818088e+01  -1.323268e+00
9  -6.197081e+01  -6.929522e+00
10  5.287869e+01  -1.635890e+01
11  1.315586e+02  -9.242119e+00
12  3.797989e+01  -4.274519e+00
13  2.569811e+01  -1.743225e+00
14  2.409815e+01  -9.066676e-01
15  1.742409e+01  -9.860249e-01
16  7.694094e+00  -2.986850e-01
17  8.142857e-01  2.249826e-01
18  -1.036345e+00  2.195820e-01
19  -2.068510e+00  1.761044e-01
20  -1.238364e+00  8.603133e-02
21  -4.118712e-01  5.183873e-02
22  -1.281048e-01  4.004546e-02
23  -2.640003e-01  1.455500e-02
24  -1.286409e-01  -3.686008e-04
25  -3.648938e-02  -3.710903e-03
26  -9.621860e-03  -3.489011e-03
27  1.218345e-02  -3.109199e-03
28  1.638266e-02  -1.241715e-03
29  2.252826e-02  -1.686673e-05
30  3.061396e-02  -1.271305e-04
31  2.983187e-02  -3.674628e-04
32  3.063802e-02  -4.765815e-04
33  2.661351e-02  -6.862611e-04
34  2.721592e-02  -6.039339e-04
35  2.816497e-02  -1.271212e-03
36  3.504270e-02  -1.206198e-03
37  1.661482e-02  -1.706653e-03
38  -5.942250e-02  -4.662833e-03
39  -1.477020e-01  -4.726838e-03
40  -2.945707e-01  -5.815945e-03
41  -2.638136e-01  -1.113044e-02
42  -1.654863e-01  -1.470402e-02
43  -1.053717e-01  -3.541348e-02
44  3.331734e-01  -9.661572e-02
45  1.523657e+00  -1.986262e-01
46  4.381425e+00  -3.435649e-01
47  5.330628e+00  -4.022108e-01
48  7.723892e+00  -2.386039e-01
49  1.794443e+01  4.385924e-02
50  2.072068e+01  4.649138e-02
51  -5.591780e+00  1.120010e+00
52  2.308795e+01  2.257164e+00
53  -3.178745e+01  3.514166e+00
54  -1.829568e+02  2.709145e+00
55  -5.177582e+02  1.091236e+01
56  -7.006061e+02  2.558901e+01
57  -1.794211e+03  4.406371e+01
58  -2.711505e+03  8.972171e+01
59  -5.378447e+03  1.176475e+02
60  -1.621788e+04  6.827252e+01
61  -5.198711e+04  2.752091e+02
62  -1.449026e+05  4.271916e+02
63  -6.272857e+05  4.060311e+02
ENDPROP
STARTPROP
MASSES:  4.500000e-02   4.500000e-02
SOURCE: GAM_13
SINKS: GAM_13
0  9.197382e+05  1.468535e+02
1  -6.215410e+05  -8.784531e+00
2  -1.359455e+05  8.141480e+01
3  -5.199318e+04  4.581225e+01
4  -1.945880e+04  -1.923090e+01
5  -8.727614e+03  -7.778060e+01
6  -4.597627e+03  -4.267063e+01
7  -2.200204e+03  -3.924465e+01
8  -1.064704e+03  -3.689507e+01
9  -3.354531e+02  -2.059872e+01
10  1.560144e+02  -1.112083e+01
11  1.671083e+02  -6.056077e+00
12  7.585811e+01  -2.109570e+00
13  3.919654e+01  -2.285320e+00
14  1.914191e+01  -3.049283e+00
15  8.955180e+00  -1.100599e+00
16  6.535982e+00  -5.299273e-01
17  1.358277e+00  -1.846622e-01
18  -2.746934e-02  3.993361e-02
19  1.978703e+00  8.800695e-03
20  8.243818e-01  3.429702e-02
21  -2.431679e-01  1.592640e-02
22  -1.036808e-01  1.354460e-02
23  5.409547e-02  2.193163e-02
24  -7.719478e-03  2.510873e-02
25  3.741060e-02  1.274816e-02
26  1.958300e-02  4.244330e-03
27  2.375328e-03  -2.682352e-06
28  -1.700035e-02  -2.932936e-03
29  -1.470423e-02  -1.389949e-03
30  -1.680320e-02  -1.242667e-03
31  -1.121076e-02  -1.228619e-03
32  -7.845197e-03  -8.430804e-04
33  -2.040710e-03  8.086709e-06
34  1.486624e-03  3.826121e-04
35  8.545029e-03  1.289231e-03
36  2.237443e-02  2.529585e-04
37  -2.382472e-03  -1.776583e-03
38  -1.819386e-02  -4.212853e-03
39  1.823902e-02  -8.245404e-03
40  1.371869e-01  -8.931825e-03
41  3.480586e-01  -1.158720e-02
42  4.876157e-01  -2.159745e-02
43  7.028595e-01  -2.312821e-03
44  1.360210e+00  -6.780001e-03
45  2.626887e+00  6.848187e-03
46  3.694003e+00  6.768426e-02
47  3.537671e+00  2.170452e-01
48  4.472372e+00  2.929987e-02
49  9.426219e+00  -4.761447e-01
50  3.732373e+01  -6.555871e-01
51  4.199807e+01  1.473505e+00
52  1.325101e+01  4.186950e+00
53  -1.269333e+01  9.160651e+00
54  -4.948263e+01  1.465105e+01
55  -1.009343e+02  1.506124e+01
56  -4.916102e+02  4.664593e+00
57  -1.131935e+03  -1.435410e+01
58  -2.072835e+03  3.750879e+00
59  -5.058927e+03  4.570716e+00
60  -1.732683e+04  -4.698674e+01
61  -4.830430e+04  -1.383885e+02
62  -1.360104e+05  -2.987107e+01
63  -6.301537e+05  8.496225e+01
ENDPROP
STARTPROP
MASSES:  4.500000e-02   4.500000e-02
SOURCE: GAM_31
SINKS: GAM_31
0  9.197382e+05  1.468535e+02
1  -6.215410e+05  -8.784531e+00
2  -1.359455e+05  8.141480e+01
3  -5.199318e+04  4.581225e+01
4  -1.945880e+04  -1.923090e+01
5  -8.727614e+03  -7.778060e+01
6  -4.597627e+03  -4.267063e+01
7  -2.200204e+03  -3.924465e+01
8  -1.064704e+03  -3.689507e+01
9  -3.354531e+02  -2.059872e+01
10  1.560144e+02  -1.112083e+01
11  1.671083e+02  -6.056077e+00
12  7.585811e+01  -2.109570e+00
13  3.919654e+01  -2.285320e+00
14  1.914191e+01  -3.049283e+00
15  8.955180e+00  -1.100599e+00
16  6.535982e+00  -5.299273e-01
17  1.358277e+00  -1.846622e-01
18  -2.746934e-02  3.993361e-02
19  1.978703e+00  8.800695e-03
20  8.243818e-01  3.429702e-02
21  -2.431679e-01  1.592640e-02
22  -1.036808e-01  1.354460e-02
23  5.409547e-02  2.193163e-02
24  -7.719478e-03  2.510873e-02
25  3.741060e-02  1.274816e-02
26  1.958300e-02  4.244330e-03
27  2.375328e-03  -2.682352e-06
28  -1.700035e-02  -2.932936e-03
29  -1.470423e-02  -1.389949e-03
30  -1.680320e-02  -1.242667e-03
31  -1.121076e-02  -1.228619e-03
32  -7.845197e-03  -8.430804e-04
33  -2.040710e-03  8.086709e-06
34  1.486624e-03  3.826121e-04
35  8.545029e-03  1.289231e-03
36  2.237443e-02  2.529585e-04
37  -2.382472e-03  -1.776583e-03
38  -1.819386e-02  -4.212853e-03
39  1.823902e-02  -8.245404e-03
40  1.371869e-01  -8.931825e-03
41  3.480586e-01  -1.158720e-02
42  4.876157e-01  -2.159745e-02
43  7.028595e-01  -2.312821e-03
44  1.360210e+00  -6.780001e-03
45  2.626887e+00  6.848187e-03
46  3.694003e+00  6.768426e-02
47  3.537671e+00  2.170452e-01
48  4.472372e+00  2.929987e-02
49  9.426219e+00  -4.761447e-01
50  3.732373e+01  -6.555871e-01
51  4.199807e+01  1.473505e+00
52  1.325101e+01  4.186950e+00
53  -1.269333e+01  9.160651e+00
54  -4.948263e+01  1.465105e+01
55  -1.009343e+02  1.506124e+01
56  -4.916102e+02  4.664593e+00
57  -1.131935e+03  -1.435410e+01
58  -2.072835e+03  3.750879e+00
59  -5.058927e+03  4.570716e+00
60  -1.732683e+04  -4.698674e+01
61  -4.830430e+04  -1.383885e+02
62  -1.360104e+05  -2.987107e+01
63  -6.301537e+05  8.496225e+01
ENDPROP
STARTPROP
MASSES:  4.500000e-02   4.500000e-02
SOURCE: GAM_14
SINKS: GAM_14
0  1.785798e+05  -3.688880e+02
1  1.372813e+06  -2.488323e+02
2  5.496152e+05  -4.723321e+02
3  2.746266e+05  -3.252658e+02
4  1.374653e+05  -2.484871e+02
5  6.803839e+04  -7.662406e+01
6  3.412474e+04  -3.633960e+01
7  1.662789e+04  -2.729325e+01
8  8.440650e+03  -2.753914e+01
9  3.915979e+03  -7.765155e+00
10  2.016730e+03  -5.645273e+00
11  1.093749e+03  -1.645749e+00
12  5.765704e+02  1.488446e+00
13  3.148642e+02  2.364483e+00
14  1.866027e+02  2.991890e+00
15  9.939514e+01  1.637683e+00
16  5.686259e+01  7.410265e-01
17  3.481759e+01  2.797638e-01
18  2.086804e+01  3.181398e-01
19  1.159235e+01  2.119995e-01
20  5.138218e+00  2.044099e-01
21  2.335447e+00  1.177131e-01
22  9.151004e-01  3.936084e-02
23  6.379496e-01  2.804509e-03
24  3.797697e-01  -9.624280e-03
25  1.539403e-01  -5.815432e-03
26  8.529990e-03  -1.921908e-03
27  -2.130195e-02  -1.985147e-03
28  -1.123042e-02  -1.869268e-03
29  1.598367e-02  5.220622e-04
30  3.527557e-03  7.342057e-04
31  -4.110510e-03  5.397154e-04
32  4.282519e-03  7.225205e-04
33  1.122349e-02  6.719179e-04
34  1.552065e-02  7.632957e-04
35  2.769319e-02  1.029515e-03
36  3.284345e-02  -3.273946e-04
37  6.675277e-02  -1.046348e-03
38  1.114713e-01  -3.309925e-03
39  7.513134e-02  -7.055832e-03
40  1.132381e-01  -4.878280e-03
41  3.866839e-01  -4.297812e-03
42  5.911236e-01  2.704835e-03
43  1.128446e+00  1.753992e-02
44  3.372441e+00  -4.270816e-02
45  7.962296e+00  -1.009796e-01
46  1.304009e+01  -9.730345e-02
47  1.710178e+01  -3.712782e-02
48  2.256621e+01  5.359053e-02
49  2.672614e+01  -5.162281e-01
50  5.250470e+01  6.492303e-01
51  1.649316e+02  1.031445e+00
52  3.569384e+02  -4.558627e-01
53  6.850352e+02  -2.960477e+00
54  1.332220e+03  -1.861069e+00
55  2.897791e+03  -4.453081e+00
56  6.007350e+03  -1.499652e+01
57  1.288469e+04  -1.886795e+01
58  2.808263e+04  -3.744367e+01
59  5.900581e+04  -1.056633e+02
60  1.272528e+05  -2.465365e+02
61  2.744930e+05  -9.834478e+01
62  5.672459e+05  -5.150750e+02
63  1.390508e+06  -6.619377e+02
ENDPROP
STARTPROP
MASSES:  4.500000e-02   4.500000e-02
SOURCE: GAM_41
SINKS: GAM_41
0  1.785798e+05  -3.688880e+02
1  1.372813e+06  -2.488323e+02
2  5.496152e+05  -4.723321e+02
3  2.746266e+05  -3.252658e+02
4  1.374653e+05  -2.484871e+02
5  6.803839e+04  -7.662406e+01
6  3.412474e+04  -3.633960e+01
7  1.662789e+04  -2.729325e+01
8  8.440650e+03  -2.753914e+01
9  3.915979e+03  -7.765155e+00
10  2.016730e+03  -5.645273e+00
11  1.093749e+03  -1.645749e+00
12  5.765704e+02  1.488446e+00
13  3.148642e+02  2.364483e+00
14  1.866027e+02  2.991890e+00
15  9.939514e+01  1.637683e+00
16  5.686259e+01  7.410265e-01
17  3.481759e+01  2.797638e-01
18  2.086804e+01  3.181398e-01
19  1.159235e+01  2.119995e-01
20  5.138218e+00  2.044099e-01
21  2.335447e+00  1.177131e-01
22  9.151004e-01  3.936084e-02
23  6.379496e-01  2.804509e-03
24  3.797697e-01  -9.624280e-03
25  1.539403e-01  -5.815432e-03
26  8.529990e-03  -1.921908e-03
27  -2.130195e-02  -1.985147e-03
28  -1.123042e-02  -1.869268e-03
29  1.598367e-02  5.220622e-04
30  3.527557e-03  7.342057e-04
31  -4.110510e-03  5.397154e-04
32  4.282519e-03  7.225205e-04
33  1.122349e-02  6.719179e-04
34  1.552065e-02  7.632957e-04
35  2.769319e-02  1.029515e-03
36  3.284345e-02  -3.273946e-04
37  6.675277e-02  -1.046348e-03
38  1.114713e-01  -3.309925e-03
39  7.513134e-02  -7.055832e-03
40  1.132381e-01  -4.878280e-03
41  3.866839e-01  -4.297812e-03
42  5.911236e-01  2.704835e-03
43  1.128446e+00  1.753992e-02
44  3.372441e+00  -4.270816e-02
45  7.962296e+00  -1.009796e-01
46  1.304009e+01  -9.730345e-02
47  1.710178e+01  -3.712782e-02
48  2.256621e+01  5.359053e-02
49  2.672614e+01  -5.162281e-01
50  5.250470e+01  6.492303e-01
51  1.649316e+02  1.031445e+00
52  3.569384e+02  -4.558627e-01
53  6.850352e+02  -2.960477e+00
54  1.332220e+03  -1.861069e+00
55  2.897791e+03  -4.453081e+00
56  6.007350e+03  -1.499652e+01
57  1.288469e+04  -1.886795e+01
58  2.808263e+04  -3.744367e+01
59  5.900581e+04  -1.056633e+02
60  1.272528e+05  -2.465365e+02
61  2.744930e+05  -9.834478e+01
62  5.672459e+05  -5.150750e+02
63  1.390508e+06  -6.619377e+02
ENDPROP
STARTPROP
MASSES:  4.500000e-02   4.500000e-02
SOURCE: GAM_23
SINKS: GAM_23
0  9.017205e+05  2.412971e+02
1  -6.266321e+05  9.219240e+01
2  -1.378114e+05  5.007848e+01
3  -5.156826e+04  4.226978e+01
4  -1.988676e+04  8.149129e+01
5  -9.186580e+03  -5.046285e+01
6  -4.349963e+03  -3.653270e+01
7  -2.204108e+03  -1.542542e+01
8  -1.201202e+03  -1.009875e+01
9  -4.162688e+02  -4.684140e+00
10  -3.162094e+02  -6.796313e+00
11  -9.898180e+01  -2.976770e-01
12  -1.605784e+01  7.807798e-01
13  -1.802209e+01  -1.144472e+00
14  -8.797182e-01  -5.178079e-01
15  1.092670e+01  -1.183873e+00
16  1.412934e+00  -9.731124e-01
17  1.247189e+00  -2.665862e-01
18  1.881187e+00  -5.491308e-02
19  4.400299e-01  5.178498e-02
20  -3.552146e-01  1.165755e-01
21  -4.744152e-01  6.454207e-02
22  -5.148662e-01  1.047765e-02
23  -4.901886e-01  -1.732929e-03
24  -2.405708e-01  -4.010906e-03
25  -1.469123e-01  1.898128e-03
26  -4.618134e-02  4.471497e-03
27  -1.333057e-02  2.539952e-03
28  -5.798391e-03  2.235901e-03
29  -1.135475e-02  2.434058e-03
30  -8.532825e-04  2.537119e-03
31  -9.878261e-04  1.681905e-03
32  -9.018021e-04  1.064113e-03
33  -7.631594e-03  8.137714e-04
34  -1.825623e-02  9.400962e-04
35  -2.689184e-02  6.671995e-04
36  -4.067909e-02  8.894282e-04
37  -4.461470e-02  -2.384263e-03
38  -6.543731e-02  -5.955785e-03
39  -1.460681e-01  -9.554594e-03
40  -1.758218e-01  -1.104335e-02
41  -1.133001e-01  -7.765283e-03
42  -5.290688e-01  -4.467538e-03
43  -6.006923e-01  3.560832e-02
44  -4.458889e-01  1.034420e-01
45  2.599471e-01  8.439754e-02
46  8.136384e-01  -3.389845e-02
47  7.141598e+00  4.270769e-02
48  1.776345e+01  1.001054e-01
49  3.905475e+01  2.096011e-01
50  4.960457e+01  -9.569676e-01
51  3.238510e+01  -2.324271e+00
52  4.303959e+01  -3.917530e+00
53  1.012261e+02  -5.540375e-01
54  8.014355e+01  1.932150e+00
55  2.081509e+02  -2.523335e-01
56  2.356140e+02  4.082921e+00
57  8.451926e+01  -9.550931e+00
58  -2.556049e+03  -1.170828e+01
59  -7.512946e+03  6.582280e+00
60  -1.951848e+04  6.250672e+01
61  -5.186501e+04  1.014450e+02
62  -1.417722e+05  1.457884e+02
63  -6.343450e+05  2.085812e+01
ENDPROP
STARTPROP
MASSES:  4.500000e-02   4.500000e-02
SOURCE: GAM_32
SINKS: GAM_32
0  9.017205e+05  2.412971e+02
1  -6.266321e+05  9.219240e+01
2  -1.378114e+05  5.007848e+01
3  -5.156826e+04  4.226978e+01
4  -1.988676e+04  8.149129e+01
5  -9.186580e+03  -5.046285e+01
6  -4.349963e+03  -3.653270e+01
7  -2.204108e+03  -1.542542e+01
8  -1.201202e+03  -1.009875e+01
9  -4.162688e+02  -4.684140e+00
10  -3.162094e+02  -6.796313e+00
11  -9.898180e+01  -2.976770e-01
12  -1.605784e+01  7.807798e-01
13  -1.802209e+01  -1.144472e+00
14  -8.797182e-01  -5.178079e-01
15  1.092670e+01  -1.183873e+00
16  1.412934e+00  -9.731124e-01
17  1.247189e+00  -2.665862e-01
18  1.881187e+00  -5.491308e-02
19  4.400299e-01  5.178498e-02
20  -3.552146e-01  1.165755e-01
21  -4.744152e-01  6.454207e-02
22  -5.148662e-01  1.047765e-02
23  -4.901886e-01  -1.732929e-03
24  -2.405708e-01  -4.010906e-03
25  -1.469123e-01  1.898128e-03
26  -4.618134e-02  4.471497e-03
27  -1.333057e-02  2.539952e-03
28  -5.798391e-03  2.235901e-03
29  -1.135475e-02  2.434058e-03
30  -8.532825e-04  2.537119e-03
31  -9.878261e-04  1.681905e-03
32  -9.018021e-04  1.064113e-03
33  -7.631594e-03  8.137714e-04
34  -1.825623e-02  9.400962e-04
35  -2.689184e-02  6.671995e-04
36  -4.067909e-02  8.894282e-04
37  -4.461470e-02  -2.384263e-03
38  -6.543731e-02  -5.955785e-03
39  -1.460681e-01  -9.554594e-03
40  -1.758218e-01  -1.104335e-02
41  -1.133001e-01  -7.765283e-03
42  -5.290688e-01  -4.467538e-03
43  -6.006923e-01  3.560832e-02
44  -4.458889e-01  1.034420e-01
45  2.599471e-01  8.439754e-02
46  8.136384e-01  -3.389845e-02
47  7.141598e+00  4.270769e-02
48  1.776345e+01  1.001054e-01
49  3.905475e+01  2.096011e-01
50  4.960457e+01  -9.569676e-01
51  3.238510e+01  -2.324271e+00
52  4.303959e+01  -3.917530e+00
53  1.012261e+02  -5.540375e-01
54  8.014355e+01  1.932150e+00
55  2.081509e+02  -2.523335e-01
56  2.356140e+02  4.082921e+00
57  8.451926e+01  -9.550931e+00
58  -2.556049e+03  -1.170828e+01
59  -7.512946e+03  6.582280e+00
60  -1.951848e+04  6.250672e+01
61  -5.186501e+04  1.014450e+02
62  -1.417722e+05  1.457884e+02
63  -6.343450e+05  2.085812e+01
ENDPROP
STARTPROP
MASSES:  4.500000e-02   4.500000e-02
SOURCE: GAM_24
SINKS: GAM_24
0  1.579915e+05  1.357419e+02
1  1.359306e+06  4.215366e+02
2  5.431217e+05  3.105491e+01
3  2.716556e+05  9.398306e+01
4  1.335678e+05  1.831090e+02
5  6.599157e+04  1.417755e+02
6  3.220727e+04  4.124103e+01
7  1.621214e+04  1.816732e+00
8  8.449806e+03  6.926884e+00
9  4.093178e+03  7.434461e+00
10  2.133572e+03  7.828183e+00
11  1.016523e+03  9.113947e+00
12  4.251247e+02  9.163736e+00
13  1.852272e+02  8.471330e+00
14  9.529875e+01  4.554458e+00
15  3.923897e+01  2.125803e+00
16  1.054178e+01  1.032269e+00
17  -2.975829e+00  4.345039e-01
18  -3.500977e+00  -1.979268e-02
19  1.155542e+00  -1.749376e-01
20  8.369699e-01  -1.534749e-01
21  1.697015e-01  -6.203070e-02
22  1.739424e-01  5.373975e-04
23  -1.406276e-01  1.643314e-02
24  -3.203415e-01  2.472694e-02
25  -2.679055e-01  1.763908e-02
26  -9.902223e-02  1.391296e-02
27  3.747407e-03  7.593893e-03
28  1.156755e-02  3.267748e-03
29  1.897838e-02  3.044313e-03
30  1.001852e-02  1.612536e-03
31  -6.502668e-04  1.237257e-04
32  -5.332170e-03  -7.773060e-05
33  -4.477208e-03  2.664111e-04
34  -5.197043e-03  9.266807e-04
35  -1.170528e-02  1.419232e-03
36  -3.936759e-03  2.799018e-03
37  -4.895734e-03  1.663826e-03
38  -4.194751e-02  2.062437e-03
39  -9.600360e-02  1.001817e-02
40  -2.614323e-01  1.929217e-02
41  -5.005910e-01  3.195526e-02
42  -8.349636e-01  6.596810e-02
43  -1.205187e+00  1.086383e-01
44  -1.438261e+00  1.051649e-01
45  -3.046447e+00  1.214361e-02
46  -3.129031e+00  -6.132818e-02
47  -1.927456e+00  -5.310618e-01
48  8.717249e+00  -6.070061e-01
49  2.389533e+01  -1.358878e+00
50  2.874818e+01  -1.121344e+00
51  9.490789e+01  -1.458936e+00
52  2.673046e+02  4.510884e+00
53  6.660170e+02  1.159861e+01
54  1.292972e+03  3.003366e+01
55  2.563572e+03  5.146710e+01
56  4.987686e+03  5.716091e+01
57  1.085309e+04  5.260683e+01
58  2.457207e+04  -2.644369e+01
59  5.682503e+04  -7.551263e+01
60  1.265623e+05  -1.715916e+02
61  2.716058e+05  -2.746339e+02
62  5.666528e+05  -1.599236e+02
63  1.383651e+06  7.932446e+00
ENDPROP
STARTPROP
MASSES:  4.500000e-02   4.500000e-02
SOURCE: GAM_42
SINKS: GAM_42
0  1.579915e+05  1.357419e+02
1  1.359306e+06  4.215366e+02
2  5.431217e+05  3.105491e+01
3  2.716556e+05  9.398306e+01
4  1.335678e+05  1.831090e+02
5  6.599157e+04  1.417755e+02
6  3.220727e+04  4.124103e+01
7  1.621214e+04  1.816732e+00
8  8.449806e+03  6.926884e+00
9  4.093178e+03  7.434461e+00
10  2.133572e+03  7.828183e+00
11  1.016523e+03  9.113947e+00
12  4.251247e+02  9.163736e+00
13  1.852272e+02  8.471330e+00
14  9.529875e+01  4.554458e+00
15  3.923897e+01  2.125803e+00
16  1.054178e+01  1.032269e+00
17  -2.975829e+00  4.345039e-01
18  -3.500977e+00  -1.979268e-02
19  1.155542e+00  -1.749376e-01
20  8.369699e-01  -1.534749e-01
21  1.697015e-01  -6.203070e-02
22  1.739424e-01  5.373975e-04
23  -1.406276e-01  1.643314e-02
24  -3.203415e-01  2.472694e-02
25  -2.679055e-01  1.763908e-02
26  -9.902223e-02  1.391296e-02
27  3.747407e-03  7.593893e-03
28  1.156755e-02  3.267748e-03
29  1.897838e-02  3.044313e-03
30  1.001852e-02  1.612536e-03
31  -6.502668e-04  1.237257e-04
32  -5.332170e-03  -7.773060e-05
33  -4.477208e-03  2.664111e-04
34  -5.197043e-03  9.266807e-04
35  -1.170528e-02  1.419232e-03
36  -3.936759e-03  2.799018e-03
37  -4.895734e-03  1.663826e-03
38  -4.194751e-02  2.062437e-03
39  -9.600360e-02  1.001817e-02
40  -2.614323e-01  1.929217e-02
41  -5.005910e-01  3.195526e-02
42  -8.349636e-01  6.596810e-02
43  -1.205187e+00  1.086383e-01
44  -1.438261e+00  1.051649e-01
45  -3.046447e+00  1.214361e-02
46  -3.129031e+00  -6.132818e-02
47  -1.927456e+00  -5.310618e-01
48  8.717249e+00  -6.070061e-01
49  2.389533e+01  -1.358878e+00
50  2.874818e+01  -1.121344e+00
51  9.490789e+01  -1.458936e+00
52  2.673046e+02  4.510884e+00
53  6.660170e+02  1.159861e+01
54  1.292972e+03  3.003366e+01
55  2.563572e+03  5.146710e+01
56  4.987686e+03  5.716091e+01
57  1.085309e+04  5.260683e+01
58  2.457207e+04  -2.644369e+01
59  5.682503e+04  -7.551263e+01
60  1.265623e+05  -1.715916e+02
61  2.716058e+05  -2.746339e+02
62  5.666528e+05  -1.599236e+02
63  1.383651e+06  7.932446e+00
ENDPROP
STARTPROP
MASSES:  4.500000e-02   4.500000e-02
SOURCE: GAM_34
SINKS: GAM_34
0  1.712243e+05  -4.089224e+02
1  1.364098e+06  2.448189e+02
2  5.466139e+05  1.062741e+02
3  2.701429e+05  1.286160e+02
4  1.357266e+05  7.578767e+01
5  6.746587e+04  8.744320e+01
6  3.151092e+04  1.490478e+01
7  1.516517e+04  9.585398e+00
8  8.053368e+03  2.361303e+00
9  3.764256e+03  -1.556251e+01
10  1.593787e+03  -1.239295e+00
11  6.735802e+02  5.428348e+00
12  2.931739e+02  -1.053897e-01
13  1.023755e+02  1.173991e+00
14  3.189292e+01  -1.098547e+00
15  -4.278316e+00  -1.561739e+00
16  -5.596219e+00  -7.355779e-01
17  2.095966e+00  -4.610509e-01
18  1.909102e+00  -3.724679e-01
19  2.305130e+00  -3.245577e-01
20  2.812093e+00  -1.282390e-01
21  2.046480e+00  -7.228008e-02
22  5.743641e-01  -6.612813e-02
23  2.166148e-01  -4.263376e-02
24  2.597292e-01  -3.875548e-02
25  2.806140e-01  -1.770557e-02
26  2.055268e-01  -7.765571e-03
27  1.364509e-01  -6.528804e-03
28  7.830049e-02  -2.604520e-03
29  3.294752e-02  -4.490890e-04
30  1.439567e-02  -2.356273e-04
31  4.344037e-03  -1.094643e-03
32  5.307009e-03  -1.720390e-03
33  4.936818e-03  -1.552534e-03
34  3.975512e-03  -6.932679e-04
35  1.910365e-02  -2.500475e-04
36  1.846829e-02  4.376583e-04
37  -3.201759e-03  2.042304e-03
38  6.336796e-02  1.189864e-02
39  1.830432e-01  2.240907e-02
40  3.359634e-01  3.523158e-02
41  1.481893e-01  4.539204e-02
42  2.485327e-01  4.455553e-02
43  5.980015e-01  4.655874e-02
44  1.297861e+00  9.739524e-03
45  4.463910e+00  -6.050467e-02
46  6.178034e+00  1.036385e-01
47  1.068200e+01  3.572630e-01
48  2.206425e+01  1.100154e-03
49  4.026951e+01  5.477321e-01
50  9.793710e+01  2.157927e+00
51  2.360652e+02  3.872683e+00
52  4.523002e+02  4.844242e+00
53  7.455677e+02  6.590446e+00
54  1.521950e+03  5.866617e+00
55  2.930719e+03  2.027173e+01
56  6.109719e+03  4.111359e+01
57  1.295903e+04  5.734239e+01
58  2.815133e+04  4.773527e+01
59  6.032528e+04  1.760042e+01
60  1.326930e+05  -1.315603e+01
61  2.752567e+05  -2.089331e+02
62  5.632746e+05  -4.013499e+02
63  1.385284e+06  -4.453751e+02
ENDPROP
STARTPROP
MASSES:  4.500000e-02   4.500000e-02
SOURCE: GAM_43
SINKS: GAM_43
0  1.712243e+05  -4.089224e+02
1  1.364098e+06  2.448189e+02
2  5.466139e+05  1.062741e+02
3  2.701429e+05  1.286160e+02
4  1.357266e+05  7.578767e+01
5  6.746587e+04  8.744320e+01
6  3.151092e+04  1.490478e+01
7  1.516517e+04  9.585398e+00
8  8.053368e+03  2.361303e+00
9  3.764256e+03  -1.556251e+01
10  1.593787e+03  -1.239295e+00
11  6.735802e+02  5.428348e+00
12  2.931739e+02  -1.053897e-01
13  1.023755e+02  1.173991e+00
14  3.189292e+01  -1.098547e+00
15  -4.278316e+00  -1.561739e+00
16  -5.596219e+00  -7.355779e-01
17  2.095966e+00  -4.610509e-01
18  1.909102e+00  -3.724679e-01
19  2.305130e+00  -3.245577e-01
20  2.812093e+00  -1.282390e-01
21  2.046480e+00  -7.228008e-02
22  5.743641e-01  -6.612813e-02
23  2.166148e-01  -4.263376e-02
24  2.597292e-01  -3.875548e-02
25  2.806140e-01  -1.770557e-02
26  2.055268e-01  -7.765571e-03
27  1.364509e-01  -6.528804e-03
28  7.830049e-02  -2.604520e-03
29  3.294752e-02  -4.490890e-04
30  1.439567e-02  -2.356273e-04
31  4.344037e-03  -1.094643e-03
32  5.307009e-03  -1.720390e-03
33  4.936818e-03  -1.552534e-03
34  3.975512e-03  -6.932679e-04
35  1.910365e-02  -2.500475e-04
36  1.846829e-02  4.376583e-04
37  -3.201759e-03  2.042304e-03
38  6.336796e-02  1.189864e-02
39  1.830432e-01  2.240907e-02
40  3.359634e-01  3.523158e-02
41  1.481893e-01  4.539204e-02
42  2.485327e-01  4.455553e-02
43  5.980015e-01  4.655874e-02
44  1.297861e+00  9.739524e-03
45  4.463910e+00  -6.050467e-02
46  6.178034e+00  1.036385e-01
47  1.068200e+01  3.572630e-01
48  2.206425e+01  1.100154e-03
49  4.026951e+01  5.477321e-01
50  9.793710e+01  2.157927e+00
51  2.360652e+02  3.872683e+00
52  4.523002e+02  4.844242e+00
53  7.455677e+02  6.590446e+00
54  1.521950e+03  5.866617e+00
55  2.930719e+03  2.027173e+01
56  6.109719e+03  4.111359e+01
57  1.295903e+04  5.734239e+01
58  2.815133e+04  4.773527e+01
59  6.032528e+04  1.760042e+01
60  1.326930e+05  -1.315603e+01
61  2.752567e+05  -2.089331e+02
62  5.632746e+05  -4.013499e+02
63  1.385284e+06  -4.453751e+02
ENDPROP
STARTPROP
MASSES:  4.500000e-02   4.500000e-02
SOURCE: GAM_15
SINKS: GAM_15
0  1.555050e+05  -4.064404e+02
1  -8.571170e+05  -7.372860e+02
2  -2.221275e+05  -3.989555e+02
3  -7.824359e+04  -1.923911e+02
4  -2.917369e+04  -1.178386e+02
5  -1.302439e+04  -1.340103e+02
6  -5.941445e+03  -9.187534e+01
7  -3.477297e+03  -5.074973e+01
8  -1.811787e+03  -2.847031e+01
9  -9.694855e+02  -3.673427e+00
10  -4.033407e+02  5.217608e+00
11  -1.928604e+02  7.342360e+00
12  -6.043064e+01  8.769059e+00
13  -1.376065e+01  6.348552e+00
14  1.681559e+01  2.922858e+00
15  2.840840e+01  1.210439e+00
16  2.021889e+01  5.956299e-01
17  1.328610e+01  1.827167e-01
18  9.107943e+00  -1.309297e-01
19  3.876953e+00  -2.217396e-01
20  2.219970e+00  -2.410696e-01
21  1.528494e+00  -2.019211e-01
22  5.690865e-01  -1.178532e-01
23  1.516166e-01  -6.848687e-02
24  1.806009e-01  -4.919562e-02
25  1.144655e-01  -2.776789e-02
26  9.052671e-02  -1.403353e-02
27  7.496443e-02  -8.397987e-03
28  4.259570e-02  -3.986442e-03
29  3.203015e-03  -5.681132e-04
30  -3.529616e-03  3.462736e-04
31  -2.034077e-03  1.806109e-04
32  4.233612e-03  7.103537e-06
33  3.402496e-03  -1.410463e-04
34  1.335575e-03  -1.240947e-04
35  7.098141e-03  5.187614e-04
36  1.635516e-02  1.793685e-03
37  2.210523e-03  2.873729e-03
38  -2.005670e-02  6.289838e-03
39  -8.123032e-02  3.840545e-03
40  -7.591221e-02  -4.394906e-03
41  2.054330e-01  -6.707972e-03
42  3.465988e-01  -1.499746e-02
43  1.442311e-01  -1.708479e-02
44  2.822403e-02  2.167335e-02
45  -1.525957e+00  8.566296e-02
46  -5.098457e+00  1.054474e-01
47  -1.048617e+01  2.093207e-01
48  -5.596704e+00  2.301450e-01
49  1.785596e+00  4.523932e-01
50  3.233449e+01  1.868300e+00
51  4.517116e+01  3.061408e+00
52  2.736781e+01  3.691225e+00
53  -1.024936e+02  5.048420e+00
54  -6.080841e+01  2.071399e+01
55  5.515944e+01  2.068485e+01
56  -1.396153e+02  -1.764644e+00
57  -5.260532e+02  -3.999426e+01
58  -2.412126e+03  -4.092701e+01
59  -8.550142e+03  -4.996931e+01
60  -2.991140e+04  -1.798329e+01
61  -8.413298e+04  1.024515e+01
62  -2.329137e+05  9.356928e+01
63  -8.653694e+05  6.776011e+01
ENDPROP
STARTPROP
MASSES:  4.500000e-02   4.500000e-02
SOURCE: GAM_25
SINKS: GAM_25
0  1.322654e+05  3.478401e+02
1  -8.650974e+05  6.673948e+01
2  -2.283090e+05  3.446244e+02
3  -8.140765e+04  4.525251e+02
4  -3.000294e+04  2.650192e+02
5  -1.320281e+04  1.365746e+02
6  -5.475481e+03  4.014128e+01
7  -2.840355e+03  -1.212908e+01
8  -1.498822e+03  -6.592424e+00
9  -7.102467e+02  6.252018e-01
10  -9.738166e+01  -5.538051e+00
11  2.321968e+01  -5.937605e+00
12  -1.390483e+00  -3.255357e+00
13  -1.733765e+01  -9.400665e-01
14  -6.981347e+00  -5.640727e-01
15  -9.374308e+00  -3.395403e-01
16  -5.674589e+00  -2.426005e-01
17  1.159412e+00  -9.917204e-02
18  2.072501e+00  5.736380e-03
19  5.771613e-01  -6.186289e-02
20  4.507591e-02  -1.288924e-01
21  2.902521e-01  -1.072203e-01
22  2.436525e-01  -5.587062e-02
23  2.742382e-01  -7.809262e-03
24  1.962743e-02  1.759896e-03
25  -5.866217e-02  -1.587615e-03
26  -4.937175e-02  -1.332815e-03
27  7.354589e-03  -2.432977e-04
28  2.998918e-02  9.739785e-05
29  1.758851e-02  6.295671e-04
30  1.247613e-03  -1.382815e-04
31  -7.991710e-03  -3.399140e-04
32  -8.238075e-03  -6.368102e-05
33  -7.744702e-03  3.574171e-04
34  -7.559450e-03  -1.433391e-05
35  -8.026091e-03  -2.624493e-04
36  -1.260964e-02  1.071439e-03
37  -3.655802e-02  2.201818e-03
38  -6.852232e-02  3.659098e-03
39  -4.344810e-02  3.921195e-03
40  5.749932e-02  2.795801e-03
41  3.283186e-01  1.902687e-02
42  1.090207e+00  4.683197e-02
43  1.905062e+00  7.448444e-02
44  1.763835e+00  4.428007e-02
45  -1.336883e-01  6.927667e-02
46  1.121859e+00  4.334173e-02
47  4.069653e+00  6.731866e-04
48  8.589651e+00  -3.148376e-02
49  1.429317e+01  6.141742e-02
50  4.341468e+01  1.188002e+00
51  8.355047e+01  1.454496e+00
52  9.672818e+01  -2.554289e+00
53  1.021975e+02  -2.834869e+00
54  5.417203e+01  2.605072e+00
55  -1.859836e+02  5.804967e+00
56  -6.403924e+02  -9.410676e+00
57  -1.694837e+03  -3.265881e+01
58  -3.526991e+03  -9.858603e+01
59  -1.019118e+04  -1.356834e+02
60  -3.370058e+04  -1.415057e+02
61  -9.173238e+04  4.215962e+01
62  -2.412564e+05  1.633045e+02
63  -8.779753e+05  1.757840e+02
ENDPROP
STARTPROP
MASSES:  4.500000e-02   4.500000e-02
SOURCE: GAM_35
SINKS: GAM_35
0  1.263752e+05  -5.610093e+02
1  -8.740887e+05  -6.644171e+02
2  -2.360399e+05  -3.258973e+02
3  -8.604227e+04  -1.364028e+02
4  -2.974416e+04  2.645814e+01
5  -1.086412e+04  4.140608e+01
6  -5.506433e+03  3.059757e+00
7  -2.785605e+03  -1.350940e+01
8  -1.165635e+03  -1.647681e+01
9  -8.436682e+02  -1.702802e+01
10  -4.946763e+02  -2.607780e+00
11  -1.537720e+02  1.684290e+00
12  -1.073929e+02  2.249620e+00
13  -7.486396e+01  1.077007e+00
14  -1.914621e+01  1.566824e+00
15  -6.083596e+00  6.435943e-01
16  -4.864465e+00  -1.748122e-01
17  -3.344758e+00  -6.019248e-01
18  -9.532950e-01  -4.551162e-01
19  -1.846712e+00  -1.530563e-01
20  -1.847688e+00  -6.734745e-02
21  -1.331220e+00  -6.971887e-02
22  -8.226273e-01  -1.986647e-02
23  -5.689396e-01  -1.690997e-03
24  -4.027096e-01  -2.781942e-03
25  -2.447289e-01  -2.292921e-03
26  -1.584793e-01  -9.172608e-04
27  -7.875833e-02  2.222083e-03
28  -6.750674e-03  -1.080993e-04
29  3.256487e-02  5.663475e-04
30  4.280035e-02  5.366296e-04
31  4.656432e-02  6.661473e-04
32  4.473718e-02  -2.961047e-04
33  3.520716e-02  -8.836573e-04
34  2.379231e-02  -7.665833e-04
35  1.400062e-02  -5.884789e-04
36  4.557174e-03  -1.643340e-03
37  2.235171e-02  -6.428544e-03
38  8.315898e-02  -9.158383e-03
39  8.849144e-02  -9.958312e-03
40  1.525566e-01  -1.442390e-02
41  3.145264e-01  -2.170518e-02
42  7.251927e-01  2.544695e-03
43  8.663588e-01  3.149850e-02
44  1.558718e+00  1.730050e-02
45  4.049748e+00  7.101905e-02
46  8.061196e+00  7.763592e-02
47  1.562139e+01  -8.131998e-02
48  2.320116e+01  -3.569215e-01
49  2.412354e+01  -7.802126e-01
50  1.752303e+01  -1.255701e+00
51  3.685149e+00  -2.501916e+00
52  -1.281199e+01  -2.008406e+00
53  -3.356801e+01  -3.632488e+00
54  1.424447e+02  -7.104843e+00
55  4.142098e+02  -8.988780e+00
56  2.961677e+02  -2.462009e+01
57  -3.476276e+02  -7.818836e+01
58  -2.340466e+03  -1.482254e+02
59  -8.112809e+03  -1.905459e+02
60  -2.819220e+04  -1.488835e+02
61  -8.800650e+04  -8.225381e+01
62  -2.426431e+05  -1.805465e+02
63  -8.844262e+05  -4.311616e+02
ENDPROP
STARTPROP
MASSES:  4.500000e-02   4.500000e-02
SOURCE: GAM_45
SINKS: GAM_45
0  -9.890225e+05  -3.182406e+02
1  1.118892e+06  6.658140e+02
2  5.415380e+05  2.776623e+02
3  3.460472e+05  3.313936e+02
4  2.192027e+05  4.144309e+02
5  1.364588e+05  3.909110e+02
6  8.423318e+04  2.404578e+02
7  5.243023e+04  1.717176e+02
8  3.293015e+04  8.022873e+01
9  2.024177e+04  2.403272e+01
10  1.232417e+04  -2.721754e+00
11  7.555064e+03  -7.155336e-01
12  4.612841e+03  -2.425715e-01
13  2.762286e+03  2.178064e+00
14  1.693158e+03  3.110711e+00
15  1.024110e+03  2.315148e+00
16  6.199041e+02  1.972332e+00
17  3.807373e+02  1.094555e+00
18  2.279952e+02  7.904725e-01
19  1.367038e+02  7.588613e-01
20  8.384581e+01  5.957913e-01
21  5.154645e+01  4.273742e-01
22  3.164476e+01  2.724689e-01
23  1.904135e+01  1.549359e-01
24  1.154244e+01  8.773258e-02
25  7.002909e+00  5.184352e-02
26  4.238645e+00  3.233929e-02
27  2.619436e+00  2.241367e-02
28  1.595525e+00  1.432848e-02
29  9.941596e-01  1.028089e-02
30  6.582116e-01  7.117750e-03
31  4.665136e-01  5.040877e-03
32  4.060359e-01  4.228975e-03
33  4.515110e-01  4.325941e-03
34  6.177501e-01  6.714478e-03
35  9.322073e-01  1.031612e-02
36  1.471216e+00  1.436417e-02
37  2.359596e+00  2.237331e-02
38  3.855745e+00  3.018636e-02
39  6.238193e+00  3.665990e-02
40  1.008880e+01  6.440939e-02
41  1.604158e+01  7.582056e-02
42  2.645727e+01  1.539288e-01
43  4.271435e+01  2.204937e-01
44  6.989996e+01  2.795869e-01
45  1.154930e+02  4.405859e-01
46  1.861130e+02  6.917731e-01
47  3.078899e+02  1.248823e+00
48  5.040145e+02  2.139184e+00
49  8.351347e+02  3.008098e+00
50  1.370305e+03  4.407293e+00
51  2.306935e+03  6.888172e+00
52  3.881926e+03  7.362265e+00
53  6.345192e+03  6.660937e+00
54  1.029578e+04  2.371857e+00
55  1.689614e+04  -8.866017e+00
56  2.750375e+04  4.002765e+00
57  4.484735e+04  -3.450367e+01
58  7.420323e+04  -1.283115e+02
59  1.244399e+05  -2.451270e+02
60  2.044204e+05  -4.492758e+02
61  3.372155e+05  -6.316983e+02
62  5.470358e+05  -4.785492e+02
63  1.126518e+06  -5.880667e+02
ENDPROP
STARTPROP
MASSES:  4.500000e-02   4.500000e-02
SOURCE: PSAX4
SINKS: GAM_4
0  -2.295825e+03  -2.829402e+02
1  1.701852e+06  2.077888e+02
2  9.372626e+05  -1.624584e+02
3  5.838433e+05  -2.970589e+01
4  3.652283e+05  1.578223e+02
5  2.258099e+05  1.845134e+02
6  1.386155e+05  5.148887e+01
7  8.571606e+04  2.417506e+01
8  5.347286e+04  -3.664352e+01
9  3.276575e+04  -6.347429e+01
10  1.999179e+04  -6.736814e+01
11  1.227513e+04  -4.226756e+01
12  7.498551e+03  -2.379960e+01
13  4.523550e+03  -1.229559e+01
14  2.768527e+03  -7.000081e+00
15  1.673634e+03  -3.654703e+00
16  1.010340e+03  -1.540069e+00
17  6.169184e+02  -9.201452e-01
18  3.698277e+02  -3.143003e-01
19  2.218274e+02  1.368354e-01
20  1.357700e+02  1.278202e-01
21  8.334100e+01  7.626505e-02
22  5.110658e+01  2.267140e-02
23  3.076337e+01  -3.604669e-04
24  1.868962e+01  -1.441410e-02
25  1.133754e+01  -1.329345e-02
26  6.888866e+00  -6.160248e-03
27  4.208453e+00  1.248137e-04
28  2.507878e+00  2.302764e-03
29  1.475461e+00  2.618008e-03
30  8.252429e-01  9.110451e-04
31  3.735174e-01  -3.749143e-04
32  2.469517e-02  -1.568296e-03
33  -3.262419e-01  -2.496588e-03
34  -7.677148e-01  -5.457961e-03
35  -1.390012e+00  -9.763320e-03
36  -2.349356e+00  -1.569719e-02
37  -3.887173e+00  -2.440484e-02
38  -6.440063e+00  -3.389747e-02
39  -1.054306e+01  -3.859466e-02
40  -1.719373e+01  -7.034814e-02
41  -2.768462e+01  -8.327563e-02
42  -4.550838e+01  -1.641771e-01
43  -7.350878e+01  -2.049330e-01
44  -1.200628e+02  -2.116181e-01
45  -1.977996e+02  -3.452970e-01
46  -3.192663e+02  -5.268433e-01
47  -5.263576e+02  -8.630166e-01
48  -8.574163e+02  -1.384833e+00
49  -1.419863e+03  -1.819766e+00
50  -2.330010e+03  -2.414659e+00
51  -3.903950e+03  -4.497833e+00
52  -6.516019e+03  -2.410730e+00
53  -1.067383e+04  2.873440e+00
54  -1.734311e+04  6.942370e+00
55  -2.835724e+04  1.503808e+01
56  -4.635196e+04  -7.218450e+00
57  -7.554182e+04  4.014329e+01
58  -1.254535e+05  1.344097e+02
59  -2.104330e+05  2.551760e+02
60  -3.487363e+05  3.817858e+02
61  -5.758275e+05  5.939721e+02
62  -9.503079e+05  2.728532e+02
63  -1.713259e+06  8.070230e+01
ENDPROP
STARTPROP
MASSES:  4.500000e-02   4.500000e-02
SOURCE: WWPSAX4
SINKS: GAM_4
0  -7.495368e+07  1.025196e+07
1  8.734219e+08  -3.739370e+06
2  6.389231e+08  -2.212703e+06
3  4.067628e+08  9.701765e+05
4  2.785642e+08  -1.375308e+06
5  1.280327e+08  6.473033e+05
6  6.416949e+07  -2.599481e+04
7  4.505497e+07  -8.256089e+04
8  1.862740e+07  3.412854e+03
9  1.801501e+07  -6.059274e+04
10  9.151571e+06  -3.786520e+04
11  6.558600e+06  -1.083819e+04
12  2.571258e+06  2.116504e+04
13  2.211543e+06  -3.049369e+03
14  8.758108e+05  7.145924e+03
15  9.158392e+05  -9.301700e+03
16  3.867797e+05  -4.914513e+03
17  1.966514e+05  4.674589e+02
18  2.115349e+05  -3.156996e+03
19  8.324607e+04  -1.644798e+03
20  3.776181e+04  -6.810575e+02
21  4.196165e+04  -2.881322e+02
22  2.702339e+04  -2.360753e+02
23  1.646263e+04  1.802133e+01
24  1.087543e+04  -9.781350e+00
25  4.227017e+03  7.662532e+01
26  3.219564e+03  1.932531e+01
27  1.954789e+03  1.012942e+01
28  1.001659e+03  -2.900454e+01
29  6.309176e+02  -2.030450e+01
30  3.279307e+02  8.394983e+00
31  1.620218e+02  5.311002e+00
32  1.667190e+02  -3.372269e+00
33  -2.419837e+02  -8.423307e-01
34  -2.706389e+02  -5.765456e+00
35  -7.855737e+02  -1.450368e+00
36  -1.737515e+03  -9.839831e-01
37  -2.161230e+03  -5.068532e+01
38  -3.250272e+03  -1.274886e+01
39  -5.364448e+03  9.137024e+01
40  -7.387458e+03  1.021477e+02
41  -1.243267e+04  1.059501e+01
42  -2.724765e+04  1.291630e+02
43  -2.514736e+04  5.255808e+02
44  -6.673732e+04  -3.376003e+02
45  -1.221705e+05  1.502083e+03
46  -1.729181e+05  7.379357e+00
47  -1.939629e+05  2.657987e+02
48  -5.451993e+05  -1.931554e+03
49  -6.753885e+05  -3.863645e+03
50  -1.124412e+06  1.641078e+04
51  -1.795749e+06  -1.023244e+04
52  -3.441479e+06  7.045273e+03
53  -3.750026e+06  2.352220e+04
54  -1.061331e+07  4.116744e+04
55  -1.177105e+07  1.126348e+05
56  -3.097028e+07  -2.766404e+05
57  -2.911037e+07  1.481533e+05
58  -6.995911e+07  -2.800937e+05
59  -1.053197e+08  -1.093256e+05
60  -1.415378e+08  1.082914e+06
61  -1.959482e+08  1.911445e+06
62  -5.197165e+08  -1.904124e+05
63  -1.513851e+09  2.309657e+06
ENDPROP
STARTPROP
MASSES:  4.500000e-02   4.500000e-02
SOURCE: WWGAM_5
SINKS: GAM_5
0  2.091444e+10  -4.357520e-02
1  1.382829e+09  -5.126232e+06
2  9.117720e+08  -1.429428e+06
3  5.917365e+08  2.365935e+06
4  4.080094e+08  -6.915921e+05
5  2.057265e+08  6.303549e+05
6  1.101076e+08  5.640091e+04
7  7.166127e+07  -1.413125e+05
8  3.488839e+07  -9.975675e+04
9  2.581979e+07  -2.605248e+04
10  1.583454e+07  -8.478530e+04
11  1.038633e+07  -3.995270e+04
12  5.407926e+06  1.418461e+04
13  3.737659e+06  -2.400414e+04
14  1.834695e+06  1.012185e+04
15  1.378931e+06  -8.513577e+03
16  7.402195e+05  -4.965591e+03
17  4.233989e+05  -2.555125e+03
18  3.304919e+05  -1.833867e+03
19  1.606467e+05  -7.950170e+02
20  8.471697e+04  -8.278661e+02
21  6.834101e+04  -2.450096e+02
22  4.172564e+04  -2.547254e+02
23  2.552278e+04  1.558482e+02
24  1.731796e+04  -1.174203e+00
25  7.773864e+03  7.606759e+01
26  5.116883e+03  8.285786e+00
27  3.358388e+03  6.804738e+00
28  1.767912e+03  -2.948278e+01
29  1.345949e+03  -1.118135e+01
30  7.338951e+02  6.058873e+00
31  6.168478e+02  5.927269e+00
32  5.448603e+02  6.148272e+00
33  6.134657e+02  1.173432e+00
34  6.706409e+02  6.939647e+00
35  1.524094e+03  1.021459e+01
36  2.534957e+03  1.056048e+01
37  3.351622e+03  4.006047e+01
38  5.166761e+03  3.123944e+01
39  8.646629e+03  -7.849601e+01
40  1.497808e+04  -2.504461e+01
41  2.254587e+04  5.829229e+01
42  4.124453e+04  9.640711e+01
43  4.302918e+04  -2.578743e+02
44  1.048593e+05  5.095164e+02
45  1.746332e+05  -9.798997e+02
46  2.513049e+05  7.430577e+02
47  3.849274e+05  1.227484e+03
48  8.632653e+05  4.509972e+03
49  1.177202e+06  1.828127e+03
50  2.017825e+06  -1.129893e+04
51  2.972073e+06  1.010200e+03
52  5.532321e+06  -5.407695e+03
53  7.634438e+06  -8.217348e+03
54  1.470794e+07  -1.730502e+04
55  2.188709e+07  -4.046064e+04
56  4.428028e+07  3.620658e+05
57  5.159087e+07  -2.570377e+05
58  1.193387e+08  1.032743e+05
59  1.733812e+08  3.460382e+05
60  2.747590e+08  -6.310879e+05
61  3.904558e+08  -2.145365e+06
62  8.430783e+08  -1.123949e+06
63  2.116655e+09  -1.257978e+06
ENDPROP
