STARTPROP
MASSES:  4.500000e-02   4.500000e-02
SOURCE: GAM_1
SINKS: GAM_1
0  1.325315e+06  -1.510621e+03
1  1.965970e+06  -1.515794e+03
2  8.792582e+05  -4.014064e+02
3  4.432037e+05  -5.200315e+02
4  2.145311e+05  -2.254695e+02
5  1.010237e+05  3.607353e+02
6  4.837360e+04  3.611596e+02
7  2.270430e+04  3.195736e+02
8  1.106209e+04  3.039153e+02
9  4.874041e+03  2.028433e+02
10  2.277035e+03  1.063227e+02
11  1.353738e+03  5.913199e+01
12  7.078088e+02  4.045588e+01
13  3.488359e+02  1.751833e+01
14  1.488559e+02  6.589666e+00
15  5.033871e+01  -7.699468e-01
16  1.200214e+01  -1.663160e+00
17  8.120707e+00  -9.771684e-01
18  2.597730e+00  -6.686956e-01
19  3.597618e+00  -4.002745e-01
20  5.908539e+00  1.134036e-02
21  4.710343e+00  2.278249e-01
22  3.329819e+00  1.602295e-01
23  1.817426e+00  5.373536e-02
24  8.246405e-01  -2.203868e-02
25  2.757986e-01  -5.620097e-02
26  8.962380e-02  -1.434403e-02
27  4.307398e-02  2.955922e-03
28  4.659058e-02  4.493374e-03
29  4.191710e-02  7.946589e-03
30  1.809786e-02  3.648609e-03
31  7.994294e-03  2.951454e-04
32  -3.459319e-03  -3.484115e-03
33  -1.083196e-02  -7.659530e-03
34  -1.047686e-02  -1.315153e-02
35  1.312865e-02  -2.239071e-02
36  3.297794e-02  -3.473916e-02
37  2.574904e-02  -4.681199e-02
38  -3.352974e-03  -5.917590e-02
39  -1.098424e-01  -8.018494e-02
40  -4.930547e-03  -1.183273e-01
41  4.638786e-03  -1.155608e-01
42  -1.076090e-01  -4.117797e-02
43  1.841380e-01  1.643941e-01
44  1.680368e+00  6.309393e-01
45  3.833879e+00  1.014389e+00
46  7.746235e+00  9.013591e-01
47  1.543265e+01  1.016426e+00
48  2.465231e+01  5.357297e-01
49  5.351483e+01  -2.045466e+00
50  1.293697e+02  -2.752455e+00
51  2.670207e+02  -1.142813e+01
52  5.387500e+02  -1.510087e+01
53  1.017563e+03  -2.908425e+01
54  2.183765e+03  -5.657912e+01
55  4.841874e+03  -8.625570e+01
56  1.020351e+04  -1.257975e+02
57  2.154489e+04  -1.822632e+02
58  4.441556e+04  -4.850478e+02
59  9.122277e+04  -9.503964e+02
60  1.942918e+05  -1.097583e+03
61  4.174159e+05  -1.811523e+03
62  8.402075e+05  -9.599547e+02
63  1.932393e+06  -2.635988e+02
ENDPROP
STARTPROP
MASSES:  4.500000e-02   4.500000e-02
SOURCE: GAM_2
SINKS: GAM_2
0  1.297394e+06  -1.165649e+01
1  1.918687e+06  -1.715865e+03
2  8.426248e+05  -1.330043e+03
3  4.248522e+05  -4.047228e+02
4  2.054992e+05  3.948298e+02
5  9.716481e+04  3.581717e+02
6  4.641139e+04  2.766999e+02
7  2.234851e+04  1.724468e+02
8  1.099879e+04  1.018207e+02
9  5.531941e+03  9.952233e+01
10  2.876378e+03  8.365754e+01
11  1.425705e+03  5.342619e+01
12  6.619221e+02  3.361079e+01
13  3.205245e+02  2.187406e+01
14  1.448928e+02  9.990892e+00
15  4.692256e+01  5.694529e+00
16  5.924472e+00  4.654161e+00
17  -2.977930e+00  2.318535e+00
18  -2.431828e+00  9.992557e-01
19  1.194915e+00  4.230878e-01
20  1.010650e+00  1.335520e-01
21  -9.593968e-02  -8.133003e-03
22  5.704336e-02  -1.726759e-01
23  -1.038533e-01  -2.706108e-01
24  -1.913969e-01  -2.323795e-01
25  -6.323166e-02  -1.496583e-01
26  -5.730092e-02  -6.474050e-02
27  -1.249811e-01  -3.522262e-02
28  -1.062182e-01  -1.753806e-02
29  -6.963415e-02  -9.210104e-03
30  -5.221602e-02  -6.164221e-03
31  -3.255893e-02  -3.675193e-03
32  -2.107483e-02  -4.617054e-04
33  -3.680990e-03  -8.879598e-04
34  5.195545e-03  -3.728839e-03
35  8.270678e-03  -9.180707e-03
36  -8.821706e-03  -2.371336e-02
37  -2.299023e-02  -5.249483e-02
38  -5.480763e-02  -7.599252e-02
39  -1.223846e-01  -8.014107e-02
40  1.191291e-01  -9.660425e-02
41  4.448835e-01  -1.156158e-01
42  8.679098e-01  -9.405495e-02
43  1.389414e+00  -3.450883e-02
44  2.090577e+00  -8.727102e-02
45  3.264892e+00  -1.200347e-02
46  7.945882e+00  5.951909e-01
47  1.846022e+01  1.479736e+00
48  3.661661e+01  1.149423e+00
49  8.185869e+01  1.521964e+00
50  1.562721e+02  1.784121e-01
51  3.046451e+02  3.779537e+00
52  6.035068e+02  1.657502e+00
53  1.182422e+03  5.045122e+00
54  2.200446e+03  -3.839249e+00
55  4.770417e+03  -1.301979e+01
56  1.009230e+04  2.322673e+01
57  2.144608e+04  1.019268e+02
58  4.510499e+04  2.262075e+02
59  9.325421e+04  1.496126e+02
60  1.941113e+05  1.683735e+02
61  4.093098e+05  3.629885e+02
62  8.254086e+05  6.561736e+02
63  1.919497e+06  7.217114e+02
ENDPROP
STARTPROP
MASSES:  4.500000e-02   4.500000e-02
SOURCE: GAM_3
SINKS: GAM_3
0  1.265716e+06  9.820567e+02
1  1.913908e+06  -1.147259e+03
2  8.515887e+05  -7.842198e+02
3  4.263160e+05  -1.113407e+03
4  2.004465e+05  -6.781981e+02
5  9.065504e+04  -2.387625e+01
6  4.317459e+04  2.470304e+02
7  1.936599e+04  1.479274e+02
8  8.361408e+03  1.307534e+02
9  3.741704e+03  7.185721e+01
10  1.810569e+03  5.101833e+01
11  8.558896e+02  1.341698e+01
12  3.489905e+02  -6.192716e+00
13  1.273684e+02  -9.187442e+00
14  3.901153e+01  -4.663526e+00
15  6.114770e+00  -2.534002e+00
16  3.082101e+00  -2.281010e+00
17  7.205005e+00  -1.161113e+00
18  1.688526e+01  5.623462e-01
19  1.374992e+01  8.058416e-01
20  7.469451e+00  2.703803e-01
21  2.671231e+00  2.175994e-01
22  5.839466e-01  -1.898340e-02
23  -3.254125e-01  -8.206799e-02
24  -3.127489e-01  -2.949327e-02
25  -1.255873e-01  1.020065e-03
26  1.692537e-02  1.976477e-02
27  -7.320096e-03  1.401476e-02
28  -1.802528e-02  9.610183e-03
29  -2.256274e-02  3.995096e-03
30  -7.848446e-03  5.328253e-03
31  -2.948544e-03  3.935843e-03
32  -3.513093e-03  7.439878e-04
33  -6.299462e-03  1.301399e-03
34  -2.186673e-02  3.006918e-03
35  -3.128580e-02  7.822998e-03
36  -3.742822e-02  1.132774e-02
37  -5.068047e-02  1.227952e-02
38  -1.347574e-02  4.119682e-03
39  1.027746e-01  -1.646473e-02
40  2.658395e-01  -6.840724e-02
41  3.803642e-01  -9.494482e-02
42  4.960303e-01  -1.032323e-01
43  5.300833e-01  -7.092290e-02
44  5.338316e-01  -6.369661e-02
45  1.497486e+00  -4.021836e-01
46  3.161703e+00  -7.711504e-01
47  6.413890e+00  -9.412055e-01
48  1.688251e+01  -9.002875e-01
49  4.162082e+01  9.664656e-01
50  6.819854e+01  -3.441241e+00
51  1.678981e+02  -1.057489e+01
52  3.878773e+02  -1.033784e+01
53  9.117872e+02  -1.831926e+01
54  1.984720e+03  -5.453531e+01
55  4.313628e+03  -4.779747e+01
56  8.719654e+03  -2.041254e+01
57  1.935607e+04  -1.454620e+01
58  4.168303e+04  -1.343511e+02
59  8.967040e+04  -5.365244e+02
60  1.891609e+05  -6.660765e+02
61  4.048910e+05  -7.059195e+02
62  8.292025e+05  -5.585627e+02
63  1.900279e+06  1.228941e+03
ENDPROP
STARTPROP
MASSES:  4.500000e-02   4.500000e-02
SOURCE: GAM_4
SINKS: GAM_4
0  2.107966e+06  3.497401e+03
1  -2.692403e+05  2.535212e+03
2  -1.138863e+03  7.410295e+02
3  -2.687608e+03  8.364237e+00
4  2.041055e+02  1.051657e+02
5  -4.697703e+01  8.852585e+00
6  2.852619e+02  -2.606455e+01
7  2.301550e+02  -5.849355e+01
8  -7.974126e+01  -2.915247e+01
9  8.727527e+00  -2.693110e+01
10  2.550442e+01  -1.326572e+01
11  -8.860948e+00  -2.109432e+00
12  -4.866631e+00  -4.597788e+00
13  8.495158e+00  -4.505599e+00
14  -1.340122e+00  -2.270624e+00
15  -3.602454e+00  -8.482224e-01
16  -2.890217e+00  3.475225e-02
17  -1.454240e+00  3.909269e-02
18  -1.076330e+00  -1.445303e-01
19  2.245558e-01  2.929981e-03
20  -1.825920e-01  8.768475e-02
21  3.908047e-02  9.534904e-03
22  1.640347e-01  2.231982e-02
23  8.265410e-03  -4.169723e-03
24  2.870423e-02  -2.193886e-02
25  1.062455e-02  -3.279962e-03
26  -2.002801e-03  -2.515368e-03
27  3.012562e-03  -2.417947e-03
28  7.532559e-03  -2.579021e-03
29  3.272810e-03  -1.206489e-03
30  1.455493e-03  -1.687685e-03
31  -6.297450e-04  -4.027532e-04
32  2.224595e-03  8.925330e-04
33  3.052813e-03  6.773471e-04
34  2.787501e-04  2.658262e-04
35  3.750277e-03  1.014974e-03
36  -1.099025e-03  2.697644e-03
37  5.473791e-04  2.551737e-03
38  -1.127042e-02  5.398427e-03
39  -1.825823e-02  -2.250306e-03
40  -4.855253e-02  8.032196e-03
41  -3.665463e-02  -3.480908e-03
42  5.271389e-02  4.840172e-03
43  -5.164937e-02  -2.578744e-03
44  -6.385232e-02  -5.535604e-02
45  2.609058e-02  -9.306600e-02
46  4.754909e-01  8.705578e-02
47  -1.086253e+00  3.338685e-01
48  1.354785e+00  1.198545e-01
49  1.510766e+00  -1.743111e-01
50  5.002121e+00  -6.745035e-01
51  -2.596280e+00  -3.429328e+00
52  -1.950369e-01  -5.130290e+00
53  1.060271e+01  -8.037353e+00
54  -3.554910e+01  4.395654e+00
55  5.583257e+01  7.653538e-01
56  7.459131e+01  -1.233389e+01
57  -1.383531e+02  -2.194566e+01
58  6.736130e+01  -1.035377e+01
59  -2.934544e+02  2.053230e+02
60  -6.836925e+02  4.529148e+02
61  -2.162263e+02  4.965093e+02
62  -7.682325e+02  2.548273e+02
63  -2.688493e+05  4.967264e+02
ENDPROP
STARTPROP
MASSES:  4.500000e-02   4.500000e-02
SOURCE: GAM_5
SINKS: GAM_5
0  5.352105e+06  -3.877716e+03
1  5.237251e+06  -1.222138e+04
2  3.273314e+06  -1.054083e+04
3  2.115403e+06  -1.050773e+04
4  1.336366e+06  -8.198695e+03
5  8.225964e+05  -5.309691e+03
6  5.179326e+05  -3.708276e+03
7  3.201073e+05  -2.094229e+03
8  1.967516e+05  -8.129884e+02
9  1.184495e+05  -1.330936e+02
10  7.196579e+04  2.743286e+02
11  4.424200e+04  3.832028e+02
12  2.744275e+04  3.370701e+02
13  1.685566e+04  2.378755e+02
14  1.015473e+04  1.493483e+02
15  6.086622e+03  8.156946e+01
16  3.631557e+03  4.788157e+01
17  2.224427e+03  3.246947e+01
18  1.381468e+03  2.302382e+01
19  8.489981e+02  1.521813e+01
20  5.132633e+02  1.082980e+01
21  3.106583e+02  6.913004e+00
22  1.891955e+02  3.673471e+00
23  1.132322e+02  1.876140e+00
24  6.833179e+01  1.214354e+00
25  4.204426e+01  8.402790e-01
26  2.577126e+01  5.371955e-01
27  1.570935e+01  3.370076e-01
28  9.883240e+00  2.075828e-01
29  6.358242e+00  1.367966e-01
30  4.106017e+00  8.831967e-02
31  2.838527e+00  4.959183e-02
32  2.382875e+00  1.827775e-02
33  2.548852e+00  -1.295871e-02
34  3.337086e+00  -5.022555e-02
35  4.886584e+00  -8.672632e-02
36  7.673789e+00  -1.512932e-01
37  1.239422e+01  -3.006267e-01
38  2.019438e+01  -5.497100e-01
39  3.294586e+01  -8.444523e-01
40  5.419826e+01  -1.333526e+00
41  8.980920e+01  -2.102793e+00
42  1.481597e+02  -3.059499e+00
43  2.444140e+02  -4.497543e+00
44  3.999689e+02  -6.819897e+00
45  6.511177e+02  -8.432959e+00
46  1.067824e+03  -7.192630e+00
47  1.740345e+03  -1.331758e+00
48  2.882409e+03  1.047912e+01
49  4.926045e+03  2.755030e+01
50  8.412918e+03  4.389008e+01
51  1.400454e+04  4.219057e+01
52  2.307096e+04  9.519861e+01
53  3.793190e+04  1.419669e+02
54  6.238849e+04  1.903514e+02
55  1.020362e+05  2.576497e+02
56  1.678075e+05  -4.061729e+00
57  2.800098e+05  -8.890518e+02
58  4.668081e+05  -2.183046e+03
59  7.773852e+05  -3.966788e+03
60  1.264850e+06  -4.597157e+03
61  2.051859e+06  -4.426640e+03
62  3.242202e+06  -3.101674e+03
63  5.233858e+06  -3.530739e+02
ENDPROP
STARTPROP
MASSES:  4.500000e-02   4.500000e-02
SOURCE: GAM_12
SINKS: GAM_12
0  8.778113e+05  1.428192e+03
1  -6.526679e+05  1.566888e+03
2  -1.589586e+05  4.500533e+02
3  -6.145404e+04  -1.838512e+02
4  -2.311294e+04  -5.908229e+02
5  -8.513400e+03  -5.077383e+02
6  -2.764475e+03  -3.492829e+02
7  -9.912494e+02  -1.447558e+02
8  -3.863148e+02  -5.911867e+01
9  2.445043e+02  -1.324126e+01
10  1.866633e+02  -1.951930e+01
11  1.401764e+02  -1.297886e+01
12  3.533248e+01  -8.518298e+00
13  -4.178250e+00  3.788068e+00
14  -1.394704e+01  3.306014e+00
15  -1.332700e+01  1.479657e+00
16  -1.593745e+00  1.566247e+00
17  4.716952e-01  4.111523e-02
18  2.364801e+00  -3.807799e-02
19  2.688688e+00  1.400246e-01
20  3.216154e-01  8.842388e-03
21  3.257405e-01  -7.131286e-02
22  -5.937203e-02  1.592131e-02
23  -2.753444e-01  2.987510e-02
24  -3.592441e-01  2.779510e-02
25  -2.320699e-01  1.055207e-02
26  -1.415798e-01  5.408593e-03
27  -3.857098e-02  6.002063e-03
28  -1.805087e-02  4.189498e-03
29  2.261810e-03  6.686945e-04
30  6.106764e-03  7.116546e-04
31  3.527759e-03  -9.244554e-05
32  8.012372e-03  -3.326198e-04
33  9.805879e-03  -8.329284e-04
34  8.088626e-03  -9.834170e-05
35  5.802896e-03  3.588278e-04
36  -5.558974e-03  9.583634e-04
37  -2.254892e-02  2.329281e-03
38  -6.872261e-02  -5.418535e-03
39  -6.623346e-02  -1.250907e-02
40  -7.997553e-02  -2.540842e-02
41  -2.396731e-01  -4.970993e-02
42  -6.182425e-01  -5.613957e-02
43  -7.522534e-01  8.072323e-03
44  -2.168815e-01  6.221871e-02
45  1.445399e+00  -1.150714e-03
46  3.563201e+00  -7.693635e-02
47  7.005098e+00  -6.390750e-01
48  1.111800e+01  -1.373316e+00
49  1.690875e+01  -2.714719e+00
50  1.226712e+01  -7.835561e-01
51  3.161842e+01  -1.709011e+00
52  5.138392e+01  -1.759577e+00
53  9.973654e+01  1.415722e+01
54  1.439320e+02  2.931335e+01
55  2.143655e+02  4.196032e+01
56  1.618644e+02  4.375518e+01
57  -2.917887e+02  2.715646e+01
58  -3.471212e+02  1.184822e+02
59  -3.915353e+03  -7.128022e+01
60  -1.530369e+04  1.454608e+02
61  -4.634367e+04  3.786759e+02
62  -1.354308e+05  -2.842828e+02
63  -6.340766e+05  -6.888158e+02
ENDPROP
STARTPROP
MASSES:  4.500000e-02   4.500000e-02
SOURCE: GAM_21
SINKS: GAM_21
0  8.778113e+05  1.428192e+03
1  -6.526679e+05  1.566888e+03
2  -1.589586e+05  4.500533e+02
3  -6.145404e+04  -1.838512e+02
4  -2.311294e+04  -5.908229e+02
5  -8.513400e+03  -5.077383e+02
6  -2.764475e+03  -3.492829e+02
7  -9.912494e+02  -1.447558e+02
8  -3.863148e+02  -5.911867e+01
9  2.445043e+02  -1.324126e+01
10  1.866633e+02  -1.951930e+01
11  1.401764e+02  -1.297886e+01
12  3.533248e+01  -8.518298e+00
13  -4.178250e+00  3.788068e+00
14  -1.394704e+01  3.306014e+00
15  -1.332700e+01  1.479657e+00
16  -1.593745e+00  1.566247e+00
17  4.716952e-01  4.111523e-02
18  2.364801e+00  -3.807799e-02
19  2.688688e+00  1.400246e-01
20  3.216154e-01  8.842388e-03
21  3.257405e-01  -7.131286e-02
22  -5.937203e-02  1.592131e-02
23  -2.753444e-01  2.987510e-02
24  -3.592441e-01  2.779510e-02
25  -2.320699e-01  1.055207e-02
26  -1.415798e-01  5.408593e-03
27  -3.857098e-02  6.002063e-03
28  -1.805087e-02  4.189498e-03
29  2.261810e-03  6.686945e-04
30  6.106764e-03  7.116546e-04
31  3.527759e-03  -9.244554e-05
32  8.012372e-03  -3.326198e-04
33  9.805879e-03  -8.329284e-04
34  8.088626e-03  -9.834170e-05
35  5.802896e-03  3.588278e-04
36  -5.558974e-03  9.583634e-04
37  -2.254892e-02  2.329281e-03
38  -6.872261e-02  -5.418535e-03
39  -6.623346e-02  -1.250907e-02
40  -7.997553e-02  -2.540842e-02
41  -2.396731e-01  -4.970993e-02
42  -6.182425e-01  -5.613957e-02
43  -7.522534e-01  8.072323e-03
44  -2.168815e-01  6.221871e-02
45  1.445399e+00  -1.150714e-03
46  3.563201e+00  -7.693635e-02
47  7.005098e+00  -6.390750e-01
48  1.111800e+01  -1.373316e+00
49  1.690875e+01  -2.714719e+00
50  1.226712e+01  -7.835561e-01
51  3.161842e+01  -1.709011e+00
52  5.138392e+01  -1.759577e+00
53  9.973654e+01  1.415722e+01
54  1.439320e+02  2.931335e+01
55  2.143655e+02  4.196032e+01
56  1.618644e+02  4.375518e+01
57  -2.917887e+02  2.715646e+01
58  -3.471212e+02  1.184822e+02
59  -3.915353e+03  -7.128022e+01
60  -1.530369e+04  1.454608e+02
61  -4.634367e+04  3.786759e+02
62  -1.354308e+05  -2.842828e+02
63  -6.340766e+05  -6.888158e+02
ENDPROP
STARTPROP
MASSES:  4.500000e-02   4.500000e-02
SOURCE: GAM_13
SINKS: GAM_13
0  9.028131e+05  -1.321215e+02
1  -6.370924e+05  9.831330e+02
2  -1.490742e+05  3.167863e+02
3  -5.861253e+04  9.213569e+01
4  -2.240377e+04  -2.802601e+01
5  -9.319352e+03  -1.550100e+02
6  -5.481187e+03  -2.491417e+01
7  -2.466131e+03  2.595175e+01
8  -1.275475e+03  9.527136e+01
9  -7.577722e+02  8.168945e+01
10  -4.556391e+02  3.924693e+01
11  -2.541417e+02  1.676512e+01
12  -1.929534e+02  9.701615e+00
13  -1.191178e+02  5.354579e+00
14  -6.322011e+01  2.935796e-01
15  -3.119805e+01  2.737286e-01
16  -1.668755e+01  2.984904e-01
17  -8.494504e+00  -1.971642e-01
18  -2.520330e+00  -1.271631e-01
19  1.192270e-02  1.185163e-01
20  -5.066004e-01  -9.663548e-03
21  -5.134519e-01  -5.476331e-02
22  -3.969138e-01  -1.021057e-01
23  -1.586935e-01  3.307408e-04
24  -1.211705e-01  1.058029e-02
25  -5.301320e-02  2.724151e-03
26  -7.568718e-02  -8.539056e-03
27  -6.416735e-02  -1.895901e-03
28  -5.268938e-02  -1.015034e-03
29  -3.350747e-02  6.553474e-04
30  -1.966324e-02  3.409367e-03
31  -9.558314e-03  2.389471e-03
32  -3.431066e-03  8.672346e-04
33  -2.320279e-03  4.750192e-04
34  -2.458863e-03  2.380176e-04
35  3.585036e-03  -5.101012e-04
36  2.387739e-02  -7.469185e-04
37  1.634611e-02  -1.584309e-03
38  1.358672e-03  -6.914929e-03
39  -2.826893e-02  -1.055439e-02
40  -1.987563e-02  -1.050138e-02
41  9.269605e-02  -2.719130e-02
42  3.547317e-01  -7.026444e-02
43  1.002852e+00  -1.521977e-01
44  1.778879e+00  -1.950035e-01
45  3.589163e+00  -2.782131e-01
46  5.012669e+00  -2.062486e-01
47  4.648915e+00  -3.820892e-01
48  3.833298e+00  -4.591838e-01
49  3.182103e-01  9.735042e-01
50  6.635793e+00  5.151996e+00
51  3.205031e+01  6.395380e+00
52  -4.091613e+01  5.765989e+00
53  -9.024492e+01  7.515912e+00
54  -1.482568e+01  2.200352e+01
55  2.440602e+01  2.575642e+01
56  -3.228905e+01  3.457436e+01
57  -4.355917e+02  7.443194e+01
58  -1.873146e+03  1.744613e+02
59  -5.364041e+03  1.937519e+02
60  -1.510917e+04  9.126205e+01
61  -4.441102e+04  -1.595422e+01
62  -1.272157e+05  1.589393e+02
63  -6.149449e+05  -2.265339e+02
ENDPROP
STARTPROP
MASSES:  4.500000e-02   4.500000e-02
SOURCE: GAM_31
SINKS: GAM_31
0  9.028131e+05  -1.321215e+02
1  -6.370924e+05  9.831330e+02
2  -1.490742e+05  3.167863e+02
3  -5.861253e+04  9.213569e+01
4  -2.240377e+04  -2.802601e+01
5  -9.319352e+03  -1.550100e+02
6  -5.481187e+03  -2.491417e+01
7  -2.466131e+03  2.595175e+01
8  -1.275475e+03  9.527136e+01
9  -7.577722e+02  8.168945e+01
10  -4.556391e+02  3.924693e+01
11  -2.541417e+02  1.676512e+01
12  -1.929534e+02  9.701615e+00
13  -1.191178e+02  5.354579e+00
14  -6.322011e+01  2.935796e-01
15  -3.119805e+01  2.737286e-01
16  -1.668755e+01  2.984904e-01
17  -8.494504e+00  -1.971642e-01
18  -2.520330e+00  -1.271631e-01
19  1.192270e-02  1.185163e-01
20  -5.066004e-01  -9.663548e-03
21  -5.134519e-01  -5.476331e-02
22  -3.969138e-01  -1.021057e-01
23  -1.586935e-01  3.307408e-04
24  -1.211705e-01  1.058029e-02
25  -5.301320e-02  2.724151e-03
26  -7.568718e-02  -8.539056e-03
27  -6.416735e-02  -1.895901e-03
28  -5.268938e-02  -1.015034e-03
29  -3.350747e-02  6.553474e-04
30  -1.966324e-02  3.409367e-03
31  -9.558314e-03  2.389471e-03
32  -3.431066e-03  8.672346e-04
33  -2.320279e-03  4.750192e-04
34  -2.458863e-03  2.380176e-04
35  3.585036e-03  -5.101012e-04
36  2.387739e-02  -7.469185e-04
37  1.634611e-02  -1.584309e-03
38  1.358672e-03  -6.914929e-03
39  -2.826893e-02  -1.055439e-02
40  -1.987563e-02  -1.050138e-02
41  9.269605e-02  -2.719130e-02
42  3.547317e-01  -7.026444e-02
43  1.002852e+00  -1.521977e-01
44  1.778879e+00  -1.950035e-01
45  3.589163e+00  -2.782131e-01
46  5.012669e+00  -2.062486e-01
47  4.648915e+00  -3.820892e-01
48  3.833298e+00  -4.591838e-01
49  3.182103e-01  9.735042e-01
50  6.635793e+00  5.151996e+00
51  3.205031e+01  6.395380e+00
52  -4.091613e+01  5.765989e+00
53  -9.024492e+01  7.515912e+00
54  -1.482568e+01  2.200352e+01
55  2.440602e+01  2.575642e+01
56  -3.228905e+01  3.457436e+01
57  -4.355917e+02  7.443194e+01
58  -1.873146e+03  1.744613e+02
59  -5.364041e+03  1.937519e+02
60  -1.510917e+04  9.126205e+01
61  -4.441102e+04  -1.595422e+01
62  -1.272157e+05  1.589393e+02
63  -6.149449e+05  -2.265339e+02
ENDPROP
STARTPROP
MASSES:  4.500000e-02   4.500000e-02
SOURCE: GAM_14
SINKS: GAM_14
0  1.535849e+05  9.155222e+02
1  1.379403e+06  -1.414474e+03
2  5.639684e+05  -9.274192e+02
3  2.821359e+05  -4.093566e+02
4  1.399154e+05  7.568845e+01
5  6.806693e+04  3.394641e+02
6  3.385339e+04  3.630875e+02
7  1.566160e+04  2.526440e+02
8  7.818744e+03  1.952554e+02
9  3.894972e+03  1.528458e+02
10  1.947253e+03  7.640551e+01
11  1.034228e+03  4.881233e+01
12  5.486196e+02  3.663821e+01
13  2.631163e+02  1.033225e+01
14  1.017271e+02  1.178241e+00
15  4.481493e+01  -3.468696e+00
16  2.670130e+01  -2.406577e+00
17  1.553007e+01  3.004242e-01
18  1.087607e+01  1.033866e+00
19  6.996405e+00  5.712671e-01
20  3.598993e+00  3.800533e-01
21  1.830543e+00  1.357359e-01
22  1.296383e+00  -4.111926e-02
23  1.071052e+00  -1.380360e-01
24  6.072626e-01  -9.707179e-02
25  1.557214e-01  -6.041143e-02
26  2.098869e-02  -2.033329e-03
27  7.176789e-03  1.232359e-02
28  2.439106e-02  1.607704e-02
29  2.092605e-02  1.068853e-02
30  7.017786e-03  4.382561e-03
31  3.680553e-03  -3.967212e-04
32  1.932353e-03  -2.342710e-03
33  -4.130576e-03  -3.570922e-03
34  -1.841075e-03  -7.304397e-03
35  -9.986440e-03  -1.425144e-02
36  1.562117e-03  -2.545420e-02
37  1.819413e-02  -3.997909e-02
38  4.237141e-02  -5.753573e-02
39  1.874545e-02  -8.221399e-02
40  -7.559628e-02  -1.209997e-01
41  -3.483220e-01  -1.310438e-01
42  -5.733584e-01  -1.267027e-01
43  -9.422346e-01  8.522310e-03
44  -5.776063e-01  8.347558e-02
45  8.276852e-01  2.229399e-01
46  4.704879e+00  -4.032049e-01
47  1.161634e+01  -1.224148e+00
48  2.204958e+01  -5.258488e-01
49  4.405556e+01  7.812273e-01
50  8.219461e+01  3.383297e-01
51  1.591506e+02  1.153153e+00
52  2.617462e+02  5.603144e+00
53  5.682002e+02  9.385627e-01
54  1.297188e+03  -2.174121e+00
55  2.846200e+03  6.793158e+00
56  6.847378e+03  6.529886e+00
57  1.420196e+04  4.918432e+01
58  2.933687e+04  -1.703565e+01
59  6.012520e+04  -5.333129e+02
60  1.232080e+05  -1.217599e+03
61  2.655378e+05  -1.230796e+03
62  5.371693e+05  -3.842772e+02
63  1.363129e+06  1.040975e+03
ENDPROP
STARTPROP
MASSES:  4.500000e-02   4.500000e-02
SOURCE: GAM_41
SINKS: GAM_41
0  1.535849e+05  9.155222e+02
1  1.379403e+06  -1.414474e+03
2  5.639684e+05  -9.274192e+02
3  2.821359e+05  -4.093566e+02
4  1.399154e+05  7.568845e+01
5  6.806693e+04  3.394641e+02
6  3.385339e+04  3.630875e+02
7  1.566160e+04  2.526440e+02
8  7.818744e+03  1.952554e+02
9  3.894972e+03  1.528458e+02
10  1.947253e+03  7.640551e+01
11  1.034228e+03  4.881233e+01
12  5.486196e+02  3.663821e+01
13  2.631163e+02  1.033225e+01
14  1.017271e+02  1.178241e+00
15  4.481493e+01  -3.468696e+00
16  2.670130e+01  -2.406577e+00
17  1.553007e+01  3.004242e-01
18  1.087607e+01  1.033866e+00
19  6.996405e+00  5.712671e-01
20  3.598993e+00  3.800533e-01
21  1.830543e+00  1.357359e-01
22  1.296383e+00  -4.111926e-02
23  1.071052e+00  -1.380360e-01
24  6.072626e-01  -9.707179e-02
25  1.557214e-01  -6.041143e-02
26  2.098869e-02  -2.033329e-03
27  7.176789e-03  1.232359e-02
28  2.439106e-02  1.607704e-02
29  2.092605e-02  1.068853e-02
30  7.017786e-03  4.382561e-03
31  3.680553e-03  -3.967212e-04
32  1.932353e-03  -2.342710e-03
33  -4.130576e-03  -3.570922e-03
34  -1.841075e-03  -7.304397e-03
35  -9.986440e-03  -1.425144e-02
36  1.562117e-03  -2.545420e-02
37  1.819413e-02  -3.997909e-02
38  4.237141e-02  -5.753573e-02
39  1.874545e-02  -8.221399e-02
40  -7.559628e-02  -1.209997e-01
41  -3.483220e-01  -1.310438e-01
42  -5.733584e-01  -1.267027e-01
43  -9.422346e-01  8.522310e-03
44  -5.776063e-01  8.347558e-02
45  8.276852e-01  2.229399e-01
46  4.704879e+00  -4.032049e-01
47  1.161634e+01  -1.224148e+00
48  2.204958e+01  -5.258488e-01
49  4.405556e+01  7.812273e-01
50  8.219461e+01  3.383297e-01
51  1.591506e+02  1.153153e+00
52  2.617462e+02  5.603144e+00
53  5.682002e+02  9.385627e-01
54  1.297188e+03  -2.174121e+00
55  2.846200e+03  6.793158e+00
56  6.847378e+03  6.529886e+00
57  1.420196e+04  4.918432e+01
58  2.933687e+04  -1.703565e+01
59  6.012520e+04  -5.333129e+02
60  1.232080e+05  -1.217599e+03
61  2.655378e+05  -1.230796e+03
62  5.371693e+05  -3.842772e+02
63  1.363129e+06  1.040975e+03
ENDPROP
STARTPROP
MASSES:  4.500000e-02   4.500000e-02
SOURCE: GAM_23
SINKS: GAM_23
0  9.358205e+05  2.307657e+02
1  -6.199595e+05  1.270909e+03
2  -1.373645e+05  4.676951e+02
3  -4.869279e+04  8.210749e+01
4  -1.207407e+04  3.018883e+02
5  -1.649145e+03  1.608373e+02
6  6.877266e+02  -3.384190e+01
7  1.229508e+03  -4.276731e+01
8  7.049982e+02  -5.376625e+01
9  3.251120e+02  -2.530601e+01
10  2.141051e+02  8.690251e+00
11  6.842280e+01  3.186633e+00
12  6.664380e+00  -7.955802e+00
13  -2.083800e+01  -1.057373e+00
14  -1.657193e+01  -1.799046e-01
15  2.620808e+00  -7.596897e-01
16  5.819933e+00  -3.629990e-01
17  3.630462e+00  -6.631798e-01
18  2.662863e+00  -8.720732e-01
19  1.345744e-01  -2.674836e-01
20  1.474017e-01  -2.816522e-01
21  -1.556284e-01  -1.697361e-01
22  -3.417697e-01  -8.166317e-02
23  -2.033381e-01  -2.450792e-02
24  -5.629597e-02  1.454438e-02
25  5.532854e-02  9.705605e-03
26  5.002528e-02  2.321063e-03
27  3.135415e-02  -3.700505e-04
28  1.631258e-02  -3.521392e-06
29  3.163278e-03  -2.809253e-03
30  1.448262e-03  -3.182438e-03
31  5.712718e-04  -3.367125e-04
32  -5.999336e-03  -3.858035e-04
33  -1.051741e-02  -5.754318e-04
34  -1.657012e-02  -1.250440e-03
35  -2.114952e-02  -3.048841e-03
36  -1.618540e-02  -4.857745e-03
37  -5.060009e-03  -8.685325e-03
38  -3.218611e-02  -7.084162e-03
39  -1.028719e-01  -1.624117e-02
40  -1.234704e-01  -6.134773e-02
41  -1.123994e-01  -8.493858e-02
42  2.684950e-01  -8.045924e-02
43  7.069883e-01  -1.248300e-01
44  1.243871e+00  -2.064469e-01
45  2.204986e+00  -4.972315e-01
46  4.064579e+00  -8.084336e-01
47  2.840337e+00  -9.908990e-01
48  6.673902e-01  -8.382205e-01
49  -3.027436e+00  -1.787719e+00
50  -7.795838e+00  -3.833357e+00
51  -2.803792e+01  -7.436007e+00
52  -7.757868e+01  -1.309453e+01
53  -8.616599e+01  -2.310494e+01
54  -1.111432e+02  -3.101520e+01
55  -2.779862e+02  -3.517041e+01
56  -8.174649e+02  -6.756408e+01
57  -2.034771e+03  -6.885427e+01
58  -4.516115e+03  -5.263392e+01
59  -8.925718e+03  -8.119616e+00
60  -1.827284e+04  -2.803926e+02
61  -4.787558e+04  -8.242677e+02
62  -1.288704e+05  -8.714753e+02
63  -6.058962e+05  -1.237232e+03
ENDPROP
STARTPROP
MASSES:  4.500000e-02   4.500000e-02
SOURCE: GAM_32
SINKS: GAM_32
0  9.358205e+05  2.307657e+02
1  -6.199595e+05  1.270909e+03
2  -1.373645e+05  4.676951e+02
3  -4.869279e+04  8.210749e+01
4  -1.207407e+04  3.018883e+02
5  -1.649145e+03  1.608373e+02
6  6.877266e+02  -3.384190e+01
7  1.229508e+03  -4.276731e+01
8  7.049982e+02  -5.376625e+01
9  3.251120e+02  -2.530601e+01
10  2.141051e+02  8.690251e+00
11  6.842280e+01  3.186633e+00
12  6.664380e+00  -7.955802e+00
13  -2.083800e+01  -1.057373e+00
14  -1.657193e+01  -1.799046e-01
15  2.620808e+00  -7.596897e-01
16  5.819933e+00  -3.629990e-01
17  3.630462e+00  -6.631798e-01
18  2.662863e+00  -8.720732e-01
19  1.345744e-01  -2.674836e-01
20  1.474017e-01  -2.816522e-01
21  -1.556284e-01  -1.697361e-01
22  -3.417697e-01  -8.166317e-02
23  -2.033381e-01  -2.450792e-02
24  -5.629597e-02  1.454438e-02
25  5.532854e-02  9.705605e-03
26  5.002528e-02  2.321063e-03
27  3.135415e-02  -3.700505e-04
28  1.631258e-02  -3.521392e-06
29  3.163278e-03  -2.809253e-03
30  1.448262e-03  -3.182438e-03
31  5.712718e-04  -3.367125e-04
32  -5.999336e-03  -3.858035e-04
33  -1.051741e-02  -5.754318e-04
34  -1.657012e-02  -1.250440e-03
35  -2.114952e-02  -3.048841e-03
36  -1.618540e-02  -4.857745e-03
37  -5.060009e-03  -8.685325e-03
38  -3.218611e-02  -7.084162e-03
39  -1.028719e-01  -1.624117e-02
40  -1.234704e-01  -6.134773e-02
41  -1.123994e-01  -8.493858e-02
42  2.684950e-01  -8.045924e-02
43  7.069883e-01  -1.248300e-01
44  1.243871e+00  -2.064469e-01
45  2.204986e+00  -4.972315e-01
46  4.064579e+00  -8.084336e-01
47  2.840337e+00  -9.908990e-01
48  6.673902e-01  -8.382205e-01
49  -3.027436e+00  -1.787719e+00
50  -7.795838e+00  -3.833357e+00
51  -2.803792e+01  -7.436007e+00
52  -7.757868e+01  -1.309453e+01
53  -8.616599e+01  -2.310494e+01
54  -1.111432e+02  -3.101520e+01
55  -2.779862e+02  -3.517041e+01
56  -8.174649e+02  -6.756408e+01
57  -2.034771e+03  -6.885427e+01
58  -4.516115e+03  -5.263392e+01
59  -8.925718e+03  -8.119616e+00
60  -1.827284e+04  -2.803926e+02
61  -4.787558e+04  -8.242677e+02
62  -1.288704e+05  -8.714753e+02
63  -6.058962e+05  -1.237232e+03
ENDPROP
STARTPROP
MASSES:  4.500000e-02   4.500000e-02
SOURCE: GAM_24
SINKS: GAM_24
0  1.621540e+05  -1.014625e+03
1  1.384213e+06  -1.336868e+03
2  5.593050e+05  -5.699538e+02
3  2.807573e+05  -9.492693e+02
4  1.334011e+05  -5.878122e+02
5  6.152769e+04  -1.953620e+02
6  3.072093e+04  1.083024e+02
7  1.475246e+04  1.221490e+02
8  7.529845e+03  1.055189e+01
9  3.657292e+03  1.023678e+01
10  1.784947e+03  4.596163e+01
11  9.471016e+02  3.816759e+01
12  4.981144e+02  1.714682e+01
13  2.284545e+02  1.140818e+01
14  1.079531e+02  6.221104e+00
15  4.615185e+01  2.753282e+00
16  1.896253e+01  2.329684e+00
17  9.898168e+00  1.030281e+00
18  7.583494e+00  1.166558e+00
19  5.699127e+00  8.807293e-01
20  1.875087e+00  1.765533e-01
21  4.288787e-01  -1.047433e-01
22  -2.031538e-02  -1.682269e-01
23  -1.563468e-01  -1.442069e-01
24  3.199571e-04  -9.016462e-02
25  -2.536159e-02  -7.759958e-02
26  -3.336771e-02  -4.938325e-02
27  -4.901933e-02  -3.430240e-02
28  -3.689021e-02  -2.211864e-02
29  -2.358641e-02  -1.042845e-02
30  -1.564760e-02  -1.905220e-03
31  -1.257558e-02  2.373409e-03
32  -1.018240e-02  3.917955e-03
33  -1.318380e-03  2.630726e-03
34  6.386872e-03  5.536888e-04
35  4.973462e-04  -5.410885e-03
36  -2.538537e-02  -1.112290e-02
37  -4.087959e-02  -1.980173e-02
38  -2.360996e-02  -2.948999e-02
39  7.339704e-03  -4.157315e-02
40  2.206046e-02  -4.069132e-02
41  1.492454e-01  -6.172928e-02
42  2.669863e-01  -7.824301e-03
43  8.045776e-01  -6.178462e-02
44  1.909960e+00  8.492729e-02
45  2.707381e+00  2.689476e-01
46  7.287627e+00  1.639816e-01
47  1.953353e+01  4.337008e-01
48  4.376881e+01  8.814088e-01
49  8.269818e+01  1.713017e+00
50  1.452860e+02  1.010914e+00
51  2.281676e+02  1.981957e+00
52  4.411517e+02  4.965604e+00
53  8.675385e+02  5.714459e+00
54  1.684201e+03  -1.239644e+01
55  3.241571e+03  -2.168256e+01
56  6.199535e+03  -1.226672e+01
57  1.310336e+04  -2.189538e+01
58  2.767260e+04  -1.167229e+02
59  5.651516e+04  -3.963305e+02
60  1.209207e+05  -4.630386e+02
61  2.640216e+05  -1.131877e+03
62  5.396295e+05  -1.285896e+03
63  1.363337e+06  -9.463107e+02
ENDPROP
STARTPROP
MASSES:  4.500000e-02   4.500000e-02
SOURCE: GAM_42
SINKS: GAM_42
0  1.621540e+05  -1.014625e+03
1  1.384213e+06  -1.336868e+03
2  5.593050e+05  -5.699538e+02
3  2.807573e+05  -9.492693e+02
4  1.334011e+05  -5.878122e+02
5  6.152769e+04  -1.953620e+02
6  3.072093e+04  1.083024e+02
7  1.475246e+04  1.221490e+02
8  7.529845e+03  1.055189e+01
9  3.657292e+03  1.023678e+01
10  1.784947e+03  4.596163e+01
11  9.471016e+02  3.816759e+01
12  4.981144e+02  1.714682e+01
13  2.284545e+02  1.140818e+01
14  1.079531e+02  6.221104e+00
15  4.615185e+01  2.753282e+00
16  1.896253e+01  2.329684e+00
17  9.898168e+00  1.030281e+00
18  7.583494e+00  1.166558e+00
19  5.699127e+00  8.807293e-01
20  1.875087e+00  1.765533e-01
21  4.288787e-01  -1.047433e-01
22  -2.031538e-02  -1.682269e-01
23  -1.563468e-01  -1.442069e-01
24  3.199571e-04  -9.016462e-02
25  -2.536159e-02  -7.759958e-02
26  -3.336771e-02  -4.938325e-02
27  -4.901933e-02  -3.430240e-02
28  -3.689021e-02  -2.211864e-02
29  -2.358641e-02  -1.042845e-02
30  -1.564760e-02  -1.905220e-03
31  -1.257558e-02  2.373409e-03
32  -1.018240e-02  3.917955e-03
33  -1.318380e-03  2.630726e-03
34  6.386872e-03  5.536888e-04
35  4.973462e-04  -5.410885e-03
36  -2.538537e-02  -1.112290e-02
37  -4.087959e-02  -1.980173e-02
38  -2.360996e-02  -2.948999e-02
39  7.339704e-03  -4.157315e-02
40  2.206046e-02  -4.069132e-02
41  1.492454e-01  -6.172928e-02
42  2.669863e-01  -7.824301e-03
43  8.045776e-01  -6.178462e-02
44  1.909960e+00  8.492729e-02
45  2.707381e+00  2.689476e-01
46  7.287627e+00  1.639816e-01
47  1.953353e+01  4.337008e-01
48  4.376881e+01  8.814088e-01
49  8.269818e+01  1.713017e+00
50  1.452860e+02  1.010914e+00
51  2.281676e+02  1.981957e+00
52  4.411517e+02  4.965604e+00
53  8.675385e+02  5.714459e+00
54  1.684201e+03  -1.239644e+01
55  3.241571e+03  -2.168256e+01
56  6.199535e+03  -1.226672e+01
57  1.310336e+04  -2.189538e+01
58  2.767260e+04  -1.167229e+02
59  5.651516e+04  -3.963305e+02
60  1.209207e+05  -4.630386e+02
61  2.640216e+05  -1.131877e+03
62  5.396295e+05  -1.285896e+03
63  1.363337e+06  -9.463107e+02
ENDPROP
STARTPROP
MASSES:  4.500000e-02   4.500000e-02
SOURCE: GAM_34
SINKS: GAM_34
0  1.890626e+05  -1.897700e+03
1  1.395732e+06  -2.579979e+03
2  5.711187e+05  -1.727689e+03
3  2.839725e+05  -1.108179e+03
4  1.329298e+05  -5.712012e+02
5  5.942235e+04  -1.732779e+02
6  2.785274e+04  4.480576e+01
7  1.306513e+04  -1.156237e+01
8  5.936575e+03  1.960765e+01
9  2.385436e+03  9.259347e+00
10  1.168523e+03  2.369875e+01
11  6.560752e+02  -6.243729e+00
12  3.290856e+02  -7.745902e+00
13  1.421018e+02  -6.555492e+00
14  8.784011e+01  -6.615155e+00
15  4.779657e+01  -3.697852e+00
16  3.416715e+01  -1.037533e+00
17  2.468642e+01  -1.458510e-01
18  1.406874e+01  1.228519e+00
19  5.273753e+00  1.098188e+00
20  3.361692e+00  5.855232e-01
21  1.572842e+00  2.846096e-01
22  9.263942e-01  8.140488e-02
23  2.967660e-01  5.608726e-02
24  2.346317e-01  2.896704e-02
25  1.913813e-01  1.695955e-02
26  7.228724e-02  1.500529e-02
27  9.521479e-03  1.141320e-02
28  -8.674639e-03  9.376137e-03
29  -1.842122e-02  4.429972e-03
30  -1.145044e-02  1.696410e-03
31  -1.292381e-02  1.011836e-03
32  -1.091051e-02  1.182382e-03
33  -6.530300e-03  1.658332e-03
34  -1.165831e-02  -1.162137e-03
35  -1.423176e-02  -3.664214e-03
36  -9.639385e-03  -1.584247e-03
37  1.202977e-02  -4.889790e-03
38  9.064314e-02  -1.229226e-02
39  2.652966e-01  -7.594444e-03
40  4.207318e-01  1.963278e-02
41  6.397522e-01  2.317118e-03
42  1.096590e+00  -5.329822e-03
43  1.743235e+00  2.726061e-02
44  2.779161e+00  -5.345197e-02
45  2.430170e+00  -4.740247e-01
46  1.860986e+00  -1.058459e+00
47  8.061215e+00  -1.675097e+00
48  2.048243e+01  -1.725384e+00
49  4.948993e+01  -4.656849e-01
50  8.658495e+01  -2.550493e+00
51  1.603397e+02  -4.108684e+00
52  3.133876e+02  -5.054932e+00
53  6.914153e+02  -2.480367e-01
54  1.369759e+03  -2.210028e+01
55  2.805138e+03  -2.411824e+01
56  5.932987e+03  2.602130e+01
57  1.304203e+04  1.330443e+02
58  2.698709e+04  7.164402e+01
59  5.804710e+04  -1.211842e+02
60  1.242076e+05  -6.275899e+02
61  2.668294e+05  -9.339829e+02
62  5.440174e+05  -5.838883e+01
63  1.382782e+06  2.830407e+02
ENDPROP
STARTPROP
MASSES:  4.500000e-02   4.500000e-02
SOURCE: GAM_43
SINKS: GAM_43
0  1.890626e+05  -1.897700e+03
1  1.395732e+06  -2.579979e+03
2  5.711187e+05  -1.727689e+03
3  2.839725e+05  -1.108179e+03
4  1.329298e+05  -5.712012e+02
5  5.942235e+04  -1.732779e+02
6  2.785274e+04  4.480576e+01
7  1.306513e+04  -1.156237e+01
8  5.936575e+03  1.960765e+01
9  2.385436e+03  9.259347e+00
10  1.168523e+03  2.369875e+01
11  6.560752e+02  -6.243729e+00
12  3.290856e+02  -7.745902e+00
13  1.421018e+02  -6.555492e+00
14  8.784011e+01  -6.615155e+00
15  4.779657e+01  -3.697852e+00
16  3.416715e+01  -1.037533e+00
17  2.468642e+01  -1.458510e-01
18  1.406874e+01  1.228519e+00
19  5.273753e+00  1.098188e+00
20  3.361692e+00  5.855232e-01
21  1.572842e+00  2.846096e-01
22  9.263942e-01  8.140488e-02
23  2.967660e-01  5.608726e-02
24  2.346317e-01  2.896704e-02
25  1.913813e-01  1.695955e-02
26  7.228724e-02  1.500529e-02
27  9.521479e-03  1.141320e-02
28  -8.674639e-03  9.376137e-03
29  -1.842122e-02  4.429972e-03
30  -1.145044e-02  1.696410e-03
31  -1.292381e-02  1.011836e-03
32  -1.091051e-02  1.182382e-03
33  -6.530300e-03  1.658332e-03
34  -1.165831e-02  -1.162137e-03
35  -1.423176e-02  -3.664214e-03
36  -9.639385e-03  -1.584247e-03
37  1.202977e-02  -4.889790e-03
38  9.064314e-02  -1.229226e-02
39  2.652966e-01  -7.594444e-03
40  4.207318e-01  1.963278e-02
41  6.397522e-01  2.317118e-03
42  1.096590e+00  -5.329822e-03
43  1.743235e+00  2.726061e-02
44  2.779161e+00  -5.345197e-02
45  2.430170e+00  -4.740247e-01
46  1.860986e+00  -1.058459e+00
47  8.061215e+00  -1.675097e+00
48  2.048243e+01  -1.725384e+00
49  4.948993e+01  -4.656849e-01
50  8.658495e+01  -2.550493e+00
51  1.603397e+02  -4.108684e+00
52  3.133876e+02  -5.054932e+00
53  6.914153e+02  -2.480367e-01
54  1.369759e+03  -2.210028e+01
55  2.805138e+03  -2.411824e+01
56  5.932987e+03  2.602130e+01
57  1.304203e+04  1.330443e+02
58  2.698709e+04  7.164402e+01
59  5.804710e+04  -1.211842e+02
60  1.242076e+05  -6.275899e+02
61  2.668294e+05  -9.339829e+02
62  5.440174e+05  -5.838883e+01
63  1.382782e+06  2.830407e+02
ENDPROP
STARTPROP
MASSES:  4.500000e-02   4.500000e-02
SOURCE: GAM_15
SINKS: GAM_15
0  1.090279e+05  -1.046483e+03
1  -9.036497e+05  3.508660e+00
2  -2.636090e+05  -1.143535e+03
3  -1.025637e+05  -8.344230e+02
4  -3.950292e+04  -4.444283e+02
5  -1.489390e+04  -2.032059e+02
6  -5.191152e+03  -2.050691e+02
7  -1.699947e+03  -6.878782e+01
8  -5.143635e+02  9.673049e+00
9  -2.348536e+02  1.894690e+01
10  -1.250602e+02  9.674022e+00
11  -6.258569e+00  -3.430624e-01
12  -8.318852e+00  -1.056198e+01
13  -3.012287e+01  -4.557568e+00
14  -3.825330e+01  -8.930477e-01
15  -1.028462e+01  1.843401e+00
16  1.144686e+00  -1.745046e-01
17  4.174031e+00  4.244713e-01
18  2.167113e+00  5.002634e-01
19  -2.025228e+00  2.973157e-01
20  -2.448034e+00  1.116587e-01
21  -1.015493e+00  -6.286375e-02
22  -4.596767e-01  -1.458482e-01
23  -6.171397e-02  -1.517176e-01
24  1.240749e-01  -1.081081e-01
25  2.893263e-02  -6.367872e-02
26  4.486351e-02  -3.902719e-02
27  1.760372e-02  -2.505398e-02
28  -3.174195e-03  -1.283898e-02
29  -1.413673e-02  -9.964607e-03
30  -1.230031e-02  -7.910882e-03
31  -1.125472e-02  -6.023948e-03
32  -1.220537e-02  -3.607383e-03
33  -1.044269e-02  -3.122981e-03
34  -5.216910e-03  -4.845345e-03
35  8.316398e-03  -8.513144e-03
36  3.485768e-02  -9.678614e-03
37  6.502549e-02  -1.388909e-02
38  7.485297e-02  -2.197479e-02
39  1.359650e-02  -2.640378e-02
40  -9.454406e-02  -4.865035e-02
41  -1.279760e-01  -4.683300e-02
42  1.431867e-01  3.183900e-02
43  1.973956e-01  -3.800314e-02
44  6.284149e-01  -2.000860e-01
45  1.367111e+00  -4.768119e-01
46  2.726246e-01  -6.542779e-01
47  2.659835e+00  -7.809219e-01
48  3.283242e+00  -1.930142e+00
49  3.077993e+00  -5.374733e+00
50  -2.388387e+00  -7.457437e+00
51  1.254127e+01  -7.699240e+00
52  3.557174e+01  -1.417979e+01
53  3.631952e+01  -2.203779e+01
54  1.405538e+01  -3.201318e+01
55  -1.109478e+00  -2.136878e+01
56  -3.027571e+01  4.139774e-02
57  -4.987236e+02  -2.197526e+01
58  -2.728310e+03  1.190971e+02
59  -1.087731e+04  2.313615e+02
60  -2.999098e+04  3.210499e+02
61  -8.133504e+04  3.376351e+02
62  -2.362280e+05  -5.244639e+02
63  -8.927439e+05  -2.136936e+03
ENDPROP
STARTPROP
MASSES:  4.500000e-02   4.500000e-02
SOURCE: GAM_25
SINKS: GAM_25
0  1.069110e+05  4.897834e+02
1  -9.081045e+05  1.112411e+03
2  -2.623597e+05  4.127633e+02
3  -9.917577e+04  3.733855e+02
4  -3.305929e+04  6.216840e+02
5  -1.226897e+04  5.011305e+02
6  -4.726010e+03  2.013973e+02
7  -1.896387e+03  6.664475e+01
8  -1.108008e+03  5.627631e+01
9  -3.448269e+02  2.777715e+01
10  -4.149123e+00  1.102996e+01
11  3.181101e+01  2.109735e+01
12  -4.239717e+01  2.522195e+01
13  -5.372597e+01  1.692800e+01
14  -5.712626e+01  8.566850e+00
15  -3.863475e+01  4.643981e+00
16  -2.070086e+01  2.026172e+00
17  -1.119507e+01  2.031838e+00
18  -8.304726e+00  1.426984e+00
19  -6.125591e+00  1.248257e+00
20  -2.282175e+00  8.653539e-01
21  -1.107406e+00  4.374392e-01
22  -5.710595e-01  2.401568e-01
23  -1.696056e-02  1.714544e-01
24  -1.022682e-02  9.160761e-02
25  1.284709e-02  4.423940e-02
26  3.014092e-03  1.600778e-02
27  1.847900e-02  1.433661e-02
28  1.479007e-02  8.362756e-03
29  9.392269e-03  5.697532e-03
30  1.991817e-03  4.206335e-03
31  -3.307951e-03  2.178906e-03
32  2.492134e-03  2.093379e-03
33  6.329492e-03  3.856932e-03
34  -2.303535e-04  3.093515e-03
35  4.993122e-03  3.210813e-03
36  -3.057377e-04  6.901168e-03
37  1.761448e-02  7.356567e-03
38  2.591932e-02  -5.215673e-04
39  -7.495020e-02  4.695790e-03
40  -1.109295e-01  4.540270e-03
41  -1.742330e-01  -3.875711e-04
42  -2.367237e-01  -1.451305e-02
43  -1.928819e-01  -3.935035e-02
44  -1.033549e+00  1.688293e-02
45  -9.839591e-01  1.688351e-01
46  -1.366807e+00  3.964325e-01
47  -1.807492e+00  5.620957e-01
48  4.244455e+00  -2.607777e-01
49  1.024001e+01  -1.405137e+00
50  2.174990e+01  -2.358820e+00
51  1.381962e+01  -6.912037e+00
52  -7.191916e+01  -4.591509e+00
53  -1.752160e+02  -1.146363e+01
54  -1.715152e+02  -1.504167e+00
55  -1.557600e+00  -9.151099e-01
56  -6.256713e+01  1.870158e+01
57  -7.214116e+02  2.991826e+01
58  -3.739285e+03  4.039124e+01
59  -1.153635e+04  4.806936e+01
60  -3.260912e+04  -3.202278e+01
61  -9.064347e+04  -7.887604e+02
62  -2.492897e+05  -7.287727e+02
63  -8.996854e+05  -3.339348e+02
ENDPROP
STARTPROP
MASSES:  4.500000e-02   4.500000e-02
SOURCE: GAM_35
SINKS: GAM_35
0  1.515287e+05  3.673673e+02
1  -8.743256e+05  2.790079e+03
2  -2.426562e+05  1.365765e+03
3  -8.578088e+04  4.761216e+02
4  -2.644502e+04  2.917447e+02
5  -5.581518e+03  1.992188e+02
6  -7.877989e+02  2.820682e+02
7  3.500283e+02  1.556129e+02
8  2.046902e+02  1.275332e+02
9  6.472228e+01  7.950543e+01
10  -1.256424e+02  2.125365e+01
11  -1.191987e+02  3.426025e+00
12  -2.144199e+01  -7.939278e-02
13  1.292618e+01  -3.812651e+00
14  2.666823e+01  2.836984e+00
15  1.985570e+01  4.496591e+00
16  9.674588e+00  2.306640e+00
17  1.719450e+00  6.507192e-01
18  -3.796679e+00  2.685634e-01
19  -2.656451e+00  1.069977e-01
20  -6.535069e-01  -1.736907e-01
21  5.513549e-01  -6.417033e-02
22  4.813149e-01  4.773029e-02
23  5.779864e-01  3.724377e-02
24  2.505326e-01  4.791102e-02
25  6.759605e-02  4.192133e-02
26  -2.753999e-03  2.862367e-02
27  -2.799858e-02  -9.521264e-04
28  -1.842213e-02  -9.449215e-03
29  2.661614e-03  -4.186449e-03
30  8.509699e-03  8.923510e-04
31  4.985750e-03  1.213584e-03
32  1.276128e-03  1.738792e-03
33  3.372124e-04  7.389589e-04
34  -6.335829e-03  -1.565219e-03
35  9.546239e-03  -3.929617e-03
36  3.287081e-02  2.416215e-03
37  4.427346e-02  1.179825e-02
38  9.217624e-02  3.253843e-02
39  1.267253e-01  3.066610e-02
40  1.183130e-01  1.751685e-02
41  1.762421e-02  5.853689e-03
42  2.133410e-01  2.944960e-03
43  7.993835e-01  3.860079e-02
44  1.112786e+00  3.069403e-03
45  -7.119988e-01  -5.110485e-01
46  -5.608891e-01  -4.239514e-01
47  2.342708e+00  1.975914e-01
48  8.724080e-01  -1.168985e-01
49  -3.044965e+00  -1.211138e+00
50  4.677429e-01  -3.325692e+00
51  3.770577e+00  -3.284990e+00
52  3.229333e+01  8.156541e+00
53  3.715356e+01  2.574573e+01
54  -1.509723e+02  5.104562e+01
55  -3.182365e+02  6.207964e+01
56  -9.014537e+02  7.171655e+01
57  -2.088009e+03  4.569232e+01
58  -5.694624e+03  1.917642e+01
59  -1.558783e+04  -3.111604e+01
60  -3.568633e+04  -1.770706e+02
61  -9.105183e+04  -6.803616e+02
62  -2.456662e+05  -6.344792e+02
63  -8.740333e+05  -1.291695e+03
ENDPROP
STARTPROP
MASSES:  4.500000e-02   4.500000e-02
SOURCE: GAM_45
SINKS: GAM_45
0  -9.762039e+05  -2.815686e+03
1  1.120413e+06  -2.893549e+03
2  5.467824e+05  -1.730000e+03
3  3.496327e+05  -2.029353e+03
4  2.192689e+05  -1.809956e+03
5  1.348835e+05  -1.129609e+03
6  8.484440e+04  -4.904771e+02
7  5.168947e+04  -1.297452e+02
8  3.188790e+04  -2.404991e+01
9  1.924182e+04  6.141344e+01
10  1.197036e+04  7.140367e+01
11  7.267000e+03  6.298051e+01
12  4.458054e+03  6.421405e+01
13  2.661522e+03  4.500570e+01
14  1.600209e+03  2.480796e+01
15  9.785318e+02  1.047316e+01
16  5.914108e+02  6.897896e+00
17  3.649809e+02  4.665517e+00
18  2.238593e+02  3.858831e+00
19  1.347913e+02  2.167801e+00
20  8.185651e+01  1.498324e+00
21  4.994745e+01  1.035169e+00
22  3.006005e+01  4.552179e-01
23  1.825647e+01  2.905413e-01
24  1.105857e+01  1.807736e-01
25  6.703234e+00  1.194674e-01
26  4.096186e+00  6.857637e-02
27  2.516462e+00  4.455827e-02
28  1.557045e+00  2.811417e-02
29  9.758410e-01  2.225817e-02
30  6.348186e-01  1.597096e-02
31  4.507736e-01  9.557704e-03
32  3.913127e-01  3.465789e-03
33  4.192635e-01  -4.148018e-03
34  5.479854e-01  -1.355597e-02
35  8.125897e-01  -2.590425e-02
36  1.262276e+00  -3.536666e-02
37  2.027493e+00  -6.225514e-02
38  3.343058e+00  -1.084998e-01
39  5.492158e+00  -1.987651e-01
40  8.856049e+00  -2.721923e-01
41  1.453901e+01  -3.706282e-01
42  2.388396e+01  -5.508935e-01
43  3.904443e+01  -8.382363e-01
44  6.429433e+01  -1.222303e+00
45  1.046181e+02  -1.521977e+00
46  1.736341e+02  -1.728462e+00
47  2.810762e+02  -1.400066e+00
48  4.558179e+02  4.749940e-01
49  7.650969e+02  5.431653e+00
50  1.296147e+03  1.725831e+01
51  2.191212e+03  2.618440e+01
52  3.652131e+03  5.160654e+01
53  6.143856e+03  9.094734e+01
54  1.021359e+04  1.436438e+02
55  1.679531e+04  1.719227e+02
56  2.738897e+04  1.453977e+02
57  4.531257e+04  6.860499e+01
58  7.329341e+04  -8.559436e+01
59  1.224932e+05  -4.791055e+02
60  2.024091e+05  -9.966221e+02
61  3.306749e+05  -1.195252e+03
62  5.259571e+05  -1.517543e+03
63  1.109000e+06  -3.275437e+02
ENDPROP
STARTPROP
MASSES:  4.500000e-02   4.500000e-02
SOURCE: PSAX4
SINKS: GAM_4
0  2.623999e+04  -1.591646e+03
1  1.734292e+06  -4.238911e+03
2  9.651287e+05  -3.917177e+03
3  6.061295e+05  -3.119555e+03
4  3.766635e+05  -2.427326e+03
5  2.302188e+05  -1.643042e+03
6  1.437982e+05  -7.691350e+02
7  8.697704e+04  -1.765830e+02
8  5.325560e+04  3.059310e+01
9  3.218140e+04  1.446327e+02
10  1.996238e+04  1.440790e+02
11  1.216875e+04  1.160277e+02
12  7.475173e+03  1.049128e+02
13  4.474507e+03  7.099149e+01
14  2.697110e+03  4.278864e+01
15  1.645772e+03  2.335538e+01
16  9.967761e+02  1.517284e+01
17  6.122701e+02  9.756400e+00
18  3.740178e+02  6.919053e+00
19  2.254855e+02  4.025098e+00
20  1.369166e+02  2.642008e+00
21  8.389847e+01  1.758753e+00
22  5.072239e+01  8.261391e-01
23  3.091685e+01  5.367385e-01
24  1.883628e+01  3.570481e-01
25  1.150176e+01  2.232750e-01
26  7.039078e+00  1.344942e-01
27  4.331668e+00  9.707009e-02
28  2.639783e+00  6.380664e-02
29  1.568033e+00  4.659998e-02
30  8.796342e-01  3.137777e-02
31  4.174450e-01  2.350596e-02
32  8.348312e-02  1.923605e-02
33  -2.393984e-01  1.822726e-02
34  -6.293009e-01  2.328106e-02
35  -1.166150e+00  3.128785e-02
36  -1.992160e+00  3.991996e-02
37  -3.311734e+00  6.925215e-02
38  -5.526028e+00  1.242016e-01
39  -9.096382e+00  2.478044e-01
40  -1.482045e+01  3.523012e-01
41  -2.438335e+01  5.294679e-01
42  -4.019059e+01  8.240436e-01
43  -6.608924e+01  1.282442e+00
44  -1.087317e+02  1.938844e+00
45  -1.771441e+02  2.601385e+00
46  -2.930144e+02  3.190294e+00
47  -4.735773e+02  2.701383e+00
48  -7.683979e+02  1.283700e+00
49  -1.278619e+03  -3.372932e+00
50  -2.162281e+03  -1.705746e+01
51  -3.636154e+03  -2.137251e+01
52  -6.014073e+03  -3.779603e+01
53  -1.006666e+04  -6.129749e+01
54  -1.672831e+04  -8.952279e+01
55  -2.765714e+04  -1.082322e+02
56  -4.525833e+04  -5.067092e+01
57  -7.496352e+04  9.645232e+01
58  -1.224392e+05  3.627228e+02
59  -2.050734e+05  7.808130e+02
60  -3.394960e+05  1.242896e+03
61  -5.616124e+05  1.559258e+03
62  -9.100470e+05  1.896841e+03
63  -1.679926e+06  2.351818e+02
ENDPROP
STARTPROP
MASSES:  4.500000e-02   4.500000e-02
SOURCE: WWPSAX4
SINKS: GAM_4
0  3.863259e+08  -2.219441e+07
1  1.150446e+09  -1.295022e+07
2  8.000083e+08  -5.660857e+06
3  4.892933e+08  -2.746741e+06
4  1.618158e+08  -1.667269e+05
5  1.256147e+08  -2.737477e+06
6  7.599779e+07  -7.431997e+05
7  3.908510e+07  -1.617660e+05
8  2.407659e+07  9.897271e+04
9  1.906995e+07  -5.043841e+04
10  1.124394e+07  6.433929e+04
11  6.402276e+06  -6.587953e+04
12  4.185981e+06  3.883339e+04
13  2.348650e+06  1.111766e+05
14  1.055427e+06  6.354632e+04
15  9.095845e+05  7.885941e+03
16  4.682593e+05  2.083952e+04
17  3.813505e+05  -4.774329e+03
18  1.297641e+05  4.203872e+03
19  1.094225e+05  -6.950999e+03
20  5.623422e+04  1.872844e+03
21  3.712073e+04  2.406201e+03
22  2.864794e+04  1.290795e+03
23  1.476962e+04  -5.453999e+02
24  7.340872e+03  -4.035567e+02
25  5.489154e+03  1.024513e+02
26  2.274243e+03  1.434942e+02
27  1.391198e+03  -7.358749e+01
28  1.077158e+03  -8.858074e+00
29  5.352233e+02  5.646809e+00
30  4.185045e+02  1.240971e+01
31  2.968920e+02  1.742097e+01
32  7.160833e+01  2.200144e+01
33  -7.740997e+01  -1.068816e+00
34  -2.709490e+02  5.152322e+01
35  -5.759410e+02  4.096545e+01
36  -1.232797e+03  -3.320592e+01
37  -1.760454e+03  7.827799e+01
38  -2.837816e+03  7.324204e+01
39  -3.830003e+03  1.612396e+02
40  -7.134143e+03  -3.107715e+02
41  -1.544524e+04  9.972150e+01
42  -2.780836e+04  1.974720e+03
43  -3.145606e+04  -3.028740e+02
44  -4.644709e+04  -1.509812e+03
45  -1.128530e+05  -4.694021e+02
46  -1.537682e+05  3.630901e+03
47  -3.377357e+05  -1.834971e+03
48  -3.072040e+05  1.719875e+04
49  -5.356275e+05  1.140614e+04
50  -1.309375e+06  2.352017e+04
51  -2.111005e+06  3.719149e+04
52  -3.915956e+06  -1.669360e+05
53  -5.013802e+06  1.558353e+05
54  -8.721107e+06  -1.053725e+05
55  -1.492924e+07  -4.173689e+05
56  -1.914963e+07  1.445181e+05
57  -3.253588e+07  -7.798283e+03
58  -6.084341e+07  -2.279159e+05
59  -1.319771e+08  -1.577374e+06
60  -1.950407e+08  -3.015682e+06
61  -2.913962e+08  -9.630618e+05
62  -7.662399e+08  2.577692e+06
63  -1.592165e+09  3.083329e+05
ENDPROP
STARTPROP
MASSES:  4.500000e-02   4.500000e-02
SOURCE: WWGAM_5
SINKS: GAM_5
0  2.093037e+10  -3.499799e-01
1  1.780425e+09  -8.531372e+06
2  1.122314e+09  -5.561303e+06
3  6.568345e+08  -1.092580e+06
4  2.862813e+08  -7.849409e+05
5  2.063230e+08  -1.148802e+06
6  1.201741e+08  6.202984e+05
7  6.651122e+07  -5.973429e+05
8  3.722052e+07  -3.080630e+04
9  2.902739e+07  -2.807155e+05
10  1.840517e+07  5.917561e+04
11  1.081605e+07  2.671735e+03
12  6.545925e+06  1.405955e+05
13  3.617118e+06  1.503859e+05
14  2.029900e+06  4.835794e+04
15  1.317615e+06  -5.763080e+03
16  7.661756e+05  1.863095e+04
17  6.201620e+05  3.565849e+02
18  2.409391e+05  5.860875e+03
19  1.846950e+05  -4.910997e+03
20  9.929676e+04  2.002649e+03
21  6.634074e+04  2.644079e+03
22  4.655355e+04  2.308676e+03
23  2.275227e+04  -1.752280e+02
24  1.290188e+04  -4.899000e+02
25  1.028146e+04  -1.089060e+02
26  4.515678e+03  2.162310e+02
27  3.268359e+03  -3.259009e+01
28  1.953967e+03  1.207595e+01
29  1.135404e+03  -1.656644e+01
30  7.761918e+02  1.667707e+00
31  7.025741e+02  9.026834e+00
32  5.939111e+02  1.918403e-01
33  5.969500e+02  -2.387262e-01
34  7.053797e+02  -3.286008e+01
35  1.095398e+03  -4.452906e+01
36  1.808238e+03  -5.240374e+00
37  2.955533e+03  -1.564312e+02
38  4.611521e+03  -7.897816e+01
39  7.184243e+03  -2.994991e+02
40  1.156557e+04  1.816961e+02
41  2.180620e+04  -3.696258e+02
42  3.962597e+04  -2.781032e+03
43  4.859700e+04  7.630575e+02
44  8.806466e+04  2.059795e+03
45  1.826993e+05  1.491156e+03
46  2.445043e+05  -5.195519e+03
47  5.041511e+05  2.347060e+03
48  5.752913e+05  -1.548677e+04
49  9.058414e+05  -2.554426e+04
50  1.890940e+06  -2.920780e+04
51  3.356994e+06  1.549064e+03
52  5.645483e+06  1.386356e+05
53  8.862098e+06  -6.706251e+04
54  1.288528e+07  2.452177e+05
55  2.320864e+07  3.774636e+05
56  3.616643e+07  5.345999e+02
57  6.009165e+07  -2.382636e+04
58  1.004125e+08  5.288813e+05
59  1.928346e+08  1.010313e+06
60  3.060461e+08  3.517667e+05
61  4.521600e+08  -1.163678e+06
62  1.019060e+09  -2.011784e+05
63  2.241017e+09  3.572018e+06
ENDPROP
