STARTPROP
MASSES:  4.500000e-02   4.500000e-02
SOURCE: GAM_1
SINKS: GAM_1
0  1.305790e+06  -7.585871e+02
1  1.933757e+06  -5.226808e+02
2  8.685993e+05  -3.067970e+02
3  4.371433e+05  -1.889203e+02
4  2.186615e+05  -1.591806e+02
5  1.030393e+05  -1.625056e+02
6  4.735581e+04  -1.497401e+02
7  2.215793e+04  -1.255882e+02
8  1.038563e+04  -6.997944e+01
9  5.127789e+03  -4.232600e+01
10  2.578097e+03  -3.307434e+01
11  1.424543e+03  -1.331244e+01
12  7.123622e+02  -5.682780e+00
13  3.440930e+02  -2.266037e+00
14  1.748861e+02  -1.110665e+00
15  8.488310e+01  -1.691625e+00
16  3.932127e+01  -1.600131e+00
17  2.091074e+01  -8.752114e-01
18  1.427810e+01  -5.447021e-01
19  1.083010e+01  -1.523020e-01
20  4.980682e+00  4.562562e-02
21  1.485911e+00  3.491588e-02
22  4.081129e-01  6.254919e-02
23  1.406510e-01  5.785342e-02
24  2.649606e-01  3.408374e-02
25  3.781182e-01  2.666759e-02
26  2.613767e-01  1.403690e-02
27  1.197680e-01  8.792748e-03
28  2.542473e-02  1.637635e-03
29  -1.558307e-02  -9.823936e-04
30  -2.037308e-03  -1.786784e-03
31  7.182132e-03  -1.324542e-03
32  1.494567e-02  -4.837919e-04
33  3.230528e-02  -5.194845e-04
34  4.413291e-02  -1.842391e-03
35  1.850874e-02  -3.850346e-03
36  -3.489204e-02  -8.546783e-03
37  -1.240117e-01  -1.429260e-02
38  -1.519772e-01  -1.963405e-02
39  -3.224164e-02  -2.825732e-02
40  3.398430e-01  -4.386012e-02
41  1.053683e+00  -4.375609e-02
42  1.226252e+00  -4.789877e-02
43  1.307754e+00  -4.579950e-02
44  1.223351e+00  -7.648761e-02
45  2.969095e+00  -3.660628e-01
46  8.251491e+00  -6.957081e-01
47  1.338141e+01  -8.798387e-01
48  2.642384e+01  -1.225160e+00
49  5.434954e+01  -2.171556e+00
50  1.283762e+02  -4.237152e+00
51  2.899122e+02  -6.603900e+00
52  6.093851e+02  -8.464126e+00
53  1.190391e+03  -1.011283e+01
54  2.478251e+03  -4.812114e+00
55  5.603815e+03  1.407699e+00
56  1.127133e+04  -1.666706e+01
57  2.319221e+04  -3.261609e+01
58  4.719100e+04  -1.042713e+02
59  9.600869e+04  -1.164871e+02
60  1.963011e+05  -1.808688e+02
61  4.067707e+05  -2.516555e+02
62  8.236402e+05  -5.700619e+02
63  1.897658e+06  -6.851424e+02
ENDPROP
STARTPROP
MASSES:  4.500000e-02   4.500000e-02
SOURCE: GAM_2
SINKS: GAM_2
0  1.329404e+06  3.218915e+02
1  1.942124e+06  -1.394541e+02
2  8.592702e+05  -3.634071e+02
3  4.227335e+05  -2.336084e+02
4  2.092218e+05  2.002311e+01
5  1.042651e+05  6.038980e+00
6  5.206029e+04  -2.478588e+01
7  2.498720e+04  -4.598267e+00
8  1.268692e+04  5.396886e+00
9  6.512534e+03  2.406410e+00
10  3.276730e+03  5.930493e-02
11  1.684158e+03  -3.353092e+00
12  7.386634e+02  -2.460398e+00
13  3.075443e+02  -2.074617e+00
14  9.193210e+01  -9.660103e-01
15  3.701555e+01  -1.239454e+00
16  1.498430e+01  -6.682344e-01
17  2.810781e+00  7.155739e-02
18  2.845528e+00  -1.160072e-03
19  6.977300e-01  6.904795e-04
20  -1.048338e+00  7.720335e-02
21  -6.346261e-01  1.225695e-01
22  -1.041267e-01  9.501554e-02
23  4.044186e-01  9.143803e-02
24  1.932530e-01  7.679770e-02
25  7.096125e-03  4.914113e-02
26  1.361085e-02  3.641770e-02
27  1.659957e-02  2.343987e-02
28  5.771887e-03  1.394908e-02
29  1.784913e-04  6.911332e-03
30  3.545468e-03  3.535037e-03
31  1.161130e-02  1.794196e-03
32  6.169994e-03  2.020182e-04
33  1.646664e-03  -1.365978e-03
34  -4.451807e-03  -3.011765e-03
35  -2.122081e-02  -6.103001e-03
36  -3.151516e-02  -6.574282e-03
37  -5.235134e-02  -5.360086e-03
38  -4.483802e-02  3.630200e-03
39  -4.118519e-02  1.471591e-02
40  -4.093872e-01  7.306918e-03
41  -1.182667e+00  -1.249726e-02
42  -2.117410e+00  -3.218805e-02
43  -2.905986e+00  -1.188013e-01
44  -5.075466e+00  -3.398458e-01
45  -8.474241e+00  -5.250741e-01
46  -9.274671e+00  -7.218665e-01
47  -7.672186e+00  -1.201085e+00
48  -3.510657e+00  -2.086623e+00
49  -1.082121e+01  -3.641229e+00
50  -2.297020e+01  -3.969010e+00
51  5.255205e+00  -4.603696e+00
52  3.405496e+02  -5.844545e+00
53  1.195804e+03  -9.846993e+00
54  2.879332e+03  -1.952742e+01
55  5.643908e+03  -1.911860e+01
56  1.122897e+04  -2.203402e+01
57  2.327825e+04  -2.257973e+01
58  4.850313e+04  -3.417862e+01
59  1.031557e+05  4.660129e+01
60  2.142933e+05  2.370040e+02
61  4.374154e+05  2.892454e+02
62  8.611732e+05  6.970816e+01
63  1.931520e+06  2.012625e+02
ENDPROP
STARTPROP
MASSES:  4.500000e-02   4.500000e-02
SOURCE: GAM_3
SINKS: GAM_3
0  1.319247e+06  4.711757e+02
1  1.944647e+06  -1.689341e+02
2  8.644371e+05  -2.356894e+02
3  4.328485e+05  -3.033063e+02
4  2.177191e+05  -3.273532e+02
5  1.056270e+05  -1.811919e+02
6  4.927567e+04  -1.874856e+02
7  2.270709e+04  -1.284970e+02
8  1.187078e+04  -9.768487e+01
9  6.320576e+03  -6.689753e+01
10  3.289447e+03  -3.661047e+01
11  1.790940e+03  -1.956144e+01
12  9.180597e+02  -8.730698e+00
13  4.033801e+02  -5.738951e+00
14  1.718687e+02  -4.853329e+00
15  5.586030e+01  -3.267581e+00
16  1.742455e+01  -1.593605e+00
17  9.667042e+00  -5.222166e-01
18  7.932725e+00  -1.229760e-01
19  6.254765e+00  1.803572e-01
20  5.028089e+00  1.830754e-01
21  3.767929e+00  7.342098e-02
22  2.589134e+00  3.075956e-02
23  1.549642e+00  4.468365e-03
24  6.683100e-01  -8.967995e-03
25  1.837439e-01  -1.238613e-02
26  7.794052e-03  -9.927230e-03
27  -8.963802e-03  -5.027749e-03
28  4.789089e-03  -3.459278e-03
29  2.286581e-03  -1.358199e-03
30  -4.462511e-03  -1.719211e-04
31  -1.774528e-02  -1.042210e-03
32  -2.279682e-02  -1.364379e-03
33  -2.410753e-02  -1.392465e-03
34  -2.352516e-02  -2.455666e-03
35  -3.848359e-02  -4.168252e-03
36  -3.617942e-02  -7.968765e-03
37  -2.303548e-02  -1.248522e-02
38  5.444887e-02  -1.669663e-02
39  5.958204e-02  -1.915514e-02
40  1.780693e-01  -3.085513e-02
41  2.473973e-01  -6.294823e-02
42  3.901570e-01  -1.280115e-01
43  8.182057e-01  -1.438316e-01
44  1.507157e+00  -2.518133e-01
45  -3.969931e-01  -1.980467e-01
46  -2.702944e+00  -2.289053e-01
47  -1.869719e+00  -1.181656e-01
48  3.253850e+00  5.720914e-01
49  5.065898e+00  6.284624e-01
50  1.316510e+01  4.432262e-01
51  4.806178e+00  2.412865e+00
52  7.079674e+01  5.770071e+00
53  5.171245e+02  1.337592e+01
54  1.690225e+03  3.463044e+01
55  4.613281e+03  5.642642e+01
56  1.102575e+04  7.033353e+01
57  2.498832e+04  9.516208e+01
58  5.149379e+04  1.176905e+02
59  1.042032e+05  9.961190e+01
60  2.113356e+05  6.438314e+01
61  4.348876e+05  -6.120374e+01
62  8.521308e+05  -4.425833e+02
63  1.927008e+06  -4.541335e+02
ENDPROP
STARTPROP
MASSES:  4.500000e-02   4.500000e-02
SOURCE: GAM_4
SINKS: GAM_4
0  2.131351e+06  5.835986e+01
1  -2.685667e+05  3.393160e+02
2  3.569140e+02  3.503205e+02
3  -1.806813e+03  1.935250e+02
4  3.045303e+02  4.893155e+01
5  -8.637075e+01  2.873686e+01
6  -2.989869e+02  3.395761e+00
7  -3.241834e+01  -1.516528e+01
8  1.613342e+02  1.823746e+00
9  4.000819e+01  6.103372e+00
10  -5.045398e+00  2.367182e+00
11  -4.829978e+00  9.017811e-01
12  4.803280e+00  1.753613e+00
13  1.314775e+01  1.794688e+00
14  1.582893e+00  1.128620e+00
15  2.807381e+00  7.342754e-01
16  -1.604871e+00  5.304385e-01
17  -1.245768e+00  3.040156e-01
18  -1.058483e-01  1.663632e-01
19  -1.586935e-01  5.856714e-02
20  -8.280544e-02  3.323105e-02
21  1.912167e-01  1.984439e-02
22  4.616047e-02  1.115562e-02
23  -1.567703e-02  8.362132e-03
24  -3.774891e-03  1.471191e-03
25  7.347339e-03  2.496207e-03
26  -7.558700e-04  -1.676261e-03
27  -1.840718e-02  -3.261623e-03
28  -1.294840e-02  -4.158469e-03
29  -1.697498e-02  -3.269472e-03
30  -1.455046e-02  -3.047937e-03
31  -1.435418e-02  -2.905856e-03
32  -1.194080e-02  -2.831183e-03
33  -1.448307e-02  -2.689519e-03
34  -8.216899e-03  -2.656666e-03
35  -1.198924e-02  -2.058668e-03
36  -1.619339e-02  -1.633617e-03
37  -7.412813e-03  -5.226632e-04
38  -2.042445e-02  3.597279e-04
39  -3.341288e-02  -1.012235e-03
40  -4.821589e-02  -5.800312e-03
41  -3.730071e-02  -7.094290e-03
42  8.826665e-02  -1.912455e-03
43  -1.335993e-01  9.276325e-04
44  1.344155e-01  -1.651887e-02
45  6.841889e-02  -2.438264e-02
46  1.550360e-01  -1.162245e-01
47  -9.680833e-01  -1.341983e-01
48  7.921774e-02  -5.375642e-02
49  2.993470e+00  4.719364e-01
50  2.438208e+00  8.361868e-01
51  -9.243094e+00  1.884245e+00
52  -8.365126e+00  1.449704e+00
53  8.720162e-01  2.407378e+00
54  -2.295714e+01  3.369995e+00
55  -1.405638e+01  1.299929e+00
56  2.449823e+01  -1.610192e+00
57  -2.318497e+01  2.425744e+01
58  -2.156051e+02  1.330723e+01
59  -1.022744e+02  -1.929368e+01
60  3.180992e+02  -2.687233e+01
61  -1.694817e+03  -1.720592e+02
62  -1.264470e+03  -2.872018e+02
63  -2.601123e+05  -2.721445e+02
ENDPROP
STARTPROP
MASSES:  4.500000e-02   4.500000e-02
SOURCE: GAM_5
SINKS: GAM_5
0  5.433707e+06  2.776574e+03
1  5.353729e+06  3.394697e+03
2  3.381229e+06  7.788174e+02
3  2.156096e+06  -4.796397e+02
4  1.371652e+06  2.668289e+02
5  8.621145e+05  3.890218e+02
6  5.310590e+05  3.668997e+01
7  3.221705e+05  -5.792109e+01
8  1.953664e+05  -5.009576e+01
9  1.188522e+05  -9.593313e+01
10  7.098046e+04  -6.758487e+01
11  4.259661e+04  -4.129039e+01
12  2.595198e+04  -2.630159e+01
13  1.610304e+04  -9.214366e+00
14  1.002408e+04  4.191693e+00
15  6.091812e+03  5.296338e+00
16  3.686763e+03  4.222425e+00
17  2.223345e+03  3.360468e+00
18  1.359407e+03  1.406945e+00
19  8.370112e+02  3.563797e-01
20  5.084511e+02  -1.766225e-01
21  3.077867e+02  -7.630331e-02
22  1.872131e+02  1.028074e-01
23  1.150825e+02  1.209865e-01
24  7.067308e+01  1.335053e-01
25  4.324549e+01  1.053845e-01
26  2.659448e+01  8.366228e-02
27  1.626126e+01  7.156781e-02
28  1.001212e+01  5.008083e-02
29  6.187433e+00  3.183638e-02
30  4.074030e+00  2.309012e-02
31  2.970041e+00  2.208633e-02
32  2.622882e+00  2.510279e-02
33  2.961175e+00  3.138956e-02
34  4.035688e+00  4.521803e-02
35  6.047753e+00  6.851408e-02
36  9.672014e+00  1.075278e-01
37  1.583801e+01  1.710367e-01
38  2.537515e+01  2.665140e-01
39  4.029459e+01  4.058241e-01
40  6.563493e+01  6.436162e-01
41  1.074131e+02  1.043623e+00
42  1.776387e+02  1.713528e+00
43  2.916373e+02  2.618608e+00
44  4.805281e+02  3.862488e+00
45  7.830596e+02  5.743797e+00
46  1.278901e+03  8.147973e+00
47  2.079908e+03  1.058762e+01
48  3.445177e+03  1.382433e+01
49  5.750473e+03  2.167418e+01
50  9.562821e+03  3.738130e+01
51  1.586077e+04  6.736195e+01
52  2.599846e+04  1.118204e+02
53  4.284357e+04  1.905322e+02
54  7.022932e+04  2.742512e+02
55  1.133059e+05  4.689320e+02
56  1.829765e+05  6.027978e+02
57  2.971896e+05  5.684478e+02
58  4.804875e+05  6.525961e+02
59  7.806576e+05  1.037914e+03
60  1.261734e+06  8.248803e+02
61  2.039113e+06  3.478815e+02
62  3.232895e+06  -4.030658e+02
63  5.244627e+06  1.191739e+03
ENDPROP
STARTPROP
MASSES:  4.500000e-02   4.500000e-02
SOURCE: GAM_12
SINKS: GAM_12
0  9.231485e+05  4.504648e+01
1  -6.162434e+05  2.653286e+02
2  -1.436584e+05  3.447742e+02
3  -5.295258e+04  2.452500e+02
4  -1.733804e+04  8.052934e+01
5  -5.752607e+03  2.070958e+01
6  -2.249948e+03  -8.722987e+00
7  -1.025121e+03  1.240866e+00
8  -3.783956e+02  3.962134e+00
9  -2.839576e+02  4.248961e+00
10  -4.859309e+01  -4.619870e+00
11  -4.847103e+01  -9.266810e+00
12  -1.703121e+01  -4.429566e+00
13  5.139414e+00  -6.442982e-01
14  2.590502e+01  -1.382978e-01
15  2.092135e+01  -1.942363e-01
16  6.656765e+00  -3.525077e-01
17  -8.411871e-02  -3.779414e-01
18  -6.301198e-01  -3.481610e-01
19  2.063507e+00  -1.429808e-01
20  2.087376e+00  -6.442758e-02
21  1.255287e+00  -5.254843e-02
22  3.916941e-01  -4.330740e-02
23  1.748694e-01  -1.433399e-02
24  7.855407e-02  -2.166274e-03
25  1.053940e-03  -2.531174e-03
26  -4.514143e-03  -6.183782e-05
27  -2.467533e-02  2.376962e-03
28  -1.564859e-02  5.561912e-04
29  4.479154e-03  1.392044e-03
30  9.243336e-03  4.467793e-04
31  8.392192e-03  4.467014e-04
32  3.972031e-03  -1.023654e-04
33  6.616696e-03  -1.636307e-04
34  1.210593e-02  7.836677e-04
35  2.118588e-02  1.644529e-03
36  1.612542e-02  2.729232e-03
37  -1.822733e-02  3.094672e-03
38  -4.898675e-02  2.817369e-03
39  -4.045714e-02  2.729547e-03
40  -1.352217e-01  -6.126569e-03
41  -4.599671e-01  -1.054118e-02
42  -6.615494e-01  -1.637187e-02
43  -8.744988e-01  -1.129981e-02
44  -1.363539e+00  -1.776755e-02
45  -3.610424e-02  -2.578652e-02
46  -1.750870e+00  -5.033272e-02
47  -2.502512e+00  2.905742e-01
48  -1.034476e+01  4.842325e-01
49  -7.715400e+00  2.199986e-01
50  -1.916779e+00  9.672377e-02
51  -7.655545e+00  1.486194e+00
52  -7.346639e+00  2.288626e+00
53  5.787733e+01  4.433440e+00
54  -6.485717e+00  3.968803e+00
55  -8.721336e+01  1.268270e+01
56  -3.162933e+02  1.228879e+01
57  -6.838976e+02  -2.388759e+01
58  -1.395250e+03  -5.864881e+01
59  -4.159815e+03  -1.283121e+02
60  -1.504596e+04  -1.774531e+02
61  -4.974521e+04  -3.492565e+02
62  -1.326642e+05  -3.454996e+02
63  -6.067531e+05  -2.928317e+02
ENDPROP
STARTPROP
MASSES:  4.500000e-02   4.500000e-02
SOURCE: GAM_21
SINKS: GAM_21
0  9.231485e+05  4.504648e+01
1  -6.162434e+05  2.653286e+02
2  -1.436584e+05  3.447742e+02
3  -5.295258e+04  2.452500e+02
4  -1.733804e+04  8.052934e+01
5  -5.752607e+03  2.070958e+01
6  -2.249948e+03  -8.722987e+00
7  -1.025121e+03  1.240866e+00
8  -3.783956e+02  3.962134e+00
9  -2.839576e+02  4.248961e+00
10  -4.859309e+01  -4.619870e+00
11  -4.847103e+01  -9.266810e+00
12  -1.703121e+01  -4.429566e+00
13  5.139414e+00  -6.442982e-01
14  2.590502e+01  -1.382978e-01
15  2.092135e+01  -1.942363e-01
16  6.656765e+00  -3.525077e-01
17  -8.411871e-02  -3.779414e-01
18  -6.301198e-01  -3.481610e-01
19  2.063507e+00  -1.429808e-01
20  2.087376e+00  -6.442758e-02
21  1.255287e+00  -5.254843e-02
22  3.916941e-01  -4.330740e-02
23  1.748694e-01  -1.433399e-02
24  7.855407e-02  -2.166274e-03
25  1.053940e-03  -2.531174e-03
26  -4.514143e-03  -6.183782e-05
27  -2.467533e-02  2.376962e-03
28  -1.564859e-02  5.561912e-04
29  4.479154e-03  1.392044e-03
30  9.243336e-03  4.467793e-04
31  8.392192e-03  4.467014e-04
32  3.972031e-03  -1.023654e-04
33  6.616696e-03  -1.636307e-04
34  1.210593e-02  7.836677e-04
35  2.118588e-02  1.644529e-03
36  1.612542e-02  2.729232e-03
37  -1.822733e-02  3.094672e-03
38  -4.898675e-02  2.817369e-03
39  -4.045714e-02  2.729547e-03
40  -1.352217e-01  -6.126569e-03
41  -4.599671e-01  -1.054118e-02
42  -6.615494e-01  -1.637187e-02
43  -8.744988e-01  -1.129981e-02
44  -1.363539e+00  -1.776755e-02
45  -3.610424e-02  -2.578652e-02
46  -1.750870e+00  -5.033272e-02
47  -2.502512e+00  2.905742e-01
48  -1.034476e+01  4.842325e-01
49  -7.715400e+00  2.199986e-01
50  -1.916779e+00  9.672377e-02
51  -7.655545e+00  1.486194e+00
52  -7.346639e+00  2.288626e+00
53  5.787733e+01  4.433440e+00
54  -6.485717e+00  3.968803e+00
55  -8.721336e+01  1.268270e+01
56  -3.162933e+02  1.228879e+01
57  -6.838976e+02  -2.388759e+01
58  -1.395250e+03  -5.864881e+01
59  -4.159815e+03  -1.283121e+02
60  -1.504596e+04  -1.774531e+02
61  -4.974521e+04  -3.492565e+02
62  -1.326642e+05  -3.454996e+02
63  -6.067531e+05  -2.928317e+02
ENDPROP
STARTPROP
MASSES:  4.500000e-02   4.500000e-02
SOURCE: GAM_13
SINKS: GAM_13
0  9.258080e+05  4.815872e+01
1  -6.119747e+05  -1.188785e+01
2  -1.317522e+05  -7.224622e+01
3  -4.715092e+04  -1.430322e+02
4  -1.716522e+04  -1.279415e+02
5  -6.022864e+03  -1.124379e+02
6  -1.956064e+03  -6.913438e+01
7  -8.797424e+02  -2.447626e+01
8  -2.937799e+02  1.727352e+00
9  -6.513059e+01  -2.889992e+00
10  -1.258889e+01  -1.735922e+00
11  -2.165284e+01  -2.460528e+00
12  -7.406862e+01  1.548859e+00
13  -5.278176e+01  1.429356e+00
14  -5.639993e+01  6.379486e-01
15  -3.735367e+01  1.180546e-01
16  -1.205279e+01  -5.666343e-02
17  -1.923740e+00  1.453029e-01
18  1.497125e+00  3.807266e-01
19  -1.075630e+00  3.296234e-01
20  -1.022628e+00  1.321209e-01
21  -7.607088e-01  6.877473e-02
22  -2.918458e-01  2.000490e-02
23  -1.800811e-01  -2.301717e-03
24  -1.485490e-01  -9.499813e-05
25  -7.054280e-02  -3.481655e-03
26  -5.770506e-02  -3.106934e-03
27  -4.279745e-02  -9.552636e-04
28  -4.355314e-03  1.189290e-03
29  9.536720e-03  1.421969e-04
30  1.204065e-02  3.988030e-04
31  8.151399e-03  2.386439e-04
32  3.105040e-03  1.410058e-04
33  5.976649e-04  9.749161e-05
34  7.736429e-03  -6.095633e-04
35  4.440576e-03  -1.021431e-03
36  6.458009e-03  -1.608949e-04
37  1.042839e-02  1.767771e-03
38  2.674149e-02  4.657093e-03
39  7.637561e-02  3.764059e-03
40  1.361210e-01  -2.476276e-04
41  2.170766e-01  1.191084e-03
42  2.389174e-01  -3.013340e-03
43  -3.980122e-01  9.689674e-03
44  -7.700141e-01  9.120912e-03
45  -3.407269e-01  -1.102102e-01
46  5.844476e-01  -2.658821e-01
47  -1.021269e+00  -4.771639e-01
48  -3.831501e+00  -5.698303e-01
49  -3.121995e+00  -7.956828e-01
50  1.419812e+00  1.000080e-01
51  2.403640e+01  2.291853e+00
52  7.260725e+00  6.171877e+00
53  -7.610367e+01  2.524501e+00
54  -2.525321e+02  -3.668329e+00
55  -5.268010e+02  -1.188539e+01
56  -6.513846e+02  9.902987e+00
57  -3.484673e+02  2.087466e+01
58  -1.924965e+03  1.082393e+01
59  -4.201610e+03  2.142753e+01
60  -1.195168e+04  -1.572857e+01
61  -4.227944e+04  3.833046e+01
62  -1.251978e+05  2.738239e+02
63  -6.032088e+05  2.184233e+02
ENDPROP
STARTPROP
MASSES:  4.500000e-02   4.500000e-02
SOURCE: GAM_31
SINKS: GAM_31
0  9.258080e+05  4.815872e+01
1  -6.119747e+05  -1.188785e+01
2  -1.317522e+05  -7.224622e+01
3  -4.715092e+04  -1.430322e+02
4  -1.716522e+04  -1.279415e+02
5  -6.022864e+03  -1.124379e+02
6  -1.956064e+03  -6.913438e+01
7  -8.797424e+02  -2.447626e+01
8  -2.937799e+02  1.727352e+00
9  -6.513059e+01  -2.889992e+00
10  -1.258889e+01  -1.735922e+00
11  -2.165284e+01  -2.460528e+00
12  -7.406862e+01  1.548859e+00
13  -5.278176e+01  1.429356e+00
14  -5.639993e+01  6.379486e-01
15  -3.735367e+01  1.180546e-01
16  -1.205279e+01  -5.666343e-02
17  -1.923740e+00  1.453029e-01
18  1.497125e+00  3.807266e-01
19  -1.075630e+00  3.296234e-01
20  -1.022628e+00  1.321209e-01
21  -7.607088e-01  6.877473e-02
22  -2.918458e-01  2.000490e-02
23  -1.800811e-01  -2.301717e-03
24  -1.485490e-01  -9.499813e-05
25  -7.054280e-02  -3.481655e-03
26  -5.770506e-02  -3.106934e-03
27  -4.279745e-02  -9.552636e-04
28  -4.355314e-03  1.189290e-03
29  9.536720e-03  1.421969e-04
30  1.204065e-02  3.988030e-04
31  8.151399e-03  2.386439e-04
32  3.105040e-03  1.410058e-04
33  5.976649e-04  9.749161e-05
34  7.736429e-03  -6.095633e-04
35  4.440576e-03  -1.021431e-03
36  6.458009e-03  -1.608949e-04
37  1.042839e-02  1.767771e-03
38  2.674149e-02  4.657093e-03
39  7.637561e-02  3.764059e-03
40  1.361210e-01  -2.476276e-04
41  2.170766e-01  1.191084e-03
42  2.389174e-01  -3.013340e-03
43  -3.980122e-01  9.689674e-03
44  -7.700141e-01  9.120912e-03
45  -3.407269e-01  -1.102102e-01
46  5.844476e-01  -2.658821e-01
47  -1.021269e+00  -4.771639e-01
48  -3.831501e+00  -5.698303e-01
49  -3.121995e+00  -7.956828e-01
50  1.419812e+00  1.000080e-01
51  2.403640e+01  2.291853e+00
52  7.260725e+00  6.171877e+00
53  -7.610367e+01  2.524501e+00
54  -2.525321e+02  -3.668329e+00
55  -5.268010e+02  -1.188539e+01
56  -6.513846e+02  9.902987e+00
57  -3.484673e+02  2.087466e+01
58  -1.924965e+03  1.082393e+01
59  -4.201610e+03  2.142753e+01
60  -1.195168e+04  -1.572857e+01
61  -4.227944e+04  3.833046e+01
62  -1.251978e+05  2.738239e+02
63  -6.032088e+05  2.184233e+02
ENDPROP
STARTPROP
MASSES:  4.500000e-02   4.500000e-02
SOURCE: GAM_14
SINKS: GAM_14
0  1.704760e+05  1.359542e+02
1  1.380990e+06  -8.816292e+01
2  5.634410e+05  8.678796e+01
3  2.762631e+05  6.595805e+01
4  1.367770e+05  -5.522561e+01
5  6.495671e+04  -9.499212e+01
6  2.916608e+04  -6.276838e+01
7  1.320657e+04  -9.589846e+01
8  6.100313e+03  -7.327312e+01
9  3.155641e+03  -4.759932e+01
10  1.562158e+03  -2.331718e+01
11  8.965946e+02  -9.194451e+00
12  4.994272e+02  -3.886083e+00
13  2.523677e+02  -1.084622e+00
14  1.180309e+02  1.324678e-01
15  5.998482e+01  8.055282e-02
16  3.199532e+01  -2.800537e-01
17  1.655981e+01  -4.048308e-01
18  1.029216e+01  -2.850435e-01
19  4.314841e+00  -2.295442e-01
20  1.386284e+00  -1.066134e-01
21  1.525427e+00  -6.083842e-02
22  9.834024e-01  -2.711841e-02
23  1.969636e-01  3.077655e-03
24  4.372171e-02  1.357959e-02
25  1.166305e-01  1.407693e-02
26  -8.633393e-03  1.151481e-02
27  -2.007355e-02  6.855346e-03
28  -5.552674e-03  2.283583e-03
29  -2.648598e-03  3.879877e-04
30  2.828659e-03  -2.406399e-04
31  -5.444995e-03  -1.974640e-04
32  -1.826800e-03  -7.473171e-04
33  8.078892e-03  -1.583619e-03
34  6.992657e-03  -2.145946e-03
35  1.031750e-02  -3.039075e-03
36  1.154761e-02  -4.527350e-03
37  -3.694707e-02  -8.910923e-03
38  -5.754708e-02  -1.607952e-02
39  1.341711e-02  -1.606944e-02
40  1.113812e-01  -1.750970e-02
41  2.970055e-01  -4.005263e-02
42  5.408201e-01  -5.682813e-02
43  7.060372e-01  -4.538835e-02
44  1.589286e+00  -6.849148e-02
45  1.966373e+00  -9.387219e-02
46  4.565500e+00  -4.091381e-01
47  8.202397e+00  -2.649587e-01
48  1.590500e+01  -6.496514e-01
49  3.470475e+01  -1.713835e+00
50  6.404396e+01  -2.177924e+00
51  1.390188e+02  -4.036960e+00
52  4.092342e+02  -6.087776e+00
53  8.800906e+02  -9.754077e+00
54  1.804473e+03  -8.683926e+00
55  3.944496e+03  -1.655331e+01
56  7.957013e+03  -4.053333e+01
57  1.587018e+04  -4.449466e+01
58  3.093259e+04  -7.693069e+01
59  6.255741e+04  2.759629e+01
60  1.273731e+05  4.132072e+01
61  2.677532e+05  3.147017e+01
62  5.445376e+05  -2.758133e+02
63  1.361032e+06  -5.634783e+02
ENDPROP
STARTPROP
MASSES:  4.500000e-02   4.500000e-02
SOURCE: GAM_41
SINKS: GAM_41
0  1.704760e+05  1.359542e+02
1  1.380990e+06  -8.816292e+01
2  5.634410e+05  8.678796e+01
3  2.762631e+05  6.595805e+01
4  1.367770e+05  -5.522561e+01
5  6.495671e+04  -9.499212e+01
6  2.916608e+04  -6.276838e+01
7  1.320657e+04  -9.589846e+01
8  6.100313e+03  -7.327312e+01
9  3.155641e+03  -4.759932e+01
10  1.562158e+03  -2.331718e+01
11  8.965946e+02  -9.194451e+00
12  4.994272e+02  -3.886083e+00
13  2.523677e+02  -1.084622e+00
14  1.180309e+02  1.324678e-01
15  5.998482e+01  8.055282e-02
16  3.199532e+01  -2.800537e-01
17  1.655981e+01  -4.048308e-01
18  1.029216e+01  -2.850435e-01
19  4.314841e+00  -2.295442e-01
20  1.386284e+00  -1.066134e-01
21  1.525427e+00  -6.083842e-02
22  9.834024e-01  -2.711841e-02
23  1.969636e-01  3.077655e-03
24  4.372171e-02  1.357959e-02
25  1.166305e-01  1.407693e-02
26  -8.633393e-03  1.151481e-02
27  -2.007355e-02  6.855346e-03
28  -5.552674e-03  2.283583e-03
29  -2.648598e-03  3.879877e-04
30  2.828659e-03  -2.406399e-04
31  -5.444995e-03  -1.974640e-04
32  -1.826800e-03  -7.473171e-04
33  8.078892e-03  -1.583619e-03
34  6.992657e-03  -2.145946e-03
35  1.031750e-02  -3.039075e-03
36  1.154761e-02  -4.527350e-03
37  -3.694707e-02  -8.910923e-03
38  -5.754708e-02  -1.607952e-02
39  1.341711e-02  -1.606944e-02
40  1.113812e-01  -1.750970e-02
41  2.970055e-01  -4.005263e-02
42  5.408201e-01  -5.682813e-02
43  7.060372e-01  -4.538835e-02
44  1.589286e+00  -6.849148e-02
45  1.966373e+00  -9.387219e-02
46  4.565500e+00  -4.091381e-01
47  8.202397e+00  -2.649587e-01
48  1.590500e+01  -6.496514e-01
49  3.470475e+01  -1.713835e+00
50  6.404396e+01  -2.177924e+00
51  1.390188e+02  -4.036960e+00
52  4.092342e+02  -6.087776e+00
53  8.800906e+02  -9.754077e+00
54  1.804473e+03  -8.683926e+00
55  3.944496e+03  -1.655331e+01
56  7.957013e+03  -4.053333e+01
57  1.587018e+04  -4.449466e+01
58  3.093259e+04  -7.693069e+01
59  6.255741e+04  2.759629e+01
60  1.273731e+05  4.132072e+01
61  2.677532e+05  3.147017e+01
62  5.445376e+05  -2.758133e+02
63  1.361032e+06  -5.634783e+02
ENDPROP
STARTPROP
MASSES:  4.500000e-02   4.500000e-02
SOURCE: GAM_23
SINKS: GAM_23
0  9.142115e+05  -2.965304e+02
1  -6.216611e+05  1.100435e+02
2  -1.356474e+05  2.728256e+02
3  -4.613299e+04  2.136283e+02
4  -1.477787e+04  1.841024e+01
5  -6.499752e+03  -1.443664e+01
6  -2.501119e+03  1.418356e+01
7  -4.551912e+02  1.869515e+01
8  3.264036e+02  -2.342206e+00
9  2.279902e+02  -1.095172e+01
10  1.472961e+02  -1.169976e+01
11  2.782509e+01  -4.023248e+00
12  1.656736e+00  5.058552e-02
13  -1.870989e+01  5.526277e-01
14  -1.499975e+01  -1.415057e-01
15  -3.673831e+00  -1.505376e-01
16  -3.447613e+00  -3.958881e-01
17  -7.942070e-01  1.903093e-02
18  -1.345723e+00  5.720778e-02
19  3.003467e-01  6.661397e-03
20  6.659555e-01  -6.951885e-02
21  -3.590861e-01  -5.111867e-02
22  -3.315330e-01  -2.157565e-02
23  -2.178648e-01  -8.412448e-03
24  -2.144440e-01  -3.803271e-03
25  -1.304961e-01  -4.358607e-03
26  -1.215745e-01  -8.490507e-04
27  -7.569243e-02  6.738476e-04
28  -3.131412e-02  9.207354e-05
29  -8.503849e-03  1.858488e-04
30  -7.418970e-03  6.390175e-05
31  -8.515029e-03  -7.604096e-05
32  -1.095101e-02  -5.054303e-04
33  -4.891028e-03  -7.723198e-04
34  -4.114963e-03  -1.174849e-03
35  -4.312451e-03  -1.301559e-03
36  2.545739e-03  -2.139485e-03
37  2.290073e-03  -4.326135e-03
38  3.737343e-02  -5.115079e-03
39  9.347733e-02  -2.155737e-03
40  1.286124e-01  -2.742222e-03
41  3.115689e-01  2.392751e-03
42  5.244265e-01  9.136727e-03
43  7.164382e-01  -2.212565e-02
44  1.455510e+00  -3.645184e-02
45  2.350260e+00  -3.533466e-02
46  1.843697e+00  1.793032e-01
47  -1.513250e+00  3.496362e-01
48  3.102771e-01  2.351900e-01
49  2.116379e+00  7.303095e-01
50  -1.357007e+01  1.456229e+00
51  -5.154143e+01  3.830409e+00
52  -1.348242e+02  6.395555e+00
53  -1.693545e+02  7.373488e+00
54  -1.912402e+02  8.826394e+00
55  9.190251e+01  7.005809e+00
56  -9.852669e+00  1.036815e+01
57  -1.044990e+03  1.027220e+01
58  -2.509259e+03  3.473336e+00
59  -5.740829e+03  -4.596240e+01
60  -1.792635e+04  -1.250419e+02
61  -4.777055e+04  -2.001110e+02
62  -1.344907e+05  -5.800994e+01
63  -6.181788e+05  8.884946e+01
ENDPROP
STARTPROP
MASSES:  4.500000e-02   4.500000e-02
SOURCE: GAM_32
SINKS: GAM_32
0  9.142115e+05  -2.965304e+02
1  -6.216611e+05  1.100435e+02
2  -1.356474e+05  2.728256e+02
3  -4.613299e+04  2.136283e+02
4  -1.477787e+04  1.841024e+01
5  -6.499752e+03  -1.443664e+01
6  -2.501119e+03  1.418356e+01
7  -4.551912e+02  1.869515e+01
8  3.264036e+02  -2.342206e+00
9  2.279902e+02  -1.095172e+01
10  1.472961e+02  -1.169976e+01
11  2.782509e+01  -4.023248e+00
12  1.656736e+00  5.058552e-02
13  -1.870989e+01  5.526277e-01
14  -1.499975e+01  -1.415057e-01
15  -3.673831e+00  -1.505376e-01
16  -3.447613e+00  -3.958881e-01
17  -7.942070e-01  1.903093e-02
18  -1.345723e+00  5.720778e-02
19  3.003467e-01  6.661397e-03
20  6.659555e-01  -6.951885e-02
21  -3.590861e-01  -5.111867e-02
22  -3.315330e-01  -2.157565e-02
23  -2.178648e-01  -8.412448e-03
24  -2.144440e-01  -3.803271e-03
25  -1.304961e-01  -4.358607e-03
26  -1.215745e-01  -8.490507e-04
27  -7.569243e-02  6.738476e-04
28  -3.131412e-02  9.207354e-05
29  -8.503849e-03  1.858488e-04
30  -7.418970e-03  6.390175e-05
31  -8.515029e-03  -7.604096e-05
32  -1.095101e-02  -5.054303e-04
33  -4.891028e-03  -7.723198e-04
34  -4.114963e-03  -1.174849e-03
35  -4.312451e-03  -1.301559e-03
36  2.545739e-03  -2.139485e-03
37  2.290073e-03  -4.326135e-03
38  3.737343e-02  -5.115079e-03
39  9.347733e-02  -2.155737e-03
40  1.286124e-01  -2.742222e-03
41  3.115689e-01  2.392751e-03
42  5.244265e-01  9.136727e-03
43  7.164382e-01  -2.212565e-02
44  1.455510e+00  -3.645184e-02
45  2.350260e+00  -3.533466e-02
46  1.843697e+00  1.793032e-01
47  -1.513250e+00  3.496362e-01
48  3.102771e-01  2.351900e-01
49  2.116379e+00  7.303095e-01
50  -1.357007e+01  1.456229e+00
51  -5.154143e+01  3.830409e+00
52  -1.348242e+02  6.395555e+00
53  -1.693545e+02  7.373488e+00
54  -1.912402e+02  8.826394e+00
55  9.190251e+01  7.005809e+00
56  -9.852669e+00  1.036815e+01
57  -1.044990e+03  1.027220e+01
58  -2.509259e+03  3.473336e+00
59  -5.740829e+03  -4.596240e+01
60  -1.792635e+04  -1.250419e+02
61  -4.777055e+04  -2.001110e+02
62  -1.344907e+05  -5.800994e+01
63  -6.181788e+05  8.884946e+01
ENDPROP
STARTPROP
MASSES:  4.500000e-02   4.500000e-02
SOURCE: GAM_24
SINKS: GAM_24
0  1.781058e+05  -2.146799e+01
1  1.385289e+06  -4.112350e+02
2  5.585920e+05  -4.306802e+02
3  2.742541e+05  -2.067755e+02
4  1.339000e+05  4.414506e+01
5  6.137139e+04  1.897087e+01
6  2.727916e+04  3.162694e+01
7  1.317301e+04  1.860309e+01
8  6.455582e+03  -1.044561e+01
9  3.299289e+03  -2.123609e+01
10  1.610071e+03  1.166623e-01
11  7.639633e+02  -4.676125e-01
12  3.882081e+02  -2.445322e-01
13  1.795619e+02  -1.619219e+00
14  4.117353e+01  -1.035741e+00
15  1.079209e+01  5.769112e-01
16  -4.356624e+00  6.239385e-01
17  -5.587275e+00  1.145672e-01
18  -5.389641e+00  1.359247e-02
19  -3.567103e+00  -1.775449e-01
20  -2.201970e+00  -2.615102e-02
21  -1.549098e+00  1.049463e-02
22  -7.041487e-01  4.529080e-02
23  -4.453807e-02  3.981706e-02
24  3.097462e-02  3.721540e-02
25  2.843664e-02  2.431677e-02
26  4.548292e-02  1.894894e-02
27  6.580652e-02  1.490973e-02
28  8.897467e-03  9.941307e-03
29  3.628722e-03  4.959435e-03
30  6.585677e-03  2.154460e-03
31  6.128776e-03  1.007236e-03
32  1.399607e-03  4.284948e-04
33  2.155709e-03  -1.806169e-04
34  9.472877e-03  -1.300460e-03
35  -1.319615e-04  -3.239432e-03
36  -1.510539e-02  -6.381132e-03
37  -2.073820e-02  -9.959767e-03
38  -5.099404e-02  -8.800846e-03
39  -7.872848e-02  -3.605651e-03
40  -2.734654e-01  -2.516374e-03
41  -6.144658e-01  8.067407e-04
42  -1.472434e+00  9.916216e-03
43  -2.525563e+00  -4.693461e-02
44  -2.897339e+00  -1.821769e-01
45  -4.490644e+00  -3.668375e-01
46  -4.703462e+00  -6.147939e-01
47  -1.387432e+00  -1.354759e+00
48  -8.843204e-01  -2.144998e+00
49  -2.832088e+00  -2.471020e+00
50  3.417609e+01  -2.424746e+00
51  1.025348e+02  -4.298544e+00
52  2.325551e+02  -2.494135e+00
53  6.668789e+02  -5.135452e+00
54  1.698438e+03  -5.880981e+00
55  3.050018e+03  -6.929877e+00
56  6.239899e+03  -1.816435e+01
57  1.370428e+04  -6.032696e+01
58  2.950598e+04  -9.582306e+01
59  6.388145e+04  -1.009485e+02
60  1.337261e+05  -3.432276e+01
61  2.738480e+05  8.810148e+01
62  5.518447e+05  2.958320e+01
63  1.372737e+06  -1.780763e+02
ENDPROP
STARTPROP
MASSES:  4.500000e-02   4.500000e-02
SOURCE: GAM_42
SINKS: GAM_42
0  1.781058e+05  -2.146799e+01
1  1.385289e+06  -4.112350e+02
2  5.585920e+05  -4.306802e+02
3  2.742541e+05  -2.067755e+02
4  1.339000e+05  4.414506e+01
5  6.137139e+04  1.897087e+01
6  2.727916e+04  3.162694e+01
7  1.317301e+04  1.860309e+01
8  6.455582e+03  -1.044561e+01
9  3.299289e+03  -2.123609e+01
10  1.610071e+03  1.166623e-01
11  7.639633e+02  -4.676125e-01
12  3.882081e+02  -2.445322e-01
13  1.795619e+02  -1.619219e+00
14  4.117353e+01  -1.035741e+00
15  1.079209e+01  5.769112e-01
16  -4.356624e+00  6.239385e-01
17  -5.587275e+00  1.145672e-01
18  -5.389641e+00  1.359247e-02
19  -3.567103e+00  -1.775449e-01
20  -2.201970e+00  -2.615102e-02
21  -1.549098e+00  1.049463e-02
22  -7.041487e-01  4.529080e-02
23  -4.453807e-02  3.981706e-02
24  3.097462e-02  3.721540e-02
25  2.843664e-02  2.431677e-02
26  4.548292e-02  1.894894e-02
27  6.580652e-02  1.490973e-02
28  8.897467e-03  9.941307e-03
29  3.628722e-03  4.959435e-03
30  6.585677e-03  2.154460e-03
31  6.128776e-03  1.007236e-03
32  1.399607e-03  4.284948e-04
33  2.155709e-03  -1.806169e-04
34  9.472877e-03  -1.300460e-03
35  -1.319615e-04  -3.239432e-03
36  -1.510539e-02  -6.381132e-03
37  -2.073820e-02  -9.959767e-03
38  -5.099404e-02  -8.800846e-03
39  -7.872848e-02  -3.605651e-03
40  -2.734654e-01  -2.516374e-03
41  -6.144658e-01  8.067407e-04
42  -1.472434e+00  9.916216e-03
43  -2.525563e+00  -4.693461e-02
44  -2.897339e+00  -1.821769e-01
45  -4.490644e+00  -3.668375e-01
46  -4.703462e+00  -6.147939e-01
47  -1.387432e+00  -1.354759e+00
48  -8.843204e-01  -2.144998e+00
49  -2.832088e+00  -2.471020e+00
50  3.417609e+01  -2.424746e+00
51  1.025348e+02  -4.298544e+00
52  2.325551e+02  -2.494135e+00
53  6.668789e+02  -5.135452e+00
54  1.698438e+03  -5.880981e+00
55  3.050018e+03  -6.929877e+00
56  6.239899e+03  -1.816435e+01
57  1.370428e+04  -6.032696e+01
58  2.950598e+04  -9.582306e+01
59  6.388145e+04  -1.009485e+02
60  1.337261e+05  -3.432276e+01
61  2.738480e+05  8.810148e+01
62  5.518447e+05  2.958320e+01
63  1.372737e+06  -1.780763e+02
ENDPROP
STARTPROP
MASSES:  4.500000e-02   4.500000e-02
SOURCE: GAM_34
SINKS: GAM_34
0  1.681907e+05  -6.658049e+02
1  1.378853e+06  -7.346674e+02
2  5.677239e+05  -4.845278e+02
3  2.752206e+05  -8.342064e+01
4  1.342090e+05  4.779975e+01
5  6.328759e+04  4.566913e+01
6  2.994942e+04  -1.011285e+01
7  1.403591e+04  -4.810474e+01
8  7.033155e+03  -3.842674e+01
9  3.817096e+03  -2.373837e+01
10  1.907882e+03  -7.579810e+00
11  9.419501e+02  -5.506386e+00
12  4.846956e+02  -7.800229e+00
13  2.349214e+02  -6.736773e+00
14  8.514800e+01  -4.444590e+00
15  2.427243e+01  -1.876976e+00
16  7.234867e+00  -6.467054e-01
17  4.725706e+00  -1.890809e-03
18  2.827705e+00  1.687109e-01
19  2.272118e+00  2.289986e-01
20  2.899454e+00  1.594292e-01
21  2.266054e+00  7.490183e-02
22  1.870935e+00  4.995195e-02
23  8.156753e-01  3.368005e-02
24  1.877771e-01  2.345949e-02
25  2.491245e-02  2.408110e-03
26  -3.022448e-02  6.699312e-04
27  -3.507967e-02  -7.336956e-04
28  -5.799043e-02  -9.350668e-04
29  -2.804651e-02  1.475161e-04
30  -1.298765e-02  -4.530951e-04
31  -1.044929e-02  -8.872919e-04
32  -6.477468e-03  -1.469048e-03
33  -7.575325e-03  -2.218200e-03
34  2.599078e-03  -3.334422e-03
35  1.025523e-02  -5.465913e-03
36  4.717674e-02  -8.561202e-03
37  5.298118e-02  -1.283092e-02
38  9.354986e-02  -1.499306e-02
39  1.728611e-01  -1.760630e-02
40  4.677331e-01  -2.956102e-02
41  8.850312e-01  -5.114383e-02
42  1.080203e+00  -7.268112e-02
43  7.341708e-01  -8.372961e-02
44  7.660834e-01  -2.136553e-01
45  1.196896e+00  -2.641519e-01
46  -1.956411e-01  -3.630078e-01
47  -1.734054e+00  -1.866940e-01
48  1.542869e+00  -1.535847e-01
49  1.142554e+01  7.007794e-02
50  2.648091e+01  4.505536e-01
51  3.885997e+01  -2.502153e+00
52  1.182547e+02  -9.775655e-01
53  3.152357e+02  2.193880e+00
54  9.960339e+02  9.376187e+00
55  2.701826e+03  1.700785e+01
56  6.648182e+03  3.245192e+01
57  1.538395e+04  3.011265e+01
58  3.182440e+04  3.901575e+01
59  6.472715e+04  4.103423e+01
60  1.341163e+05  1.059423e+01
61  2.725047e+05  -1.120531e+02
62  5.426871e+05  -1.914075e+02
63  1.358179e+06  -4.018742e+02
ENDPROP
STARTPROP
MASSES:  4.500000e-02   4.500000e-02
SOURCE: GAM_43
SINKS: GAM_43
0  1.681907e+05  -6.658049e+02
1  1.378853e+06  -7.346674e+02
2  5.677239e+05  -4.845278e+02
3  2.752206e+05  -8.342064e+01
4  1.342090e+05  4.779975e+01
5  6.328759e+04  4.566913e+01
6  2.994942e+04  -1.011285e+01
7  1.403591e+04  -4.810474e+01
8  7.033155e+03  -3.842674e+01
9  3.817096e+03  -2.373837e+01
10  1.907882e+03  -7.579810e+00
11  9.419501e+02  -5.506386e+00
12  4.846956e+02  -7.800229e+00
13  2.349214e+02  -6.736773e+00
14  8.514800e+01  -4.444590e+00
15  2.427243e+01  -1.876976e+00
16  7.234867e+00  -6.467054e-01
17  4.725706e+00  -1.890809e-03
18  2.827705e+00  1.687109e-01
19  2.272118e+00  2.289986e-01
20  2.899454e+00  1.594292e-01
21  2.266054e+00  7.490183e-02
22  1.870935e+00  4.995195e-02
23  8.156753e-01  3.368005e-02
24  1.877771e-01  2.345949e-02
25  2.491245e-02  2.408110e-03
26  -3.022448e-02  6.699312e-04
27  -3.507967e-02  -7.336956e-04
28  -5.799043e-02  -9.350668e-04
29  -2.804651e-02  1.475161e-04
30  -1.298765e-02  -4.530951e-04
31  -1.044929e-02  -8.872919e-04
32  -6.477468e-03  -1.469048e-03
33  -7.575325e-03  -2.218200e-03
34  2.599078e-03  -3.334422e-03
35  1.025523e-02  -5.465913e-03
36  4.717674e-02  -8.561202e-03
37  5.298118e-02  -1.283092e-02
38  9.354986e-02  -1.499306e-02
39  1.728611e-01  -1.760630e-02
40  4.677331e-01  -2.956102e-02
41  8.850312e-01  -5.114383e-02
42  1.080203e+00  -7.268112e-02
43  7.341708e-01  -8.372961e-02
44  7.660834e-01  -2.136553e-01
45  1.196896e+00  -2.641519e-01
46  -1.956411e-01  -3.630078e-01
47  -1.734054e+00  -1.866940e-01
48  1.542869e+00  -1.535847e-01
49  1.142554e+01  7.007794e-02
50  2.648091e+01  4.505536e-01
51  3.885997e+01  -2.502153e+00
52  1.182547e+02  -9.775655e-01
53  3.152357e+02  2.193880e+00
54  9.960339e+02  9.376187e+00
55  2.701826e+03  1.700785e+01
56  6.648182e+03  3.245192e+01
57  1.538395e+04  3.011265e+01
58  3.182440e+04  3.901575e+01
59  6.472715e+04  4.103423e+01
60  1.341163e+05  1.059423e+01
61  2.725047e+05  -1.120531e+02
62  5.426871e+05  -1.914075e+02
63  1.358179e+06  -4.018742e+02
ENDPROP
STARTPROP
MASSES:  4.500000e-02   4.500000e-02
SOURCE: GAM_15
SINKS: GAM_15
0  1.401243e+05  2.555655e+02
1  -8.591674e+05  9.973049e+01
2  -2.357486e+05  2.536584e+02
3  -8.633488e+04  1.986451e+02
4  -3.212441e+04  2.257210e+02
5  -1.165091e+04  1.370324e+02
6  -3.974903e+03  1.081915e+02
7  -7.018417e+02  8.465156e+01
8  -8.972315e+01  3.972861e+01
9  -1.528259e+02  2.547981e+00
10  -3.037210e+02  2.757289e+00
11  -1.864875e+02  5.804186e+00
12  -1.265840e+02  3.967462e+00
13  -5.490099e+01  1.669975e+00
14  -1.467814e+01  1.171177e+00
15  8.227370e-01  5.775499e-01
16  2.839982e+00  -9.645858e-02
17  2.850739e+00  -2.253261e-01
18  9.012845e-01  -2.232669e-01
19  -8.626172e-02  1.217145e-02
20  -1.324551e-01  4.929404e-02
21  -4.524849e-01  3.235091e-02
22  -4.539975e-01  7.120820e-03
23  -2.162772e-01  9.185444e-03
24  1.102098e-02  9.390469e-03
25  2.550449e-01  1.842537e-02
26  2.383194e-01  1.651098e-02
27  1.498675e-01  9.854813e-03
28  7.439066e-02  4.817687e-03
29  2.971755e-02  3.075024e-03
30  6.811143e-03  1.245468e-03
31  -8.921290e-04  6.422933e-05
32  -3.247484e-03  6.086768e-06
33  -5.090342e-03  2.545048e-04
34  1.077622e-02  4.979744e-04
35  2.670070e-02  2.662668e-03
36  5.120617e-02  4.202215e-03
37  9.292911e-02  3.760648e-03
38  1.001057e-01  1.311839e-03
39  1.057467e-01  -5.699518e-04
40  1.244140e-01  1.032067e-02
41  2.301142e-01  2.164657e-02
42  2.434836e-01  3.188569e-02
43  -2.644117e-01  6.019542e-02
44  -1.964874e+00  5.419183e-02
45  -2.077282e+00  1.025774e-01
46  -4.589646e+00  1.841192e-01
47  -1.035580e+01  3.907933e-02
48  -1.681761e+01  -5.192436e-01
49  -2.759147e+01  -1.152377e+00
50  -5.476543e+01  -1.843245e+00
51  -1.264615e+02  -2.352451e+00
52  -2.694468e+02  -4.848527e+00
53  -4.307613e+02  -9.854337e+00
54  -5.928398e+02  -1.236103e+01
55  -6.512929e+02  -9.349010e+00
56  -6.232487e+02  8.580616e+00
57  -8.312261e+02  1.689149e+01
58  -2.966589e+03  -4.282729e+00
59  -1.120217e+04  1.101514e+01
60  -3.179462e+04  -1.661006e+01
61  -8.612136e+04  -5.356725e+01
62  -2.356712e+05  -2.652305e+02
63  -8.688060e+05  -1.974324e+02
ENDPROP
STARTPROP
MASSES:  4.500000e-02   4.500000e-02
SOURCE: GAM_25
SINKS: GAM_25
0  1.081383e+05  -4.103076e+02
1  -8.935456e+05  -9.455049e+01
2  -2.561705e+05  2.575548e+02
3  -9.731517e+04  1.264228e+01
4  -3.910882e+04  -6.868127e+01
5  -1.641445e+04  1.745273e+00
6  -7.731017e+03  -8.742938e+00
7  -3.595796e+03  -2.956941e+01
8  -1.730479e+03  3.417570e+00
9  -4.359635e+02  -2.179130e+00
10  -2.218241e+02  -9.265848e-01
11  -1.924619e+02  -4.678200e+00
12  -8.058937e+01  -1.789959e+00
13  -1.397612e+01  1.360901e+00
14  3.464752e+00  1.478095e+00
15  -1.406035e+00  3.979328e-01
16  -9.940173e+00  1.485537e-01
17  -7.204971e+00  1.630671e-01
18  -4.024487e+00  3.229619e-01
19  -1.268657e+00  2.552422e-01
20  -1.271301e+00  1.413416e-01
21  -1.207727e+00  5.738298e-02
22  -5.455392e-01  6.354490e-03
23  -6.093156e-02  -7.304926e-03
24  4.591390e-02  -8.091861e-05
25  3.787758e-02  6.249937e-03
26  6.753347e-02  4.927845e-03
27  3.282473e-02  2.360289e-03
28  2.891725e-02  2.254209e-03
29  3.870505e-02  2.008436e-03
30  4.087363e-02  1.625021e-03
31  3.944037e-02  1.300397e-03
32  3.367667e-02  1.410057e-03
33  2.390912e-02  1.327379e-03
34  1.975226e-02  1.439055e-03
35  3.002774e-02  2.487497e-03
36  5.437980e-02  3.039678e-03
37  5.037408e-02  4.788083e-03
38  1.560254e-01  7.075776e-03
39  2.230039e-01  1.110460e-02
40  3.071065e-01  6.403903e-03
41  6.796638e-01  1.213364e-02
42  1.062204e+00  -8.988330e-03
43  1.001563e+00  -1.082549e-02
44  7.126017e-01  -6.179851e-02
45  -6.006136e-01  -9.611616e-02
46  -3.047407e+00  -2.926192e-01
47  2.464014e-01  -3.792824e-01
48  3.648306e+00  -4.997755e-01
49  -7.477057e+00  -4.581777e-02
50  -4.811389e+01  1.466644e+00
51  -8.363589e+01  5.090741e+00
52  -1.175549e+02  7.673075e+00
53  -1.342184e+02  2.104553e+00
54  -8.026426e+01  -2.565752e+00
55  3.621693e+00  9.658908e+00
56  -7.270073e+01  3.923093e+01
57  -7.093587e+02  3.536726e+01
58  -4.091723e+03  7.046549e+00
59  -1.222594e+04  4.031534e+01
60  -3.473293e+04  -8.550119e+00
61  -9.331935e+04  -2.757166e+02
62  -2.488497e+05  -2.403049e+02
63  -8.827698e+05  -2.832950e+02
ENDPROP
STARTPROP
MASSES:  4.500000e-02   4.500000e-02
SOURCE: GAM_35
SINKS: GAM_35
0  1.369873e+05  -3.720473e+02
1  -8.710643e+05  -2.046086e+02
2  -2.412519e+05  -1.764557e+02
3  -8.876654e+04  -5.083386e+01
4  -3.468691e+04  1.675423e+01
5  -1.362187e+04  4.892882e+01
6  -5.470947e+03  7.230501e+01
7  -1.618039e+03  3.212396e+01
8  -1.535760e+02  -1.752448e+01
9  5.679165e+02  -3.838961e+01
10  6.659416e+02  -1.575716e+01
11  3.844954e+02  -4.948422e+00
12  1.999328e+02  -4.682715e-02
13  9.006049e+01  -3.265702e-02
14  3.783286e+01  8.206250e-01
15  5.278216e+00  5.497969e-01
16  4.347319e+00  4.352372e-01
17  2.211503e+00  1.554733e-01
18  4.663591e-01  -2.317784e-01
19  1.231203e+00  -2.507356e-01
20  1.130021e+00  -2.157203e-01
21  1.300639e-01  -1.359810e-01
22  -2.363853e-01  -6.344551e-02
23  -1.313729e-01  -2.513062e-02
24  8.126654e-03  -2.671001e-03
25  6.388874e-02  -3.603401e-03
26  9.329684e-02  -5.260172e-03
27  5.440732e-02  -4.224260e-03
28  2.792475e-02  -1.262680e-03
29  8.203518e-03  -1.116907e-03
30  -1.753617e-03  -1.241195e-03
31  6.287630e-03  -2.642265e-04
32  1.276078e-02  -1.220514e-04
33  2.215958e-02  5.399802e-05
34  1.556340e-02  2.111525e-04
35  -9.457559e-03  -1.036555e-03
36  -3.273249e-02  -1.070134e-03
37  -1.064216e-01  -9.182046e-04
38  -1.072046e-01  4.056842e-05
39  -8.345766e-02  2.363625e-04
40  -2.329230e-01  -3.710459e-04
41  -2.170720e-01  -6.581769e-03
42  -5.950446e-02  -9.127605e-03
43  3.676850e-01  -5.153046e-02
44  -2.916969e-01  -8.995207e-02
45  -2.785073e+00  -4.967837e-03
46  -6.966680e+00  4.717241e-02
47  -1.351399e+01  1.350094e-01
48  -2.342757e+01  2.213322e-01
49  -4.608679e+01  5.278975e-01
50  -6.858154e+01  -2.205191e-01
51  -1.214763e+02  4.600146e-01
52  -1.744537e+02  -1.238626e+00
53  -1.658065e+02  4.400231e+00
54  -2.614862e+02  1.476154e+01
55  -2.517498e+02  3.319180e+01
56  -5.316957e+02  6.043013e+01
57  -1.416955e+03  6.577225e+01
58  -4.926732e+03  4.229821e+01
59  -1.324588e+04  -4.129481e+01
60  -3.565722e+04  -1.362372e+01
61  -9.300212e+04  1.490039e+02
62  -2.393707e+05  2.137976e+02
63  -8.654008e+05  4.627021e+01
ENDPROP
STARTPROP
MASSES:  4.500000e-02   4.500000e-02
SOURCE: GAM_45
SINKS: GAM_45
0  -9.823069e+05  -4.592076e+02
1  1.123819e+06  -5.343673e+02
2  5.472979e+05  -7.598118e+02
3  3.520503e+05  -3.817396e+02
4  2.249795e+05  -2.042977e+02
5  1.382743e+05  -1.023077e+02
6  8.441603e+04  -1.444459e+00
7  5.054598e+04  3.356255e+01
8  3.079973e+04  3.443061e+01
9  1.885765e+04  2.945569e+01
10  1.136623e+04  2.622097e+01
11  7.054539e+03  1.575495e+01
12  4.376304e+03  1.278116e+01
13  2.720116e+03  1.050193e+01
14  1.640172e+03  7.304663e+00
15  9.850382e+02  4.247989e+00
16  5.979101e+02  2.724811e+00
17  3.611136e+02  1.560203e+00
18  2.190292e+02  9.069227e-01
19  1.343626e+02  5.113311e-01
20  8.290701e+01  3.177449e-01
21  5.068696e+01  2.286764e-01
22  3.115178e+01  1.278678e-01
23  1.920848e+01  9.983279e-02
24  1.180780e+01  7.624243e-02
25  7.161891e+00  4.877032e-02
26  4.397609e+00  2.828644e-02
27  2.705341e+00  1.907516e-02
28  1.655887e+00  1.163783e-02
29  1.038179e+00  6.509320e-03
30  6.921505e-01  4.466471e-03
31  4.955374e-01  3.931319e-03
32  4.252903e-01  3.470158e-03
33  4.618380e-01  2.949179e-03
34  6.192133e-01  3.237328e-03
35  9.251489e-01  4.153101e-03
36  1.476845e+00  8.291196e-03
37  2.426293e+00  1.349375e-02
38  4.042288e+00  1.875011e-02
39  6.545004e+00  2.501878e-02
40  1.060871e+01  4.640095e-02
41  1.697731e+01  9.204256e-02
42  2.807691e+01  1.694031e-01
43  4.535402e+01  3.221730e-01
44  7.541905e+01  6.343922e-01
45  1.227558e+02  1.051491e+00
46  2.020246e+02  1.631644e+00
47  3.268091e+02  2.213102e+00
48  5.343745e+02  2.515691e+00
49  8.780901e+02  5.008837e+00
50  1.447050e+03  7.090349e+00
51  2.411880e+03  1.242642e+01
52  3.973620e+03  1.844221e+01
53  6.577092e+03  3.663785e+01
54  1.086074e+04  5.058234e+01
55  1.773144e+04  7.754826e+01
56  2.896000e+04  1.017539e+02
57  4.756581e+04  1.049941e+02
58  7.800149e+04  1.224605e+02
59  1.273870e+05  1.359293e+02
60  2.039477e+05  2.298624e+01
61  3.322546e+05  -2.329520e+02
62  5.261587e+05  -3.663396e+02
63  1.104238e+06  -3.398022e+02
ENDPROP
STARTPROP
MASSES:  4.500000e-02   4.500000e-02
SOURCE: PSAX4
SINKS: GAM_4
0  5.306357e+04  4.171383e+02
1  1.751703e+06  -1.590384e+02
2  9.740565e+05  -8.286310e+02
3  6.090325e+05  -6.053753e+02
4  3.818197e+05  -3.134430e+02
5  2.321484e+05  -1.827010e+02
6  1.414406e+05  -7.885792e+01
7  8.481302e+04  -2.523755e+01
8  5.139479e+04  -8.569835e+00
9  3.120835e+04  -7.737620e+00
10  1.879174e+04  -1.488892e+00
11  1.159054e+04  -7.349486e+00
12  7.139855e+03  -9.230038e-01
13  4.415709e+03  3.998937e+00
14  2.675967e+03  4.461716e+00
15  1.614241e+03  2.232860e+00
16  9.820569e+02  1.695312e+00
17  5.954374e+02  6.784040e-01
18  3.634576e+02  2.183355e-01
19  2.224279e+02  8.504967e-03
20  1.369288e+02  -2.254448e-02
21  8.322609e+01  6.278010e-03
22  5.105123e+01  -3.964155e-03
23  3.126732e+01  3.626899e-02
24  1.915109e+01  4.577967e-02
25  1.161631e+01  3.061185e-02
26  7.087536e+00  1.817842e-02
27  4.336413e+00  1.436619e-02
28  2.591640e+00  9.928650e-03
29  1.539776e+00  5.705426e-03
30  8.753067e-01  3.832335e-03
31  4.064976e-01  1.684160e-03
32  4.437660e-02  -1.098203e-03
33  -3.237317e-01  -4.846392e-03
34  -7.837574e-01  -9.427890e-03
35  -1.431138e+00  -1.633353e-02
36  -2.449415e+00  -2.904526e-02
37  -4.126219e+00  -4.884747e-02
38  -6.851039e+00  -7.313417e-02
39  -1.111684e+01  -1.100005e-01
40  -1.804102e+01  -1.815918e-01
41  -2.895414e+01  -2.880312e-01
42  -4.781238e+01  -4.415051e-01
43  -7.777029e+01  -7.200616e-01
44  -1.291614e+02  -1.200300e+00
45  -2.113913e+02  -1.811650e+00
46  -3.476503e+02  -2.691813e+00
47  -5.652016e+02  -3.682493e+00
48  -9.219013e+02  -4.075047e+00
49  -1.516629e+03  -6.936074e+00
50  -2.495336e+03  -9.375222e+00
51  -4.164268e+03  -1.585312e+01
52  -6.853873e+03  -2.540008e+01
53  -1.136281e+04  -5.255173e+01
54  -1.885224e+04  -7.528873e+01
55  -3.067232e+04  -1.279884e+02
56  -5.002853e+04  -1.800022e+02
57  -8.146542e+04  -2.395898e+02
58  -1.323986e+05  -3.278435e+02
59  -2.147251e+05  -3.748159e+02
60  -3.448723e+05  -3.147192e+02
61  -5.663308e+05  -6.842023e+01
62  -9.084735e+05  2.223693e+02
63  -1.664461e+06  3.412790e+02
ENDPROP
STARTPROP
MASSES:  4.500000e-02   4.500000e-02
SOURCE: WWPSAX4
SINKS: GAM_4
0  -2.188743e+07  9.777253e+06
1  1.441146e+09  -4.164826e+05
2  4.951338e+08  1.913611e+05
3  3.704569e+08  2.469321e+06
4  3.080396e+08  -1.265582e+04
5  9.582293e+07  8.166356e+05
6  9.327060e+07  -1.356515e+05
7  4.515914e+07  2.844097e+04
8  2.472672e+07  -1.226676e+05
9  2.365113e+07  -1.807646e+05
10  4.762536e+06  -4.544331e+04
11  5.147905e+06  1.444840e+04
12  2.428115e+06  -7.246227e+03
13  2.402725e+06  2.319837e+04
14  1.227699e+06  1.683552e+03
15  6.209522e+05  -4.044111e+03
16  5.715247e+05  6.190918e+03
17  3.437355e+05  1.861024e+01
18  2.205475e+05  1.250590e+03
19  1.646880e+05  9.426759e+02
20  9.557421e+04  -3.405909e+02
21  4.624146e+04  -1.031718e+03
22  2.728501e+04  -5.466013e+01
23  1.703957e+04  5.983018e+01
24  8.013598e+03  1.465287e+02
25  6.730225e+03  7.992494e+01
26  4.422044e+03  4.044153e+01
27  2.302296e+03  -1.252188e+01
28  9.480174e+02  6.829273e+00
29  7.598014e+02  -1.020390e+00
30  3.883561e+02  -3.638849e+00
31  1.467564e+02  3.672074e+00
32  6.766062e+01  -1.182026e+00
33  -1.040690e+02  2.782015e+00
34  -3.672287e+02  -1.234465e+01
35  -1.018428e+03  -3.489663e+00
36  -1.180107e+03  -2.178946e+01
37  -2.368414e+03  7.826265e+00
38  -3.011498e+03  -8.139417e+01
39  -5.752882e+03  -9.682515e+01
40  -7.799692e+03  -1.252891e+02
41  -9.734153e+03  -4.470624e+01
42  -1.730857e+04  -1.999586e+02
43  -4.978432e+04  3.256721e+01
44  -6.059894e+04  -1.742267e+03
45  -7.267360e+04  -1.321953e+03
46  -1.750905e+05  -1.065932e+03
47  -2.737085e+05  -4.343985e+03
48  -3.673548e+05  -7.875652e+03
49  -5.942849e+05  -1.225941e+04
50  -7.930003e+05  -4.353109e+03
51  -1.818873e+06  -1.024467e+04
52  -3.382302e+06  -6.389608e+04
53  -4.292884e+06  -5.536998e+04
54  -7.376839e+06  -1.275338e+05
55  -1.728458e+07  -2.409569e+05
56  -2.478881e+07  5.619148e+04
57  -3.959807e+07  -7.770903e+05
58  -1.056352e+08  4.054774e+05
59  -8.982495e+07  -8.924053e+05
60  -2.159640e+08  -8.139387e+05
61  -2.513831e+08  -5.865203e+05
62  -4.733835e+08  -5.015462e+05
63  -1.158275e+09  -1.033991e+06
ENDPROP
STARTPROP
MASSES:  4.500000e-02   4.500000e-02
SOURCE: WWGAM_5
SINKS: GAM_5
0  2.111763e+10  4.572539e-01
1  1.948281e+09  -4.812385e+05
2  7.574048e+08  -1.727934e+06
3  5.490457e+08  1.300428e+06
4  4.328410e+08  1.727364e+04
5  1.812854e+08  4.826340e+05
6  1.313272e+08  -1.687992e+05
7  7.186072e+07  8.302361e+04
8  4.282539e+07  -2.273309e+05
9  3.280677e+07  -1.944073e+05
10  1.235762e+07  1.149482e+04
11  9.433243e+06  5.214618e+04
12  4.874600e+06  -6.680962e+03
13  3.750498e+06  4.989021e+04
14  2.186748e+06  1.507779e+03
15  1.186520e+06  -2.259085e+03
16  8.623409e+05  5.294171e+03
17  5.571861e+05  7.276750e+02
18  3.269802e+05  2.007203e+03
19  2.415086e+05  9.227403e+02
20  1.466981e+05  -2.004363e+02
21  6.930511e+04  -8.281256e+02
22  4.528798e+04  -1.254239e+02
23  2.630318e+04  -2.273570e+01
24  1.632056e+04  1.919336e+02
25  1.132737e+04  5.276856e+01
26  6.375761e+03  3.445591e+01
27  3.905787e+03  -1.780969e+01
28  2.018788e+03  7.290764e+00
29  1.490561e+03  1.117286e+01
30  9.068980e+02  4.674949e+00
31  6.711354e+02  9.683726e+00
32  5.190426e+02  -7.464315e-01
33  6.752844e+02  1.111531e+01
34  8.918811e+02  1.396954e+01
35  1.609477e+03  7.574740e+00
36  2.157336e+03  1.097823e+01
37  3.979574e+03  1.772516e+01
38  5.712467e+03  1.067350e+02
39  9.338798e+03  1.653713e+02
40  1.328094e+04  1.881242e+02
41  1.887534e+04  7.004952e+00
42  3.707469e+04  5.240443e+02
43  7.719278e+04  2.689724e+02
44  9.112331e+04  2.023795e+03
45  1.439912e+05  1.068707e+03
46  2.578630e+05  1.645569e+03
47  4.503847e+05  5.297430e+03
48  6.284426e+05  7.296248e+03
49  1.145826e+06  2.232491e+04
50  1.653609e+06  1.578820e+04
51  3.228287e+06  1.590424e+04
52  5.802100e+06  7.030449e+04
53  8.724967e+06  9.727247e+04
54  1.369131e+07  1.426097e+05
55  2.930750e+07  2.700184e+05
56  4.122920e+07  -4.815592e+03
57  6.397656e+07  7.408001e+05
58  1.607160e+08  -5.446310e+05
59  1.625011e+08  1.588121e+06
60  3.321593e+08  1.263262e+06
61  4.329383e+08  8.580907e+05
62  7.565370e+08  1.149394e+06
63  1.630839e+09  -7.410347e+05
ENDPROP
