STARTPROP
MASSES:  4.200000e-03   4.200000e-03
SOURCE: GAM_1
SINKS: GAM_1
0  1.195528e+06  -2.574343e+03
1  1.980679e+06  -2.945699e+03
2  9.757812e+05  -5.767645e+02
3  5.644075e+05  1.361984e+03
4  3.222104e+05  -8.467278e+02
5  1.811034e+05  2.489981e+02
6  9.708872e+04  -2.197047e+03
7  3.180065e+04  -2.349037e+03
8  -3.331661e+02  -3.226896e+03
9  -1.834381e+04  -5.484456e+03
10  -1.023502e+04  -4.442375e+03
11  4.293996e+03  -2.361615e+03
12  1.218939e+04  -1.697776e+03
13  1.699392e+04  -1.670605e+03
14  1.250205e+04  -2.500649e+03
15  8.009080e+03  -1.931427e+03
16  6.633498e+03  -1.113369e+03
17  5.442806e+03  -1.133066e+03
18  1.101290e+03  -6.932759e+02
19  -1.568960e+03  -1.688238e+02
20  -1.616419e+03  1.032229e+01
21  -1.365513e+03  -8.392612e+01
22  -1.149867e+03  3.241968e+02
23  -1.319351e+03  3.883039e+02
24  -1.428382e+03  2.055040e+02
25  -1.061445e+03  3.393302e+02
26  -3.326565e+02  4.057325e+02
27  1.740196e+02  3.590918e+02
28  6.368218e+02  3.071334e+02
29  8.688250e+02  2.688648e+02
30  7.636568e+02  2.668972e+02
31  3.428939e+02  2.734733e+02
32  2.655098e+02  1.786418e+02
33  9.376621e+01  -9.686874e+00
34  -2.593719e+02  -1.698224e+02
35  9.197875e+00  -2.637230e+02
36  6.179136e+02  -1.895350e+02
37  9.495967e+02  5.499845e+00
38  4.139828e+02  4.445903e+01
39  1.901315e+02  3.327784e+01
40  -3.100264e+00  2.329938e+02
41  -8.685757e+02  3.833149e+02
42  -1.023097e+03  5.311543e+02
43  -6.277601e+01  8.396678e+02
44  6.892597e+00  7.443592e+02
45  -1.119683e+03  5.682461e+02
46  -3.634501e+03  5.936150e+02
47  -6.656437e+03  4.456898e+02
48  -1.140199e+04  -3.959038e+02
49  -1.520222e+04  -1.103620e+03
50  -1.175590e+04  -1.887759e+03
51  -5.417575e+03  -5.422465e+02
52  6.087331e+03  1.555148e+03
53  1.578238e+04  1.556718e+03
54  2.933240e+04  -9.355580e+02
55  3.465106e+04  -1.623504e+03
56  3.725771e+04  -2.955948e+03
57  5.129186e+04  -5.318010e+03
58  8.181283e+04  -3.436505e+03
59  1.687429e+05  1.779658e+03
60  3.318641e+05  5.143810e+03
61  5.816205e+05  7.007686e+03
62  1.032044e+06  7.348025e+03
63  2.039124e+06  4.923737e+03
ENDPROP
STARTPROP
MASSES:  4.200000e-03   4.200000e-03
SOURCE: GAM_2
SINKS: GAM_2
0  1.233723e+06  -8.589646e+03
1  2.054559e+06  -7.332421e+03
2  1.081712e+06  -1.083682e+03
3  6.731051e+05  2.955384e+03
4  4.188022e+05  3.206178e+03
5  2.617330e+05  3.786046e+03
6  1.544556e+05  7.521350e+03
7  8.324808e+04  6.315860e+03
8  4.737116e+04  4.043959e+03
9  2.590279e+04  4.262257e+03
10  2.028936e+04  3.070020e+03
11  2.217183e+04  -3.128445e+02
12  2.682868e+04  -9.777848e+02
13  2.179026e+04  -9.162706e+02
14  1.138361e+04  3.476680e+02
15  2.573088e+03  1.468461e+03
16  -3.802375e+03  1.161143e+03
17  -3.565549e+03  7.250970e+02
18  -9.894642e+02  3.284094e+02
19  4.818624e+02  5.952410e+01
20  -6.437666e+02  -4.163076e+02
21  -2.036374e+03  -5.948619e+02
22  -2.909813e+03  -9.179142e+02
23  -1.473419e+03  -7.439518e+02
24  -2.027897e+02  -6.320810e+02
25  -8.430327e+01  -4.816512e+02
26  -2.253122e+02  -4.091507e+02
27  -2.186373e+02  -3.259527e+02
28  -3.136445e+02  -2.590311e+02
29  3.835782e+01  -8.976613e+01
30  -8.621233e+01  2.572161e+01
31  -3.864907e+02  -6.777261e+01
32  -2.031886e+02  -1.340020e+02
33  -6.570639e+01  -1.368602e+02
34  2.247283e+02  -1.447854e+02
35  4.131108e+02  -2.623816e+02
36  3.624444e+02  -4.093367e+02
37  1.189947e+02  -5.779233e+02
38  4.348682e+02  -6.158938e+02
39  -2.998189e+01  -4.055218e+02
40  -5.971183e+02  -1.322223e+02
41  -7.456206e+02  -3.093000e+01
42  -5.565412e+02  -2.194997e+02
43  -2.758227e+02  -2.727254e+02
44  -3.517244e+02  -1.225387e+02
45  -1.943945e+03  -7.668472e+01
46  -4.428935e+03  -5.145676e+02
47  -3.862073e+03  -6.977520e+02
48  -9.502457e+02  -1.909733e+02
49  -5.769464e+02  -8.801562e+01
50  -1.249449e+03  -1.163415e+03
51  2.390185e+03  -1.320180e+03
52  -2.691873e+03  -1.430092e+03
53  -1.431573e+04  -2.208187e+03
54  -1.232637e+04  -4.678345e+03
55  -2.663200e+03  -6.433100e+03
56  2.371590e+04  -7.596550e+03
57  6.376682e+04  -8.237984e+03
58  1.268420e+05  -5.935907e+03
59  2.138251e+05  -8.685468e+02
60  3.601901e+05  -2.448084e+03
61  6.212935e+05  -8.179507e+03
62  1.074812e+06  -5.960911e+03
63  2.077299e+06  -4.626616e+03
ENDPROP
STARTPROP
MASSES:  4.200000e-03   4.200000e-03
SOURCE: GAM_3
SINKS: GAM_3
0  1.217304e+06  -1.954818e+02
1  1.983828e+06  -2.093265e+03
2  9.625005e+05  1.480937e+03
3  5.261194e+05  7.608155e+03
4  2.832083e+05  6.908155e+03
5  1.456602e+05  2.792423e+03
6  7.832064e+04  -2.503782e+03
7  3.628626e+04  -6.296290e+02
8  1.968080e+04  3.038611e+03
9  8.345343e+03  3.847353e+03
10  -1.484071e+04  4.454582e+03
11  -1.973594e+04  3.800634e+03
12  -1.186039e+04  1.964520e+03
13  -1.168241e+04  5.621535e+02
14  -3.586004e+03  -7.919117e+02
15  -3.775246e+03  -1.332630e+03
16  -6.132954e+03  -2.836550e+02
17  -5.334951e+03  7.203452e+01
18  -5.514302e+03  1.777082e+02
19  -6.592626e+03  4.732111e+02
20  -4.135399e+03  8.423506e+02
21  -2.005636e+03  8.584907e+02
22  -1.065388e+03  5.876636e+02
23  -5.826508e+01  3.442542e+02
24  -1.492534e+02  2.609314e+02
25  -5.765674e+02  1.117805e+02
26  -7.159269e+02  1.772001e+02
27  -1.009196e+03  1.360095e+02
28  -7.484451e+02  1.164696e+02
29  -7.025006e+02  9.049250e+01
30  -4.827268e+02  8.526852e+00
31  -1.381337e+02  9.571830e+01
32  8.734297e+01  1.279895e+02
33  3.621311e+02  1.074303e+02
34  5.031459e+02  9.145488e+01
35  -9.542921e+01  2.606859e+01
36  -5.862406e+02  -7.647330e+01
37  -1.330300e+03  -1.064439e+02
38  -1.705047e+03  -6.304134e+01
39  -1.997329e+03  8.621712e+00
40  -2.520440e+03  -6.281921e+01
41  -3.588437e+03  -3.032585e+02
42  -4.956736e+03  -4.886630e+02
43  -3.739106e+03  -5.682838e+02
44  -3.721908e+03  -2.156403e+02
45  -3.421774e+03  -2.264083e+02
46  -2.780823e+03  -2.435949e+02
47  -1.366689e+03  -4.106587e+02
48  -1.184419e+03  -3.932736e+02
49  7.927612e+02  1.108686e+02
50  2.379294e+03  -1.050847e+02
51  7.155071e+03  -5.097919e+02
52  1.293029e+04  1.590937e+02
53  1.639592e+04  9.005080e+02
54  2.177860e+04  2.568212e+02
55  3.690939e+04  -3.899175e+02
56  4.198772e+04  -1.735317e+03
57  5.132574e+04  -2.381574e+03
58  8.623004e+04  -3.460338e+03
59  1.488455e+05  -4.064258e+03
60  2.925469e+05  -5.590324e+03
61  5.561719e+05  -8.193578e+03
62  9.956989e+05  -3.280043e+03
63  2.080946e+06  2.996000e+03
ENDPROP
STARTPROP
MASSES:  4.200000e-03   4.200000e-03
SOURCE: GAM_4
SINKS: GAM_4
0  2.150462e+06  1.071052e+03
1  -2.765983e+05  5.777981e+03
2  -1.412894e+04  4.975916e+03
3  -2.040790e+03  1.317156e+03
4  -1.768992e+02  2.464204e+03
5  -7.921889e+03  2.907062e+02
6  -9.289100e+02  6.787041e+02
7  -1.935932e+02  4.202559e+02
8  -1.438454e+02  8.270352e+01
9  -1.575383e+03  1.266047e+02
10  1.518079e+03  4.461208e+02
11  3.465849e+02  1.992020e+02
12  1.771451e+03  3.276359e+02
13  3.598714e+02  2.971174e+01
14  -8.921624e+02  4.977940e+01
15  1.952769e+02  -1.009348e+02
16  1.217572e+02  1.535706e+02
17  -1.841830e+02  -3.337368e+01
18  -2.920057e+02  -2.918910e+02
19  -1.291091e+02  -3.833437e+02
20  3.247037e+01  -2.723400e+02
21  -1.559310e+02  -1.746557e+02
22  4.626534e+01  -2.779951e+02
23  -6.148146e+01  -2.311577e+02
24  -4.316486e+00  -1.907066e+02
25  -5.094659e+01  -1.298165e+02
26  1.200726e+02  -1.861070e+02
27  1.864447e+02  -1.207182e+02
28  8.781485e+00  -6.913415e+01
29  -1.363051e+01  -5.884264e+01
30  -2.643892e+01  -4.341313e+01
31  3.715218e+01  -4.836224e+01
32  1.941192e+02  -3.154439e+01
33  1.416565e+01  1.301080e+01
34  -7.237063e+00  3.698621e+01
35  -4.685788e+00  3.605563e+01
36  9.358095e+01  4.844847e+00
37  1.775597e+02  -2.410898e+01
38  1.101901e+02  -5.002494e+01
39  7.780133e+01  -6.093873e+01
40  1.263730e+02  -1.097113e+02
41  3.711093e+02  -1.005072e+02
42  1.811689e+02  2.445608e+01
43  4.851474e+02  -2.150680e+00
44  -2.242610e+02  1.017411e+01
45  5.657723e+02  1.350488e+02
46  -6.269376e+01  -2.124087e+01
47  1.863339e+02  1.153655e+02
48  2.260944e+02  8.460903e+01
49  -4.506386e+02  4.528501e+01
50  1.106997e+03  1.426675e+02
51  1.295628e+03  1.427250e+02
52  -1.469668e+03  6.078436e+02
53  -5.615827e+02  1.748042e+03
54  5.880283e+02  1.638562e+03
55  2.650227e+03  1.719302e+03
56  1.433243e+03  7.984421e+02
57  6.193580e+03  2.468593e+02
58  -1.224520e+03  8.794954e+02
59  2.489759e+03  1.997544e+03
60  2.926404e+03  2.933787e+03
61  -1.308921e+03  3.801924e+03
62  -2.630923e+03  3.029117e+03
63  -2.882453e+05  -9.289583e+02
ENDPROP
STARTPROP
MASSES:  4.200000e-03   4.200000e-03
SOURCE: GAM_5
SINKS: GAM_5
0  1.464483e+07  2.067825e+04
1  1.465931e+07  3.535370e+03
2  1.226773e+07  -7.984059e+03
3  1.042336e+07  6.448535e+03
4  8.844273e+06  2.564011e+04
5  7.404332e+06  2.867682e+04
6  6.183030e+06  2.440916e+04
7  5.210493e+06  7.115364e+03
8  4.362264e+06  4.561714e+03
9  3.555144e+06  1.111334e+04
10  2.929134e+06  1.129180e+04
11  2.481434e+06  5.752160e+03
12  2.151222e+06  -1.367607e+02
13  1.873758e+06  3.370077e+03
14  1.631037e+06  7.709745e+03
15  1.385800e+06  9.557562e+03
16  1.116291e+06  6.203697e+03
17  8.926740e+05  8.884616e+03
18  7.182215e+05  1.373659e+04
19  5.893661e+05  1.495460e+04
20  5.046498e+05  1.342630e+04
21  4.339180e+05  1.125371e+04
22  3.617166e+05  9.075848e+03
23  2.960848e+05  7.352526e+03
24  2.547010e+05  7.086290e+03
25  2.157153e+05  5.700420e+03
26  1.886668e+05  4.651584e+03
27  1.691455e+05  3.871022e+03
28  1.476082e+05  3.123790e+03
29  1.282863e+05  2.438804e+03
30  1.143344e+05  1.889232e+03
31  1.064978e+05  2.019917e+03
32  1.042809e+05  2.202064e+03
33  1.053088e+05  2.301927e+03
34  1.094559e+05  2.081542e+03
35  1.172498e+05  1.250454e+03
36  1.287506e+05  9.730786e+02
37  1.402242e+05  1.007973e+03
38  1.591197e+05  2.044169e+03
39  1.890365e+05  2.944376e+03
40  2.280408e+05  4.560127e+03
41  2.764907e+05  6.157238e+03
42  3.309448e+05  7.494044e+03
43  3.950856e+05  7.851697e+03
44  4.727795e+05  5.733427e+03
45  5.574181e+05  4.831552e+03
46  6.595906e+05  4.967214e+03
47  7.970083e+05  9.552301e+03
48  9.658302e+05  1.467413e+04
49  1.183156e+06  1.494731e+04
50  1.426424e+06  1.673197e+04
51  1.749166e+06  2.074122e+04
52  2.146911e+06  2.635378e+04
53  2.644697e+06  2.621731e+04
54  3.157600e+06  1.573346e+04
55  3.691830e+06  1.162236e+04
56  4.340623e+06  1.691587e+04
57  5.228986e+06  3.486319e+03
58  6.162481e+06  -1.876879e+04
59  7.339786e+06  -3.450182e+04
60  8.579110e+06  -2.777001e+04
61  9.968730e+06  -1.926296e+04
62  1.187531e+07  -1.307242e+04
63  1.451688e+07  2.869299e+03
ENDPROP
STARTPROP
MASSES:  4.200000e-03   4.200000e-03
SOURCE: GAM_12
SINKS: GAM_12
0  7.483918e+05  7.290775e+03
1  -7.561073e+05  6.276961e+01
2  -1.836551e+05  -3.337778e+03
3  -6.046502e+04  -4.670037e+03
4  -3.140922e+04  -3.267768e+03
5  -1.392904e+04  -2.893553e+01
6  -1.017704e+04  -1.084133e+03
7  7.687896e+01  -2.503267e+03
8  8.290292e+03  -5.322711e+03
9  1.234822e+04  -4.574015e+03
10  1.799884e+04  -2.396238e+03
11  2.152163e+04  -9.409874e+02
12  1.619979e+04  2.105951e+02
13  7.498769e+02  8.890141e+02
14  -5.356413e+03  7.245144e+02
15  -5.765514e+03  5.383081e+02
16  -6.087487e+03  3.915396e+02
17  -3.325965e+03  -4.221721e+02
18  -2.039363e+03  -2.425264e+02
19  -1.861865e+03  3.332252e+02
20  -9.361826e+02  4.257517e+02
21  -6.142348e+02  1.028016e+02
22  2.179601e+02  8.273769e+01
23  8.144230e+01  1.254722e+02
24  -1.732810e+02  2.347885e+01
25  2.930811e+02  2.304507e+01
26  4.944403e+02  3.875774e+01
27  6.582709e+02  8.740350e+01
28  7.239447e+02  1.171680e+02
29  6.084440e+02  9.102074e+01
30  1.111599e+03  1.106031e+00
31  7.695184e+02  -6.839622e+01
32  8.833026e+02  -1.478495e+02
33  6.572645e+02  -1.786490e+02
34  6.368668e+02  -1.426117e+02
35  5.261005e+02  -3.283123e+01
36  4.750969e+02  -4.048886e+01
37  6.436320e+02  -5.620711e+01
38  7.878360e+02  -7.382217e+01
39  1.054255e+03  -1.414423e+02
40  7.950386e+02  -2.743934e+02
41  1.053914e+03  -4.411011e+02
42  7.866884e+02  -5.769321e+02
43  1.202475e+03  -5.572169e+02
44  1.788918e+03  -7.219948e+02
45  3.094034e+03  -8.412712e+02
46  2.611529e+03  -6.782111e+02
47  9.641593e+02  -8.096416e+02
48  -5.283003e+02  -7.112755e+02
49  -1.178009e+03  -3.211097e+02
50  1.133098e+03  -4.603721e+02
51  3.043455e+03  6.600343e+02
52  2.654245e+03  1.868129e+03
53  8.067893e+03  1.612394e+03
54  1.804658e+04  1.263362e+03
55  1.545546e+04  7.456211e+02
56  -8.769601e+02  3.408828e+02
57  -1.614899e+03  1.140899e+03
58  -2.542630e+03  3.243610e+03
59  -1.162950e+04  3.438903e+03
60  -5.754979e+04  5.872412e+03
61  -1.194050e+05  6.313546e+03
62  -2.420494e+05  4.744347e+03
63  -7.808860e+05  3.919134e+03
ENDPROP
STARTPROP
MASSES:  4.200000e-03   4.200000e-03
SOURCE: GAM_21
SINKS: GAM_21
0  7.483918e+05  7.290775e+03
1  -7.561073e+05  6.276961e+01
2  -1.836551e+05  -3.337778e+03
3  -6.046502e+04  -4.670037e+03
4  -3.140922e+04  -3.267768e+03
5  -1.392904e+04  -2.893553e+01
6  -1.017704e+04  -1.084133e+03
7  7.687896e+01  -2.503267e+03
8  8.290292e+03  -5.322711e+03
9  1.234822e+04  -4.574015e+03
10  1.799884e+04  -2.396238e+03
11  2.152163e+04  -9.409874e+02
12  1.619979e+04  2.105951e+02
13  7.498769e+02  8.890141e+02
14  -5.356413e+03  7.245144e+02
15  -5.765514e+03  5.383081e+02
16  -6.087487e+03  3.915396e+02
17  -3.325965e+03  -4.221721e+02
18  -2.039363e+03  -2.425264e+02
19  -1.861865e+03  3.332252e+02
20  -9.361826e+02  4.257517e+02
21  -6.142348e+02  1.028016e+02
22  2.179601e+02  8.273769e+01
23  8.144230e+01  1.254722e+02
24  -1.732810e+02  2.347885e+01
25  2.930811e+02  2.304507e+01
26  4.944403e+02  3.875774e+01
27  6.582709e+02  8.740350e+01
28  7.239447e+02  1.171680e+02
29  6.084440e+02  9.102074e+01
30  1.111599e+03  1.106031e+00
31  7.695184e+02  -6.839622e+01
32  8.833026e+02  -1.478495e+02
33  6.572645e+02  -1.786490e+02
34  6.368668e+02  -1.426117e+02
35  5.261005e+02  -3.283123e+01
36  4.750969e+02  -4.048886e+01
37  6.436320e+02  -5.620711e+01
38  7.878360e+02  -7.382217e+01
39  1.054255e+03  -1.414423e+02
40  7.950386e+02  -2.743934e+02
41  1.053914e+03  -4.411011e+02
42  7.866884e+02  -5.769321e+02
43  1.202475e+03  -5.572169e+02
44  1.788918e+03  -7.219948e+02
45  3.094034e+03  -8.412712e+02
46  2.611529e+03  -6.782111e+02
47  9.641593e+02  -8.096416e+02
48  -5.283003e+02  -7.112755e+02
49  -1.178009e+03  -3.211097e+02
50  1.133098e+03  -4.603721e+02
51  3.043455e+03  6.600343e+02
52  2.654245e+03  1.868129e+03
53  8.067893e+03  1.612394e+03
54  1.804658e+04  1.263362e+03
55  1.545546e+04  7.456211e+02
56  -8.769601e+02  3.408828e+02
57  -1.614899e+03  1.140899e+03
58  -2.542630e+03  3.243610e+03
59  -1.162950e+04  3.438903e+03
60  -5.754979e+04  5.872412e+03
61  -1.194050e+05  6.313546e+03
62  -2.420494e+05  4.744347e+03
63  -7.808860e+05  3.919134e+03
ENDPROP
STARTPROP
MASSES:  4.200000e-03   4.200000e-03
SOURCE: GAM_13
SINKS: GAM_13
0  7.057646e+05  -1.062522e+03
1  -8.152879e+05  4.720055e+03
2  -2.199830e+05  4.880468e+03
3  -1.266272e+05  5.161102e+03
4  -5.686219e+04  2.912383e+03
5  -1.957857e+04  1.818524e+03
6  -8.865327e+03  -1.682683e+03
7  -8.818065e+03  -2.215506e+03
8  -2.690716e+03  -1.817386e+03
9  -2.431435e+03  -4.439558e+02
10  -1.589859e+03  6.821388e+02
11  4.617146e+03  1.059122e+03
12  5.942203e+03  3.417887e+02
13  1.510231e+03  -5.970269e+02
14  -1.738486e+03  -3.812023e+02
15  -3.094082e+03  -1.011254e+03
16  -2.463848e+03  -5.398186e+02
17  -2.561313e+03  -2.710625e+02
18  -1.410113e+03  -9.070291e+01
19  -9.640154e+02  -4.264707e+02
20  2.058733e+02  -5.716547e+02
21  -2.429071e+02  -7.743772e+02
22  -1.017353e+03  -4.973204e+02
23  -8.136591e+02  -9.505630e+01
24  -4.014332e+02  4.841035e+01
25  -7.019797e+00  -1.626462e+01
26  2.739177e+02  2.708987e+01
27  5.091205e+02  6.709900e+01
28  5.505333e+02  8.674348e+01
29  6.508137e+02  1.097536e+02
30  6.915500e+02  1.036330e+02
31  4.361609e+02  5.378025e+01
32  4.310291e+02  2.240679e+01
33  3.775911e+02  1.197627e+01
34  4.188793e+02  4.674310e+01
35  3.339302e+02  1.315748e+02
36  2.043615e+02  1.210330e+02
37  3.410924e+02  1.447627e+02
38  7.551523e+02  1.637552e+02
39  8.950201e+02  1.933911e+02
40  9.642649e+02  1.913287e+02
41  1.037769e+03  1.575210e+02
42  2.983624e+02  1.724629e+02
43  -2.067842e+02  3.420332e+01
44  -1.039188e+03  2.282183e+02
45  -7.108580e+02  3.451664e+02
46  -5.394076e+02  2.806146e+02
47  -1.738085e+03  7.314957e+02
48  -6.814115e+01  7.832889e+02
49  1.618490e+03  1.139745e+03
50  -1.059678e+03  2.084930e+02
51  -3.064042e+03  -1.158932e+03
52  -4.574459e+02  -1.875469e+03
53  2.375500e+03  -5.133405e+02
54  2.295366e+03  5.531368e+02
55  1.266063e+04  2.940009e+03
56  1.965946e+04  3.808189e+03
57  1.679266e+04  6.347433e+03
58  2.541785e+04  5.605031e+03
59  2.567723e+04  6.168917e+03
60  7.336236e+03  6.826357e+03
61  -5.183190e+04  4.693394e+03
62  -2.008249e+05  1.886713e+03
63  -8.029775e+05  -1.444610e+03
ENDPROP
STARTPROP
MASSES:  4.200000e-03   4.200000e-03
SOURCE: GAM_31
SINKS: GAM_31
0  7.057646e+05  -1.062522e+03
1  -8.152879e+05  4.720055e+03
2  -2.199830e+05  4.880468e+03
3  -1.266272e+05  5.161102e+03
4  -5.686219e+04  2.912383e+03
5  -1.957857e+04  1.818524e+03
6  -8.865327e+03  -1.682683e+03
7  -8.818065e+03  -2.215506e+03
8  -2.690716e+03  -1.817386e+03
9  -2.431435e+03  -4.439558e+02
10  -1.589859e+03  6.821388e+02
11  4.617146e+03  1.059122e+03
12  5.942203e+03  3.417887e+02
13  1.510231e+03  -5.970269e+02
14  -1.738486e+03  -3.812023e+02
15  -3.094082e+03  -1.011254e+03
16  -2.463848e+03  -5.398186e+02
17  -2.561313e+03  -2.710625e+02
18  -1.410113e+03  -9.070291e+01
19  -9.640154e+02  -4.264707e+02
20  2.058733e+02  -5.716547e+02
21  -2.429071e+02  -7.743772e+02
22  -1.017353e+03  -4.973204e+02
23  -8.136591e+02  -9.505630e+01
24  -4.014332e+02  4.841035e+01
25  -7.019797e+00  -1.626462e+01
26  2.739177e+02  2.708987e+01
27  5.091205e+02  6.709900e+01
28  5.505333e+02  8.674348e+01
29  6.508137e+02  1.097536e+02
30  6.915500e+02  1.036330e+02
31  4.361609e+02  5.378025e+01
32  4.310291e+02  2.240679e+01
33  3.775911e+02  1.197627e+01
34  4.188793e+02  4.674310e+01
35  3.339302e+02  1.315748e+02
36  2.043615e+02  1.210330e+02
37  3.410924e+02  1.447627e+02
38  7.551523e+02  1.637552e+02
39  8.950201e+02  1.933911e+02
40  9.642649e+02  1.913287e+02
41  1.037769e+03  1.575210e+02
42  2.983624e+02  1.724629e+02
43  -2.067842e+02  3.420332e+01
44  -1.039188e+03  2.282183e+02
45  -7.108580e+02  3.451664e+02
46  -5.394076e+02  2.806146e+02
47  -1.738085e+03  7.314957e+02
48  -6.814115e+01  7.832889e+02
49  1.618490e+03  1.139745e+03
50  -1.059678e+03  2.084930e+02
51  -3.064042e+03  -1.158932e+03
52  -4.574459e+02  -1.875469e+03
53  2.375500e+03  -5.133405e+02
54  2.295366e+03  5.531368e+02
55  1.266063e+04  2.940009e+03
56  1.965946e+04  3.808189e+03
57  1.679266e+04  6.347433e+03
58  2.541785e+04  5.605031e+03
59  2.567723e+04  6.168917e+03
60  7.336236e+03  6.826357e+03
61  -5.183190e+04  4.693394e+03
62  -2.008249e+05  1.886713e+03
63  -8.029775e+05  -1.444610e+03
ENDPROP
STARTPROP
MASSES:  4.200000e-03   4.200000e-03
SOURCE: GAM_14
SINKS: GAM_14
0  -1.466376e+05  -2.073885e+03
1  1.260612e+06  1.788282e+03
2  5.694655e+05  1.235920e+03
3  3.091568e+05  6.826646e+02
4  1.542548e+05  -1.732189e+02
5  7.765982e+04  1.690734e+03
6  5.077905e+04  6.653697e+01
7  3.694326e+04  2.574904e+03
8  2.584290e+04  1.937832e+03
9  7.503916e+03  -2.728408e+02
10  2.685581e+03  -1.302156e+03
11  -1.461578e+02  -1.553768e+03
12  -4.998298e+03  -1.062956e+03
13  -2.991642e+03  -1.529832e+03
14  -4.896074e+03  -9.790733e+02
15  -1.469696e+03  -8.560722e+02
16  -5.119697e+03  -1.021663e+03
17  -2.712237e+03  -7.922362e+02
18  -4.197705e+02  -4.653872e+02
19  -4.198409e+02  -4.912530e+02
20  3.325249e+02  -6.851688e+02
21  -1.593741e+02  -8.136939e+02
22  -1.631690e+03  -4.792022e+02
23  -1.273977e+03  -1.890018e+02
24  -7.649284e+02  -1.100785e+02
25  -4.010766e+02  -8.237444e+01
26  -1.324839e+02  -7.785520e+01
27  4.371995e+02  -5.564246e+01
28  3.745332e+02  -9.204761e+01
29  2.184322e+02  -6.851565e+01
30  1.718431e+02  -4.984311e+01
31  2.862689e+02  -8.958927e+01
32  1.464664e+02  -8.014875e+01
33  -1.745779e+01  -1.080825e+02
34  -3.941301e+02  -7.407915e+01
35  -8.040767e+02  -1.339014e+02
36  -8.706880e+02  -1.911542e+02
37  -7.289585e+02  -1.916996e+02
38  -5.968361e+02  -1.697554e+02
39  -3.794515e+02  -1.902540e+02
40  -1.986368e+01  -2.319309e+02
41  4.779836e+02  -1.687123e+02
42  2.530787e+02  -4.644718e+02
43  -5.899033e+02  -9.617451e+02
44  -1.391589e+03  -1.093881e+03
45  -7.278673e+02  -6.697910e+02
46  -6.291914e+02  -6.426547e+02
47  -2.658722e+02  -1.109779e+03
48  5.093191e+02  -1.459657e+03
49  1.336805e+02  -1.874412e+03
50  -8.497809e+02  -2.102479e+03
51  1.917490e+03  -2.875594e+03
52  3.395621e+03  -2.669156e+03
53  7.754321e+03  -1.818493e+03
54  8.334485e+03  1.827389e+02
55  4.858380e+03  6.775323e+02
56  1.256195e+04  7.519882e+02
57  2.989477e+04  -1.339506e+03
58  4.212146e+04  -5.456881e+03
59  6.637421e+04  -7.193606e+03
60  1.231073e+05  -9.042614e+03
61  2.635934e+05  -1.070171e+04
62  5.275573e+05  -9.944939e+03
63  1.289152e+06  -3.752277e+03
ENDPROP
STARTPROP
MASSES:  4.200000e-03   4.200000e-03
SOURCE: GAM_41
SINKS: GAM_41
0  -1.466376e+05  -2.073885e+03
1  1.260612e+06  1.788282e+03
2  5.694655e+05  1.235920e+03
3  3.091568e+05  6.826646e+02
4  1.542548e+05  -1.732189e+02
5  7.765982e+04  1.690734e+03
6  5.077905e+04  6.653697e+01
7  3.694326e+04  2.574904e+03
8  2.584290e+04  1.937832e+03
9  7.503916e+03  -2.728408e+02
10  2.685581e+03  -1.302156e+03
11  -1.461578e+02  -1.553768e+03
12  -4.998298e+03  -1.062956e+03
13  -2.991642e+03  -1.529832e+03
14  -4.896074e+03  -9.790733e+02
15  -1.469696e+03  -8.560722e+02
16  -5.119697e+03  -1.021663e+03
17  -2.712237e+03  -7.922362e+02
18  -4.197705e+02  -4.653872e+02
19  -4.198409e+02  -4.912530e+02
20  3.325249e+02  -6.851688e+02
21  -1.593741e+02  -8.136939e+02
22  -1.631690e+03  -4.792022e+02
23  -1.273977e+03  -1.890018e+02
24  -7.649284e+02  -1.100785e+02
25  -4.010766e+02  -8.237444e+01
26  -1.324839e+02  -7.785520e+01
27  4.371995e+02  -5.564246e+01
28  3.745332e+02  -9.204761e+01
29  2.184322e+02  -6.851565e+01
30  1.718431e+02  -4.984311e+01
31  2.862689e+02  -8.958927e+01
32  1.464664e+02  -8.014875e+01
33  -1.745779e+01  -1.080825e+02
34  -3.941301e+02  -7.407915e+01
35  -8.040767e+02  -1.339014e+02
36  -8.706880e+02  -1.911542e+02
37  -7.289585e+02  -1.916996e+02
38  -5.968361e+02  -1.697554e+02
39  -3.794515e+02  -1.902540e+02
40  -1.986368e+01  -2.319309e+02
41  4.779836e+02  -1.687123e+02
42  2.530787e+02  -4.644718e+02
43  -5.899033e+02  -9.617451e+02
44  -1.391589e+03  -1.093881e+03
45  -7.278673e+02  -6.697910e+02
46  -6.291914e+02  -6.426547e+02
47  -2.658722e+02  -1.109779e+03
48  5.093191e+02  -1.459657e+03
49  1.336805e+02  -1.874412e+03
50  -8.497809e+02  -2.102479e+03
51  1.917490e+03  -2.875594e+03
52  3.395621e+03  -2.669156e+03
53  7.754321e+03  -1.818493e+03
54  8.334485e+03  1.827389e+02
55  4.858380e+03  6.775323e+02
56  1.256195e+04  7.519882e+02
57  2.989477e+04  -1.339506e+03
58  4.212146e+04  -5.456881e+03
59  6.637421e+04  -7.193606e+03
60  1.231073e+05  -9.042614e+03
61  2.635934e+05  -1.070171e+04
62  5.275573e+05  -9.944939e+03
63  1.289152e+06  -3.752277e+03
ENDPROP
STARTPROP
MASSES:  4.200000e-03   4.200000e-03
SOURCE: GAM_23
SINKS: GAM_23
0  7.320093e+05  -6.325948e+03
1  -7.861991e+05  -2.130477e+03
2  -2.304071e+05  -3.647079e+03
3  -1.077243e+05  -1.864178e+03
4  -2.705307e+04  1.516669e+03
5  -4.364310e+03  5.417324e+03
6  1.654846e+04  2.921966e+03
7  8.539673e+03  9.804633e+02
8  -2.732710e+03  -1.053426e+02
9  7.600331e+02  -3.097617e+03
10  7.537045e+02  -2.679091e+03
11  -2.013857e+03  -2.293656e+03
12  7.589510e+02  -6.442547e+02
13  -6.263418e+03  -1.061539e+03
14  -2.523143e+03  -1.563270e+03
15  2.945628e+03  -1.102819e+03
16  7.417418e+03  -2.344920e+02
17  5.052741e+03  6.223279e+02
18  3.651256e+03  6.075611e+02
19  6.962588e+02  3.027573e+02
20  -5.518462e+02  -1.463780e+02
21  -5.495642e+02  -2.594318e+02
22  -3.069408e+02  -1.950272e+02
23  1.975975e+02  -1.457843e+02
24  4.377224e+02  -3.037317e+01
25  1.864551e+02  1.056549e+01
26  2.720196e+02  -6.598322e+00
27  2.649760e+02  -8.334743e+01
28  5.472915e+02  -1.523229e+02
29  4.915239e+02  -1.291407e+02
30  1.699239e+02  -3.301075e+01
31  -3.603170e+01  1.515945e+02
32  -3.720151e+02  1.827789e+02
33  -3.537052e+02  1.337390e+02
34  -6.500277e+02  3.342283e+01
35  -6.722631e+02  -6.730828e+01
36  -7.939237e+02  -2.085643e+01
37  -1.281151e+03  -1.917824e+01
38  -1.614379e+03  -1.290134e+02
39  -1.577962e+03  -1.318511e+02
40  -1.680424e+03  -3.305595e+02
41  -1.493238e+03  -4.325373e+02
42  -1.369620e+03  -1.540006e+02
43  -2.176205e+03  4.334403e+01
44  -2.744902e+03  -1.597132e+02
45  -3.471271e+03  3.028281e+01
46  -3.529104e+03  3.408736e+02
47  -1.340096e+03  4.928581e+01
48  3.287399e+03  -8.262015e+01
49  8.396363e+03  2.011941e+02
50  1.242416e+04  -8.400066e+02
51  1.211686e+04  -1.067299e+03
52  7.625496e+03  -9.206520e+02
53  2.428752e+03  -1.281304e+02
54  -5.433704e+03  1.502621e+03
55  -1.093712e+04  1.143939e+03
56  -7.258593e+02  3.367056e+02
57  1.293944e+04  -1.783858e+02
58  2.896002e+04  -3.955579e+02
59  2.854660e+04  -2.524401e+03
60  1.860938e+04  2.785039e+03
61  -1.769979e+04  6.770195e+03
62  -1.747245e+05  4.577189e+03
63  -7.684995e+05  -1.989682e+03
ENDPROP
STARTPROP
MASSES:  4.200000e-03   4.200000e-03
SOURCE: GAM_32
SINKS: GAM_32
0  7.320093e+05  -6.325948e+03
1  -7.861991e+05  -2.130477e+03
2  -2.304071e+05  -3.647079e+03
3  -1.077243e+05  -1.864178e+03
4  -2.705307e+04  1.516669e+03
5  -4.364310e+03  5.417324e+03
6  1.654846e+04  2.921966e+03
7  8.539673e+03  9.804633e+02
8  -2.732710e+03  -1.053426e+02
9  7.600331e+02  -3.097617e+03
10  7.537045e+02  -2.679091e+03
11  -2.013857e+03  -2.293656e+03
12  7.589510e+02  -6.442547e+02
13  -6.263418e+03  -1.061539e+03
14  -2.523143e+03  -1.563270e+03
15  2.945628e+03  -1.102819e+03
16  7.417418e+03  -2.344920e+02
17  5.052741e+03  6.223279e+02
18  3.651256e+03  6.075611e+02
19  6.962588e+02  3.027573e+02
20  -5.518462e+02  -1.463780e+02
21  -5.495642e+02  -2.594318e+02
22  -3.069408e+02  -1.950272e+02
23  1.975975e+02  -1.457843e+02
24  4.377224e+02  -3.037317e+01
25  1.864551e+02  1.056549e+01
26  2.720196e+02  -6.598322e+00
27  2.649760e+02  -8.334743e+01
28  5.472915e+02  -1.523229e+02
29  4.915239e+02  -1.291407e+02
30  1.699239e+02  -3.301075e+01
31  -3.603170e+01  1.515945e+02
32  -3.720151e+02  1.827789e+02
33  -3.537052e+02  1.337390e+02
34  -6.500277e+02  3.342283e+01
35  -6.722631e+02  -6.730828e+01
36  -7.939237e+02  -2.085643e+01
37  -1.281151e+03  -1.917824e+01
38  -1.614379e+03  -1.290134e+02
39  -1.577962e+03  -1.318511e+02
40  -1.680424e+03  -3.305595e+02
41  -1.493238e+03  -4.325373e+02
42  -1.369620e+03  -1.540006e+02
43  -2.176205e+03  4.334403e+01
44  -2.744902e+03  -1.597132e+02
45  -3.471271e+03  3.028281e+01
46  -3.529104e+03  3.408736e+02
47  -1.340096e+03  4.928581e+01
48  3.287399e+03  -8.262015e+01
49  8.396363e+03  2.011941e+02
50  1.242416e+04  -8.400066e+02
51  1.211686e+04  -1.067299e+03
52  7.625496e+03  -9.206520e+02
53  2.428752e+03  -1.281304e+02
54  -5.433704e+03  1.502621e+03
55  -1.093712e+04  1.143939e+03
56  -7.258593e+02  3.367056e+02
57  1.293944e+04  -1.783858e+02
58  2.896002e+04  -3.955579e+02
59  2.854660e+04  -2.524401e+03
60  1.860938e+04  2.785039e+03
61  -1.769979e+04  6.770195e+03
62  -1.747245e+05  4.577189e+03
63  -7.684995e+05  -1.989682e+03
ENDPROP
STARTPROP
MASSES:  4.200000e-03   4.200000e-03
SOURCE: GAM_24
SINKS: GAM_24
0  -1.863991e+04  1.256455e+03
1  1.359780e+06  1.900642e+03
2  6.170333e+05  3.907207e+03
3  3.690987e+05  5.768100e+03
4  2.293788e+05  5.046740e+03
5  1.408384e+05  2.194394e+03
6  8.799939e+04  -1.845800e+03
7  3.805389e+04  -2.823655e+03
8  4.235238e+03  -3.281181e+03
9  -4.968592e+03  -4.093202e+03
10  1.271736e+03  -3.566547e+03
11  2.377908e+03  -2.003440e+03
12  3.012881e+03  -2.365773e+03
13  1.956336e+03  -2.342519e+03
14  -1.089754e+03  -1.067692e+03
15  -3.994612e+03  -1.079519e+03
16  -5.030312e+03  -5.890582e+02
17  -3.405913e+03  3.017304e+02
18  -2.575512e+03  5.833417e+02
19  2.818790e+02  5.694792e+02
20  8.090943e+01  3.962793e+02
21  -3.321024e+02  2.590507e+02
22  -7.128652e+02  2.927890e+02
23  -2.151781e+02  1.795661e+02
24  6.970348e+02  1.204171e+01
25  1.418475e+03  -8.833730e+01
26  1.231609e+03  -5.384456e+01
27  1.013661e+03  4.908102e+01
28  3.381962e+02  4.879422e+01
29  2.859908e+02  -1.940478e+01
30  -7.463805e+01  -5.029692e+00
31  -7.621753e+01  -4.271366e+01
32  4.690733e+01  -1.037651e+01
33  1.437298e+02  -4.748860e+01
34  -1.522496e+02  -6.075417e+00
35  -3.546033e+02  4.079758e+01
36  -5.908379e+02  7.404364e+01
37  -6.515866e+02  8.577135e+01
38  -4.405175e+02  1.540760e+02
39  -4.680436e+00  1.184617e+02
40  3.027710e+02  8.339708e+01
41  4.827734e+02  2.741789e+02
42  3.068029e+02  4.109472e+02
43  -9.022914e+02  2.143066e+02
44  -1.922236e+03  3.661697e+02
45  -2.591453e+03  4.047122e+02
46  -3.896753e+03  1.506135e+02
47  -5.344585e+03  -2.450413e+01
48  -5.948743e+03  -2.820237e+02
49  -6.854314e+03  -8.232916e+02
50  -1.201104e+04  -1.364080e+03
51  -1.196730e+04  -2.015811e+03
52  -1.041166e+04  -2.350275e+03
53  -6.764045e+03  -2.050842e+03
54  -1.001051e+03  -9.172222e+02
55  7.502780e+02  2.669795e+02
56  1.136253e+04  2.296473e+03
57  3.436840e+04  8.134437e+01
58  5.176292e+04  4.464445e+02
59  9.591442e+04  3.659791e+02
60  1.742794e+05  8.531289e+02
61  3.456280e+05  -5.167516e+03
62  6.494139e+05  -5.321780e+03
63  1.401889e+06  -1.000897e+03
ENDPROP
STARTPROP
MASSES:  4.200000e-03   4.200000e-03
SOURCE: GAM_42
SINKS: GAM_42
0  -1.863991e+04  1.256455e+03
1  1.359780e+06  1.900642e+03
2  6.170333e+05  3.907207e+03
3  3.690987e+05  5.768100e+03
4  2.293788e+05  5.046740e+03
5  1.408384e+05  2.194394e+03
6  8.799939e+04  -1.845800e+03
7  3.805389e+04  -2.823655e+03
8  4.235238e+03  -3.281181e+03
9  -4.968592e+03  -4.093202e+03
10  1.271736e+03  -3.566547e+03
11  2.377908e+03  -2.003440e+03
12  3.012881e+03  -2.365773e+03
13  1.956336e+03  -2.342519e+03
14  -1.089754e+03  -1.067692e+03
15  -3.994612e+03  -1.079519e+03
16  -5.030312e+03  -5.890582e+02
17  -3.405913e+03  3.017304e+02
18  -2.575512e+03  5.833417e+02
19  2.818790e+02  5.694792e+02
20  8.090943e+01  3.962793e+02
21  -3.321024e+02  2.590507e+02
22  -7.128652e+02  2.927890e+02
23  -2.151781e+02  1.795661e+02
24  6.970348e+02  1.204171e+01
25  1.418475e+03  -8.833730e+01
26  1.231609e+03  -5.384456e+01
27  1.013661e+03  4.908102e+01
28  3.381962e+02  4.879422e+01
29  2.859908e+02  -1.940478e+01
30  -7.463805e+01  -5.029692e+00
31  -7.621753e+01  -4.271366e+01
32  4.690733e+01  -1.037651e+01
33  1.437298e+02  -4.748860e+01
34  -1.522496e+02  -6.075417e+00
35  -3.546033e+02  4.079758e+01
36  -5.908379e+02  7.404364e+01
37  -6.515866e+02  8.577135e+01
38  -4.405175e+02  1.540760e+02
39  -4.680436e+00  1.184617e+02
40  3.027710e+02  8.339708e+01
41  4.827734e+02  2.741789e+02
42  3.068029e+02  4.109472e+02
43  -9.022914e+02  2.143066e+02
44  -1.922236e+03  3.661697e+02
45  -2.591453e+03  4.047122e+02
46  -3.896753e+03  1.506135e+02
47  -5.344585e+03  -2.450413e+01
48  -5.948743e+03  -2.820237e+02
49  -6.854314e+03  -8.232916e+02
50  -1.201104e+04  -1.364080e+03
51  -1.196730e+04  -2.015811e+03
52  -1.041166e+04  -2.350275e+03
53  -6.764045e+03  -2.050842e+03
54  -1.001051e+03  -9.172222e+02
55  7.502780e+02  2.669795e+02
56  1.136253e+04  2.296473e+03
57  3.436840e+04  8.134437e+01
58  5.176292e+04  4.464445e+02
59  9.591442e+04  3.659791e+02
60  1.742794e+05  8.531289e+02
61  3.456280e+05  -5.167516e+03
62  6.494139e+05  -5.321780e+03
63  1.401889e+06  -1.000897e+03
ENDPROP
STARTPROP
MASSES:  4.200000e-03   4.200000e-03
SOURCE: GAM_34
SINKS: GAM_34
0  -8.227582e+04  -4.044011e+03
1  1.296279e+06  -7.225899e+03
2  5.869898e+05  -3.831298e+03
3  3.412780e+05  1.027334e+03
4  1.997511e+05  2.232303e+03
5  1.117440e+05  2.391218e+03
6  4.833669e+04  1.283193e+03
7  1.961802e+04  -1.024186e+03
8  -8.841547e+02  -1.670659e+03
9  -6.464252e+03  -2.652493e+03
10  -1.155236e+04  -3.017369e+03
11  -8.722508e+03  -3.104362e+03
12  -1.164990e+04  -2.091600e+03
13  -8.854421e+03  -1.320498e+03
14  -6.022318e+03  -2.165217e+03
15  -4.307716e+03  -1.931233e+03
16  -7.866045e+02  -1.501977e+03
17  -1.930005e+03  -8.244883e+02
18  -1.603869e+03  -6.505396e+02
19  -1.647758e+03  -2.522209e+02
20  -2.199346e+03  -2.479686e+02
21  -2.006616e+03  -3.491291e+02
22  -7.541404e+02  -2.665981e+02
23  -6.394226e+02  -3.333940e+02
24  -7.421941e+02  -3.332895e+02
25  -1.000759e+03  -2.527436e+02
26  -7.169027e+02  -7.204923e+01
27  -6.959862e+01  -2.130479e+01
28  1.072563e+01  -7.672529e-02
29  -8.414718e+01  -6.276281e+01
30  1.083944e+02  -1.258891e+02
31  2.206858e+01  -1.128333e+02
32  1.358578e+00  -5.814894e+01
33  -3.581017e+02  -3.941914e+01
34  -3.114548e+02  -4.189137e+01
35  2.793276e+02  -2.691455e+01
36  6.108102e+02  2.053765e+01
37  3.528268e+02  -2.589041e+01
38  1.063793e+01  -1.280438e+01
39  1.906244e+02  -2.350171e+01
40  4.302672e+01  6.733857e+01
41  8.210581e+02  -5.863593e+01
42  5.211905e+02  -6.933251e+01
43  5.902175e+01  -3.572927e+02
44  -7.840136e+02  -3.420067e+02
45  3.179209e+01  -1.345956e+02
46  1.841172e+02  1.455453e+02
47  -4.273005e+02  4.359585e+02
48  -1.239165e+02  5.917504e+02
49  -1.219029e+03  6.591067e+02
50  -3.640430e+03  7.381562e+02
51  -2.020258e+03  2.791267e+02
52  -1.210954e+04  2.323916e+02
53  -1.140045e+04  -3.628243e+02
54  -8.351353e+03  1.060973e+03
55  2.610978e+03  -3.414312e+02
56  9.276414e+03  -3.256377e+03
57  3.331251e+04  -1.287944e+03
58  5.691269e+04  -1.575605e+03
59  1.011311e+05  -2.544572e+03
60  1.912373e+05  -4.343609e+03
61  3.268897e+05  -4.106543e+03
62  6.061540e+05  -7.990586e+02
63  1.363580e+06  1.437566e+03
ENDPROP
STARTPROP
MASSES:  4.200000e-03   4.200000e-03
SOURCE: GAM_43
SINKS: GAM_43
0  -8.227582e+04  -4.044011e+03
1  1.296279e+06  -7.225899e+03
2  5.869898e+05  -3.831298e+03
3  3.412780e+05  1.027334e+03
4  1.997511e+05  2.232303e+03
5  1.117440e+05  2.391218e+03
6  4.833669e+04  1.283193e+03
7  1.961802e+04  -1.024186e+03
8  -8.841547e+02  -1.670659e+03
9  -6.464252e+03  -2.652493e+03
10  -1.155236e+04  -3.017369e+03
11  -8.722508e+03  -3.104362e+03
12  -1.164990e+04  -2.091600e+03
13  -8.854421e+03  -1.320498e+03
14  -6.022318e+03  -2.165217e+03
15  -4.307716e+03  -1.931233e+03
16  -7.866045e+02  -1.501977e+03
17  -1.930005e+03  -8.244883e+02
18  -1.603869e+03  -6.505396e+02
19  -1.647758e+03  -2.522209e+02
20  -2.199346e+03  -2.479686e+02
21  -2.006616e+03  -3.491291e+02
22  -7.541404e+02  -2.665981e+02
23  -6.394226e+02  -3.333940e+02
24  -7.421941e+02  -3.332895e+02
25  -1.000759e+03  -2.527436e+02
26  -7.169027e+02  -7.204923e+01
27  -6.959862e+01  -2.130479e+01
28  1.072563e+01  -7.672529e-02
29  -8.414718e+01  -6.276281e+01
30  1.083944e+02  -1.258891e+02
31  2.206858e+01  -1.128333e+02
32  1.358578e+00  -5.814894e+01
33  -3.581017e+02  -3.941914e+01
34  -3.114548e+02  -4.189137e+01
35  2.793276e+02  -2.691455e+01
36  6.108102e+02  2.053765e+01
37  3.528268e+02  -2.589041e+01
38  1.063793e+01  -1.280438e+01
39  1.906244e+02  -2.350171e+01
40  4.302672e+01  6.733857e+01
41  8.210581e+02  -5.863593e+01
42  5.211905e+02  -6.933251e+01
43  5.902175e+01  -3.572927e+02
44  -7.840136e+02  -3.420067e+02
45  3.179209e+01  -1.345956e+02
46  1.841172e+02  1.455453e+02
47  -4.273005e+02  4.359585e+02
48  -1.239165e+02  5.917504e+02
49  -1.219029e+03  6.591067e+02
50  -3.640430e+03  7.381562e+02
51  -2.020258e+03  2.791267e+02
52  -1.210954e+04  2.323916e+02
53  -1.140045e+04  -3.628243e+02
54  -8.351353e+03  1.060973e+03
55  2.610978e+03  -3.414312e+02
56  9.276414e+03  -3.256377e+03
57  3.331251e+04  -1.287944e+03
58  5.691269e+04  -1.575605e+03
59  1.011311e+05  -2.544572e+03
60  1.912373e+05  -4.343609e+03
61  3.268897e+05  -4.106543e+03
62  6.061540e+05  -7.990586e+02
63  1.363580e+06  1.437566e+03
ENDPROP
STARTPROP
MASSES:  4.200000e-03   4.200000e-03
SOURCE: GAM_15
SINKS: GAM_15
0  -2.153645e+05  9.162367e+03
1  -1.191214e+06  7.994819e+03
2  -4.340633e+05  4.886603e+03
3  -2.117768e+05  7.176787e+02
4  -1.035655e+05  -2.470052e+03
5  -5.818448e+04  -2.953494e+03
6  -3.439266e+04  -2.113991e+03
7  -2.231127e+04  2.283332e+03
8  -1.794827e+04  3.683886e+03
9  -1.124828e+04  3.210329e+03
10  -8.899222e+03  2.324832e+03
11  -6.618620e+03  -2.384293e+02
12  -6.204019e+03  -8.396287e+02
13  -7.970424e+03  -1.490371e+03
14  -5.414580e+03  -1.832415e+03
15  -5.741932e+03  -2.180373e+03
16  -4.993195e+03  -1.742395e+03
17  -4.255435e+03  -1.030347e+03
18  -3.570176e+03  -1.228877e+03
19  -2.283443e+03  -9.737394e+02
20  -1.124267e+03  -7.772386e+02
21  -5.712894e+02  -5.678516e+02
22  -3.013035e+02  -5.589773e+02
23  2.325023e+02  -7.063085e+02
24  2.760882e+02  -8.196643e+02
25  -7.360674e+02  -7.184588e+02
26  -1.121860e+03  -6.234725e+02
27  -7.780974e+02  -4.785707e+02
28  -1.279729e+02  -3.505100e+02
29  4.431720e+02  -1.922719e+02
30  3.681139e+02  -1.757152e+02
31  -2.449199e+02  -1.019797e+02
32  -6.779528e+02  -6.205162e+01
33  -7.100527e+02  2.274694e+01
34  -1.012041e+03  9.239603e+01
35  -1.054093e+03  1.406619e+02
36  -7.442853e+02  5.361615e+01
37  -6.498929e+02  -9.820257e+01
38  -1.133135e+03  -2.614608e+02
39  -1.381776e+03  -4.185843e+02
40  -1.020775e+03  -2.793505e+02
41  -6.378621e+02  8.437694e+01
42  -5.653894e+02  1.610327e+02
43  -3.717669e+02  4.041401e+01
44  -1.871991e+02  1.312147e+02
45  -1.112015e+03  -3.460459e+01
46  -1.568980e+03  -1.188302e+02
47  -1.582877e+03  3.459682e+02
48  -1.434504e+03  1.372636e+03
49  -1.615358e+03  2.896636e+03
50  -8.534462e+02  3.828615e+03
51  -1.768238e+03  3.819829e+03
52  -6.583149e+02  3.719399e+03
53  -2.369659e+03  3.152812e+03
54  2.015094e+03  1.707964e+03
55  2.116868e+04  -1.958677e+02
56  3.158508e+04  -1.939091e+03
57  2.036090e+04  -3.928744e+03
58  1.448548e+03  -4.623610e+03
59  -1.663607e+04  -3.077100e+03
60  -5.014910e+04  1.003458e+03
61  -1.791039e+05  4.587092e+03
62  -4.240714e+05  3.554811e+03
63  -1.200015e+06  1.822601e+03
ENDPROP
STARTPROP
MASSES:  4.200000e-03   4.200000e-03
SOURCE: GAM_25
SINKS: GAM_25
0  -1.809969e+05  -3.650313e+03
1  -1.129646e+06  -3.491681e+03
2  -3.897375e+05  -6.917734e+03
3  -1.830566e+05  -8.800714e+03
4  -8.851404e+04  -7.995060e+03
5  -4.957224e+04  -6.469531e+03
6  -4.486235e+04  -4.093863e+03
7  -3.992186e+04  -5.149782e+03
8  -3.399886e+04  -5.991821e+03
9  -2.615324e+04  -4.745816e+03
10  -2.027038e+04  -3.279567e+03
11  -1.533149e+04  -1.721886e+03
12  -1.020489e+04  -1.552554e+02
13  -1.763834e+03  5.707698e+02
14  8.185499e+03  4.718147e+02
15  1.241783e+04  -2.557684e+02
16  1.004287e+04  1.509828e+02
17  6.477736e+03  4.952356e+02
18  2.898191e+03  7.748662e+02
19  1.315276e+03  1.117817e+03
20  9.951124e+02  6.275588e+02
21  2.271188e+03  2.010902e+01
22  2.629018e+03  -1.251167e+02
23  1.757461e+03  -2.617914e+02
24  2.101738e+03  -1.731014e+02
25  1.775940e+03  4.558608e+00
26  2.184660e+03  -5.441493e+01
27  2.310184e+03  -8.014639e+01
28  1.897948e+03  -1.349758e+02
29  1.009024e+03  -1.123957e+02
30  7.102340e+02  -1.111961e+02
31  4.124305e+02  -1.213670e+02
32  5.189395e+02  -2.381013e+01
33  6.622743e+02  6.056500e+01
34  3.530583e+02  9.946904e+00
35  -6.983061e+01  -1.215847e+01
36  -2.450127e+01  -2.485918e+01
37  2.186949e+02  -2.696995e+01
38  1.038219e+02  6.813232e+01
39  -3.321647e+02  1.796274e+02
40  -4.128369e+02  1.467380e+02
41  -6.230947e+02  1.726654e+02
42  -1.233371e+03  1.523179e+01
43  -2.708559e+03  -3.236888e+02
44  -3.175321e+03  -5.186062e+02
45  -1.916030e+03  -4.120976e+02
46  -8.088201e+02  9.272005e+01
47  -1.005771e+03  4.640516e+02
48  -1.679902e+03  5.230039e+02
49  -3.103162e+03  5.141572e+02
50  -2.647268e+03  5.160088e+02
51  -1.821155e+03  4.473618e+02
52  -2.956356e+03  6.716918e+02
53  -5.216139e+03  2.211515e+03
54  1.106429e+03  1.350951e+03
55  2.822330e+03  1.322804e+01
56  2.008397e+03  -1.194610e+03
57  5.984279e+03  -4.379221e+03
58  2.020953e+04  -6.555337e+03
59  3.139762e+04  -7.377147e+03
60  9.442587e+03  -7.594686e+03
61  -1.216492e+05  -8.329723e+03
62  -3.595428e+05  -8.144914e+03
63  -1.141104e+06  -1.013368e+04
ENDPROP
STARTPROP
MASSES:  4.200000e-03   4.200000e-03
SOURCE: GAM_35
SINKS: GAM_35
0  -1.883480e+05  -6.340755e+03
1  -1.131848e+06  -2.437163e+02
2  -3.814709e+05  -4.307853e+03
3  -1.857116e+05  -4.199337e+03
4  -8.594441e+04  -3.151899e+03
5  -4.064016e+04  -2.657947e+03
6  -1.544237e+04  -1.543109e+03
7  -7.983690e+03  -3.814364e+02
8  -1.263050e+04  -1.563217e+03
9  -2.376068e+04  -2.366550e+03
10  -2.213797e+04  -2.973649e+03
11  -1.363954e+04  -3.105877e+03
12  -3.156518e+03  -7.997256e+02
13  3.764156e+02  2.172355e+02
14  -1.837603e+03  1.039323e+03
15  -4.038139e+02  2.982256e+02
16  -3.847448e+01  -1.028487e+03
17  3.804668e+01  -6.707795e+02
18  6.111191e+02  -4.246508e+02
19  -9.339391e+02  -1.795928e+02
20  -1.791830e+03  1.729131e+02
21  -1.937296e+03  3.011526e+02
22  -1.910989e+03  4.402876e+02
23  -7.460220e+02  3.370864e+02
24  3.820693e+01  1.241930e+02
25  7.289108e+02  7.575943e+01
26  1.164895e+03  -1.104714e+01
27  7.835029e+02  -8.409416e+01
28  8.368189e+02  -1.692929e+02
29  8.928544e+02  -2.708331e+02
30  5.178567e+02  -3.499611e+02
31  2.906870e+02  -3.115944e+02
32  1.100512e+02  -2.710096e+02
33  -1.884578e+01  -1.069527e+02
34  4.637692e+00  4.370622e+01
35  -2.272207e+02  1.425380e+02
36  -8.162955e+02  8.884588e+01
37  -1.561856e+03  -6.635704e+00
38  -1.657379e+03  -9.689188e+01
39  -1.165345e+03  1.624434e+01
40  -6.931511e+02  1.896652e+02
41  -6.880724e+02  2.564256e+02
42  -6.661729e+02  3.489541e+02
43  2.765432e+02  1.483257e+02
44  3.468344e+01  -5.083364e+02
45  -1.264361e+03  -9.633115e+02
46  -1.188433e+03  -1.133045e+03
47  -2.690246e+02  -1.709625e+03
48  2.715335e+03  -2.099348e+03
49  3.554678e+03  -2.060080e+03
50  6.344538e+03  -1.718558e+03
51  5.626427e+03  -1.179843e+03
52  -2.531625e+03  -6.177156e+02
53  -7.892393e+03  5.534394e+02
54  -1.384566e+04  7.741099e+02
55  -1.507878e+04  9.423764e+02
56  -1.227573e+04  8.369487e+02
57  -1.468305e+04  -2.763842e+03
58  -3.967936e+04  -5.800747e+03
59  -8.047542e+04  -6.131088e+03
60  -1.372551e+05  -6.841431e+03
61  -2.298851e+05  -1.059280e+04
62  -4.381282e+05  -1.292715e+04
63  -1.210685e+06  -1.175039e+04
ENDPROP
STARTPROP
MASSES:  4.200000e-03   4.200000e-03
SOURCE: GAM_45
SINKS: GAM_45
0  -1.708013e+06  1.750340e+03
1  6.655381e+05  -2.170278e+03
2  3.206345e+05  -2.560763e+03
3  2.670603e+05  -1.594647e+03
4  2.275429e+05  -2.275128e+03
5  1.862138e+05  -2.795487e+03
6  1.572272e+05  -7.706793e+02
7  1.224436e+05  -1.020832e+02
8  1.028461e+05  -3.860187e+02
9  9.139849e+04  4.317769e+02
10  7.358631e+04  1.832305e+02
11  6.549358e+04  -7.356036e+02
12  5.536177e+04  -9.855100e+02
13  4.753439e+04  4.620934e+02
14  3.814159e+04  5.533194e+02
15  3.102069e+04  3.777425e+02
16  2.766835e+04  3.755930e+02
17  2.247801e+04  6.004381e+01
18  1.877584e+04  -3.146353e+01
19  1.540837e+04  -6.543909e+01
20  1.296423e+04  -2.375750e+02
21  1.087873e+04  -1.293226e+02
22  9.754649e+03  7.389233e+01
23  7.961728e+03  -3.574541e+01
24  6.704394e+03  8.038037e+01
25  5.674130e+03  6.582655e+01
26  4.761734e+03  -6.202837e+00
27  4.322001e+03  1.552166e+01
28  3.535705e+03  -9.095703e+00
29  3.171004e+03  1.886660e+01
30  2.855051e+03  5.520196e+01
31  2.793853e+03  8.620196e+01
32  2.531036e+03  1.007411e+02
33  2.576612e+03  1.933508e+02
34  2.748790e+03  1.995651e+02
35  3.004698e+03  2.115884e+02
36  3.343848e+03  1.943892e+02
37  3.607382e+03  1.200971e+02
38  4.315827e+03  8.611794e+01
39  5.155491e+03  1.516116e+02
40  6.043729e+03  1.996366e+02
41  7.178310e+03  3.268472e+02
42  8.559732e+03  5.053898e+02
43  1.003533e+04  6.372529e+02
44  1.183800e+04  6.803338e+02
45  1.434979e+04  7.114467e+02
46  1.683169e+04  9.126436e+02
47  1.972160e+04  8.070221e+02
48  2.531029e+04  1.015439e+03
49  3.232799e+04  1.857076e+03
50  3.856191e+04  2.285488e+03
51  4.697323e+04  2.911430e+03
52  5.543259e+04  3.045178e+03
53  6.710345e+04  2.826132e+03
54  8.229242e+04  1.939825e+03
55  9.608224e+04  2.235393e+03
56  1.200547e+05  3.416440e+03
57  1.411612e+05  2.458895e+03
58  1.684230e+05  2.195615e+03
59  2.067508e+05  -3.242068e+02
60  2.468427e+05  2.770679e+02
61  3.032119e+05  3.404976e+03
62  3.619198e+05  8.390494e+03
63  7.090366e+05  9.644352e+03
ENDPROP
STARTPROP
MASSES:  4.200000e-03   4.200000e-03
SOURCE: PSAX4
SINKS: GAM_4
0  1.044457e+04  -1.078380e+04
1  1.701299e+06  -5.937154e+03
2  1.284993e+06  -5.653659e+03
3  1.063821e+06  -4.618064e+03
4  8.983436e+05  -2.879704e+03
5  7.461710e+05  1.579935e+03
6  6.290801e+05  -1.008926e+03
7  5.238615e+05  -1.423620e+03
8  4.434481e+05  -2.315775e+02
9  3.774214e+05  4.082373e+02
10  3.081411e+05  2.454393e+03
11  2.646227e+05  2.148338e+03
12  2.246839e+05  2.263902e+03
13  1.855821e+05  2.545732e+03
14  1.507540e+05  2.153046e+03
15  1.245990e+05  1.548518e+03
16  1.032635e+05  1.313702e+03
17  8.689366e+04  1.455040e+03
18  7.152454e+04  1.107552e+03
19  6.015346e+04  8.863993e+02
20  4.921027e+04  7.927789e+02
21  4.072951e+04  6.334990e+02
22  3.503653e+04  8.210584e+02
23  2.826209e+04  5.813252e+02
24  2.420004e+04  5.413842e+02
25  2.010194e+04  4.513334e+02
26  1.620223e+04  4.435715e+02
27  1.319773e+04  3.843883e+02
28  1.003250e+04  2.811327e+02
29  7.386026e+03  2.833941e+02
30  5.072920e+03  2.604460e+02
31  2.865545e+03  2.722841e+02
32  8.100655e+02  1.957948e+02
33  -9.883085e+02  1.720530e+02
34  -3.196871e+03  9.089683e+01
35  -5.379388e+03  9.501439e+01
36  -7.509770e+03  8.819820e+01
37  -9.826749e+03  1.192911e+02
38  -1.259031e+04  1.974223e+01
39  -1.622008e+04  -1.186792e+02
40  -1.989191e+04  -2.492021e+02
41  -2.466609e+04  -4.036398e+02
42  -3.001897e+04  -6.400258e+02
43  -3.687837e+04  -9.593165e+02
44  -4.508635e+04  -1.183060e+03
45  -5.400812e+04  -1.223280e+03
46  -6.413994e+04  -1.330904e+03
47  -7.742178e+04  -1.074088e+03
48  -9.633077e+04  -1.351272e+03
49  -1.185779e+05  -2.094457e+03
50  -1.449050e+05  -2.144995e+03
51  -1.759432e+05  -2.415319e+03
52  -2.091631e+05  -3.142773e+03
53  -2.552530e+05  -4.192399e+03
54  -3.135295e+05  -2.751614e+03
55  -3.770511e+05  -2.105334e+03
56  -4.489011e+05  -1.600256e+03
57  -5.494076e+05  -1.600217e+03
58  -6.561352e+05  1.225092e+03
59  -7.829964e+05  3.825308e+03
60  -9.171314e+05  4.297584e+02
61  -1.096453e+06  -3.573165e+03
62  -1.292005e+06  -5.844892e+03
63  -1.699603e+06  -1.056435e+04
ENDPROP
STARTPROP
MASSES:  4.200000e-03   4.200000e-03
SOURCE: WWPSAX4
SINKS: GAM_4
0  -1.971221e+08  -7.508492e+07
1  1.323963e+09  3.644086e+06
2  8.587123e+08  -5.078828e+07
3  6.632831e+08  -4.526642e+07
4  5.154442e+08  -2.600280e+07
5  3.408346e+08  1.674464e+06
6  5.314898e+08  5.494987e+06
7  4.412563e+08  -2.721592e+07
8  2.554814e+08  1.394445e+07
9  1.602718e+08  1.126156e+07
10  2.147314e+08  2.637503e+06
11  1.985071e+08  6.233756e+06
12  1.556944e+08  -1.486365e+07
13  2.169347e+08  1.907654e+07
14  6.646553e+07  6.370461e+06
15  1.097035e+08  -6.144607e+06
16  7.122111e+07  7.502012e+06
17  6.485374e+07  -1.603287e+06
18  3.829176e+07  -3.397838e+06
19  5.341970e+07  -3.839626e+06
20  4.444955e+07  5.829559e+06
21  4.596932e+07  1.535542e+06
22  1.830275e+07  3.171770e+06
23  1.890053e+07  6.273409e+05
24  2.011124e+07  1.779022e+05
25  1.742459e+07  1.306511e+06
26  6.962520e+06  2.433490e+04
27  4.904886e+06  -1.671197e+05
28  1.124230e+07  9.780501e+04
29  7.931416e+06  -2.984651e+05
30  8.057951e+06  -1.078652e+06
31  -2.375634e+06  -1.403947e+06
32  -1.221283e+06  4.355344e+05
33  -7.411362e+05  -3.129786e+05
34  -7.389743e+05  1.161170e+04
35  -3.190233e+06  5.271893e+05
36  -9.498100e+06  -6.629712e+05
37  -4.737311e+06  1.750936e+06
38  -1.366098e+07  2.644844e+06
39  -1.125541e+07  -1.080866e+06
40  -7.895655e+06  1.405302e+06
41  -4.718957e+05  -1.266052e+06
42  -3.704447e+07  -3.106874e+06
43  -1.541505e+07  -2.661438e+05
44  -2.482475e+07  1.935738e+06
45  -4.461681e+07  -8.574096e+06
46  -4.494733e+07  -5.916783e+06
47  -5.936284e+07  -1.157891e+06
48  -6.961651e+07  6.496250e+06
49  -7.343099e+07  -4.912389e+06
50  -5.290008e+07  -3.152227e+06
51  -1.385482e+08  4.777186e+06
52  -1.490761e+08  -2.354120e+06
53  -6.786060e+07  2.821932e+05
54  -2.436797e+08  -1.982598e+07
55  -2.312727e+08  2.161859e+07
56  -1.203750e+08  -2.221498e+07
57  -2.164344e+08  3.121792e+07
58  -5.189837e+08  -1.524161e+07
59  -6.363457e+08  -1.924697e+06
60  -7.325632e+08  -2.601887e+07
61  -3.428432e+08  -3.197065e+07
62  -9.881876e+08  -5.235275e+06
63  -2.524682e+09  -1.302345e+07
ENDPROP
STARTPROP
MASSES:  4.200000e-03   4.200000e-03
SOURCE: WWGAM_5
SINKS: GAM_5
0  1.610207e+10  1.636293e+01
1  4.589976e+09  3.810004e+07
2  2.721184e+09  3.265192e+07
3  2.359831e+09  6.525703e+06
4  1.839058e+09  3.177444e+07
5  1.700976e+09  2.799951e+07
6  1.507351e+09  -9.344562e+06
7  1.311802e+09  -1.304188e+07
8  1.227345e+09  -9.203396e+06
9  8.872420e+08  2.417696e+07
10  8.624231e+08  -1.017906e+07
11  6.322566e+08  1.259880e+07
12  6.434350e+08  -9.671675e+06
13  5.533093e+08  6.817482e+06
14  3.973023e+08  8.662207e+06
15  3.229814e+08  -2.356507e+06
16  2.663400e+08  6.160407e+06
17  2.225437e+08  6.005030e+06
18  1.867744e+08  -2.370027e+06
19  1.494773e+08  -4.623224e+06
20  1.276986e+08  7.132354e+06
21  1.236125e+08  1.830866e+06
22  9.873855e+07  4.915669e+06
23  7.031335e+07  1.195750e+06
24  7.503786e+07  -5.721976e+04
25  5.717322e+07  1.735970e+06
26  5.361554e+07  1.496151e+06
27  3.801281e+07  2.484451e+05
28  4.151841e+07  4.253903e+05
29  4.059739e+07  2.890204e+05
30  3.544187e+07  -9.877438e+05
31  3.146009e+07  7.860741e+05
32  2.297474e+07  -3.517838e+05
33  2.471911e+07  -5.545313e+05
34  3.019503e+07  4.824877e+05
35  2.603383e+07  9.302428e+05
36  3.474353e+07  9.236716e+05
37  3.299486e+07  -5.444229e+05
38  4.474936e+07  1.542761e+05
39  4.231416e+07  8.938621e+05
40  5.097895e+07  8.797790e+05
41  6.252442e+07  2.373142e+06
42  8.775576e+07  7.101374e+04
43  9.138907e+07  3.460698e+06
44  9.910271e+07  -2.093672e+06
45  1.601911e+08  8.046898e+06
46  1.954319e+08  3.842298e+06
47  2.262301e+08  4.316818e+06
48  2.373582e+08  5.059415e+06
49  2.931962e+08  -3.846567e+06
50  3.168370e+08  5.036336e+06
51  4.501814e+08  -5.877139e+06
52  5.560505e+08  5.931957e+06
53  5.178767e+08  1.107197e+07
54  7.970565e+08  2.010284e+07
55  1.009021e+09  -8.520223e+06
56  1.100956e+09  -2.209880e+07
57  1.272636e+09  -2.365487e+07
58  1.459851e+09  3.185949e+07
59  1.752512e+09  -9.454513e+06
60  2.439329e+09  -7.874897e+07
61  1.962940e+09  -1.821657e+07
62  2.829567e+09  2.724354e+07
63  5.301829e+09  6.465804e+06
ENDPROP
