STARTPROP
MASSES:  4.200000e-03   4.200000e-03
SOURCE: GAM_1
SINKS: GAM_1
0  1.200871e+06  1.554074e+03
1  1.982430e+06  -1.241821e+03
2  1.001779e+06  -8.909415e+02
3  5.977849e+05  1.792016e+03
4  3.825110e+05  1.879006e+03
5  2.326459e+05  2.372623e+03
6  1.282167e+05  2.957332e+03
7  4.854239e+04  3.213044e+03
8  4.562560e+03  2.662691e+03
9  -3.168805e+03  1.848990e+03
10  -8.513196e+03  1.044455e+03
11  -2.348611e+03  8.017089e+02
12  6.650234e+03  2.804813e+02
13  8.593036e+03  1.198034e+02
14  6.262416e+03  1.361997e+02
15  4.256166e+03  2.112426e+02
16  2.334240e+03  1.304708e+02
17  2.133636e+03  -2.616699e+01
18  1.466705e+03  7.573877e+00
19  -2.094516e+02  5.665136e+01
20  -5.831655e+02  -4.333694e+01
21  -1.157280e+03  -4.850384e+01
22  -5.999277e+02  -2.546425e+00
23  -1.018936e+03  1.064178e+02
24  -6.084577e+02  1.359962e+02
25  -2.192308e+02  1.802798e+02
26  2.912490e+02  1.059981e+02
27  7.007103e+02  2.680841e+01
28  7.080703e+02  -3.145704e+01
29  2.372781e+02  -4.216918e+01
30  -3.912220e+02  -4.503473e+01
31  -6.482491e+02  -5.248897e+01
32  -7.004064e+02  -3.629449e+01
33  -5.622035e+02  -3.547665e+01
34  -3.510586e+02  -3.565901e+01
35  -5.643454e+02  -3.989906e+01
36  -8.878350e+02  -7.540308e+01
37  -8.046704e+02  -5.468245e+01
38  -7.383397e+02  -1.722445e+01
39  -7.946835e+02  6.139155e+01
40  -7.219455e+02  1.539973e+02
41  4.617710e+01  1.053144e+02
42  5.389287e+02  -9.902666e+00
43  6.150112e+02  -4.052671e+01
44  -1.158845e+03  1.321421e+01
45  -1.594540e+03  -5.066553e+01
46  3.711656e+02  -1.139829e+00
47  2.859903e+03  -2.403900e+02
48  1.728173e+03  -4.944184e+02
49  -2.637859e+03  -3.710802e+02
50  -5.369330e+03  -1.455514e+02
51  -4.850243e+03  -4.058926e+02
52  -3.656007e+03  -9.305448e+02
53  -3.184988e+03  -1.320749e+03
54  6.200386e+03  -1.306896e+03
55  1.024223e+04  -9.595556e+02
56  1.869089e+04  -7.487497e+02
57  3.580932e+04  -6.080708e+02
58  7.026129e+04  -3.154333e+02
59  1.442555e+05  2.547341e+02
60  2.823831e+05  -1.747539e+02
61  4.978829e+05  1.419654e+03
62  9.083181e+05  2.195932e+03
63  1.948638e+06  2.494240e+03
ENDPROP
STARTPROP
MASSES:  4.200000e-03   4.200000e-03
SOURCE: GAM_2
SINKS: GAM_2
0  1.136325e+06  -1.222879e+03
1  1.938922e+06  -2.046305e+03
2  9.661822e+05  -6.162407e+02
3  5.714520e+05  -3.191688e+02
4  3.325783e+05  -3.149676e+02
5  1.795556e+05  -1.297889e+02
6  9.839442e+04  -3.604095e+02
7  4.168775e+04  9.449728e+00
8  1.131762e+04  -4.606484e+02
9  2.642389e+03  -5.350042e+02
10  1.514223e+03  -4.981487e+02
11  8.546394e+02  -4.569994e+02
12  6.659392e+03  -2.998441e+02
13  1.186748e+04  -1.878547e+02
14  1.175771e+04  -8.949253e+01
15  8.733005e+03  1.873474e+02
16  6.183142e+03  1.915092e+02
17  3.397012e+03  1.161354e+02
18  1.885959e+03  3.074438e+01
19  1.190226e+03  4.728028e+01
20  7.743903e+02  -1.125766e+02
21  1.246475e+03  -1.162289e+02
22  9.259785e+02  -5.970482e+01
23  1.351274e+03  1.774934e+01
24  1.515552e+03  1.090567e+02
25  1.694850e+03  1.491113e+02
26  1.507357e+03  1.974896e+02
27  1.258458e+03  1.823567e+02
28  9.653691e+02  1.182162e+02
29  6.174932e+02  6.704585e+01
30  6.243860e+02  4.498980e+01
31  8.025567e+02  4.370873e+00
32  9.497435e+02  -5.749599e+00
33  9.547192e+02  -1.207603e+01
34  1.160591e+03  -9.805695e+00
35  1.101389e+03  -8.440823e+00
36  1.080708e+03  1.825669e+01
37  8.465367e+02  4.371594e+01
38  7.552446e+02  2.851947e+01
39  6.266153e+02  1.304643e+01
40  4.123061e+02  -1.089453e+01
41  8.332475e+02  -3.943985e+01
42  3.952801e+02  8.830666e+00
43  -4.494143e+02  -1.674359e+01
44  -1.512726e+03  -1.384885e+02
45  -2.935380e+03  3.869173e+01
46  -3.374829e+03  2.338115e+02
47  -1.817913e+03  1.443092e+02
48  1.714210e+03  -1.063936e+02
49  4.059975e+03  -2.489416e+02
50  9.112334e+03  2.616860e+01
51  1.514164e+04  3.193260e+02
52  2.084197e+04  -3.685750e+00
53  2.503450e+04  -3.783463e+02
54  2.487890e+04  -5.596705e+02
55  3.532153e+04  -1.948549e+02
56  6.732298e+04  -1.084021e+02
57  9.993841e+04  1.113035e+03
58  1.274860e+05  1.807859e+03
59  1.825321e+05  7.233897e+02
60  2.794977e+05  5.585910e+01
61  4.896481e+05  1.607662e+02
62  9.030091e+05  7.798085e+02
63  1.925087e+06  9.773033e+01
ENDPROP
STARTPROP
MASSES:  4.200000e-03   4.200000e-03
SOURCE: GAM_3
SINKS: GAM_3
0  1.251023e+06  4.548645e+02
1  2.011306e+06  -5.695395e+02
2  9.722361e+05  -6.797417e+02
3  5.391670e+05  1.086994e+03
4  2.946750e+05  -6.957276e+02
5  1.644658e+05  -2.855890e+03
6  8.708903e+04  -3.538682e+03
7  3.744994e+04  -2.543764e+03
8  2.029548e+04  -1.235299e+03
9  8.867134e+03  -5.791005e+02
10  6.183514e+03  -2.728299e+02
11  1.125836e+04  -3.091839e+02
12  8.920516e+03  -5.231786e+02
13  4.843529e+03  -6.162141e+02
14  -7.141642e+02  -1.770523e+02
15  -1.527646e+03  -3.630599e+01
16  -1.916459e+03  -2.104824e+02
17  -1.424189e+03  -3.137835e+02
18  -1.375873e+03  -2.700461e+02
19  -8.825589e+02  -3.009389e+02
20  -3.276489e+02  -2.392024e+02
21  3.688362e+02  -1.688178e+02
22  -6.477819e+02  -6.900979e+01
23  -1.691824e+03  4.512709e+01
24  -1.749049e+03  7.975986e+01
25  -1.676919e+03  3.604316e+01
26  -1.642789e+03  -2.247902e+01
27  -1.495808e+03  -2.452968e+01
28  -8.094614e+02  -5.412087e+01
29  -5.850378e+02  -1.335617e+01
30  -3.843684e+02  1.046596e+01
31  -1.358991e+02  -1.719490e+01
32  -3.549334e+02  -5.334301e+01
33  -3.671060e+02  -7.349996e+01
34  -2.469444e+02  -7.892007e+01
35  -1.266051e+02  -9.250134e+01
36  1.857413e+02  -7.931475e+01
37  3.283986e+02  -7.867855e+01
38  6.681828e+02  -8.910030e+01
39  6.219606e+02  -5.419372e+01
40  5.527639e+02  -1.928922e+01
41  -1.890640e+01  -7.501358e+01
42  2.991078e+02  -1.282465e+02
43  1.430884e+03  -1.789508e+02
44  3.476748e+03  -2.217681e+02
45  5.043348e+03  -2.721381e+02
46  5.039731e+03  -3.383490e+02
47  4.520609e+03  -5.729272e+02
48  5.187840e+03  -8.119911e+02
49  3.538380e+03  -9.075610e+02
50  -3.178096e+03  -9.634274e+02
51  -6.513665e+03  -1.139752e+03
52  -4.784302e+03  -8.365375e+02
53  -7.694710e+03  -6.742327e+02
54  -1.787416e+03  -1.068712e+03
55  1.158484e+04  -1.496790e+03
56  2.055458e+04  -1.320926e+03
57  3.982250e+04  -7.462726e+02
58  6.382377e+04  -2.539749e+02
59  1.466168e+05  5.595758e+02
60  2.951146e+05  1.283805e+03
61  5.680392e+05  1.477742e+03
62  1.012976e+06  9.059606e+02
63  2.025134e+06  1.573681e+03
ENDPROP
STARTPROP
MASSES:  4.200000e-03   4.200000e-03
SOURCE: GAM_4
SINKS: GAM_4
0  2.168431e+06  -9.304015e+02
1  -2.895999e+05  7.442471e+02
2  -4.350236e+03  1.439975e+03
3  -1.464294e+04  1.353179e+03
4  4.960958e+03  1.186019e+03
5  1.798351e+03  1.084306e+03
6  2.888672e+03  1.055768e+03
7  -1.053038e+01  5.624709e+02
8  2.556804e+03  5.464471e+02
9  -4.728512e+02  3.318785e+01
10  -5.260132e+02  2.410226e+01
11  -2.592972e+03  -2.441857e+02
12  3.755211e+02  -4.007255e+02
13  6.769613e+02  -1.830617e+02
14  5.424451e+02  -1.416330e+02
15  1.352578e+03  6.937082e+01
16  5.033155e+02  4.152603e+01
17  7.444044e+02  3.899770e-01
18  2.839713e+01  -2.643180e+00
19  2.571577e+02  -5.483042e+01
20  5.411961e+02  -5.592699e+01
21  2.565955e+02  -2.664463e+01
22  1.818441e+02  -4.125829e-01
23  5.472315e+02  6.199272e+00
24  5.471760e+02  -1.736565e+01
25  4.163763e+02  -7.197652e+00
26  3.185055e+02  -9.894871e+00
27  4.009416e+02  -9.074859e-01
28  3.857754e+02  1.132959e+00
29  2.896695e+02  -9.436751e+00
30  3.287009e+02  -1.864523e+01
31  3.267233e+02  4.118779e+00
32  4.532236e+02  -9.438354e+00
33  4.248319e+02  -9.856136e+00
34  4.181059e+02  1.119297e+01
35  4.380807e+02  5.623408e+00
36  3.954962e+02  5.522180e+00
37  4.010397e+02  1.020387e+01
38  2.438665e+02  1.682097e+01
39  4.823058e+02  3.871091e+01
40  4.921352e+02  5.493222e+01
41  4.015359e+02  4.336987e+01
42  4.884129e+02  3.903641e+01
43  6.893488e+02  -5.666911e+00
44  4.148248e+02  3.502165e+00
45  5.234330e+02  2.661412e+00
46  1.910780e+02  7.349511e+01
47  6.237949e+02  9.766956e+01
48  1.154137e+03  1.168947e+02
49  2.734436e+02  6.464194e+01
50  1.526047e+03  2.054784e+02
51  -3.014630e+01  3.945178e+02
52  1.784278e+02  5.352758e+02
53  6.272100e+02  6.340013e+02
54  5.706136e+02  5.048763e+02
55  3.979712e+03  2.404117e+02
56  4.131841e+03  7.839322e+01
57  1.004939e+03  -2.496202e+02
58  2.712490e+02  -8.541559e+02
59  1.265933e+03  -1.429074e+03
60  -1.913230e+03  -2.000744e+03
61  -1.311729e+03  -1.445601e+03
62  -1.543557e+04  -1.919141e+03
63  -2.958283e+05  -1.723722e+03
ENDPROP
STARTPROP
MASSES:  4.200000e-03   4.200000e-03
SOURCE: GAM_5
SINKS: GAM_5
0  1.582642e+07  1.723439e+04
1  1.593612e+07  2.494316e+04
2  1.319891e+07  1.902088e+04
3  1.079381e+07  2.044037e+04
4  8.965266e+06  2.450085e+04
5  7.554298e+06  2.891900e+04
6  6.397470e+06  2.372831e+04
7  5.498032e+06  1.703407e+04
8  4.663903e+06  1.196793e+04
9  3.892994e+06  7.785008e+03
10  3.143103e+06  5.330518e+03
11  2.522101e+06  -8.072682e+02
12  2.077599e+06  -4.923503e+03
13  1.734202e+06  -5.391811e+03
14  1.415541e+06  -6.871190e+03
15  1.199842e+06  -6.025811e+03
16  1.021163e+06  -4.451336e+03
17  8.615442e+05  -2.527242e+03
18  7.003285e+05  -1.142281e+03
19  5.615340e+05  -3.985456e+02
20  4.631350e+05  -6.657338e+02
21  3.814414e+05  -8.372746e+02
22  3.193108e+05  -6.768739e+02
23  2.713278e+05  -8.673033e+02
24  2.338027e+05  -9.355530e+02
25  2.050891e+05  -9.469172e+02
26  1.809467e+05  -1.110963e+03
27  1.591895e+05  -1.050058e+03
28  1.438056e+05  -8.585579e+02
29  1.312221e+05  -7.837380e+02
30  1.179324e+05  -7.310522e+02
31  1.101030e+05  -5.388589e+02
32  1.066489e+05  -4.338723e+02
33  1.062998e+05  -1.477158e+02
34  1.121542e+05  2.826984e+02
35  1.227444e+05  8.995007e+02
36  1.376567e+05  1.456709e+03
37  1.583005e+05  1.872755e+03
38  1.852920e+05  2.274365e+03
39  2.168612e+05  2.593781e+03
40  2.603583e+05  2.646230e+03
41  3.139897e+05  2.505835e+03
42  3.704635e+05  2.112960e+03
43  4.383118e+05  1.435181e+03
44  5.174994e+05  9.894705e+02
45  6.269934e+05  1.232720e+03
46  7.530557e+05  1.939170e+03
47  8.991844e+05  2.474710e+03
48  1.077890e+06  3.796070e+03
49  1.281335e+06  5.630388e+03
50  1.508714e+06  9.052300e+03
51  1.758745e+06  1.234308e+04
52  2.123172e+06  1.355276e+04
53  2.535239e+06  1.373560e+04
54  3.025253e+06  1.454312e+04
55  3.671946e+06  2.205414e+04
56  4.419742e+06  2.980267e+04
57  5.138410e+06  3.141326e+04
58  6.064227e+06  3.016001e+04
59  7.276011e+06  2.437549e+04
60  8.739708e+06  9.961962e+03
61  1.044197e+07  8.128496e+03
62  1.251544e+07  1.053192e+04
63  1.537642e+07  1.254515e+04
ENDPROP
STARTPROP
MASSES:  4.200000e-03   4.200000e-03
SOURCE: GAM_12
SINKS: GAM_12
0  7.804169e+05  2.638658e+03
1  -7.206220e+05  3.948926e+03
2  -1.594878e+05  1.925190e+03
3  -6.278751e+04  6.007910e+02
4  -3.702059e+04  1.190356e+03
5  -1.459071e+04  1.952395e+03
6  -1.129239e+04  5.531206e+02
7  -1.137109e+04  -7.024748e+02
8  -1.392171e+04  -1.231941e+03
9  -1.273198e+04  -1.442685e+03
10  -8.783260e+03  -1.415128e+03
11  -5.582690e+03  -1.195025e+03
12  -3.789559e+03  -7.115148e+02
13  -7.503512e+03  -5.247956e+02
14  -5.390649e+03  -3.397292e+02
15  -3.613032e+03  -2.011627e+02
16  -3.748309e+03  1.371187e+01
17  -3.242046e+03  3.201248e+01
18  -1.594367e+03  -6.465377e+01
19  -5.902559e+02  -8.041119e+01
20  5.246636e+02  -6.401240e+01
21  1.797301e+02  -3.342554e+01
22  -1.859606e+02  -8.050790e-02
23  1.648605e+02  3.536944e+01
24  2.814905e+02  4.148108e+01
25  4.107853e+02  5.480401e+01
26  3.953894e+02  4.533132e+01
27  5.604480e+02  2.863535e+01
28  3.886711e+02  1.500097e+01
29  3.195912e+02  2.161488e+01
30  4.015548e+02  2.066037e+01
31  2.736662e+02  6.884496e+00
32  1.206285e+02  6.411069e+00
33  -5.029485e+01  3.113040e+01
34  1.098641e+02  3.146557e+01
35  2.687458e+02  -1.074620e+01
36  3.777508e+02  1.010294e+01
37  5.751830e+02  4.222897e+01
38  1.278904e+03  5.178443e+01
39  1.395908e+03  6.717461e+01
40  8.759705e+02  -8.823201e+00
41  -9.541660e+00  -8.517033e+01
42  2.766741e+02  -1.422923e+02
43  1.524104e+02  -2.244047e+02
44  -6.381386e+02  -2.693281e+02
45  -1.503192e+03  -1.122299e+02
46  -1.122483e+03  1.577201e+02
47  -1.329095e+03  1.132676e+02
48  -1.072383e+03  -8.095206e+01
49  -4.169929e+02  -4.014941e+02
50  7.944925e+02  -7.858012e+02
51  2.105587e+02  -5.804804e+02
52  -4.249780e+03  -2.894759e+02
53  -8.275166e+03  -3.662052e+02
54  -1.800545e+04  -1.360803e+02
55  -2.245963e+04  -5.350107e+00
56  -3.096308e+04  -1.187328e+02
57  -4.400924e+04  -3.989986e+02
58  -5.759109e+04  -7.115389e+02
59  -5.627548e+04  -2.183964e+01
60  -7.599291e+04  1.616555e+02
61  -1.382595e+05  -7.275007e+02
62  -2.585095e+05  9.388646e+02
63  -7.908338e+05  1.841630e+03
ENDPROP
STARTPROP
MASSES:  4.200000e-03   4.200000e-03
SOURCE: GAM_21
SINKS: GAM_21
0  7.804169e+05  2.638658e+03
1  -7.206220e+05  3.948926e+03
2  -1.594878e+05  1.925190e+03
3  -6.278751e+04  6.007910e+02
4  -3.702059e+04  1.190356e+03
5  -1.459071e+04  1.952395e+03
6  -1.129239e+04  5.531206e+02
7  -1.137109e+04  -7.024748e+02
8  -1.392171e+04  -1.231941e+03
9  -1.273198e+04  -1.442685e+03
10  -8.783260e+03  -1.415128e+03
11  -5.582690e+03  -1.195025e+03
12  -3.789559e+03  -7.115148e+02
13  -7.503512e+03  -5.247956e+02
14  -5.390649e+03  -3.397292e+02
15  -3.613032e+03  -2.011627e+02
16  -3.748309e+03  1.371187e+01
17  -3.242046e+03  3.201248e+01
18  -1.594367e+03  -6.465377e+01
19  -5.902559e+02  -8.041119e+01
20  5.246636e+02  -6.401240e+01
21  1.797301e+02  -3.342554e+01
22  -1.859606e+02  -8.050790e-02
23  1.648605e+02  3.536944e+01
24  2.814905e+02  4.148108e+01
25  4.107853e+02  5.480401e+01
26  3.953894e+02  4.533132e+01
27  5.604480e+02  2.863535e+01
28  3.886711e+02  1.500097e+01
29  3.195912e+02  2.161488e+01
30  4.015548e+02  2.066037e+01
31  2.736662e+02  6.884496e+00
32  1.206285e+02  6.411069e+00
33  -5.029485e+01  3.113040e+01
34  1.098641e+02  3.146557e+01
35  2.687458e+02  -1.074620e+01
36  3.777508e+02  1.010294e+01
37  5.751830e+02  4.222897e+01
38  1.278904e+03  5.178443e+01
39  1.395908e+03  6.717461e+01
40  8.759705e+02  -8.823201e+00
41  -9.541660e+00  -8.517033e+01
42  2.766741e+02  -1.422923e+02
43  1.524104e+02  -2.244047e+02
44  -6.381386e+02  -2.693281e+02
45  -1.503192e+03  -1.122299e+02
46  -1.122483e+03  1.577201e+02
47  -1.329095e+03  1.132676e+02
48  -1.072383e+03  -8.095206e+01
49  -4.169929e+02  -4.014941e+02
50  7.944925e+02  -7.858012e+02
51  2.105587e+02  -5.804804e+02
52  -4.249780e+03  -2.894759e+02
53  -8.275166e+03  -3.662052e+02
54  -1.800545e+04  -1.360803e+02
55  -2.245963e+04  -5.350107e+00
56  -3.096308e+04  -1.187328e+02
57  -4.400924e+04  -3.989986e+02
58  -5.759109e+04  -7.115389e+02
59  -5.627548e+04  -2.183964e+01
60  -7.599291e+04  1.616555e+02
61  -1.382595e+05  -7.275007e+02
62  -2.585095e+05  9.388646e+02
63  -7.908338e+05  1.841630e+03
ENDPROP
STARTPROP
MASSES:  4.200000e-03   4.200000e-03
SOURCE: GAM_13
SINKS: GAM_13
0  7.293060e+05  -7.573058e+02
1  -7.697099e+05  1.290057e+03
2  -1.923965e+05  1.090882e+03
3  -5.078711e+04  2.499555e+03
4  -7.080472e+03  2.496784e+03
5  -8.241050e+03  2.491493e+03
6  -1.727867e+04  1.944196e+03
7  -2.947009e+04  2.649865e+02
8  -3.314820e+04  -3.703446e+02
9  -3.024222e+04  -8.401110e+02
10  -2.768392e+04  -1.230778e+03
11  -2.156650e+04  -1.510634e+03
12  -1.056580e+04  -1.389958e+03
13  -5.986635e+03  -1.174291e+03
14  -3.547604e+03  -7.398143e+02
15  -2.732716e+03  -3.594610e+02
16  -3.814722e+03  -1.643108e+02
17  -5.011214e+03  -4.826143e+01
18  -3.340141e+03  -1.186741e+01
19  -2.582158e+03  8.132778e+01
20  -1.560554e+03  5.511412e+01
21  5.767898e+01  -6.660412e+00
22  3.320093e+02  3.683037e+01
23  -3.341252e+02  6.041880e+01
24  -5.918076e+02  8.990252e+01
25  3.311676e+02  6.339421e+01
26  8.618232e+02  3.187343e+01
27  5.108082e+02  2.219431e+01
28  5.442707e+01  3.133340e+01
29  -6.727356e+01  3.139086e+01
30  -1.046218e+02  3.369081e+01
31  -3.835652e+02  2.417160e+01
32  -5.196103e+02  3.733089e+01
33  -3.232135e+02  3.469939e+01
34  -6.830205e+01  7.022653e+01
35  -1.330275e+01  7.952136e+01
36  1.481438e+02  1.127448e+02
37  2.113666e+02  8.988646e+01
38  5.765276e+02  1.320766e+02
39  4.520461e+02  7.663380e+01
40  -4.983072e+02  4.849436e+01
41  -1.075677e+03  5.872636e+01
42  -8.890045e+02  7.971137e+01
43  -2.146969e+02  6.917807e+01
44  -4.620719e+01  2.851050e+01
45  9.685372e+02  5.236262e+01
46  1.209052e+03  1.678502e+02
47  2.711652e+03  2.039683e+02
48  2.226800e+03  2.222226e+02
49  4.438955e+03  2.413938e+02
50  4.226892e+03  1.061506e+02
51  8.590393e+03  9.631802e+01
52  9.109445e+03  -4.049151e+01
53  7.707180e+03  4.415958e+02
54  5.963673e+03  7.016730e+02
55  1.704780e+02  1.114322e+03
56  5.108392e+01  2.004442e+03
57  -1.830865e+04  1.608231e+03
58  -3.976619e+04  9.364904e+02
59  -6.027844e+04  1.231375e+03
60  -1.000192e+05  1.929183e+03
61  -1.382496e+05  1.891659e+03
62  -2.294846e+05  5.319304e+01
63  -7.869212e+05  -1.666519e+03
ENDPROP
STARTPROP
MASSES:  4.200000e-03   4.200000e-03
SOURCE: GAM_31
SINKS: GAM_31
0  7.293060e+05  -7.573058e+02
1  -7.697099e+05  1.290057e+03
2  -1.923965e+05  1.090882e+03
3  -5.078711e+04  2.499555e+03
4  -7.080472e+03  2.496784e+03
5  -8.241050e+03  2.491493e+03
6  -1.727867e+04  1.944196e+03
7  -2.947009e+04  2.649865e+02
8  -3.314820e+04  -3.703446e+02
9  -3.024222e+04  -8.401110e+02
10  -2.768392e+04  -1.230778e+03
11  -2.156650e+04  -1.510634e+03
12  -1.056580e+04  -1.389958e+03
13  -5.986635e+03  -1.174291e+03
14  -3.547604e+03  -7.398143e+02
15  -2.732716e+03  -3.594610e+02
16  -3.814722e+03  -1.643108e+02
17  -5.011214e+03  -4.826143e+01
18  -3.340141e+03  -1.186741e+01
19  -2.582158e+03  8.132778e+01
20  -1.560554e+03  5.511412e+01
21  5.767898e+01  -6.660412e+00
22  3.320093e+02  3.683037e+01
23  -3.341252e+02  6.041880e+01
24  -5.918076e+02  8.990252e+01
25  3.311676e+02  6.339421e+01
26  8.618232e+02  3.187343e+01
27  5.108082e+02  2.219431e+01
28  5.442707e+01  3.133340e+01
29  -6.727356e+01  3.139086e+01
30  -1.046218e+02  3.369081e+01
31  -3.835652e+02  2.417160e+01
32  -5.196103e+02  3.733089e+01
33  -3.232135e+02  3.469939e+01
34  -6.830205e+01  7.022653e+01
35  -1.330275e+01  7.952136e+01
36  1.481438e+02  1.127448e+02
37  2.113666e+02  8.988646e+01
38  5.765276e+02  1.320766e+02
39  4.520461e+02  7.663380e+01
40  -4.983072e+02  4.849436e+01
41  -1.075677e+03  5.872636e+01
42  -8.890045e+02  7.971137e+01
43  -2.146969e+02  6.917807e+01
44  -4.620719e+01  2.851050e+01
45  9.685372e+02  5.236262e+01
46  1.209052e+03  1.678502e+02
47  2.711652e+03  2.039683e+02
48  2.226800e+03  2.222226e+02
49  4.438955e+03  2.413938e+02
50  4.226892e+03  1.061506e+02
51  8.590393e+03  9.631802e+01
52  9.109445e+03  -4.049151e+01
53  7.707180e+03  4.415958e+02
54  5.963673e+03  7.016730e+02
55  1.704780e+02  1.114322e+03
56  5.108392e+01  2.004442e+03
57  -1.830865e+04  1.608231e+03
58  -3.976619e+04  9.364904e+02
59  -6.027844e+04  1.231375e+03
60  -1.000192e+05  1.929183e+03
61  -1.382496e+05  1.891659e+03
62  -2.294846e+05  5.319304e+01
63  -7.869212e+05  -1.666519e+03
ENDPROP
STARTPROP
MASSES:  4.200000e-03   4.200000e-03
SOURCE: GAM_14
SINKS: GAM_14
0  -1.343022e+05  3.464615e+02
1  1.263621e+06  -1.112004e+03
2  5.157745e+05  -1.111302e+03
3  2.888309e+05  -2.010949e+03
4  1.617081e+05  2.871618e+02
5  7.650713e+04  7.104512e+02
6  3.276113e+04  -3.416057e+02
7  1.130508e+04  -2.528006e+02
8  3.044485e+03  4.184044e+02
9  -4.000824e+03  7.584135e+02
10  -4.176390e+03  3.833706e+02
11  -7.912873e+03  4.783721e+02
12  -7.494205e+03  5.602087e+02
13  5.979670e+02  5.410340e+02
14  -9.150948e+02  3.525768e+02
15  -2.076742e+03  4.601937e+02
16  3.745127e+02  3.119187e+02
17  -8.025427e+02  4.292370e+01
18  -5.337334e+02  -5.674853e+01
19  -3.495552e+01  -2.625281e+00
20  -4.749748e+02  5.499343e+01
21  -6.865303e+01  5.257313e+01
22  -5.222684e+02  1.058644e+01
23  -9.373105e+02  -9.568555e+00
24  -1.414250e+03  3.756190e+00
25  -1.192123e+03  1.911132e+01
26  -7.878295e+02  3.333287e-01
27  -6.041458e+02  -1.777726e+01
28  -2.831903e+02  -3.401053e+01
29  -3.440622e+02  -4.049882e+01
30  -4.494009e+02  -1.727828e+01
31  -7.742460e+02  5.976542e+00
32  -6.434750e+02  -8.968827e+00
33  -6.725614e+02  -2.339408e+01
34  -6.607208e+02  -3.244767e+01
35  -4.785028e+02  -4.176666e+01
36  -3.791628e+02  -5.503202e+01
37  -1.718226e+02  -2.751631e+01
38  -3.524524e+02  1.296153e+01
39  -9.763376e+02  7.604558e+01
40  -9.845949e+02  1.108302e+02
41  -1.893345e+02  8.657090e+01
42  3.322617e+02  3.852181e+01
43  6.539182e+02  2.688280e+01
44  -4.224678e+01  2.676521e+01
45  2.777089e+03  -1.139423e+02
46  3.044590e+03  -2.349517e+02
47  2.737502e+03  -3.599952e+02
48  2.893300e+03  -3.806498e+02
49  9.551281e+02  -3.594061e+02
50  1.271979e+03  -1.541240e+02
51  3.379271e+02  2.245916e+02
52  -2.062047e+03  -2.540816e+01
53  -7.400594e+02  -3.422764e+02
54  3.028407e+03  5.125835e+01
55  8.689359e+03  3.363993e+02
56  1.355292e+04  3.329661e+02
57  1.083991e+04  3.907594e+02
58  7.694260e+03  -4.362580e+02
59  3.844093e+04  -6.642584e+02
60  1.106888e+05  -8.837627e+02
61  2.575160e+05  -1.432938e+02
62  5.318643e+05  5.405658e+02
63  1.266083e+06  6.221011e+02
ENDPROP
STARTPROP
MASSES:  4.200000e-03   4.200000e-03
SOURCE: GAM_41
SINKS: GAM_41
0  -1.343022e+05  3.464615e+02
1  1.263621e+06  -1.112004e+03
2  5.157745e+05  -1.111302e+03
3  2.888309e+05  -2.010949e+03
4  1.617081e+05  2.871618e+02
5  7.650713e+04  7.104512e+02
6  3.276113e+04  -3.416057e+02
7  1.130508e+04  -2.528006e+02
8  3.044485e+03  4.184044e+02
9  -4.000824e+03  7.584135e+02
10  -4.176390e+03  3.833706e+02
11  -7.912873e+03  4.783721e+02
12  -7.494205e+03  5.602087e+02
13  5.979670e+02  5.410340e+02
14  -9.150948e+02  3.525768e+02
15  -2.076742e+03  4.601937e+02
16  3.745127e+02  3.119187e+02
17  -8.025427e+02  4.292370e+01
18  -5.337334e+02  -5.674853e+01
19  -3.495552e+01  -2.625281e+00
20  -4.749748e+02  5.499343e+01
21  -6.865303e+01  5.257313e+01
22  -5.222684e+02  1.058644e+01
23  -9.373105e+02  -9.568555e+00
24  -1.414250e+03  3.756190e+00
25  -1.192123e+03  1.911132e+01
26  -7.878295e+02  3.333287e-01
27  -6.041458e+02  -1.777726e+01
28  -2.831903e+02  -3.401053e+01
29  -3.440622e+02  -4.049882e+01
30  -4.494009e+02  -1.727828e+01
31  -7.742460e+02  5.976542e+00
32  -6.434750e+02  -8.968827e+00
33  -6.725614e+02  -2.339408e+01
34  -6.607208e+02  -3.244767e+01
35  -4.785028e+02  -4.176666e+01
36  -3.791628e+02  -5.503202e+01
37  -1.718226e+02  -2.751631e+01
38  -3.524524e+02  1.296153e+01
39  -9.763376e+02  7.604558e+01
40  -9.845949e+02  1.108302e+02
41  -1.893345e+02  8.657090e+01
42  3.322617e+02  3.852181e+01
43  6.539182e+02  2.688280e+01
44  -4.224678e+01  2.676521e+01
45  2.777089e+03  -1.139423e+02
46  3.044590e+03  -2.349517e+02
47  2.737502e+03  -3.599952e+02
48  2.893300e+03  -3.806498e+02
49  9.551281e+02  -3.594061e+02
50  1.271979e+03  -1.541240e+02
51  3.379271e+02  2.245916e+02
52  -2.062047e+03  -2.540816e+01
53  -7.400594e+02  -3.422764e+02
54  3.028407e+03  5.125835e+01
55  8.689359e+03  3.363993e+02
56  1.355292e+04  3.329661e+02
57  1.083991e+04  3.907594e+02
58  7.694260e+03  -4.362580e+02
59  3.844093e+04  -6.642584e+02
60  1.106888e+05  -8.837627e+02
61  2.575160e+05  -1.432938e+02
62  5.318643e+05  5.405658e+02
63  1.266083e+06  6.221011e+02
ENDPROP
STARTPROP
MASSES:  4.200000e-03   4.200000e-03
SOURCE: GAM_23
SINKS: GAM_23
0  7.083438e+05  -1.879483e+03
1  -8.067910e+05  -6.525974e+02
2  -2.243761e+05  4.386609e+02
3  -1.436351e+05  1.786350e+03
4  -9.776689e+04  1.031977e+03
5  -6.858547e+04  1.381446e+03
6  -3.289198e+04  2.125806e+03
7  -1.163580e+04  1.371576e+03
8  7.410892e+03  1.062725e+03
9  1.420016e+04  -1.252615e+02
10  9.486640e+03  5.148421e+00
11  -7.818465e-01  3.909103e+02
12  -5.257983e+03  1.302522e+02
13  -8.807605e+03  1.937174e+02
14  -1.010542e+04  3.772518e+02
15  -8.100149e+03  4.497704e+02
16  -7.802089e+03  5.400671e+02
17  -2.652512e+03  2.684012e+02
18  -1.096893e+03  2.523406e+01
19  -1.572173e+03  -7.173877e+01
20  -7.812765e+02  -1.565934e+02
21  -1.870279e+02  -1.512916e+02
22  6.495332e+02  -1.684770e+02
23  1.509855e+02  -1.511523e+02
24  7.058258e+02  -1.308547e+02
25  9.247909e+02  -1.084910e+02
26  2.238697e+02  -6.929320e+01
27  4.794754e+01  -5.939431e+01
28  1.136417e+02  -5.706073e+01
29  -8.822541e+01  -1.125381e+02
30  -3.627889e+02  -1.297063e+02
31  -5.181642e+02  -1.129931e+02
32  -4.966380e+02  -8.590244e+01
33  -2.177531e+02  -9.896700e+01
34  -2.230815e+02  -8.008510e+01
35  -3.290806e+02  -6.146485e+01
36  -4.733077e+02  -6.269419e+01
37  -6.565984e+02  -6.825672e+01
38  -7.925910e+02  -3.035621e+01
39  -1.137376e+03  1.718323e+01
40  -1.301757e+03  4.266611e+01
41  -9.860499e+02  1.314166e+01
42  -1.391763e+03  -1.120527e+02
43  -6.886655e+02  -1.646162e+02
44  7.171690e+02  -2.456093e+02
45  3.061044e+03  -1.298034e+02
46  4.734106e+03  -3.363612e+01
47  4.290485e+03  -1.438486e+01
48  5.857990e+03  2.992677e+02
49  5.762438e+03  4.346459e+02
50  5.898514e+03  4.265201e+02
51  6.456999e+03  6.147501e+02
52  8.064582e+03  5.895268e+02
53  5.749031e+03  9.262491e+02
54  2.831340e+03  8.948372e+02
55  1.606238e+03  8.308405e+02
56  1.810634e+03  2.506842e+02
57  -8.814704e+01  4.316764e+02
58  -6.592689e+03  6.621147e+02
59  -2.433815e+04  1.691585e+02
60  -6.712556e+04  -1.309945e+03
61  -1.433129e+05  -2.097303e+03
62  -2.930583e+05  -1.619241e+03
63  -8.512301e+05  -1.944729e+03
ENDPROP
STARTPROP
MASSES:  4.200000e-03   4.200000e-03
SOURCE: GAM_32
SINKS: GAM_32
0  7.083438e+05  -1.879483e+03
1  -8.067910e+05  -6.525974e+02
2  -2.243761e+05  4.386609e+02
3  -1.436351e+05  1.786350e+03
4  -9.776689e+04  1.031977e+03
5  -6.858547e+04  1.381446e+03
6  -3.289198e+04  2.125806e+03
7  -1.163580e+04  1.371576e+03
8  7.410892e+03  1.062725e+03
9  1.420016e+04  -1.252615e+02
10  9.486640e+03  5.148421e+00
11  -7.818465e-01  3.909103e+02
12  -5.257983e+03  1.302522e+02
13  -8.807605e+03  1.937174e+02
14  -1.010542e+04  3.772518e+02
15  -8.100149e+03  4.497704e+02
16  -7.802089e+03  5.400671e+02
17  -2.652512e+03  2.684012e+02
18  -1.096893e+03  2.523406e+01
19  -1.572173e+03  -7.173877e+01
20  -7.812765e+02  -1.565934e+02
21  -1.870279e+02  -1.512916e+02
22  6.495332e+02  -1.684770e+02
23  1.509855e+02  -1.511523e+02
24  7.058258e+02  -1.308547e+02
25  9.247909e+02  -1.084910e+02
26  2.238697e+02  -6.929320e+01
27  4.794754e+01  -5.939431e+01
28  1.136417e+02  -5.706073e+01
29  -8.822541e+01  -1.125381e+02
30  -3.627889e+02  -1.297063e+02
31  -5.181642e+02  -1.129931e+02
32  -4.966380e+02  -8.590244e+01
33  -2.177531e+02  -9.896700e+01
34  -2.230815e+02  -8.008510e+01
35  -3.290806e+02  -6.146485e+01
36  -4.733077e+02  -6.269419e+01
37  -6.565984e+02  -6.825672e+01
38  -7.925910e+02  -3.035621e+01
39  -1.137376e+03  1.718323e+01
40  -1.301757e+03  4.266611e+01
41  -9.860499e+02  1.314166e+01
42  -1.391763e+03  -1.120527e+02
43  -6.886655e+02  -1.646162e+02
44  7.171690e+02  -2.456093e+02
45  3.061044e+03  -1.298034e+02
46  4.734106e+03  -3.363612e+01
47  4.290485e+03  -1.438486e+01
48  5.857990e+03  2.992677e+02
49  5.762438e+03  4.346459e+02
50  5.898514e+03  4.265201e+02
51  6.456999e+03  6.147501e+02
52  8.064582e+03  5.895268e+02
53  5.749031e+03  9.262491e+02
54  2.831340e+03  8.948372e+02
55  1.606238e+03  8.308405e+02
56  1.810634e+03  2.506842e+02
57  -8.814704e+01  4.316764e+02
58  -6.592689e+03  6.621147e+02
59  -2.433815e+04  1.691585e+02
60  -6.712556e+04  -1.309945e+03
61  -1.433129e+05  -2.097303e+03
62  -2.930583e+05  -1.619241e+03
63  -8.512301e+05  -1.944729e+03
ENDPROP
STARTPROP
MASSES:  4.200000e-03   4.200000e-03
SOURCE: GAM_24
SINKS: GAM_24
0  -4.435943e+04  1.839063e+02
1  1.276890e+06  -2.053267e+03
2  5.319613e+05  -6.633368e+02
3  3.223430e+05  1.995978e+02
4  1.778907e+05  3.977037e+02
5  8.147840e+04  2.793208e+01
6  5.453703e+04  2.750594e+02
7  3.722491e+04  1.098287e+03
8  1.882600e+04  2.017834e+03
9  1.136464e+04  2.029223e+03
10  1.324974e+04  1.669754e+03
11  1.561825e+04  1.589141e+03
12  1.119609e+04  1.116782e+03
13  1.238115e+04  6.775570e+02
14  9.788847e+03  4.621325e+02
15  1.054048e+04  3.090734e+02
16  7.052172e+03  2.182990e+02
17  3.211445e+03  1.831672e+02
18  1.944487e+03  2.015222e+02
19  1.940885e+03  1.728490e+02
20  1.512549e+03  1.139446e+02
21  1.622142e+03  1.034972e+01
22  1.720564e+03  1.297193e+00
23  1.019934e+03  -5.951815e+00
24  1.174259e+03  3.575535e+01
25  1.038589e+03  2.685106e+01
26  2.875488e+02  3.491794e+01
27  2.384079e+02  -2.027041e+01
28  1.504382e+02  7.430485e+00
29  -3.774183e+01  -1.937128e+01
30  -3.726686e+01  -3.063619e+00
31  -2.949830e+02  5.227639e+00
32  -1.812957e+02  2.077775e+01
33  8.767519e+01  2.099392e+01
34  -2.839766e+01  2.223750e+01
35  -2.157616e+02  6.058993e+00
36  -3.502888e+02  7.311750e-01
37  -4.166434e+02  -2.237471e+01
38  -7.395299e+02  -8.436583e+01
39  -9.027140e+02  -9.960045e+01
40  -1.645183e+03  -8.672780e+01
41  -2.497340e+03  -1.005422e+02
42  -2.099595e+03  -1.554193e+02
43  -1.322001e+03  -1.967981e+02
44  -6.114794e+02  -2.600672e+02
45  8.630651e+02  -2.115398e+02
46  1.579885e+03  1.411371e+01
47  3.414878e+03  -6.988506e+01
48  4.761277e+03  1.497609e+02
49  5.418682e+03  2.845129e+02
50  6.191529e+03  5.411335e+02
51  8.612160e+03  6.074076e+02
52  5.181353e+03  3.589305e+02
53  1.063734e+04  3.926219e+02
54  1.798661e+04  8.594508e+02
55  3.263972e+04  1.583782e+03
56  4.917138e+04  3.045125e+03
57  6.089498e+04  2.264510e+03
58  8.275778e+04  3.217949e+03
59  1.044712e+05  3.201622e+03
60  1.950073e+05  3.326797e+03
61  3.177074e+05  2.358993e+03
62  5.874232e+05  1.369541e+03
63  1.351510e+06  7.008121e+02
ENDPROP
STARTPROP
MASSES:  4.200000e-03   4.200000e-03
SOURCE: GAM_42
SINKS: GAM_42
0  -4.435943e+04  1.839063e+02
1  1.276890e+06  -2.053267e+03
2  5.319613e+05  -6.633368e+02
3  3.223430e+05  1.995978e+02
4  1.778907e+05  3.977037e+02
5  8.147840e+04  2.793208e+01
6  5.453703e+04  2.750594e+02
7  3.722491e+04  1.098287e+03
8  1.882600e+04  2.017834e+03
9  1.136464e+04  2.029223e+03
10  1.324974e+04  1.669754e+03
11  1.561825e+04  1.589141e+03
12  1.119609e+04  1.116782e+03
13  1.238115e+04  6.775570e+02
14  9.788847e+03  4.621325e+02
15  1.054048e+04  3.090734e+02
16  7.052172e+03  2.182990e+02
17  3.211445e+03  1.831672e+02
18  1.944487e+03  2.015222e+02
19  1.940885e+03  1.728490e+02
20  1.512549e+03  1.139446e+02
21  1.622142e+03  1.034972e+01
22  1.720564e+03  1.297193e+00
23  1.019934e+03  -5.951815e+00
24  1.174259e+03  3.575535e+01
25  1.038589e+03  2.685106e+01
26  2.875488e+02  3.491794e+01
27  2.384079e+02  -2.027041e+01
28  1.504382e+02  7.430485e+00
29  -3.774183e+01  -1.937128e+01
30  -3.726686e+01  -3.063619e+00
31  -2.949830e+02  5.227639e+00
32  -1.812957e+02  2.077775e+01
33  8.767519e+01  2.099392e+01
34  -2.839766e+01  2.223750e+01
35  -2.157616e+02  6.058993e+00
36  -3.502888e+02  7.311750e-01
37  -4.166434e+02  -2.237471e+01
38  -7.395299e+02  -8.436583e+01
39  -9.027140e+02  -9.960045e+01
40  -1.645183e+03  -8.672780e+01
41  -2.497340e+03  -1.005422e+02
42  -2.099595e+03  -1.554193e+02
43  -1.322001e+03  -1.967981e+02
44  -6.114794e+02  -2.600672e+02
45  8.630651e+02  -2.115398e+02
46  1.579885e+03  1.411371e+01
47  3.414878e+03  -6.988506e+01
48  4.761277e+03  1.497609e+02
49  5.418682e+03  2.845129e+02
50  6.191529e+03  5.411335e+02
51  8.612160e+03  6.074076e+02
52  5.181353e+03  3.589305e+02
53  1.063734e+04  3.926219e+02
54  1.798661e+04  8.594508e+02
55  3.263972e+04  1.583782e+03
56  4.917138e+04  3.045125e+03
57  6.089498e+04  2.264510e+03
58  8.275778e+04  3.217949e+03
59  1.044712e+05  3.201622e+03
60  1.950073e+05  3.326797e+03
61  3.177074e+05  2.358993e+03
62  5.874232e+05  1.369541e+03
63  1.351510e+06  7.008121e+02
ENDPROP
STARTPROP
MASSES:  4.200000e-03   4.200000e-03
SOURCE: GAM_34
SINKS: GAM_34
0  -1.867598e+04  4.705431e+01
1  1.375615e+06  -1.124314e+03
2  6.175808e+05  1.323458e+02
3  3.804336e+05  1.310400e+03
4  2.414428e+05  1.206982e+03
5  1.303090e+05  9.425262e+02
6  7.868443e+04  6.430549e+02
7  2.748449e+04  1.319729e+03
8  5.082068e+03  1.411530e+02
9  -1.025740e+04  -9.033831e+02
10  -9.441578e+03  -4.132524e+02
11  -9.764746e+03  5.036195e+01
12  -6.818077e+03  3.118447e+01
13  -5.433041e+03  5.439047e+02
14  -2.873900e+03  3.097272e+02
15  -1.203303e+03  -2.460129e+01
16  -8.822261e+02  -5.102181e+01
17  -1.910321e+03  8.341324e+01
18  -1.631699e+03  2.332573e+02
19  -4.464952e+02  1.073525e+02
20  2.342681e+02  -1.070789e+01
21  9.626027e+02  6.721220e+00
22  6.329439e+02  5.841482e+01
23  6.688815e+02  2.617611e+01
24  3.820662e+02  4.785668e+01
25  7.781659e+02  6.464136e+01
26  6.805077e+02  5.994173e+01
27  -3.360961e+01  6.433183e+01
28  3.790468e+02  1.292720e+01
29  7.121734e+02  -3.061427e+01
30  3.860125e+02  -1.335935e+01
31  4.979259e+02  -1.511794e+01
32  1.621780e+01  9.517433e+00
33  -1.321396e+02  1.746014e+01
34  -1.962962e+02  -1.786765e+01
35  -3.528965e+02  -3.630527e+01
36  -5.754813e+02  -6.608992e+01
37  -3.855650e+02  -6.018639e+01
38  -5.158626e+02  -8.031635e+01
39  2.398213e+01  -6.822087e+01
40  9.122374e+02  -1.246092e+02
41  4.509877e+01  -1.445374e+02
42  -1.566038e+03  -1.986777e+02
43  -1.112271e+03  -2.273477e+02
44  -2.908263e+03  -1.952936e+02
45  -3.503401e+03  -1.778524e+02
46  -4.642202e+03  -1.549442e+02
47  -6.173299e+03  -1.681645e+02
48  -6.400575e+03  -2.856176e+02
49  -7.086583e+03  -2.671624e+02
50  -9.876337e+03  -5.619409e+02
51  -1.308286e+04  -1.081266e+03
52  -1.520332e+04  -1.000016e+03
53  -1.137815e+04  -1.149220e+03
54  -2.707751e+03  -5.533220e+02
55  1.161317e+04  -2.100362e+02
56  3.371363e+04  7.032515e+02
57  6.242884e+04  8.687092e+02
58  9.177414e+04  2.099256e+03
59  1.391304e+05  2.653936e+03
60  2.059388e+05  1.719030e+03
61  3.460564e+05  1.438860e+03
62  6.277400e+05  1.777761e+03
63  1.373822e+06  4.915859e+02
ENDPROP
STARTPROP
MASSES:  4.200000e-03   4.200000e-03
SOURCE: GAM_43
SINKS: GAM_43
0  -1.867598e+04  4.705431e+01
1  1.375615e+06  -1.124314e+03
2  6.175808e+05  1.323458e+02
3  3.804336e+05  1.310400e+03
4  2.414428e+05  1.206982e+03
5  1.303090e+05  9.425262e+02
6  7.868443e+04  6.430549e+02
7  2.748449e+04  1.319729e+03
8  5.082068e+03  1.411530e+02
9  -1.025740e+04  -9.033831e+02
10  -9.441578e+03  -4.132524e+02
11  -9.764746e+03  5.036195e+01
12  -6.818077e+03  3.118447e+01
13  -5.433041e+03  5.439047e+02
14  -2.873900e+03  3.097272e+02
15  -1.203303e+03  -2.460129e+01
16  -8.822261e+02  -5.102181e+01
17  -1.910321e+03  8.341324e+01
18  -1.631699e+03  2.332573e+02
19  -4.464952e+02  1.073525e+02
20  2.342681e+02  -1.070789e+01
21  9.626027e+02  6.721220e+00
22  6.329439e+02  5.841482e+01
23  6.688815e+02  2.617611e+01
24  3.820662e+02  4.785668e+01
25  7.781659e+02  6.464136e+01
26  6.805077e+02  5.994173e+01
27  -3.360961e+01  6.433183e+01
28  3.790468e+02  1.292720e+01
29  7.121734e+02  -3.061427e+01
30  3.860125e+02  -1.335935e+01
31  4.979259e+02  -1.511794e+01
32  1.621780e+01  9.517433e+00
33  -1.321396e+02  1.746014e+01
34  -1.962962e+02  -1.786765e+01
35  -3.528965e+02  -3.630527e+01
36  -5.754813e+02  -6.608992e+01
37  -3.855650e+02  -6.018639e+01
38  -5.158626e+02  -8.031635e+01
39  2.398213e+01  -6.822087e+01
40  9.122374e+02  -1.246092e+02
41  4.509877e+01  -1.445374e+02
42  -1.566038e+03  -1.986777e+02
43  -1.112271e+03  -2.273477e+02
44  -2.908263e+03  -1.952936e+02
45  -3.503401e+03  -1.778524e+02
46  -4.642202e+03  -1.549442e+02
47  -6.173299e+03  -1.681645e+02
48  -6.400575e+03  -2.856176e+02
49  -7.086583e+03  -2.671624e+02
50  -9.876337e+03  -5.619409e+02
51  -1.308286e+04  -1.081266e+03
52  -1.520332e+04  -1.000016e+03
53  -1.137815e+04  -1.149220e+03
54  -2.707751e+03  -5.533220e+02
55  1.161317e+04  -2.100362e+02
56  3.371363e+04  7.032515e+02
57  6.242884e+04  8.687092e+02
58  9.177414e+04  2.099256e+03
59  1.391304e+05  2.653936e+03
60  2.059388e+05  1.719030e+03
61  3.460564e+05  1.438860e+03
62  6.277400e+05  1.777761e+03
63  1.373822e+06  4.915859e+02
ENDPROP
STARTPROP
MASSES:  4.200000e-03   4.200000e-03
SOURCE: GAM_15
SINKS: GAM_15
0  -1.832789e+05  2.130386e+03
1  -1.092049e+06  4.062142e+03
2  -3.106665e+05  3.704127e+03
3  -1.185937e+05  2.447160e+03
4  -3.300016e+04  8.609806e+02
5  -5.275188e+03  4.696177e+01
6  1.118918e+04  -7.550946e+02
7  8.781707e+03  -1.693225e+03
8  -1.593757e+04  -2.164669e+03
9  -2.384969e+04  -1.731640e+03
10  -1.674900e+04  -1.805464e+03
11  -8.759921e+03  -1.785369e+03
12  -4.447093e+03  -1.233008e+03
13  -1.053012e+04  -4.514152e+02
14  -1.188908e+04  -3.753059e+02
15  -9.886110e+03  -4.095847e+02
16  -6.582959e+03  -3.173575e+02
17  -4.645000e+03  -2.367608e+02
18  -1.173487e+03  -2.475862e+02
19  -2.024978e+02  -1.632793e+02
20  5.079005e+02  -6.491577e+01
21  1.327996e+03  -7.267971e+01
22  1.888805e+03  -4.744095e+01
23  1.210742e+03  -8.013134e+00
24  -5.367672e+00  -6.109884e+01
25  1.560832e+02  -9.167198e+01
26  7.872320e+02  -7.816685e+01
27  8.004805e+02  -6.272723e+01
28  5.049397e+02  -7.767316e+01
29  3.670429e+02  -7.468414e+01
30  5.928564e+02  -9.048557e+01
31  9.398927e+02  -9.604001e+01
32  7.371682e+02  -7.029611e+01
33  3.605968e+02  -4.475178e+01
34  2.690847e+02  -5.676259e+01
35  2.828933e+02  -8.152693e+01
36  -1.622423e+02  -7.797048e+01
37  -3.575108e+02  -7.680923e+01
38  -2.544377e+02  -1.311962e+02
39  -4.413749e+02  -1.523144e+02
40  -5.732786e+02  -1.228693e+02
41  3.471457e+02  -5.038174e+01
42  1.242108e+03  -5.098933e+01
43  2.747171e+03  -9.314414e+01
44  4.034467e+03  -1.238747e+02
45  3.989129e+03  -1.488646e+02
46  8.398864e+02  -1.444632e+02
47  -1.643653e+03  -2.534132e+02
48  -2.808717e+03  -3.758840e+02
49  -4.693818e+03  2.225174e+02
50  -1.030544e+04  6.593464e+02
51  -1.429523e+04  9.680240e+02
52  -1.867269e+04  1.150713e+03
53  -2.759900e+04  1.823415e+03
54  -2.785267e+04  1.635105e+03
55  -2.818007e+04  1.973784e+03
56  -2.465143e+04  2.285186e+03
57  -2.765156e+04  1.914710e+03
58  -3.219182e+04  1.738090e+03
59  -4.592519e+04  2.448207e+03
60  -7.068044e+04  3.434980e+03
61  -1.486985e+05  2.436781e+03
62  -3.631530e+05  1.751994e+03
63  -1.150113e+06  1.821176e+03
ENDPROP
STARTPROP
MASSES:  4.200000e-03   4.200000e-03
SOURCE: GAM_25
SINKS: GAM_25
0  -2.874799e+05  7.178532e+03
1  -1.275058e+06  8.279029e+03
2  -5.043293e+05  5.796908e+03
3  -2.708668e+05  6.180189e+03
4  -1.493459e+05  6.648176e+03
5  -7.196685e+04  6.515521e+03
6  -4.783165e+04  4.918483e+03
7  -2.508558e+04  3.091357e+03
8  -1.691745e+04  1.536080e+03
9  -1.237377e+04  1.184080e+03
10  -7.297262e+03  1.353436e+03
11  -7.319294e+03  7.203056e+02
12  -1.038221e+04  5.332795e+01
13  -1.433891e+04  -1.685056e+02
14  -1.018851e+04  3.603155e+01
15  -5.564501e+03  1.347876e+02
16  -2.863557e+03  8.645846e+01
17  -2.009434e+03  -7.399013e+01
18  -1.611574e+03  4.100296e+01
19  -8.874186e+02  1.932138e+02
20  -5.084616e+02  2.091200e+02
21  -3.776979e+02  2.249022e+02
22  -3.464678e+02  2.144695e+02
23  -3.344019e+02  2.387606e+02
24  4.788502e+02  2.476768e+02
25  8.589753e+02  1.664535e+02
26  6.754484e+02  1.457845e+02
27  5.000479e+02  1.642966e+02
28  8.929407e+02  1.151459e+02
29  7.589216e+02  4.864038e+01
30  2.689882e+02  1.253323e+01
31  3.243866e+01  -1.084124e+01
32  -3.667943e+02  -4.406537e+00
33  -4.166976e+02  -1.636717e+01
34  -3.515400e+02  -3.132422e+00
35  7.383309e+01  3.126631e+00
36  -3.319583e+01  4.910576e+00
37  -5.815780e+01  -1.949320e+01
38  4.345848e+02  -5.139823e+00
39  9.905480e+02  9.204689e+00
40  1.646840e+03  -3.286920e+01
41  2.823985e+03  -6.714838e+01
42  3.011542e+03  -9.653916e+01
43  2.166632e+03  -1.195780e+01
44  1.625212e+03  6.627944e+00
45  1.846134e+02  -2.493244e+01
46  7.156900e+02  3.519946e+01
47  2.979012e+03  6.525169e+01
48  4.380185e+03  1.605535e+02
49  7.689754e+03  4.571594e+01
50  1.106468e+04  -3.760697e+00
51  1.167637e+04  -4.514701e+01
52  1.061366e+04  -5.850128e+01
53  2.762098e+03  -9.333865e+01
54  -1.082126e+04  -4.196890e+01
55  -2.896039e+04  1.407282e+02
56  -4.701589e+04  -3.741084e+02
57  -5.807661e+04  -7.509543e+02
58  -4.649945e+04  -7.734538e+02
59  -5.701808e+04  -1.155074e+03
60  -9.423349e+04  -2.043026e+03
61  -1.966648e+05  -1.564809e+03
62  -4.539334e+05  -1.192598e+03
63  -1.235771e+06  1.996899e+03
ENDPROP
STARTPROP
MASSES:  4.200000e-03   4.200000e-03
SOURCE: GAM_35
SINKS: GAM_35
0  -3.280918e+05  -4.456007e+03
1  -1.244609e+06  -2.101791e+03
2  -4.145689e+05  -1.420074e+03
3  -1.654794e+05  -1.857828e+03
4  -6.962013e+04  -1.130804e+03
5  -3.161510e+04  2.143652e+02
6  -2.250879e+04  8.889184e+02
7  -5.026856e+04  3.089155e+02
8  -5.940316e+04  -4.430568e+02
9  -4.326568e+04  -6.009375e+01
10  -3.138200e+04  5.668687e+02
11  -2.497752e+04  4.815847e+02
12  -2.148254e+04  4.902872e+02
13  -1.576915e+04  4.838324e+02
14  -1.329787e+04  6.234831e+02
15  -1.017790e+04  6.338870e+02
16  -7.185256e+03  5.801542e+02
17  -7.461199e+03  5.969478e+02
18  -5.154637e+03  4.992103e+02
19  -3.484900e+03  3.537463e+02
20  -2.076347e+03  2.298083e+02
21  -1.143217e+03  1.968178e+02
22  -4.005564e+02  1.420129e+02
23  -9.287023e+01  6.273654e+01
24  1.811839e+02  4.369084e+01
25  -1.163157e+02  9.256807e+01
26  -1.847295e+01  7.942220e+01
27  3.077730e+02  4.596296e+01
28  9.620515e+01  3.943135e+01
29  8.218048e+00  7.787394e+01
30  -1.186686e+02  5.740571e+01
31  -3.831881e+02  4.265852e+01
32  -3.945677e+02  5.575184e+01
33  -2.350958e+01  4.303010e+01
34  -4.282603e+01  3.673516e+01
35  -4.753617e+02  6.496995e+01
36  -4.668909e+02  6.972088e+01
37  -4.115244e+02  6.522700e+01
38  -3.823669e+02  6.649745e+01
39  -2.188301e+02  1.263725e+02
40  1.898961e+02  1.656179e+02
41  9.433410e+01  1.144185e+02
42  4.115523e+02  7.265676e+01
43  3.380674e+02  7.184732e+01
44  -8.835238e+01  2.070315e+02
45  -2.033993e+03  2.391327e+02
46  -3.168631e+03  3.731364e+02
47  -3.522858e+03  3.606456e+02
48  -3.840287e+03  1.126612e+02
49  -3.731892e+03  1.522539e+02
50  -6.352305e+03  2.149992e+02
51  -6.980014e+03  -7.889253e+01
52  -7.643788e+03  -3.132196e+02
53  -5.801721e+02  -7.412627e+02
54  2.065091e+03  -7.933108e+02
55  2.863713e+03  -3.375877e+02
56  -4.210422e+02  -6.537894e+02
57  -1.954720e+04  -6.638640e+02
58  -4.860207e+04  -1.158980e+03
59  -8.699069e+04  -2.203532e+03
60  -1.426663e+05  -1.958996e+03
61  -2.615121e+05  -4.497389e+03
62  -4.962585e+05  -6.207874e+03
63  -1.268325e+06  -8.275531e+03
ENDPROP
STARTPROP
MASSES:  4.200000e-03   4.200000e-03
SOURCE: GAM_45
SINKS: GAM_45
0  -1.766283e+06  -1.127294e+02
1  6.431296e+05  -2.944479e+03
2  3.071759e+05  -3.599083e+03
3  2.679638e+05  -2.215250e+03
4  2.316042e+05  -2.901156e+03
5  2.019341e+05  -1.487216e+03
6  1.729716e+05  -1.567529e+03
7  1.402787e+05  -1.130645e+03
8  1.171101e+05  -1.015770e+03
9  1.046720e+05  -1.417679e+03
10  8.683644e+04  -1.253200e+03
11  6.920405e+04  -1.126833e+03
12  5.999721e+04  -1.107282e+03
13  5.209273e+04  -1.298847e+03
14  4.250814e+04  -1.065622e+03
15  3.469631e+04  -8.139228e+02
16  2.898776e+04  -5.925770e+02
17  2.403413e+04  -5.387867e+02
18  1.802358e+04  -4.480006e+02
19  1.489956e+04  -3.341990e+02
20  1.233748e+04  -2.276985e+02
21  1.029753e+04  -1.613908e+02
22  8.424768e+03  -1.596891e+02
23  7.321385e+03  -1.228842e+02
24  6.019241e+03  -1.232169e+02
25  4.788052e+03  -1.051839e+02
26  4.036185e+03  -1.007237e+02
27  3.519097e+03  -9.926525e+01
28  2.958645e+03  -8.383536e+01
29  2.588939e+03  -5.930504e+01
30  2.411426e+03  -6.632490e+01
31  2.280104e+03  -6.450356e+01
32  2.063808e+03  -4.762802e+01
33  2.076467e+03  -3.120567e+01
34  2.322064e+03  -1.786104e+01
35  2.332164e+03  1.860531e+01
36  2.525146e+03  4.686783e+01
37  2.931988e+03  6.873301e+01
38  3.318774e+03  1.053712e+02
39  4.210120e+03  1.224670e+02
40  5.118888e+03  1.254418e+02
41  5.993034e+03  1.554937e+02
42  7.092280e+03  1.310686e+02
43  8.950741e+03  1.353351e+02
44  1.068210e+04  1.288016e+02
45  1.341179e+04  5.918721e+01
46  1.508307e+04  5.841940e+00
47  1.863902e+04  -1.818822e+02
48  2.177957e+04  -3.665481e+02
49  2.553595e+04  -2.396711e+02
50  3.193196e+04  -1.310837e+02
51  3.942223e+04  2.997710e+01
52  4.458319e+04  1.591887e+02
53  5.120935e+04  4.546701e+02
54  6.225966e+04  3.770982e+02
55  7.281118e+04  6.203994e+02
56  9.380585e+04  4.174818e+02
57  1.101618e+05  8.067082e+02
58  1.294106e+05  1.178513e+03
59  1.676008e+05  1.592352e+03
60  1.962571e+05  1.960675e+03
61  2.404419e+05  2.055830e+03
62  2.780371e+05  1.087087e+03
63  6.318124e+05  6.487469e+02
ENDPROP
STARTPROP
MASSES:  4.200000e-03   4.200000e-03
SOURCE: PSAX4
SINKS: GAM_4
0  3.611645e+04  1.312328e+03
1  1.717242e+06  3.600463e+03
2  1.248351e+06  2.444778e+03
3  1.030255e+06  4.165942e+03
4  8.811439e+05  3.569766e+03
5  7.516992e+05  3.310986e+03
6  6.307950e+05  2.507874e+03
7  5.181368e+05  2.519228e+03
8  4.232366e+05  1.074646e+03
9  3.641569e+05  -2.619479e+02
10  3.014298e+05  -4.287980e+02
11  2.440550e+05  -7.886490e+02
12  2.077257e+05  -6.712965e+02
13  1.736447e+05  -8.579387e+02
14  1.430448e+05  -8.390597e+02
15  1.165137e+05  -5.734113e+02
16  9.744392e+04  -3.075901e+02
17  7.967032e+04  -2.475609e+02
18  6.388404e+04  -2.288411e+02
19  5.150289e+04  -9.556037e+01
20  4.247692e+04  -8.512199e+01
21  3.576275e+04  -1.226120e+02
22  3.020871e+04  -1.370182e+02
23  2.526883e+04  -1.510179e+02
24  2.078612e+04  -1.726127e+02
25  1.708759e+04  -1.718029e+02
26  1.416933e+04  -1.902881e+02
27  1.136014e+04  -1.785510e+02
28  8.880371e+03  -1.483163e+02
29  6.297480e+03  -1.339077e+02
30  4.102520e+03  -1.499130e+02
31  2.041909e+03  -1.476006e+02
32  1.280846e+01  -1.485046e+02
33  -1.862808e+03  -1.518435e+02
34  -3.721453e+03  -1.489080e+02
35  -5.507172e+03  -1.662527e+02
36  -7.931961e+03  -1.832880e+02
37  -1.054316e+04  -1.898241e+02
38  -1.354720e+04  -2.436336e+02
39  -1.728815e+04  -2.884626e+02
40  -2.141966e+04  -3.281490e+02
41  -2.700140e+04  -3.295460e+02
42  -3.251162e+04  -4.091786e+02
43  -4.080806e+04  -4.101542e+02
44  -4.988905e+04  -4.323403e+02
45  -6.119952e+04  -3.783392e+02
46  -7.105002e+04  -3.138621e+02
47  -8.613987e+04  -2.564977e+02
48  -1.026510e+05  -1.335331e+02
49  -1.238416e+05  -3.713925e+02
50  -1.497176e+05  -4.841593e+02
51  -1.823130e+05  -8.682690e+02
52  -2.147772e+05  -5.131956e+02
53  -2.527766e+05  -7.321294e+02
54  -3.008811e+05  -7.052524e+02
55  -3.588229e+05  -1.097150e+03
56  -4.398513e+05  -1.442853e+03
57  -5.121579e+05  -1.500809e+03
58  -6.146672e+05  -2.216218e+03
59  -7.498224e+05  -2.586120e+03
60  -8.773205e+05  -1.855122e+03
61  -1.044421e+06  -2.004038e+03
62  -1.246295e+06  -4.244548e+02
63  -1.656198e+06  1.841911e+03
ENDPROP
STARTPROP
MASSES:  4.200000e-03   4.200000e-03
SOURCE: WWPSAX4
SINKS: GAM_4
0  5.165645e+08  -2.200310e+07
1  3.316963e+09  -1.951916e+07
2  1.215934e+09  -9.533501e+06
3  8.486463e+08  2.216020e+06
4  6.363284e+08  2.089135e+05
5  2.944945e+08  -1.418353e+07
6  6.547267e+08  -9.681495e+06
7  4.250201e+08  -8.955220e+06
8  3.131720e+08  7.292342e+06
9  3.319361e+08  -5.324263e+06
10  1.964054e+08  1.134151e+07
11  2.380591e+08  2.646331e+06
12  1.553089e+08  -3.336966e+06
13  1.367928e+08  -5.894375e+04
14  1.081041e+08  4.279658e+05
15  6.175421e+07  -2.569864e+06
16  6.848926e+07  -1.015153e+06
17  1.010050e+08  4.648266e+05
18  1.815616e+07  -5.531901e+05
19  3.451246e+07  5.439633e+05
20  1.999682e+07  4.560458e+05
21  9.487271e+06  6.042188e+05
22  8.784129e+06  3.064082e+05
23  2.224739e+07  -1.273522e+06
24  1.951945e+07  -1.419543e+05
25  4.586070e+06  -6.176596e+05
26  9.998667e+06  -1.939162e+05
27  1.234559e+06  -6.984933e+03
28  6.554803e+06  -3.707733e+05
29  4.828534e+06  -5.184988e+05
30  8.474529e+05  -5.543487e+04
31  -2.528366e+06  -2.472720e+05
32  -5.054080e+06  -1.225334e+05
33  -8.664492e+05  1.216694e+05
34  -2.466624e+06  -1.706493e+05
35  -1.722306e+06  -3.804247e+05
36  -5.369238e+06  -4.199884e+05
37  -7.901521e+06  -1.247662e+05
38  -1.723515e+07  -5.009539e+04
39  -1.724003e+07  -2.734388e+05
40  -9.836898e+06  -9.156070e+05
41  -2.519146e+07  -8.031259e+05
42  -1.851093e+07  -1.239135e+06
43  -3.256044e+07  1.438482e+06
44  -3.018369e+07  1.751227e+06
45  -8.705875e+07  3.140363e+05
46  -5.337318e+07  -4.602550e+05
47  -4.322654e+07  -2.161040e+06
48  -1.070300e+08  -6.679571e+04
49  -1.214234e+08  4.853738e+05
50  -1.582678e+08  -3.697458e+06
51  -1.111754e+08  -4.916455e+06
52  -1.600128e+08  -5.087191e+06
53  -1.305566e+08  6.072564e+06
54  -1.278176e+08  -3.185612e+06
55  -1.871904e+08  -5.209489e+06
56  -3.809260e+08  4.973059e+06
57  -3.521690e+08  -1.438439e+06
58  -6.398331e+08  -1.322154e+07
59  -6.511302e+08  -4.800573e+06
60  -6.560906e+08  -8.552482e+06
61  -5.895293e+08  -4.916449e+05
62  -1.375280e+09  -1.435945e+07
63  -2.135334e+09  -2.230669e+07
ENDPROP
STARTPROP
MASSES:  4.200000e-03   4.200000e-03
SOURCE: WWGAM_5
SINKS: GAM_5
0  1.596497e+10  5.171942e+01
1  6.266444e+09  6.779488e+06
2  3.523605e+09  1.250511e+07
3  3.020096e+09  -2.760375e+05
4  2.465501e+09  -1.170956e+06
5  1.988767e+09  -1.014980e+07
6  2.023329e+09  7.125677e+06
7  1.268397e+09  -1.236655e+05
8  1.166668e+09  1.195344e+07
9  1.118609e+09  -4.661617e+06
10  8.607543e+08  1.256458e+06
11  6.256871e+08  3.682974e+05
12  5.625673e+08  -1.879228e+06
13  5.035242e+08  -2.895369e+06
14  3.672629e+08  -3.433743e+05
15  3.080104e+08  -2.270918e+06
16  2.212222e+08  -2.845702e+06
17  2.507297e+08  -1.954218e+06
18  1.528638e+08  1.397772e+06
19  1.722736e+08  -9.193578e+04
20  8.580242e+07  5.822880e+05
21  8.966642e+07  -3.269184e+05
22  7.359238e+07  -5.976286e+05
23  6.930289e+07  -3.247124e+05
24  5.122459e+07  -4.700642e+05
25  4.752280e+07  -1.238164e+04
26  4.497601e+07  -4.454986e+05
27  3.709962e+07  4.268158e+05
28  3.400438e+07  -2.719437e+05
29  3.636213e+07  -1.702087e+04
30  3.423194e+07  6.035921e+04
31  3.277970e+07  -3.233519e+05
32  2.443615e+07  1.036977e+05
33  3.087163e+07  -3.951442e+05
34  3.143669e+07  -2.040851e+05
35  3.792614e+07  5.395904e+05
36  3.260030e+07  3.170824e+05
37  3.810466e+07  2.029930e+05
38  5.428278e+07  1.159583e+06
39  5.296613e+07  3.840754e+05
40  7.098381e+07  1.486590e+06
41  9.172103e+07  1.449714e+06
42  1.155412e+08  2.452127e+06
43  1.141512e+08  -6.523818e+05
44  1.492052e+08  4.287391e+05
45  1.800252e+08  9.854198e+05
46  1.652381e+08  1.236110e+06
47  2.121673e+08  2.627819e+06
48  2.821982e+08  2.075948e+06
49  3.171842e+08  -2.103738e+06
50  4.279709e+08  7.481538e+06
51  4.578477e+08  4.786782e+06
52  4.994428e+08  4.655289e+03
53  5.838393e+08  8.823168e+05
54  7.080688e+08  4.555242e+06
55  9.725297e+08  1.078845e+07
56  1.180569e+09  8.964478e+06
57  1.390575e+09  1.298062e+07
58  1.889368e+09  1.246075e+07
59  1.792828e+09  1.670916e+07
60  2.068013e+09  3.850096e+06
61  3.058894e+09  2.315785e+06
62  3.938652e+09  1.400143e+07
63  5.248497e+09  -4.436235e+06
ENDPROP
