STARTPROP
MASSES:  4.200000e-03   4.200000e-03
SOURCE: GAM_1
SINKS: GAM_1
0  1.182430e+06  -1.548483e-12
1  1.966680e+06  -2.915864e-13
2  9.651715e+05  -1.241002e-12
3  5.339952e+05  4.894909e-13
4  2.696243e+05  -1.810422e-12
5  1.037676e+05  1.072022e-13
6  3.866380e+04  4.315152e-13
7  -4.064961e+03  3.760252e-13
8  -1.397171e+04  3.749160e-13
9  -9.675084e+03  1.105810e-13
10  -8.266417e+03  -3.424633e-13
11  -6.955354e+03  9.127016e-14
12  -4.816323e+03  -1.721697e-13
13  -3.750731e+03  -1.392212e-13
14  -2.224252e+03  1.888976e-13
15  8.543512e+02  7.211512e-14
16  2.264161e+03  -2.679336e-14
17  1.566554e+03  8.465561e-14
18  1.318248e+03  1.778230e-14
19  2.261348e+03  -3.450523e-15
20  2.348670e+03  -7.553070e-14
21  1.318835e+03  3.888818e-14
22  8.429626e+02  -6.820794e-15
23  1.220030e+01  -3.801409e-15
24  -1.507366e+02  -5.906108e-15
25  -3.473178e+02  1.250511e-14
26  3.849441e+02  -3.543762e-15
27  8.629647e+02  -1.373381e-14
28  7.649370e+02  -1.150210e-14
29  8.308756e+02  4.687764e-15
30  8.969063e+02  1.150608e-14
31  8.317621e+02  -3.943599e-15
32  8.023013e+02  -2.603559e-16
33  7.215922e+02  5.124454e-15
34  4.340865e+02  1.586103e-14
35  1.289143e+02  -7.921294e-15
36  -1.282993e+02  -2.694666e-15
37  2.458523e+02  -2.126229e-15
38  -1.534946e+02  -4.971756e-15
39  -8.585563e+02  9.595467e-15
40  -6.565822e+02  3.637828e-15
41  -8.323961e+01  1.749288e-14
42  2.667970e+02  1.419475e-15
43  8.678303e+02  -2.600629e-14
44  2.800934e+02  3.539067e-14
45  -3.572440e+02  -3.789070e-14
46  -1.210238e+03  4.236120e-14
47  -2.598669e+03  6.143320e-14
48  -2.724075e+03  5.151329e-14
49  1.162213e+03  -1.645821e-13
50  6.469395e+03  -1.578818e-13
51  1.431850e+04  4.048133e-14
52  2.275325e+04  -1.480980e-13
53  2.966872e+04  -1.905443e-13
54  3.930386e+04  -1.648567e-14
55  4.672652e+04  1.885316e-13
56  5.766460e+04  -9.768324e-14
57  7.554492e+04  -5.280587e-13
58  1.173867e+05  -5.070022e-14
59  1.971854e+05  3.586210e-13
60  3.405667e+05  6.377304e-13
61  6.076009e+05  -3.842222e-13
62  1.033813e+06  1.410609e-12
63  2.022993e+06  1.956004e-14
ENDPROP
STARTPROP
MASSES:  4.200000e-03   4.200000e-03
SOURCE: GAM_2
SINKS: GAM_2
0  1.081161e+06  -7.698560e-13
1  1.873015e+06  -1.490176e-12
2  8.674780e+05  1.002824e-12
3  4.433058e+05  -1.312096e-12
4  2.075708e+05  5.347556e-14
5  7.618621e+04  1.009123e-12
6  1.400352e+03  -1.359476e-13
7  -3.954078e+04  2.374555e-13
8  -5.553880e+04  2.853383e-13
9  -3.692312e+04  2.793071e-13
10  -2.586668e+04  2.676459e-13
11  -2.520680e+04  -7.540728e-14
12  -1.468104e+04  -1.227691e-13
13  -5.373994e+03  5.446374e-14
14  -2.185732e+03  -9.075199e-14
15  -2.566835e+03  3.048133e-14
16  -5.566552e+03  -1.142711e-13
17  -5.332483e+03  -3.175174e-15
18  -4.586573e+03  3.209291e-14
19  -3.736574e+03  1.924964e-14
20  -2.793313e+03  3.626962e-14
21  -2.025990e+03  -3.691294e-14
22  -9.991520e+02  -3.069384e-14
23  1.400445e+01  3.169794e-15
24  8.865837e+02  7.316605e-15
25  3.794491e+02  2.875008e-15
26  -3.944127e+02  8.924780e-15
27  -7.078470e+02  1.508254e-14
28  -5.658541e+02  -1.083044e-14
29  -4.481930e+02  -3.016252e-15
30  -1.939203e+02  -3.568889e-17
31  -1.310438e+02  -4.471063e-15
32  -1.284202e+02  4.909228e-15
33  -5.138705e+01  7.782124e-16
34  1.587663e+02  -6.139676e-16
35  1.476078e+02  1.504818e-14
36  -1.080992e+02  -2.297716e-14
37  -4.294995e+02  2.416719e-14
38  -7.479787e+02  -9.233455e-16
39  -8.621251e+02  6.490644e-16
40  -1.212462e+03  1.920589e-14
41  -1.305202e+03  7.003116e-15
42  -1.824199e+03  -6.314021e-16
43  -1.269401e+03  -2.961735e-16
44  -9.748788e+02  3.370062e-14
45  -6.253875e+02  5.354787e-14
46  -6.332586e+02  1.719535e-14
47  5.655813e+02  -6.234496e-14
48  3.965742e+03  -8.640330e-14
49  4.992739e+03  -3.591938e-15
50  6.648005e+03  -2.200022e-13
51  1.117380e+04  1.101272e-14
52  1.482785e+04  -7.444165e-14
53  1.694565e+04  2.708444e-13
54  1.440650e+04  3.497490e-14
55  6.516781e+03  -3.045896e-13
56  2.796471e+03  1.888723e-13
57  1.170483e+04  2.880142e-13
58  5.154165e+04  -2.828548e-13
59  1.200802e+05  -2.171364e-14
60  2.410430e+05  -3.951864e-13
61  4.709585e+05  -3.630100e-13
62  9.083721e+05  -1.236007e-12
63  1.915312e+06  -1.162092e-12
ENDPROP
STARTPROP
MASSES:  4.200000e-03   4.200000e-03
SOURCE: GAM_3
SINKS: GAM_3
0  1.112126e+06  3.939223e-13
1  1.861919e+06  2.503219e-12
2  8.483801e+05  7.284159e-13
3  4.531965e+05  -1.259521e-12
4  2.092460e+05  -1.892617e-13
5  8.713370e+04  -4.336522e-13
6  4.231171e+04  -3.156620e-13
7  2.202918e+04  -3.432147e-13
8  9.400545e+03  -7.255719e-14
9  1.692262e+03  -2.007197e-13
10  -5.563249e+03  8.366273e-15
11  -1.313460e+04  2.791312e-13
12  -1.421235e+04  2.700421e-13
13  -1.103959e+04  3.328350e-14
14  -8.018023e+03  2.134325e-14
15  -4.841139e+03  1.077589e-15
16  -3.675439e+03  -8.253805e-14
17  -3.077543e+03  -2.213709e-14
18  -2.405623e+03  1.501464e-13
19  -1.477246e+03  6.245163e-14
20  1.525359e+03  -1.706782e-15
21  1.621280e+03  -1.825644e-14
22  1.905444e+03  -2.404459e-15
23  2.375029e+03  1.625431e-14
24  1.955375e+03  -1.059706e-14
25  9.375407e+02  1.407387e-14
26  4.442595e+02  3.213539e-14
27  4.181832e+02  -1.357609e-14
28  -1.509048e+02  4.478112e-15
29  -4.431476e+02  -8.425415e-15
30  -3.795796e+02  1.295882e-14
31  -1.141224e+02  -2.845162e-15
32  1.733346e+02  -1.420844e-14
33  2.226272e+02  -9.245839e-15
34  7.705748e+01  1.221099e-15
35  -2.399613e+02  2.299318e-15
36  -1.211099e+02  1.294043e-15
37  3.648299e+02  2.546588e-15
38  5.422564e+02  -8.184527e-15
39  -1.305271e+02  -2.142196e-14
40  -6.914912e+02  3.001014e-14
41  -4.107785e+02  1.897158e-14
42  -5.753674e+02  -5.641777e-14
43  -2.129920e+03  -5.090451e-14
44  -3.293521e+03  -2.334685e-14
45  -4.506850e+03  -1.898108e-14
46  -4.378303e+03  6.633560e-14
47  -7.701203e+03  -2.025362e-14
48  -8.699642e+03  -9.467835e-14
49  -7.524214e+03  4.805233e-14
50  -1.777027e+03  8.082418e-14
51  4.290996e+03  1.478952e-13
52  1.336186e+04  -2.343115e-14
53  1.833956e+04  2.289446e-13
54  2.056427e+04  -1.725375e-14
55  2.318692e+04  -2.334190e-14
56  2.259341e+04  5.657080e-13
57  3.488783e+04  -6.736903e-13
58  7.068992e+04  -6.178152e-13
59  1.488121e+05  6.518922e-13
60  2.935761e+05  -9.110017e-13
61  5.372246e+05  -1.190606e-12
62  9.537503e+05  -4.215342e-13
63  1.962872e+06  -1.748489e-12
ENDPROP
STARTPROP
MASSES:  4.200000e-03   4.200000e-03
SOURCE: GAM_4
SINKS: GAM_4
0  2.207680e+06  -1.642354e-13
1  -3.000219e+05  -2.347337e-13
2  -6.125985e+03  -1.069674e-12
3  -6.994847e+03  -1.656113e-12
4  6.972576e+03  -1.581641e-12
5  2.341363e+03  7.457030e-13
6  3.068152e+03  -1.706356e-13
7  1.612479e+03  -3.324045e-14
8  1.448843e+02  -1.374879e-13
9  -1.840006e+03  -3.460618e-13
10  8.956642e+02  -6.444796e-15
11  -1.238869e+03  1.135085e-13
12  2.812561e+02  9.925163e-14
13  -8.740526e+02  2.235315e-13
14  -3.360749e+02  5.125943e-14
15  -1.235143e+03  -1.619158e-14
16  -2.045289e+02  -4.475577e-14
17  2.470425e+02  -1.153310e-13
18  -2.506803e+02  1.590743e-14
19  -3.982442e+02  -5.936499e-14
20  -1.045248e+02  7.498719e-14
21  -4.034896e+02  -2.526710e-14
22  -5.396915e+02  5.385751e-15
23  -3.249069e+02  -3.852436e-15
24  -5.166426e+02  -2.334533e-14
25  -9.694389e+01  9.602187e-15
26  -2.508460e+02  1.730535e-14
27  -2.280970e+02  -9.625869e-16
28  -9.581140e+01  -9.657173e-15
29  -2.078907e+02  -1.520265e-14
30  -1.978752e+02  -9.292473e-15
31  -2.543597e+02  6.819308e-15
32  -2.234399e+02  4.443528e-15
33  -3.047309e+02  -7.607393e-15
34  -1.860251e+02  -4.983031e-15
35  -2.351370e+02  1.755253e-14
36  -1.646161e+02  -2.319825e-14
37  -2.301048e+02  -1.029644e-14
38  -2.415902e+02  -1.212495e-14
39  -2.308812e+02  -1.929956e-15
40  -4.307806e+02  -4.416748e-15
41  -4.377864e+02  -1.662256e-14
42  -5.070207e+02  -1.281072e-14
43  -2.117606e+02  -1.147945e-14
44  -3.710311e+02  4.963947e-14
45  -6.534885e+02  4.394688e-14
46  -2.341852e+02  6.376474e-14
47  -6.679296e+02  -1.313765e-13
48  -6.028606e+02  -4.680779e-14
49  8.981809e+02  1.129293e-13
50  -6.911098e+02  -6.779354e-15
51  4.181487e+02  1.112075e-13
52  -3.107110e+02  1.433053e-13
53  2.520185e+02  -1.931449e-13
54  8.737498e+02  -1.470354e-13
55  -1.368518e+03  1.510672e-13
56  -1.358861e+03  -2.726216e-14
57  -1.375228e+02  -5.262319e-13
58  -1.503684e+03  4.564678e-13
59  1.491174e+03  -3.070768e-13
60  -1.273315e+03  -1.589089e-13
61  4.224499e+02  -1.485162e-12
62  -1.103504e+04  7.416653e-14
63  -3.036924e+05  2.267784e-13
ENDPROP
STARTPROP
MASSES:  4.200000e-03   4.200000e-03
SOURCE: GAM_5
SINKS: GAM_5
0  1.504550e+07  0.000000e+00
1  1.537043e+07  0.000000e+00
2  1.338499e+07  0.000000e+00
3  1.164487e+07  0.000000e+00
4  9.820877e+06  0.000000e+00
5  8.083311e+06  0.000000e+00
6  6.558039e+06  0.000000e+00
7  5.282483e+06  0.000000e+00
8  4.273619e+06  0.000000e+00
9  3.354243e+06  0.000000e+00
10  2.721246e+06  0.000000e+00
11  2.258339e+06  0.000000e+00
12  1.833559e+06  0.000000e+00
13  1.523044e+06  0.000000e+00
14  1.284211e+06  0.000000e+00
15  1.085550e+06  0.000000e+00
16  9.301414e+05  0.000000e+00
17  7.757749e+05  0.000000e+00
18  6.489986e+05  0.000000e+00
19  5.398920e+05  0.000000e+00
20  4.478693e+05  0.000000e+00
21  3.740022e+05  0.000000e+00
22  3.222098e+05  0.000000e+00
23  2.789554e+05  0.000000e+00
24  2.435684e+05  0.000000e+00
25  2.167636e+05  0.000000e+00
26  1.930323e+05  0.000000e+00
27  1.677967e+05  0.000000e+00
28  1.446713e+05  0.000000e+00
29  1.295975e+05  0.000000e+00
30  1.191580e+05  0.000000e+00
31  1.121959e+05  0.000000e+00
32  1.110630e+05  0.000000e+00
33  1.153323e+05  0.000000e+00
34  1.212203e+05  0.000000e+00
35  1.273890e+05  0.000000e+00
36  1.401922e+05  0.000000e+00
37  1.607012e+05  0.000000e+00
38  1.914554e+05  0.000000e+00
39  2.257294e+05  0.000000e+00
40  2.696114e+05  0.000000e+00
41  3.155409e+05  0.000000e+00
42  3.666784e+05  0.000000e+00
43  4.208999e+05  0.000000e+00
44  4.893469e+05  0.000000e+00
45  5.742966e+05  0.000000e+00
46  6.672276e+05  0.000000e+00
47  7.877654e+05  0.000000e+00
48  9.370753e+05  0.000000e+00
49  1.125396e+06  0.000000e+00
50  1.347697e+06  0.000000e+00
51  1.606053e+06  0.000000e+00
52  1.973685e+06  0.000000e+00
53  2.484606e+06  0.000000e+00
54  3.063427e+06  0.000000e+00
55  3.649867e+06  0.000000e+00
56  4.357805e+06  0.000000e+00
57  5.146316e+06  0.000000e+00
58  6.056166e+06  0.000000e+00
59  7.274499e+06  0.000000e+00
60  8.824718e+06  0.000000e+00
61  1.056147e+07  0.000000e+00
62  1.257575e+07  0.000000e+00
63  1.487023e+07  0.000000e+00
ENDPROP
STARTPROP
MASSES:  4.200000e-03   4.200000e-03
SOURCE: GAM_12
SINKS: GAM_12
0  6.625948e+05  0.000000e+00
1  -8.573975e+05  0.000000e+00
2  -2.833774e+05  0.000000e+00
3  -1.685927e+05  0.000000e+00
4  -9.560362e+04  0.000000e+00
5  -2.020687e+04  0.000000e+00
6  1.508795e+04  0.000000e+00
7  1.915529e+04  0.000000e+00
8  9.745335e+03  0.000000e+00
9  8.267456e+03  0.000000e+00
10  1.004300e+04  0.000000e+00
11  5.614343e+03  0.000000e+00
12  2.452349e+03  0.000000e+00
13  3.811487e+03  0.000000e+00
14  2.087693e+03  0.000000e+00
15  1.362643e+03  0.000000e+00
16  -6.489460e+02  0.000000e+00
17  -1.356614e+03  0.000000e+00
18  4.025243e+02  0.000000e+00
19  1.507310e+03  0.000000e+00
20  5.546848e+02  0.000000e+00
21  -3.636316e+02  0.000000e+00
22  -9.073505e+02  0.000000e+00
23  -5.884592e+02  0.000000e+00
24  -1.237298e+02  0.000000e+00
25  6.731362e+01  0.000000e+00
26  -3.554981e+02  0.000000e+00
27  -4.793680e+02  0.000000e+00
28  -4.860338e+02  0.000000e+00
29  -4.747178e+02  0.000000e+00
30  -4.297728e+02  0.000000e+00
31  -1.490716e+02  0.000000e+00
32  -7.776848e+01  0.000000e+00
33  2.935821e+02  0.000000e+00
34  4.714341e+02  0.000000e+00
35  3.445408e+02  0.000000e+00
36  2.034024e+02  0.000000e+00
37  1.297704e+02  0.000000e+00
38  2.951620e+02  0.000000e+00
39  7.776176e+01  0.000000e+00
40  -2.341813e+02  0.000000e+00
41  -1.002164e+03  0.000000e+00
42  -1.891919e+03  0.000000e+00
43  -3.584040e+03  0.000000e+00
44  -3.830259e+03  0.000000e+00
45  -3.949521e+03  0.000000e+00
46  -2.927377e+03  0.000000e+00
47  -2.916382e+03  0.000000e+00
48  -2.572941e+03  0.000000e+00
49  8.100327e+01  0.000000e+00
50  -6.038573e+01  0.000000e+00
51  -1.535047e+03  0.000000e+00
52  -1.087980e+03  0.000000e+00
53  -1.774472e+03  0.000000e+00
54  -2.013462e+01  0.000000e+00
55  2.860216e+03  0.000000e+00
56  2.692941e+03  0.000000e+00
57  -3.725449e+03  0.000000e+00
58  -1.606984e+04  0.000000e+00
59  -2.880202e+04  0.000000e+00
60  -5.539749e+04  0.000000e+00
61  -1.142579e+05  0.000000e+00
62  -2.931234e+05  0.000000e+00
63  -8.797047e+05  0.000000e+00
ENDPROP
STARTPROP
MASSES:  4.200000e-03   4.200000e-03
SOURCE: GAM_21
SINKS: GAM_21
0  6.625948e+05  0.000000e+00
1  -8.573975e+05  0.000000e+00
2  -2.833774e+05  0.000000e+00
3  -1.685927e+05  0.000000e+00
4  -9.560362e+04  0.000000e+00
5  -2.020687e+04  0.000000e+00
6  1.508795e+04  0.000000e+00
7  1.915529e+04  0.000000e+00
8  9.745335e+03  0.000000e+00
9  8.267456e+03  0.000000e+00
10  1.004300e+04  0.000000e+00
11  5.614343e+03  0.000000e+00
12  2.452349e+03  0.000000e+00
13  3.811487e+03  0.000000e+00
14  2.087693e+03  0.000000e+00
15  1.362643e+03  0.000000e+00
16  -6.489460e+02  0.000000e+00
17  -1.356614e+03  0.000000e+00
18  4.025243e+02  0.000000e+00
19  1.507310e+03  0.000000e+00
20  5.546848e+02  0.000000e+00
21  -3.636316e+02  0.000000e+00
22  -9.073505e+02  0.000000e+00
23  -5.884592e+02  0.000000e+00
24  -1.237298e+02  0.000000e+00
25  6.731362e+01  0.000000e+00
26  -3.554981e+02  0.000000e+00
27  -4.793680e+02  0.000000e+00
28  -4.860338e+02  0.000000e+00
29  -4.747178e+02  0.000000e+00
30  -4.297728e+02  0.000000e+00
31  -1.490716e+02  0.000000e+00
32  -7.776848e+01  0.000000e+00
33  2.935821e+02  0.000000e+00
34  4.714341e+02  0.000000e+00
35  3.445408e+02  0.000000e+00
36  2.034024e+02  0.000000e+00
37  1.297704e+02  0.000000e+00
38  2.951620e+02  0.000000e+00
39  7.776176e+01  0.000000e+00
40  -2.341813e+02  0.000000e+00
41  -1.002164e+03  0.000000e+00
42  -1.891919e+03  0.000000e+00
43  -3.584040e+03  0.000000e+00
44  -3.830259e+03  0.000000e+00
45  -3.949521e+03  0.000000e+00
46  -2.927377e+03  0.000000e+00
47  -2.916382e+03  0.000000e+00
48  -2.572941e+03  0.000000e+00
49  8.100327e+01  0.000000e+00
50  -6.038573e+01  0.000000e+00
51  -1.535047e+03  0.000000e+00
52  -1.087980e+03  0.000000e+00
53  -1.774472e+03  0.000000e+00
54  -2.013462e+01  0.000000e+00
55  2.860216e+03  0.000000e+00
56  2.692941e+03  0.000000e+00
57  -3.725449e+03  0.000000e+00
58  -1.606984e+04  0.000000e+00
59  -2.880202e+04  0.000000e+00
60  -5.539749e+04  0.000000e+00
61  -1.142579e+05  0.000000e+00
62  -2.931234e+05  0.000000e+00
63  -8.797047e+05  0.000000e+00
ENDPROP
STARTPROP
MASSES:  4.200000e-03   4.200000e-03
SOURCE: GAM_13
SINKS: GAM_13
0  7.886012e+05  -5.648281e-14
1  -7.784854e+05  -7.684524e-13
2  -1.927540e+05  -1.424029e-12
3  -7.699042e+04  3.509237e-15
4  -4.015975e+04  -3.514794e-13
5  -2.230951e+04  -2.679273e-13
6  -1.482058e+04  1.974859e-13
7  -1.055835e+04  -3.250656e-13
8  -1.033572e+04  -1.655530e-13
9  -1.403584e+04  -1.457425e-13
10  -1.456267e+04  2.448589e-13
11  -9.787842e+03  -1.151134e-14
12  -5.910639e+03  9.947179e-14
13  -8.415733e+02  9.273344e-15
14  1.242264e+03  1.752953e-14
15  6.511695e+02  -2.231008e-14
16  9.521977e+02  4.964093e-14
17  2.520036e+03  -4.323312e-14
18  2.508076e+03  -3.559001e-14
19  1.419130e+03  2.590795e-14
20  6.658092e+02  3.446212e-14
21  1.934949e+01  -1.177537e-14
22  1.027518e+03  -1.991657e-14
23  1.371316e+03  1.291821e-14
24  6.974932e+02  7.823116e-15
25  2.779178e+02  5.051625e-15
26  -1.279586e+02  -5.252285e-15
27  3.722040e+01  -3.959404e-15
28  1.643546e+02  1.176837e-14
29  2.168934e+02  1.847370e-15
30  -3.669861e+01  1.186155e-14
31  -2.890647e+02  8.257927e-16
32  -3.451364e+02  -9.250593e-15
33  -4.042796e+02  -9.034874e-15
34  -5.027688e+02  2.512691e-15
35  -2.357269e+02  -1.533131e-15
36  -1.761540e+02  -2.220395e-14
37  -4.202062e+01  -6.332359e-15
38  4.071178e+02  -1.233008e-15
39  1.085772e+03  -3.529754e-14
40  6.609935e+02  -1.627171e-15
41  2.572510e+02  4.110075e-14
42  2.645080e-01  -3.940716e-15
43  5.505942e+01  3.233172e-15
44  5.957630e+02  4.298246e-14
45  7.874689e+02  1.127043e-14
46  1.664051e+03  -1.044302e-14
47  4.713930e+03  4.138401e-14
48  4.920223e+03  9.082280e-14
49  4.842416e+03  1.245668e-13
50  4.517167e+03  3.846763e-14
51  3.966267e+03  -2.989696e-14
52  9.037759e+03  -3.351240e-14
53  1.691682e+04  1.120796e-13
54  2.569715e+04  -3.299119e-14
55  1.864840e+04  2.283150e-13
56  4.408055e+03  -1.700373e-14
57  7.459253e+02  2.539510e-14
58  2.335331e+03  8.783349e-14
59  5.928715e+03  3.900680e-13
60  7.475006e+03  -5.041685e-13
61  -8.452837e+02  -7.118596e-13
62  -1.449334e+05  -1.333011e-13
63  -7.526356e+05  1.976260e-12
ENDPROP
STARTPROP
MASSES:  4.200000e-03   4.200000e-03
SOURCE: GAM_31
SINKS: GAM_31
0  7.886012e+05  -5.648281e-14
1  -7.784854e+05  -7.684524e-13
2  -1.927540e+05  -1.424029e-12
3  -7.699042e+04  3.509237e-15
4  -4.015975e+04  -3.514794e-13
5  -2.230951e+04  -2.679273e-13
6  -1.482058e+04  1.974859e-13
7  -1.055835e+04  -3.250656e-13
8  -1.033572e+04  -1.655530e-13
9  -1.403584e+04  -1.457425e-13
10  -1.456267e+04  2.448589e-13
11  -9.787842e+03  -1.151134e-14
12  -5.910639e+03  9.947179e-14
13  -8.415733e+02  9.273344e-15
14  1.242264e+03  1.752953e-14
15  6.511695e+02  -2.231008e-14
16  9.521977e+02  4.964093e-14
17  2.520036e+03  -4.323312e-14
18  2.508076e+03  -3.559001e-14
19  1.419130e+03  2.590795e-14
20  6.658092e+02  3.446212e-14
21  1.934949e+01  -1.177537e-14
22  1.027518e+03  -1.991657e-14
23  1.371316e+03  1.291821e-14
24  6.974932e+02  7.823116e-15
25  2.779178e+02  5.051625e-15
26  -1.279586e+02  -5.252285e-15
27  3.722040e+01  -3.959404e-15
28  1.643546e+02  1.176837e-14
29  2.168934e+02  1.847370e-15
30  -3.669861e+01  1.186155e-14
31  -2.890647e+02  8.257927e-16
32  -3.451364e+02  -9.250593e-15
33  -4.042796e+02  -9.034874e-15
34  -5.027688e+02  2.512691e-15
35  -2.357269e+02  -1.533131e-15
36  -1.761540e+02  -2.220395e-14
37  -4.202062e+01  -6.332359e-15
38  4.071178e+02  -1.233008e-15
39  1.085772e+03  -3.529754e-14
40  6.609935e+02  -1.627171e-15
41  2.572510e+02  4.110075e-14
42  2.645080e-01  -3.940716e-15
43  5.505942e+01  3.233172e-15
44  5.957630e+02  4.298246e-14
45  7.874689e+02  1.127043e-14
46  1.664051e+03  -1.044302e-14
47  4.713930e+03  4.138401e-14
48  4.920223e+03  9.082280e-14
49  4.842416e+03  1.245668e-13
50  4.517167e+03  3.846763e-14
51  3.966267e+03  -2.989696e-14
52  9.037759e+03  -3.351240e-14
53  1.691682e+04  1.120796e-13
54  2.569715e+04  -3.299119e-14
55  1.864840e+04  2.283150e-13
56  4.408055e+03  -1.700373e-14
57  7.459253e+02  2.539510e-14
58  2.335331e+03  8.783349e-14
59  5.928715e+03  3.900680e-13
60  7.475006e+03  -5.041685e-13
61  -8.452837e+02  -7.118596e-13
62  -1.449334e+05  -1.333011e-13
63  -7.526356e+05  1.976260e-12
ENDPROP
STARTPROP
MASSES:  4.200000e-03   4.200000e-03
SOURCE: GAM_14
SINKS: GAM_14
0  -8.805386e+04  -4.289349e-13
1  1.330290e+06  -3.181320e-13
2  6.046761e+05  -5.286551e-13
3  3.757887e+05  -1.167235e-12
4  2.144392e+05  2.386874e-13
5  9.573230e+04  5.763516e-14
6  4.636230e+04  -1.360216e-13
7  2.684022e+04  -1.602530e-13
8  2.663664e+04  -1.054986e-13
9  2.130087e+04  -3.302008e-13
10  8.755149e+03  2.137761e-13
11  2.829829e+03  -1.541125e-13
12  5.655123e+03  -8.594153e-14
13  8.406829e+03  -1.096914e-14
14  1.011442e+04  9.064947e-15
15  9.789563e+03  8.220180e-14
16  5.188237e+03  -1.855341e-16
17  1.785574e+03  -2.944380e-14
18  1.762281e+03  1.439952e-14
19  1.444310e+03  1.784495e-14
20  1.535979e+03  1.487276e-14
21  7.712274e+02  -9.216867e-15
22  7.227221e+02  -5.499062e-15
23  -4.362643e+02  -6.999452e-15
24  -6.184681e+02  2.746582e-14
25  -3.528487e+02  -1.365455e-14
26  1.084095e+02  2.534888e-15
27  1.510539e+02  2.854639e-16
28  -2.442908e+02  6.584428e-16
29  2.577759e+01  1.246637e-14
30  4.240938e+02  -4.991291e-15
31  1.724268e+02  5.123499e-16
32  5.741920e+01  -1.939273e-16
33  -9.573953e+00  -3.571687e-15
34  -2.102294e+02  -7.360054e-15
35  -8.952115e+01  1.143252e-14
36  1.442715e+02  -2.724410e-15
37  5.074353e+02  1.420438e-14
38  4.702137e+02  5.659698e-15
39  4.780457e+02  -1.124132e-14
40  6.690978e+02  -2.321927e-15
41  1.003361e+03  -3.327682e-14
42  1.457990e+03  1.228459e-14
43  1.757573e+03  3.902767e-14
44  1.439833e+03  -1.131286e-14
45  1.196079e+03  4.150666e-14
46  1.339136e+03  4.326229e-14
47  -8.163008e+02  7.087388e-14
48  -1.142465e+03  3.644790e-14
49  -1.139702e+03  1.306307e-14
50  -4.559770e+02  8.221302e-14
51  -3.107094e+03  7.012026e-14
52  2.229159e+03  -2.439990e-14
53  1.220282e+04  -2.542905e-13
54  1.745143e+04  1.058854e-14
55  3.202341e+04  2.055936e-13
56  5.353532e+04  -1.839015e-13
57  6.365566e+04  2.354285e-13
58  8.955086e+04  1.132368e-13
59  1.242475e+05  4.038417e-13
60  2.005683e+05  5.590018e-13
61  3.025021e+05  -5.279095e-13
62  5.714567e+05  8.709895e-14
63  1.331484e+06  5.843524e-15
ENDPROP
STARTPROP
MASSES:  4.200000e-03   4.200000e-03
SOURCE: GAM_41
SINKS: GAM_41
0  -8.805386e+04  -4.289349e-13
1  1.330290e+06  -3.181320e-13
2  6.046761e+05  -5.286551e-13
3  3.757887e+05  -1.167235e-12
4  2.144392e+05  2.386874e-13
5  9.573230e+04  5.763516e-14
6  4.636230e+04  -1.360216e-13
7  2.684022e+04  -1.602530e-13
8  2.663664e+04  -1.054986e-13
9  2.130087e+04  -3.302008e-13
10  8.755149e+03  2.137761e-13
11  2.829829e+03  -1.541125e-13
12  5.655123e+03  -8.594153e-14
13  8.406829e+03  -1.096914e-14
14  1.011442e+04  9.064947e-15
15  9.789563e+03  8.220180e-14
16  5.188237e+03  -1.855341e-16
17  1.785574e+03  -2.944380e-14
18  1.762281e+03  1.439952e-14
19  1.444310e+03  1.784495e-14
20  1.535979e+03  1.487276e-14
21  7.712274e+02  -9.216867e-15
22  7.227221e+02  -5.499062e-15
23  -4.362643e+02  -6.999452e-15
24  -6.184681e+02  2.746582e-14
25  -3.528487e+02  -1.365455e-14
26  1.084095e+02  2.534888e-15
27  1.510539e+02  2.854639e-16
28  -2.442908e+02  6.584428e-16
29  2.577759e+01  1.246637e-14
30  4.240938e+02  -4.991291e-15
31  1.724268e+02  5.123499e-16
32  5.741920e+01  -1.939273e-16
33  -9.573953e+00  -3.571687e-15
34  -2.102294e+02  -7.360054e-15
35  -8.952115e+01  1.143252e-14
36  1.442715e+02  -2.724410e-15
37  5.074353e+02  1.420438e-14
38  4.702137e+02  5.659698e-15
39  4.780457e+02  -1.124132e-14
40  6.690978e+02  -2.321927e-15
41  1.003361e+03  -3.327682e-14
42  1.457990e+03  1.228459e-14
43  1.757573e+03  3.902767e-14
44  1.439833e+03  -1.131286e-14
45  1.196079e+03  4.150666e-14
46  1.339136e+03  4.326229e-14
47  -8.163008e+02  7.087388e-14
48  -1.142465e+03  3.644790e-14
49  -1.139702e+03  1.306307e-14
50  -4.559770e+02  8.221302e-14
51  -3.107094e+03  7.012026e-14
52  2.229159e+03  -2.439990e-14
53  1.220282e+04  -2.542905e-13
54  1.745143e+04  1.058854e-14
55  3.202341e+04  2.055936e-13
56  5.353532e+04  -1.839015e-13
57  6.365566e+04  2.354285e-13
58  8.955086e+04  1.132368e-13
59  1.242475e+05  4.038417e-13
60  2.005683e+05  5.590018e-13
61  3.025021e+05  -5.279095e-13
62  5.714567e+05  8.709895e-14
63  1.331484e+06  5.843524e-15
ENDPROP
STARTPROP
MASSES:  4.200000e-03   4.200000e-03
SOURCE: GAM_23
SINKS: GAM_23
0  7.965517e+05  -4.047598e-13
1  -7.518679e+05  -3.358956e-13
2  -1.913613e+05  -4.274861e-13
3  -8.846238e+04  -8.380814e-13
4  -4.413691e+04  -2.260519e-13
5  -1.411500e+03  -7.404487e-13
6  1.058877e+03  1.840002e-13
7  1.114788e+03  -1.023132e-13
8  -7.948201e+02  -1.393535e-13
9  4.337921e+02  -2.296354e-13
10  2.678390e+03  -1.233986e-13
11  4.085233e+03  -1.360689e-14
12  4.207215e+03  2.598999e-13
13  6.511567e+03  1.496905e-13
14  8.718419e+03  2.530196e-14
15  1.057680e+04  -4.298799e-14
16  6.424729e+03  -4.380689e-14
17  2.986826e+03  -6.993571e-14
18  1.244756e+03  1.682423e-14
19  1.010000e+03  1.913732e-14
20  1.619747e+02  1.640973e-14
21  7.033068e+02  -1.642126e-16
22  8.053905e+02  1.087673e-14
23  1.508452e+03  -1.216459e-14
24  1.758391e+03  -1.116040e-14
25  1.238875e+03  -2.478540e-14
26  1.244709e+03  -1.114427e-14
27  1.087472e+03  -1.254537e-15
28  8.183316e+02  -1.126418e-16
29  4.456164e+02  -1.210447e-14
30  2.070277e+02  9.402794e-15
31  1.129057e+02  1.953471e-15
32  -2.977697e+02  7.441244e-16
33  -5.070291e+02  2.671799e-15
34  -2.089170e+02  -3.566973e-15
35  -1.339187e+02  5.226978e-15
36  7.287326e+01  -8.992400e-15
37  1.638934e+02  7.511385e-15
38  1.278541e+02  1.656390e-15
39  6.504284e+02  -1.594632e-14
40  8.322760e+02  -1.579466e-14
41  3.291862e+02  -3.649482e-15
42  -4.687516e+01  -1.845645e-14
43  -4.731750e+02  1.451343e-14
44  6.508412e+02  5.088738e-14
45  1.708102e+03  3.567389e-15
46  8.309525e+02  -3.048081e-14
47  2.187309e+01  3.304823e-14
48  4.586883e+02  9.831854e-14
49  -2.386861e+02  -1.898919e-15
50  -3.669662e+03  1.382675e-14
51  -7.033251e+03  8.262415e-14
52  -9.525199e+03  6.526448e-14
53  -8.962158e+03  2.822664e-13
54  -7.410683e+03  -1.143551e-14
55  -3.159106e+03  9.119210e-14
56  5.748455e+03  -1.910902e-13
57  2.067208e+03  -1.356497e-13
58  9.207585e+03  -3.283822e-13
59  1.754353e+04  2.230974e-13
60  -9.936294e+03  -2.027222e-13
61  -3.675480e+04  2.749320e-15
62  -1.229573e+05  -2.905814e-14
63  -7.075258e+05  -1.266944e-14
ENDPROP
STARTPROP
MASSES:  4.200000e-03   4.200000e-03
SOURCE: GAM_32
SINKS: GAM_32
0  7.965517e+05  -4.047598e-13
1  -7.518679e+05  -3.358956e-13
2  -1.913613e+05  -4.274861e-13
3  -8.846238e+04  -8.380814e-13
4  -4.413691e+04  -2.260519e-13
5  -1.411500e+03  -7.404487e-13
6  1.058877e+03  1.840002e-13
7  1.114788e+03  -1.023132e-13
8  -7.948201e+02  -1.393535e-13
9  4.337921e+02  -2.296354e-13
10  2.678390e+03  -1.233986e-13
11  4.085233e+03  -1.360689e-14
12  4.207215e+03  2.598999e-13
13  6.511567e+03  1.496905e-13
14  8.718419e+03  2.530196e-14
15  1.057680e+04  -4.298799e-14
16  6.424729e+03  -4.380689e-14
17  2.986826e+03  -6.993571e-14
18  1.244756e+03  1.682423e-14
19  1.010000e+03  1.913732e-14
20  1.619747e+02  1.640973e-14
21  7.033068e+02  -1.642126e-16
22  8.053905e+02  1.087673e-14
23  1.508452e+03  -1.216459e-14
24  1.758391e+03  -1.116040e-14
25  1.238875e+03  -2.478540e-14
26  1.244709e+03  -1.114427e-14
27  1.087472e+03  -1.254537e-15
28  8.183316e+02  -1.126418e-16
29  4.456164e+02  -1.210447e-14
30  2.070277e+02  9.402794e-15
31  1.129057e+02  1.953471e-15
32  -2.977697e+02  7.441244e-16
33  -5.070291e+02  2.671799e-15
34  -2.089170e+02  -3.566973e-15
35  -1.339187e+02  5.226978e-15
36  7.287326e+01  -8.992400e-15
37  1.638934e+02  7.511385e-15
38  1.278541e+02  1.656390e-15
39  6.504284e+02  -1.594632e-14
40  8.322760e+02  -1.579466e-14
41  3.291862e+02  -3.649482e-15
42  -4.687516e+01  -1.845645e-14
43  -4.731750e+02  1.451343e-14
44  6.508412e+02  5.088738e-14
45  1.708102e+03  3.567389e-15
46  8.309525e+02  -3.048081e-14
47  2.187309e+01  3.304823e-14
48  4.586883e+02  9.831854e-14
49  -2.386861e+02  -1.898919e-15
50  -3.669662e+03  1.382675e-14
51  -7.033251e+03  8.262415e-14
52  -9.525199e+03  6.526448e-14
53  -8.962158e+03  2.822664e-13
54  -7.410683e+03  -1.143551e-14
55  -3.159106e+03  9.119210e-14
56  5.748455e+03  -1.910902e-13
57  2.067208e+03  -1.356497e-13
58  9.207585e+03  -3.283822e-13
59  1.754353e+04  2.230974e-13
60  -9.936294e+03  -2.027222e-13
61  -3.675480e+04  2.749320e-15
62  -1.229573e+05  -2.905814e-14
63  -7.075258e+05  -1.266944e-14
ENDPROP
STARTPROP
MASSES:  4.200000e-03   4.200000e-03
SOURCE: GAM_24
SINKS: GAM_24
0  -6.238294e+04  2.104344e-12
1  1.371179e+06  -3.993310e-13
2  6.165157e+05  2.132583e-13
3  3.149453e+05  -5.379743e-13
4  1.658706e+05  -9.391204e-13
5  9.342659e+04  1.043027e-13
6  3.228051e+04  4.597900e-13
7  1.311157e+04  -5.876471e-14
8  1.021844e+04  3.712884e-13
9  1.751301e+04  8.416389e-14
10  8.890354e+03  -8.187280e-14
11  1.012843e+04  2.462200e-13
12  8.704340e+03  -1.348616e-13
13  6.911043e+03  -5.663921e-14
14  9.249231e+03  -1.119017e-13
15  5.748818e+03  9.015898e-14
16  5.967501e+03  -1.691174e-14
17  5.246163e+03  -5.816735e-14
18  2.467346e+03  1.319822e-14
19  6.633354e+02  3.635185e-14
20  -3.573822e+02  2.348924e-15
21  -5.399262e+02  -3.792170e-15
22  1.246832e+02  9.542509e-15
23  2.378716e+02  1.025888e-14
24  4.330434e+02  4.727502e-15
25  7.457867e+02  2.726563e-14
26  4.878765e+02  -6.409346e-15
27  3.657108e+02  2.816377e-14
28  5.328766e+00  -1.055123e-14
29  5.043969e+00  -8.104088e-15
30  1.556045e+01  -4.080778e-15
31  1.150520e+02  -2.299312e-15
32  2.134158e+02  -1.023180e-14
33  1.979283e+02  5.459392e-15
34  2.406706e+02  -1.550573e-15
35  3.863812e+01  -9.140761e-15
36  -7.133440e+01  -1.183247e-14
37  1.507569e+02  -1.242818e-14
38  -1.980289e+01  3.278140e-15
39  -1.549470e+02  1.531937e-15
40  -4.754645e+02  2.908871e-14
41  -2.543053e+02  1.597675e-14
42  -1.447721e+02  -1.271235e-14
43  -1.394500e+03  -7.709463e-15
44  -1.403271e+03  -1.369210e-15
45  -2.121232e+03  7.613632e-15
46  -1.901197e+03  -4.255260e-15
47  -1.089444e+03  6.659648e-14
48  -2.574533e+03  1.451405e-14
49  -3.407485e+03  -1.903365e-14
50  -2.321458e+03  1.243810e-14
51  6.315670e+03  1.519198e-14
52  1.712730e+04  -7.184979e-14
53  2.434083e+04  1.471558e-13
54  2.739119e+04  -2.321305e-13
55  3.122195e+04  4.293417e-13
56  3.499027e+04  -1.871038e-13
57  4.833504e+04  3.118188e-13
58  7.745643e+04  -2.810520e-13
59  1.293417e+05  -1.624206e-13
60  2.065987e+05  -9.562034e-14
61  3.310165e+05  -2.082624e-13
62  5.581181e+05  -8.770118e-13
63  1.333045e+06  4.570312e-13
ENDPROP
STARTPROP
MASSES:  4.200000e-03   4.200000e-03
SOURCE: GAM_42
SINKS: GAM_42
0  -6.238294e+04  2.104344e-12
1  1.371179e+06  -3.993310e-13
2  6.165157e+05  2.132583e-13
3  3.149453e+05  -5.379743e-13
4  1.658706e+05  -9.391204e-13
5  9.342659e+04  1.043027e-13
6  3.228051e+04  4.597900e-13
7  1.311157e+04  -5.876471e-14
8  1.021844e+04  3.712884e-13
9  1.751301e+04  8.416389e-14
10  8.890354e+03  -8.187280e-14
11  1.012843e+04  2.462200e-13
12  8.704340e+03  -1.348616e-13
13  6.911043e+03  -5.663921e-14
14  9.249231e+03  -1.119017e-13
15  5.748818e+03  9.015898e-14
16  5.967501e+03  -1.691174e-14
17  5.246163e+03  -5.816735e-14
18  2.467346e+03  1.319822e-14
19  6.633354e+02  3.635185e-14
20  -3.573822e+02  2.348924e-15
21  -5.399262e+02  -3.792170e-15
22  1.246832e+02  9.542509e-15
23  2.378716e+02  1.025888e-14
24  4.330434e+02  4.727502e-15
25  7.457867e+02  2.726563e-14
26  4.878765e+02  -6.409346e-15
27  3.657108e+02  2.816377e-14
28  5.328766e+00  -1.055123e-14
29  5.043969e+00  -8.104088e-15
30  1.556045e+01  -4.080778e-15
31  1.150520e+02  -2.299312e-15
32  2.134158e+02  -1.023180e-14
33  1.979283e+02  5.459392e-15
34  2.406706e+02  -1.550573e-15
35  3.863812e+01  -9.140761e-15
36  -7.133440e+01  -1.183247e-14
37  1.507569e+02  -1.242818e-14
38  -1.980289e+01  3.278140e-15
39  -1.549470e+02  1.531937e-15
40  -4.754645e+02  2.908871e-14
41  -2.543053e+02  1.597675e-14
42  -1.447721e+02  -1.271235e-14
43  -1.394500e+03  -7.709463e-15
44  -1.403271e+03  -1.369210e-15
45  -2.121232e+03  7.613632e-15
46  -1.901197e+03  -4.255260e-15
47  -1.089444e+03  6.659648e-14
48  -2.574533e+03  1.451405e-14
49  -3.407485e+03  -1.903365e-14
50  -2.321458e+03  1.243810e-14
51  6.315670e+03  1.519198e-14
52  1.712730e+04  -7.184979e-14
53  2.434083e+04  1.471558e-13
54  2.739119e+04  -2.321305e-13
55  3.122195e+04  4.293417e-13
56  3.499027e+04  -1.871038e-13
57  4.833504e+04  3.118188e-13
58  7.745643e+04  -2.810520e-13
59  1.293417e+05  -1.624206e-13
60  2.065987e+05  -9.562034e-14
61  3.310165e+05  -2.082624e-13
62  5.581181e+05  -8.770118e-13
63  1.333045e+06  4.570312e-13
ENDPROP
STARTPROP
MASSES:  4.200000e-03   4.200000e-03
SOURCE: GAM_34
SINKS: GAM_34
0  -9.624759e+04  0.000000e+00
1  1.282799e+06  0.000000e+00
2  5.350612e+05  0.000000e+00
3  3.011620e+05  0.000000e+00
4  1.791235e+05  0.000000e+00
5  1.143931e+05  0.000000e+00
6  7.420716e+04  0.000000e+00
7  4.485180e+04  0.000000e+00
8  2.812577e+04  0.000000e+00
9  1.780860e+04  0.000000e+00
10  9.138744e+03  0.000000e+00
11  7.769166e+03  0.000000e+00
12  6.268062e+03  0.000000e+00
13  4.188656e+03  0.000000e+00
14  4.453957e-01  0.000000e+00
15  -1.932976e+03  0.000000e+00
16  6.421703e+02  0.000000e+00
17  2.124111e+03  0.000000e+00
18  1.471273e+03  0.000000e+00
19  -5.113597e+02  0.000000e+00
20  -8.621398e+02  0.000000e+00
21  -7.985293e+02  0.000000e+00
22  -7.781242e+02  0.000000e+00
23  -3.916596e+02  0.000000e+00
24  -6.091158e+02  0.000000e+00
25  -7.257351e+02  0.000000e+00
26  -4.902559e+02  0.000000e+00
27  1.153212e+02  0.000000e+00
28  6.391466e+02  0.000000e+00
29  8.507986e+02  0.000000e+00
30  1.004541e+03  0.000000e+00
31  5.004091e+02  0.000000e+00
32  -3.644505e+02  0.000000e+00
33  -5.436301e+02  0.000000e+00
34  -7.411734e+02  0.000000e+00
35  -4.997697e+02  0.000000e+00
36  1.385733e+02  0.000000e+00
37  5.921837e+02  0.000000e+00
38  8.663126e+02  0.000000e+00
39  5.732374e+02  0.000000e+00
40  1.095116e+03  0.000000e+00
41  1.810831e+03  0.000000e+00
42  1.461205e+03  0.000000e+00
43  1.505230e+03  0.000000e+00
44  4.997978e+02  0.000000e+00
45  6.957376e+02  0.000000e+00
46  -8.982627e+02  0.000000e+00
47  -2.491335e+02  0.000000e+00
48  -1.120089e+02  0.000000e+00
49  1.004738e+03  0.000000e+00
50  4.867038e+03  0.000000e+00
51  4.047401e+03  0.000000e+00
52  9.504974e+03  0.000000e+00
53  9.069736e+03  0.000000e+00
54  1.426300e+04  0.000000e+00
55  2.352245e+04  0.000000e+00
56  4.360157e+04  0.000000e+00
57  5.840926e+04  0.000000e+00
58  7.624149e+04  0.000000e+00
59  1.417752e+05  0.000000e+00
60  2.231839e+05  0.000000e+00
61  3.679509e+05  0.000000e+00
62  6.256815e+05  0.000000e+00
63  1.351867e+06  0.000000e+00
ENDPROP
STARTPROP
MASSES:  4.200000e-03   4.200000e-03
SOURCE: GAM_43
SINKS: GAM_43
0  -9.624759e+04  0.000000e+00
1  1.282799e+06  0.000000e+00
2  5.350612e+05  0.000000e+00
3  3.011620e+05  0.000000e+00
4  1.791235e+05  0.000000e+00
5  1.143931e+05  0.000000e+00
6  7.420716e+04  0.000000e+00
7  4.485180e+04  0.000000e+00
8  2.812577e+04  0.000000e+00
9  1.780860e+04  0.000000e+00
10  9.138744e+03  0.000000e+00
11  7.769166e+03  0.000000e+00
12  6.268062e+03  0.000000e+00
13  4.188656e+03  0.000000e+00
14  4.453957e-01  0.000000e+00
15  -1.932976e+03  0.000000e+00
16  6.421703e+02  0.000000e+00
17  2.124111e+03  0.000000e+00
18  1.471273e+03  0.000000e+00
19  -5.113597e+02  0.000000e+00
20  -8.621398e+02  0.000000e+00
21  -7.985293e+02  0.000000e+00
22  -7.781242e+02  0.000000e+00
23  -3.916596e+02  0.000000e+00
24  -6.091158e+02  0.000000e+00
25  -7.257351e+02  0.000000e+00
26  -4.902559e+02  0.000000e+00
27  1.153212e+02  0.000000e+00
28  6.391466e+02  0.000000e+00
29  8.507986e+02  0.000000e+00
30  1.004541e+03  0.000000e+00
31  5.004091e+02  0.000000e+00
32  -3.644505e+02  0.000000e+00
33  -5.436301e+02  0.000000e+00
34  -7.411734e+02  0.000000e+00
35  -4.997697e+02  0.000000e+00
36  1.385733e+02  0.000000e+00
37  5.921837e+02  0.000000e+00
38  8.663126e+02  0.000000e+00
39  5.732374e+02  0.000000e+00
40  1.095116e+03  0.000000e+00
41  1.810831e+03  0.000000e+00
42  1.461205e+03  0.000000e+00
43  1.505230e+03  0.000000e+00
44  4.997978e+02  0.000000e+00
45  6.957376e+02  0.000000e+00
46  -8.982627e+02  0.000000e+00
47  -2.491335e+02  0.000000e+00
48  -1.120089e+02  0.000000e+00
49  1.004738e+03  0.000000e+00
50  4.867038e+03  0.000000e+00
51  4.047401e+03  0.000000e+00
52  9.504974e+03  0.000000e+00
53  9.069736e+03  0.000000e+00
54  1.426300e+04  0.000000e+00
55  2.352245e+04  0.000000e+00
56  4.360157e+04  0.000000e+00
57  5.840926e+04  0.000000e+00
58  7.624149e+04  0.000000e+00
59  1.417752e+05  0.000000e+00
60  2.231839e+05  0.000000e+00
61  3.679509e+05  0.000000e+00
62  6.256815e+05  0.000000e+00
63  1.351867e+06  0.000000e+00
ENDPROP
STARTPROP
MASSES:  4.200000e-03   4.200000e-03
SOURCE: GAM_15
SINKS: GAM_15
0  -2.833418e+05  -1.112651e-12
1  -1.230584e+06  6.985382e-13
2  -4.160530e+05  3.996851e-13
3  -1.940752e+05  -5.184529e-13
4  -9.604991e+04  -3.915573e-13
5  -4.549509e+04  -4.814573e-14
6  -3.254584e+04  3.094392e-13
7  -9.232720e+03  -1.117999e-13
8  2.695886e+03  -2.009151e-13
9  8.971941e+02  -3.875098e-14
10  -1.936726e+03  -2.883607e-13
11  1.271996e+03  8.216980e-14
12  -1.563679e+03  -1.004939e-14
13  -9.216610e+03  7.573189e-14
14  -1.251744e+04  2.915730e-14
15  -1.173391e+04  -1.089952e-13
16  -7.829012e+03  -6.187987e-14
17  -4.017485e+03  -7.818202e-14
18  -1.929642e+03  -8.852155e-14
19  -6.721680e+02  8.267937e-14
20  -1.677318e+02  6.034585e-14
21  3.530544e+02  -1.361929e-14
22  -4.822522e+02  2.781903e-14
23  -1.610134e+03  1.322577e-14
24  -2.105015e+03  -6.702346e-15
25  -1.782591e+03  -5.012997e-15
26  -1.520793e+03  -2.666860e-15
27  -1.153179e+03  -2.110465e-14
28  -6.950377e+02  -9.282092e-15
29  -2.791699e+02  5.475979e-15
30  -7.722398e+00  -1.483158e-14
31  2.419673e+02  -8.550591e-15
32  3.014687e+02  -6.644572e-15
33  3.959707e+02  6.878259e-15
34  3.050745e+02  2.476551e-15
35  1.648601e+02  -5.477285e-15
36  1.581450e+02  2.933211e-15
37  -1.294517e+02  1.695942e-14
38  -4.148023e+02  1.583560e-14
39  -8.007791e+02  -4.249795e-15
40  -1.008581e+03  5.908147e-15
41  4.540411e+01  -1.791109e-14
42  5.135604e+02  -4.399655e-15
43  3.059358e+01  -3.329994e-14
44  -8.482664e+02  8.583120e-15
45  1.700766e+02  -4.339414e-15
46  4.276720e+02  6.445717e-16
47  -1.446263e+02  -1.165581e-13
48  -5.039611e+02  1.154257e-13
49  -1.789239e+02  -2.995019e-14
50  -2.125413e+03  1.227965e-13
51  -7.371415e+02  1.149495e-13
52  3.514866e+03  1.365666e-13
53  7.304589e+03  2.466337e-13
54  8.546345e+03  -9.872544e-14
55  9.743228e+03  1.217100e-13
56  1.234492e+04  1.897813e-13
57  5.806635e+03  -1.313899e-13
58  -1.077509e+04  -4.703645e-13
59  -4.036007e+04  9.279686e-16
60  -8.531982e+04  -4.594752e-13
61  -1.853689e+05  1.123806e-13
62  -4.353967e+05  1.039461e-12
63  -1.233119e+06  -3.783849e-14
ENDPROP
STARTPROP
MASSES:  4.200000e-03   4.200000e-03
SOURCE: GAM_25
SINKS: GAM_25
0  -3.487573e+05  -1.008401e-12
1  -1.276361e+06  4.468992e-13
2  -4.461789e+05  1.022697e-12
3  -1.915158e+05  4.637309e-14
4  -6.554724e+04  -7.073227e-15
5  -2.091881e+04  3.340362e-14
6  -9.077051e+03  1.728332e-13
7  -1.492846e+03  2.782700e-13
8  1.658737e+03  4.833674e-13
9  -2.041370e+03  1.597291e-13
10  1.570593e+03  -9.388433e-14
11  7.684331e+03  -6.685856e-14
12  3.627573e+03  -3.274075e-13
13  6.053803e+02  -4.540429e-14
14  2.707219e+03  -8.893859e-15
15  3.761423e+03  -6.123871e-14
16  1.142535e+03  -1.627489e-16
17  6.941236e+02  -2.382792e-14
18  6.753953e+02  -5.501450e-14
19  8.116352e+02  7.553274e-14
20  2.384025e+03  -3.808583e-14
21  1.666692e+03  3.298861e-14
22  1.598876e+03  -2.751453e-14
23  1.815940e+03  -1.066810e-14
24  1.465819e+03  8.711322e-15
25  7.498394e+02  -2.008015e-14
26  -1.623539e+02  6.440222e-15
27  -9.686094e+02  -2.652834e-15
28  -9.104899e+02  -1.311486e-14
29  -4.593927e+02  8.934041e-15
30  1.259716e+02  -8.987729e-15
31  3.992807e+02  3.655466e-15
32  2.367223e+02  -8.294402e-15
33  1.225482e+02  -1.804392e-16
34  -1.341732e+02  -7.112675e-15
35  -2.024674e+02  -8.364299e-15
36  1.542268e+02  2.319467e-14
37  3.711244e+02  -3.585565e-15
38  9.711472e+02  -5.685116e-17
39  1.650697e+03  1.436629e-15
40  9.332008e+02  2.109890e-14
41  -1.126030e+03  3.214880e-14
42  -2.557406e+03  -1.134072e-14
43  -1.889527e+03  3.937175e-14
44  -1.535607e+03  1.945420e-14
45  -2.643648e+03  2.319975e-14
46  -2.235103e+03  -5.654948e-14
47  -1.827959e+03  2.740096e-14
48  -1.655068e+03  7.565804e-14
49  -3.196249e+03  -1.344170e-14
50  -3.357794e+03  3.591474e-15
51  -6.547472e+03  6.454281e-14
52  -4.287616e+03  1.685602e-13
53  3.890905e+03  9.595054e-15
54  9.239303e+03  1.371709e-13
55  9.568455e+03  -1.938032e-13
56  3.841117e+03  6.612028e-13
57  -2.882359e+03  -6.160681e-13
58  -1.562862e+04  1.050398e-12
59  -5.030446e+04  4.029814e-13
60  -1.026769e+05  -6.868420e-13
61  -2.191163e+05  9.495234e-13
62  -4.818214e+05  -9.658342e-13
63  -1.307153e+06  1.237128e-12
ENDPROP
STARTPROP
MASSES:  4.200000e-03   4.200000e-03
SOURCE: GAM_35
SINKS: GAM_35
0  -1.199523e+05  -2.295789e-13
1  -1.043306e+06  9.777444e-13
2  -2.943230e+05  -6.405723e-13
3  -1.173815e+05  -2.109464e-14
4  -4.364218e+04  -1.458552e-12
5  -5.897195e+03  3.328597e-13
6  5.817346e+03  1.732663e-13
7  1.309527e+04  -8.505317e-14
8  1.563464e+04  1.802753e-13
9  1.663527e+04  -1.593292e-13
10  1.421249e+04  -2.053517e-13
11  1.384044e+04  -9.200621e-15
12  1.258242e+04  2.351950e-13
13  4.797318e+03  -1.157969e-13
14  -8.124762e+02  1.725971e-14
15  -4.505107e+03  -8.694228e-14
16  -7.086757e+03  -1.455338e-15
17  -5.005190e+03  -5.818547e-15
18  -2.024934e+03  3.384187e-14
19  7.380356e+01  -6.065129e-14
20  1.723582e+02  -5.329312e-14
21  1.517891e+02  -3.656904e-14
22  5.132227e+02  -2.254113e-14
23  6.912630e+02  -3.555799e-15
24  5.352645e+02  2.096059e-14
25  1.180458e+02  1.980757e-14
26  -1.564310e+02  1.125713e-14
27  -5.568746e+02  -1.093887e-14
28  -9.641576e+02  -1.466785e-15
29  -9.470114e+02  2.864599e-15
30  -8.686817e+02  1.342900e-15
31  -4.515090e+02  -9.849758e-15
32  -3.549039e+02  3.000672e-15
33  -3.445501e+02  -1.143116e-14
34  -5.360387e+02  5.104494e-15
35  -6.024702e+02  -7.064936e-15
36  -7.510264e+02  -1.137117e-14
37  -7.431604e+02  -8.491327e-16
38  -8.068195e+02  5.267820e-15
39  2.312599e+02  9.621784e-15
40  2.447752e+03  3.774701e-14
41  3.939066e+03  2.983268e-14
42  4.418425e+03  -9.062421e-15
43  2.923507e+03  -3.626344e-14
44  2.445246e+03  -3.379856e-14
45  2.281442e+03  8.059790e-15
46  8.459583e+02  -4.783436e-14
47  1.480973e+03  -7.314319e-15
48  3.790349e+03  -2.166210e-14
49  7.009113e+03  -6.953764e-14
50  6.278406e+03  -1.289039e-13
51  5.765811e+03  -5.857508e-14
52  7.321674e+03  1.270041e-13
53  9.790639e+03  9.661651e-15
54  1.620910e+04  1.528966e-14
55  1.775385e+04  -4.659601e-13
56  2.411515e+04  9.785304e-14
57  3.475161e+04  -4.228354e-13
58  1.059481e+04  9.039120e-13
59  -3.942794e+04  3.210596e-13
60  -8.692633e+04  1.997908e-12
61  -1.747661e+05  4.497763e-13
62  -3.837912e+05  -2.041641e-12
63  -1.127177e+06  -2.149377e-13
ENDPROP
STARTPROP
MASSES:  4.200000e-03   4.200000e-03
SOURCE: GAM_45
SINKS: GAM_45
0  -1.737813e+06  -2.340633e-12
1  7.076837e+05  1.327628e-12
2  3.486678e+05  -1.453922e-12
3  2.812455e+05  -1.154289e-13
4  2.346221e+05  7.740302e-13
5  1.841427e+05  -5.641103e-13
6  1.512771e+05  -2.061420e-13
7  1.222087e+05  -1.610965e-13
8  1.037748e+05  2.284902e-13
9  8.718291e+04  3.973783e-13
10  7.374321e+04  2.814360e-13
11  6.339886e+04  -4.201292e-14
12  5.147317e+04  -1.201006e-14
13  4.273559e+04  7.029123e-14
14  3.598943e+04  -7.312372e-14
15  3.146061e+04  -9.215859e-14
16  2.566231e+04  3.841728e-14
17  2.139602e+04  -3.557101e-14
18  1.784346e+04  1.568712e-14
19  1.522044e+04  -7.130683e-14
20  1.316625e+04  8.737280e-16
21  1.063447e+04  4.766848e-14
22  8.954035e+03  1.164290e-14
23  7.609301e+03  8.830561e-15
24  6.498288e+03  1.103255e-14
25  5.613613e+03  -1.995360e-14
26  4.769467e+03  1.761413e-14
27  4.101247e+03  -2.030714e-14
28  3.473572e+03  -1.443807e-14
29  3.066102e+03  3.036445e-15
30  2.798793e+03  9.138964e-15
31  2.870929e+03  1.872094e-15
32  2.716750e+03  4.306051e-15
33  2.864503e+03  2.273159e-15
34  2.890976e+03  -5.068358e-15
35  3.247325e+03  1.170174e-14
36  3.764777e+03  -6.305076e-15
37  4.305154e+03  6.147441e-15
38  5.077575e+03  -8.249627e-16
39  5.882460e+03  1.728905e-14
40  6.972241e+03  -3.001259e-14
41  7.681793e+03  -2.692942e-14
42  9.520718e+03  -1.174474e-14
43  1.091266e+04  -2.235009e-14
44  1.279583e+04  1.877787e-14
45  1.490870e+04  1.070091e-14
46  1.882215e+04  -7.921637e-14
47  2.139904e+04  7.132417e-14
48  2.434132e+04  -3.477574e-14
49  2.948320e+04  7.022383e-14
50  3.616958e+04  1.068051e-13
51  4.421814e+04  -5.636678e-14
52  4.973735e+04  2.559894e-13
53  6.303375e+04  1.574844e-13
54  7.335906e+04  4.356791e-13
55  8.948535e+04  3.047776e-13
56  1.042174e+05  6.241611e-14
57  1.277700e+05  -1.073447e-13
58  1.537442e+05  -4.655377e-13
59  1.898632e+05  -2.853997e-13
60  2.410042e+05  -3.383764e-13
61  2.918990e+05  6.740553e-13
62  3.457047e+05  -1.791647e-12
63  7.059513e+05  2.333008e-14
ENDPROP
STARTPROP
MASSES:  4.200000e-03   4.200000e-03
SOURCE: PSAX4
SINKS: GAM_4
0  -5.610771e+03  -3.857791e-13
1  1.681128e+06  4.119678e-13
2  1.266296e+06  6.924821e-14
3  1.044502e+06  -3.736245e-14
4  8.702279e+05  -1.644778e-14
5  7.014623e+05  -2.101837e-13
6  5.760981e+05  2.105997e-13
7  4.629298e+05  8.306778e-14
8  3.824234e+05  -6.071852e-14
9  3.158691e+05  4.159283e-14
10  2.668668e+05  -4.914000e-14
11  2.236017e+05  3.278703e-14
12  1.843163e+05  1.616148e-14
13  1.522667e+05  -9.895310e-14
14  1.262252e+05  3.397121e-14
15  1.059408e+05  3.009145e-14
16  8.789429e+04  4.540697e-14
17  7.345489e+04  1.218047e-14
18  6.116657e+04  -3.169292e-14
19  5.184777e+04  -1.346385e-14
20  4.346201e+04  -1.913278e-15
21  3.610931e+04  1.495650e-14
22  3.040092e+04  2.073848e-15
23  2.557332e+04  -5.249815e-15
24  2.082956e+04  2.198372e-16
25  1.682015e+04  1.844519e-15
26  1.333038e+04  -2.593500e-15
27  1.024270e+04  3.214829e-17
28  7.414631e+03  -7.246570e-15
29  5.041453e+03  -9.414161e-16
30  3.066508e+03  -1.202028e-15
31  1.144426e+03  2.208784e-15
32  -8.249067e+02  -3.205379e-15
33  -2.718896e+03  9.590276e-17
34  -5.101458e+03  -4.405489e-15
35  -7.164558e+03  1.213290e-15
36  -9.557865e+03  -6.040912e-16
37  -1.230409e+04  3.812722e-15
38  -1.553947e+04  -2.911166e-15
39  -1.936129e+04  -4.010345e-15
40  -2.357685e+04  1.145433e-14
41  -2.811144e+04  4.972182e-15
42  -3.453209e+04  2.709716e-15
43  -4.194705e+04  2.069884e-14
44  -4.941632e+04  -2.972567e-15
45  -5.896016e+04  2.712626e-15
46  -7.042793e+04  -2.963772e-14
47  -8.222580e+04  2.083479e-14
48  -9.663960e+04  3.253344e-14
49  -1.149569e+05  -1.539020e-14
50  -1.369454e+05  -3.256225e-15
51  -1.656095e+05  -4.399131e-14
52  -1.957102e+05  3.628543e-14
53  -2.389532e+05  3.030876e-14
54  -2.888525e+05  4.636103e-14
55  -3.559053e+05  -2.906762e-14
56  -4.267724e+05  -1.941860e-15
57  -5.108436e+05  -4.141173e-14
58  -6.031703e+05  1.619635e-14
59  -7.222803e+05  -2.230452e-13
60  -8.772657e+05  -8.438497e-14
61  -1.046917e+06  1.233588e-13
62  -1.266688e+06  2.840653e-14
63  -1.676381e+06  -1.378373e-14
ENDPROP
STARTPROP
MASSES:  4.200000e-03   4.200000e-03
SOURCE: WWPSAX4
SINKS: GAM_4
0  1.501334e+08  -2.235174e-08
1  1.532915e+09  -7.450581e-09
2  9.547720e+08  7.450581e-09
3  9.214881e+08  7.450581e-09
4  2.470036e+08  1.862645e-09
5  3.118597e+08  9.313226e-10
6  2.764719e+08  4.656613e-09
7  1.317217e+08  6.519258e-09
8  3.627818e+08  8.149073e-09
9  1.632281e+08  -2.328306e-09
10  8.922271e+07  -3.492460e-10
11  1.382692e+08  3.259629e-09
12  6.847619e+07  -2.328306e-09
13  1.055647e+08  9.313226e-10
14  1.505930e+08  -1.629815e-09
15  9.080505e+07  3.026798e-09
16  5.159307e+07  5.820766e-11
17  4.448210e+07  1.746230e-09
18  4.804586e+07  -6.402843e-10
19  2.314917e+07  2.910383e-10
20  2.379399e+07  2.910383e-10
21  2.095011e+07  3.274181e-11
22  2.714259e+07  3.929017e-10
23  2.994033e+07  -2.473826e-10
24  9.292764e+06  -1.200533e-10
25  1.373949e+07  -1.164153e-10
26  9.815378e+06  -2.037268e-10
27  9.946116e+06  0.000000e+00
28  6.441610e+06  4.365575e-11
29  1.839459e+06  1.455192e-10
30  -2.482007e+06  1.309672e-10
31  1.250604e+05  1.018634e-10
32  -2.397174e+06  2.910383e-10
33  -5.203104e+06  -1.309672e-10
34  -1.772245e+05  -1.782610e-10
35  -9.677367e+06  -1.200533e-10
36  -1.759830e+07  5.820766e-11
37  -6.514532e+06  1.746230e-10
38  -1.428233e+07  -1.600711e-10
39  -6.737947e+06  -1.164153e-10
40  -1.897198e+07  -3.492460e-10
41  -2.114436e+07  -2.328306e-10
42  -2.639237e+07  0.000000e+00
43  -2.546146e+07  0.000000e+00
44  -3.447223e+07  5.020411e-10
45  -4.227221e+07  -1.164153e-10
46  -6.945631e+07  8.149073e-10
47  -1.655466e+07  -1.076842e-09
48  -2.598469e+07  -9.313226e-10
49  -8.218874e+07  -1.047738e-09
50  -5.637889e+07  1.164153e-10
51  -1.159981e+08  -9.313226e-10
52  -7.204895e+07  -9.313226e-10
53  -1.742211e+08  3.725290e-09
54  -1.890648e+08  1.164153e-09
55  -3.031018e+08  -6.984919e-10
56  -3.835576e+08  -5.587935e-09
57  -3.531862e+08  -2.793968e-09
58  -3.076042e+08  -9.895302e-10
59  -4.586196e+08  -5.122274e-09
60  -6.331768e+08  1.490116e-08
61  -5.922703e+08  -3.725290e-09
62  -1.213353e+09  1.490116e-08
63  -2.047094e+09  -2.142042e-08
ENDPROP
STARTPROP
MASSES:  4.200000e-03   4.200000e-03
SOURCE: WWGAM_5
SINKS: GAM_5
0  1.581695e+10  0.000000e+00
1  4.362185e+09  0.000000e+00
2  3.106206e+09  0.000000e+00
3  3.076087e+09  0.000000e+00
4  2.165901e+09  0.000000e+00
5  1.693594e+09  0.000000e+00
6  1.401522e+09  0.000000e+00
7  1.248159e+09  0.000000e+00
8  1.226698e+09  0.000000e+00
9  8.022539e+08  0.000000e+00
10  7.141383e+08  0.000000e+00
11  6.005817e+08  0.000000e+00
12  4.338326e+08  0.000000e+00
13  4.397668e+08  0.000000e+00
14  3.533895e+08  0.000000e+00
15  2.942544e+08  0.000000e+00
16  2.646855e+08  0.000000e+00
17  2.337124e+08  0.000000e+00
18  1.766754e+08  0.000000e+00
19  1.432725e+08  0.000000e+00
20  1.037139e+08  0.000000e+00
21  9.288583e+07  0.000000e+00
22  8.207248e+07  0.000000e+00
23  8.640196e+07  0.000000e+00
24  5.845791e+07  0.000000e+00
25  5.534148e+07  0.000000e+00
26  4.387622e+07  0.000000e+00
27  4.458008e+07  0.000000e+00
28  3.335165e+07  0.000000e+00
29  2.430115e+07  0.000000e+00
30  2.831406e+07  0.000000e+00
31  2.761813e+07  0.000000e+00
32  2.402762e+07  0.000000e+00
33  2.637606e+07  0.000000e+00
34  3.114963e+07  0.000000e+00
35  3.705647e+07  0.000000e+00
36  4.274601e+07  0.000000e+00
37  3.813533e+07  0.000000e+00
38  4.755137e+07  0.000000e+00
39  4.902300e+07  0.000000e+00
40  6.298443e+07  0.000000e+00
41  7.847873e+07  0.000000e+00
42  9.715461e+07  0.000000e+00
43  8.992509e+07  0.000000e+00
44  1.357332e+08  0.000000e+00
45  1.602486e+08  0.000000e+00
46  2.056066e+08  0.000000e+00
47  1.827601e+08  0.000000e+00
48  2.663406e+08  0.000000e+00
49  3.375489e+08  0.000000e+00
50  3.065012e+08  0.000000e+00
51  4.158531e+08  0.000000e+00
52  4.829393e+08  0.000000e+00
53  5.679028e+08  0.000000e+00
54  6.840790e+08  0.000000e+00
55  1.012712e+09  0.000000e+00
56  1.228400e+09  0.000000e+00
57  1.308788e+09  0.000000e+00
58  1.202533e+09  0.000000e+00
59  1.751408e+09  0.000000e+00
60  1.994343e+09  0.000000e+00
61  2.587175e+09  0.000000e+00
62  3.936359e+09  0.000000e+00
63  4.803275e+09  0.000000e+00
ENDPROP
