STARTPROP
MASSES:  4.200000e-03   4.500000e-02
SOURCE: GAM_1
SINKS: GAM_1
0  1.248040e+06  2.586356e+04
1  1.947383e+06  3.000230e+04
2  8.905154e+05  1.856569e+04
3  4.631280e+05  -2.313730e+03
4  2.291635e+05  -9.914342e+03
5  1.146101e+05  -9.953897e+03
6  5.826801e+04  -7.861171e+03
7  3.382130e+04  -5.122364e+03
8  2.017011e+04  -3.530353e+03
9  1.210791e+04  -1.859665e+03
10  6.353956e+03  -6.367784e+02
11  2.992539e+03  -1.865464e+02
12  1.627711e+03  -7.421749e+01
13  1.241241e+03  -8.194903e+01
14  8.079397e+02  -2.278691e+02
15  5.705585e+02  -1.145240e+02
16  3.003990e+02  3.781654e+01
17  1.729750e+02  2.283701e+01
18  7.992119e+01  -1.234676e+02
19  2.414016e+01  -1.512702e+02
20  5.598257e+01  -1.264000e+02
21  8.481213e+01  -6.016857e+01
22  6.463924e+01  -2.876708e+01
23  2.847232e+01  -3.669049e+00
24  1.416116e+01  1.162404e+01
25  8.803286e+00  5.594445e+00
26  6.295602e+00  2.898729e+00
27  3.726903e+00  2.643048e+00
28  6.077424e-01  2.565536e+00
29  1.521362e-01  1.594782e+00
30  6.831442e-01  3.147466e-01
31  -2.200336e-02  -1.368973e+00
32  -7.693707e-01  -1.241846e+00
33  -6.068693e-01  2.424362e-01
34  -1.485272e+00  4.434173e-01
35  -2.064813e+00  7.055279e-01
36  8.783213e-01  7.543888e-01
37  6.894806e+00  -1.175863e+00
38  1.293773e+01  -5.346264e+00
39  2.298200e+01  -8.087746e+00
40  3.423591e+01  -5.869062e+00
41  5.129336e+01  -6.338148e+00
42  6.243489e+01  -1.744904e+01
43  6.204423e+01  -3.541008e+01
44  1.328108e+01  -3.251633e+01
45  -6.601678e+01  -4.195390e+01
46  -1.187857e+02  -1.605092e+01
47  -2.099171e+01  9.018902e+01
48  3.720095e+00  2.594789e+02
49  -1.361045e+02  3.925973e+02
50  -4.338583e+02  4.367351e+02
51  -7.113581e+02  7.148805e+02
52  -1.154335e+03  1.256594e+03
53  -4.187051e+02  1.779012e+03
54  1.608017e+03  2.222126e+03
55  6.042714e+03  3.569772e+03
56  1.369220e+04  5.055050e+03
57  3.173156e+04  7.074210e+03
58  6.501871e+04  1.011252e+04
59  1.343429e+05  1.365078e+04
60  2.622376e+05  1.675988e+04
61  4.977815e+05  1.598560e+04
62  9.292070e+05  1.742600e+04
63  1.976778e+06  2.760544e+04
ENDPROP
STARTPROP
MASSES:  4.200000e-03   4.500000e-02
SOURCE: GAM_2
SINKS: GAM_2
0  1.264692e+06  2.810840e+04
1  1.975214e+06  2.495030e+04
2  9.131734e+05  6.874027e+03
3  4.678122e+05  1.867400e+02
4  2.321877e+05  1.865731e+03
5  1.090299e+05  4.186671e+03
6  5.192674e+04  2.785817e+03
7  2.754805e+04  -2.751839e+02
8  1.678705e+04  -4.849418e+02
9  1.147211e+04  -1.417061e+03
10  6.048187e+03  -1.149287e+03
11  2.631053e+03  4.807254e+02
12  1.248982e+03  1.280909e+03
13  6.342031e+02  8.334871e+02
14  2.080023e+02  4.265506e+02
15  1.954645e+01  2.937062e+02
16  -1.443414e+01  7.972952e+01
17  -2.676225e+01  7.263093e+01
18  3.171522e+01  3.334692e+01
19  5.387862e+01  1.883944e+01
20  7.499909e+01  1.957692e+01
21  5.730754e+01  9.653781e+00
22  3.198436e+01  2.409524e+00
23  2.092808e+01  4.644616e+00
24  1.824216e+01  1.069350e+01
25  1.441023e+01  3.819446e+00
26  7.185783e+00  2.039775e+00
27  1.305737e+00  5.170411e+00
28  -5.849829e-02  5.295026e+00
29  -2.036765e-01  3.150202e+00
30  -1.791432e+00  8.098605e-01
31  -2.966150e+00  1.165037e-01
32  -1.864849e+00  1.223896e-01
33  -1.454834e+00  1.896290e-01
34  -4.477907e-01  1.203171e+00
35  4.132823e-01  3.162822e+00
36  2.244593e+00  3.906749e+00
37  3.604052e+00  2.986739e+00
38  3.096517e+00  -4.267685e-01
39  4.972191e+00  6.540264e-01
40  3.432213e+00  -3.700834e+00
41  -9.534112e-01  -2.041154e+01
42  3.359845e+00  -2.429639e+01
43  1.780076e+01  -3.697432e+01
44  3.602971e+01  2.630418e+00
45  7.239362e+01  5.421321e+01
46  1.954859e+02  8.390703e+01
47  2.899211e+02  -7.326075e+00
48  3.081643e+02  -1.497943e+02
49  2.610848e+02  -1.414945e+02
50  4.009728e+02  -2.501479e+02
51  9.951116e+02  -4.809535e+02
52  1.532342e+03  -2.228725e+02
53  2.873619e+03  3.360308e+02
54  4.925085e+03  1.694336e+03
55  7.884158e+03  3.062952e+03
56  1.628752e+04  4.477284e+03
57  3.408390e+04  4.307032e+03
58  7.047042e+04  2.478686e+03
59  1.324124e+05  2.198797e+03
60  2.530791e+05  3.392348e+03
61  4.929424e+05  1.605054e+04
62  9.312942e+05  3.529966e+04
63  1.993982e+06  4.774419e+04
ENDPROP
STARTPROP
MASSES:  4.200000e-03   4.500000e-02
SOURCE: GAM_3
SINKS: GAM_3
0  1.289609e+06  6.388530e+03
1  1.986412e+06  1.090691e+04
2  9.136359e+05  9.762369e+03
3  4.834575e+05  1.691670e+03
4  2.530228e+05  -1.840869e+03
5  1.284843e+05  -5.394038e+02
6  6.371600e+04  -2.861636e+03
7  3.160048e+04  -2.009602e+03
8  1.524076e+04  5.075393e+02
9  7.103053e+03  1.122101e+03
10  2.485213e+03  4.211542e+02
11  1.236840e+03  1.199231e+02
12  1.009088e+03  4.639749e+02
13  4.928807e+02  3.394249e+02
14  1.039204e+02  1.925694e+01
15  8.957474e+01  1.429818e+01
16  1.533829e+02  -6.353098e+01
17  1.423717e+02  -1.621340e+02
18  1.068479e+02  -1.807258e+02
19  6.715921e+01  -1.425087e+02
20  4.904750e+01  -8.154104e+01
21  3.289781e+01  -2.535693e+01
22  3.216820e+01  -7.890934e+00
23  1.829859e+01  -2.649901e+00
24  1.835311e+01  -2.726085e+00
25  1.845736e+01  1.961170e+00
26  1.434057e+01  4.433659e+00
27  1.154331e+01  2.108209e+00
28  7.529997e+00  -1.638022e-02
29  5.029703e+00  4.012651e-01
30  3.369492e+00  9.602912e-02
31  2.166828e+00  6.738903e-01
32  1.023904e+00  1.667529e+00
33  9.239233e-01  2.270076e+00
34  -3.575749e-01  2.178258e+00
35  -1.267827e-01  1.417640e+00
36  2.588360e+00  1.058454e-01
37  4.195467e+00  -1.352759e+00
38  7.969414e+00  -3.515490e+00
39  1.531502e+01  -4.055877e+00
40  2.357260e+01  -1.046974e-01
41  1.353925e+01  -3.391629e+00
42  1.389799e+00  -7.608166e+00
43  4.588749e+00  -1.490029e+01
44  4.251319e+01  -3.298953e+01
45  5.615752e+01  2.082935e+01
46  8.749492e-01  6.923945e+01
47  -6.597485e+01  -5.328512e+00
48  -1.455666e+02  -1.303170e+02
49  -2.790424e+02  -3.284665e+02
50  -2.759094e+02  -6.314310e+02
51  -3.177815e+02  -9.495690e+02
52  -1.227730e+02  -1.184891e+03
53  5.704137e+02  -1.378391e+03
54  1.439889e+03  -1.733758e+03
55  5.807602e+03  -1.036115e+03
56  1.521200e+04  4.463569e+02
57  3.136369e+04  1.646590e+03
58  6.716943e+04  2.898334e+03
59  1.316925e+05  4.543232e+02
60  2.470235e+05  -3.204508e+03
61  4.735272e+05  -5.530742e+02
62  9.128570e+05  -1.139515e+03
63  1.990158e+06  3.428407e+03
ENDPROP
STARTPROP
MASSES:  4.200000e-03   4.500000e-02
SOURCE: GAM_4
SINKS: GAM_4
0  2.147700e+06  -2.544171e+04
1  -2.879354e+05  -1.538923e+04
2  -2.570253e+03  -1.885980e+04
3  1.676658e+03  -1.505401e+04
4  -2.541339e+03  -1.014416e+04
5  -3.920707e+01  -7.366062e+03
6  -4.864504e+02  -4.194181e+03
7  -1.810303e+03  -1.343442e+03
8  -1.944370e+03  2.284630e+02
9  -1.849965e+03  1.142003e+03
10  -1.522148e+03  1.148549e+03
11  -1.255884e+03  8.410216e+02
12  -8.768244e+02  4.215462e+02
13  -5.278570e+02  2.761246e+02
14  -3.587294e+02  1.284076e+02
15  -2.337202e+02  5.513462e+01
16  -6.090404e+01  6.176431e+01
17  -3.890070e+01  -4.924572e+00
18  -2.423156e+01  -9.988902e-02
19  -2.696279e+00  4.458721e+00
20  -1.610612e+01  -1.115223e+01
21  -9.748126e+00  -4.251480e+00
22  -4.485470e-01  -5.624181e+00
23  -1.101192e+00  -7.661813e+00
24  3.471762e-01  -5.282376e+00
25  -1.291020e+00  -2.478381e+00
26  -1.255613e+00  -3.801213e-01
27  -2.434988e+00  3.977856e-02
28  -2.458015e-01  1.090652e+00
29  -9.810998e-01  1.409036e+00
30  3.803857e-01  1.007213e+00
31  1.293107e+00  7.552239e-01
32  2.169388e+00  6.169049e-01
33  2.678219e+00  1.338077e-01
34  4.025970e+00  -8.494284e-02
35  5.122022e+00  2.779317e-01
36  6.484422e+00  -5.989889e-01
37  6.720962e+00  -9.520727e-01
38  6.550966e+00  9.143932e-01
39  6.787673e+00  5.909549e-01
40  2.794083e+00  -1.086954e+00
41  -1.264801e+00  1.292081e+00
42  -3.225484e+00  -8.599291e-01
43  -6.000302e+00  4.607841e+00
44  -1.883129e+00  1.212710e+01
45  -1.630911e+01  3.139408e+01
46  -3.810226e+01  4.082186e+01
47  -3.385251e+01  5.814042e+01
48  -7.939520e+01  6.063297e+01
49  -5.334210e+01  1.497090e+02
50  -7.727567e+01  1.139992e+02
51  -9.300355e+01  1.366456e+02
52  -1.692572e+02  1.241131e+02
53  -2.231860e+02  3.785117e+02
54  -2.998524e+02  4.638124e+02
55  5.455789e+01  5.388043e+02
56  -4.855455e+02  -5.528547e+01
57  2.952236e+02  -7.647639e+02
58  -8.928870e+02  -1.567919e+03
59  1.621244e+03  -5.280245e+03
60  3.077960e+03  -7.665740e+03
61  6.354913e+01  -1.473839e+04
62  -1.416362e+03  -1.665265e+04
63  -2.873368e+05  -2.843776e+04
ENDPROP
STARTPROP
MASSES:  4.200000e-03   4.500000e-02
SOURCE: GAM_5
SINKS: GAM_5
0  7.398185e+06  -1.638786e+04
1  7.420439e+06  -4.635433e+04
2  5.215328e+06  -3.826992e+04
3  3.658456e+06  -2.603424e+04
4  2.519299e+06  -2.424705e+04
5  1.689740e+06  -3.128836e+04
6  1.151521e+06  -3.706107e+04
7  8.069358e+05  -3.353964e+04
8  5.642553e+05  -2.319409e+04
9  3.954077e+05  -1.294219e+04
10  2.729538e+05  -6.493802e+03
11  1.857660e+05  -2.927396e+03
12  1.246974e+05  -2.558312e+03
13  8.355281e+04  -2.257079e+03
14  5.767686e+04  -1.805376e+03
15  4.120608e+04  -1.445968e+03
16  2.865837e+04  -7.564962e+02
17  1.981431e+04  1.093018e+02
18  1.386399e+04  4.836446e+02
19  9.789834e+03  4.656629e+02
20  6.884961e+03  3.027262e+02
21  4.842517e+03  1.557408e+02
22  3.284602e+03  4.389875e+01
23  2.133150e+03  -2.196704e+01
24  1.443740e+03  -3.193994e+01
25  9.929133e+02  -3.156561e+01
26  6.744185e+02  -2.611750e+01
27  4.614179e+02  -2.416552e+01
28  3.202954e+02  -1.605776e+01
29  2.256643e+02  -9.145315e+00
30  1.717537e+02  -4.130269e+00
31  1.438555e+02  -3.455393e+00
32  1.384812e+02  -3.928218e+00
33  1.499317e+02  -3.642346e+00
34  1.774814e+02  -4.215783e+00
35  2.287563e+02  -8.356017e+00
36  3.211225e+02  -1.696040e+01
37  4.669195e+02  -1.823092e+01
38  6.979834e+02  -1.524764e+01
39  1.052006e+03  -3.142804e+01
40  1.597603e+03  -5.801667e+01
41  2.408914e+03  -1.068239e+02
42  3.533117e+03  -1.064627e+02
43  5.116476e+03  -5.563139e+01
44  7.276887e+03  -8.276080e+01
45  1.020379e+04  -1.128044e+01
46  1.439623e+04  1.677786e+02
47  2.059907e+04  3.933137e+02
48  2.943849e+04  6.677240e+02
49  4.160180e+04  8.981678e+02
50  5.995646e+04  7.189766e+02
51  8.724048e+04  1.239227e+03
52  1.280671e+05  3.297571e+03
53  1.889803e+05  7.139354e+03
54  2.746320e+05  1.185581e+04
55  3.884869e+05  1.679189e+04
56  5.568843e+05  2.369245e+04
57  8.108680e+05  2.725638e+04
58  1.172530e+06  2.970313e+04
59  1.681673e+06  4.258770e+04
60  2.414053e+06  5.037426e+04
61  3.478334e+06  5.033772e+04
62  4.902433e+06  3.637232e+04
63  7.127102e+06  2.260180e+04
ENDPROP
STARTPROP
MASSES:  4.200000e-03   4.500000e-02
SOURCE: GAM_12
SINKS: GAM_12
0  8.555816e+05  -5.103408e+03
1  -6.975735e+05  -1.974594e+04
2  -1.793778e+05  -1.967411e+04
3  -8.051224e+04  -1.540545e+04
4  -3.527813e+04  -1.410955e+04
5  -1.380509e+04  -8.761231e+03
6  -6.667179e+03  -4.153418e+03
7  -4.946360e+03  -1.438727e+03
8  -2.995807e+03  9.004946e+01
9  -2.535716e+03  1.148355e+03
10  -6.625897e+02  3.216118e+02
11  -7.277114e+01  4.575109e+02
12  1.146503e+02  -1.659099e+02
13  3.405265e+01  -2.416665e+02
14  1.318817e+02  -2.025479e+02
15  1.026022e+02  -4.902060e+01
16  2.042153e+02  -3.834042e+01
17  1.652519e+02  -1.698566e+01
18  1.018926e+02  -1.579656e+01
19  8.063975e+01  -2.104044e+01
20  5.093948e+01  -1.740913e+01
21  2.175755e+01  -1.242875e+01
22  5.084060e+00  7.754227e+00
23  1.040682e+00  4.929953e+00
24  2.930351e+00  1.423347e+00
25  2.744337e+00  -8.069313e-01
26  1.103355e-01  1.802796e+00
27  1.129385e-01  1.047065e-01
28  -5.148876e-01  6.345015e-01
29  -1.527657e+00  9.114654e-01
30  -6.429377e-01  6.027293e-01
31  2.750636e-02  -3.061068e-01
32  6.540142e-01  -2.560076e-01
33  -6.155882e-01  1.334594e-01
34  -8.957481e-02  9.986305e-02
35  4.104907e-01  -1.062007e-01
36  8.105549e-01  -2.313112e+00
37  -6.742880e-01  -3.960790e+00
38  -2.999218e+00  -6.332997e+00
39  -2.403498e+00  -9.898528e+00
40  -5.079360e+00  -1.001013e+01
41  -1.220520e+01  -1.076993e+01
42  -2.246075e+01  -1.156113e+01
43  -2.702941e+01  -2.924183e+01
44  -1.847076e+01  -1.950527e+01
45  7.664483e+00  -1.517011e+01
46  5.080677e+01  -1.859126e+01
47  9.429111e+01  -3.828930e+01
48  1.878809e+02  1.277658e+01
49  3.149057e+02  7.106313e+01
50  3.340705e+02  1.261633e+02
51  2.706297e+02  3.950140e+02
52  2.721975e+02  6.034986e+02
53  8.004604e+02  5.134304e+02
54  7.981227e+02  6.281127e+01
55  1.911184e+03  -8.601665e+02
56  3.588447e+02  -6.984333e+02
57  -1.599276e+03  -1.370761e+03
58  -4.321222e+03  -1.606491e+03
59  -1.069392e+04  -1.687829e+03
60  -2.364934e+04  -4.569072e+03
61  -6.604174e+04  -8.165278e+03
62  -1.626761e+05  -1.001840e+04
63  -6.889826e+05  -1.313280e+04
ENDPROP
STARTPROP
MASSES:  4.200000e-03   4.500000e-02
SOURCE: GAM_21
SINKS: GAM_21
0  8.555816e+05  -5.103408e+03
1  -6.975735e+05  -1.974594e+04
2  -1.793778e+05  -1.967411e+04
3  -8.051224e+04  -1.540545e+04
4  -3.527813e+04  -1.410955e+04
5  -1.380509e+04  -8.761231e+03
6  -6.667179e+03  -4.153418e+03
7  -4.946360e+03  -1.438727e+03
8  -2.995807e+03  9.004946e+01
9  -2.535716e+03  1.148355e+03
10  -6.625897e+02  3.216118e+02
11  -7.277114e+01  4.575109e+02
12  1.146503e+02  -1.659099e+02
13  3.405265e+01  -2.416665e+02
14  1.318817e+02  -2.025479e+02
15  1.026022e+02  -4.902060e+01
16  2.042153e+02  -3.834042e+01
17  1.652519e+02  -1.698566e+01
18  1.018926e+02  -1.579656e+01
19  8.063975e+01  -2.104044e+01
20  5.093948e+01  -1.740913e+01
21  2.175755e+01  -1.242875e+01
22  5.084060e+00  7.754227e+00
23  1.040682e+00  4.929953e+00
24  2.930351e+00  1.423347e+00
25  2.744337e+00  -8.069313e-01
26  1.103355e-01  1.802796e+00
27  1.129385e-01  1.047065e-01
28  -5.148876e-01  6.345015e-01
29  -1.527657e+00  9.114654e-01
30  -6.429377e-01  6.027293e-01
31  2.750636e-02  -3.061068e-01
32  6.540142e-01  -2.560076e-01
33  -6.155882e-01  1.334594e-01
34  -8.957481e-02  9.986305e-02
35  4.104907e-01  -1.062007e-01
36  8.105549e-01  -2.313112e+00
37  -6.742880e-01  -3.960790e+00
38  -2.999218e+00  -6.332997e+00
39  -2.403498e+00  -9.898528e+00
40  -5.079360e+00  -1.001013e+01
41  -1.220520e+01  -1.076993e+01
42  -2.246075e+01  -1.156113e+01
43  -2.702941e+01  -2.924183e+01
44  -1.847076e+01  -1.950527e+01
45  7.664483e+00  -1.517011e+01
46  5.080677e+01  -1.859126e+01
47  9.429111e+01  -3.828930e+01
48  1.878809e+02  1.277658e+01
49  3.149057e+02  7.106313e+01
50  3.340705e+02  1.261633e+02
51  2.706297e+02  3.950140e+02
52  2.721975e+02  6.034986e+02
53  8.004604e+02  5.134304e+02
54  7.981227e+02  6.281127e+01
55  1.911184e+03  -8.601665e+02
56  3.588447e+02  -6.984333e+02
57  -1.599276e+03  -1.370761e+03
58  -4.321222e+03  -1.606491e+03
59  -1.069392e+04  -1.687829e+03
60  -2.364934e+04  -4.569072e+03
61  -6.604174e+04  -8.165278e+03
62  -1.626761e+05  -1.001840e+04
63  -6.889826e+05  -1.313280e+04
ENDPROP
STARTPROP
MASSES:  4.200000e-03   4.500000e-02
SOURCE: GAM_13
SINKS: GAM_13
0  8.510855e+05  -5.614716e+03
1  -6.718229e+05  -1.149623e+04
2  -1.542708e+05  -2.103006e+04
3  -5.406224e+04  -1.713638e+04
4  -1.646519e+04  -7.377844e+03
5  -2.617009e+03  -3.122935e+03
6  1.187257e+03  -3.019466e+02
7  1.872472e+03  6.654326e+02
8  1.815949e+03  8.630022e+02
9  3.090851e+03  6.129964e+02
10  2.658998e+03  3.984257e+02
11  1.038420e+03  5.442277e+02
12  1.907672e+02  -1.062367e+02
13  1.159922e+02  -2.154010e+02
14  2.422424e+02  -1.233193e+02
15  2.291863e+02  -1.224758e+02
16  2.131872e+02  7.030032e+00
17  1.572548e+02  4.095523e+01
18  6.715874e+01  5.226748e+01
19  -9.454721e+00  3.008685e+01
20  -4.393716e+00  1.475008e+01
21  1.702798e+01  6.409942e+00
22  3.178689e+00  -7.078192e+00
23  -5.342433e-01  -1.130842e+01
24  -7.014189e+00  -6.989746e+00
25  -6.070672e+00  -4.079698e+00
26  -3.895192e+00  -1.524656e+00
27  -1.479117e+00  5.048745e-01
28  3.994166e-02  -9.451800e-01
29  1.057967e+00  -8.132120e-01
30  6.016779e-01  5.299597e-02
31  -4.511300e-01  1.240280e+00
32  -6.154182e-01  3.163038e-01
33  -6.819851e-01  -6.634757e-01
34  3.358237e-01  -1.391379e+00
35  -3.146269e-01  -1.889250e+00
36  -7.846830e-01  1.235998e+00
37  -5.977895e-01  2.895305e+00
38  -4.472896e+00  1.204281e+00
39  -8.408218e+00  4.997314e+00
40  -1.736402e+01  3.910054e+00
41  -2.061375e+01  9.633078e-01
42  -1.707556e+01  -7.827167e+00
43  -2.873619e+01  1.680509e+00
44  -3.393870e+01  7.075544e+00
45  -4.117708e+01  1.993367e+01
46  -3.130185e+01  -3.494965e+01
47  1.495663e+01  -4.128711e+01
48  -8.665593e-03  -9.196223e+01
49  -3.886694e+01  -1.751915e+02
50  -2.984094e+02  -1.527941e+02
51  -6.347244e+02  -3.537178e+02
52  -1.113684e+03  -4.039080e+02
53  -1.097985e+03  -5.078618e+02
54  -8.301636e+02  -2.941804e+02
55  -3.114224e+02  2.979408e+02
56  -4.914416e+02  -2.618054e+02
57  1.162853e+03  -6.109642e+01
58  4.764709e+01  3.664461e+01
59  -9.455875e+03  -3.852740e+03
60  -2.604984e+04  -7.901112e+03
61  -6.963191e+04  -6.300665e+03
62  -1.583192e+05  -7.176728e+03
63  -6.796219e+05  -8.921165e+03
ENDPROP
STARTPROP
MASSES:  4.200000e-03   4.500000e-02
SOURCE: GAM_31
SINKS: GAM_31
0  8.510855e+05  -5.614716e+03
1  -6.718229e+05  -1.149623e+04
2  -1.542708e+05  -2.103006e+04
3  -5.406224e+04  -1.713638e+04
4  -1.646519e+04  -7.377844e+03
5  -2.617009e+03  -3.122935e+03
6  1.187257e+03  -3.019466e+02
7  1.872472e+03  6.654326e+02
8  1.815949e+03  8.630022e+02
9  3.090851e+03  6.129964e+02
10  2.658998e+03  3.984257e+02
11  1.038420e+03  5.442277e+02
12  1.907672e+02  -1.062367e+02
13  1.159922e+02  -2.154010e+02
14  2.422424e+02  -1.233193e+02
15  2.291863e+02  -1.224758e+02
16  2.131872e+02  7.030032e+00
17  1.572548e+02  4.095523e+01
18  6.715874e+01  5.226748e+01
19  -9.454721e+00  3.008685e+01
20  -4.393716e+00  1.475008e+01
21  1.702798e+01  6.409942e+00
22  3.178689e+00  -7.078192e+00
23  -5.342433e-01  -1.130842e+01
24  -7.014189e+00  -6.989746e+00
25  -6.070672e+00  -4.079698e+00
26  -3.895192e+00  -1.524656e+00
27  -1.479117e+00  5.048745e-01
28  3.994166e-02  -9.451800e-01
29  1.057967e+00  -8.132120e-01
30  6.016779e-01  5.299597e-02
31  -4.511300e-01  1.240280e+00
32  -6.154182e-01  3.163038e-01
33  -6.819851e-01  -6.634757e-01
34  3.358237e-01  -1.391379e+00
35  -3.146269e-01  -1.889250e+00
36  -7.846830e-01  1.235998e+00
37  -5.977895e-01  2.895305e+00
38  -4.472896e+00  1.204281e+00
39  -8.408218e+00  4.997314e+00
40  -1.736402e+01  3.910054e+00
41  -2.061375e+01  9.633078e-01
42  -1.707556e+01  -7.827167e+00
43  -2.873619e+01  1.680509e+00
44  -3.393870e+01  7.075544e+00
45  -4.117708e+01  1.993367e+01
46  -3.130185e+01  -3.494965e+01
47  1.495663e+01  -4.128711e+01
48  -8.665593e-03  -9.196223e+01
49  -3.886694e+01  -1.751915e+02
50  -2.984094e+02  -1.527941e+02
51  -6.347244e+02  -3.537178e+02
52  -1.113684e+03  -4.039080e+02
53  -1.097985e+03  -5.078618e+02
54  -8.301636e+02  -2.941804e+02
55  -3.114224e+02  2.979408e+02
56  -4.914416e+02  -2.618054e+02
57  1.162853e+03  -6.109642e+01
58  4.764709e+01  3.664461e+01
59  -9.455875e+03  -3.852740e+03
60  -2.604984e+04  -7.901112e+03
61  -6.963191e+04  -6.300665e+03
62  -1.583192e+05  -7.176728e+03
63  -6.796219e+05  -8.921165e+03
ENDPROP
STARTPROP
MASSES:  4.200000e-03   4.500000e-02
SOURCE: GAM_14
SINKS: GAM_14
0  8.019892e+04  -2.522529e+03
1  1.374109e+06  6.501087e+02
2  5.744730e+05  -8.456686e+02
3  2.840219e+05  -1.957510e+03
4  1.438269e+05  -5.730313e+03
5  7.054408e+04  -9.858376e+03
6  3.442303e+04  -7.967961e+03
7  1.395224e+04  -4.130355e+03
8  8.328196e+03  -7.870941e+02
9  4.470212e+03  7.494991e+02
10  2.892719e+03  3.879222e+02
11  2.124705e+03  -6.325612e+01
12  1.015052e+03  -5.545085e+02
13  4.101359e+02  -3.307893e+02
14  1.947540e+02  -1.403847e+02
15  2.398312e+02  -1.626725e+02
16  1.486279e+02  -8.397633e+01
17  2.672039e+02  1.988203e+01
18  2.860985e+02  -2.999871e+00
19  1.437829e+02  -1.369263e+01
20  8.111646e+01  -2.916808e+00
21  6.224686e+01  -4.262002e+00
22  3.306233e+01  -1.752531e+01
23  1.558747e+01  -8.457388e+00
24  1.190466e+01  -4.757328e+00
25  -1.174495e+00  -3.175152e+00
26  2.459469e+00  1.718018e+00
27  3.785002e+00  3.563158e+00
28  2.115332e+00  2.967589e+00
29  1.427975e-01  1.235140e+00
30  -1.773345e+00  1.373677e+00
31  -2.185368e+00  8.538485e-01
32  -1.209952e+00  7.432994e-02
33  -3.400498e-01  9.568197e-01
34  -1.088157e-01  2.508444e+00
35  8.072673e-01  4.555625e+00
36  -6.650742e-01  3.218732e+00
37  -2.537117e-01  1.739079e+00
38  2.266562e+00  1.648523e+00
39  1.289585e+01  2.723810e+00
40  2.344182e+01  -2.012028e+00
41  4.488606e+01  -8.981399e+00
42  5.089012e+01  -1.731207e+01
43  2.510653e+01  -2.242286e+01
44  1.947260e+00  -5.098319e+01
45  -4.109154e+01  -1.132603e+02
46  -4.401702e+01  -9.644043e+01
47  -1.605123e+01  -4.660683e+01
48  2.952627e+01  6.492871e+01
49  3.095705e+01  1.991027e+02
50  -3.953957e+01  3.554797e+02
51  -1.222830e+02  5.295921e+02
52  -3.750813e+02  7.593627e+02
53  2.323011e+02  1.141171e+03
54  1.568572e+03  2.349119e+03
55  3.104802e+03  2.977478e+03
56  6.107646e+03  3.804470e+03
57  1.328846e+04  5.818275e+03
58  3.489987e+04  8.469950e+03
59  7.626103e+04  1.052642e+04
60  1.620889e+05  1.055567e+04
61  3.228304e+05  1.390770e+04
62  5.972000e+05  1.218280e+04
63  1.388872e+06  1.307560e+04
ENDPROP
STARTPROP
MASSES:  4.200000e-03   4.500000e-02
SOURCE: GAM_41
SINKS: GAM_41
0  8.019892e+04  -2.522529e+03
1  1.374109e+06  6.501087e+02
2  5.744730e+05  -8.456686e+02
3  2.840219e+05  -1.957510e+03
4  1.438269e+05  -5.730313e+03
5  7.054408e+04  -9.858376e+03
6  3.442303e+04  -7.967961e+03
7  1.395224e+04  -4.130355e+03
8  8.328196e+03  -7.870941e+02
9  4.470212e+03  7.494991e+02
10  2.892719e+03  3.879222e+02
11  2.124705e+03  -6.325612e+01
12  1.015052e+03  -5.545085e+02
13  4.101359e+02  -3.307893e+02
14  1.947540e+02  -1.403847e+02
15  2.398312e+02  -1.626725e+02
16  1.486279e+02  -8.397633e+01
17  2.672039e+02  1.988203e+01
18  2.860985e+02  -2.999871e+00
19  1.437829e+02  -1.369263e+01
20  8.111646e+01  -2.916808e+00
21  6.224686e+01  -4.262002e+00
22  3.306233e+01  -1.752531e+01
23  1.558747e+01  -8.457388e+00
24  1.190466e+01  -4.757328e+00
25  -1.174495e+00  -3.175152e+00
26  2.459469e+00  1.718018e+00
27  3.785002e+00  3.563158e+00
28  2.115332e+00  2.967589e+00
29  1.427975e-01  1.235140e+00
30  -1.773345e+00  1.373677e+00
31  -2.185368e+00  8.538485e-01
32  -1.209952e+00  7.432994e-02
33  -3.400498e-01  9.568197e-01
34  -1.088157e-01  2.508444e+00
35  8.072673e-01  4.555625e+00
36  -6.650742e-01  3.218732e+00
37  -2.537117e-01  1.739079e+00
38  2.266562e+00  1.648523e+00
39  1.289585e+01  2.723810e+00
40  2.344182e+01  -2.012028e+00
41  4.488606e+01  -8.981399e+00
42  5.089012e+01  -1.731207e+01
43  2.510653e+01  -2.242286e+01
44  1.947260e+00  -5.098319e+01
45  -4.109154e+01  -1.132603e+02
46  -4.401702e+01  -9.644043e+01
47  -1.605123e+01  -4.660683e+01
48  2.952627e+01  6.492871e+01
49  3.095705e+01  1.991027e+02
50  -3.953957e+01  3.554797e+02
51  -1.222830e+02  5.295921e+02
52  -3.750813e+02  7.593627e+02
53  2.323011e+02  1.141171e+03
54  1.568572e+03  2.349119e+03
55  3.104802e+03  2.977478e+03
56  6.107646e+03  3.804470e+03
57  1.328846e+04  5.818275e+03
58  3.489987e+04  8.469950e+03
59  7.626103e+04  1.052642e+04
60  1.620889e+05  1.055567e+04
61  3.228304e+05  1.390770e+04
62  5.972000e+05  1.218280e+04
63  1.388872e+06  1.307560e+04
ENDPROP
STARTPROP
MASSES:  4.200000e-03   4.500000e-02
SOURCE: GAM_23
SINKS: GAM_23
0  8.213598e+05  1.269910e+04
1  -6.933383e+05  7.249542e+03
2  -1.695060e+05  -4.676161e+02
3  -7.511059e+04  -4.623829e+03
4  -3.586357e+04  -1.003164e+04
5  -1.533362e+04  -9.190382e+03
6  -6.017458e+03  -5.357047e+03
7  6.094119e+01  -4.244911e+03
8  1.125011e+03  -2.626722e+03
9  9.545724e+02  -1.406831e+03
10  5.407912e+02  6.054413e+02
11  4.157440e+02  8.588434e+02
12  6.175789e+02  6.573590e+02
13  5.342761e+02  4.685916e+02
14  5.993538e+02  2.232548e+02
15  3.878168e+02  1.275911e+02
16  2.027271e+02  5.977790e+01
17  8.362327e+01  1.676710e+01
18  3.009975e+01  1.239317e+01
19  9.136153e+00  -2.627289e+00
20  -3.883874e+01  2.455187e+00
21  -4.862329e+01  1.167537e+01
22  -3.537652e+01  1.443396e+01
23  -2.238650e+01  1.474036e+01
24  -1.760547e+01  1.173074e+01
25  -1.371982e+01  1.222794e+01
26  -1.031579e+01  1.191939e+01
27  -6.463731e+00  6.148099e+00
28  -4.632758e+00  2.697638e+00
29  -1.079038e+00  3.044822e-01
30  8.918842e-02  -7.864522e-01
31  -1.734481e-01  -1.146212e+00
32  -1.574290e-01  -6.848347e-01
33  -5.773247e-01  -2.476629e-01
34  -9.018458e-01  -6.467654e-01
35  -1.363957e+00  -9.564318e-01
36  -2.349129e+00  5.809291e-01
37  -6.005997e+00  6.424751e-02
38  -6.067945e+00  -6.183136e-01
39  -3.754509e+00  -4.832283e+00
40  4.467798e-01  -1.216432e+01
41  -2.235567e+00  -1.688215e+01
42  9.948716e+00  -1.619678e+01
43  -3.176927e+00  -1.521605e+01
44  -1.759117e+01  -3.944290e+01
45  -6.740130e+01  -2.256737e+01
46  -1.014714e+02  -2.210457e+01
47  -2.093979e+02  -7.329700e+01
48  -2.301955e+02  -5.218761e+01
49  -1.238361e+02  3.629672e+01
50  -5.265672e+01  1.873057e+02
51  1.722419e+02  2.804858e+02
52  -1.314560e+02  1.665193e+02
53  -4.024051e+02  2.630251e+02
54  -8.246436e+02  1.506194e+02
55  -2.135210e+03  -4.987750e+02
56  -2.286968e+03  -1.511589e+03
57  -2.558908e+03  -2.521119e+03
58  -5.619893e+03  -4.245428e+03
59  -1.540333e+04  -8.088524e+03
60  -3.365838e+04  -7.800613e+03
61  -7.574031e+04  -5.452112e+03
62  -1.819936e+05  1.639424e+03
63  -7.071600e+05  6.195515e+03
ENDPROP
STARTPROP
MASSES:  4.200000e-03   4.500000e-02
SOURCE: GAM_32
SINKS: GAM_32
0  8.213598e+05  1.269910e+04
1  -6.933383e+05  7.249542e+03
2  -1.695060e+05  -4.676161e+02
3  -7.511059e+04  -4.623829e+03
4  -3.586357e+04  -1.003164e+04
5  -1.533362e+04  -9.190382e+03
6  -6.017458e+03  -5.357047e+03
7  6.094119e+01  -4.244911e+03
8  1.125011e+03  -2.626722e+03
9  9.545724e+02  -1.406831e+03
10  5.407912e+02  6.054413e+02
11  4.157440e+02  8.588434e+02
12  6.175789e+02  6.573590e+02
13  5.342761e+02  4.685916e+02
14  5.993538e+02  2.232548e+02
15  3.878168e+02  1.275911e+02
16  2.027271e+02  5.977790e+01
17  8.362327e+01  1.676710e+01
18  3.009975e+01  1.239317e+01
19  9.136153e+00  -2.627289e+00
20  -3.883874e+01  2.455187e+00
21  -4.862329e+01  1.167537e+01
22  -3.537652e+01  1.443396e+01
23  -2.238650e+01  1.474036e+01
24  -1.760547e+01  1.173074e+01
25  -1.371982e+01  1.222794e+01
26  -1.031579e+01  1.191939e+01
27  -6.463731e+00  6.148099e+00
28  -4.632758e+00  2.697638e+00
29  -1.079038e+00  3.044822e-01
30  8.918842e-02  -7.864522e-01
31  -1.734481e-01  -1.146212e+00
32  -1.574290e-01  -6.848347e-01
33  -5.773247e-01  -2.476629e-01
34  -9.018458e-01  -6.467654e-01
35  -1.363957e+00  -9.564318e-01
36  -2.349129e+00  5.809291e-01
37  -6.005997e+00  6.424751e-02
38  -6.067945e+00  -6.183136e-01
39  -3.754509e+00  -4.832283e+00
40  4.467798e-01  -1.216432e+01
41  -2.235567e+00  -1.688215e+01
42  9.948716e+00  -1.619678e+01
43  -3.176927e+00  -1.521605e+01
44  -1.759117e+01  -3.944290e+01
45  -6.740130e+01  -2.256737e+01
46  -1.014714e+02  -2.210457e+01
47  -2.093979e+02  -7.329700e+01
48  -2.301955e+02  -5.218761e+01
49  -1.238361e+02  3.629672e+01
50  -5.265672e+01  1.873057e+02
51  1.722419e+02  2.804858e+02
52  -1.314560e+02  1.665193e+02
53  -4.024051e+02  2.630251e+02
54  -8.246436e+02  1.506194e+02
55  -2.135210e+03  -4.987750e+02
56  -2.286968e+03  -1.511589e+03
57  -2.558908e+03  -2.521119e+03
58  -5.619893e+03  -4.245428e+03
59  -1.540333e+04  -8.088524e+03
60  -3.365838e+04  -7.800613e+03
61  -7.574031e+04  -5.452112e+03
62  -1.819936e+05  1.639424e+03
63  -7.071600e+05  6.195515e+03
ENDPROP
STARTPROP
MASSES:  4.200000e-03   4.500000e-02
SOURCE: GAM_24
SINKS: GAM_24
0  5.719791e+04  -6.461465e+03
1  1.348950e+06  -5.342200e+03
2  5.509559e+05  2.234741e+03
3  2.837764e+05  -6.764433e+03
4  1.325996e+05  -6.306326e+03
5  6.093584e+04  -2.620412e+03
6  3.086739e+04  -2.067459e+03
7  1.432546e+04  -1.398103e+03
8  8.128990e+03  -6.943451e+02
9  4.215956e+03  -6.299875e+02
10  1.912492e+03  1.836483e+02
11  1.020907e+02  -1.213539e+02
12  -4.627370e+02  -1.957781e+02
13  -2.560863e+02  2.097996e+02
14  -2.296484e+02  2.112408e+02
15  -7.447723e+01  2.534402e+02
16  -4.510218e+01  1.317411e+02
17  -9.139234e+00  1.113237e+02
18  1.225529e+01  8.143413e+01
19  2.280715e+01  5.980835e+01
20  2.671609e+01  2.789973e+01
21  4.627687e+01  1.000428e+01
22  4.001531e+01  8.662459e+00
23  2.641459e+01  1.750780e+01
24  1.447847e+01  1.442574e+01
25  7.470822e+00  6.731988e+00
26  9.022967e-01  4.620725e+00
27  -1.037808e+00  4.209347e+00
28  -1.922144e+00  4.940871e+00
29  -1.069988e+00  3.038956e+00
30  -8.977347e-01  8.271617e-01
31  -1.046129e+00  -1.552258e-01
32  -1.094730e+00  5.151461e-01
33  -6.394858e-01  9.538192e-01
34  -1.639801e+00  2.019825e+00
35  -1.211274e+00  2.503672e+00
36  -8.129875e-01  1.719706e+00
37  -1.617521e-01  -4.197605e-01
38  -1.593187e+00  -1.403550e+00
39  -4.833744e+00  -2.330931e+00
40  -9.059711e+00  -3.732894e+00
41  -1.506458e+01  -1.022528e+01
42  -2.728179e+01  -1.400941e+01
43  -2.693417e+01  -3.308268e+01
44  -3.514056e+01  -4.645290e+01
45  -2.662626e+01  -5.133775e+01
46  4.040220e+01  -2.002463e+01
47  1.538537e+02  -3.775590e+00
48  1.905250e+02  1.505723e+01
49  2.988802e+02  5.406253e+01
50  5.215519e+02  4.043422e+01
51  4.907778e+02  7.341221e+01
52  7.800914e+02  -1.644100e+02
53  1.934695e+03  -2.619627e+01
54  3.765961e+03  8.627267e+02
55  6.339530e+03  2.238414e+03
56  1.023269e+04  4.516736e+03
57  1.801809e+04  5.650430e+03
58  3.529731e+04  6.258842e+03
59  7.253128e+04  8.376872e+03
60  1.501082e+05  1.014110e+04
61  2.959098e+05  7.623531e+03
62  5.631393e+05  7.041804e+02
63  1.346111e+06  4.593088e+02
ENDPROP
STARTPROP
MASSES:  4.200000e-03   4.500000e-02
SOURCE: GAM_42
SINKS: GAM_42
0  5.719791e+04  -6.461465e+03
1  1.348950e+06  -5.342200e+03
2  5.509559e+05  2.234741e+03
3  2.837764e+05  -6.764433e+03
4  1.325996e+05  -6.306326e+03
5  6.093584e+04  -2.620412e+03
6  3.086739e+04  -2.067459e+03
7  1.432546e+04  -1.398103e+03
8  8.128990e+03  -6.943451e+02
9  4.215956e+03  -6.299875e+02
10  1.912492e+03  1.836483e+02
11  1.020907e+02  -1.213539e+02
12  -4.627370e+02  -1.957781e+02
13  -2.560863e+02  2.097996e+02
14  -2.296484e+02  2.112408e+02
15  -7.447723e+01  2.534402e+02
16  -4.510218e+01  1.317411e+02
17  -9.139234e+00  1.113237e+02
18  1.225529e+01  8.143413e+01
19  2.280715e+01  5.980835e+01
20  2.671609e+01  2.789973e+01
21  4.627687e+01  1.000428e+01
22  4.001531e+01  8.662459e+00
23  2.641459e+01  1.750780e+01
24  1.447847e+01  1.442574e+01
25  7.470822e+00  6.731988e+00
26  9.022967e-01  4.620725e+00
27  -1.037808e+00  4.209347e+00
28  -1.922144e+00  4.940871e+00
29  -1.069988e+00  3.038956e+00
30  -8.977347e-01  8.271617e-01
31  -1.046129e+00  -1.552258e-01
32  -1.094730e+00  5.151461e-01
33  -6.394858e-01  9.538192e-01
34  -1.639801e+00  2.019825e+00
35  -1.211274e+00  2.503672e+00
36  -8.129875e-01  1.719706e+00
37  -1.617521e-01  -4.197605e-01
38  -1.593187e+00  -1.403550e+00
39  -4.833744e+00  -2.330931e+00
40  -9.059711e+00  -3.732894e+00
41  -1.506458e+01  -1.022528e+01
42  -2.728179e+01  -1.400941e+01
43  -2.693417e+01  -3.308268e+01
44  -3.514056e+01  -4.645290e+01
45  -2.662626e+01  -5.133775e+01
46  4.040220e+01  -2.002463e+01
47  1.538537e+02  -3.775590e+00
48  1.905250e+02  1.505723e+01
49  2.988802e+02  5.406253e+01
50  5.215519e+02  4.043422e+01
51  4.907778e+02  7.341221e+01
52  7.800914e+02  -1.644100e+02
53  1.934695e+03  -2.619627e+01
54  3.765961e+03  8.627267e+02
55  6.339530e+03  2.238414e+03
56  1.023269e+04  4.516736e+03
57  1.801809e+04  5.650430e+03
58  3.529731e+04  6.258842e+03
59  7.253128e+04  8.376872e+03
60  1.501082e+05  1.014110e+04
61  2.959098e+05  7.623531e+03
62  5.631393e+05  7.041804e+02
63  1.346111e+06  4.593088e+02
ENDPROP
STARTPROP
MASSES:  4.200000e-03   4.500000e-02
SOURCE: GAM_34
SINKS: GAM_34
0  4.131875e+04  -1.459920e+03
1  1.359005e+06  5.351671e+03
2  5.592092e+05  1.980208e+03
3  2.831091e+05  -1.010294e+04
4  1.361760e+05  -8.975380e+03
5  6.245944e+04  -5.703908e+03
6  2.946610e+04  -5.905895e+03
7  1.550167e+04  -4.328429e+03
8  7.894651e+03  -2.225825e+03
9  3.383083e+03  -1.227086e+03
10  1.923874e+03  -9.164546e+02
11  1.407213e+03  3.527218e+01
12  9.193549e+02  1.702048e+02
13  5.644338e+02  1.960415e+02
14  3.661879e+02  2.615893e+02
15  1.743645e+02  2.654187e+02
16  1.812118e+02  3.480880e+01
17  9.315227e+01  -3.884412e+01
18  6.527095e+01  -9.957143e+01
19  7.419989e+01  -4.268880e+01
20  1.846431e+01  -1.196402e+01
21  -9.839701e+00  2.136154e+00
22  1.064581e+01  -3.638545e+00
23  2.406426e+01  2.318607e-01
24  2.677961e+01  1.633126e+00
25  1.645054e+01  1.977689e+00
26  1.398522e+01  3.616614e-03
27  6.892042e+00  3.611214e-01
28  7.983050e-01  -5.118350e-01
29  -5.047342e-01  1.225456e+00
30  -1.301486e+00  1.613376e+00
31  -1.775447e+00  1.076619e+00
32  -1.144710e+00  8.583070e-01
33  4.720876e-01  1.224822e+00
34  2.081203e+00  1.149173e+00
35  3.508205e+00  2.634414e-01
36  1.723459e+00  4.998701e-01
37  -7.431649e-01  7.544160e-01
38  -1.462018e+00  -2.481863e+00
39  -3.829407e+00  -4.528329e+00
40  -6.675621e-01  -1.402904e+00
41  -4.614883e+00  -5.490700e+00
42  -1.018757e+01  2.936971e-01
43  -1.306990e+01  -3.786298e+00
44  -2.445777e+01  -1.610323e+01
45  -4.723495e+01  -8.764480e+00
46  -7.440598e+00  -8.904444e+01
47  4.673904e+01  -2.092932e+02
48  -5.886865e+01  -2.948399e+02
49  -2.200558e+02  -4.474893e+02
50  -1.975694e+02  -5.502179e+02
51  -2.817749e+02  -3.856733e+02
52  -4.778952e+02  -2.242128e+02
53  -2.167382e+01  -3.916491e+02
54  5.203881e+02  -4.951020e+02
55  2.203527e+03  -9.338161e+00
56  5.088812e+03  1.548695e+03
57  1.055700e+04  4.753453e+03
58  2.744348e+04  7.584612e+03
59  6.663182e+04  8.086326e+03
60  1.395935e+05  7.301721e+03
61  2.918742e+05  8.408543e+03
62  5.562220e+05  1.009999e+04
63  1.362865e+06  1.103138e+04
ENDPROP
STARTPROP
MASSES:  4.200000e-03   4.500000e-02
SOURCE: GAM_43
SINKS: GAM_43
0  4.131875e+04  -1.459920e+03
1  1.359005e+06  5.351671e+03
2  5.592092e+05  1.980208e+03
3  2.831091e+05  -1.010294e+04
4  1.361760e+05  -8.975380e+03
5  6.245944e+04  -5.703908e+03
6  2.946610e+04  -5.905895e+03
7  1.550167e+04  -4.328429e+03
8  7.894651e+03  -2.225825e+03
9  3.383083e+03  -1.227086e+03
10  1.923874e+03  -9.164546e+02
11  1.407213e+03  3.527218e+01
12  9.193549e+02  1.702048e+02
13  5.644338e+02  1.960415e+02
14  3.661879e+02  2.615893e+02
15  1.743645e+02  2.654187e+02
16  1.812118e+02  3.480880e+01
17  9.315227e+01  -3.884412e+01
18  6.527095e+01  -9.957143e+01
19  7.419989e+01  -4.268880e+01
20  1.846431e+01  -1.196402e+01
21  -9.839701e+00  2.136154e+00
22  1.064581e+01  -3.638545e+00
23  2.406426e+01  2.318607e-01
24  2.677961e+01  1.633126e+00
25  1.645054e+01  1.977689e+00
26  1.398522e+01  3.616614e-03
27  6.892042e+00  3.611214e-01
28  7.983050e-01  -5.118350e-01
29  -5.047342e-01  1.225456e+00
30  -1.301486e+00  1.613376e+00
31  -1.775447e+00  1.076619e+00
32  -1.144710e+00  8.583070e-01
33  4.720876e-01  1.224822e+00
34  2.081203e+00  1.149173e+00
35  3.508205e+00  2.634414e-01
36  1.723459e+00  4.998701e-01
37  -7.431649e-01  7.544160e-01
38  -1.462018e+00  -2.481863e+00
39  -3.829407e+00  -4.528329e+00
40  -6.675621e-01  -1.402904e+00
41  -4.614883e+00  -5.490700e+00
42  -1.018757e+01  2.936971e-01
43  -1.306990e+01  -3.786298e+00
44  -2.445777e+01  -1.610323e+01
45  -4.723495e+01  -8.764480e+00
46  -7.440598e+00  -8.904444e+01
47  4.673904e+01  -2.092932e+02
48  -5.886865e+01  -2.948399e+02
49  -2.200558e+02  -4.474893e+02
50  -1.975694e+02  -5.502179e+02
51  -2.817749e+02  -3.856733e+02
52  -4.778952e+02  -2.242128e+02
53  -2.167382e+01  -3.916491e+02
54  5.203881e+02  -4.951020e+02
55  2.203527e+03  -9.338161e+00
56  5.088812e+03  1.548695e+03
57  1.055700e+04  4.753453e+03
58  2.744348e+04  7.584612e+03
59  6.663182e+04  8.086326e+03
60  1.395935e+05  7.301721e+03
61  2.918742e+05  8.408543e+03
62  5.562220e+05  1.009999e+04
63  1.362865e+06  1.103138e+04
ENDPROP
STARTPROP
MASSES:  4.200000e-03   4.500000e-02
SOURCE: GAM_15
SINKS: GAM_15
0  5.289066e+03  -2.391143e+04
1  -9.911545e+05  -3.077428e+04
2  -3.037283e+05  -3.149563e+04
3  -1.370685e+05  -2.276167e+04
4  -5.729194e+04  -1.054545e+04
5  -2.291541e+04  -5.056722e+03
6  -7.590951e+03  -4.633603e+03
7  -3.366166e+03  -3.544940e+03
8  -3.355622e+03  -1.846903e+03
9  -1.418141e+03  -4.800981e+02
10  3.369870e+02  5.541048e-01
11  6.743379e+02  -1.614462e+02
12  6.832687e+02  9.979097e+01
13  2.998772e+02  4.595728e+01
14  -6.015195e+01  -8.663466e+01
15  1.082055e+02  -1.279974e+02
16  8.988720e+01  -1.789305e+02
17  1.093394e+02  -1.614936e+02
18  1.056481e+02  -1.330102e+02
19  1.330788e+02  -9.968905e+01
20  9.810989e+01  -5.134668e+01
21  4.692230e+01  -1.190931e+01
22  7.397498e+00  1.248331e+01
23  5.590958e+00  4.903336e+00
24  2.888341e+00  1.776859e+00
25  2.236661e+00  6.478654e+00
26  -4.275425e+00  1.296301e+01
27  -4.349317e+00  1.271959e+01
28  -5.983075e+00  9.402820e+00
29  -5.647733e+00  4.594748e+00
30  -4.436221e+00  2.197612e+00
31  -3.601472e+00  6.386395e-01
32  -1.474455e+00  -6.058817e-01
33  4.301014e-01  -1.984796e+00
34  1.407427e+00  -2.926914e+00
35  1.810570e+00  -4.060896e+00
36  6.544461e-01  -5.274122e+00
37  2.114072e+00  -6.571167e+00
38  7.469984e+00  -6.587519e+00
39  1.918148e+01  -1.149833e+01
40  1.955416e+01  -1.443543e+01
41  7.959308e-01  -1.916634e+01
42  -8.273836e+00  -3.784940e+01
43  -1.548999e+01  -5.429271e+01
44  -5.388494e+00  -5.218263e+01
45  -5.069924e+01  -8.699817e-01
46  -8.906536e+01  1.080857e+00
47  -1.182553e+02  6.221443e+01
48  -2.732005e+01  1.308358e+02
49  1.260218e+02  3.018988e+02
50  4.686795e+02  2.542977e+02
51  6.937901e+02  -1.179745e+02
52  7.806088e+02  -3.356216e+02
53  9.884440e+02  -2.726241e+02
54  1.781560e+03  -3.225831e+02
55  2.792220e+03  -6.614490e+02
56  2.421442e+03  1.637594e+02
57  2.879069e+03  -1.581909e+03
58  6.601089e+02  -6.636789e+03
59  -1.318823e+04  -1.049739e+04
60  -5.106607e+04  -1.241547e+04
61  -1.281747e+05  -1.712356e+04
62  -3.205332e+05  -2.351618e+04
63  -1.007276e+06  -2.855106e+04
ENDPROP
STARTPROP
MASSES:  4.200000e-03   4.500000e-02
SOURCE: GAM_25
SINKS: GAM_25
0  -1.383764e+04  1.454665e+04
1  -9.829566e+05  6.333913e+03
2  -2.840335e+05  -3.699563e+03
3  -1.136573e+05  -5.682083e+03
4  -5.003310e+04  -1.923467e+03
5  -2.389069e+04  -4.826585e+02
6  -1.034888e+04  -9.974067e+02
7  -5.558828e+03  -2.871354e+03
8  -3.561263e+03  -2.126578e+03
9  -5.734877e+02  -1.490272e+03
10  7.012662e+02  -5.146155e+02
11  1.315820e+03  7.616950e+01
12  1.842194e+03  4.647112e+01
13  1.281378e+03  -4.699167e+01
14  3.732520e+02  -4.687275e+01
15  -1.984357e+01  -2.133522e+02
16  -8.187833e+01  -2.712145e+02
17  -3.915645e+00  -2.571869e+02
18  6.226167e+01  -1.685244e+02
19  3.954617e+01  -1.060597e+02
20  2.663470e+00  -5.845559e+01
21  -9.431837e+00  -4.153176e+01
22  -1.076459e+00  -1.798476e+01
23  1.603590e+01  -4.200253e+00
24  1.293215e+01  -4.286991e+00
25  5.674440e+00  -5.185537e+00
26  9.652069e-01  -5.878885e+00
27  -2.772270e+00  -5.270924e+00
28  -1.285837e+00  -2.118541e+00
29  -9.979029e-01  -7.342897e-01
30  -6.702529e-01  -1.136136e+00
31  -1.216622e-02  -1.682137e+00
32  -5.615778e-01  -2.141256e+00
33  -1.083401e+00  -2.924035e+00
34  -9.621389e-01  -3.427327e+00
35  -1.677657e+00  -3.651549e+00
36  -1.199956e+00  -4.117658e+00
37  -8.896540e-01  -1.975518e+00
38  -2.327280e+00  -4.114543e-01
39  -8.550960e+00  -1.632629e+00
40  -6.065058e-01  -1.000214e+00
41  4.533633e+00  -2.644798e+00
42  2.109115e+00  -8.163901e+00
43  -9.434734e+00  -2.397874e+01
44  -3.804535e-01  -5.161642e+01
45  4.398246e+01  -4.511479e+01
46  5.746245e+01  -3.308192e+01
47  4.884421e+01  -2.829152e+01
48  9.556243e+01  -7.308297e+01
49  2.220562e+02  -2.064940e+02
50  4.262384e+02  -1.242180e+02
51  5.009578e+02  2.539542e+02
52  6.824589e+02  6.207043e+02
53  1.026796e+03  9.849260e+02
54  1.257550e+03  1.377862e+03
55  9.678704e+02  1.095926e+03
56  -1.921103e+03  -1.193925e+03
57  -5.771962e+03  -4.450527e+03
58  -1.426434e+04  -6.906285e+03
59  -3.316059e+04  -7.432680e+03
60  -6.815858e+04  -3.828057e+03
61  -1.365453e+05  -2.175257e+03
62  -3.198289e+05  2.219735e+02
63  -1.026033e+06  1.651033e+03
ENDPROP
STARTPROP
MASSES:  4.200000e-03   4.500000e-02
SOURCE: GAM_35
SINKS: GAM_35
0  -1.745680e+04  -2.166242e+04
1  -9.810879e+05  -2.938065e+04
2  -2.778759e+05  -3.844492e+04
3  -1.013771e+05  -2.779414e+04
4  -3.090293e+04  -1.182291e+04
5  -1.068865e+04  -2.686554e+02
6  -3.081053e+02  5.988981e+03
7  8.870217e+02  2.722929e+03
8  -1.719814e+03  -2.419759e+02
9  -5.339077e+02  -9.602252e+02
10  1.592566e+02  -1.257254e+03
11  9.059283e+02  -4.907784e+02
12  6.878898e+02  1.980019e+02
13  4.246741e+02  2.656010e+02
14  1.850838e+02  1.051371e+02
15  -7.431386e+01  -8.380788e+01
16  -1.161707e+02  -9.069678e+01
17  -2.418469e+01  -1.363568e+02
18  3.080982e+01  -1.118239e+02
19  6.107837e+01  -7.842074e+01
20  4.190273e+01  -4.138030e+01
21  3.293871e+01  -6.638941e+00
22  9.823289e+00  8.041145e+00
23  -7.650588e+00  8.378744e+00
24  -1.153639e+01  5.116915e+00
25  -1.036035e+01  -7.016981e-01
26  -8.518170e+00  9.811221e-01
27  -6.589493e+00  -9.300360e-01
28  -3.883795e+00  -1.260799e+00
29  -1.476069e+00  -1.896716e+00
30  -5.718779e-01  -2.085234e+00
31  -4.680915e-01  -2.214525e+00
32  -3.057454e-01  -1.558975e+00
33  7.972838e-01  7.922042e-02
34  2.377692e+00  1.000503e+00
35  2.120272e+00  7.955659e-01
36  -5.863802e-01  -8.767473e-01
37  -3.615225e+00  -3.914561e+00
38  -7.123738e+00  -9.833216e+00
39  -9.535119e+00  -1.388506e+01
40  -1.281601e+01  -1.842167e+01
41  -1.176522e+01  -3.330511e+01
42  -4.324649e+00  -5.423676e+01
43  -1.611961e+01  -6.631306e+01
44  -7.722057e+01  -7.083360e+01
45  -1.359431e+02  -7.364246e+01
46  -2.081434e+02  -7.372009e+01
47  -3.316814e+02  -1.606973e+02
48  -4.117950e+02  -2.628854e+02
49  -3.805754e+02  -2.560999e+02
50  -2.896747e+02  -4.343541e+02
51  8.099257e+01  -4.903932e+02
52  1.011687e+03  -3.597406e+02
53  1.195077e+03  5.372810e+01
54  1.939643e+03  6.524097e+02
55  3.566530e+03  1.940692e+03
56  4.447467e+03  4.281976e+03
57  3.225339e+03  5.551447e+03
58  8.831023e+01  4.485042e+03
59  -6.044364e+03  5.627934e+03
60  -3.999825e+04  6.714656e+03
61  -1.179976e+05  7.988592e+03
62  -3.045555e+05  5.220373e+03
63  -1.008602e+06  -1.179908e+04
ENDPROP
STARTPROP
MASSES:  4.200000e-03   4.500000e-02
SOURCE: GAM_45
SINKS: GAM_45
0  -1.254092e+06  2.125498e+03
1  9.968889e+05  -4.290675e+03
2  5.029675e+05  5.548487e+03
3  3.568103e+05  1.101496e+03
4  2.417758e+05  2.549865e+02
5  1.647617e+05  9.229979e+01
6  1.133898e+05  -2.925561e+01
7  8.011684e+04  3.354310e+02
8  5.519336e+04  3.033306e+01
9  3.840491e+04  7.440069e+02
10  2.636674e+04  4.584236e+02
11  1.848411e+04  3.031756e+02
12  1.258277e+04  -6.058987e+01
13  8.863141e+03  7.727925e+00
14  6.276453e+03  4.728800e+01
15  4.534099e+03  9.684440e+01
16  3.114413e+03  1.262545e+02
17  2.173273e+03  9.783774e+01
18  1.541688e+03  8.554741e+01
19  1.078150e+03  3.373321e+01
20  7.099884e+02  1.037391e+01
21  4.854028e+02  -7.036873e+00
22  3.108267e+02  -1.476345e+01
23  2.124735e+02  -1.034567e+01
24  1.458084e+02  -8.605983e+00
25  9.967582e+01  -8.382299e+00
26  6.882171e+01  -6.480104e+00
27  4.669238e+01  -5.047424e+00
28  3.198174e+01  -4.776777e+00
29  2.279303e+01  -4.283036e+00
30  1.794694e+01  -2.990395e+00
31  1.378902e+01  -2.402775e+00
32  1.265357e+01  -1.686655e+00
33  1.343750e+01  -1.892591e+00
34  1.576618e+01  -7.493889e-01
35  2.039309e+01  -1.876216e+00
36  2.755670e+01  -2.011087e+00
37  3.970622e+01  -4.772189e+00
38  6.057902e+01  -8.213274e+00
39  9.022664e+01  -1.415846e+01
40  1.394848e+02  -2.042804e+01
41  2.162986e+02  -3.860667e+01
42  3.332746e+02  -5.276913e+01
43  4.866754e+02  -7.598020e+01
44  7.317159e+02  -1.006167e+02
45  1.086208e+03  -1.359668e+02
46  1.545097e+03  -1.292554e+02
47  2.219380e+03  -1.995435e+02
48  3.105069e+03  -2.308243e+02
49  4.421199e+03  -2.088301e+02
50  6.312185e+03  -3.332713e+02
51  9.242961e+03  -4.173198e+02
52  1.311787e+04  -4.524188e+02
53  1.901166e+04  -5.259701e+02
54  2.848857e+04  -4.373493e+02
55  3.992338e+04  4.263957e+02
56  5.780881e+04  1.663700e+03
57  8.392977e+04  2.931016e+03
58  1.237429e+05  4.506725e+03
59  1.766844e+05  7.951775e+03
60  2.546532e+05  6.123809e+03
61  3.627535e+05  1.098335e+04
62  5.120385e+05  8.371837e+03
63  1.003295e+06  1.181596e+04
ENDPROP
STARTPROP
MASSES:  4.200000e-03   4.500000e-02
SOURCE: PSAX4
SINKS: GAM_4
0  3.746875e+04  -2.198471e+04
1  1.737072e+06  -1.992170e+04
2  1.074654e+06  -1.376586e+04
3  7.410039e+05  -1.426106e+04
4  5.006550e+05  -1.248431e+04
5  3.413158e+05  -1.017826e+04
6  2.358485e+05  -7.291807e+03
7  1.658338e+05  -5.115483e+03
8  1.142515e+05  -3.169826e+03
9  7.877703e+04  -1.267568e+03
10  5.378352e+04  -8.703869e+02
11  3.732464e+04  -4.619208e+02
12  2.535014e+04  -3.217253e+02
13  1.752239e+04  -1.530130e+02
14  1.220850e+04  -1.100833e+02
15  8.672498e+03  7.769803e+01
16  6.011690e+03  1.169954e+02
17  4.177574e+03  1.138466e+02
18  2.943869e+03  9.889755e+01
19  2.041739e+03  4.050295e+01
20  1.371657e+03  1.353261e+01
21  9.458158e+02  -9.162986e+00
22  6.188317e+02  -2.047697e+01
23  4.221814e+02  -1.619307e+01
24  2.859993e+02  -1.080030e+01
25  1.933404e+02  -8.650316e+00
26  1.331591e+02  -7.189397e+00
27  8.912552e+01  -4.944602e+00
28  5.858806e+01  -3.487567e+00
29  3.854821e+01  -2.524069e+00
30  2.387114e+01  -1.390433e+00
31  1.148382e+01  -9.939487e-01
32  1.665640e+00  -4.177176e-01
33  -8.884536e+00  -2.022183e-01
34  -2.179418e+01  -7.639661e-01
35  -3.698431e+01  1.020349e+00
36  -5.823308e+01  1.758731e+00
37  -8.748451e+01  3.130769e+00
38  -1.329318e+02  4.020797e+00
39  -1.959959e+02  6.398270e+00
40  -2.973364e+02  2.794816e+00
41  -4.447794e+02  1.481376e+01
42  -6.698328e+02  2.124374e+01
43  -9.771304e+02  2.933018e+01
44  -1.454295e+03  3.994307e+01
45  -2.108555e+03  2.952040e+01
46  -3.032672e+03  3.726754e+00
47  -4.334936e+03  1.425618e+01
48  -6.207872e+03  -2.823251e+01
49  -8.908441e+03  -1.317508e+02
50  -1.271036e+04  -2.163806e+02
51  -1.830256e+04  -2.165986e+02
52  -2.592102e+04  -4.633608e+02
53  -3.769505e+04  -7.642936e+02
54  -5.564772e+04  -1.295484e+03
55  -7.944978e+04  -2.696822e+03
56  -1.154883e+05  -4.531355e+03
57  -1.658882e+05  -6.626431e+03
58  -2.434450e+05  -7.378439e+03
59  -3.484650e+05  -1.241367e+04
60  -5.040097e+05  -1.413796e+04
61  -7.274915e+05  -2.141517e+04
62  -1.042459e+06  -1.909411e+04
63  -1.688205e+06  -2.082416e+04
ENDPROP
STARTPROP
MASSES:  4.200000e-03   4.500000e-02
SOURCE: WWPSAX4
SINKS: GAM_4
0  -1.386064e+08  -1.908569e+08
1  1.397455e+09  -1.149534e+07
2  5.862462e+08  3.673719e+07
3  3.944394e+08  5.210558e+07
4  2.925763e+08  -3.001419e+06
5  2.523806e+08  6.183343e+06
6  1.550548e+08  2.336408e+07
7  8.448590e+07  -3.733304e+06
8  8.730531e+07  -1.582674e+07
9  5.008569e+07  3.437345e+06
10  2.050121e+07  -7.853876e+06
11  1.836924e+07  4.486609e+06
12  9.059427e+06  -4.277420e+06
13  5.400840e+06  6.121098e+05
14  7.092675e+06  1.384439e+06
15  5.603576e+06  -1.876675e+06
16  1.869804e+06  1.631383e+06
17  1.685050e+06  1.610926e+05
18  2.131455e+06  -3.056062e+05
19  2.030961e+06  6.257801e+05
20  7.187646e+05  -1.826269e+05
21  3.947769e+05  -8.136443e+04
22  4.322997e+04  -1.055065e+05
23  3.163654e+05  -1.140171e+05
24  2.236440e+05  4.923933e+04
25  6.065389e+04  -1.107458e+04
26  2.958565e+04  -4.410310e+04
27  8.754328e+04  -2.785983e+04
28  3.243341e+04  -5.155000e+04
29  3.186348e+03  -1.897952e+04
30  2.530977e+04  8.566700e+03
31  9.506413e+03  -5.934630e+03
32  1.621132e+03  5.383380e+03
33  -7.086717e+03  8.692790e+03
34  -2.268651e+04  -6.190749e+03
35  -1.370281e+04  -1.203105e+04
36  -1.926838e+04  6.590655e+03
37  -6.535869e+04  -1.545186e+04
38  -9.187969e+04  -2.211403e+04
39  -1.921737e+05  -8.866278e+03
40  -1.065266e+05  1.551055e+04
41  -1.319450e+05  5.418937e+04
42  -1.726144e+05  1.275572e+05
43  -5.465155e+05  1.260786e+05
44  -5.724500e+05  -4.692618e+04
45  -9.195432e+05  -2.150128e+04
46  -1.717767e+06  -1.517410e+05
47  -2.723202e+06  4.042562e+05
48  -1.982131e+06  -1.111516e+06
49  -3.298508e+06  -3.953898e+05
50  -4.121176e+06  -5.263212e+05
51  -2.270159e+06  -2.459397e+06
52  -1.983193e+07  -4.823569e+05
53  -2.651558e+07  6.897108e+06
54  -4.792026e+07  5.011726e+06
55  -5.531329e+07  3.435729e+06
56  -5.057636e+07  -5.325536e+06
57  -9.119542e+07  -1.750156e+07
58  -1.524163e+08  -2.728288e+07
59  -2.709189e+08  -5.091173e+07
60  -2.819890e+08  -4.818758e+07
61  -2.926753e+08  -5.118494e+07
62  -7.468473e+08  -6.309378e+07
63  -1.451095e+09  9.944638e+07
ENDPROP
STARTPROP
MASSES:  4.200000e-03   4.500000e-02
SOURCE: WWGAM_5
SINKS: GAM_5
0  1.854505e+10  9.163527e+01
1  2.586386e+09  3.721432e+07
2  1.315321e+09  8.687823e+07
3  9.257347e+08  8.641923e+06
4  6.296579e+08  3.667462e+07
5  4.198951e+08  -1.220160e+07
6  2.592226e+08  2.285274e+06
7  2.044456e+08  -1.673792e+07
8  1.555988e+08  -1.435724e+07
9  1.056947e+08  -5.293785e+06
10  5.896285e+07  2.328098e+06
11  3.941205e+07  8.942494e+05
12  2.362085e+07  -3.566453e+06
13  1.421539e+07  3.671100e+05
14  1.432908e+07  3.026221e+05
15  1.225975e+07  -1.131295e+06
16  6.206996e+06  1.023721e+06
17  4.378913e+06  -1.408414e+05
18  4.360431e+06  3.713500e+05
19  3.002704e+06  7.291150e+05
20  1.800834e+06  -1.878815e+04
21  1.102828e+06  -2.580006e+03
22  4.884933e+05  7.376790e+03
23  5.168349e+05  -1.972300e+05
24  4.441516e+05  2.584340e+04
25  1.899786e+05  4.711862e+04
26  1.340492e+05  -3.532185e+04
27  1.575191e+05  -4.323865e+04
28  5.729606e+04  -3.443304e+04
29  4.016687e+04  -9.453860e+03
30  3.996610e+04  8.765036e+03
31  3.940847e+04  7.645353e+03
32  3.052927e+04  1.728260e+03
33  4.149233e+04  -8.923234e+03
34  5.158351e+04  1.419372e+04
35  5.100256e+04  7.980330e+03
36  7.311513e+04  -2.865616e+03
37  1.534961e+05  -1.646021e+04
38  1.697553e+05  1.939673e+03
39  3.336938e+05  5.989861e+01
40  3.103992e+05  3.895229e+04
41  4.797736e+05  -4.706071e+03
42  7.117002e+05  -1.646564e+05
43  1.224962e+06  -9.272477e+04
44  1.598742e+06  1.060953e+04
45  1.990584e+06  -1.487550e+05
46  3.159063e+06  3.061283e+04
47  6.125389e+06  2.560813e+05
48  4.471386e+06  1.621963e+06
49  8.466655e+06  -3.364667e+05
50  1.371126e+07  1.276336e+05
51  1.530840e+07  1.282959e+06
52  3.115675e+07  -2.571280e+06
53  4.862642e+07  -3.496698e+06
54  6.977944e+07  -1.491778e+06
55  8.471447e+07  3.758785e+06
56  1.180404e+08  1.732985e+07
57  2.083024e+08  1.769148e+07
58  2.986893e+08  2.784161e+06
59  4.191796e+08  6.861439e+07
60  5.799276e+08  5.288137e+07
61  8.245752e+08  5.837532e+07
62  1.425228e+09  -3.397874e+07
63  2.494589e+09  -6.709312e+07
ENDPROP
