STARTPROP
MASSES:  4.500000e-02   4.500000e-02
SOURCE: GAM_1
SINKS: GAM_1
0  1.312230e+06  -1.424804e+02
1  1.885627e+06  -1.544316e+02
2  8.224689e+05  -3.230049e+02
3  4.091216e+05  -1.848630e+02
4  1.950394e+05  1.857991e+01
5  9.037843e+04  6.193987e+00
6  4.273230e+04  6.256634e+00
7  2.006399e+04  -2.508689e+01
8  8.955224e+03  -2.219778e+01
9  4.011499e+03  -2.479648e+01
10  1.972486e+03  -2.662091e+01
11  9.014572e+02  -2.123746e+01
12  3.235293e+02  -1.625850e+01
13  1.553669e+02  -7.623018e+00
14  8.156954e+01  -2.843667e+00
15  4.718400e+01  -9.531066e-01
16  2.630762e+01  -1.439806e-01
17  1.440547e+01  2.475621e-01
18  9.015435e+00  2.738686e-01
19  5.219561e+00  1.544311e-01
20  3.050528e+00  1.008162e-01
21  1.298044e+00  8.777996e-02
22  3.299909e-01  2.208883e-02
23  1.639466e-01  -7.375938e-04
24  6.486580e-02  -8.999183e-03
25  3.571510e-02  -5.917529e-03
26  3.924484e-02  -1.403620e-03
27  7.891824e-02  2.474577e-03
28  8.585041e-02  -6.223218e-04
29  6.008486e-02  -1.480761e-03
30  3.560919e-02  -1.053121e-03
31  1.177618e-02  -8.237420e-04
32  -5.936068e-03  -7.406214e-04
33  1.765848e-03  -1.455257e-03
34  8.591897e-03  -2.372155e-03
35  -6.039184e-04  -3.228670e-03
36  8.909517e-03  -2.509113e-03
37  2.818204e-02  -3.357028e-03
38  4.683328e-02  -8.212394e-03
39  1.505967e-01  -2.488907e-02
40  1.649530e-01  -5.378263e-02
41  -9.491574e-02  -5.994184e-02
42  -6.978357e-01  -3.200375e-02
43  -1.601263e+00  -9.699985e-02
44  -3.592375e+00  -2.674375e-01
45  -5.775302e+00  -3.454610e-01
46  -6.724718e+00  -4.085021e-01
47  -1.504555e+01  -6.117661e-01
48  -1.790808e+01  -8.963097e-01
49  -2.925183e+00  -6.136751e-01
50  2.454980e+01  5.448328e-01
51  1.367754e+02  4.518552e-01
52  4.353286e+02  -1.526345e-01
53  1.108725e+03  -1.334653e+00
54  2.447972e+03  -2.975888e+00
55  5.429453e+03  -1.649459e+01
56  1.211058e+04  -4.874671e+01
57  2.610793e+04  -1.441076e+02
58  5.365749e+04  -2.122861e+02
59  1.099871e+05  -1.878301e+02
60  2.164741e+05  -1.436030e+02
61  4.283034e+05  -1.293174e+02
62  8.508479e+05  -1.224175e+02
63  1.924929e+06  -4.950613e+01
ENDPROP
STARTPROP
MASSES:  4.500000e-02   4.500000e-02
SOURCE: GAM_2
SINKS: GAM_2
0  1.325612e+06  4.769358e+02
1  1.894349e+06  6.358108e+02
2  8.178176e+05  -8.763531e+01
3  4.046772e+05  -2.049979e+02
4  1.949798e+05  -1.753219e+02
5  9.505319e+04  -1.364853e+02
6  4.666790e+04  -8.507861e+01
7  2.294444e+04  -7.490553e+01
8  1.145279e+04  -4.352965e+01
9  5.525318e+03  -2.448164e+01
10  2.553810e+03  -2.199515e+01
11  1.213474e+03  -2.395206e+01
12  6.068858e+02  -1.254240e+01
13  2.796647e+02  -7.161294e+00
14  1.254106e+02  -2.599520e+00
15  5.498094e+01  -4.839458e-01
16  3.516598e+01  3.123808e-02
17  1.937017e+01  1.418392e-01
18  1.390250e+01  4.638950e-01
19  9.155480e+00  4.573361e-01
20  5.459137e+00  2.779773e-01
21  3.362744e+00  1.593971e-01
22  1.732300e+00  1.140752e-01
23  8.633217e-01  8.287176e-02
24  5.141237e-01  5.303380e-02
25  3.009158e-01  2.711808e-02
26  7.268772e-02  1.566463e-02
27  -1.341380e-02  1.160109e-02
28  -3.721188e-02  8.972161e-03
29  -3.149055e-02  5.592712e-03
30  -1.792835e-02  3.646417e-03
31  -5.658048e-03  2.536582e-03
32  3.966946e-03  1.525865e-03
33  3.296056e-03  6.010745e-04
34  -1.072840e-03  -6.376827e-04
35  4.935314e-03  -1.123894e-03
36  3.163638e-02  -1.207105e-03
37  6.313245e-02  1.027081e-03
38  1.076096e-01  8.842199e-03
39  1.566085e-01  2.874786e-02
40  3.937908e-01  4.767197e-02
41  4.253903e-01  7.563753e-02
42  6.343368e-01  9.827899e-02
43  1.344532e+00  1.156965e-01
44  2.280976e+00  9.091155e-02
45  -8.835999e-02  2.769504e-01
46  -1.680520e+00  6.914068e-01
47  -7.837411e+00  8.466601e-01
48  -2.113822e+01  1.165066e+00
49  -3.031455e+01  1.283934e+00
50  9.738943e+00  2.230230e+00
51  1.353230e+02  4.063110e+00
52  4.268771e+02  4.044770e+00
53  9.581410e+02  1.827484e+00
54  2.203541e+03  -1.216000e+01
55  4.875258e+03  -3.117306e+01
56  1.064947e+04  -5.731395e+01
57  2.278888e+04  -2.000581e+01
58  4.693306e+04  8.215348e+01
59  9.782316e+04  2.146120e+02
60  2.032835e+05  2.679299e+02
61  4.178159e+05  2.792992e+02
62  8.355219e+05  1.301368e+02
63  1.906687e+06  -1.415956e+01
ENDPROP
STARTPROP
MASSES:  4.500000e-02   4.500000e-02
SOURCE: GAM_3
SINKS: GAM_3
0  1.302674e+06  5.531634e+02
1  1.893948e+06  7.662760e+02
2  8.305098e+05  3.597691e+02
3  4.141346e+05  1.289721e+02
4  1.989417e+05  1.139363e+02
5  9.676953e+04  7.396150e+01
6  4.761765e+04  4.472399e+01
7  2.295132e+04  4.999450e+01
8  1.050694e+04  1.231421e+01
9  4.880057e+03  1.018536e+01
10  2.288944e+03  7.332851e+00
11  1.130860e+03  1.228757e+01
12  5.361912e+02  4.030189e+00
13  2.494463e+02  7.150151e-01
14  1.271100e+02  7.535689e-01
15  5.617753e+01  1.931023e-01
16  2.428618e+01  1.021733e+00
17  1.195841e+01  9.571071e-01
18  1.034739e+01  5.380980e-01
19  5.501992e+00  2.798699e-01
20  1.985839e+00  1.561281e-01
21  -9.578043e-02  1.065789e-01
22  -3.920951e-01  7.180854e-02
23  -3.316989e-01  3.076939e-02
24  -3.528841e-01  1.385664e-02
25  -1.951921e-01  6.331364e-04
26  -9.823657e-02  1.786630e-03
27  -4.826413e-02  3.494323e-03
28  9.386315e-03  5.164143e-03
29  1.405756e-02  3.421851e-03
30  1.541444e-02  1.961107e-03
31  1.937432e-02  8.653035e-04
32  1.752361e-02  -2.929290e-05
33  9.737405e-03  1.951335e-04
34  -6.337728e-03  -6.262937e-04
35  -2.405879e-02  -5.293038e-04
36  -6.692182e-02  1.177035e-03
37  -1.113563e-01  3.043068e-03
38  -1.617490e-01  8.072022e-03
39  -1.708903e-01  2.432897e-02
40  -1.945279e-01  5.222239e-02
41  -3.046847e-01  8.586392e-02
42  -4.244703e-01  1.539430e-01
43  -3.381913e-01  2.973741e-01
44  2.454346e-01  4.746696e-01
45  3.353462e+00  5.572424e-01
46  6.251476e+00  7.027286e-01
47  7.528287e+00  7.668633e-01
48  2.147790e+01  7.341060e-01
49  4.546849e+01  -4.605906e-01
50  1.062826e+02  -4.331395e+00
51  2.725312e+02  -9.239701e+00
52  6.437777e+02  -1.770365e+01
53  1.342682e+03  -2.711851e+01
54  2.823974e+03  -3.170954e+01
55  6.286180e+03  -3.837687e+01
56  1.327088e+04  -4.266282e+01
57  2.773017e+04  -6.149233e+01
58  5.511159e+04  -9.291740e+01
59  1.077398e+05  -1.699587e+02
60  2.131631e+05  -3.593135e+02
61  4.225265e+05  -3.069677e+02
62  8.376835e+05  -1.889841e+02
63  1.911049e+06  -1.364461e+02
ENDPROP
STARTPROP
MASSES:  4.500000e-02   4.500000e-02
SOURCE: GAM_4
SINKS: GAM_4
0  2.138573e+06  9.854742e+02
1  -2.646254e+05  4.010793e+02
2  -4.851090e+03  3.076281e+02
3  -2.096442e+03  1.367133e+02
4  -4.606187e+02  1.002958e+02
5  1.710574e+02  8.037229e+01
6  3.362214e+02  2.117787e+01
7  -9.018143e+01  8.727029e+00
8  2.410466e+01  7.587698e+00
9  3.577454e+01  5.651585e+00
10  1.404481e+01  9.553196e-01
11  2.221709e+00  -2.969732e-01
12  7.699027e+00  -8.760470e-01
13  1.339405e+01  -4.513233e-01
14  6.709571e+00  -1.883985e-02
15  -2.144468e+00  -4.143658e-01
16  1.468985e+00  -2.104216e-01
17  -5.157597e-01  -1.259818e-01
18  -1.954989e-01  -2.010731e-01
19  2.047104e-01  -6.751575e-02
20  -2.783742e-02  1.787980e-02
21  -1.856018e-02  1.918667e-03
22  4.055739e-02  -1.552977e-03
23  9.392002e-02  8.062439e-03
24  -7.031000e-04  7.163470e-03
25  -2.621999e-02  1.368923e-03
26  7.684495e-03  1.496176e-03
27  -2.561344e-03  -8.246886e-05
28  1.263072e-02  4.758457e-05
29  5.832121e-03  1.417858e-04
30  3.780737e-03  4.640629e-04
31  6.188443e-03  4.226697e-04
32  4.766230e-03  2.021618e-04
33  6.608755e-03  2.848574e-04
34  5.648150e-03  5.381447e-04
35  4.856630e-03  8.428301e-04
36  8.709483e-03  8.160035e-04
37  2.193763e-03  7.235875e-04
38  1.610351e-02  -1.044441e-03
39  2.598743e-02  -6.562328e-04
40  3.565519e-03  -7.702545e-04
41  -4.515893e-03  -6.720330e-04
42  2.674666e-02  -6.014146e-03
43  -2.876666e-02  -2.524482e-02
44  8.819830e-02  -6.495867e-02
45  -5.141091e-01  -2.937554e-02
46  -2.150423e-03  -7.547640e-02
47  9.235032e-01  -5.906465e-02
48  -7.725782e-01  -2.163169e-01
49  -5.591705e-01  -5.152354e-01
50  2.003764e-01  -5.602593e-01
51  3.189942e+00  -1.109589e+00
52  2.434901e+01  -2.030361e+00
53  3.645447e+01  1.773669e+00
54  2.746975e+01  1.847030e+00
55  -5.535264e+01  -3.930646e+00
56  3.694026e+01  -1.054945e+01
57  5.355035e+00  -1.693613e+01
58  -4.877448e+01  3.225362e+00
59  7.094284e+01  4.043072e+01
60  7.503927e+01  7.745810e+01
61  -2.655690e+03  1.482858e+02
62  -7.498886e+02  1.109021e+02
63  -2.636770e+05  6.829878e+02
ENDPROP
STARTPROP
MASSES:  4.500000e-02   4.500000e-02
SOURCE: GAM_5
SINKS: GAM_5
0  5.518319e+06  8.445088e+02
1  5.267353e+06  2.487925e+03
2  3.255313e+06  1.813544e+03
3  2.063335e+06  1.217688e+03
4  1.279957e+06  8.010109e+02
5  7.799785e+05  6.912122e+02
6  4.754818e+05  4.555636e+02
7  2.872301e+05  3.870440e+02
8  1.728714e+05  3.429580e+02
9  1.055247e+05  2.924407e+02
10  6.497285e+04  1.286498e+02
11  3.955593e+04  5.748087e+01
12  2.380984e+04  4.578821e+01
13  1.424612e+04  3.977520e+01
14  8.567454e+03  3.909809e+01
15  5.177081e+03  3.256292e+01
16  3.104844e+03  2.271295e+01
17  1.873662e+03  1.374651e+01
18  1.145455e+03  7.346477e+00
19  6.921190e+02  4.231084e+00
20  4.225971e+02  2.841441e+00
21  2.610792e+02  1.932967e+00
22  1.618170e+02  1.114293e+00
23  9.976241e+01  5.704253e-01
24  6.035179e+01  2.558415e-01
25  3.615399e+01  1.142242e-01
26  2.241406e+01  4.619603e-02
27  1.370845e+01  8.395272e-03
28  8.430110e+00  -3.467368e-03
29  5.389922e+00  -3.666194e-03
30  3.581179e+00  -4.060834e-03
31  2.640424e+00  -6.409913e-03
32  2.342828e+00  -8.906952e-03
33  2.597651e+00  -1.288157e-02
34  3.527823e+00  -2.021553e-02
35  5.270994e+00  -3.208357e-02
36  8.276902e+00  -5.462816e-02
37  1.340470e+01  -9.528111e-02
38  2.184883e+01  -1.589168e-01
39  3.555350e+01  -2.242692e-01
40  5.882475e+01  -3.475147e-01
41  9.825311e+01  -6.000154e-01
42  1.659667e+02  -1.013653e+00
43  2.756147e+02  -1.546371e+00
44  4.517542e+02  -2.382219e+00
45  7.416947e+02  -3.467842e+00
46  1.228577e+03  -4.155485e+00
47  1.994970e+03  -5.031114e+00
48  3.256912e+03  -8.897895e+00
49  5.392178e+03  -1.561299e+01
50  9.011767e+03  -3.089874e+01
51  1.502833e+04  -6.040544e+01
52  2.479844e+04  -1.059995e+02
53  4.076036e+04  -1.436506e+02
54  6.812422e+04  -2.010760e+02
55  1.128973e+05  -2.137781e+02
56  1.883514e+05  -1.961154e+02
57  3.095239e+05  -3.994785e+01
58  4.954677e+05  5.430219e+01
59  7.959635e+05  1.866289e+02
60  1.275173e+06  2.181083e+02
61  2.034710e+06  -1.049203e+02
62  3.255190e+06  3.924403e+02
63  5.302041e+06  1.897512e+02
ENDPROP
STARTPROP
MASSES:  4.500000e-02   4.500000e-02
SOURCE: GAM_12
SINKS: GAM_12
0  8.727050e+05  3.465773e+02
1  -6.357822e+05  2.249865e+01
2  -1.457495e+05  -1.249353e+01
3  -5.450933e+04  1.004953e+02
4  -2.167481e+04  1.167504e+02
5  -8.183463e+03  6.440092e+01
6  -3.047107e+03  4.878332e+01
7  -1.074237e+03  1.716105e+01
8  -5.962106e+02  2.085941e+00
9  -3.504365e+02  -4.946078e+00
10  -1.387364e+02  -7.506529e+00
11  -3.176991e+01  -5.501351e+00
12  2.086001e+00  -2.274624e+00
13  2.659039e+01  -4.824127e-01
14  1.872323e+01  -2.745076e-02
15  -3.214506e+00  1.748487e-01
16  -7.927815e+00  2.842936e-01
17  -5.571051e+00  -5.521752e-02
18  -5.025184e+00  -1.060996e-01
19  -2.174839e+00  -2.857969e-02
20  -1.222692e+00  3.962331e-02
21  -9.422025e-01  6.656802e-02
22  -6.516652e-01  2.540935e-02
23  -4.994697e-01  2.167779e-02
24  -1.737448e-01  2.208315e-02
25  1.627714e-02  1.163114e-02
26  1.151296e-02  7.545547e-03
27  2.512912e-02  4.169577e-03
28  2.651315e-02  2.255654e-03
29  9.710402e-03  9.857689e-04
30  -3.073175e-03  -1.871644e-04
31  -9.196415e-03  -5.901551e-04
32  -7.257251e-03  -5.881017e-04
33  -8.692707e-03  -2.851732e-04
34  -8.747360e-03  -1.096468e-04
35  -1.239258e-02  5.987826e-04
36  -1.480609e-02  1.557138e-03
37  1.379154e-02  1.357024e-03
38  3.633589e-02  -9.900287e-04
39  8.353985e-02  -4.915986e-03
40  1.484499e-01  -2.278352e-03
41  3.112399e-01  9.085228e-04
42  8.361079e-01  -5.188843e-03
43  1.450237e+00  -6.844251e-03
44  1.768262e+00  -7.823631e-03
45  1.482683e+00  -8.528293e-02
46  3.775602e+00  -1.709495e-01
47  5.240354e+00  -2.808070e-01
48  8.141626e+00  -2.195540e-01
49  1.586510e+01  -4.711468e-01
50  2.568207e+00  7.224993e-01
51  -3.090096e+01  1.808893e+00
52  -7.654168e+01  2.099962e+00
53  -1.727463e+02  2.157736e+00
54  -3.336962e+02  2.802189e+00
55  -6.316083e+02  -4.706825e+00
56  -8.672180e+02  -4.500385e+00
57  -1.262024e+03  1.470305e+01
58  -1.785665e+03  4.573071e+01
59  -5.767677e+03  8.942134e+01
60  -1.775275e+04  1.671418e+02
61  -5.068782e+04  3.295676e+02
62  -1.379593e+05  2.980896e+02
63  -6.296325e+05  5.111413e+02
ENDPROP
STARTPROP
MASSES:  4.500000e-02   4.500000e-02
SOURCE: GAM_21
SINKS: GAM_21
0  8.727050e+05  3.465773e+02
1  -6.357822e+05  2.249865e+01
2  -1.457495e+05  -1.249353e+01
3  -5.450933e+04  1.004953e+02
4  -2.167481e+04  1.167504e+02
5  -8.183463e+03  6.440092e+01
6  -3.047107e+03  4.878332e+01
7  -1.074237e+03  1.716105e+01
8  -5.962106e+02  2.085941e+00
9  -3.504365e+02  -4.946078e+00
10  -1.387364e+02  -7.506529e+00
11  -3.176991e+01  -5.501351e+00
12  2.086001e+00  -2.274624e+00
13  2.659039e+01  -4.824127e-01
14  1.872323e+01  -2.745076e-02
15  -3.214506e+00  1.748487e-01
16  -7.927815e+00  2.842936e-01
17  -5.571051e+00  -5.521752e-02
18  -5.025184e+00  -1.060996e-01
19  -2.174839e+00  -2.857969e-02
20  -1.222692e+00  3.962331e-02
21  -9.422025e-01  6.656802e-02
22  -6.516652e-01  2.540935e-02
23  -4.994697e-01  2.167779e-02
24  -1.737448e-01  2.208315e-02
25  1.627714e-02  1.163114e-02
26  1.151296e-02  7.545547e-03
27  2.512912e-02  4.169577e-03
28  2.651315e-02  2.255654e-03
29  9.710402e-03  9.857689e-04
30  -3.073175e-03  -1.871644e-04
31  -9.196415e-03  -5.901551e-04
32  -7.257251e-03  -5.881017e-04
33  -8.692707e-03  -2.851732e-04
34  -8.747360e-03  -1.096468e-04
35  -1.239258e-02  5.987826e-04
36  -1.480609e-02  1.557138e-03
37  1.379154e-02  1.357024e-03
38  3.633589e-02  -9.900287e-04
39  8.353985e-02  -4.915986e-03
40  1.484499e-01  -2.278352e-03
41  3.112399e-01  9.085228e-04
42  8.361079e-01  -5.188843e-03
43  1.450237e+00  -6.844251e-03
44  1.768262e+00  -7.823631e-03
45  1.482683e+00  -8.528293e-02
46  3.775602e+00  -1.709495e-01
47  5.240354e+00  -2.808070e-01
48  8.141626e+00  -2.195540e-01
49  1.586510e+01  -4.711468e-01
50  2.568207e+00  7.224993e-01
51  -3.090096e+01  1.808893e+00
52  -7.654168e+01  2.099962e+00
53  -1.727463e+02  2.157736e+00
54  -3.336962e+02  2.802189e+00
55  -6.316083e+02  -4.706825e+00
56  -8.672180e+02  -4.500385e+00
57  -1.262024e+03  1.470305e+01
58  -1.785665e+03  4.573071e+01
59  -5.767677e+03  8.942134e+01
60  -1.775275e+04  1.671418e+02
61  -5.068782e+04  3.295676e+02
62  -1.379593e+05  2.980896e+02
63  -6.296325e+05  5.111413e+02
ENDPROP
STARTPROP
MASSES:  4.500000e-02   4.500000e-02
SOURCE: GAM_13
SINKS: GAM_13
0  9.469544e+05  5.875176e+02
1  -5.900904e+05  1.378672e+02
2  -1.276054e+05  4.293620e+02
3  -4.494155e+04  3.780598e+02
4  -1.518450e+04  2.287931e+02
5  -3.690866e+03  1.142684e+02
6  -6.712409e+02  1.031277e+02
7  -3.318080e+02  4.062664e+01
8  1.584931e+01  2.046959e+01
9  -1.112943e+01  5.805212e+00
10  -2.751535e+01  2.460831e+00
11  -4.072445e+00  -8.285211e-01
12  -1.030483e+01  -2.244985e-01
13  -2.389551e+00  1.994224e+00
14  -1.546593e+00  1.602451e+00
15  4.505139e+00  1.045958e+00
16  -1.995259e+00  5.944524e-01
17  -7.495609e-01  1.702572e-01
18  5.307269e-02  -1.543347e-02
19  -6.369920e-01  -4.260114e-02
20  9.818072e-03  1.901624e-02
21  6.546925e-02  -1.362535e-02
22  -1.152517e-01  -3.236308e-02
23  -2.267231e-01  -3.738383e-02
24  -5.965616e-02  -2.740283e-02
25  -1.369592e-02  -1.326011e-02
26  4.108050e-02  -5.992532e-03
27  1.374759e-02  -1.978748e-03
28  1.396131e-02  2.251157e-04
29  1.373679e-02  2.730642e-04
30  2.308289e-02  -3.968143e-04
31  1.756161e-02  -4.788809e-04
32  1.776672e-02  -2.707543e-04
33  1.781998e-02  -3.436600e-04
34  9.089846e-03  3.627599e-04
35  1.033605e-02  3.625252e-04
36  3.197562e-03  -2.711587e-04
37  -1.797101e-02  -1.273452e-03
38  -1.980242e-02  -4.141639e-03
39  -6.169198e-02  -5.425561e-03
40  -1.237063e-01  2.857695e-04
41  -2.721933e-01  8.545533e-03
42  -3.488295e-01  1.943642e-02
43  -7.979401e-01  1.447036e-02
44  -5.114407e-01  -1.191610e-02
45  -5.038775e-01  -8.146003e-03
46  2.613280e-02  -7.417748e-02
47  -1.380773e+00  -2.851129e-01
48  -2.208372e+00  1.057998e-01
49  1.035138e+01  -3.910404e-01
50  1.173130e+01  -7.316372e-01
51  2.746352e+01  -3.656261e+00
52  1.463507e+01  -6.508955e+00
53  -2.798620e+01  -6.824705e+00
54  -3.377929e+01  -8.334138e+00
55  -4.912331e+01  -4.495008e+00
56  -1.383822e+02  1.497129e+01
57  1.024981e+02  3.122375e+01
58  -1.081456e+03  3.641701e+01
59  -5.889707e+03  9.853270e+01
60  -1.464864e+04  1.899823e+02
61  -4.700721e+04  2.271310e+02
62  -1.254470e+05  1.690797e+02
63  -5.977318e+05  6.732925e+02
ENDPROP
STARTPROP
MASSES:  4.500000e-02   4.500000e-02
SOURCE: GAM_31
SINKS: GAM_31
0  9.469544e+05  5.875176e+02
1  -5.900904e+05  1.378672e+02
2  -1.276054e+05  4.293620e+02
3  -4.494155e+04  3.780598e+02
4  -1.518450e+04  2.287931e+02
5  -3.690866e+03  1.142684e+02
6  -6.712409e+02  1.031277e+02
7  -3.318080e+02  4.062664e+01
8  1.584931e+01  2.046959e+01
9  -1.112943e+01  5.805212e+00
10  -2.751535e+01  2.460831e+00
11  -4.072445e+00  -8.285211e-01
12  -1.030483e+01  -2.244985e-01
13  -2.389551e+00  1.994224e+00
14  -1.546593e+00  1.602451e+00
15  4.505139e+00  1.045958e+00
16  -1.995259e+00  5.944524e-01
17  -7.495609e-01  1.702572e-01
18  5.307269e-02  -1.543347e-02
19  -6.369920e-01  -4.260114e-02
20  9.818072e-03  1.901624e-02
21  6.546925e-02  -1.362535e-02
22  -1.152517e-01  -3.236308e-02
23  -2.267231e-01  -3.738383e-02
24  -5.965616e-02  -2.740283e-02
25  -1.369592e-02  -1.326011e-02
26  4.108050e-02  -5.992532e-03
27  1.374759e-02  -1.978748e-03
28  1.396131e-02  2.251157e-04
29  1.373679e-02  2.730642e-04
30  2.308289e-02  -3.968143e-04
31  1.756161e-02  -4.788809e-04
32  1.776672e-02  -2.707543e-04
33  1.781998e-02  -3.436600e-04
34  9.089846e-03  3.627599e-04
35  1.033605e-02  3.625252e-04
36  3.197562e-03  -2.711587e-04
37  -1.797101e-02  -1.273452e-03
38  -1.980242e-02  -4.141639e-03
39  -6.169198e-02  -5.425561e-03
40  -1.237063e-01  2.857695e-04
41  -2.721933e-01  8.545533e-03
42  -3.488295e-01  1.943642e-02
43  -7.979401e-01  1.447036e-02
44  -5.114407e-01  -1.191610e-02
45  -5.038775e-01  -8.146003e-03
46  2.613280e-02  -7.417748e-02
47  -1.380773e+00  -2.851129e-01
48  -2.208372e+00  1.057998e-01
49  1.035138e+01  -3.910404e-01
50  1.173130e+01  -7.316372e-01
51  2.746352e+01  -3.656261e+00
52  1.463507e+01  -6.508955e+00
53  -2.798620e+01  -6.824705e+00
54  -3.377929e+01  -8.334138e+00
55  -4.912331e+01  -4.495008e+00
56  -1.383822e+02  1.497129e+01
57  1.024981e+02  3.122375e+01
58  -1.081456e+03  3.641701e+01
59  -5.889707e+03  9.853270e+01
60  -1.464864e+04  1.899823e+02
61  -4.700721e+04  2.271310e+02
62  -1.254470e+05  1.690797e+02
63  -5.977318e+05  6.732925e+02
ENDPROP
STARTPROP
MASSES:  4.500000e-02   4.500000e-02
SOURCE: GAM_14
SINKS: GAM_14
0  1.770850e+05  3.158442e+02
1  1.352188e+06  2.370533e+02
2  5.359059e+05  -1.361961e+01
3  2.611620e+05  2.806206e+01
4  1.198913e+05  4.873329e+01
5  5.632560e+04  -1.355631e+02
6  2.671885e+04  -9.843123e+01
7  1.258222e+04  -9.673598e+01
8  5.925166e+03  -5.490538e+01
9  2.888225e+03  -4.086716e+01
10  1.507558e+03  -3.384683e+01
11  7.189101e+02  -2.235872e+01
12  3.067086e+02  -1.088574e+01
13  8.907301e+01  -5.500284e+00
14  1.586041e+01  -1.766964e+00
15  1.049346e+01  -2.660500e-01
16  7.002913e+00  5.252600e-01
17  5.710713e+00  9.109514e-01
18  2.947864e+00  5.132373e-01
19  3.527908e-01  2.461782e-01
20  -2.691524e-01  2.166593e-02
21  1.335390e-01  -6.498563e-02
22  1.947101e-01  -1.552110e-02
23  3.109170e-02  -6.016817e-03
24  3.353830e-02  8.008532e-03
25  7.854432e-02  4.557449e-03
26  7.420690e-02  2.260337e-03
27  8.387925e-02  2.593018e-03
28  8.099774e-02  1.872520e-03
29  5.821353e-02  2.038335e-03
30  2.689891e-02  6.031300e-04
31  1.372705e-02  1.041338e-04
32  4.288722e-03  2.511981e-04
33  6.639860e-03  1.794386e-04
34  5.822349e-03  -3.107725e-04
35  4.849476e-03  -1.233551e-03
36  1.440226e-02  -1.773136e-03
37  5.155219e-02  -3.515891e-03
38  5.218634e-02  -6.160087e-03
39  4.515361e-02  -1.490533e-02
40  1.982189e-02  -2.556142e-02
41  -1.875140e-01  -2.385503e-02
42  3.021617e-02  -2.508427e-02
43  6.318722e-01  -5.605950e-04
44  1.334989e+00  -4.651761e-02
45  2.603870e+00  -1.525678e-01
46  1.912130e+00  -4.188824e-01
47  1.020860e+00  -5.899981e-01
48  -2.868879e+00  -8.921306e-01
49  -2.675521e-01  -7.269828e-01
50  4.111814e+01  2.431351e-02
51  1.141073e+02  -1.559614e-01
52  2.769430e+02  -3.041479e+00
53  7.817268e+02  -1.202945e+01
54  1.685686e+03  -3.185627e+01
55  3.631963e+03  -4.560978e+01
56  7.712783e+03  -6.163665e+01
57  1.652455e+04  -6.915126e+01
58  3.427567e+04  -5.427427e+01
59  7.015287e+04  2.312930e+01
60  1.388790e+05  6.165940e+01
61  2.791053e+05  2.355089e+02
62  5.527417e+05  3.591700e+02
63  1.364193e+06  2.472999e+02
ENDPROP
STARTPROP
MASSES:  4.500000e-02   4.500000e-02
SOURCE: GAM_41
SINKS: GAM_41
0  1.770850e+05  3.158442e+02
1  1.352188e+06  2.370533e+02
2  5.359059e+05  -1.361961e+01
3  2.611620e+05  2.806206e+01
4  1.198913e+05  4.873329e+01
5  5.632560e+04  -1.355631e+02
6  2.671885e+04  -9.843123e+01
7  1.258222e+04  -9.673598e+01
8  5.925166e+03  -5.490538e+01
9  2.888225e+03  -4.086716e+01
10  1.507558e+03  -3.384683e+01
11  7.189101e+02  -2.235872e+01
12  3.067086e+02  -1.088574e+01
13  8.907301e+01  -5.500284e+00
14  1.586041e+01  -1.766964e+00
15  1.049346e+01  -2.660500e-01
16  7.002913e+00  5.252600e-01
17  5.710713e+00  9.109514e-01
18  2.947864e+00  5.132373e-01
19  3.527908e-01  2.461782e-01
20  -2.691524e-01  2.166593e-02
21  1.335390e-01  -6.498563e-02
22  1.947101e-01  -1.552110e-02
23  3.109170e-02  -6.016817e-03
24  3.353830e-02  8.008532e-03
25  7.854432e-02  4.557449e-03
26  7.420690e-02  2.260337e-03
27  8.387925e-02  2.593018e-03
28  8.099774e-02  1.872520e-03
29  5.821353e-02  2.038335e-03
30  2.689891e-02  6.031300e-04
31  1.372705e-02  1.041338e-04
32  4.288722e-03  2.511981e-04
33  6.639860e-03  1.794386e-04
34  5.822349e-03  -3.107725e-04
35  4.849476e-03  -1.233551e-03
36  1.440226e-02  -1.773136e-03
37  5.155219e-02  -3.515891e-03
38  5.218634e-02  -6.160087e-03
39  4.515361e-02  -1.490533e-02
40  1.982189e-02  -2.556142e-02
41  -1.875140e-01  -2.385503e-02
42  3.021617e-02  -2.508427e-02
43  6.318722e-01  -5.605950e-04
44  1.334989e+00  -4.651761e-02
45  2.603870e+00  -1.525678e-01
46  1.912130e+00  -4.188824e-01
47  1.020860e+00  -5.899981e-01
48  -2.868879e+00  -8.921306e-01
49  -2.675521e-01  -7.269828e-01
50  4.111814e+01  2.431351e-02
51  1.141073e+02  -1.559614e-01
52  2.769430e+02  -3.041479e+00
53  7.817268e+02  -1.202945e+01
54  1.685686e+03  -3.185627e+01
55  3.631963e+03  -4.560978e+01
56  7.712783e+03  -6.163665e+01
57  1.652455e+04  -6.915126e+01
58  3.427567e+04  -5.427427e+01
59  7.015287e+04  2.312930e+01
60  1.388790e+05  6.165940e+01
61  2.791053e+05  2.355089e+02
62  5.527417e+05  3.591700e+02
63  1.364193e+06  2.472999e+02
ENDPROP
STARTPROP
MASSES:  4.500000e-02   4.500000e-02
SOURCE: GAM_23
SINKS: GAM_23
0  8.888928e+05  2.142936e+02
1  -6.149350e+05  4.575257e+02
2  -1.302729e+05  4.624266e+02
3  -4.604987e+04  4.561530e+02
4  -1.488504e+04  2.850251e+02
5  -3.811872e+03  1.595868e+02
6  -1.408046e+03  7.594437e+01
7  -8.539785e+02  3.440230e+01
8  -6.499819e+02  4.745231e+00
9  -2.534616e+02  9.184676e+00
10  -5.923241e+00  8.332867e+00
11  7.894731e+01  3.054336e+00
12  4.276641e+01  3.681058e-01
13  1.687141e+01  -3.554670e-01
14  4.055388e+00  4.086573e-01
15  -1.892032e+00  -1.983598e-01
16  -5.105143e-01  -2.665744e-01
17  -1.017887e+00  -4.113917e-01
18  -3.362379e-01  -2.293838e-01
19  1.771117e-01  -1.212038e-01
20  5.308553e-01  2.307963e-03
21  2.699560e-01  -9.934280e-03
22  1.462731e-01  -2.774192e-02
23  1.333638e-01  -5.763816e-03
24  6.190477e-02  -4.510361e-03
25  5.930204e-02  -2.973304e-03
26  -6.276281e-03  -6.559463e-04
27  -1.157609e-02  -7.744282e-04
28  -4.146670e-03  -1.390231e-03
29  3.035265e-03  -6.752238e-04
30  1.025515e-02  -4.264204e-04
31  1.103350e-02  -5.833610e-04
32  1.021909e-02  -1.633562e-04
33  1.039353e-02  1.559571e-04
34  1.285575e-02  5.381720e-04
35  1.072934e-02  8.124866e-04
36  4.323777e-04  6.914433e-04
37  -9.722116e-03  3.051697e-03
38  -4.005373e-02  2.646672e-03
39  -1.561022e-01  2.902989e-03
40  -3.973131e-01  4.283675e-03
41  -6.624728e-01  3.862444e-03
42  -9.512852e-01  3.128950e-02
43  -1.301236e+00  2.051592e-02
44  -2.173538e+00  -1.560241e-02
45  -2.769085e+00  -7.115620e-02
46  -5.248215e+00  -2.849004e-01
47  -6.181246e+00  -3.967446e-01
48  -5.461145e+00  -4.660303e-01
49  2.616830e+00  -6.221667e-01
50  8.345716e+00  -5.625918e-01
51  5.606972e+00  -3.382175e-01
52  1.828362e+01  -1.794189e+00
53  3.355603e+01  -8.097770e-01
54  5.100507e+00  5.070608e-01
55  5.728483e+01  -1.776610e+00
56  3.280979e+02  3.979859e+00
57  -3.923189e+02  -1.996133e+01
58  -2.207397e+03  -4.920355e+01
59  -5.975727e+03  -7.157211e+01
60  -1.673009e+04  -2.957426e+01
61  -5.060102e+04  1.227710e+01
62  -1.302573e+05  2.522562e+01
63  -6.170830e+05  4.634546e+02
ENDPROP
STARTPROP
MASSES:  4.500000e-02   4.500000e-02
SOURCE: GAM_32
SINKS: GAM_32
0  8.888928e+05  2.142936e+02
1  -6.149350e+05  4.575257e+02
2  -1.302729e+05  4.624266e+02
3  -4.604987e+04  4.561530e+02
4  -1.488504e+04  2.850251e+02
5  -3.811872e+03  1.595868e+02
6  -1.408046e+03  7.594437e+01
7  -8.539785e+02  3.440230e+01
8  -6.499819e+02  4.745231e+00
9  -2.534616e+02  9.184676e+00
10  -5.923241e+00  8.332867e+00
11  7.894731e+01  3.054336e+00
12  4.276641e+01  3.681058e-01
13  1.687141e+01  -3.554670e-01
14  4.055388e+00  4.086573e-01
15  -1.892032e+00  -1.983598e-01
16  -5.105143e-01  -2.665744e-01
17  -1.017887e+00  -4.113917e-01
18  -3.362379e-01  -2.293838e-01
19  1.771117e-01  -1.212038e-01
20  5.308553e-01  2.307963e-03
21  2.699560e-01  -9.934280e-03
22  1.462731e-01  -2.774192e-02
23  1.333638e-01  -5.763816e-03
24  6.190477e-02  -4.510361e-03
25  5.930204e-02  -2.973304e-03
26  -6.276281e-03  -6.559463e-04
27  -1.157609e-02  -7.744282e-04
28  -4.146670e-03  -1.390231e-03
29  3.035265e-03  -6.752238e-04
30  1.025515e-02  -4.264204e-04
31  1.103350e-02  -5.833610e-04
32  1.021909e-02  -1.633562e-04
33  1.039353e-02  1.559571e-04
34  1.285575e-02  5.381720e-04
35  1.072934e-02  8.124866e-04
36  4.323777e-04  6.914433e-04
37  -9.722116e-03  3.051697e-03
38  -4.005373e-02  2.646672e-03
39  -1.561022e-01  2.902989e-03
40  -3.973131e-01  4.283675e-03
41  -6.624728e-01  3.862444e-03
42  -9.512852e-01  3.128950e-02
43  -1.301236e+00  2.051592e-02
44  -2.173538e+00  -1.560241e-02
45  -2.769085e+00  -7.115620e-02
46  -5.248215e+00  -2.849004e-01
47  -6.181246e+00  -3.967446e-01
48  -5.461145e+00  -4.660303e-01
49  2.616830e+00  -6.221667e-01
50  8.345716e+00  -5.625918e-01
51  5.606972e+00  -3.382175e-01
52  1.828362e+01  -1.794189e+00
53  3.355603e+01  -8.097770e-01
54  5.100507e+00  5.070608e-01
55  5.728483e+01  -1.776610e+00
56  3.280979e+02  3.979859e+00
57  -3.923189e+02  -1.996133e+01
58  -2.207397e+03  -4.920355e+01
59  -5.975727e+03  -7.157211e+01
60  -1.673009e+04  -2.957426e+01
61  -5.060102e+04  1.227710e+01
62  -1.302573e+05  2.522562e+01
63  -6.170830e+05  4.634546e+02
ENDPROP
STARTPROP
MASSES:  4.500000e-02   4.500000e-02
SOURCE: GAM_24
SINKS: GAM_24
0  1.497510e+05  -4.934841e+02
1  1.339139e+06  -3.433918e+02
2  5.340479e+05  -4.006603e+02
3  2.612348e+05  -2.972641e+02
4  1.223701e+05  -1.761545e+02
5  5.641519e+04  -1.647685e+02
6  2.718871e+04  -6.408863e+01
7  1.298473e+04  -1.067003e+01
8  6.395312e+03  1.218798e+00
9  2.971377e+03  -4.401026e+00
10  1.382170e+03  -1.273031e+01
11  6.642121e+02  -7.439552e+00
12  2.817134e+02  -1.864904e+00
13  1.498737e+02  -1.163902e+00
14  8.981336e+01  4.448486e-01
15  3.628227e+01  7.336935e-02
16  1.767785e+01  4.282137e-01
17  3.912201e+00  2.884927e-01
18  3.704746e+00  3.680375e-01
19  1.430192e+00  3.695087e-01
20  -1.151621e-01  3.149849e-01
21  -3.126152e-01  2.396767e-01
22  -4.315201e-02  1.640183e-01
23  2.828117e-02  9.715485e-02
24  3.178800e-02  4.245053e-02
25  1.029642e-02  2.060782e-02
26  5.229661e-03  1.376223e-02
27  -8.526370e-03  9.964786e-03
28  -2.779901e-03  4.684019e-03
29  -1.113797e-02  3.987429e-03
30  -1.130773e-02  2.638266e-03
31  -8.330848e-03  2.175221e-03
32  -4.298565e-03  1.586133e-03
33  -1.144493e-02  1.017158e-03
34  -2.093707e-02  3.109218e-04
35  -1.817119e-02  3.959308e-04
36  -3.652925e-03  -7.038382e-04
37  -5.665684e-03  -2.164136e-03
38  4.927308e-02  -4.273112e-03
39  5.992527e-02  -6.405374e-03
40  2.486021e-01  -6.122302e-03
41  4.643066e-01  1.727404e-03
42  3.295480e-01  -9.317482e-03
43  2.212636e-01  -5.551274e-03
44  6.809852e-02  3.687726e-02
45  -2.412403e-01  5.021436e-02
46  -1.184793e+00  1.477377e-01
47  -6.741139e+00  9.253039e-02
48  -1.429298e+01  2.575013e-01
49  -2.128010e+01  5.124222e-01
50  -2.765527e+01  1.896533e+00
51  3.286941e+01  7.297330e-01
52  1.556281e+02  1.768833e+00
53  5.566299e+02  4.045454e+00
54  1.344085e+03  -2.899912e-02
55  3.435313e+03  -4.272504e+00
56  7.823663e+03  -3.244964e+00
57  1.617037e+04  6.467027e+00
58  3.225176e+04  6.664387e+01
59  6.677882e+04  6.692423e+01
60  1.347423e+05  1.587884e+02
61  2.700493e+05  2.089913e+02
62  5.467045e+05  2.621140e+02
63  1.360731e+06  -1.097562e+02
ENDPROP
STARTPROP
MASSES:  4.500000e-02   4.500000e-02
SOURCE: GAM_42
SINKS: GAM_42
0  1.497510e+05  -4.934841e+02
1  1.339139e+06  -3.433918e+02
2  5.340479e+05  -4.006603e+02
3  2.612348e+05  -2.972641e+02
4  1.223701e+05  -1.761545e+02
5  5.641519e+04  -1.647685e+02
6  2.718871e+04  -6.408863e+01
7  1.298473e+04  -1.067003e+01
8  6.395312e+03  1.218798e+00
9  2.971377e+03  -4.401026e+00
10  1.382170e+03  -1.273031e+01
11  6.642121e+02  -7.439552e+00
12  2.817134e+02  -1.864904e+00
13  1.498737e+02  -1.163902e+00
14  8.981336e+01  4.448486e-01
15  3.628227e+01  7.336935e-02
16  1.767785e+01  4.282137e-01
17  3.912201e+00  2.884927e-01
18  3.704746e+00  3.680375e-01
19  1.430192e+00  3.695087e-01
20  -1.151621e-01  3.149849e-01
21  -3.126152e-01  2.396767e-01
22  -4.315201e-02  1.640183e-01
23  2.828117e-02  9.715485e-02
24  3.178800e-02  4.245053e-02
25  1.029642e-02  2.060782e-02
26  5.229661e-03  1.376223e-02
27  -8.526370e-03  9.964786e-03
28  -2.779901e-03  4.684019e-03
29  -1.113797e-02  3.987429e-03
30  -1.130773e-02  2.638266e-03
31  -8.330848e-03  2.175221e-03
32  -4.298565e-03  1.586133e-03
33  -1.144493e-02  1.017158e-03
34  -2.093707e-02  3.109218e-04
35  -1.817119e-02  3.959308e-04
36  -3.652925e-03  -7.038382e-04
37  -5.665684e-03  -2.164136e-03
38  4.927308e-02  -4.273112e-03
39  5.992527e-02  -6.405374e-03
40  2.486021e-01  -6.122302e-03
41  4.643066e-01  1.727404e-03
42  3.295480e-01  -9.317482e-03
43  2.212636e-01  -5.551274e-03
44  6.809852e-02  3.687726e-02
45  -2.412403e-01  5.021436e-02
46  -1.184793e+00  1.477377e-01
47  -6.741139e+00  9.253039e-02
48  -1.429298e+01  2.575013e-01
49  -2.128010e+01  5.124222e-01
50  -2.765527e+01  1.896533e+00
51  3.286941e+01  7.297330e-01
52  1.556281e+02  1.768833e+00
53  5.566299e+02  4.045454e+00
54  1.344085e+03  -2.899912e-02
55  3.435313e+03  -4.272504e+00
56  7.823663e+03  -3.244964e+00
57  1.617037e+04  6.467027e+00
58  3.225176e+04  6.664387e+01
59  6.677882e+04  6.692423e+01
60  1.347423e+05  1.587884e+02
61  2.700493e+05  2.089913e+02
62  5.467045e+05  2.621140e+02
63  1.360731e+06  -1.097562e+02
ENDPROP
STARTPROP
MASSES:  4.500000e-02   4.500000e-02
SOURCE: GAM_34
SINKS: GAM_34
0  1.737437e+05  -2.941606e+02
1  1.352860e+06  -3.003793e+02
2  5.378149e+05  -2.662511e+02
3  2.659392e+05  -2.184109e+02
4  1.300659e+05  -1.236530e+02
5  6.197000e+04  3.079541e+01
6  2.919747e+04  1.459016e+01
7  1.355971e+04  2.859117e+01
8  5.741449e+03  1.708151e+01
9  2.299394e+03  2.038006e+01
10  9.905311e+02  1.426568e+01
11  5.495369e+02  1.016915e+01
12  1.974516e+02  1.191428e+00
13  9.870779e+01  3.742580e-01
14  5.459863e+01  1.488181e+00
15  2.192259e+01  2.067001e+00
16  1.286800e+01  1.711283e+00
17  7.951316e+00  1.371084e+00
18  5.956812e+00  6.178735e-01
19  3.566720e+00  2.293379e-01
20  7.957536e-01  2.720357e-02
21  5.047566e-02  1.229933e-02
22  -1.672114e-01  5.668814e-03
23  -4.264276e-01  -1.982034e-04
24  -1.858274e-01  -2.524504e-03
25  -1.526765e-01  -5.635755e-03
26  -1.336280e-01  -1.412711e-03
27  -9.031004e-02  2.474206e-03
28  -4.838927e-02  3.136982e-03
29  -2.369405e-02  2.320731e-03
30  8.150122e-04  1.853512e-03
31  3.664935e-03  1.898141e-03
32  4.475656e-03  8.002479e-04
33  3.372012e-03  -4.346131e-04
34  -7.162779e-03  -1.558419e-03
35  -2.292283e-02  -1.252170e-03
36  -4.957804e-02  1.088692e-03
37  -3.205136e-02  5.491895e-03
38  -2.974897e-02  1.239553e-02
39  -3.654714e-02  2.214251e-02
40  -4.035331e-02  4.581706e-02
41  -3.022331e-01  6.018168e-02
42  1.347812e-02  8.120851e-02
43  9.610714e-01  9.333260e-02
44  2.471137e+00  1.167893e-01
45  4.088135e+00  5.653712e-02
46  4.940420e+00  -6.301776e-02
47  7.108377e+00  -2.114470e-01
48  1.212265e+01  -4.482438e-01
49  3.106422e+01  -1.379923e+00
50  6.517731e+01  -3.537126e+00
51  1.688704e+02  -6.428552e+00
52  3.906022e+02  -1.350601e+01
53  8.275290e+02  -1.933142e+01
54  1.715086e+03  -1.585661e+01
55  3.782526e+03  -1.147124e+01
56  7.748007e+03  1.719590e+01
57  1.746308e+04  2.435559e+01
58  3.563955e+04  4.650887e+01
59  7.072730e+04  4.760771e+01
60  1.394436e+05  6.198248e+01
61  2.831132e+05  -5.964004e+01
62  5.500922e+05  -5.215856e+01
63  1.358801e+06  -1.592758e+02
ENDPROP
STARTPROP
MASSES:  4.500000e-02   4.500000e-02
SOURCE: GAM_43
SINKS: GAM_43
0  1.737437e+05  -2.941606e+02
1  1.352860e+06  -3.003793e+02
2  5.378149e+05  -2.662511e+02
3  2.659392e+05  -2.184109e+02
4  1.300659e+05  -1.236530e+02
5  6.197000e+04  3.079541e+01
6  2.919747e+04  1.459016e+01
7  1.355971e+04  2.859117e+01
8  5.741449e+03  1.708151e+01
9  2.299394e+03  2.038006e+01
10  9.905311e+02  1.426568e+01
11  5.495369e+02  1.016915e+01
12  1.974516e+02  1.191428e+00
13  9.870779e+01  3.742580e-01
14  5.459863e+01  1.488181e+00
15  2.192259e+01  2.067001e+00
16  1.286800e+01  1.711283e+00
17  7.951316e+00  1.371084e+00
18  5.956812e+00  6.178735e-01
19  3.566720e+00  2.293379e-01
20  7.957536e-01  2.720357e-02
21  5.047566e-02  1.229933e-02
22  -1.672114e-01  5.668814e-03
23  -4.264276e-01  -1.982034e-04
24  -1.858274e-01  -2.524504e-03
25  -1.526765e-01  -5.635755e-03
26  -1.336280e-01  -1.412711e-03
27  -9.031004e-02  2.474206e-03
28  -4.838927e-02  3.136982e-03
29  -2.369405e-02  2.320731e-03
30  8.150122e-04  1.853512e-03
31  3.664935e-03  1.898141e-03
32  4.475656e-03  8.002479e-04
33  3.372012e-03  -4.346131e-04
34  -7.162779e-03  -1.558419e-03
35  -2.292283e-02  -1.252170e-03
36  -4.957804e-02  1.088692e-03
37  -3.205136e-02  5.491895e-03
38  -2.974897e-02  1.239553e-02
39  -3.654714e-02  2.214251e-02
40  -4.035331e-02  4.581706e-02
41  -3.022331e-01  6.018168e-02
42  1.347812e-02  8.120851e-02
43  9.610714e-01  9.333260e-02
44  2.471137e+00  1.167893e-01
45  4.088135e+00  5.653712e-02
46  4.940420e+00  -6.301776e-02
47  7.108377e+00  -2.114470e-01
48  1.212265e+01  -4.482438e-01
49  3.106422e+01  -1.379923e+00
50  6.517731e+01  -3.537126e+00
51  1.688704e+02  -6.428552e+00
52  3.906022e+02  -1.350601e+01
53  8.275290e+02  -1.933142e+01
54  1.715086e+03  -1.585661e+01
55  3.782526e+03  -1.147124e+01
56  7.748007e+03  1.719590e+01
57  1.746308e+04  2.435559e+01
58  3.563955e+04  4.650887e+01
59  7.072730e+04  4.760771e+01
60  1.394436e+05  6.198248e+01
61  2.831132e+05  -5.964004e+01
62  5.500922e+05  -5.215856e+01
63  1.358801e+06  -1.592758e+02
ENDPROP
STARTPROP
MASSES:  4.500000e-02   4.500000e-02
SOURCE: GAM_15
SINKS: GAM_15
0  1.388902e+05  2.963251e+02
1  -8.596951e+05  3.514462e+02
2  -2.386421e+05  4.502497e+02
3  -9.205485e+04  3.560455e+02
4  -3.574570e+04  1.692073e+02
5  -1.161562e+04  6.150017e+01
6  -3.432613e+03  2.394772e+01
7  -7.319623e+02  -1.506260e+01
8  -4.177414e+02  -2.015690e+01
9  -4.750267e+02  -7.721515e+00
10  -2.837750e+02  -4.956552e+00
11  -7.361706e+01  -5.212606e+00
12  -1.408042e+01  -5.470787e+00
13  1.731281e+01  -2.906660e+00
14  2.307064e+01  4.900256e-01
15  8.648400e+00  4.019736e-01
16  5.535206e+00  -4.714831e-01
17  7.262577e+00  -6.615571e-01
18  5.649232e+00  -4.483008e-01
19  3.955750e+00  -1.333618e-01
20  1.984030e+00  5.506593e-03
21  6.766496e-01  6.475524e-03
22  3.160475e-01  3.584496e-02
23  1.598471e-01  2.991183e-02
24  -4.203407e-02  2.033666e-02
25  -9.870740e-02  8.980512e-03
26  -6.201960e-02  4.112660e-03
27  -1.497452e-02  5.309276e-04
28  6.376561e-03  -5.380609e-04
29  1.417025e-02  -3.471140e-04
30  2.103305e-02  -2.714011e-04
31  2.128671e-02  -9.105376e-04
32  1.759770e-02  -8.634333e-04
33  1.159341e-02  -1.668459e-04
34  5.584999e-03  3.890907e-04
35  -1.202682e-03  6.050439e-04
36  -9.387774e-03  1.424807e-03
37  -3.672503e-02  4.557794e-03
38  -5.651912e-02  1.133042e-02
39  -8.922372e-02  2.157196e-02
40  -1.206162e-01  2.556039e-02
41  -6.278477e-02  1.623992e-02
42  2.158471e-01  -1.823292e-02
43  3.357478e-01  -1.079458e-01
44  5.801950e-02  -1.498160e-01
45  -6.590895e-01  -1.054583e-01
46  -2.435592e+00  2.010418e-02
47  -8.927963e-01  1.809116e-01
48  5.774063e+00  -7.578131e-02
49  -6.129486e-01  -3.803619e-01
50  -3.172615e+01  -1.225112e+00
51  -7.197921e+01  -2.735074e+00
52  -5.467216e+01  -6.161305e+00
53  6.880754e+01  -1.436784e+01
54  1.375732e+02  -2.125581e+01
55  -5.620112e+01  -2.201079e+01
56  -1.708753e+02  -2.082415e+01
57  -9.742684e+02  1.364650e+01
58  -4.092685e+03  1.089198e+02
59  -1.273978e+04  2.200431e+02
60  -3.556384e+04  3.187023e+02
61  -8.927705e+04  3.324106e+02
62  -2.300463e+05  3.255322e+02
63  -8.552672e+05  7.415720e+02
ENDPROP
STARTPROP
MASSES:  4.500000e-02   4.500000e-02
SOURCE: GAM_25
SINKS: GAM_25
0  8.512181e+04  -4.760806e+02
1  -8.843807e+05  -2.961078e+02
2  -2.503792e+05  1.239107e+02
3  -8.882851e+04  3.038852e+02
4  -2.899697e+04  2.903881e+02
5  -9.112186e+03  1.642894e+02
6  -3.208772e+03  5.261933e+01
7  -1.542123e+03  -8.545647e+00
8  -4.446995e+02  -1.234764e+01
9  -7.880965e+01  -4.004491e-01
10  -6.387243e+01  7.082284e+00
11  -1.582303e+01  1.983788e+00
12  -5.128358e+01  -1.274730e+00
13  -5.199836e+01  -9.395114e-01
14  -2.008488e+01  -9.536002e-01
15  1.103711e-01  -5.421501e-01
16  8.217501e+00  9.973891e-03
17  8.063993e+00  1.103573e-01
18  6.031588e+00  1.713091e-01
19  3.109660e+00  1.297178e-01
20  2.336077e+00  1.064842e-01
21  1.309032e+00  1.090792e-01
22  5.027195e-01  7.978513e-02
23  1.971286e-01  4.754823e-02
24  1.415122e-01  1.624655e-02
25  8.041893e-02  8.717217e-04
26  2.427251e-02  2.120367e-03
27  -1.310548e-02  1.570796e-03
28  -9.318703e-03  3.590250e-04
29  1.487583e-03  5.276315e-04
30  8.042858e-03  7.600624e-04
31  1.553972e-02  6.989104e-04
32  1.550124e-02  9.701625e-04
33  1.311558e-02  1.341314e-03
34  1.600420e-02  1.263685e-03
35  1.420473e-02  1.737138e-03
36  1.111404e-02  2.389197e-03
37  8.620589e-03  2.996505e-03
38  7.173821e-04  1.013617e-03
39  1.526763e-02  -7.353556e-03
40  -1.081244e-01  -1.460749e-02
41  -6.316255e-02  -2.115523e-02
42  -2.051763e-02  -5.054831e-02
43  -5.897162e-01  -9.853650e-02
44  -1.886883e+00  -2.003596e-01
45  -3.484971e+00  -3.680238e-01
46  -4.225769e+00  -6.987194e-01
47  -3.802401e+00  -9.952200e-01
48  -2.908857e+00  -1.548158e+00
49  4.163117e-01  -2.207757e+00
50  1.346815e+01  -3.013766e+00
51  2.420345e+01  -3.141746e+00
52  4.571690e+01  -3.639254e+00
53  5.387931e+01  -2.104189e+00
54  9.255523e+00  -6.252828e+00
55  -1.198559e+02  -6.803757e+00
56  2.547181e+02  -8.632210e+00
57  4.929233e+02  -6.610252e+00
58  -2.485361e+03  1.793227e+01
59  -1.181671e+04  1.121581e+01
60  -3.370485e+04  8.625474e+01
61  -9.354738e+04  2.348356e+02
62  -2.463351e+05  -9.573887e-01
63  -8.875001e+05  -3.183880e+01
ENDPROP
STARTPROP
MASSES:  4.500000e-02   4.500000e-02
SOURCE: GAM_35
SINKS: GAM_35
0  1.620733e+05  -6.811480e+02
1  -8.372794e+05  -7.812836e+02
2  -2.186394e+05  -3.918083e+02
3  -7.548221e+04  -2.269769e+02
4  -2.668863e+04  -1.008989e+02
5  -8.368049e+03  2.707034e+01
6  -3.109738e+03  7.484582e+01
7  -1.613270e+03  4.172848e+01
8  -5.919075e+02  6.746497e+00
9  -2.159063e+02  2.373244e-01
10  8.575350e+01  9.367364e+00
11  2.073258e+02  1.819388e+01
12  1.896883e+02  1.533162e+01
13  1.341105e+02  1.050874e+01
14  5.068572e+01  5.092868e+00
15  1.285172e+01  2.083579e+00
16  -2.600925e+00  9.994274e-01
17  3.567867e+00  1.935113e-01
18  3.049737e+00  -2.858356e-01
19  2.069184e-01  -1.937982e-01
20  3.160249e-01  -6.167423e-02
21  1.876364e-01  5.134455e-03
22  -9.910982e-02  -1.831974e-02
23  -1.940747e-02  -3.481742e-02
24  9.027685e-02  -3.160986e-02
25  1.316295e-01  -1.852197e-02
26  1.584590e-01  -9.469901e-03
27  1.201950e-01  -5.692575e-03
28  8.457631e-02  -3.557945e-03
29  5.014461e-02  -2.130007e-03
30  1.833020e-02  -1.247278e-03
31  9.870105e-05  -1.682925e-04
32  -3.610560e-03  7.048085e-04
33  3.989530e-04  1.424343e-03
34  1.088466e-02  1.076845e-03
35  6.083016e-03  -1.584652e-03
36  -5.761455e-03  -6.253506e-03
37  5.661326e-03  -1.151159e-02
38  2.716652e-02  -1.533274e-02
39  8.002389e-02  -2.189955e-02
40  8.859129e-02  -1.997697e-02
41  -1.054348e-01  -5.940338e-03
42  -7.141584e-01  -4.171022e-03
43  -1.418421e+00  2.634148e-02
44  -2.119789e+00  1.041145e-01
45  -1.879264e+00  2.025757e-01
46  -1.940541e+00  2.182050e-01
47  -1.806863e+00  5.716402e-02
48  1.779743e+00  3.423684e-01
49  1.985421e+01  4.538873e-01
50  5.555698e+01  -8.451280e-02
51  9.143525e+01  -1.303080e+00
52  1.175795e+02  -4.307430e-01
53  1.365367e+02  -6.691081e+00
54  1.474125e+02  -1.012732e+01
55  1.706683e+02  -8.492635e+00
56  2.715267e+02  -1.870709e+01
57  2.243942e+01  -1.386743e+01
58  -4.237394e+03  4.128277e+00
59  -1.430970e+04  9.318240e+01
60  -3.376873e+04  9.543191e+01
61  -9.085120e+04  -3.223915e+01
62  -2.366024e+05  -1.734975e+02
63  -8.517926e+05  1.771352e+02
ENDPROP
STARTPROP
MASSES:  4.500000e-02   4.500000e-02
SOURCE: GAM_45
SINKS: GAM_45
0  -1.027062e+06  -4.115878e+02
1  1.082748e+06  -2.601877e+02
2  5.112913e+05  -3.097923e+02
3  3.209062e+05  -2.391411e+02
4  1.972326e+05  -3.757882e+01
5  1.206400e+05  7.932327e+01
6  7.331149e+04  6.040032e+01
7  4.472461e+04  8.468444e+00
8  2.710277e+04  2.588816e+01
9  1.637747e+04  2.837972e+01
10  9.922284e+03  1.486324e+01
11  5.860509e+03  7.658023e+00
12  3.499323e+03  1.158079e+01
13  2.081413e+03  9.320579e+00
14  1.231665e+03  8.449636e+00
15  7.410241e+02  5.745778e+00
16  4.469191e+02  3.840672e+00
17  2.736532e+02  2.393486e+00
18  1.682345e+02  1.272046e+00
19  1.031535e+02  8.242868e-01
20  6.368839e+01  5.053792e-01
21  3.903288e+01  3.179975e-01
22  2.371572e+01  1.597052e-01
23  1.438511e+01  7.878036e-02
24  8.739109e+00  3.217585e-02
25  5.278521e+00  1.864770e-02
26  3.320010e+00  8.396532e-03
27  2.013195e+00  3.801651e-03
28  1.246463e+00  6.790262e-04
29  7.890573e-01  -3.229034e-04
30  5.168564e-01  -1.073496e-03
31  3.848618e-01  -1.978504e-03
32  3.431301e-01  -2.802203e-03
33  3.893057e-01  -3.874109e-03
34  5.431590e-01  -6.241475e-03
35  8.335531e-01  -1.027000e-02
36  1.309814e+00  -1.490970e-02
37  2.132938e+00  -2.421906e-02
38  3.485136e+00  -3.926175e-02
39  5.734301e+00  -5.865294e-02
40  9.282898e+00  -9.222850e-02
41  1.525051e+01  -1.506247e-01
42  2.563085e+01  -2.222809e-01
43  4.258234e+01  -3.353966e-01
44  7.017288e+01  -5.347661e-01
45  1.161889e+02  -9.979190e-01
46  1.895538e+02  -1.118570e+00
47  3.102851e+02  -1.508821e+00
48  5.031825e+02  -2.081618e+00
49  8.230313e+02  -3.874205e+00
50  1.366563e+03  -7.280054e+00
51  2.279740e+03  -1.076656e+01
52  3.790714e+03  -1.922249e+01
53  6.298203e+03  -2.630976e+01
54  1.068503e+04  -3.887415e+01
55  1.749667e+04  -4.687731e+01
56  2.905515e+04  -6.796974e+01
57  4.855804e+04  -6.325793e+01
58  7.996158e+04  -2.328706e+01
59  1.296883e+05  7.975963e+01
60  2.095552e+05  2.304611e+01
61  3.300715e+05  -8.621086e+00
62  5.223275e+05  3.910400e+02
63  1.088277e+06  1.806322e+02
ENDPROP
STARTPROP
MASSES:  4.500000e-02   4.500000e-02
SOURCE: PSAX4
SINKS: GAM_4
0  -2.829482e+03  8.354808e+01
1  1.676363e+06  5.885628e+00
2  9.126885e+05  1.712707e+02
3  5.630859e+05  6.270337e+01
4  3.424084e+05  2.382942e+02
5  2.077907e+05  2.343145e+02
6  1.263420e+05  1.439247e+02
7  7.665011e+04  5.768749e+01
8  4.641222e+04  4.615715e+01
9  2.824481e+04  3.059411e+01
10  1.726186e+04  1.154927e+01
11  1.031700e+04  5.037225e+00
12  6.236527e+03  1.402488e+01
13  3.757308e+03  1.276062e+01
14  2.257511e+03  1.226288e+01
15  1.364171e+03  8.616966e+00
16  8.252039e+02  5.275456e+00
17  5.027069e+02  3.255743e+00
18  3.087809e+02  1.674152e+00
19  1.890789e+02  1.052902e+00
20  1.167038e+02  6.786789e-01
21  7.160643e+01  4.166310e-01
22  4.347254e+01  2.020864e-01
23  2.641856e+01  8.242953e-02
24  1.612280e+01  3.011460e-02
25  9.763844e+00  1.828996e-02
26  6.089653e+00  9.275654e-03
27  3.668180e+00  3.802197e-03
28  2.217126e+00  2.514797e-04
29  1.323179e+00  5.923850e-04
30  7.285922e-01  1.081622e-03
31  3.371728e-01  1.350782e-03
32  5.952064e-03  2.080810e-03
33  -3.110166e-01  3.589744e-03
34  -7.114468e-01  5.675344e-03
35  -1.290605e+00  9.669340e-03
36  -2.156625e+00  1.519785e-02
37  -3.582865e+00  2.647179e-02
38  -5.898430e+00  4.530846e-02
39  -9.643892e+00  7.246036e-02
40  -1.566718e+01  1.175475e-01
41  -2.572700e+01  1.896611e-01
42  -4.344391e+01  2.817268e-01
43  -7.257710e+01  4.371030e-01
44  -1.202088e+02  7.096397e-01
45  -1.991162e+02  1.179884e+00
46  -3.293544e+02  1.135883e+00
47  -5.392708e+02  1.284931e+00
48  -8.806277e+02  1.476070e+00
49  -1.433309e+03  3.064052e+00
50  -2.366419e+03  7.295750e+00
51  -3.921506e+03  1.163071e+01
52  -6.481272e+03  2.229784e+01
53  -1.071726e+04  3.058703e+01
54  -1.799917e+04  5.090201e+01
55  -2.953916e+04  7.298592e+01
56  -4.908541e+04  9.203717e+01
57  -8.217642e+04  8.956749e+01
58  -1.350167e+05  6.596774e+01
59  -2.192070e+05  1.771115e+01
60  -3.561911e+05  1.489252e+02
61  -5.707219e+05  1.960658e+02
62  -9.263118e+05  -2.332859e+02
63  -1.685402e+06  -2.522463e+02
ENDPROP
STARTPROP
MASSES:  4.500000e-02   4.500000e-02
SOURCE: WWPSAX4
SINKS: GAM_4
0  2.841578e+07  1.241091e+07
1  1.452178e+09  -1.398624e+06
2  4.098856e+08  -3.241855e+06
3  3.998806e+08  1.871299e+06
4  1.742839e+08  1.300569e+06
5  8.601137e+07  5.807296e+05
6  3.850061e+07  1.762488e+05
7  4.094424e+07  -2.283900e+05
8  1.931532e+07  1.959069e+05
9  1.202799e+07  -3.239419e+04
10  9.774068e+06  1.202248e+04
11  4.674354e+06  5.644535e+04
12  4.111271e+06  2.516341e+04
13  2.241033e+06  -1.504031e+03
14  7.378879e+05  1.331350e+04
15  7.207857e+05  8.222047e+03
16  4.004122e+05  -1.062808e+02
17  3.180570e+05  1.543261e+03
18  2.157421e+05  4.615117e+03
19  1.241020e+05  8.588638e+02
20  6.025469e+04  4.201040e+02
21  3.148798e+04  3.771653e+02
22  1.496240e+04  -8.402126e+01
23  1.460440e+04  6.385280e+01
24  7.411093e+03  2.699213e+01
25  5.151072e+03  8.211888e+01
26  3.356063e+03  1.246668e+01
27  1.732283e+03  2.805070e+01
28  1.005659e+03  -1.231687e+00
29  6.497310e+02  -6.572316e+00
30  3.406721e+02  -2.417061e+00
31  1.975159e+02  -5.187847e+00
32  -2.653802e+00  7.172689e-01
33  -7.004996e+01  6.375733e+00
34  -2.806624e+02  -3.203156e+00
35  -6.648360e+02  6.546203e+00
36  -1.078852e+03  1.732801e+01
37  -1.832671e+03  2.074601e+01
38  -3.456385e+03  5.979932e+01
39  -4.834713e+03  -2.139874e+00
40  -8.097272e+03  2.859695e+01
41  -1.734371e+04  1.839870e+02
42  -2.545452e+04  2.573813e+02
43  -3.322917e+04  2.455057e+02
44  -5.306315e+04  2.608555e+02
45  -1.074596e+05  -1.335747e+03
46  -2.124859e+05  9.073643e+02
47  -2.124990e+05  -1.790268e+03
48  -4.881119e+05  3.653032e+03
49  -6.701452e+05  -3.132297e+03
50  -8.761883e+05  7.266619e+03
51  -1.935694e+06  -2.786157e+04
52  -2.578041e+06  1.489835e+04
53  -5.795945e+06  5.603043e+04
54  -8.229109e+06  -1.249645e+04
55  -9.514113e+06  8.184960e+04
56  -2.783480e+07  3.000610e+05
57  -4.391216e+07  -4.821752e+05
58  -7.091740e+07  6.592632e+05
59  -1.375744e+08  -6.625117e+05
60  -2.558097e+08  -1.237786e+06
61  -2.045580e+08  7.864300e+05
62  -8.153554e+08  2.310945e+06
63  -1.477636e+09  -1.243117e+06
ENDPROP
STARTPROP
MASSES:  4.500000e-02   4.500000e-02
SOURCE: WWGAM_5
SINKS: GAM_5
0  2.067069e+10  -2.922363e-02
1  2.129450e+09  -3.057540e+05
2  7.899973e+08  -1.538152e+06
3  5.842732e+08  1.823907e+06
4  3.221438e+08  9.975111e+05
5  1.748433e+08  4.433639e+05
6  9.052701e+07  1.867401e+05
7  6.419681e+07  -1.165611e+05
8  3.564616e+07  1.403058e+05
9  2.537790e+07  1.003021e+05
10  1.489199e+07  -8.331524e+03
11  8.435634e+06  8.220885e+04
12  5.854435e+06  4.196064e+04
13  3.521819e+06  -1.024751e+04
14  1.631498e+06  1.409390e+04
15  1.182889e+06  1.288814e+04
16  6.759348e+05  3.250136e+03
17  4.805733e+05  3.670232e+03
18  3.305605e+05  4.743116e+03
19  1.740100e+05  8.273182e+02
20  9.263326e+04  3.920431e+02
21  5.188684e+04  2.244312e+02
22  2.888081e+04  2.559063e+01
23  2.308252e+04  1.310520e+02
24  1.183048e+04  6.627683e+01
25  7.856167e+03  1.235867e+02
26  4.821034e+03  1.795950e+01
27  3.225149e+03  3.482433e+01
28  1.625778e+03  1.527117e+01
29  1.162342e+03  -1.008874e+01
30  7.656588e+02  -3.111529e+00
31  6.233953e+02  4.789818e+00
32  4.546886e+02  1.903494e+00
33  4.901050e+02  1.605813e+00
34  7.251701e+02  7.053471e+00
35  1.270764e+03  -1.231111e+01
36  1.724524e+03  -1.685738e+01
37  3.049728e+03  -2.678366e+01
38  4.813134e+03  -8.408628e+01
39  8.323132e+03  4.660216e+00
40  1.397056e+04  -7.193666e+01
41  2.574835e+04  -2.382642e+02
42  4.626389e+04  -6.347265e+02
43  5.784308e+04  -5.455801e+02
44  8.917707e+04  -8.755550e+02
45  1.726028e+05  1.200741e+03
46  3.181895e+05  -8.818939e+02
47  3.489771e+05  1.573615e+03
48  7.999337e+05  -1.072844e+04
49  1.296495e+06  -3.555084e+03
50  1.570710e+06  -3.169949e+03
51  3.337335e+06  1.848237e+04
52  4.934761e+06  -2.771157e+04
53  9.459716e+06  -2.090598e+04
54  1.440746e+07  -8.051193e+04
55  1.783964e+07  -7.623659e+04
56  4.524050e+07  -1.162114e+05
57  6.989173e+07  2.770604e+05
58  1.103355e+08  -6.973465e+05
59  2.093987e+08  4.821679e+05
60  3.879128e+08  1.633941e+06
61  3.875666e+08  -6.656163e+05
62  1.116110e+09  -2.608786e+06
63  2.073320e+09  1.250416e+06
ENDPROP
