STARTPROP
MASSES:  4.500000e-02   4.500000e-02
SOURCE: GAM_1
SINKS: GAM_1
0  1.371423e+06  1.320461e+03
1  1.999076e+06  7.635612e+02
2  8.874462e+05  4.286883e+02
3  4.466465e+05  2.364884e+02
4  2.172064e+05  2.254275e+02
5  1.034996e+05  2.356459e+02
6  5.008609e+04  1.903749e+02
7  2.472270e+04  1.544825e+02
8  1.176330e+04  7.664804e+01
9  5.646934e+03  3.074025e+01
10  2.803462e+03  1.109418e+01
11  1.221200e+03  -4.396632e+00
12  4.893496e+02  -6.736939e+00
13  1.486705e+02  -6.453843e+00
14  5.991601e+01  -4.067132e+00
15  2.375145e+01  -1.499686e+00
16  3.297796e+00  3.979667e-01
17  -2.529065e+00  7.566279e-01
18  -3.457229e+00  2.392080e-01
19  -2.387145e+00  7.753578e-02
20  3.843334e-01  1.512666e-01
21  1.642869e+00  9.678105e-02
22  1.398892e+00  7.288182e-02
23  9.425218e-01  3.400915e-02
24  1.906275e-01  1.786796e-02
25  -1.052188e-01  1.689209e-02
26  -4.156081e-02  2.226393e-02
27  2.250539e-02  1.606629e-02
28  2.684557e-02  8.380420e-03
29  6.127812e-03  3.283839e-03
30  -3.872004e-03  -2.967536e-04
31  -1.723350e-02  -1.069349e-03
32  -2.728174e-02  -1.461422e-03
33  -3.616863e-02  -1.451798e-03
34  -5.099555e-02  -1.390013e-03
35  -7.550313e-02  -2.588176e-03
36  -1.064441e-01  -4.895106e-03
37  -1.675008e-01  -8.712270e-03
38  -2.755698e-01  -7.908825e-03
39  -3.600636e-01  -1.040490e-02
40  -4.862641e-01  -2.300555e-02
41  -6.368076e-01  -2.490785e-02
42  -1.126097e+00  -1.574110e-02
43  -2.295432e+00  -5.027966e-02
44  -3.154003e+00  -1.676752e-01
45  -1.768763e+00  -2.196127e-01
46  4.676308e+00  -4.923858e-01
47  1.667455e+01  -6.512403e-01
48  4.317338e+01  -1.733910e+00
49  8.876568e+01  -3.480412e+00
50  1.917203e+02  -3.315751e+00
51  4.003925e+02  1.844536e+00
52  7.254990e+02  8.951514e+00
53  1.313164e+03  1.694135e+01
54  2.276650e+03  3.129309e+01
55  4.261014e+03  2.613941e+01
56  9.996995e+03  1.611563e+01
57  2.333096e+04  3.099235e+01
58  4.908464e+04  1.018395e+01
59  1.047482e+05  3.505139e+01
60  2.239347e+05  1.590215e+02
61  4.632921e+05  3.936036e+02
62  9.154734e+05  7.399109e+02
63  2.009316e+06  1.207641e+03
ENDPROP
STARTPROP
MASSES:  4.500000e-02   4.500000e-02
SOURCE: GAM_2
SINKS: GAM_2
0  1.350521e+06  -1.436757e+02
1  2.004166e+06  -3.889609e+02
2  8.945253e+05  -5.544833e+02
3  4.506154e+05  -1.705510e+02
4  2.171083e+05  -8.878351e+01
5  1.018041e+05  -1.751431e+01
6  4.892942e+04  -2.120767e+01
7  2.368970e+04  -4.252410e+01
8  1.136282e+04  -1.483524e+01
9  5.873159e+03  -1.002016e+01
10  2.872618e+03  -1.663600e+01
11  1.360631e+03  -1.047356e+01
12  5.216626e+02  -8.063121e+00
13  2.021188e+02  -3.756610e+00
14  9.411462e+01  -9.674320e-01
15  5.399880e+01  -2.375995e-01
16  1.700542e+01  -5.447519e-01
17  2.312571e+00  -1.520025e-01
18  1.542395e+00  9.439539e-02
19  2.195753e-01  1.637316e-01
20  -7.978174e-01  1.425632e-01
21  1.234838e-01  9.282523e-02
22  3.210855e-01  4.678331e-02
23  1.802366e-01  2.941193e-02
24  -7.269447e-04  1.404028e-02
25  5.214510e-02  4.950935e-03
26  6.284451e-02  -1.135486e-03
27  1.133939e-01  -2.588643e-03
28  9.829008e-02  -2.036276e-03
29  6.181396e-02  -7.221492e-04
30  4.860254e-02  -5.944784e-04
31  2.896475e-02  -3.570037e-04
32  9.987406e-03  8.389313e-05
33  -1.828143e-03  9.080472e-04
34  -1.450151e-02  1.115972e-03
35  -2.724835e-02  1.104183e-03
36  -5.485380e-02  -7.219882e-06
37  -6.820195e-02  -2.454367e-03
38  -6.592274e-02  -8.518501e-03
39  -9.099050e-02  -1.666835e-02
40  8.382081e-02  -1.669217e-02
41  1.483048e-02  -2.229843e-02
42  1.648478e-01  -2.809985e-02
43  -7.728176e-02  -5.636401e-02
44  -5.980515e-01  4.156150e-02
45  -1.575200e+00  1.569792e-01
46  -5.266339e+00  -5.855884e-02
47  -1.099674e+01  4.714979e-02
48  -1.315986e+01  7.829388e-02
49  -6.918913e+00  1.790929e-01
50  4.277611e+01  5.560626e-01
51  2.137850e+02  -5.885479e-02
52  5.832670e+02  -5.569227e+00
53  1.312606e+03  -9.225686e+00
54  2.667699e+03  -1.006722e+01
55  5.439387e+03  1.022338e+01
56  1.092720e+04  2.400393e+01
57  2.247719e+04  5.412615e+00
58  4.871667e+04  -2.468726e+01
59  1.055202e+05  -1.892365e-01
60  2.174552e+05  1.465602e+02
61  4.401289e+05  -5.114532e+01
62  8.782788e+05  3.761833e+01
63  1.971478e+06  8.961746e+01
ENDPROP
STARTPROP
MASSES:  4.500000e-02   4.500000e-02
SOURCE: GAM_3
SINKS: GAM_3
0  1.326743e+06  -3.088940e+02
1  1.966153e+06  -2.698276e+02
2  8.561863e+05  -1.895082e+02
3  4.283883e+05  -6.741741e+01
4  2.042201e+05  -7.620295e+01
5  9.883279e+04  -2.541903e+01
6  4.559942e+04  1.236067e+01
7  1.999917e+04  7.683238e+01
8  9.551299e+03  3.819384e+01
9  4.222935e+03  2.294430e+01
10  1.900971e+03  1.848813e+01
11  1.033951e+03  1.485608e+01
12  5.849167e+02  8.043161e+00
13  2.402367e+02  6.116213e+00
14  1.064567e+02  2.969817e+00
15  6.042779e+01  1.200587e+00
16  2.465642e+01  6.222546e-01
17  1.161107e+00  5.519054e-02
18  -6.555825e-01  1.966946e-01
19  -9.557289e-01  9.310230e-02
20  -5.696137e-01  1.516254e-01
21  -1.005001e+00  1.521094e-01
22  -1.013183e-01  1.064502e-01
23  -2.840351e-01  6.542628e-02
24  -5.560001e-01  3.399524e-02
25  -3.799523e-01  2.112534e-02
26  -1.684467e-01  9.314901e-03
27  -2.247022e-02  2.077424e-03
28  -2.578116e-02  9.612512e-04
29  -4.120939e-02  -1.332630e-04
30  -3.670499e-02  -9.090512e-04
31  -2.923316e-02  -5.811085e-04
32  -2.314197e-02  -3.090699e-04
33  -1.761936e-02  1.676818e-04
34  -2.292409e-02  1.476390e-03
35  -3.306443e-02  3.007688e-03
36  -2.594398e-02  8.006214e-03
37  2.698150e-02  1.743669e-02
38  1.555181e-01  3.051218e-02
39  2.754222e-01  4.481822e-02
40  2.336348e-01  5.818056e-02
41  -4.495241e-01  7.696824e-02
42  -1.394289e+00  1.214266e-01
43  -1.452763e+00  2.420300e-01
44  -1.740958e+00  4.783649e-01
45  -5.202927e-01  5.972358e-01
46  1.852536e+00  8.823794e-01
47  1.053784e+01  1.614938e+00
48  1.669668e+01  1.478590e+00
49  9.850914e+00  -5.543424e-02
50  2.657218e+01  -3.796015e+00
51  1.659872e+02  -8.864367e+00
52  4.799698e+02  -1.143498e+01
53  1.267014e+03  -8.280008e+00
54  2.849372e+03  -7.568996e+00
55  5.597584e+03  -2.231293e+01
56  1.164429e+04  -3.652641e+01
57  2.362330e+04  -3.996181e+01
58  4.782982e+04  2.869394e+00
59  9.948116e+04  1.722102e+02
60  2.022177e+05  3.389951e+02
61  4.247460e+05  4.965703e+02
62  8.628913e+05  5.148023e+02
63  1.956552e+06  1.240061e+02
ENDPROP
STARTPROP
MASSES:  4.500000e-02   4.500000e-02
SOURCE: GAM_4
SINKS: GAM_4
0  2.142161e+06  2.697208e+02
1  -2.801409e+05  -2.363133e+02
2  -6.893886e+02  -2.444346e-01
3  -2.452386e+03  -1.308627e+02
4  1.252104e+02  -1.022297e+02
5  -4.843135e+01  -8.616460e+01
6  -1.303124e+02  -5.793734e+01
7  2.297893e+01  -1.441840e+01
8  2.411864e+01  -4.381456e+00
9  -3.452333e-01  -1.380572e+00
10  -4.592836e+01  4.202691e+00
11  1.259866e+01  3.294588e+00
12  6.420839e+00  1.912427e+00
13  1.847123e+00  4.983844e-01
14  3.273483e+00  -1.200983e-01
15  1.837516e+00  4.163010e-01
16  1.970726e+00  -2.233732e-02
17  -9.747545e-01  8.516126e-02
18  1.052110e+00  1.142802e-01
19  1.755102e-02  8.754728e-02
20  -1.919810e-02  3.770682e-02
21  1.599156e-02  -7.948071e-03
22  -3.069131e-02  8.464697e-03
23  -4.353964e-02  1.547538e-02
24  2.233205e-02  4.899066e-03
25  1.801622e-02  1.535938e-03
26  1.701336e-02  2.345588e-03
27  -2.109953e-03  4.420928e-04
28  6.470777e-03  -4.272560e-04
29  6.158715e-03  -5.627645e-04
30  7.026919e-03  -1.154235e-04
31  4.938314e-03  -1.241167e-04
32  4.475820e-03  -4.236523e-04
33  5.830774e-03  -6.724911e-04
34  2.587418e-03  -8.282498e-04
35  9.114255e-03  -6.929361e-04
36  2.332310e-03  -1.380878e-03
37  3.272421e-03  -3.180976e-03
38  1.237237e-02  -3.919257e-03
39  2.276737e-03  -6.641401e-03
40  8.389258e-03  -2.997509e-03
41  -2.867473e-02  -3.939129e-03
42  5.249087e-02  -1.334186e-02
43  -2.182462e-01  -1.436781e-02
44  -1.514066e-01  -1.541688e-02
45  3.778855e-01  5.682680e-02
46  -7.931904e-01  4.530865e-02
47  2.909117e-01  7.610953e-02
48  -2.003453e-01  1.486776e-01
49  1.353288e+00  1.798590e-01
50  -3.928852e+00  -1.186715e-01
51  -7.634253e+00  -5.390114e-01
52  -1.629195e+01  -9.922138e-01
53  -5.278706e+00  -3.998981e+00
54  2.783236e+01  -9.472900e+00
55  7.547560e+01  -2.172533e+01
56  -4.899992e+01  -2.323706e+01
57  6.597051e+01  -3.364016e+01
58  -1.334706e+02  -2.998925e+01
59  -2.718634e+02  -6.927533e+01
60  -7.030624e+02  -1.456011e+02
61  -1.776572e+03  -9.132109e+01
62  -1.821211e+03  8.790896e+01
63  -2.729595e+05  4.383051e+02
ENDPROP
STARTPROP
MASSES:  4.500000e-02   4.500000e-02
SOURCE: GAM_5
SINKS: GAM_5
0  5.515127e+06  1.325744e+03
1  5.396899e+06  1.273197e+03
2  3.383364e+06  4.133232e+02
3  2.192283e+06  3.503514e+02
4  1.369048e+06  1.911668e+02
5  8.458892e+05  -2.288714e+02
6  5.216476e+05  -1.400533e+02
7  3.233407e+05  2.582792e+02
8  1.989795e+05  3.929124e+02
9  1.212043e+05  4.092603e+02
10  7.384622e+04  3.093638e+02
11  4.558919e+04  1.699583e+02
12  2.813426e+04  1.033365e+02
13  1.718601e+04  6.415093e+01
14  1.047385e+04  4.053915e+01
15  6.317637e+03  2.488219e+01
16  3.845589e+03  1.227946e+01
17  2.338325e+03  4.737933e+00
18  1.427388e+03  2.869429e+00
19  8.679794e+02  1.537888e+00
20  5.222791e+02  1.110516e+00
21  3.157775e+02  8.499723e-01
22  1.894824e+02  4.126823e-01
23  1.128258e+02  2.499301e-01
24  6.711540e+01  1.050031e-01
25  4.081347e+01  5.470950e-02
26  2.495865e+01  3.303588e-02
27  1.506807e+01  1.796641e-02
28  9.103678e+00  1.084029e-02
29  5.703443e+00  1.112645e-02
30  3.836711e+00  7.916784e-03
31  2.873059e+00  6.117359e-03
32  2.606150e+00  5.518880e-03
33  2.930752e+00  6.080015e-03
34  4.045161e+00  8.999698e-03
35  6.101740e+00  1.303840e-02
36  9.745860e+00  1.669511e-02
37  1.607235e+01  2.415715e-02
38  2.689882e+01  2.756689e-02
39  4.417522e+01  6.715155e-03
40  7.173962e+01  -2.558901e-02
41  1.164738e+02  -2.934920e-02
42  1.888754e+02  -1.612425e-02
43  3.092061e+02  -3.464041e-01
44  5.132982e+02  -9.308090e-01
45  8.564101e+02  -7.348176e-01
46  1.395683e+03  2.258699e-01
47  2.279435e+03  1.625613e+00
48  3.776634e+03  3.099928e+00
49  6.325311e+03  6.387512e+00
50  1.042657e+04  1.682636e+01
51  1.664933e+04  3.222864e+01
52  2.688970e+04  5.141605e+01
53  4.432732e+04  3.819116e+01
54  7.285988e+04  4.338617e+01
55  1.188855e+05  6.485677e+01
56  1.952607e+05  5.837597e+01
57  3.130525e+05  2.089363e+02
58  5.039403e+05  6.734710e+02
59  8.322596e+05  1.411825e+03
60  1.364753e+06  2.167418e+03
61  2.210958e+06  1.854187e+03
62  3.444995e+06  1.854439e+03
63  5.414600e+06  1.679407e+03
ENDPROP
STARTPROP
MASSES:  4.500000e-02   4.500000e-02
SOURCE: GAM_12
SINKS: GAM_12
0  9.363172e+05  -2.526512e+01
1  -6.348796e+05  -8.399383e+01
2  -1.358609e+05  8.310194e+01
3  -5.038981e+04  -1.660282e+00
4  -1.507723e+04  -5.194952e+01
5  -4.699336e+03  -2.710730e+00
6  -2.017235e+03  1.049562e+01
7  -9.060637e+02  3.440909e+01
8  -4.125030e+02  1.470024e+01
9  -1.753534e+02  1.653828e+01
10  -5.123057e+01  8.635933e+00
11  -3.091279e+01  4.234413e+00
12  -2.915202e+01  8.848656e-01
13  -5.996396e+00  5.071629e-01
14  1.863867e+01  1.957141e-01
15  1.197350e+01  -2.998426e-01
16  2.129966e+00  -2.219806e-01
17  1.469346e+00  3.034560e-01
18  -1.172188e+00  2.606660e-01
19  -2.419343e+00  2.272836e-01
20  -1.015588e+00  1.565755e-01
21  9.181746e-05  7.421145e-02
22  1.179411e-01  3.997733e-02
23  2.508550e-01  9.933087e-03
24  1.914299e-01  -3.496962e-03
25  2.796139e-02  -1.343214e-03
26  3.841024e-02  2.804034e-03
27  1.341568e-02  2.091047e-03
28  2.511415e-06  2.691114e-03
29  -1.152208e-02  2.033043e-03
30  -1.089138e-02  1.259848e-03
31  -8.204846e-03  1.015593e-03
32  -8.965476e-03  7.682773e-04
33  -5.691074e-03  6.511463e-04
34  -7.936775e-04  1.000029e-03
35  5.978270e-03  7.542907e-04
36  1.737232e-02  4.862195e-04
37  3.346996e-02  -2.504141e-03
38  -1.817232e-03  -7.502464e-03
39  -2.292122e-02  -1.342972e-02
40  -7.576300e-02  -1.530506e-02
41  -3.073148e-01  -1.289306e-02
42  -3.617056e-01  -5.821767e-03
43  -3.243885e-01  -2.563865e-02
44  6.137951e-01  -2.651430e-02
45  2.325417e+00  3.522944e-02
46  5.141826e+00  1.993926e-01
47  7.255150e+00  5.304468e-01
48  1.022896e+01  8.340472e-01
49  6.669022e+00  4.492877e-01
50  -5.381837e+00  -9.719866e-01
51  -1.630810e+01  -2.943835e-01
52  1.750410e+01  -2.340047e+00
53  4.687328e+01  -3.339579e+00
54  -2.884984e+01  -5.180299e+00
55  -1.779731e+02  -3.817901e+00
56  -6.250325e+02  3.066357e+00
57  -1.282124e+03  6.143322e+00
58  -3.081741e+03  1.478098e+01
59  -7.631122e+03  8.082975e+00
60  -1.973926e+04  7.567370e+01
61  -4.708181e+04  1.431486e+02
62  -1.252641e+05  -3.241019e+01
63  -6.086437e+05  1.909791e+02
ENDPROP
STARTPROP
MASSES:  4.500000e-02   4.500000e-02
SOURCE: GAM_21
SINKS: GAM_21
0  9.363172e+05  -2.526512e+01
1  -6.348796e+05  -8.399383e+01
2  -1.358609e+05  8.310194e+01
3  -5.038981e+04  -1.660282e+00
4  -1.507723e+04  -5.194952e+01
5  -4.699336e+03  -2.710730e+00
6  -2.017235e+03  1.049562e+01
7  -9.060637e+02  3.440909e+01
8  -4.125030e+02  1.470024e+01
9  -1.753534e+02  1.653828e+01
10  -5.123057e+01  8.635933e+00
11  -3.091279e+01  4.234413e+00
12  -2.915202e+01  8.848656e-01
13  -5.996396e+00  5.071629e-01
14  1.863867e+01  1.957141e-01
15  1.197350e+01  -2.998426e-01
16  2.129966e+00  -2.219806e-01
17  1.469346e+00  3.034560e-01
18  -1.172188e+00  2.606660e-01
19  -2.419343e+00  2.272836e-01
20  -1.015588e+00  1.565755e-01
21  9.181746e-05  7.421145e-02
22  1.179411e-01  3.997733e-02
23  2.508550e-01  9.933087e-03
24  1.914299e-01  -3.496962e-03
25  2.796139e-02  -1.343214e-03
26  3.841024e-02  2.804034e-03
27  1.341568e-02  2.091047e-03
28  2.511415e-06  2.691114e-03
29  -1.152208e-02  2.033043e-03
30  -1.089138e-02  1.259848e-03
31  -8.204846e-03  1.015593e-03
32  -8.965476e-03  7.682773e-04
33  -5.691074e-03  6.511463e-04
34  -7.936775e-04  1.000029e-03
35  5.978270e-03  7.542907e-04
36  1.737232e-02  4.862195e-04
37  3.346996e-02  -2.504141e-03
38  -1.817232e-03  -7.502464e-03
39  -2.292122e-02  -1.342972e-02
40  -7.576300e-02  -1.530506e-02
41  -3.073148e-01  -1.289306e-02
42  -3.617056e-01  -5.821767e-03
43  -3.243885e-01  -2.563865e-02
44  6.137951e-01  -2.651430e-02
45  2.325417e+00  3.522944e-02
46  5.141826e+00  1.993926e-01
47  7.255150e+00  5.304468e-01
48  1.022896e+01  8.340472e-01
49  6.669022e+00  4.492877e-01
50  -5.381837e+00  -9.719866e-01
51  -1.630810e+01  -2.943835e-01
52  1.750410e+01  -2.340047e+00
53  4.687328e+01  -3.339579e+00
54  -2.884984e+01  -5.180299e+00
55  -1.779731e+02  -3.817901e+00
56  -6.250325e+02  3.066357e+00
57  -1.282124e+03  6.143322e+00
58  -3.081741e+03  1.478098e+01
59  -7.631122e+03  8.082975e+00
60  -1.973926e+04  7.567370e+01
61  -4.708181e+04  1.431486e+02
62  -1.252641e+05  -3.241019e+01
63  -6.086437e+05  1.909791e+02
ENDPROP
STARTPROP
MASSES:  4.500000e-02   4.500000e-02
SOURCE: GAM_13
SINKS: GAM_13
0  9.612897e+05  -1.161539e+02
1  -6.139689e+05  -1.069277e+02
2  -1.246328e+05  -2.063339e+01
3  -4.400188e+04  4.350234e+01
4  -1.244491e+04  1.089126e+02
5  -3.599219e+03  1.310075e+02
6  -1.043701e+03  8.791838e+01
7  -3.838074e+02  3.892920e+01
8  7.062974e+01  1.161350e+01
9  9.947367e+01  4.878004e+00
10  7.268077e+01  8.961463e-01
11  -2.204066e+01  7.633056e-01
12  -3.130842e+01  1.962317e+00
13  -5.321514e+00  9.472935e-01
14  5.805754e+00  9.306556e-01
15  -6.279370e+00  5.166528e-01
16  -7.296116e+00  4.957459e-01
17  -3.311858e+00  2.667726e-01
18  1.001250e+00  2.234348e-01
19  7.461891e-01  1.478528e-01
20  4.925803e-01  1.794897e-02
21  3.366089e-01  -4.188334e-03
22  3.329928e-01  -8.594574e-03
23  2.227890e-01  -2.674062e-03
24  4.921895e-02  -1.288755e-03
25  1.633756e-02  7.399970e-04
26  1.287862e-02  5.160659e-04
27  9.313590e-03  -2.857886e-04
28  1.126034e-03  7.038731e-04
29  -7.675266e-03  3.280589e-04
30  -3.243041e-03  6.094898e-04
31  -1.140875e-03  4.342481e-04
32  -5.351985e-03  3.232100e-04
33  -3.011826e-03  -5.583325e-04
34  -4.249177e-04  -7.827960e-04
35  8.404044e-03  -1.465157e-03
36  -4.573308e-03  -1.542797e-03
37  9.481418e-03  -1.487044e-03
38  2.614776e-02  -6.482651e-03
39  2.961890e-02  -1.315924e-02
40  -1.914432e-03  -2.194436e-02
41  3.391373e-03  -3.833308e-02
42  5.628239e-02  -5.116771e-02
43  -4.268441e-02  -5.405167e-02
44  -6.297533e-01  -5.906522e-02
45  -1.121528e+00  -9.117366e-02
46  -9.422809e-01  -9.914821e-02
47  3.046236e+00  1.844471e-01
48  3.571599e+00  3.986940e-01
49  3.534751e+00  4.871915e-02
50  -5.011084e+00  -6.807286e-02
51  -3.907007e+01  -7.785555e-01
52  -1.144600e+02  5.968242e-02
53  -2.037203e+02  -1.971738e+00
54  -4.125077e+02  -5.666225e+00
55  -5.713222e+02  5.107519e+00
56  -9.247754e+02  1.678295e+00
57  -1.861263e+03  -1.263025e+01
58  -2.771067e+03  -2.228597e+01
59  -3.724481e+03  -9.060939e+01
60  -1.294702e+04  -1.844951e+02
61  -4.316437e+04  -2.828356e+02
62  -1.234506e+05  -2.337030e+02
63  -5.996129e+05  -1.500152e+02
ENDPROP
STARTPROP
MASSES:  4.500000e-02   4.500000e-02
SOURCE: GAM_31
SINKS: GAM_31
0  9.612897e+05  -1.161539e+02
1  -6.139689e+05  -1.069277e+02
2  -1.246328e+05  -2.063339e+01
3  -4.400188e+04  4.350234e+01
4  -1.244491e+04  1.089126e+02
5  -3.599219e+03  1.310075e+02
6  -1.043701e+03  8.791838e+01
7  -3.838074e+02  3.892920e+01
8  7.062974e+01  1.161350e+01
9  9.947367e+01  4.878004e+00
10  7.268077e+01  8.961463e-01
11  -2.204066e+01  7.633056e-01
12  -3.130842e+01  1.962317e+00
13  -5.321514e+00  9.472935e-01
14  5.805754e+00  9.306556e-01
15  -6.279370e+00  5.166528e-01
16  -7.296116e+00  4.957459e-01
17  -3.311858e+00  2.667726e-01
18  1.001250e+00  2.234348e-01
19  7.461891e-01  1.478528e-01
20  4.925803e-01  1.794897e-02
21  3.366089e-01  -4.188334e-03
22  3.329928e-01  -8.594574e-03
23  2.227890e-01  -2.674062e-03
24  4.921895e-02  -1.288755e-03
25  1.633756e-02  7.399970e-04
26  1.287862e-02  5.160659e-04
27  9.313590e-03  -2.857886e-04
28  1.126034e-03  7.038731e-04
29  -7.675266e-03  3.280589e-04
30  -3.243041e-03  6.094898e-04
31  -1.140875e-03  4.342481e-04
32  -5.351985e-03  3.232100e-04
33  -3.011826e-03  -5.583325e-04
34  -4.249177e-04  -7.827960e-04
35  8.404044e-03  -1.465157e-03
36  -4.573308e-03  -1.542797e-03
37  9.481418e-03  -1.487044e-03
38  2.614776e-02  -6.482651e-03
39  2.961890e-02  -1.315924e-02
40  -1.914432e-03  -2.194436e-02
41  3.391373e-03  -3.833308e-02
42  5.628239e-02  -5.116771e-02
43  -4.268441e-02  -5.405167e-02
44  -6.297533e-01  -5.906522e-02
45  -1.121528e+00  -9.117366e-02
46  -9.422809e-01  -9.914821e-02
47  3.046236e+00  1.844471e-01
48  3.571599e+00  3.986940e-01
49  3.534751e+00  4.871915e-02
50  -5.011084e+00  -6.807286e-02
51  -3.907007e+01  -7.785555e-01
52  -1.144600e+02  5.968242e-02
53  -2.037203e+02  -1.971738e+00
54  -4.125077e+02  -5.666225e+00
55  -5.713222e+02  5.107519e+00
56  -9.247754e+02  1.678295e+00
57  -1.861263e+03  -1.263025e+01
58  -2.771067e+03  -2.228597e+01
59  -3.724481e+03  -9.060939e+01
60  -1.294702e+04  -1.844951e+02
61  -4.316437e+04  -2.828356e+02
62  -1.234506e+05  -2.337030e+02
63  -5.996129e+05  -1.500152e+02
ENDPROP
STARTPROP
MASSES:  4.500000e-02   4.500000e-02
SOURCE: GAM_14
SINKS: GAM_14
0  1.971692e+05  -8.399096e+02
1  1.426272e+06  -2.044156e+02
2  5.768481e+05  -2.649971e+02
3  2.875412e+05  7.046012e+01
4  1.372070e+05  -1.650062e+01
5  6.486937e+04  4.367558e+01
6  3.048939e+04  3.915928e+01
7  1.417330e+04  4.081190e+01
8  6.532011e+03  2.347786e+01
9  3.291098e+03  1.327103e+01
10  1.740077e+03  1.031378e+01
11  8.052368e+02  8.694800e-01
12  3.082103e+02  -3.734278e-01
13  7.579633e+01  -1.777777e+00
14  2.024494e+01  -2.112971e+00
15  -2.029650e+00  -1.221311e+00
16  -5.116339e+00  -6.041042e-01
17  -3.197533e+00  -8.105848e-02
18  1.343197e+00  -1.441091e-01
19  3.567755e+00  -1.359342e-01
20  2.254597e+00  -1.407584e-02
21  1.418438e+00  3.509745e-02
22  9.914840e-01  3.883494e-02
23  5.121253e-01  1.499405e-02
24  1.668141e-01  1.514507e-03
25  1.610314e-01  1.819477e-03
26  1.457023e-01  3.594512e-03
27  9.688125e-02  1.053615e-04
28  4.539513e-02  1.738776e-04
29  1.675204e-02  -1.186282e-03
30  -7.120382e-03  -8.974627e-04
31  -1.352397e-02  -1.959456e-04
32  -2.015377e-02  -4.020224e-04
33  -2.406896e-02  -4.744943e-04
34  -3.676720e-02  -1.167128e-04
35  -5.931712e-02  8.046555e-05
36  -7.934135e-02  3.007739e-04
37  -9.605793e-02  -2.064612e-03
38  -1.243140e-01  -4.675771e-03
39  -1.292078e-01  -1.464204e-02
40  -1.118142e-03  -2.815516e-02
41  2.593621e-01  -3.816535e-02
42  5.205644e-01  -1.571446e-02
43  7.740976e-01  -4.685563e-02
44  8.192461e-01  -1.668370e-01
45  -8.361171e-02  -3.128519e-01
46  -6.074562e-01  -6.439203e-01
47  4.713280e+00  -9.239314e-01
48  1.748719e+01  -1.530704e+00
49  3.305200e+01  -2.139208e+00
50  9.329594e+01  -2.986199e+00
51  1.968595e+02  -2.285051e-01
52  3.761923e+02  9.165457e-01
53  9.222649e+02  4.371799e+00
54  1.654295e+03  6.354474e+00
55  3.202626e+03  1.327860e+01
56  6.848929e+03  1.221577e+01
57  1.505493e+04  -1.174228e+01
58  3.149872e+04  -2.213437e+01
59  6.507430e+04  4.996548e+01
60  1.335382e+05  1.233437e+02
61  2.829828e+05  3.225900e+02
62  5.766839e+05  1.246444e+02
63  1.418011e+06  -1.121321e+02
ENDPROP
STARTPROP
MASSES:  4.500000e-02   4.500000e-02
SOURCE: GAM_41
SINKS: GAM_41
0  1.971692e+05  -8.399096e+02
1  1.426272e+06  -2.044156e+02
2  5.768481e+05  -2.649971e+02
3  2.875412e+05  7.046012e+01
4  1.372070e+05  -1.650062e+01
5  6.486937e+04  4.367558e+01
6  3.048939e+04  3.915928e+01
7  1.417330e+04  4.081190e+01
8  6.532011e+03  2.347786e+01
9  3.291098e+03  1.327103e+01
10  1.740077e+03  1.031378e+01
11  8.052368e+02  8.694800e-01
12  3.082103e+02  -3.734278e-01
13  7.579633e+01  -1.777777e+00
14  2.024494e+01  -2.112971e+00
15  -2.029650e+00  -1.221311e+00
16  -5.116339e+00  -6.041042e-01
17  -3.197533e+00  -8.105848e-02
18  1.343197e+00  -1.441091e-01
19  3.567755e+00  -1.359342e-01
20  2.254597e+00  -1.407584e-02
21  1.418438e+00  3.509745e-02
22  9.914840e-01  3.883494e-02
23  5.121253e-01  1.499405e-02
24  1.668141e-01  1.514507e-03
25  1.610314e-01  1.819477e-03
26  1.457023e-01  3.594512e-03
27  9.688125e-02  1.053615e-04
28  4.539513e-02  1.738776e-04
29  1.675204e-02  -1.186282e-03
30  -7.120382e-03  -8.974627e-04
31  -1.352397e-02  -1.959456e-04
32  -2.015377e-02  -4.020224e-04
33  -2.406896e-02  -4.744943e-04
34  -3.676720e-02  -1.167128e-04
35  -5.931712e-02  8.046555e-05
36  -7.934135e-02  3.007739e-04
37  -9.605793e-02  -2.064612e-03
38  -1.243140e-01  -4.675771e-03
39  -1.292078e-01  -1.464204e-02
40  -1.118142e-03  -2.815516e-02
41  2.593621e-01  -3.816535e-02
42  5.205644e-01  -1.571446e-02
43  7.740976e-01  -4.685563e-02
44  8.192461e-01  -1.668370e-01
45  -8.361171e-02  -3.128519e-01
46  -6.074562e-01  -6.439203e-01
47  4.713280e+00  -9.239314e-01
48  1.748719e+01  -1.530704e+00
49  3.305200e+01  -2.139208e+00
50  9.329594e+01  -2.986199e+00
51  1.968595e+02  -2.285051e-01
52  3.761923e+02  9.165457e-01
53  9.222649e+02  4.371799e+00
54  1.654295e+03  6.354474e+00
55  3.202626e+03  1.327860e+01
56  6.848929e+03  1.221577e+01
57  1.505493e+04  -1.174228e+01
58  3.149872e+04  -2.213437e+01
59  6.507430e+04  4.996548e+01
60  1.335382e+05  1.233437e+02
61  2.829828e+05  3.225900e+02
62  5.766839e+05  1.246444e+02
63  1.418011e+06  -1.121321e+02
ENDPROP
STARTPROP
MASSES:  4.500000e-02   4.500000e-02
SOURCE: GAM_23
SINKS: GAM_23
0  9.458685e+05  8.805587e+02
1  -6.272099e+05  7.428345e+01
2  -1.314979e+05  -1.230256e+02
3  -4.329686e+04  -1.836745e+02
4  -1.247487e+04  -1.669209e+02
5  -2.728130e+03  -1.051363e+02
6  -9.511783e+02  -6.859549e+01
7  -3.638642e+02  -2.798781e+01
8  -4.076015e+01  -4.413324e+00
9  -1.917443e+01  4.504682e+00
10  -1.761734e+01  8.201094e+00
11  4.366057e+01  5.913466e+00
12  8.200840e+01  6.295058e+00
13  6.298691e+01  4.070149e+00
14  3.130871e+01  1.743453e+00
15  2.683278e+01  1.009039e+00
16  1.088242e+01  -4.251303e-02
17  5.574577e+00  -5.609447e-01
18  4.377798e+00  -4.941802e-01
19  3.017835e+00  -3.298814e-01
20  1.662760e+00  -1.493608e-01
21  1.160345e+00  -8.238443e-02
22  4.513328e-01  -4.487819e-02
23  1.241011e-01  -2.429879e-02
24  -3.286676e-02  -1.206986e-02
25  -3.524303e-02  -4.479805e-03
26  -4.917303e-02  2.503887e-03
27  -4.939047e-02  3.106227e-03
28  -4.500437e-02  1.141553e-03
29  -1.997097e-02  4.708472e-04
30  -9.552579e-03  2.746228e-04
31  -4.429167e-03  4.850099e-04
32  -4.552195e-03  7.524096e-04
33  -3.793081e-03  3.856563e-04
34  -1.428922e-02  7.799818e-05
35  -1.913059e-02  -2.913514e-04
36  -1.503740e-02  -6.969821e-04
37  -1.726406e-02  6.575838e-04
38  -4.867390e-02  -4.743574e-04
39  -3.837139e-02  8.654132e-04
40  -2.727527e-02  -6.930735e-03
41  -5.900376e-02  -1.370109e-02
42  -1.300104e-01  -1.397014e-02
43  3.678585e-03  -3.700811e-02
44  4.674353e-01  -4.812577e-02
45  4.985485e-01  -8.331440e-02
46  1.266646e+00  -1.158536e-01
47  6.243244e+00  -1.523292e-01
48  1.646752e+01  -2.427727e-01
49  3.201200e+01  4.280229e-03
50  2.443077e+01  -3.902751e-01
51  1.915331e+01  3.776555e-01
52  2.133710e+01  1.260714e+00
53  3.792422e+01  1.644759e+00
54  2.708198e+01  -6.191103e-01
55  2.123584e+00  -2.713462e+00
56  -2.562993e+01  -1.389890e+01
57  -5.342014e+02  -2.853867e+01
58  -2.553071e+03  -1.498816e+01
59  -6.142811e+03  2.872549e+01
60  -1.855927e+04  2.340409e+01
61  -4.856301e+04  1.267536e+02
62  -1.359318e+05  1.999999e+02
63  -6.211340e+05  4.570763e+02
ENDPROP
STARTPROP
MASSES:  4.500000e-02   4.500000e-02
SOURCE: GAM_32
SINKS: GAM_32
0  9.458685e+05  8.805587e+02
1  -6.272099e+05  7.428345e+01
2  -1.314979e+05  -1.230256e+02
3  -4.329686e+04  -1.836745e+02
4  -1.247487e+04  -1.669209e+02
5  -2.728130e+03  -1.051363e+02
6  -9.511783e+02  -6.859549e+01
7  -3.638642e+02  -2.798781e+01
8  -4.076015e+01  -4.413324e+00
9  -1.917443e+01  4.504682e+00
10  -1.761734e+01  8.201094e+00
11  4.366057e+01  5.913466e+00
12  8.200840e+01  6.295058e+00
13  6.298691e+01  4.070149e+00
14  3.130871e+01  1.743453e+00
15  2.683278e+01  1.009039e+00
16  1.088242e+01  -4.251303e-02
17  5.574577e+00  -5.609447e-01
18  4.377798e+00  -4.941802e-01
19  3.017835e+00  -3.298814e-01
20  1.662760e+00  -1.493608e-01
21  1.160345e+00  -8.238443e-02
22  4.513328e-01  -4.487819e-02
23  1.241011e-01  -2.429879e-02
24  -3.286676e-02  -1.206986e-02
25  -3.524303e-02  -4.479805e-03
26  -4.917303e-02  2.503887e-03
27  -4.939047e-02  3.106227e-03
28  -4.500437e-02  1.141553e-03
29  -1.997097e-02  4.708472e-04
30  -9.552579e-03  2.746228e-04
31  -4.429167e-03  4.850099e-04
32  -4.552195e-03  7.524096e-04
33  -3.793081e-03  3.856563e-04
34  -1.428922e-02  7.799818e-05
35  -1.913059e-02  -2.913514e-04
36  -1.503740e-02  -6.969821e-04
37  -1.726406e-02  6.575838e-04
38  -4.867390e-02  -4.743574e-04
39  -3.837139e-02  8.654132e-04
40  -2.727527e-02  -6.930735e-03
41  -5.900376e-02  -1.370109e-02
42  -1.300104e-01  -1.397014e-02
43  3.678585e-03  -3.700811e-02
44  4.674353e-01  -4.812577e-02
45  4.985485e-01  -8.331440e-02
46  1.266646e+00  -1.158536e-01
47  6.243244e+00  -1.523292e-01
48  1.646752e+01  -2.427727e-01
49  3.201200e+01  4.280229e-03
50  2.443077e+01  -3.902751e-01
51  1.915331e+01  3.776555e-01
52  2.133710e+01  1.260714e+00
53  3.792422e+01  1.644759e+00
54  2.708198e+01  -6.191103e-01
55  2.123584e+00  -2.713462e+00
56  -2.562993e+01  -1.389890e+01
57  -5.342014e+02  -2.853867e+01
58  -2.553071e+03  -1.498816e+01
59  -6.142811e+03  2.872549e+01
60  -1.855927e+04  2.340409e+01
61  -4.856301e+04  1.267536e+02
62  -1.359318e+05  1.999999e+02
63  -6.211340e+05  4.570763e+02
ENDPROP
STARTPROP
MASSES:  4.500000e-02   4.500000e-02
SOURCE: GAM_24
SINKS: GAM_24
0  2.047722e+05  1.291113e+01
1  1.432502e+06  -1.104604e+01
2  5.842463e+05  -2.737836e+02
3  2.866934e+05  -2.866165e+02
4  1.324932e+05  -1.891041e+02
5  6.094169e+04  -1.030759e+01
6  2.864603e+04  9.092125e+01
7  1.410085e+04  7.806368e+01
8  6.785831e+03  2.262704e+01
9  3.157336e+03  -8.155566e+00
10  1.378032e+03  -1.337137e+01
11  5.922172e+02  -1.483204e+01
12  2.575974e+02  -9.615035e+00
13  1.051399e+02  -1.970567e+00
14  3.085129e+01  1.719090e+00
15  3.116718e+00  4.542660e-01
16  -8.564004e+00  -5.480262e-01
17  -1.031442e+01  -2.742959e-02
18  -5.370893e+00  2.341711e-01
19  -2.184108e+00  2.664078e-01
20  -9.342640e-01  1.147191e-01
21  -2.940824e-01  5.523936e-02
22  2.580381e-01  8.592392e-03
23  1.820457e-01  -6.099109e-03
24  -1.978397e-02  -3.451809e-03
25  1.735559e-02  -2.742714e-04
26  4.485824e-03  -8.250693e-04
27  8.382060e-03  -3.784410e-03
28  2.712147e-02  -3.698066e-03
29  8.738386e-03  -2.950036e-03
30  1.334056e-02  -1.467165e-03
31  1.106063e-02  -4.138583e-04
32  7.504873e-03  2.445206e-04
33  1.081580e-02  8.032769e-04
34  1.102480e-02  1.126000e-03
35  5.426131e-03  8.305422e-04
36  -5.589593e-03  2.470336e-03
37  7.279760e-05  4.572832e-03
38  9.643315e-02  1.115605e-02
39  1.706802e-01  1.111976e-02
40  3.145552e-01  1.807713e-02
41  3.422609e-01  3.898674e-02
42  6.590524e-02  3.163048e-02
43  -6.318507e-01  -5.460831e-03
44  -1.642671e+00  -1.022678e-02
45  -2.579035e+00  -5.039236e-02
46  -3.884283e+00  2.493590e-02
47  -3.344138e+00  7.135947e-01
48  9.361657e-02  1.125877e+00
49  2.328934e+01  1.938197e+00
50  6.841344e+01  2.963114e+00
51  1.676127e+02  4.259879e+00
52  4.121004e+02  6.168690e+00
53  1.021660e+03  1.355707e+01
54  2.036609e+03  1.396085e+01
55  3.949902e+03  1.058669e+01
56  7.900486e+03  1.630169e+01
57  1.630252e+04  1.203610e+01
58  3.318071e+04  4.875264e+01
59  6.878629e+04  5.031554e+01
60  1.413729e+05  2.588886e+02
61  2.926831e+05  2.861933e+02
62  5.916266e+05  2.663723e+02
63  1.425376e+06  2.293443e+02
ENDPROP
STARTPROP
MASSES:  4.500000e-02   4.500000e-02
SOURCE: GAM_42
SINKS: GAM_42
0  2.047722e+05  1.291113e+01
1  1.432502e+06  -1.104604e+01
2  5.842463e+05  -2.737836e+02
3  2.866934e+05  -2.866165e+02
4  1.324932e+05  -1.891041e+02
5  6.094169e+04  -1.030759e+01
6  2.864603e+04  9.092125e+01
7  1.410085e+04  7.806368e+01
8  6.785831e+03  2.262704e+01
9  3.157336e+03  -8.155566e+00
10  1.378032e+03  -1.337137e+01
11  5.922172e+02  -1.483204e+01
12  2.575974e+02  -9.615035e+00
13  1.051399e+02  -1.970567e+00
14  3.085129e+01  1.719090e+00
15  3.116718e+00  4.542660e-01
16  -8.564004e+00  -5.480262e-01
17  -1.031442e+01  -2.742959e-02
18  -5.370893e+00  2.341711e-01
19  -2.184108e+00  2.664078e-01
20  -9.342640e-01  1.147191e-01
21  -2.940824e-01  5.523936e-02
22  2.580381e-01  8.592392e-03
23  1.820457e-01  -6.099109e-03
24  -1.978397e-02  -3.451809e-03
25  1.735559e-02  -2.742714e-04
26  4.485824e-03  -8.250693e-04
27  8.382060e-03  -3.784410e-03
28  2.712147e-02  -3.698066e-03
29  8.738386e-03  -2.950036e-03
30  1.334056e-02  -1.467165e-03
31  1.106063e-02  -4.138583e-04
32  7.504873e-03  2.445206e-04
33  1.081580e-02  8.032769e-04
34  1.102480e-02  1.126000e-03
35  5.426131e-03  8.305422e-04
36  -5.589593e-03  2.470336e-03
37  7.279760e-05  4.572832e-03
38  9.643315e-02  1.115605e-02
39  1.706802e-01  1.111976e-02
40  3.145552e-01  1.807713e-02
41  3.422609e-01  3.898674e-02
42  6.590524e-02  3.163048e-02
43  -6.318507e-01  -5.460831e-03
44  -1.642671e+00  -1.022678e-02
45  -2.579035e+00  -5.039236e-02
46  -3.884283e+00  2.493590e-02
47  -3.344138e+00  7.135947e-01
48  9.361657e-02  1.125877e+00
49  2.328934e+01  1.938197e+00
50  6.841344e+01  2.963114e+00
51  1.676127e+02  4.259879e+00
52  4.121004e+02  6.168690e+00
53  1.021660e+03  1.355707e+01
54  2.036609e+03  1.396085e+01
55  3.949902e+03  1.058669e+01
56  7.900486e+03  1.630169e+01
57  1.630252e+04  1.203610e+01
58  3.318071e+04  4.875264e+01
59  6.878629e+04  5.031554e+01
60  1.413729e+05  2.588886e+02
61  2.926831e+05  2.861933e+02
62  5.916266e+05  2.663723e+02
63  1.425376e+06  2.293443e+02
ENDPROP
STARTPROP
MASSES:  4.500000e-02   4.500000e-02
SOURCE: GAM_34
SINKS: GAM_34
0  2.187350e+05  9.831903e+01
1  1.446371e+06  6.275632e+01
2  5.834311e+05  -7.814494e+01
3  2.870156e+05  5.348927e+01
4  1.338234e+05  -5.958187e+01
5  6.252518e+04  -3.514051e+01
6  2.911926e+04  1.774179e+00
7  1.286930e+04  4.475821e+01
8  5.807039e+03  3.502634e+01
9  2.774274e+03  2.379987e+01
10  1.155953e+03  1.278349e+01
11  5.506075e+02  8.526106e+00
12  2.738104e+02  7.677621e+00
13  1.170040e+02  7.485929e+00
14  5.073152e+01  4.889030e+00
15  1.652550e+01  2.400176e+00
16  6.173834e+00  9.598238e-01
17  1.801077e+00  2.298960e-01
18  -1.179676e+00  9.078358e-02
19  -2.002209e+00  -8.840621e-02
20  -1.388787e+00  -1.786185e-02
21  -8.728150e-01  6.238646e-02
22  -6.742768e-01  4.905253e-02
23  -6.817676e-01  1.632287e-02
24  -5.514226e-01  1.365867e-02
25  -3.787791e-01  1.251136e-02
26  -1.866831e-01  7.248876e-03
27  -1.088784e-01  2.562864e-03
28  -5.640577e-02  1.423922e-03
29  -2.343673e-02  -9.749207e-05
30  -9.938717e-03  -1.368629e-03
31  -8.850983e-03  -8.350144e-04
32  -8.779045e-03  -1.710306e-05
33  -9.094024e-03  9.901514e-04
34  -1.933418e-02  2.059615e-03
35  -2.291643e-02  4.319140e-03
36  -1.216300e-02  7.142693e-03
37  9.938654e-03  1.036283e-02
38  4.577597e-02  1.859867e-02
39  -7.622177e-02  2.696826e-02
40  -2.679722e-01  3.457669e-02
41  -5.176245e-01  4.740543e-02
42  -5.619000e-01  6.748897e-02
43  -2.825553e-01  1.466531e-01
44  -1.417453e+00  1.987218e-01
45  -2.221575e+00  2.458271e-01
46  -6.203739e-01  4.537958e-02
47  6.201594e+00  -5.664799e-04
48  1.678931e+01  -1.270307e-01
49  1.991530e+01  -8.495387e-01
50  1.761655e+01  -2.800492e+00
51  9.722715e+01  -3.921130e+00
52  3.014871e+02  -2.663550e+00
53  7.203691e+02  6.456212e-01
54  1.865821e+03  7.936381e+00
55  4.010831e+03  1.666866e+01
56  8.112838e+03  4.604085e+01
57  1.539804e+04  7.289012e+01
58  3.149955e+04  3.864886e+01
59  6.748891e+04  4.880437e+01
60  1.420032e+05  9.988998e+01
61  2.883019e+05  3.452699e+02
62  5.777077e+05  4.490219e+02
63  1.413795e+06  2.978222e+02
ENDPROP
STARTPROP
MASSES:  4.500000e-02   4.500000e-02
SOURCE: GAM_43
SINKS: GAM_43
0  2.187350e+05  9.831903e+01
1  1.446371e+06  6.275632e+01
2  5.834311e+05  -7.814494e+01
3  2.870156e+05  5.348927e+01
4  1.338234e+05  -5.958187e+01
5  6.252518e+04  -3.514051e+01
6  2.911926e+04  1.774179e+00
7  1.286930e+04  4.475821e+01
8  5.807039e+03  3.502634e+01
9  2.774274e+03  2.379987e+01
10  1.155953e+03  1.278349e+01
11  5.506075e+02  8.526106e+00
12  2.738104e+02  7.677621e+00
13  1.170040e+02  7.485929e+00
14  5.073152e+01  4.889030e+00
15  1.652550e+01  2.400176e+00
16  6.173834e+00  9.598238e-01
17  1.801077e+00  2.298960e-01
18  -1.179676e+00  9.078358e-02
19  -2.002209e+00  -8.840621e-02
20  -1.388787e+00  -1.786185e-02
21  -8.728150e-01  6.238646e-02
22  -6.742768e-01  4.905253e-02
23  -6.817676e-01  1.632287e-02
24  -5.514226e-01  1.365867e-02
25  -3.787791e-01  1.251136e-02
26  -1.866831e-01  7.248876e-03
27  -1.088784e-01  2.562864e-03
28  -5.640577e-02  1.423922e-03
29  -2.343673e-02  -9.749207e-05
30  -9.938717e-03  -1.368629e-03
31  -8.850983e-03  -8.350144e-04
32  -8.779045e-03  -1.710306e-05
33  -9.094024e-03  9.901514e-04
34  -1.933418e-02  2.059615e-03
35  -2.291643e-02  4.319140e-03
36  -1.216300e-02  7.142693e-03
37  9.938654e-03  1.036283e-02
38  4.577597e-02  1.859867e-02
39  -7.622177e-02  2.696826e-02
40  -2.679722e-01  3.457669e-02
41  -5.176245e-01  4.740543e-02
42  -5.619000e-01  6.748897e-02
43  -2.825553e-01  1.466531e-01
44  -1.417453e+00  1.987218e-01
45  -2.221575e+00  2.458271e-01
46  -6.203739e-01  4.537958e-02
47  6.201594e+00  -5.664799e-04
48  1.678931e+01  -1.270307e-01
49  1.991530e+01  -8.495387e-01
50  1.761655e+01  -2.800492e+00
51  9.722715e+01  -3.921130e+00
52  3.014871e+02  -2.663550e+00
53  7.203691e+02  6.456212e-01
54  1.865821e+03  7.936381e+00
55  4.010831e+03  1.666866e+01
56  8.112838e+03  4.604085e+01
57  1.539804e+04  7.289012e+01
58  3.149955e+04  3.864886e+01
59  6.748891e+04  4.880437e+01
60  1.420032e+05  9.988998e+01
61  2.883019e+05  3.452699e+02
62  5.777077e+05  4.490219e+02
63  1.413795e+06  2.978222e+02
ENDPROP
STARTPROP
MASSES:  4.500000e-02   4.500000e-02
SOURCE: GAM_15
SINKS: GAM_15
0  1.610371e+05  -6.239136e+02
1  -8.787731e+05  -8.668354e+01
2  -2.303331e+05  3.114106e+02
3  -8.110172e+04  2.306088e+02
4  -2.391584e+04  1.804821e+02
5  -5.417232e+03  1.540526e+02
6  -1.078829e+03  1.357695e+02
7  -2.646981e+02  6.262677e+01
8  -1.290043e+02  3.591937e+01
9  1.008043e+02  1.928208e+01
10  -3.830492e+00  7.994186e+00
11  5.165891e+01  5.422787e+00
12  3.274409e+01  -9.074150e-01
13  3.858813e+01  -4.569258e+00
14  3.592911e+01  -3.923678e+00
15  2.053594e+01  -1.841795e+00
16  9.793769e+00  -6.505107e-03
17  4.613269e+00  6.781560e-02
18  1.147153e-01  -1.059661e-01
19  1.364019e-01  -1.432777e-01
20  -5.885289e-01  -1.217182e-01
21  -3.692523e-01  -1.488335e-02
22  -5.522509e-02  4.539985e-02
23  1.388829e-02  5.751968e-02
24  -1.576988e-01  4.324102e-02
25  -1.722011e-01  2.748187e-02
26  -1.378951e-01  1.391712e-02
27  -6.516218e-02  5.295333e-03
28  -2.670126e-02  2.153553e-03
29  -1.181884e-02  6.196697e-04
30  -1.204919e-02  2.770690e-05
31  -5.038974e-03  -7.228357e-04
32  4.607546e-03  -9.023255e-04
33  1.414191e-02  -8.435725e-04
34  1.452876e-02  -1.182424e-03
35  6.972787e-03  -1.105387e-03
36  1.614602e-02  -1.339054e-03
37  3.520739e-02  -2.545365e-03
38  3.755431e-02  -4.260226e-03
39  4.628937e-03  -1.147633e-02
40  2.102378e-02  -1.676029e-02
41  9.427740e-02  -1.495420e-02
42  1.124310e-01  -1.935995e-02
43  -4.702492e-03  -7.388306e-02
44  3.766017e-01  -1.291071e-01
45  -1.665992e-02  -1.789257e-01
46  1.276927e+00  -1.788112e-01
47  6.911249e+00  -4.112315e-01
48  1.728667e+01  -1.476767e+00
49  1.843755e+01  -3.244636e+00
50  9.697445e+00  -3.568802e+00
51  -9.709585e-01  -2.903079e+00
52  -5.926442e+01  -4.540489e+00
53  -1.404875e+02  -7.250573e-01
54  -2.233619e+02  7.267946e+00
55  -3.929963e+02  4.819208e+00
56  -7.047627e+02  8.079403e+00
57  -1.060652e+03  -7.475391e-01
58  -2.875897e+03  1.954426e+00
59  -9.548255e+03  3.894686e+01
60  -2.900232e+04  -8.466412e+01
61  -8.411901e+04  -1.554667e+02
62  -2.324364e+05  1.517922e+02
63  -8.728283e+05  -1.169765e+02
ENDPROP
STARTPROP
MASSES:  4.500000e-02   4.500000e-02
SOURCE: GAM_25
SINKS: GAM_25
0  1.586706e+05  -4.189920e+02
1  -8.887481e+05  -5.519023e+02
2  -2.358911e+05  -2.951190e+02
3  -8.633495e+04  -3.543544e+02
4  -3.180788e+04  -2.696214e+02
5  -1.141196e+04  -2.166350e+02
6  -3.762465e+03  -7.119008e+01
7  -1.231076e+03  -5.493628e+00
8  1.055554e+02  -5.842563e+00
9  1.771454e+02  -1.667040e+00
10  2.831960e+01  -6.664440e+00
11  -4.223758e+01  -1.423378e+00
12  -9.926688e-01  3.799017e+00
13  -3.920228e+00  2.431519e+00
14  1.088233e+01  1.160287e+00
15  8.629653e+00  3.932614e-01
16  -1.286995e+00  1.892680e-01
17  -5.800366e+00  2.544217e-01
18  -3.024149e+00  3.802396e-01
19  -3.977171e-01  1.394814e-01
20  -2.876373e-01  6.023586e-02
21  3.981220e-01  1.181647e-01
22  6.331773e-01  1.067332e-01
23  5.655569e-01  8.255232e-02
24  3.561663e-01  5.241732e-02
25  2.030843e-01  3.095997e-02
26  8.955402e-02  1.771652e-02
27  3.050455e-02  7.961042e-03
28  -2.960779e-03  4.890749e-03
29  -9.604344e-03  1.740040e-03
30  -2.436003e-02  9.688355e-04
31  -2.689200e-02  2.569183e-04
32  -1.652931e-02  -3.706506e-05
33  -6.661789e-03  3.230177e-04
34  -9.545589e-03  1.364958e-03
35  -5.127896e-03  2.430626e-03
36  -6.761521e-03  4.315488e-03
37  3.834788e-02  7.811524e-03
38  9.798275e-02  1.553308e-02
39  1.708909e-01  2.736872e-02
40  1.656949e-01  4.296303e-02
41  3.348009e-02  5.245981e-02
42  -2.999600e-01  7.487854e-02
43  -3.491218e-01  1.275737e-01
44  5.632712e-01  1.019241e-01
45  1.773805e+00  8.030345e-02
46  4.981184e+00  4.516096e-02
47  9.433764e+00  1.236223e-01
48  1.429134e+01  -1.480491e-01
49  1.677760e+01  2.664927e-01
50  2.109890e+01  1.440801e+00
51  2.356733e+01  4.015201e+00
52  4.292405e+01  4.435587e+00
53  4.346005e+01  6.094911e+00
54  1.233972e+01  8.910482e+00
55  -2.265437e+02  1.904572e+01
56  -5.172391e+02  2.460808e+01
57  -1.495469e+03  2.970923e+01
58  -4.904188e+03  1.884960e+01
59  -1.256060e+04  4.181210e+01
60  -3.262111e+04  4.699479e+01
61  -8.557553e+04  1.234198e+02
62  -2.337921e+05  1.695787e+02
63  -8.684920e+05  1.541200e+02
ENDPROP
STARTPROP
MASSES:  4.500000e-02   4.500000e-02
SOURCE: GAM_35
SINKS: GAM_35
0  1.873551e+05  -1.360900e+02
1  -8.708670e+05  -2.067691e+02
2  -2.283802e+05  -2.687152e+02
3  -7.916563e+04  -6.278919e+01
4  -2.706226e+04  1.307526e+02
5  -9.062027e+03  8.396794e+01
6  -3.464697e+03  3.470440e+01
7  -1.046368e+03  1.238643e+01
8  -2.977249e+02  1.535660e+01
9  -2.105955e+02  6.267823e+00
10  -2.114255e+02  3.293693e+00
11  -1.908210e+02  -2.156955e+00
12  -8.922355e+01  2.001141e+00
13  -2.794718e+01  9.824168e-01
14  -6.223954e+00  7.303534e-02
15  3.975392e+00  8.022851e-01
16  3.737251e+00  7.522068e-01
17  4.915110e+00  2.597027e-01
18  1.747429e+00  1.326160e-01
19  7.119581e-01  1.018017e-01
20  2.269561e-02  1.989425e-02
21  6.311132e-01  1.131150e-02
22  8.062990e-01  -2.271356e-02
23  6.048807e-01  -1.140518e-02
24  3.876607e-01  5.371934e-04
25  1.236983e-01  7.595771e-03
26  1.122710e-02  9.222784e-03
27  -2.689585e-02  4.436116e-03
28  -1.258199e-02  -7.714167e-04
29  -1.314874e-02  -2.246088e-03
30  -1.709662e-02  -1.617207e-03
31  -1.417533e-02  -6.011043e-04
32  -1.285484e-02  1.021781e-04
33  -5.104107e-03  1.520878e-04
34  -4.973555e-03  -5.548304e-04
35  1.208689e-02  -2.029140e-03
36  3.908022e-02  -3.105123e-03
37  4.169659e-02  -4.593473e-03
38  2.357068e-02  -1.058244e-02
39  1.276347e-02  -1.230076e-02
40  -3.652711e-03  -1.200790e-02
41  -4.641684e-02  5.171213e-03
42  -2.676092e-01  3.219731e-02
43  3.509712e-02  6.024244e-02
44  8.908044e-01  5.996619e-02
45  2.707517e+00  9.698069e-02
46  4.599034e+00  4.296479e-01
47  3.068810e+00  9.431320e-01
48  -3.755965e+00  1.467430e+00
49  -5.674852e+00  1.577338e+00
50  -1.146119e+01  1.692787e+00
51  -1.368735e+01  3.796357e+00
52  5.577901e+00  4.649991e+00
53  1.157032e+02  -1.807184e-01
54  2.623957e+01  2.758650e+00
55  -1.949447e+02  2.983212e+00
56  -7.919936e+02  2.033839e+01
57  -2.054437e+03  4.062074e+01
58  -4.646605e+03  7.196848e+01
59  -1.218126e+04  2.759308e+01
60  -3.371805e+04  -1.783246e+02
61  -9.088861e+04  -3.274781e+02
62  -2.390826e+05  -6.516495e+01
63  -8.627288e+05  3.004651e+01
ENDPROP
STARTPROP
MASSES:  4.500000e-02   4.500000e-02
SOURCE: GAM_45
SINKS: GAM_45
0  -9.294032e+05  -8.050899e+02
1  1.188159e+06  -5.494411e+02
2  5.820294e+05  -3.770262e+02
3  3.730162e+05  -5.689400e+01
4  2.301396e+05  1.092106e+02
5  1.436471e+05  1.380300e+02
6  8.794337e+04  1.565820e+02
7  5.342620e+04  1.818924e+02
8  3.290893e+04  1.504182e+02
9  1.989759e+04  1.111987e+02
10  1.200875e+04  7.334456e+01
11  7.465541e+03  3.643826e+01
12  4.486226e+03  2.100638e+01
13  2.692009e+03  1.364110e+01
14  1.643271e+03  1.064523e+01
15  9.871069e+02  6.683029e+00
16  5.982082e+02  3.972429e+00
17  3.600714e+02  2.115089e+00
18  2.161264e+02  1.376045e+00
19  1.290094e+02  8.143789e-01
20  7.659831e+01  5.469058e-01
21  4.643980e+01  3.203247e-01
22  2.787321e+01  1.614114e-01
23  1.663724e+01  1.159138e-01
24  9.972658e+00  6.526633e-02
25  6.033267e+00  4.539072e-02
26  3.650861e+00  2.953408e-02
27  2.220317e+00  1.636565e-02
28  1.367313e+00  1.039279e-02
29  8.540468e-01  7.085611e-03
30  5.846454e-01  5.087603e-03
31  4.402375e-01  3.552385e-03
32  4.157341e-01  2.841150e-03
33  4.900229e-01  2.787091e-03
34  6.926014e-01  3.556355e-03
35  1.059808e+00  5.173655e-03
36  1.681435e+00  8.508820e-03
37  2.753802e+00  1.458610e-02
38  4.619275e+00  2.416556e-02
39  7.678606e+00  3.495964e-02
40  1.264329e+01  4.135752e-02
41  2.075101e+01  5.600690e-02
42  3.350303e+01  8.874279e-02
43  5.421762e+01  1.342780e-01
44  8.889025e+01  9.836802e-02
45  1.460953e+02  3.197761e-01
46  2.388588e+02  4.853850e-01
47  3.887227e+02  9.630436e-01
48  6.459829e+02  1.502648e+00
49  1.063635e+03  1.612599e+00
50  1.774017e+03  3.024184e+00
51  2.893389e+03  6.775701e+00
52  4.640080e+03  1.412573e+01
53  7.550091e+03  1.385711e+01
54  1.235402e+04  -5.862365e-02
55  1.992776e+04  -1.293268e+01
56  3.258886e+04  -8.378569e+00
57  5.320186e+04  -2.138658e+01
58  8.475537e+04  -3.631153e+01
59  1.383379e+05  1.487881e+02
60  2.224440e+05  2.848282e+02
61  3.642912e+05  2.555916e+02
62  5.789873e+05  -6.292642e+00
63  1.177981e+06  -5.505510e+02
ENDPROP
STARTPROP
MASSES:  4.500000e-02   4.500000e-02
SOURCE: PSAX4
SINKS: GAM_4
0  1.260141e+03  8.862203e+02
1  1.768974e+06  2.058305e+02
2  9.802611e+05  8.375563e+01
3  6.125717e+05  -9.421999e+00
4  3.757076e+05  7.209429e+01
5  2.329619e+05  7.131687e+01
6  1.425853e+05  6.374632e+01
7  8.746163e+04  1.282974e+02
8  5.413140e+04  1.236104e+02
9  3.285770e+04  1.098639e+02
10  1.990967e+04  7.405318e+01
11  1.242406e+04  3.475753e+01
12  7.503552e+03  1.912914e+01
13  4.522167e+03  1.107596e+01
14  2.778677e+03  8.696834e+00
15  1.683406e+03  4.885884e+00
16  1.029272e+03  3.137321e+00
17  6.220807e+02  1.411654e+00
18  3.754606e+02  9.534982e-01
19  2.254059e+02  5.399216e-01
20  1.345621e+02  4.090285e-01
21  8.157693e+01  2.329347e-01
22  4.923510e+01  1.023323e-01
23  2.953852e+01  7.624562e-02
24  1.782689e+01  2.259544e-02
25  1.082494e+01  1.514527e-02
26  6.516046e+00  9.597378e-03
27  3.924897e+00  1.709319e-03
28  2.355097e+00  7.149322e-04
29  1.387409e+00  1.709039e-03
30  7.796965e-01  1.515237e-03
31  3.338078e-01  9.731527e-04
32  -2.353397e-02  2.685199e-04
33  -3.827694e-01  -5.396950e-04
34  -8.413538e-01  -1.777170e-03
35  -1.496193e+00  -2.945649e-03
36  -2.502718e+00  -4.983697e-03
37  -4.175406e+00  -8.824332e-03
38  -7.021123e+00  -1.318962e-02
39  -1.166495e+01  -1.452914e-02
40  -1.922719e+01  -7.282831e-03
41  -3.161923e+01  -5.865579e-04
42  -5.105895e+01  2.566079e-03
43  -8.313354e+01  3.513490e-02
44  -1.365989e+02  1.818110e-01
45  -2.263380e+02  1.254432e-01
46  -3.723510e+02  2.148962e-01
47  -6.086060e+02  -8.876453e-02
48  -1.014095e+03  -5.693014e-01
49  -1.674921e+03  -7.884375e-01
50  -2.790486e+03  -2.610840e+00
51  -4.552080e+03  -6.067664e+00
52  -7.336952e+03  -1.587976e+01
53  -1.199827e+04  -1.638936e+01
54  -1.972036e+04  -1.509256e+00
55  -3.193078e+04  1.948972e+01
56  -5.246317e+04  1.349815e+01
57  -8.589854e+04  2.024101e+01
58  -1.379591e+05  -3.818067e+01
59  -2.264408e+05  -3.628575e+02
60  -3.673669e+05  -5.874558e+02
61  -6.068962e+05  -6.503513e+02
62  -9.832914e+05  -3.769153e+02
63  -1.774352e+06  -1.942475e+02
ENDPROP
STARTPROP
MASSES:  4.500000e-02   4.500000e-02
SOURCE: WWPSAX4
SINKS: GAM_4
0  1.818306e+08  1.496655e+07
1  2.424143e+09  -1.988827e+06
2  5.852324e+08  -1.265282e+06
3  2.689750e+08  1.200134e+06
4  1.587179e+08  -7.435886e+05
5  1.184754e+08  5.504964e+04
6  8.955055e+07  5.314992e+05
7  3.387997e+07  2.884095e+05
8  2.068805e+07  9.127194e+04
9  1.229671e+07  5.110111e+04
10  1.257988e+07  4.499121e+04
11  6.681543e+06  -1.586911e+04
12  2.264727e+06  1.792197e+04
13  2.972011e+06  1.383813e+04
14  1.176756e+06  -1.590872e+04
15  8.777045e+05  1.578544e+04
16  4.851960e+05  7.938651e+03
17  2.573106e+05  8.201080e+01
18  1.570789e+05  -5.209625e+02
19  9.994866e+04  1.721269e+02
20  6.564543e+04  7.378551e+02
21  3.947925e+04  3.686175e+02
22  1.900046e+04  1.549742e+02
23  1.552016e+04  2.654085e+01
24  9.017950e+03  1.724321e+02
25  5.137314e+03  4.758548e+00
26  3.399559e+03  1.112070e+02
27  1.871799e+03  -2.252728e+00
28  1.101682e+03  3.528409e+01
29  3.368706e+02  1.050249e+01
30  4.012086e+02  3.701613e+00
31  7.202518e+01  -7.039414e+00
32  1.904751e+01  -4.247653e+00
33  -1.868445e+02  -4.851730e+00
34  -4.420676e+02  3.447670e+00
35  -8.133741e+02  -2.568979e+00
36  -1.116525e+03  1.555814e+01
37  -2.795844e+03  -1.726480e+01
38  -5.424602e+03  -5.198939e+01
39  -4.975174e+03  -9.030991e+00
40  -8.931224e+03  3.512013e+00
41  -1.398620e+04  2.215921e+02
42  -2.882340e+04  2.811580e+02
43  -3.329133e+04  -2.833329e+02
44  -4.687983e+04  3.252903e+02
45  -8.713164e+04  -9.145960e+02
46  -2.081871e+05  -2.029643e+03
47  -2.285577e+05  9.489431e+01
48  -2.991672e+05  7.082495e+03
49  -7.811912e+05  -1.463085e+04
50  -9.840373e+05  -5.489045e+03
51  -3.238184e+06  -2.422198e+04
52  -5.056198e+06  -5.735034e+03
53  -6.965868e+06  5.987873e+04
54  -9.965179e+06  4.381028e+04
55  -1.802906e+07  -7.205138e+04
56  -2.455833e+07  2.751071e+05
57  -4.471623e+07  -4.028227e+04
58  -4.391723e+07  2.052569e+05
59  -1.163335e+08  5.517799e+05
60  -1.753314e+08  -6.892721e+05
61  -3.007693e+08  -2.314206e+06
62  -4.730751e+08  -4.581402e+05
63  -1.566914e+09  -1.059024e+06
ENDPROP
STARTPROP
MASSES:  4.500000e-02   4.500000e-02
SOURCE: WWGAM_5
SINKS: GAM_5
0  2.194419e+10  -1.565746e-01
1  3.025224e+09  1.333832e+05
2  8.415759e+08  -5.811304e+05
3  4.791127e+08  9.841466e+05
4  2.594469e+08  -5.643786e+05
5  1.871465e+08  8.933985e+05
6  1.298050e+08  6.171129e+05
7  6.266376e+07  4.713178e+05
8  4.179650e+07  1.036285e+05
9  2.168329e+07  9.601322e+03
10  1.823603e+07  2.110698e+04
11  9.827695e+06  -1.105085e+04
12  4.585475e+06  3.806337e+04
13  4.297256e+06  3.147691e+04
14  2.336476e+06  -1.122956e+04
15  1.287088e+06  1.300221e+04
16  8.091156e+05  9.196990e+03
17  4.583140e+05  -1.620543e+03
18  3.005727e+05  1.165462e+03
19  1.943115e+05  1.183799e+03
20  1.078571e+05  6.294031e+02
21  6.879765e+04  1.344892e+02
22  3.836472e+04  2.488641e+02
23  2.543481e+04  9.388837e+01
24  1.437497e+04  1.457547e+02
25  8.907024e+03  -8.066355e+00
26  5.366384e+03  9.588086e+01
27  3.202130e+03  2.498565e+01
28  1.849273e+03  3.402338e+01
29  9.950745e+02  -8.203135e-01
30  7.720210e+02  1.567586e+00
31  6.138468e+02  -1.012273e+00
32  5.432247e+02  2.143026e+00
33  6.101086e+02  1.636487e+00
34  9.402887e+02  5.441410e+00
35  1.329351e+03  3.268036e+00
36  1.965456e+03  -1.680331e+01
37  4.103405e+03  1.151817e+01
38  7.896045e+03  6.745997e+01
39  9.633885e+03  4.984468e+01
40  1.649131e+04  -1.990904e+02
41  2.335693e+04  -1.506555e+02
42  4.478909e+04  -3.936408e+02
43  5.792993e+04  -1.300985e+01
44  1.058732e+05  1.650880e+02
45  1.557435e+05  1.911336e+02
46  3.423272e+05  1.652176e+03
47  4.936888e+05  6.144251e+02
48  6.870714e+05  -1.876677e+03
49  1.183437e+06  1.241162e+04
50  2.068394e+06  1.992135e+04
51  4.776739e+06  2.761036e+04
52  7.139002e+06  2.526935e+04
53  1.092152e+07  -4.640047e+03
54  1.530360e+07  -1.050221e+04
55  2.777787e+07  4.437315e+04
56  3.961753e+07  -2.812889e+05
57  7.018223e+07  -4.027981e+04
58  9.354631e+07  -1.433505e+05
59  1.989659e+08  4.689568e+03
60  2.947817e+08  8.819836e+05
61  4.644174e+08  2.095658e+06
62  7.851946e+08  5.318855e+05
63  2.131363e+09  8.802431e+05
ENDPROP
