STARTPROP
MASSES:  4.500000e-02   4.500000e-02
SOURCE: GAM_1
SINKS: GAM_1
0  1.259117e+06  2.649691e+02
1  1.891440e+06  2.235910e+02
2  8.252532e+05  3.528373e+02
3  4.093034e+05  1.553214e+02
4  1.967886e+05  1.697155e+01
5  9.461050e+04  -6.302931e+01
6  4.526155e+04  -1.432630e+02
7  2.099807e+04  -1.017739e+02
8  9.762826e+03  -2.342036e+01
9  4.652597e+03  2.310875e+00
10  2.160687e+03  2.996931e+00
11  9.156916e+02  -2.300100e+00
12  4.284779e+02  -4.298411e+00
13  2.117127e+02  -2.287683e+00
14  9.930593e+01  1.027841e+00
15  2.970226e+01  1.507180e+00
16  1.812783e+01  1.306528e+00
17  1.641582e+01  1.232715e+00
18  7.223850e+00  1.075649e+00
19  1.770442e+00  5.416120e-01
20  8.494540e-01  3.022981e-01
21  6.490355e-01  1.382464e-01
22  1.649388e-01  5.062450e-02
23  -3.790856e-01  2.608428e-02
24  -2.004385e-01  2.438940e-02
25  -2.042183e-01  1.990138e-02
26  -1.878677e-01  1.279614e-02
27  -1.385557e-01  9.249965e-03
28  -8.094740e-02  2.454129e-03
29  -4.136454e-02  1.136500e-03
30  -1.513959e-02  1.082524e-03
31  -5.643103e-03  1.332263e-03
32  -2.584009e-03  1.735327e-03
33  -9.889300e-03  3.054715e-03
34  6.705894e-04  4.975190e-03
35  3.201864e-02  5.728876e-03
36  5.495947e-02  4.853296e-03
37  5.864702e-02  7.656215e-03
38  -2.131852e-02  9.428803e-03
39  -1.709378e-01  6.909769e-03
40  -3.090418e-01  -1.193342e-02
41  3.300786e-02  -2.457534e-02
42  2.902362e-01  -4.001986e-02
43  1.174674e+00  -6.655043e-02
44  1.857474e+00  -2.014668e-01
45  2.814508e+00  -3.199085e-01
46  7.220240e+00  -2.717576e-01
47  1.954854e+01  -3.030916e-01
48  4.191166e+01  -5.354842e-01
49  9.353613e+01  -1.439124e+00
50  1.961709e+02  -6.460292e-01
51  3.684913e+02  -1.819136e+00
52  7.289063e+02  -5.075047e+00
53  1.365510e+03  -7.732015e+00
54  2.681318e+03  -6.836360e+00
55  5.573695e+03  -1.139955e+01
56  1.121353e+04  -2.686491e+01
57  2.261864e+04  -4.744290e+01
58  4.646352e+04  -1.322378e+02
59  9.406536e+04  -4.221622e+01
60  1.896847e+05  2.801920e+02
61  3.895078e+05  4.720014e+02
62  8.020461e+05  6.182302e+02
63  1.865226e+06  6.949370e+02
ENDPROP
STARTPROP
MASSES:  4.500000e-02   4.500000e-02
SOURCE: GAM_2
SINKS: GAM_2
0  1.309135e+06  2.998916e+02
1  1.931547e+06  4.079233e+02
2  8.438179e+05  2.856638e+02
3  4.131521e+05  2.431403e+02
4  1.982988e+05  8.919785e+01
5  9.502812e+04  8.316184e+01
6  4.495092e+04  9.971643e+00
7  2.038148e+04  -5.011971e+01
8  9.735314e+03  -4.825382e+01
9  4.481978e+03  -3.979002e+01
10  2.106746e+03  -3.306587e+01
11  1.066816e+03  -2.419441e+01
12  5.155023e+02  -1.225927e+01
13  2.735284e+02  -6.597761e+00
14  1.474477e+02  -3.568291e+00
15  6.661437e+01  -2.803526e+00
16  3.573693e+01  -1.720179e+00
17  2.098284e+01  -7.778573e-01
18  1.030544e+01  -4.650432e-01
19  1.763938e+00  -4.479019e-01
20  -7.494327e-01  -2.147853e-01
21  -6.005095e-01  -9.211997e-02
22  9.088768e-02  -2.909576e-02
23  -1.312193e-01  -2.284930e-02
24  -4.485867e-01  -1.128773e-02
25  -3.656911e-01  -5.396197e-03
26  -1.325207e-01  -4.345527e-03
27  -1.214523e-02  -2.006863e-03
28  4.637444e-02  -2.344648e-03
29  4.056518e-02  -1.542260e-03
30  1.914131e-02  -3.386163e-04
31  1.745134e-02  1.325978e-04
32  1.636921e-02  1.701101e-04
33  1.979562e-02  1.434664e-04
34  7.878036e-03  -1.070035e-04
35  -1.147870e-02  -7.439883e-04
36  -3.131246e-02  -5.776773e-04
37  -3.597863e-02  -3.755675e-04
38  6.253883e-03  -1.512624e-03
39  6.717789e-02  2.451354e-03
40  9.347764e-02  1.911453e-02
41  2.368839e-01  4.558562e-02
42  7.907860e-01  3.242224e-02
43  1.011671e+00  6.219912e-02
44  1.985856e+00  1.732546e-02
45  3.687229e+00  1.288514e-01
46  7.509221e+00  3.638845e-01
47  8.334108e+00  3.707735e-01
48  1.655070e+01  5.248260e-01
49  4.976398e+01  1.133408e+00
50  1.434141e+02  -1.179740e+00
51  3.468002e+02  -4.656828e+00
52  6.693053e+02  -5.901260e+00
53  1.223833e+03  -1.379132e+01
54  2.426446e+03  -3.132680e+01
55  4.877329e+03  -4.691583e+01
56  1.004535e+04  -9.725442e+01
57  2.102603e+04  -1.552174e+02
58  4.438355e+04  -2.101348e+02
59  9.473033e+04  -3.152920e+02
60  1.940012e+05  -3.159756e+02
61  4.055933e+05  -2.067308e+02
62  8.314758e+05  5.789855e+01
63  1.902349e+06  5.947097e+02
ENDPROP
STARTPROP
MASSES:  4.500000e-02   4.500000e-02
SOURCE: GAM_3
SINKS: GAM_3
0  1.352803e+06  -6.542803e+02
1  1.953301e+06  -6.540105e+01
2  8.504596e+05  7.421922e+01
3  4.157300e+05  -4.846936e-01
4  1.930887e+05  -1.317907e+02
5  8.879834e+04  -2.753731e+01
6  4.093245e+04  -7.260642e+01
7  1.897015e+04  -1.441986e-01
8  9.352233e+03  3.981027e+01
9  4.203954e+03  2.030852e+01
10  1.973283e+03  7.112620e+00
11  9.974241e+02  3.697205e+00
12  4.779801e+02  -1.229105e+00
13  2.687477e+02  1.643801e-01
14  1.181390e+02  2.951534e-01
15  5.417483e+01  -1.268592e+00
16  1.947177e+01  -1.555746e+00
17  6.042775e+00  -1.400397e+00
18  1.169145e+00  -6.918807e-01
19  5.558539e-04  -3.925613e-01
20  -3.816902e-01  -2.630607e-01
21  5.263737e-01  -1.689678e-01
22  2.800296e-01  -7.439523e-02
23  -2.867915e-01  -3.361468e-02
24  -1.280363e-01  -4.836391e-03
25  -1.779527e-01  -1.124317e-02
26  -1.740991e-01  -5.623094e-03
27  -1.248067e-01  -5.177999e-03
28  -5.471482e-02  -2.819272e-03
29  -2.826506e-02  -1.806503e-03
30  -1.235693e-02  -9.515377e-04
31  -1.312802e-02  8.356956e-04
32  2.255768e-03  5.618201e-04
33  1.033132e-02  -4.561136e-04
34  4.560717e-03  -1.799100e-03
35  -1.267654e-02  -2.327621e-03
36  -4.749912e-02  -3.019951e-03
37  -8.301489e-02  -5.852616e-03
38  -2.129308e-01  -1.169282e-02
39  -5.060584e-01  -2.042349e-02
40  -8.634183e-01  -3.721638e-03
41  -1.465473e+00  1.756137e-02
42  -2.218384e+00  6.534548e-02
43  -1.903086e+00  1.513059e-01
44  -1.766778e+00  1.379636e-01
45  -9.048660e-02  1.763812e-01
46  4.442915e+00  1.737039e-01
47  1.123140e+01  -4.885327e-01
48  1.848074e+01  -1.095245e+00
49  2.289710e+01  -2.366867e+00
50  6.556167e+01  -2.969360e+00
51  1.733488e+02  -3.127458e+00
52  4.457289e+02  -9.710960e+00
53  1.012605e+03  -2.334825e+01
54  2.444128e+03  -3.666653e+01
55  5.695398e+03  -4.350192e+01
56  1.217163e+04  -6.699451e+01
57  2.369821e+04  -1.057609e+02
58  4.720566e+04  -8.560863e+01
59  9.654162e+04  -4.913403e+01
60  1.953743e+05  3.922930e+01
61  4.043578e+05  1.774322e+02
62  8.385573e+05  3.055128e+01
63  1.938174e+06  -2.411086e+02
ENDPROP
STARTPROP
MASSES:  4.500000e-02   4.500000e-02
SOURCE: GAM_4
SINKS: GAM_4
0  2.141909e+06  -7.961279e+02
1  -2.722730e+05  -7.198864e+02
2  -2.164553e+03  -1.970084e+02
3  -2.603464e+03  -1.387784e+02
4  -4.401852e+02  -1.121620e+02
5  -1.366793e+01  -6.885127e+01
6  -1.348051e+02  -5.057036e+01
7  -9.119717e+01  -4.627247e+01
8  2.371345e+00  -3.221234e+01
9  5.029296e+01  -1.593876e+01
10  1.568149e+01  -2.561053e+00
11  1.575818e+01  -4.747871e+00
12  1.592990e+01  -3.206217e+00
13  5.435013e+00  -7.361862e-01
14  4.004614e-02  -1.792599e-01
15  7.785540e-01  3.717671e-01
16  -2.833993e+00  3.393540e-01
17  -1.555353e+00  4.114682e-01
18  1.161021e-01  1.879841e-01
19  -2.923943e-01  5.124544e-02
20  -5.861433e-01  5.513746e-03
21  7.154988e-02  1.240645e-02
22  -3.280621e-02  -1.075591e-03
23  -7.905105e-02  1.161602e-02
24  -3.807943e-02  2.232881e-03
25  -8.352699e-03  1.457736e-03
26  -3.756237e-03  4.748283e-03
27  -2.704948e-03  3.300241e-03
28  -1.847021e-02  2.985136e-03
29  -1.550124e-02  1.970039e-03
30  -2.281912e-02  2.015205e-03
31  -1.912765e-02  1.787131e-03
32  -1.818662e-02  1.212951e-03
33  -2.145135e-02  1.144434e-03
34  -1.716489e-02  8.225650e-04
35  -1.792381e-02  7.623234e-04
36  -2.308744e-02  6.942200e-04
37  -7.190637e-03  3.996132e-04
38  -3.330029e-02  -3.064007e-04
39  2.677429e-02  -1.964309e-03
40  1.009325e-02  -2.354615e-03
41  -4.734896e-02  2.871138e-04
42  -3.265157e-02  -7.592462e-04
43  -1.433324e-01  1.266641e-02
44  -2.084006e-01  -1.374350e-02
45  -6.405422e-01  -2.535492e-02
46  -1.266054e+00  -1.926650e-02
47  -4.435533e-01  9.658277e-02
48  5.520577e-01  3.184281e-01
49  1.035139e+00  -1.033078e-02
50  3.115341e+00  -8.166565e-01
51  7.400859e-01  -7.594591e-02
52  -1.690088e+01  -9.878531e-01
53  8.304725e+00  -1.599774e+00
54  1.298841e+01  -6.089629e+00
55  -7.161044e+01  8.633898e-01
56  3.495153e+01  4.659305e+00
57  -6.652208e+01  1.070279e+00
58  -1.882072e+02  1.571330e+00
59  -1.761322e+02  -9.107966e+00
60  -3.455240e+01  -4.787906e+01
61  -1.222004e+03  -1.548573e+02
62  -2.778527e+03  -2.411526e+02
63  -2.642631e+05  -7.469584e+02
ENDPROP
STARTPROP
MASSES:  4.500000e-02   4.500000e-02
SOURCE: GAM_5
SINKS: GAM_5
0  5.483879e+06  -6.986227e+02
1  5.299749e+06  3.726688e+02
2  3.282801e+06  2.099712e+02
3  2.070347e+06  3.375685e+01
4  1.266108e+06  -5.335792e+02
5  7.822014e+05  -5.560580e+02
6  4.816474e+05  -5.995370e+02
7  2.924545e+05  -4.166580e+02
8  1.805613e+05  -2.177101e+02
9  1.116202e+05  -1.127665e+02
10  6.836381e+04  -7.280268e+01
11  4.217861e+04  -4.575789e+01
12  2.602925e+04  -3.653044e+01
13  1.576777e+04  -2.958333e+01
14  9.458321e+03  -1.703201e+01
15  5.762192e+03  -5.118106e+00
16  3.520902e+03  -2.387790e+00
17  2.147622e+03  -2.402504e-01
18  1.315697e+03  -4.168054e-01
19  8.065375e+02  -9.970300e-01
20  4.940564e+02  -9.162200e-01
21  2.986449e+02  -7.712269e-01
22  1.845228e+02  -5.055791e-01
23  1.149747e+02  -3.525325e-01
24  6.938025e+01  -2.489432e-01
25  4.202442e+01  -2.015306e-01
26  2.586330e+01  -1.488046e-01
27  1.578730e+01  -8.863648e-02
28  9.679815e+00  -5.468494e-02
29  6.088585e+00  -3.581391e-02
30  4.080631e+00  -2.653592e-02
31  3.077328e+00  -2.553708e-02
32  2.778036e+00  -2.822003e-02
33  3.122311e+00  -3.499204e-02
34  4.184228e+00  -4.445678e-02
35  6.234499e+00  -5.878819e-02
36  9.817566e+00  -8.212657e-02
37  1.554590e+01  -1.149217e-01
38  2.491675e+01  -1.556993e-01
39  4.082025e+01  -2.225706e-01
40  6.685663e+01  -3.492009e-01
41  1.089286e+02  -5.739794e-01
42  1.764422e+02  -8.877639e-01
43  2.891766e+02  -1.421176e+00
44  4.799141e+02  -2.650557e+00
45  8.053817e+02  -4.717621e+00
46  1.338694e+03  -7.377767e+00
47  2.214709e+03  -1.197831e+01
48  3.628747e+03  -1.557961e+01
49  5.829602e+03  -2.026297e+01
50  9.345147e+03  -3.032493e+01
51  1.520349e+04  -4.290686e+01
52  2.463301e+04  -5.158197e+01
53  4.016701e+04  -6.733652e+01
54  6.609848e+04  -1.408760e+02
55  1.084597e+05  -2.523653e+02
56  1.782590e+05  -2.256374e+02
57  2.905657e+05  -2.150461e+02
58  4.763463e+05  -2.038958e+02
59  7.762751e+05  -3.014990e+02
60  1.252930e+06  -9.707740e+01
61  2.046292e+06  3.385232e+02
62  3.257785e+06  1.421690e+02
63  5.272271e+06  -1.335351e+02
ENDPROP
STARTPROP
MASSES:  4.500000e-02   4.500000e-02
SOURCE: GAM_12
SINKS: GAM_12
0  9.286560e+05  -4.926582e+02
1  -6.227435e+05  -4.408549e+02
2  -1.372171e+05  -2.266347e+02
3  -4.671159e+04  -1.474117e+02
4  -1.359741e+04  -1.009962e+02
5  -4.557914e+03  -6.236214e+01
6  -3.882994e+02  7.852485e+00
7  7.029153e+02  -2.960634e-02
8  7.850821e+02  -5.533114e+00
9  4.553820e+02  -1.281437e+01
10  2.343277e+02  -5.850964e+00
11  8.912988e+00  3.134081e+00
12  -5.557960e+01  2.763399e+00
13  -2.661829e+01  2.868844e+00
14  1.243016e+01  8.875749e-01
15  7.597821e+00  -3.164372e-01
16  -7.023454e-01  -3.935002e-01
17  -4.303253e+00  -3.311127e-01
18  -5.618096e+00  -3.266871e-01
19  -3.165863e+00  -1.914814e-01
20  -1.335822e+00  -7.718193e-02
21  -4.811026e-01  -2.988838e-02
22  2.207305e-01  -3.358671e-02
23  3.818064e-01  -2.846016e-02
24  2.333108e-01  -1.497665e-02
25  9.682139e-02  -5.175643e-03
26  6.193164e-02  -1.436107e-04
27  5.070941e-02  2.419938e-04
28  5.647670e-02  -6.987521e-04
29  4.811789e-02  -1.264857e-03
30  2.535578e-02  -7.111443e-04
31  1.332469e-02  -5.507917e-04
32  1.110864e-02  -9.030840e-04
33  1.185550e-02  -8.852536e-05
34  5.175390e-03  8.199137e-04
35  -8.907984e-03  2.550840e-03
36  -2.165896e-02  4.660508e-03
37  7.312687e-03  2.918500e-03
38  4.903506e-02  -1.497928e-03
39  1.227825e-01  -1.594819e-03
40  1.384668e-01  4.682604e-03
41  1.417550e-01  6.525912e-03
42  -1.792939e-02  -3.126401e-03
43  -7.716847e-02  -4.918940e-03
44  -6.526800e-01  5.383052e-02
45  -8.317675e-01  1.103097e-01
46  1.844181e+00  1.633168e-01
47  4.645035e+00  7.820989e-02
48  1.115495e+01  -4.291003e-01
49  1.060529e+01  -1.233502e+00
50  4.577921e+00  -1.419064e+00
51  1.728110e+01  -1.935105e+00
52  6.953810e+01  -1.454187e+00
53  1.452181e+02  2.507696e+00
54  1.271232e+02  5.031333e+00
55  -1.541668e+02  -3.251716e+00
56  -5.819543e+02  -1.510840e+01
57  -9.055771e+02  -8.842449e+00
58  -1.843907e+03  -7.815648e-01
59  -3.910230e+03  -3.683799e+01
60  -1.274181e+04  -5.744309e+01
61  -4.558705e+04  -6.507795e+01
62  -1.365541e+05  -1.068861e+02
63  -6.139643e+05  -5.614607e+02
ENDPROP
STARTPROP
MASSES:  4.500000e-02   4.500000e-02
SOURCE: GAM_21
SINKS: GAM_21
0  9.286560e+05  -4.926582e+02
1  -6.227435e+05  -4.408549e+02
2  -1.372171e+05  -2.266347e+02
3  -4.671159e+04  -1.474117e+02
4  -1.359741e+04  -1.009962e+02
5  -4.557914e+03  -6.236214e+01
6  -3.882994e+02  7.852485e+00
7  7.029153e+02  -2.960634e-02
8  7.850821e+02  -5.533114e+00
9  4.553820e+02  -1.281437e+01
10  2.343277e+02  -5.850964e+00
11  8.912988e+00  3.134081e+00
12  -5.557960e+01  2.763399e+00
13  -2.661829e+01  2.868844e+00
14  1.243016e+01  8.875749e-01
15  7.597821e+00  -3.164372e-01
16  -7.023454e-01  -3.935002e-01
17  -4.303253e+00  -3.311127e-01
18  -5.618096e+00  -3.266871e-01
19  -3.165863e+00  -1.914814e-01
20  -1.335822e+00  -7.718193e-02
21  -4.811026e-01  -2.988838e-02
22  2.207305e-01  -3.358671e-02
23  3.818064e-01  -2.846016e-02
24  2.333108e-01  -1.497665e-02
25  9.682139e-02  -5.175643e-03
26  6.193164e-02  -1.436107e-04
27  5.070941e-02  2.419938e-04
28  5.647670e-02  -6.987521e-04
29  4.811789e-02  -1.264857e-03
30  2.535578e-02  -7.111443e-04
31  1.332469e-02  -5.507917e-04
32  1.110864e-02  -9.030840e-04
33  1.185550e-02  -8.852536e-05
34  5.175390e-03  8.199137e-04
35  -8.907984e-03  2.550840e-03
36  -2.165896e-02  4.660508e-03
37  7.312687e-03  2.918500e-03
38  4.903506e-02  -1.497928e-03
39  1.227825e-01  -1.594819e-03
40  1.384668e-01  4.682604e-03
41  1.417550e-01  6.525912e-03
42  -1.792939e-02  -3.126401e-03
43  -7.716847e-02  -4.918940e-03
44  -6.526800e-01  5.383052e-02
45  -8.317675e-01  1.103097e-01
46  1.844181e+00  1.633168e-01
47  4.645035e+00  7.820989e-02
48  1.115495e+01  -4.291003e-01
49  1.060529e+01  -1.233502e+00
50  4.577921e+00  -1.419064e+00
51  1.728110e+01  -1.935105e+00
52  6.953810e+01  -1.454187e+00
53  1.452181e+02  2.507696e+00
54  1.271232e+02  5.031333e+00
55  -1.541668e+02  -3.251716e+00
56  -5.819543e+02  -1.510840e+01
57  -9.055771e+02  -8.842449e+00
58  -1.843907e+03  -7.815648e-01
59  -3.910230e+03  -3.683799e+01
60  -1.274181e+04  -5.744309e+01
61  -4.558705e+04  -6.507795e+01
62  -1.365541e+05  -1.068861e+02
63  -6.139643e+05  -5.614607e+02
ENDPROP
STARTPROP
MASSES:  4.500000e-02   4.500000e-02
SOURCE: GAM_13
SINKS: GAM_13
0  9.264213e+05  7.850406e+01
1  -6.194496e+05  1.846295e+02
2  -1.292052e+05  9.161434e+01
3  -4.144416e+04  9.783653e+01
4  -1.348179e+04  4.708108e+01
5  -5.899519e+03  -3.039097e+01
6  -2.856769e+03  -1.435553e+01
7  -1.224386e+03  2.351233e+00
8  -6.491730e+02  -5.428387e+00
9  -2.473135e+02  9.332248e+00
10  3.536737e+01  1.119024e+01
11  8.256121e+00  7.660954e+00
12  1.873473e+01  2.934290e+00
13  1.232869e+01  1.783299e+00
14  7.673539e+00  1.473434e+00
15  2.290731e+00  5.438263e-01
16  -1.467578e+00  1.653097e-01
17  -1.840172e+00  -3.455467e-02
18  3.069975e-01  -8.937474e-02
19  -6.199120e-01  1.225453e-04
20  -1.713166e-01  5.513855e-02
21  5.549883e-03  1.555923e-02
22  1.963697e-01  2.046348e-02
23  4.072883e-02  9.214733e-03
24  -9.276098e-02  -7.844418e-03
25  -8.657013e-03  -2.753364e-03
26  3.415954e-02  -2.499146e-03
27  1.191554e-02  -1.376382e-03
28  -1.129853e-04  -1.077234e-03
29  2.155034e-03  -1.968846e-03
30  5.323003e-03  -1.247987e-03
31  6.273003e-03  -7.005400e-04
32  6.099482e-03  -5.864078e-04
33  7.058198e-03  -6.472542e-04
34  1.112082e-02  -5.415152e-04
35  1.292309e-02  -1.557225e-03
36  2.964298e-02  -2.348503e-03
37  3.724092e-03  8.023418e-05
38  -6.977277e-03  4.082310e-03
39  2.408121e-02  6.704843e-03
40  8.237341e-02  1.430372e-02
41  1.759455e-01  1.669456e-02
42  4.224832e-01  3.507201e-02
43  9.983756e-01  3.138353e-02
44  1.338383e+00  2.340176e-02
45  2.642193e+00  -4.860803e-02
46  5.132694e+00  -6.099705e-03
47  1.063182e+01  -1.627535e-01
48  1.308044e+01  2.711085e-02
49  1.637263e+01  8.857135e-01
50  1.285585e+01  1.614551e+00
51  3.622603e+01  1.583123e+00
52  4.211035e+01  1.185602e+00
53  5.350580e+01  -4.525960e-01
54  1.263604e+02  9.167905e-01
55  1.914707e+02  4.744226e+00
56  1.804798e+02  2.039899e+01
57  -1.165616e+02  5.280851e+01
58  -1.245791e+03  3.947014e+01
59  -5.412177e+03  1.789651e+01
60  -1.655831e+04  -3.758915e+01
61  -4.988710e+04  -1.719996e+02
62  -1.325606e+05  -3.678075e+02
63  -6.112893e+05  -4.921078e+02
ENDPROP
STARTPROP
MASSES:  4.500000e-02   4.500000e-02
SOURCE: GAM_31
SINKS: GAM_31
0  9.264213e+05  7.850406e+01
1  -6.194496e+05  1.846295e+02
2  -1.292052e+05  9.161434e+01
3  -4.144416e+04  9.783653e+01
4  -1.348179e+04  4.708108e+01
5  -5.899519e+03  -3.039097e+01
6  -2.856769e+03  -1.435553e+01
7  -1.224386e+03  2.351233e+00
8  -6.491730e+02  -5.428387e+00
9  -2.473135e+02  9.332248e+00
10  3.536737e+01  1.119024e+01
11  8.256121e+00  7.660954e+00
12  1.873473e+01  2.934290e+00
13  1.232869e+01  1.783299e+00
14  7.673539e+00  1.473434e+00
15  2.290731e+00  5.438263e-01
16  -1.467578e+00  1.653097e-01
17  -1.840172e+00  -3.455467e-02
18  3.069975e-01  -8.937474e-02
19  -6.199120e-01  1.225453e-04
20  -1.713166e-01  5.513855e-02
21  5.549883e-03  1.555923e-02
22  1.963697e-01  2.046348e-02
23  4.072883e-02  9.214733e-03
24  -9.276098e-02  -7.844418e-03
25  -8.657013e-03  -2.753364e-03
26  3.415954e-02  -2.499146e-03
27  1.191554e-02  -1.376382e-03
28  -1.129853e-04  -1.077234e-03
29  2.155034e-03  -1.968846e-03
30  5.323003e-03  -1.247987e-03
31  6.273003e-03  -7.005400e-04
32  6.099482e-03  -5.864078e-04
33  7.058198e-03  -6.472542e-04
34  1.112082e-02  -5.415152e-04
35  1.292309e-02  -1.557225e-03
36  2.964298e-02  -2.348503e-03
37  3.724092e-03  8.023418e-05
38  -6.977277e-03  4.082310e-03
39  2.408121e-02  6.704843e-03
40  8.237341e-02  1.430372e-02
41  1.759455e-01  1.669456e-02
42  4.224832e-01  3.507201e-02
43  9.983756e-01  3.138353e-02
44  1.338383e+00  2.340176e-02
45  2.642193e+00  -4.860803e-02
46  5.132694e+00  -6.099705e-03
47  1.063182e+01  -1.627535e-01
48  1.308044e+01  2.711085e-02
49  1.637263e+01  8.857135e-01
50  1.285585e+01  1.614551e+00
51  3.622603e+01  1.583123e+00
52  4.211035e+01  1.185602e+00
53  5.350580e+01  -4.525960e-01
54  1.263604e+02  9.167905e-01
55  1.914707e+02  4.744226e+00
56  1.804798e+02  2.039899e+01
57  -1.165616e+02  5.280851e+01
58  -1.245791e+03  3.947014e+01
59  -5.412177e+03  1.789651e+01
60  -1.655831e+04  -3.758915e+01
61  -4.988710e+04  -1.719996e+02
62  -1.325606e+05  -3.678075e+02
63  -6.112893e+05  -4.921078e+02
ENDPROP
STARTPROP
MASSES:  4.500000e-02   4.500000e-02
SOURCE: GAM_14
SINKS: GAM_14
0  1.948527e+05  3.096327e+02
1  1.394767e+06  3.150364e+02
2  5.537122e+05  3.634584e+02
3  2.650436e+05  3.504857e+02
4  1.229354e+05  1.629595e+02
5  5.777548e+04  2.954154e+01
6  2.716485e+04  -4.754998e+01
7  1.243934e+04  -2.534119e+01
8  5.423709e+03  2.091211e+01
9  2.181701e+03  3.235480e+01
10  7.330190e+02  1.949597e+01
11  2.794452e+02  1.187087e+01
12  1.208877e+02  6.096312e+00
13  8.100415e+01  7.925795e-01
14  5.000864e+01  1.084363e-01
15  2.914258e+01  5.808612e-01
16  1.287982e+01  1.289691e+00
17  7.072269e+00  1.276793e+00
18  1.649494e+00  8.953854e-01
19  2.327170e+00  3.275711e-01
20  1.761682e+00  9.234670e-02
21  1.216066e+00  3.241195e-02
22  5.975877e-01  2.359006e-02
23  4.238982e-01  2.111785e-02
24  1.486717e-01  2.305936e-02
25  4.417673e-02  1.713322e-02
26  3.344914e-02  1.009840e-02
27  -1.773683e-02  5.866888e-03
28  -2.631459e-02  3.199028e-03
29  -1.774786e-02  2.230536e-03
30  -5.900439e-03  1.798407e-03
31  -7.193813e-03  1.913014e-03
32  -1.174414e-02  1.427388e-03
33  -1.759489e-02  1.668344e-03
34  -1.525020e-02  1.558595e-03
35  -9.361911e-03  1.669377e-03
36  1.937525e-02  5.531821e-04
37  4.055235e-02  3.338769e-05
38  3.221339e-02  4.774757e-03
39  1.086343e-02  5.175084e-03
40  8.389311e-02  8.991822e-03
41  2.534502e-01  1.511773e-02
42  2.033811e-01  2.624015e-02
43  -3.899435e-02  3.875225e-02
44  1.206460e-02  -5.232687e-02
45  8.865973e-01  -9.168991e-02
46  3.701671e+00  -1.192153e-01
47  9.726376e+00  -7.451744e-02
48  1.999331e+01  2.565163e-02
49  4.478204e+01  3.302878e-01
50  1.030435e+02  5.585130e-01
51  2.198292e+02  4.187244e-01
52  4.710249e+02  -3.935073e+00
53  8.632717e+02  -8.664474e+00
54  1.738436e+03  -9.336182e+00
55  3.557978e+03  1.839504e+00
56  7.152877e+03  1.028578e+01
57  1.429910e+04  -2.010344e+01
58  2.903298e+04  -6.629530e+01
59  5.868146e+04  2.613328e+00
60  1.212819e+05  1.051470e+02
61  2.593019e+05  9.882568e+01
62  5.479515e+05  6.929654e+01
63  1.371548e+06  3.566549e+02
ENDPROP
STARTPROP
MASSES:  4.500000e-02   4.500000e-02
SOURCE: GAM_41
SINKS: GAM_41
0  1.948527e+05  3.096327e+02
1  1.394767e+06  3.150364e+02
2  5.537122e+05  3.634584e+02
3  2.650436e+05  3.504857e+02
4  1.229354e+05  1.629595e+02
5  5.777548e+04  2.954154e+01
6  2.716485e+04  -4.754998e+01
7  1.243934e+04  -2.534119e+01
8  5.423709e+03  2.091211e+01
9  2.181701e+03  3.235480e+01
10  7.330190e+02  1.949597e+01
11  2.794452e+02  1.187087e+01
12  1.208877e+02  6.096312e+00
13  8.100415e+01  7.925795e-01
14  5.000864e+01  1.084363e-01
15  2.914258e+01  5.808612e-01
16  1.287982e+01  1.289691e+00
17  7.072269e+00  1.276793e+00
18  1.649494e+00  8.953854e-01
19  2.327170e+00  3.275711e-01
20  1.761682e+00  9.234670e-02
21  1.216066e+00  3.241195e-02
22  5.975877e-01  2.359006e-02
23  4.238982e-01  2.111785e-02
24  1.486717e-01  2.305936e-02
25  4.417673e-02  1.713322e-02
26  3.344914e-02  1.009840e-02
27  -1.773683e-02  5.866888e-03
28  -2.631459e-02  3.199028e-03
29  -1.774786e-02  2.230536e-03
30  -5.900439e-03  1.798407e-03
31  -7.193813e-03  1.913014e-03
32  -1.174414e-02  1.427388e-03
33  -1.759489e-02  1.668344e-03
34  -1.525020e-02  1.558595e-03
35  -9.361911e-03  1.669377e-03
36  1.937525e-02  5.531821e-04
37  4.055235e-02  3.338769e-05
38  3.221339e-02  4.774757e-03
39  1.086343e-02  5.175084e-03
40  8.389311e-02  8.991822e-03
41  2.534502e-01  1.511773e-02
42  2.033811e-01  2.624015e-02
43  -3.899435e-02  3.875225e-02
44  1.206460e-02  -5.232687e-02
45  8.865973e-01  -9.168991e-02
46  3.701671e+00  -1.192153e-01
47  9.726376e+00  -7.451744e-02
48  1.999331e+01  2.565163e-02
49  4.478204e+01  3.302878e-01
50  1.030435e+02  5.585130e-01
51  2.198292e+02  4.187244e-01
52  4.710249e+02  -3.935073e+00
53  8.632717e+02  -8.664474e+00
54  1.738436e+03  -9.336182e+00
55  3.557978e+03  1.839504e+00
56  7.152877e+03  1.028578e+01
57  1.429910e+04  -2.010344e+01
58  2.903298e+04  -6.629530e+01
59  5.868146e+04  2.613328e+00
60  1.212819e+05  1.051470e+02
61  2.593019e+05  9.882568e+01
62  5.479515e+05  6.929654e+01
63  1.371548e+06  3.566549e+02
ENDPROP
STARTPROP
MASSES:  4.500000e-02   4.500000e-02
SOURCE: GAM_23
SINKS: GAM_23
0  8.845354e+05  9.331738e+01
1  -6.426055e+05  2.540236e+01
2  -1.412997e+05  -4.705942e+01
3  -4.866344e+04  -6.408736e+01
4  -1.649771e+04  -9.433717e+01
5  -4.959169e+03  -8.841363e+01
6  -1.066793e+03  -5.110315e+01
7  -2.583651e+02  -8.788282e+00
8  4.093544e+00  -1.320822e+00
9  3.050274e+01  -1.771848e+00
10  1.461901e+02  8.754831e-01
11  1.298617e+02  -4.072975e+00
12  8.758839e+01  -2.175912e+00
13  5.904238e+01  -8.612344e-01
14  3.501177e+01  -9.387722e-01
15  2.286440e+01  -5.266900e-01
16  1.181009e+01  8.094407e-02
17  7.267917e+00  1.366943e-01
18  1.198968e+00  5.939911e-02
19  1.828442e-01  8.356723e-02
20  5.004544e-01  9.534795e-02
21  2.793253e-01  4.747847e-02
22  1.344649e-01  2.079999e-02
23  2.009712e-02  4.785035e-03
24  -6.141702e-02  -1.028670e-02
25  6.277044e-03  -2.051290e-03
26  2.714452e-02  -1.655558e-03
27  1.336225e-02  5.759637e-04
28  3.415573e-03  6.032721e-04
29  6.387916e-03  7.776070e-04
30  2.298793e-03  8.691208e-06
31  9.914881e-04  1.935854e-04
32  3.261030e-04  2.118419e-04
33  -2.790567e-03  -3.997692e-04
34  1.400279e-03  -1.697269e-04
35  -3.947887e-04  -5.474656e-05
36  -9.060095e-03  1.018393e-03
37  -4.058079e-03  9.872602e-04
38  1.070899e-02  4.472670e-03
39  1.348771e-01  -3.080881e-04
40  2.288525e-01  -3.309794e-03
41  2.760612e-01  -1.741573e-02
42  7.108662e-01  -2.768873e-02
43  1.158643e+00  -1.144450e-02
44  1.527816e+00  4.016547e-02
45  1.436906e+00  1.352549e-01
46  3.701684e+00  2.380095e-01
47  9.762381e+00  8.041994e-02
48  1.797026e+01  -2.709665e-01
49  2.184547e+01  1.120576e-02
50  2.409825e+01  -2.523765e-01
51  1.876501e+01  3.794911e-01
52  -1.158364e+01  3.171092e+00
53  -7.934930e+01  5.263828e+00
54  -1.124232e+02  1.259196e+01
55  -1.089951e+02  2.366048e+01
56  -6.059799e+01  3.371428e+01
57  -3.668807e+02  5.018910e+01
58  -1.559629e+03  4.887949e+01
59  -5.839727e+03  6.138142e+00
60  -1.681372e+04  4.807884e+01
61  -4.977638e+04  4.639170e+01
62  -1.406840e+05  1.167975e+02
63  -6.315651e+05  1.639802e-01
ENDPROP
STARTPROP
MASSES:  4.500000e-02   4.500000e-02
SOURCE: GAM_32
SINKS: GAM_32
0  8.845354e+05  9.331738e+01
1  -6.426055e+05  2.540236e+01
2  -1.412997e+05  -4.705942e+01
3  -4.866344e+04  -6.408736e+01
4  -1.649771e+04  -9.433717e+01
5  -4.959169e+03  -8.841363e+01
6  -1.066793e+03  -5.110315e+01
7  -2.583651e+02  -8.788282e+00
8  4.093544e+00  -1.320822e+00
9  3.050274e+01  -1.771848e+00
10  1.461901e+02  8.754831e-01
11  1.298617e+02  -4.072975e+00
12  8.758839e+01  -2.175912e+00
13  5.904238e+01  -8.612344e-01
14  3.501177e+01  -9.387722e-01
15  2.286440e+01  -5.266900e-01
16  1.181009e+01  8.094407e-02
17  7.267917e+00  1.366943e-01
18  1.198968e+00  5.939911e-02
19  1.828442e-01  8.356723e-02
20  5.004544e-01  9.534795e-02
21  2.793253e-01  4.747847e-02
22  1.344649e-01  2.079999e-02
23  2.009712e-02  4.785035e-03
24  -6.141702e-02  -1.028670e-02
25  6.277044e-03  -2.051290e-03
26  2.714452e-02  -1.655558e-03
27  1.336225e-02  5.759637e-04
28  3.415573e-03  6.032721e-04
29  6.387916e-03  7.776070e-04
30  2.298793e-03  8.691208e-06
31  9.914881e-04  1.935854e-04
32  3.261030e-04  2.118419e-04
33  -2.790567e-03  -3.997692e-04
34  1.400279e-03  -1.697269e-04
35  -3.947887e-04  -5.474656e-05
36  -9.060095e-03  1.018393e-03
37  -4.058079e-03  9.872602e-04
38  1.070899e-02  4.472670e-03
39  1.348771e-01  -3.080881e-04
40  2.288525e-01  -3.309794e-03
41  2.760612e-01  -1.741573e-02
42  7.108662e-01  -2.768873e-02
43  1.158643e+00  -1.144450e-02
44  1.527816e+00  4.016547e-02
45  1.436906e+00  1.352549e-01
46  3.701684e+00  2.380095e-01
47  9.762381e+00  8.041994e-02
48  1.797026e+01  -2.709665e-01
49  2.184547e+01  1.120576e-02
50  2.409825e+01  -2.523765e-01
51  1.876501e+01  3.794911e-01
52  -1.158364e+01  3.171092e+00
53  -7.934930e+01  5.263828e+00
54  -1.124232e+02  1.259196e+01
55  -1.089951e+02  2.366048e+01
56  -6.059799e+01  3.371428e+01
57  -3.668807e+02  5.018910e+01
58  -1.559629e+03  4.887949e+01
59  -5.839727e+03  6.138142e+00
60  -1.681372e+04  4.807884e+01
61  -4.977638e+04  4.639170e+01
62  -1.406840e+05  1.167975e+02
63  -6.315651e+05  1.639802e-01
ENDPROP
STARTPROP
MASSES:  4.500000e-02   4.500000e-02
SOURCE: GAM_24
SINKS: GAM_24
0  1.450838e+05  -2.871593e+02
1  1.365685e+06  -1.265300e+02
2  5.443330e+05  -4.363833e+01
3  2.676194e+05  4.077199e+01
4  1.251963e+05  -7.996528e+01
5  5.898647e+04  2.575541e+01
6  2.846614e+04  3.652649e+01
7  1.270358e+04  4.495549e+01
8  5.982720e+03  5.087753e+01
9  2.643162e+03  3.187868e+01
10  1.253962e+03  1.271993e+01
11  6.671262e+02  1.510490e+00
12  3.864545e+02  -4.100407e+00
13  1.957571e+02  -2.296037e+00
14  9.127527e+01  -6.804482e-01
15  4.552359e+01  -4.906591e-01
16  2.385565e+01  -3.995878e-01
17  1.199028e+01  -3.506795e-01
18  2.839943e+00  -2.584518e-01
19  1.133655e+00  -2.613633e-01
20  4.860654e-01  -2.076231e-01
21  7.957683e-01  -1.387089e-01
22  4.692495e-01  -7.276958e-02
23  2.205767e-01  -2.264622e-02
24  1.643075e-01  1.016878e-02
25  1.223672e-01  1.688385e-02
26  5.623947e-02  1.328910e-02
27  1.421647e-02  7.006425e-03
28  4.855991e-03  3.181223e-03
29  -5.398686e-03  2.690865e-03
30  -1.351835e-02  1.453834e-03
31  -4.800350e-03  9.780612e-04
32  -8.670534e-04  9.215148e-04
33  -4.946284e-03  8.758287e-04
34  -1.189408e-02  1.527504e-04
35  -1.830391e-02  -1.592455e-03
36  -1.408849e-02  -1.535049e-03
37  9.004345e-03  2.597552e-04
38  4.043804e-02  -2.057934e-03
39  6.661744e-02  -7.125692e-03
40  8.839340e-02  2.898729e-03
41  1.584261e-01  2.099310e-02
42  3.281373e-01  2.498195e-02
43  1.226678e+00  6.405506e-02
44  1.813011e+00  -1.679480e-02
45  4.397461e+00  -2.851830e-02
46  6.827174e+00  -1.310420e-01
47  8.033608e+00  -3.640543e-01
48  5.747453e+00  -7.807651e-01
49  1.386743e+01  -1.217278e+00
50  4.295002e+01  -1.990689e+00
51  1.249605e+02  -5.107029e+00
52  2.067284e+02  -4.932962e+00
53  4.451183e+02  -8.738177e+00
54  1.102773e+03  -1.464042e+01
55  2.455531e+03  -1.576446e+01
56  6.021374e+03  -4.743668e+01
57  1.320078e+04  -9.170872e+01
58  2.749450e+04  -1.547628e+02
59  5.758123e+04  -1.693299e+02
60  1.209500e+05  -1.747915e+02
61  2.518660e+05  -1.105175e+02
62  5.286478e+05  -1.302677e+02
63  1.343175e+06  -2.031365e+01
ENDPROP
STARTPROP
MASSES:  4.500000e-02   4.500000e-02
SOURCE: GAM_42
SINKS: GAM_42
0  1.450838e+05  -2.871593e+02
1  1.365685e+06  -1.265300e+02
2  5.443330e+05  -4.363833e+01
3  2.676194e+05  4.077199e+01
4  1.251963e+05  -7.996528e+01
5  5.898647e+04  2.575541e+01
6  2.846614e+04  3.652649e+01
7  1.270358e+04  4.495549e+01
8  5.982720e+03  5.087753e+01
9  2.643162e+03  3.187868e+01
10  1.253962e+03  1.271993e+01
11  6.671262e+02  1.510490e+00
12  3.864545e+02  -4.100407e+00
13  1.957571e+02  -2.296037e+00
14  9.127527e+01  -6.804482e-01
15  4.552359e+01  -4.906591e-01
16  2.385565e+01  -3.995878e-01
17  1.199028e+01  -3.506795e-01
18  2.839943e+00  -2.584518e-01
19  1.133655e+00  -2.613633e-01
20  4.860654e-01  -2.076231e-01
21  7.957683e-01  -1.387089e-01
22  4.692495e-01  -7.276958e-02
23  2.205767e-01  -2.264622e-02
24  1.643075e-01  1.016878e-02
25  1.223672e-01  1.688385e-02
26  5.623947e-02  1.328910e-02
27  1.421647e-02  7.006425e-03
28  4.855991e-03  3.181223e-03
29  -5.398686e-03  2.690865e-03
30  -1.351835e-02  1.453834e-03
31  -4.800350e-03  9.780612e-04
32  -8.670534e-04  9.215148e-04
33  -4.946284e-03  8.758287e-04
34  -1.189408e-02  1.527504e-04
35  -1.830391e-02  -1.592455e-03
36  -1.408849e-02  -1.535049e-03
37  9.004345e-03  2.597552e-04
38  4.043804e-02  -2.057934e-03
39  6.661744e-02  -7.125692e-03
40  8.839340e-02  2.898729e-03
41  1.584261e-01  2.099310e-02
42  3.281373e-01  2.498195e-02
43  1.226678e+00  6.405506e-02
44  1.813011e+00  -1.679480e-02
45  4.397461e+00  -2.851830e-02
46  6.827174e+00  -1.310420e-01
47  8.033608e+00  -3.640543e-01
48  5.747453e+00  -7.807651e-01
49  1.386743e+01  -1.217278e+00
50  4.295002e+01  -1.990689e+00
51  1.249605e+02  -5.107029e+00
52  2.067284e+02  -4.932962e+00
53  4.451183e+02  -8.738177e+00
54  1.102773e+03  -1.464042e+01
55  2.455531e+03  -1.576446e+01
56  6.021374e+03  -4.743668e+01
57  1.320078e+04  -9.170872e+01
58  2.749450e+04  -1.547628e+02
59  5.758123e+04  -1.693299e+02
60  1.209500e+05  -1.747915e+02
61  2.518660e+05  -1.105175e+02
62  5.286478e+05  -1.302677e+02
63  1.343175e+06  -2.031365e+01
ENDPROP
STARTPROP
MASSES:  4.500000e-02   4.500000e-02
SOURCE: GAM_34
SINKS: GAM_34
0  1.352693e+05  6.009160e+02
1  1.358812e+06  5.355415e+02
2  5.360989e+05  3.607903e+02
3  2.570051e+05  2.406785e+02
4  1.186373e+05  -9.805790e+01
5  5.669574e+04  -7.205016e+01
6  2.590657e+04  -1.465293e+02
7  1.220829e+04  -1.087914e+02
8  6.701674e+03  -6.716814e+01
9  3.520984e+03  -4.148385e+01
10  1.614692e+03  -2.101362e+01
11  7.320577e+02  -7.322063e+00
12  3.832304e+02  -4.356929e+00
13  1.487490e+02  -1.884049e+00
14  6.670742e+01  5.443982e-01
15  2.889901e+01  -1.010540e+00
16  4.169672e+00  -1.209453e+00
17  5.123873e+00  -6.149759e-01
18  6.019769e+00  -3.902150e-01
19  1.586908e+00  -2.773862e-01
20  1.003278e+00  -1.063010e-01
21  3.074541e-01  -9.452265e-02
22  2.790394e-01  -4.772869e-02
23  6.448141e-02  -2.426424e-02
24  -2.980164e-02  -3.677315e-03
25  -9.847625e-02  -2.543181e-03
26  -3.481337e-02  -1.788716e-04
27  -5.023720e-02  3.557283e-04
28  -3.926449e-02  5.725066e-04
29  -4.785704e-02  4.279574e-04
30  -2.953482e-02  3.523690e-05
31  -1.598303e-02  5.757285e-04
32  -7.501507e-03  4.660215e-04
33  -6.760744e-03  1.002690e-04
34  -1.391167e-02  -1.587067e-03
35  -2.182360e-02  -2.884565e-03
36  -2.177414e-02  -5.458268e-03
37  -4.231328e-02  -7.090808e-03
38  -1.520709e-01  -8.491536e-03
39  -4.768518e-01  -1.320784e-02
40  -9.194612e-01  -1.603622e-02
41  -1.102777e+00  -2.066641e-02
42  -9.453968e-01  -2.510763e-02
43  -1.373917e+00  -5.188806e-04
44  -1.186228e+00  1.265222e-02
45  5.171641e-01  -5.803044e-02
46  6.186496e+00  -3.137935e-01
47  1.668937e+01  -1.087334e+00
48  2.616518e+01  -2.281079e+00
49  2.577179e+01  -2.620795e+00
50  3.384156e+01  -3.138038e+00
51  1.178443e+02  -3.948482e+00
52  3.261540e+02  -7.630383e+00
53  7.684841e+02  -1.295584e+01
54  1.671112e+03  -2.588353e+01
55  3.628934e+03  -5.466529e+01
56  7.287581e+03  -9.852321e+01
57  1.490019e+04  -1.496421e+02
58  3.061126e+04  -1.988932e+02
59  6.408982e+04  -2.286596e+02
60  1.287284e+05  -1.577993e+02
61  2.615370e+05  -8.170622e+01
62  5.414137e+05  -2.803293e+02
63  1.348910e+06  2.916735e+02
ENDPROP
STARTPROP
MASSES:  4.500000e-02   4.500000e-02
SOURCE: GAM_43
SINKS: GAM_43
0  1.352693e+05  6.009160e+02
1  1.358812e+06  5.355415e+02
2  5.360989e+05  3.607903e+02
3  2.570051e+05  2.406785e+02
4  1.186373e+05  -9.805790e+01
5  5.669574e+04  -7.205016e+01
6  2.590657e+04  -1.465293e+02
7  1.220829e+04  -1.087914e+02
8  6.701674e+03  -6.716814e+01
9  3.520984e+03  -4.148385e+01
10  1.614692e+03  -2.101362e+01
11  7.320577e+02  -7.322063e+00
12  3.832304e+02  -4.356929e+00
13  1.487490e+02  -1.884049e+00
14  6.670742e+01  5.443982e-01
15  2.889901e+01  -1.010540e+00
16  4.169672e+00  -1.209453e+00
17  5.123873e+00  -6.149759e-01
18  6.019769e+00  -3.902150e-01
19  1.586908e+00  -2.773862e-01
20  1.003278e+00  -1.063010e-01
21  3.074541e-01  -9.452265e-02
22  2.790394e-01  -4.772869e-02
23  6.448141e-02  -2.426424e-02
24  -2.980164e-02  -3.677315e-03
25  -9.847625e-02  -2.543181e-03
26  -3.481337e-02  -1.788716e-04
27  -5.023720e-02  3.557283e-04
28  -3.926449e-02  5.725066e-04
29  -4.785704e-02  4.279574e-04
30  -2.953482e-02  3.523690e-05
31  -1.598303e-02  5.757285e-04
32  -7.501507e-03  4.660215e-04
33  -6.760744e-03  1.002690e-04
34  -1.391167e-02  -1.587067e-03
35  -2.182360e-02  -2.884565e-03
36  -2.177414e-02  -5.458268e-03
37  -4.231328e-02  -7.090808e-03
38  -1.520709e-01  -8.491536e-03
39  -4.768518e-01  -1.320784e-02
40  -9.194612e-01  -1.603622e-02
41  -1.102777e+00  -2.066641e-02
42  -9.453968e-01  -2.510763e-02
43  -1.373917e+00  -5.188806e-04
44  -1.186228e+00  1.265222e-02
45  5.171641e-01  -5.803044e-02
46  6.186496e+00  -3.137935e-01
47  1.668937e+01  -1.087334e+00
48  2.616518e+01  -2.281079e+00
49  2.577179e+01  -2.620795e+00
50  3.384156e+01  -3.138038e+00
51  1.178443e+02  -3.948482e+00
52  3.261540e+02  -7.630383e+00
53  7.684841e+02  -1.295584e+01
54  1.671112e+03  -2.588353e+01
55  3.628934e+03  -5.466529e+01
56  7.287581e+03  -9.852321e+01
57  1.490019e+04  -1.496421e+02
58  3.061126e+04  -1.988932e+02
59  6.408982e+04  -2.286596e+02
60  1.287284e+05  -1.577993e+02
61  2.615370e+05  -8.170622e+01
62  5.414137e+05  -2.803293e+02
63  1.348910e+06  2.916735e+02
ENDPROP
STARTPROP
MASSES:  4.500000e-02   4.500000e-02
SOURCE: GAM_15
SINKS: GAM_15
0  1.414507e+05  -5.782741e+00
1  -8.693544e+05  -3.521313e+01
2  -2.310280e+05  -2.949202e+02
3  -8.037512e+04  -2.860518e+02
4  -2.489601e+04  -2.032626e+02
5  -7.555700e+03  -1.256926e+02
6  -1.525033e+03  -8.405600e+01
7  -5.818324e+02  -6.989664e+01
8  -7.849371e+02  -4.479394e+01
9  -6.640331e+02  -3.716569e+01
10  -3.658114e+02  -2.147734e+01
11  -1.805067e+02  -1.024822e+01
12  -1.141940e+02  -1.085843e+00
13  -7.700328e+01  -1.752542e-01
14  -2.660597e+01  -5.097699e-01
15  -4.779960e+00  2.434408e-01
16  4.301373e+00  4.241571e-01
17  4.137921e+00  4.022121e-01
18  2.999941e+00  3.115237e-01
19  -6.018027e-01  9.798925e-02
20  -1.306511e+00  -2.025175e-02
21  -1.408579e+00  -5.373838e-02
22  -1.190527e+00  -2.858851e-02
23  -9.478133e-01  -1.424721e-02
24  -4.538185e-01  -1.180107e-02
25  -8.172769e-02  -1.129071e-02
26  4.131230e-02  -9.471063e-03
27  5.008236e-02  -7.032212e-03
28  1.670431e-02  -6.412201e-03
29  1.446861e-02  -4.934685e-03
30  1.953263e-02  -2.971655e-03
31  1.542071e-02  -1.231831e-03
32  1.417575e-02  -3.203174e-04
33  2.043553e-02  -1.196532e-03
34  1.537551e-02  -9.823219e-04
35  6.187278e-03  -8.905392e-04
36  1.871790e-02  3.421504e-04
37  4.346169e-02  1.125825e-03
38  4.422420e-02  3.235475e-03
39  -4.245732e-02  1.186320e-02
40  -1.295434e-01  2.352797e-02
41  -3.424458e-01  3.942729e-02
42  -4.625741e-01  4.520343e-02
43  -5.826484e-01  8.566147e-02
44  -7.118393e-01  1.709376e-01
45  -5.720781e-01  2.651127e-01
46  3.133787e-02  2.240779e-01
47  -5.246448e-01  1.524934e-02
48  -1.676274e+00  -3.683918e-01
49  6.857483e+00  -5.885773e-01
50  2.256628e+01  -1.049647e+00
51  4.241651e+01  -5.576775e-01
52  1.603042e+02  3.357164e-01
53  2.922965e+02  3.590347e+00
54  1.985231e+02  1.179273e+01
55  7.039027e+00  3.016634e+00
56  -4.087960e+02  -1.004986e+01
57  -1.644774e+03  -4.636519e+01
58  -5.180037e+03  -6.787854e+01
59  -1.417328e+04  -1.066470e+02
60  -3.422543e+04  -1.889859e+02
61  -9.016086e+04  -2.660982e+02
62  -2.467339e+05  -4.626943e+02
63  -8.839095e+05  -6.234459e+02
ENDPROP
STARTPROP
MASSES:  4.500000e-02   4.500000e-02
SOURCE: GAM_25
SINKS: GAM_25
0  1.202390e+05  5.991428e+01
1  -8.876441e+05  -2.193214e+01
2  -2.403508e+05  -7.611780e+01
3  -8.314149e+04  -2.873493e+02
4  -2.490703e+04  -2.024382e+02
5  -7.091308e+03  -1.584289e+02
6  -1.929007e+03  -8.638046e+01
7  -3.645086e+02  -3.321539e+01
8  3.082208e+02  -1.938325e+01
9  8.960184e+01  -1.136963e+01
10  -1.258663e+01  -1.436011e+01
11  -1.028641e+02  -8.597476e+00
12  -5.730542e+01  -5.197520e+00
13  -4.609312e+01  -2.770361e-01
14  -1.427884e+01  1.735749e+00
15  9.977729e+00  1.203464e+00
16  8.487766e+00  4.818818e-01
17  7.246247e+00  2.815402e-01
18  6.336689e+00  2.189286e-01
19  3.689804e+00  2.124734e-01
20  1.018790e+00  7.735156e-02
21  -2.182500e-01  2.159159e-02
22  -6.365596e-01  3.332931e-02
23  -3.327821e-01  1.039169e-02
24  -3.349669e-01  -1.260651e-03
25  -1.846397e-01  -2.383378e-03
26  -8.287662e-02  -5.305872e-03
27  -6.546472e-02  -4.005925e-03
28  -3.225443e-02  -2.986610e-03
29  1.594694e-03  -2.360882e-03
30  1.891602e-02  -1.617158e-03
31  2.343418e-02  -1.114931e-03
32  1.870780e-02  -1.166260e-03
33  1.153316e-02  -1.013051e-03
34  7.903294e-03  -2.170456e-03
35  1.290628e-02  -4.058209e-03
36  3.408929e-02  -4.865604e-03
37  5.921346e-02  -3.732179e-03
38  8.025184e-02  7.953881e-05
39  3.758302e-02  -9.160924e-04
40  -1.622472e-01  2.792041e-03
41  -2.171710e-01  -2.584001e-04
42  -2.098442e-02  -1.201338e-02
43  3.096361e-01  -4.090786e-02
44  3.999723e-01  -6.091198e-02
45  9.819588e-01  4.863126e-02
46  4.064692e-01  1.967059e-01
47  -4.732277e+00  1.833285e-01
48  -1.080400e+01  1.732196e-01
49  -6.517026e+00  -1.169854e-01
50  8.619041e+00  1.742379e-01
51  3.900847e+01  7.919270e-01
52  6.612435e+01  -1.916828e+00
53  1.731166e+02  -6.122868e+00
54  2.858719e+02  -1.839451e+00
55  1.810571e+02  -8.211068e-01
56  3.484998e+01  7.790450e+00
57  -9.590755e+02  8.417619e+00
58  -4.837058e+03  -2.885279e+01
59  -1.499259e+04  4.466588e+00
60  -3.652508e+04  7.507289e+01
61  -9.976920e+04  8.899223e+01
62  -2.587696e+05  1.868590e+02
63  -8.893119e+05  -3.212436e+02
ENDPROP
STARTPROP
MASSES:  4.500000e-02   4.500000e-02
SOURCE: GAM_35
SINKS: GAM_35
0  1.030469e+05  4.199726e+02
1  -9.008161e+05  3.015803e+02
2  -2.499228e+05  4.139352e+02
3  -8.917286e+04  3.522063e+02
4  -2.992616e+04  1.448943e+02
5  -1.080153e+04  9.690265e+01
6  -4.722402e+03  5.249828e+01
7  -1.968766e+03  5.154117e+01
8  -3.134999e+02  2.641241e+01
9  4.575902e+02  2.122140e+01
10  3.900464e+02  1.423264e+01
11  2.267178e+02  4.237037e+00
12  1.191636e+02  5.280790e-01
13  3.043831e+01  1.228728e+00
14  1.193655e+01  1.518254e+00
15  6.433432e+00  1.080639e+00
16  5.678836e+00  -2.619578e-01
17  -1.343251e+00  -4.075789e-01
18  -3.354733e-01  -2.736460e-01
19  1.844331e+00  -7.216266e-02
20  5.992693e-01  -5.324022e-02
21  1.766862e-01  -1.830939e-02
22  -1.210153e-01  6.397065e-03
23  -3.876291e-01  7.540500e-03
24  -2.613229e-01  5.535632e-03
25  -1.596130e-01  1.159493e-03
26  -9.213737e-02  2.480594e-03
27  -6.429243e-02  2.560360e-03
28  -2.805617e-02  1.236471e-03
29  -1.076586e-02  6.007978e-04
30  -3.039531e-03  9.595328e-05
31  4.490852e-03  -1.126615e-04
32  8.999164e-03  -5.902260e-04
33  2.268653e-03  -2.750380e-04
34  -1.692447e-02  5.719342e-04
35  -3.422453e-02  9.115492e-04
36  -4.958778e-02  -1.464724e-03
37  -4.660281e-02  -6.963834e-03
38  -6.302760e-02  -1.232885e-02
39  7.841613e-03  -1.587661e-02
40  6.098264e-02  -1.407963e-02
41  1.017302e-01  -1.645295e-02
42  3.476797e-02  -3.894034e-02
43  -6.096035e-01  -5.596823e-02
44  -1.675335e+00  -1.786237e-01
45  -1.881757e+00  -4.342257e-01
46  -1.209156e+00  -7.144374e-01
47  4.856634e+00  -9.232568e-01
48  7.937356e+00  -9.480643e-01
49  4.063064e+00  -2.891861e-01
50  2.255880e+01  1.576061e+00
51  4.918867e+01  6.795482e+00
52  3.402305e+01  1.187604e+01
53  5.414751e+01  2.076261e+01
54  9.379757e+01  2.040137e+01
55  1.010700e+02  2.976453e+01
56  4.466197e+02  2.325678e+01
57  -4.672638e+01  2.140398e+01
58  -3.017982e+03  9.284662e+01
59  -1.251288e+04  1.644848e+02
60  -3.476771e+04  2.434363e+02
61  -9.161625e+04  1.189703e+02
62  -2.504042e+05  1.011656e+02
63  -8.970068e+05  1.844264e+02
ENDPROP
STARTPROP
MASSES:  4.500000e-02   4.500000e-02
SOURCE: GAM_45
SINKS: GAM_45
0  -1.019767e+06  7.489566e+02
1  1.097168e+06  5.398349e+02
2  5.242183e+05  1.442127e+02
3  3.302779e+05  5.957754e+01
4  2.021791e+05  -2.357345e+01
5  1.234816e+05  -2.306516e+01
6  7.596940e+04  -5.518727e+01
7  4.591035e+04  -3.710401e+01
8  2.839421e+04  -3.060593e+01
9  1.753178e+04  -3.556135e+01
10  1.072854e+04  -2.817236e+01
11  6.522054e+03  -1.884767e+01
12  3.994566e+03  -9.141087e+00
13  2.432462e+03  -5.174034e+00
14  1.504763e+03  -2.288470e+00
15  9.266105e+02  -1.950054e-01
16  5.788046e+02  2.354058e-01
17  3.533448e+02  5.015349e-02
18  2.153018e+02  8.372759e-03
19  1.326601e+02  4.785785e-02
20  8.139368e+01  -9.966770e-03
21  4.940420e+01  -1.651236e-02
22  3.081690e+01  -3.588105e-02
23  1.880435e+01  -3.602408e-02
24  1.133511e+01  -2.733901e-02
25  6.975074e+00  -3.383902e-02
26  4.218051e+00  -2.385080e-02
27  2.597377e+00  -1.122088e-02
28  1.619893e+00  -6.327886e-03
29  1.037672e+00  -4.993574e-03
30  6.978444e-01  -4.145255e-03
31  5.193484e-01  -4.012914e-03
32  4.543367e-01  -4.524052e-03
33  5.145453e-01  -6.063203e-03
34  6.783741e-01  -8.089388e-03
35  1.028551e+00  -1.095427e-02
36  1.621864e+00  -1.478333e-02
37  2.596476e+00  -1.916696e-02
38  4.188296e+00  -2.480246e-02
39  6.804332e+00  -2.583013e-02
40  1.105014e+01  -3.000539e-02
41  1.806607e+01  -5.868517e-02
42  2.942775e+01  -7.926107e-02
43  4.793219e+01  -1.665082e-01
44  7.893071e+01  -3.490802e-01
45  1.300737e+02  -6.599562e-01
46  2.095172e+02  -1.185816e+00
47  3.481945e+02  -1.923169e+00
48  5.760375e+02  -3.349267e+00
49  9.465659e+02  -5.736239e+00
50  1.521982e+03  -8.494932e+00
51  2.482223e+03  -1.474598e+01
52  4.015117e+03  -1.738612e+01
53  6.476870e+03  -2.488150e+01
54  1.046426e+04  -3.696801e+01
55  1.708153e+04  -5.070002e+01
56  2.809419e+04  -5.062944e+01
57  4.596641e+04  -7.074233e+01
58  7.500175e+04  -1.244368e+02
59  1.238721e+05  -8.317401e+01
60  2.000661e+05  3.086868e+01
61  3.237931e+05  3.093125e+02
62  5.182941e+05  3.943130e+02
63  1.087711e+06  8.872368e+02
ENDPROP
STARTPROP
MASSES:  4.500000e-02   4.500000e-02
SOURCE: PSAX4
SINKS: GAM_4
0  6.148521e+03  -1.620301e+02
1  1.683267e+06  2.707663e+01
2  9.217503e+05  -1.584055e+01
3  5.690272e+05  -8.057887e+01
4  3.472910e+05  -1.082057e+02
5  2.124467e+05  -1.295306e+02
6  1.305408e+05  -1.199958e+02
7  7.959689e+04  -7.001036e+01
8  4.939733e+04  -5.397103e+01
9  3.049811e+04  -4.842844e+01
10  1.862387e+04  -3.803464e+01
11  1.136019e+04  -2.464157e+01
12  6.909895e+03  -1.245337e+01
13  4.192691e+03  -7.508873e+00
14  2.556350e+03  -3.291647e+00
15  1.556676e+03  -1.279096e-01
16  9.605605e+02  4.851650e-02
17  5.818545e+02  -5.470944e-02
18  3.553524e+02  2.434546e-02
19  2.185711e+02  3.598440e-03
20  1.338235e+02  -2.613314e-02
21  8.139777e+01  -7.211140e-02
22  5.065087e+01  -1.011526e-01
23  3.086897e+01  -9.492565e-02
24  1.856373e+01  -6.683161e-02
25  1.135783e+01  -6.822364e-02
26  6.867687e+00  -4.451674e-02
27  4.189912e+00  -2.169510e-02
28  2.542609e+00  -1.244716e-02
29  1.517237e+00  -8.548139e-03
30  8.576138e-01  -4.879358e-03
31  3.894240e-01  -2.909006e-03
32  2.598696e-03  3.268688e-04
33  -3.885083e-01  4.641698e-03
34  -8.559347e-01  9.434958e-03
35  -1.552905e+00  1.594018e-02
36  -2.611267e+00  2.507986e-02
37  -4.248314e+00  3.558176e-02
38  -6.907041e+00  5.020504e-02
39  -1.121667e+01  6.367379e-02
40  -1.815145e+01  8.088917e-02
41  -2.965627e+01  1.474330e-01
42  -4.839567e+01  2.132587e-01
43  -7.887128e+01  3.835524e-01
44  -1.295870e+02  6.601013e-01
45  -2.135649e+02  1.053915e+00
46  -3.472732e+02  1.773029e+00
47  -5.792689e+02  2.775478e+00
48  -9.604418e+02  4.427838e+00
49  -1.581957e+03  7.294232e+00
50  -2.556473e+03  1.060203e+01
51  -4.187294e+03  1.699950e+01
52  -6.805892e+03  1.946627e+01
53  -1.106831e+04  2.465585e+01
54  -1.791149e+04  3.609515e+01
55  -2.910602e+04  3.923377e+01
56  -4.780044e+04  2.314957e+01
57  -7.793869e+04  5.321296e+01
58  -1.275432e+05  7.528654e+01
59  -2.113042e+05  -3.270532e+00
60  -3.418147e+05  -1.261069e+02
61  -5.583640e+05  -4.537281e+02
62  -9.109439e+05  -3.208346e+02
63  -1.666696e+06  -2.551560e+02
ENDPROP
STARTPROP
MASSES:  4.500000e-02   4.500000e-02
SOURCE: WWPSAX4
SINKS: GAM_4
0  1.190330e+08  -8.111366e+06
1  1.832646e+09  7.508720e+05
2  7.410362e+08  8.744179e+05
3  2.915989e+08  -6.672775e+05
4  1.586360e+08  -5.846352e+05
5  1.505683e+08  7.290412e+05
6  4.449192e+07  1.977253e+05
7  3.203920e+07  -1.828968e+05
8  2.238787e+07  2.348610e+05
9  1.291445e+07  1.635457e+05
10  9.621573e+06  -6.338533e+03
11  5.631523e+06  -1.247575e+03
12  3.530920e+06  -2.362145e+04
13  2.011765e+06  -4.245804e+04
14  1.829966e+06  4.671293e+03
15  1.002986e+06  -3.447472e+03
16  5.409057e+05  1.086889e+03
17  2.644372e+05  -2.891738e+03
18  1.678636e+05  -1.765636e+03
19  8.222767e+04  -9.081392e+02
20  5.534042e+04  -3.087338e+02
21  4.590881e+04  -2.882695e+02
22  2.414048e+04  -3.116495e+02
23  1.441886e+04  -1.527759e+02
24  9.373446e+03  -6.548802e+00
25  6.257384e+03  -1.731650e+02
26  3.673305e+03  2.696046e+01
27  1.354447e+03  -1.317580e+01
28  1.138775e+03  2.512589e+00
29  7.277646e+02  1.667949e-01
30  5.717751e+02  -2.349962e+00
31  1.305430e+02  3.962201e+00
32  4.415953e+01  -1.085102e+00
33  -2.603495e+02  7.038767e+00
34  -3.707068e+02  -1.848341e+00
35  -8.038860e+02  2.401688e+01
36  -1.014504e+03  4.852471e+00
37  -1.994184e+03  4.465075e+01
38  -2.559383e+03  3.198523e+01
39  -3.769318e+03  9.272438e+01
40  -6.371728e+03  1.263591e+02
41  -1.527251e+04  1.368709e+02
42  -3.292778e+04  4.088556e+02
43  -4.655290e+04  1.844866e+02
44  -6.965827e+04  1.124361e+03
45  -1.060455e+05  2.259955e+01
46  -1.596022e+05  2.677376e+03
47  -2.865195e+05  -3.912655e+02
48  -4.729163e+05  6.832916e+02
49  -8.104570e+05  1.947452e+02
50  -1.064825e+06  1.271454e+04
51  -2.432625e+06  -1.627730e+04
52  -3.615673e+06  9.089739e+03
53  -4.766420e+06  -5.978867e+03
54  -1.017521e+07  2.113074e+04
55  -1.464209e+07  -8.606991e+04
56  -2.575527e+07  -1.733676e+05
57  -4.112527e+07  1.053634e+05
58  -5.540627e+07  -2.312430e+05
59  -1.747040e+08  -2.557692e+05
60  -1.578906e+08  -1.292295e+06
61  -2.673906e+08  -9.382088e+05
62  -1.017649e+09  -2.860621e+05
63  -1.748934e+09  6.524859e+05
ENDPROP
STARTPROP
MASSES:  4.500000e-02   4.500000e-02
SOURCE: WWGAM_5
SINKS: GAM_5
0  2.059706e+10  4.216968e-01
1  2.397016e+09  -1.254227e+05
2  1.045718e+09  -8.316517e+05
3  4.594754e+08  -1.009549e+06
4  2.838260e+08  -2.474262e+05
5  2.068471e+08  1.121925e+06
6  8.619766e+07  2.145893e+05
7  5.998118e+07  -4.049114e+05
8  4.815889e+07  1.368305e+05
9  2.137485e+07  1.281290e+05
10  1.585512e+07  -3.127566e+04
11  9.684112e+06  -2.271435e+04
12  6.033803e+06  -2.911988e+04
13  3.353277e+06  -5.301674e+04
14  2.610584e+06  1.997872e+03
15  1.441089e+06  -4.229162e+03
16  8.196731e+05  1.860166e+03
17  4.889806e+05  1.111348e+02
18  2.976119e+05  -2.644068e+03
19  1.519731e+05  3.367987e+02
20  8.838672e+04  -6.359252e+02
21  7.616788e+04  -5.559629e+02
22  3.981240e+04  -2.420521e+02
23  2.344164e+04  -3.150126e+02
24  1.447197e+04  -4.838051e+00
25  1.038016e+04  -1.637232e+02
26  5.600652e+03  -9.293970e+00
27  2.702935e+03  -9.850944e+00
28  2.067944e+03  -1.206458e+00
29  1.354336e+03  -1.372413e+01
30  1.018103e+03  2.232465e+00
31  6.432692e+02  -5.641978e-01
32  5.869303e+02  -2.793587e+00
33  7.412588e+02  -1.638167e+01
34  8.401475e+02  -2.693508e-01
35  1.520997e+03  -2.724533e+01
36  2.178978e+03  -1.770727e+01
37  3.575418e+03  -9.200202e+01
38  4.978325e+03  -5.905094e+01
39  7.681110e+03  -9.132956e+01
40  1.202337e+04  -1.997504e+02
41  2.576131e+04  -1.570844e+02
42  5.137472e+04  -3.306783e+02
43  7.295725e+04  -3.083517e+02
44  9.968623e+04  -1.004222e+03
45  1.791702e+05  -2.797597e+02
46  2.783039e+05  -3.055997e+03
47  5.166354e+05  -1.774283e+03
48  8.130599e+05  -1.315931e+03
49  1.289047e+06  3.765519e+03
50  1.971227e+06  -2.633297e+04
51  3.765056e+06  2.750083e+04
52  5.591148e+06  -2.409716e+04
53  7.982051e+06  2.776911e+04
54  1.497334e+07  -6.686183e+04
55  2.504357e+07  -1.279163e+04
56  4.519594e+07  4.275042e+04
57  6.727105e+07  -2.745400e+05
58  9.627326e+07  -1.316967e+05
59  2.509687e+08  5.093695e+05
60  2.828101e+08  1.249323e+06
61  5.000623e+08  -8.188790e+04
62  1.334726e+09  3.853851e+05
63  2.339259e+09  1.241298e+06
ENDPROP
