STARTPROP
MASSES:  4.200000e-03   4.200000e-03
SOURCE: GAM_1
SINKS: GAM_1
0  1.238818e+06  1.530697e+03
1  2.080747e+06  -2.837069e+03
2  1.064063e+06  -5.011866e+03
3  6.207489e+05  -2.361174e+03
4  3.298461e+05  1.559628e+03
5  1.617495e+05  4.203830e+03
6  7.974197e+04  4.304491e+03
7  3.918199e+04  4.637400e+03
8  2.226720e+04  2.841942e+03
9  1.174597e+04  2.500432e+03
10  1.269559e+04  2.722604e+03
11  1.539225e+04  1.639275e+03
12  5.400535e+03  4.453046e+02
13  -2.461605e+03  -6.800999e+02
14  -4.321542e+03  -7.064313e+02
15  -5.866370e+03  -5.936829e+01
16  -3.707561e+03  9.393080e+02
17  -5.130211e+02  1.086910e+03
18  1.769169e+03  9.694119e+02
19  5.567849e+03  6.791688e+02
20  5.901559e+03  3.785020e+02
21  4.266800e+03  -1.636666e+02
22  2.668368e+03  -5.357838e+02
23  -8.438380e+00  -3.225610e+02
24  -7.804146e+02  -9.677296e+01
25  -1.344257e+03  -7.902175e+01
26  -1.174035e+03  -8.889647e+01
27  -1.547045e+02  -1.943400e+01
28  5.417258e+02  1.233912e+02
29  8.616925e+02  1.059037e+02
30  5.774850e+02  2.351732e+02
31  1.704677e+02  2.670316e+02
32  -5.400475e+01  2.212256e+02
33  -9.041916e+01  1.407175e+02
34  -2.034948e+02  1.206749e+02
35  -1.527933e+02  1.965533e+02
36  2.044728e+02  1.466860e+02
37  4.534981e+02  9.754527e+01
38  3.804792e+02  4.580860e+01
39  3.565435e+02  1.411352e+01
40  5.558780e+02  1.373239e+02
41  8.030364e+02  1.527409e+02
42  6.250406e+02  7.232643e+01
43  -3.283532e+02  -2.619500e+01
44  -1.353818e+03  -5.295746e+02
45  -1.304554e+03  -9.057185e+02
46  4.268547e+02  -1.316253e+03
47  2.323941e+03  -1.105149e+03
48  8.860503e+02  -8.401229e+02
49  -8.129724e+02  -9.468315e+02
50  -1.322720e+03  -1.147287e+03
51  -3.833186e+03  -1.335761e+03
52  -6.292952e+03  -9.981773e+02
53  -1.090536e+04  -4.191585e+01
54  -1.258419e+04  1.071070e+03
55  -7.131496e+03  9.279875e+02
56  4.490613e+02  3.843928e+02
57  1.762590e+04  1.060337e+03
58  4.345599e+04  2.717888e+03
59  7.932534e+04  6.423990e+03
60  1.644914e+05  7.228337e+03
61  4.197954e+05  1.352185e+04
62  8.738346e+05  1.196274e+04
63  1.951319e+06  3.450249e+03
ENDPROP
STARTPROP
MASSES:  4.200000e-03   4.200000e-03
SOURCE: GAM_2
SINKS: GAM_2
0  1.147737e+06  -2.637647e+03
1  1.900510e+06  2.732460e+03
2  9.258568e+05  -2.915602e+03
3  5.275068e+05  -4.716813e+03
4  2.727188e+05  -5.115547e+03
5  1.456312e+05  -7.242196e+03
6  6.619744e+04  -7.725995e+03
7  4.264542e+04  -4.389052e+03
8  2.487911e+04  -5.512409e+03
9  1.492195e+04  -3.299429e+03
10  1.026725e+04  -2.008617e+03
11  4.436777e+03  -4.043338e+02
12  -2.087452e+02  1.330907e+02
13  -7.035565e+03  1.688325e+03
14  -9.369441e+03  1.473539e+03
15  -1.041595e+04  8.290130e+02
16  -7.062515e+03  4.083356e+02
17  -4.355451e+03  7.706252e+02
18  8.487132e+02  7.133851e+02
19  4.264804e+03  6.751453e+02
20  5.286403e+03  5.762224e+02
21  5.255046e+03  3.965905e+02
22  3.699533e+03  1.978365e+02
23  2.166227e+03  1.974359e+02
24  1.455069e+03  -2.597821e-01
25  1.089919e+03  -2.038217e+02
26  9.738153e+02  -3.767890e+02
27  -5.237951e+00  -3.139023e+02
28  -5.216715e+02  -1.301157e+02
29  -7.065318e+02  -1.140986e+01
30  -7.555422e+02  3.111888e+01
31  -4.651658e+02  7.255822e+01
32  -1.887514e+02  1.631735e+02
33  -1.353787e+01  1.174507e+02
34  2.358155e+02  7.458198e+01
35  3.785814e+02  6.099748e+01
36  2.443618e+02  1.432371e+02
37  -1.271933e+02  2.028500e+02
38  -3.809515e+02  2.364454e+02
39  -7.474552e+02  2.526838e+02
40  -9.127135e+02  2.612232e+02
41  -3.566993e+02  1.569248e+02
42  -7.421360e+02  1.270475e+02
43  -1.157501e+03  -1.527423e+02
44  -1.607650e+03  -3.486941e+02
45  -2.563646e+02  -3.125454e+02
46  7.733906e+02  -2.987037e+02
47  2.786507e+02  -6.292793e+02
48  7.524591e+02  1.110659e+02
49  2.157810e+03  1.046263e+03
50  1.659438e+02  1.132631e+03
51  -1.671513e+03  5.338054e+02
52  -7.500094e+03  1.974611e+02
53  -1.407153e+04  -1.126766e+03
54  -1.396314e+04  -1.916915e+03
55  -2.175586e+03  -2.603035e+03
56  1.303072e+04  -4.001149e+03
57  3.785635e+04  -1.969074e+03
58  9.523957e+04  -4.862095e+03
59  1.871025e+05  -4.505275e+03
60  3.291717e+05  -5.404849e+03
61  5.874722e+05  -1.168282e+04
62  9.783097e+05  -1.413523e+04
63  1.964762e+06  -1.059844e+04
ENDPROP
STARTPROP
MASSES:  4.200000e-03   4.200000e-03
SOURCE: GAM_3
SINKS: GAM_3
0  1.208814e+06  -1.546146e+03
1  2.026576e+06  1.308174e+04
2  1.029911e+06  8.904669e+03
3  5.625832e+05  4.872657e+03
4  2.764278e+05  5.914391e+03
5  1.061969e+05  2.063460e+03
6  3.338708e+04  2.205780e+03
7  4.905503e+03  4.064211e+02
8  1.849198e+03  -5.184619e+02
9  4.067515e+03  2.740912e+03
10  9.118840e+03  2.673531e+03
11  2.390444e+03  7.543492e+02
12  -5.988905e+03  5.551802e+02
13  -3.840098e+03  1.590509e+03
14  -1.581866e+03  1.105425e+03
15  -6.795623e+02  1.396912e+03
16  -7.331768e+02  1.378340e+03
17  -4.897449e+03  -1.274506e+02
18  -5.345009e+03  -1.053271e+03
19  -2.058547e+03  -6.989205e+02
20  -1.748609e+02  -1.718651e+02
21  -6.454510e+01  8.893716e+01
22  1.513119e+03  -6.657992e+01
23  1.543882e+03  -9.810830e+01
24  6.463843e+02  -8.162167e+01
25  3.778106e+02  -5.140838e+01
26  5.846430e+02  7.782896e+01
27  4.755784e+02  3.748410e+00
28  1.119822e+03  -7.206035e+01
29  1.319811e+03  -3.514894e+00
30  1.245178e+03  -3.477817e+01
31  1.205128e+03  1.679053e+01
32  1.178799e+03  9.823651e+01
33  1.074161e+03  1.894941e+01
34  1.258502e+03  -1.171132e+02
35  1.381399e+03  -1.689028e+02
36  1.086579e+03  -2.323087e+02
37  1.060678e+03  -2.310613e+02
38  1.306471e+03  -1.055213e+02
39  2.293146e+03  -5.901099e+01
40  2.812520e+03  -9.471669e+01
41  2.869125e+03  -8.941147e+01
42  1.982140e+03  6.394135e+01
43  2.089029e+03  3.802250e+01
44  2.570418e+03  -4.583172e+01
45  3.027116e+03  -1.421370e+02
46  2.538979e+03  1.296198e+02
47  2.042438e+03  -1.408042e+02
48  2.070069e+03  -2.485697e+02
49  -2.798372e+02  -7.743082e+02
50  2.939048e+02  -8.252174e+02
51  6.044653e+03  -6.809748e+02
52  1.398796e+04  -3.126282e+01
53  1.599444e+04  3.775033e+02
54  2.072487e+04  2.045848e+03
55  2.647943e+04  4.740125e+03
56  2.751755e+04  6.157952e+03
57  4.216001e+04  7.405883e+03
58  8.140987e+04  7.853184e+03
59  1.631194e+05  7.072984e+03
60  2.795201e+05  3.811963e+03
61  5.395652e+05  -3.480390e+03
62  9.806936e+05  -6.011759e+03
63  1.972648e+06  -1.148173e+04
ENDPROP
STARTPROP
MASSES:  4.200000e-03   4.200000e-03
SOURCE: GAM_4
SINKS: GAM_4
0  2.148104e+06  -3.800749e+01
1  -2.913979e+05  -5.096252e+03
2  -7.135769e+03  -1.446873e+03
3  -1.027994e+04  2.007381e+02
4  3.180258e+03  -1.829649e+03
5  -1.475198e+03  -1.942186e+03
6  1.166106e+03  1.399101e+02
7  2.278760e+03  2.006336e+03
8  -8.106391e+02  2.141619e+03
9  -2.984590e+03  1.082036e+03
10  1.328231e+03  7.062369e+02
11  -1.383452e+03  -5.885739e+02
12  -1.446670e+02  -9.789919e+02
13  -5.697057e+02  -1.253284e+03
14  4.588466e+02  -7.467419e+02
15  -2.372075e+02  -3.746845e+02
16  -1.030725e+03  -4.611851e+01
17  -1.686257e+02  -9.661346e+01
18  -3.774673e+02  1.670591e+01
19  -1.914846e+02  1.077782e+02
20  -1.050584e+02  2.788529e+02
21  5.812722e+01  1.936226e+02
22  -2.940096e+02  1.272865e+02
23  -7.328000e+01  1.026045e+02
24  -2.141320e+02  1.888286e+01
25  -1.898843e+02  8.116121e+01
26  -1.913548e+02  9.551830e+01
27  -1.155767e+02  2.184566e+02
28  -1.532321e+02  2.435650e+02
29  -1.851461e+02  1.914582e+02
30  -2.231339e+02  2.027522e+02
31  -2.374127e+02  1.657313e+02
32  -1.149081e+02  1.580379e+02
33  -1.726697e+02  8.002472e+01
34  -1.970241e+02  6.394694e+01
35  -7.659506e+01  8.720628e+01
36  -1.575113e+02  1.005672e+02
37  -1.808467e+02  1.154932e+02
38  -2.535742e+02  1.153572e+02
39  -1.297702e+02  7.183745e+01
40  -2.892554e+02  3.927965e+01
41  -2.435497e+02  3.826708e+01
42  -1.866213e+02  5.542832e+01
43  -2.611579e+02  -3.186281e+01
44  -4.513798e+02  -7.295662e+01
45  -4.937781e+02  -1.156799e+02
46  2.921355e+02  -2.631249e+02
47  -2.723262e+02  -2.776906e+02
48  4.922646e+02  -1.731524e+02
49  -5.191194e+02  2.413887e+01
50  3.895848e+02  -1.943510e+02
51  9.884367e+02  5.735207e+01
52  -5.029328e+02  6.082457e+01
53  -9.918377e+02  5.555547e+02
54  -5.966342e+02  3.069444e+02
55  -8.573788e+02  5.641973e+02
56  1.077065e+03  4.992613e+02
57  -3.495989e+03  1.336792e+03
58  -6.970330e+02  1.873726e+03
59  1.238288e+03  1.051436e+03
60  -4.226846e+02  7.747926e+02
61  4.273707e+03  2.453489e+03
62  -4.734073e+03  5.140235e+03
63  -2.767069e+05  8.710467e+03
ENDPROP
STARTPROP
MASSES:  4.200000e-03   4.200000e-03
SOURCE: GAM_5
SINKS: GAM_5
0  1.575882e+07  4.038165e+04
1  1.523334e+07  7.385812e+04
2  1.263652e+07  7.089973e+04
3  1.092569e+07  9.019383e+04
4  9.346730e+06  8.493866e+04
5  7.847290e+06  6.354276e+04
6  6.868348e+06  4.627544e+04
7  5.660745e+06  1.626575e+04
8  4.631254e+06  -1.281430e+03
9  3.800322e+06  2.570890e+03
10  3.185868e+06  -7.713151e+03
11  2.674247e+06  -1.564975e+04
12  2.246569e+06  -1.429529e+04
13  1.850342e+06  -8.978794e+03
14  1.489939e+06  -5.044135e+03
15  1.225039e+06  -5.256730e+03
16  1.001245e+06  -7.404536e+03
17  8.233945e+05  -5.300055e+03
18  6.873391e+05  -4.437051e+03
19  5.721456e+05  -4.909234e+03
20  4.722646e+05  -6.549496e+03
21  4.014719e+05  -6.849443e+03
22  3.449489e+05  -5.348504e+03
23  2.879870e+05  -3.501356e+03
24  2.407833e+05  -3.356917e+03
25  2.023295e+05  -3.039637e+03
26  1.718319e+05  -2.880981e+03
27  1.488523e+05  -2.824079e+03
28  1.332409e+05  -2.419026e+03
29  1.204936e+05  -2.014675e+03
30  1.073691e+05  -1.343776e+03
31  9.697299e+04  -6.458260e+02
32  9.200154e+04  -9.109872e+01
33  9.272841e+04  9.615225e+01
34  9.597355e+04  1.869506e+01
35  1.004488e+05  2.371102e+02
36  1.084144e+05  1.000382e+03
37  1.204970e+05  1.943506e+03
38  1.376604e+05  2.715455e+03
39  1.597150e+05  2.603452e+03
40  1.877053e+05  2.866241e+03
41  2.276444e+05  3.711020e+03
42  2.787019e+05  5.345940e+03
43  3.378186e+05  7.329578e+03
44  4.036124e+05  9.061563e+03
45  4.805736e+05  9.678576e+03
46  5.772251e+05  8.437767e+03
47  6.927707e+05  6.104268e+03
48  8.402088e+05  5.503699e+03
49  1.043959e+06  3.728690e+03
50  1.292688e+06  3.220464e+03
51  1.570587e+06  4.127288e+03
52  1.868410e+06  -4.261974e+03
53  2.210390e+06  -9.399658e+03
54  2.717809e+06  -1.346363e+04
55  3.337996e+06  -1.718605e+04
56  4.025605e+06  -4.779983e+03
57  4.815597e+06  1.486864e+04
58  5.903520e+06  2.766630e+04
59  7.409828e+06  4.128061e+04
60  9.147389e+06  4.204994e+04
61  1.111417e+07  3.890869e+04
62  1.315308e+07  2.974826e+04
63  1.574447e+07  1.739116e+04
ENDPROP
STARTPROP
MASSES:  4.200000e-03   4.200000e-03
SOURCE: GAM_12
SINKS: GAM_12
0  6.564230e+05  -6.278222e+03
1  -8.858570e+05  -1.098277e+04
2  -3.047403e+05  -8.015513e+03
3  -1.553220e+05  -4.976377e+03
4  -9.620902e+04  -2.186050e+03
5  -6.597802e+04  -4.264613e+03
6  -3.098706e+04  -3.267227e+03
7  -7.960939e+03  -5.963876e+03
8  -7.161165e+03  -3.790903e+03
9  -8.332318e+03  -2.214104e+03
10  -8.522334e+03  -2.765755e+03
11  -5.507299e+03  -1.419745e+03
12  -6.599345e+03  -4.346045e+02
13  -5.087658e+03  -1.164868e+03
14  -3.935095e+03  -6.678047e+02
15  -2.266819e+02  -7.303941e+02
16  8.346049e+02  -5.875664e+02
17  4.555509e+02  -4.980682e+02
18  4.095720e+02  -3.870371e+02
19  5.974072e+02  -8.759245e+01
20  5.854554e+02  -2.317660e+02
21  1.187355e+02  -3.255174e+02
22  -1.178706e+02  -6.175857e+02
23  1.837404e+02  -2.393748e+02
24  3.441925e+02  1.440843e+01
25  4.506337e+02  2.073585e+02
26  1.799342e+02  1.986837e+02
27  -1.771674e+02  2.993230e+02
28  -3.437190e+02  2.667200e+02
29  2.557490e+02  1.401780e+02
30  4.590235e+02  5.267050e+01
31  3.751074e+02  9.482844e-01
32  3.828416e+02  1.265103e+01
33  4.374389e+02  4.276184e+00
34  5.682533e+01  6.671374e+01
35  5.278571e+01  9.897579e+00
36  -9.805939e+01  3.527029e+01
37  -9.019300e+01  1.740848e+01
38  4.093901e+01  6.265294e+00
39  -5.015251e+01  -1.806558e+01
40  3.701781e+02  -6.056582e+01
41  6.915502e+02  -1.683860e+02
42  1.027059e+03  -3.536396e+01
43  1.659694e+03  -1.494745e+01
44  1.945561e+03  1.316914e+01
45  1.473455e+03  -2.876889e+02
46  2.318481e+03  -8.605781e+02
47  3.183946e+03  -1.012184e+03
48  2.619274e+03  -6.249065e+02
49  2.498588e+03  1.993045e+01
50  1.234345e+03  -2.974824e+01
51  2.127863e+03  -5.515069e+02
52  1.798376e+03  -6.481664e+02
53  -9.492224e+01  -6.575169e+02
54  -4.175318e+03  -2.390928e+02
55  -8.185941e+03  -2.664926e+02
56  -6.989502e+03  -1.806349e+03
57  -1.217531e+04  -3.078219e+03
58  -9.420261e+03  -4.190861e+03
59  -9.865041e+03  -2.241220e+03
60  -2.305174e+04  -2.351008e+03
61  -6.345304e+04  -2.303218e+03
62  -2.088752e+05  6.721379e+02
63  -8.160783e+05  3.075646e+03
ENDPROP
STARTPROP
MASSES:  4.200000e-03   4.200000e-03
SOURCE: GAM_21
SINKS: GAM_21
0  6.564230e+05  -6.278222e+03
1  -8.858570e+05  -1.098277e+04
2  -3.047403e+05  -8.015513e+03
3  -1.553220e+05  -4.976377e+03
4  -9.620902e+04  -2.186050e+03
5  -6.597802e+04  -4.264613e+03
6  -3.098706e+04  -3.267227e+03
7  -7.960939e+03  -5.963876e+03
8  -7.161165e+03  -3.790903e+03
9  -8.332318e+03  -2.214104e+03
10  -8.522334e+03  -2.765755e+03
11  -5.507299e+03  -1.419745e+03
12  -6.599345e+03  -4.346045e+02
13  -5.087658e+03  -1.164868e+03
14  -3.935095e+03  -6.678047e+02
15  -2.266819e+02  -7.303941e+02
16  8.346049e+02  -5.875664e+02
17  4.555509e+02  -4.980682e+02
18  4.095720e+02  -3.870371e+02
19  5.974072e+02  -8.759245e+01
20  5.854554e+02  -2.317660e+02
21  1.187355e+02  -3.255174e+02
22  -1.178706e+02  -6.175857e+02
23  1.837404e+02  -2.393748e+02
24  3.441925e+02  1.440843e+01
25  4.506337e+02  2.073585e+02
26  1.799342e+02  1.986837e+02
27  -1.771674e+02  2.993230e+02
28  -3.437190e+02  2.667200e+02
29  2.557490e+02  1.401780e+02
30  4.590235e+02  5.267050e+01
31  3.751074e+02  9.482844e-01
32  3.828416e+02  1.265103e+01
33  4.374389e+02  4.276184e+00
34  5.682533e+01  6.671374e+01
35  5.278571e+01  9.897579e+00
36  -9.805939e+01  3.527029e+01
37  -9.019300e+01  1.740848e+01
38  4.093901e+01  6.265294e+00
39  -5.015251e+01  -1.806558e+01
40  3.701781e+02  -6.056582e+01
41  6.915502e+02  -1.683860e+02
42  1.027059e+03  -3.536396e+01
43  1.659694e+03  -1.494745e+01
44  1.945561e+03  1.316914e+01
45  1.473455e+03  -2.876889e+02
46  2.318481e+03  -8.605781e+02
47  3.183946e+03  -1.012184e+03
48  2.619274e+03  -6.249065e+02
49  2.498588e+03  1.993045e+01
50  1.234345e+03  -2.974824e+01
51  2.127863e+03  -5.515069e+02
52  1.798376e+03  -6.481664e+02
53  -9.492224e+01  -6.575169e+02
54  -4.175318e+03  -2.390928e+02
55  -8.185941e+03  -2.664926e+02
56  -6.989502e+03  -1.806349e+03
57  -1.217531e+04  -3.078219e+03
58  -9.420261e+03  -4.190861e+03
59  -9.865041e+03  -2.241220e+03
60  -2.305174e+04  -2.351008e+03
61  -6.345304e+04  -2.303218e+03
62  -2.088752e+05  6.721379e+02
63  -8.160783e+05  3.075646e+03
ENDPROP
STARTPROP
MASSES:  4.200000e-03   4.200000e-03
SOURCE: GAM_13
SINKS: GAM_13
0  7.681053e+05  3.562616e+03
1  -7.889627e+05  -3.634209e+03
2  -2.351835e+05  -3.540858e+03
3  -1.094612e+05  -1.587855e+03
4  -5.688491e+04  6.543857e+02
5  -3.845025e+04  3.479161e+02
6  -3.285966e+04  -1.264734e+03
7  -1.543200e+04  -2.053657e+03
8  -4.710872e+03  -2.816924e+03
9  -5.463142e+01  -6.703832e+02
10  -1.692149e+03  -1.243810e+03
11  -4.206215e+03  -8.956241e+02
12  -1.341511e+04  -8.612486e+02
13  -1.270923e+04  -3.641471e+01
14  -6.127912e+03  3.429520e+02
15  -2.696415e+03  1.143206e+02
16  -1.701099e+03  2.264852e+02
17  -6.112118e+02  6.263905e+01
18  -1.292274e+03  -1.791501e+02
19  -3.437675e+02  -1.834963e-01
20  -2.715431e+02  -6.464377e+01
21  -1.271319e+03  1.929880e+02
22  -1.452157e+03  4.034990e+02
23  -1.355871e+03  2.893486e+02
24  -9.994078e+02  -4.858075e+00
25  -5.397651e+02  -1.824773e+02
26  -2.079678e+02  -7.803706e+01
27  -3.636673e+02  8.297547e+01
28  -2.695336e+02  4.866129e+01
29  1.752501e+02  -1.684403e+01
30  2.231232e+02  -1.922485e+02
31  7.294337e+01  -1.962560e+02
32  -9.721375e+00  -1.321812e+02
33  -1.399672e+02  -1.111960e+01
34  -3.281463e+02  7.948815e+00
35  -2.799337e+02  -5.517384e+00
36  -7.634205e+01  -1.040555e+01
37  7.289472e+01  -2.078917e+01
38  5.305391e+01  2.809466e+01
39  -1.448295e+02  2.420041e+01
40  -4.507104e+02  1.079748e+02
41  3.388173e+02  1.970008e+02
42  1.359447e+03  3.763135e+02
43  1.985633e+03  4.204690e+02
44  2.048241e+03  5.258160e+02
45  1.793638e+03  5.368133e+02
46  1.943039e+03  2.446547e+02
47  7.478627e+02  -1.047532e+02
48  -9.059988e+02  1.139821e+02
49  -2.409060e+03  -1.789288e+02
50  -3.360125e+02  -1.068448e+03
51  5.510890e+03  -1.904178e+03
52  5.302441e+03  -2.531962e+03
53  2.362250e+03  -1.925657e+03
54  3.040215e+03  -1.417377e+03
55  8.327220e+03  -2.003355e+03
56  1.700394e+04  -1.493479e+03
57  1.443424e+04  -1.828888e+03
58  1.233503e+04  -1.668555e+03
59  -3.637580e+03  3.892212e+03
60  7.443622e+03  5.954159e+03
61  -1.737671e+04  6.392485e+03
62  -1.278548e+05  2.429880e+03
63  -6.841798e+05  3.499994e+03
ENDPROP
STARTPROP
MASSES:  4.200000e-03   4.200000e-03
SOURCE: GAM_31
SINKS: GAM_31
0  7.681053e+05  3.562616e+03
1  -7.889627e+05  -3.634209e+03
2  -2.351835e+05  -3.540858e+03
3  -1.094612e+05  -1.587855e+03
4  -5.688491e+04  6.543857e+02
5  -3.845025e+04  3.479161e+02
6  -3.285966e+04  -1.264734e+03
7  -1.543200e+04  -2.053657e+03
8  -4.710872e+03  -2.816924e+03
9  -5.463142e+01  -6.703832e+02
10  -1.692149e+03  -1.243810e+03
11  -4.206215e+03  -8.956241e+02
12  -1.341511e+04  -8.612486e+02
13  -1.270923e+04  -3.641471e+01
14  -6.127912e+03  3.429520e+02
15  -2.696415e+03  1.143206e+02
16  -1.701099e+03  2.264852e+02
17  -6.112118e+02  6.263905e+01
18  -1.292274e+03  -1.791501e+02
19  -3.437675e+02  -1.834963e-01
20  -2.715431e+02  -6.464377e+01
21  -1.271319e+03  1.929880e+02
22  -1.452157e+03  4.034990e+02
23  -1.355871e+03  2.893486e+02
24  -9.994078e+02  -4.858075e+00
25  -5.397651e+02  -1.824773e+02
26  -2.079678e+02  -7.803706e+01
27  -3.636673e+02  8.297547e+01
28  -2.695336e+02  4.866129e+01
29  1.752501e+02  -1.684403e+01
30  2.231232e+02  -1.922485e+02
31  7.294337e+01  -1.962560e+02
32  -9.721375e+00  -1.321812e+02
33  -1.399672e+02  -1.111960e+01
34  -3.281463e+02  7.948815e+00
35  -2.799337e+02  -5.517384e+00
36  -7.634205e+01  -1.040555e+01
37  7.289472e+01  -2.078917e+01
38  5.305391e+01  2.809466e+01
39  -1.448295e+02  2.420041e+01
40  -4.507104e+02  1.079748e+02
41  3.388173e+02  1.970008e+02
42  1.359447e+03  3.763135e+02
43  1.985633e+03  4.204690e+02
44  2.048241e+03  5.258160e+02
45  1.793638e+03  5.368133e+02
46  1.943039e+03  2.446547e+02
47  7.478627e+02  -1.047532e+02
48  -9.059988e+02  1.139821e+02
49  -2.409060e+03  -1.789288e+02
50  -3.360125e+02  -1.068448e+03
51  5.510890e+03  -1.904178e+03
52  5.302441e+03  -2.531962e+03
53  2.362250e+03  -1.925657e+03
54  3.040215e+03  -1.417377e+03
55  8.327220e+03  -2.003355e+03
56  1.700394e+04  -1.493479e+03
57  1.443424e+04  -1.828888e+03
58  1.233503e+04  -1.668555e+03
59  -3.637580e+03  3.892212e+03
60  7.443622e+03  5.954159e+03
61  -1.737671e+04  6.392485e+03
62  -1.278548e+05  2.429880e+03
63  -6.841798e+05  3.499994e+03
ENDPROP
STARTPROP
MASSES:  4.200000e-03   4.200000e-03
SOURCE: GAM_14
SINKS: GAM_14
0  -6.610242e+04  -6.589388e+03
1  1.329975e+06  2.716837e+03
2  6.132230e+05  -1.002605e+03
3  3.319834e+05  -3.314844e+03
4  1.981360e+05  -3.124449e+02
5  1.034086e+05  1.800993e+03
6  5.383436e+04  3.677834e+03
7  3.190646e+04  2.428143e+03
8  1.794751e+04  3.870878e+02
9  1.512383e+04  -7.661780e+02
10  1.608287e+04  7.826144e+02
11  7.080008e+03  1.245359e+00
12  5.971618e+03  1.059826e+03
13  4.383493e+03  2.786959e+03
14  4.092869e+03  1.302018e+03
15  2.673946e+03  1.416176e+03
16  6.700680e+02  8.780300e+02
17  -1.834549e+03  4.333732e+02
18  -2.558690e+03  1.771963e+02
19  -2.865398e+03  3.549943e+02
20  -2.569293e+03  7.654556e+02
21  -1.316898e+03  6.651777e+02
22  -3.410765e+02  2.584411e+02
23  -3.313746e+02  1.054802e+02
24  -1.945629e+02  -1.021574e+02
25  -5.337866e+02  -1.508055e+02
26  -1.400249e+03  -6.503685e+01
27  -1.416430e+03  -5.610328e+00
28  -9.263421e+02  -3.640490e+01
29  -4.330755e+02  -8.590465e+01
30  -3.808669e+02  -3.822134e+01
31  -6.770395e+02  -3.129869e+01
32  -6.284010e+02  -3.275741e+01
33  -3.991753e+02  1.372489e+01
34  -4.113854e+02  1.712614e+01
35  -4.698664e+02  6.054055e+01
36  -5.426649e+02  1.191964e+02
37  -6.204596e+02  1.846172e+02
38  -8.783968e+02  1.399808e+02
39  -9.107189e+02  -8.846008e+00
40  -1.092306e+03  -7.474019e+01
41  -8.805756e+02  -1.278450e+02
42  -1.035595e+03  -2.372245e+02
43  -1.383937e+03  -2.233218e+02
44  -1.040224e+03  -2.391422e+01
45  -1.264226e+03  6.492442e+01
46  -1.032362e+00  1.569885e+02
47  1.816785e+03  1.396749e+02
48  -8.171457e+02  -1.629215e+02
49  -4.384936e+03  -2.841791e+02
50  -8.530360e+03  -1.571503e+02
51  -5.620943e+03  -1.150998e+03
52  -4.960203e+03  -1.243410e+03
53  2.071457e+03  -7.203066e+02
54  9.007415e+03  -1.623146e+03
55  7.162683e+03  -2.817659e+03
56  9.170845e+03  -3.220039e+03
57  1.510847e+04  -4.099801e+03
58  4.222864e+04  -2.191650e+03
59  8.855362e+04  9.716521e+02
60  1.639941e+05  2.167680e+03
61  3.056767e+05  -1.703500e+03
62  5.714361e+05  -3.541580e+03
63  1.325145e+06  -1.113017e+04
ENDPROP
STARTPROP
MASSES:  4.200000e-03   4.200000e-03
SOURCE: GAM_41
SINKS: GAM_41
0  -6.610242e+04  -6.589388e+03
1  1.329975e+06  2.716837e+03
2  6.132230e+05  -1.002605e+03
3  3.319834e+05  -3.314844e+03
4  1.981360e+05  -3.124449e+02
5  1.034086e+05  1.800993e+03
6  5.383436e+04  3.677834e+03
7  3.190646e+04  2.428143e+03
8  1.794751e+04  3.870878e+02
9  1.512383e+04  -7.661780e+02
10  1.608287e+04  7.826144e+02
11  7.080008e+03  1.245359e+00
12  5.971618e+03  1.059826e+03
13  4.383493e+03  2.786959e+03
14  4.092869e+03  1.302018e+03
15  2.673946e+03  1.416176e+03
16  6.700680e+02  8.780300e+02
17  -1.834549e+03  4.333732e+02
18  -2.558690e+03  1.771963e+02
19  -2.865398e+03  3.549943e+02
20  -2.569293e+03  7.654556e+02
21  -1.316898e+03  6.651777e+02
22  -3.410765e+02  2.584411e+02
23  -3.313746e+02  1.054802e+02
24  -1.945629e+02  -1.021574e+02
25  -5.337866e+02  -1.508055e+02
26  -1.400249e+03  -6.503685e+01
27  -1.416430e+03  -5.610328e+00
28  -9.263421e+02  -3.640490e+01
29  -4.330755e+02  -8.590465e+01
30  -3.808669e+02  -3.822134e+01
31  -6.770395e+02  -3.129869e+01
32  -6.284010e+02  -3.275741e+01
33  -3.991753e+02  1.372489e+01
34  -4.113854e+02  1.712614e+01
35  -4.698664e+02  6.054055e+01
36  -5.426649e+02  1.191964e+02
37  -6.204596e+02  1.846172e+02
38  -8.783968e+02  1.399808e+02
39  -9.107189e+02  -8.846008e+00
40  -1.092306e+03  -7.474019e+01
41  -8.805756e+02  -1.278450e+02
42  -1.035595e+03  -2.372245e+02
43  -1.383937e+03  -2.233218e+02
44  -1.040224e+03  -2.391422e+01
45  -1.264226e+03  6.492442e+01
46  -1.032362e+00  1.569885e+02
47  1.816785e+03  1.396749e+02
48  -8.171457e+02  -1.629215e+02
49  -4.384936e+03  -2.841791e+02
50  -8.530360e+03  -1.571503e+02
51  -5.620943e+03  -1.150998e+03
52  -4.960203e+03  -1.243410e+03
53  2.071457e+03  -7.203066e+02
54  9.007415e+03  -1.623146e+03
55  7.162683e+03  -2.817659e+03
56  9.170845e+03  -3.220039e+03
57  1.510847e+04  -4.099801e+03
58  4.222864e+04  -2.191650e+03
59  8.855362e+04  9.716521e+02
60  1.639941e+05  2.167680e+03
61  3.056767e+05  -1.703500e+03
62  5.714361e+05  -3.541580e+03
63  1.325145e+06  -1.113017e+04
ENDPROP
STARTPROP
MASSES:  4.200000e-03   4.200000e-03
SOURCE: GAM_23
SINKS: GAM_23
0  8.319966e+05  4.528474e+03
1  -7.106542e+05  -7.193465e+03
2  -1.708014e+05  -3.836136e+03
3  -6.776077e+04  -1.146047e+03
4  1.530593e+04  -2.904533e+03
5  3.225233e+04  -2.765955e+03
6  4.281111e+04  -3.159370e+03
7  3.446056e+04  -1.738324e+03
8  2.265380e+04  -2.052790e+03
9  9.252769e+03  -3.690638e+03
10  3.940481e+03  -2.347251e+03
11  3.116341e+03  -7.189964e+02
12  -5.087764e+02  6.251830e+02
13  -1.747729e+03  9.583544e+02
14  -4.854446e+01  1.254673e+03
15  -7.580351e+01  1.445613e+03
16  -1.094640e+03  1.253998e+03
17  -6.701747e+02  1.028676e+03
18  -3.560370e+02  7.793998e+02
19  -7.301721e+02  -2.111275e+00
20  -4.652104e+02  -1.787915e+02
21  2.290873e+02  6.838775e+01
22  -2.513420e+02  -2.721839e+02
23  -8.684383e+02  -2.146544e+02
24  -7.844970e+02  -1.835690e+02
25  -6.397388e+02  -9.279609e+01
26  -3.246331e+02  -5.272754e+00
27  -3.470151e+02  -5.941816e+01
28  -4.150330e+02  -5.014553e+01
29  -4.428567e+02  -7.327881e+01
30  -4.928213e+01  -1.538143e+02
31  1.355451e+02  -2.123634e+02
32  -3.615280e+01  -1.514024e+02
33  -8.565976e+01  -1.546570e+02
34  -1.150257e+02  -1.326991e+02
35  -2.480988e+01  -6.332106e+01
36  -1.199401e+01  -9.951133e+01
37  -8.474993e+01  -1.262129e+02
38  -3.508283e+02  -1.614603e+02
39  -8.033098e+02  -9.678005e+01
40  -3.509386e+02  -1.898017e+02
41  -7.425542e+01  -1.732330e+02
42  -7.033298e+01  -1.894197e+02
43  4.491644e+02  -2.557801e+02
44  1.449391e+03  -3.148824e+02
45  2.741231e+03  -6.761096e+02
46  4.772554e+03  -7.567834e+02
47  5.358893e+03  -8.466594e+02
48  4.206211e+03  -7.799843e+02
49  5.146896e+02  -2.359495e+02
50  9.015821e+01  -8.858198e+02
51  -2.859660e+03  -1.179413e+03
52  -8.590966e+03  -1.468653e+03
53  -9.522773e+03  -1.648521e+03
54  -6.862108e+03  -2.449325e+03
55  -3.169748e+02  -2.074599e+03
56  -3.985815e+03  -1.118049e+03
57  -2.833026e+03  1.117925e+02
58  4.661477e+02  1.815832e+03
59  8.908218e+03  3.389119e+03
60  -7.360789e+01  6.584641e+03
61  -4.534181e+04  1.202432e+04
62  -1.597004e+05  1.243841e+04
63  -7.108918e+05  1.284581e+04
ENDPROP
STARTPROP
MASSES:  4.200000e-03   4.200000e-03
SOURCE: GAM_32
SINKS: GAM_32
0  8.319966e+05  4.528474e+03
1  -7.106542e+05  -7.193465e+03
2  -1.708014e+05  -3.836136e+03
3  -6.776077e+04  -1.146047e+03
4  1.530593e+04  -2.904533e+03
5  3.225233e+04  -2.765955e+03
6  4.281111e+04  -3.159370e+03
7  3.446056e+04  -1.738324e+03
8  2.265380e+04  -2.052790e+03
9  9.252769e+03  -3.690638e+03
10  3.940481e+03  -2.347251e+03
11  3.116341e+03  -7.189964e+02
12  -5.087764e+02  6.251830e+02
13  -1.747729e+03  9.583544e+02
14  -4.854446e+01  1.254673e+03
15  -7.580351e+01  1.445613e+03
16  -1.094640e+03  1.253998e+03
17  -6.701747e+02  1.028676e+03
18  -3.560370e+02  7.793998e+02
19  -7.301721e+02  -2.111275e+00
20  -4.652104e+02  -1.787915e+02
21  2.290873e+02  6.838775e+01
22  -2.513420e+02  -2.721839e+02
23  -8.684383e+02  -2.146544e+02
24  -7.844970e+02  -1.835690e+02
25  -6.397388e+02  -9.279609e+01
26  -3.246331e+02  -5.272754e+00
27  -3.470151e+02  -5.941816e+01
28  -4.150330e+02  -5.014553e+01
29  -4.428567e+02  -7.327881e+01
30  -4.928213e+01  -1.538143e+02
31  1.355451e+02  -2.123634e+02
32  -3.615280e+01  -1.514024e+02
33  -8.565976e+01  -1.546570e+02
34  -1.150257e+02  -1.326991e+02
35  -2.480988e+01  -6.332106e+01
36  -1.199401e+01  -9.951133e+01
37  -8.474993e+01  -1.262129e+02
38  -3.508283e+02  -1.614603e+02
39  -8.033098e+02  -9.678005e+01
40  -3.509386e+02  -1.898017e+02
41  -7.425542e+01  -1.732330e+02
42  -7.033298e+01  -1.894197e+02
43  4.491644e+02  -2.557801e+02
44  1.449391e+03  -3.148824e+02
45  2.741231e+03  -6.761096e+02
46  4.772554e+03  -7.567834e+02
47  5.358893e+03  -8.466594e+02
48  4.206211e+03  -7.799843e+02
49  5.146896e+02  -2.359495e+02
50  9.015821e+01  -8.858198e+02
51  -2.859660e+03  -1.179413e+03
52  -8.590966e+03  -1.468653e+03
53  -9.522773e+03  -1.648521e+03
54  -6.862108e+03  -2.449325e+03
55  -3.169748e+02  -2.074599e+03
56  -3.985815e+03  -1.118049e+03
57  -2.833026e+03  1.117925e+02
58  4.661477e+02  1.815832e+03
59  8.908218e+03  3.389119e+03
60  -7.360789e+01  6.584641e+03
61  -4.534181e+04  1.202432e+04
62  -1.597004e+05  1.243841e+04
63  -7.108918e+05  1.284581e+04
ENDPROP
STARTPROP
MASSES:  4.200000e-03   4.200000e-03
SOURCE: GAM_24
SINKS: GAM_24
0  -8.498303e+04  1.732324e+03
1  1.284796e+06  -1.842287e+03
2  5.403570e+05  -8.025379e+03
3  2.884308e+05  -2.637148e+03
4  1.392837e+05  1.422273e+03
5  6.253659e+04  3.105566e+03
6  3.848827e+04  3.890023e+02
7  1.934501e+04  3.838508e+03
8  2.048460e+04  5.124198e+02
9  1.361446e+04  -5.922678e+02
10  1.091781e+04  -3.671699e+03
11  7.259663e+03  -2.095994e+03
12  -5.847036e+03  -1.158434e+03
13  -5.953734e+03  -1.758669e+03
14  -5.093784e+03  -3.928759e+02
15  -3.419187e+03  -1.038905e+03
16  -4.515219e+03  -8.002776e+02
17  -4.204407e+03  -6.459614e+02
18  -3.057358e+03  -4.658909e+02
19  -1.697710e+03  7.511923e+01
20  -1.138198e+03  3.390498e+02
21  -1.946015e+03  6.692279e+01
22  -1.608789e+03  1.220116e+02
23  -7.282391e+02  2.074940e+02
24  4.813105e+02  2.810847e+02
25  5.066116e+02  1.571649e+02
26  -2.600585e+02  3.578837e+01
27  -3.925695e+02  6.297609e+01
28  3.664910e+02  2.409507e+02
29  6.383965e+02  3.382778e+02
30  3.860989e+02  3.106359e+02
31  2.320726e+02  2.714237e+02
32  2.640737e+02  1.516960e+02
33  2.396980e+02  1.033526e+02
34  4.833328e+01  8.492242e+01
35  -1.510266e+02  8.942880e+01
36  2.236410e+02  9.894659e+01
37  5.202109e+02  2.002200e+01
38  8.085614e+02  4.929971e+01
39  8.562788e+02  6.167834e+01
40  6.348758e+02  1.720126e+02
41  -3.472343e+01  6.814724e+01
42  2.998386e+02  -1.161367e+02
43  -2.550440e+01  -3.996195e+01
44  -9.828908e+02  -3.420013e+02
45  -7.913525e+02  -1.039374e+02
46  -4.027878e+02  9.705904e+01
47  -5.533537e+02  -3.261698e+02
48  4.696663e+02  -1.113342e+03
49  3.394055e+03  -1.263515e+03
50  7.053380e+03  -5.795495e+02
51  4.937884e+03  -7.323988e+02
52  7.390944e+02  -1.196528e+03
53  -1.458406e+03  -1.819661e+03
54  -4.962207e+02  -2.547338e+03
55  -6.768013e+03  -4.040751e+03
56  -2.528461e+03  -5.450116e+03
57  1.500885e+04  -4.948574e+03
58  3.768082e+04  -1.827588e+03
59  7.102403e+04  4.322177e+03
60  1.682183e+05  4.455950e+03
61  3.005343e+05  5.056832e+03
62  5.558722e+05  4.815880e+03
63  1.300408e+06  5.772056e+03
ENDPROP
STARTPROP
MASSES:  4.200000e-03   4.200000e-03
SOURCE: GAM_42
SINKS: GAM_42
0  -8.498303e+04  1.732324e+03
1  1.284796e+06  -1.842287e+03
2  5.403570e+05  -8.025379e+03
3  2.884308e+05  -2.637148e+03
4  1.392837e+05  1.422273e+03
5  6.253659e+04  3.105566e+03
6  3.848827e+04  3.890023e+02
7  1.934501e+04  3.838508e+03
8  2.048460e+04  5.124198e+02
9  1.361446e+04  -5.922678e+02
10  1.091781e+04  -3.671699e+03
11  7.259663e+03  -2.095994e+03
12  -5.847036e+03  -1.158434e+03
13  -5.953734e+03  -1.758669e+03
14  -5.093784e+03  -3.928759e+02
15  -3.419187e+03  -1.038905e+03
16  -4.515219e+03  -8.002776e+02
17  -4.204407e+03  -6.459614e+02
18  -3.057358e+03  -4.658909e+02
19  -1.697710e+03  7.511923e+01
20  -1.138198e+03  3.390498e+02
21  -1.946015e+03  6.692279e+01
22  -1.608789e+03  1.220116e+02
23  -7.282391e+02  2.074940e+02
24  4.813105e+02  2.810847e+02
25  5.066116e+02  1.571649e+02
26  -2.600585e+02  3.578837e+01
27  -3.925695e+02  6.297609e+01
28  3.664910e+02  2.409507e+02
29  6.383965e+02  3.382778e+02
30  3.860989e+02  3.106359e+02
31  2.320726e+02  2.714237e+02
32  2.640737e+02  1.516960e+02
33  2.396980e+02  1.033526e+02
34  4.833328e+01  8.492242e+01
35  -1.510266e+02  8.942880e+01
36  2.236410e+02  9.894659e+01
37  5.202109e+02  2.002200e+01
38  8.085614e+02  4.929971e+01
39  8.562788e+02  6.167834e+01
40  6.348758e+02  1.720126e+02
41  -3.472343e+01  6.814724e+01
42  2.998386e+02  -1.161367e+02
43  -2.550440e+01  -3.996195e+01
44  -9.828908e+02  -3.420013e+02
45  -7.913525e+02  -1.039374e+02
46  -4.027878e+02  9.705904e+01
47  -5.533537e+02  -3.261698e+02
48  4.696663e+02  -1.113342e+03
49  3.394055e+03  -1.263515e+03
50  7.053380e+03  -5.795495e+02
51  4.937884e+03  -7.323988e+02
52  7.390944e+02  -1.196528e+03
53  -1.458406e+03  -1.819661e+03
54  -4.962207e+02  -2.547338e+03
55  -6.768013e+03  -4.040751e+03
56  -2.528461e+03  -5.450116e+03
57  1.500885e+04  -4.948574e+03
58  3.768082e+04  -1.827588e+03
59  7.102403e+04  4.322177e+03
60  1.682183e+05  4.455950e+03
61  3.005343e+05  5.056832e+03
62  5.558722e+05  4.815880e+03
63  1.300408e+06  5.772056e+03
ENDPROP
STARTPROP
MASSES:  4.200000e-03   4.200000e-03
SOURCE: GAM_34
SINKS: GAM_34
0  -9.790716e+04  -2.821937e+03
1  1.331213e+06  4.509682e+03
2  6.140843e+05  8.349790e+02
3  3.652472e+05  -8.606396e+02
4  2.014562e+05  2.964007e+03
5  1.190095e+05  6.429227e+03
6  6.198067e+04  4.848228e+03
7  4.947724e+04  3.875543e+03
8  3.476507e+04  3.855937e+02
9  1.406824e+04  -7.400329e+02
10  2.702719e+03  -1.526622e+03
11  -1.161537e+03  -6.555011e+02
12  -7.173110e+03  -7.216584e+02
13  -8.579407e+03  3.263561e+02
14  -1.015574e+04  1.178148e+03
15  -9.811273e+03  1.437812e+03
16  -6.904622e+03  8.991768e+02
17  -3.521300e+03  4.205578e+02
18  -4.278568e+03  3.801391e+02
19  -2.735474e+03  3.739383e+02
20  -9.730736e+02  3.287754e+01
21  -9.335955e+02  -3.042740e+02
22  -6.053469e+02  -3.151380e+02
23  -7.482692e+01  -1.763027e+02
24  3.916134e+02  -1.554224e+02
25  5.348778e+02  -7.014114e+01
26  2.828274e+02  -2.023832e+02
27  1.114744e+02  -1.168050e+02
28  2.885441e+01  -8.534204e+01
29  -2.449538e+02  -8.719149e+01
30  7.178168e+01  -7.524673e+01
31  3.319964e+02  -3.677909e+01
32  5.348892e+02  -4.830019e+01
33  4.396944e+02  -1.099234e+01
34  3.432860e+02  4.687159e+00
35  1.500616e+02  7.818212e+01
36  -5.593249e+01  5.888415e+00
37  -5.676885e+00  -9.361251e+01
38  2.182853e+02  -2.397516e+02
39  -3.541896e+01  -2.293101e+02
40  -4.681772e+02  -2.401922e+02
41  -4.234794e+01  -1.937678e+02
42  1.807089e+02  -2.029690e+02
43  6.626315e+02  -1.347462e+02
44  5.465543e+02  7.591810e+01
45  -2.599619e+02  -1.943575e+02
46  8.895807e+01  -3.829461e+02
47  6.119449e+02  -4.925613e+02
48  2.595525e+03  -2.263737e+02
49  4.053344e+03  -8.151990e+01
50  3.829358e+03  -6.960183e+02
51  4.559108e+03  -8.778419e+02
52  2.354030e+03  3.102284e+02
53  7.648130e+03  1.529003e+03
54  1.557696e+04  2.844554e+03
55  2.132790e+04  3.371123e+03
56  2.650075e+04  3.191273e+03
57  3.045025e+04  1.837092e+03
58  4.414909e+04  3.399090e+03
59  6.850963e+04  5.559376e+03
60  1.379169e+05  7.064251e+03
61  2.971699e+05  2.338418e+03
62  5.513942e+05  -2.955191e+03
63  1.283831e+06  -9.111950e+03
ENDPROP
STARTPROP
MASSES:  4.200000e-03   4.200000e-03
SOURCE: GAM_43
SINKS: GAM_43
0  -9.790716e+04  -2.821937e+03
1  1.331213e+06  4.509682e+03
2  6.140843e+05  8.349790e+02
3  3.652472e+05  -8.606396e+02
4  2.014562e+05  2.964007e+03
5  1.190095e+05  6.429227e+03
6  6.198067e+04  4.848228e+03
7  4.947724e+04  3.875543e+03
8  3.476507e+04  3.855937e+02
9  1.406824e+04  -7.400329e+02
10  2.702719e+03  -1.526622e+03
11  -1.161537e+03  -6.555011e+02
12  -7.173110e+03  -7.216584e+02
13  -8.579407e+03  3.263561e+02
14  -1.015574e+04  1.178148e+03
15  -9.811273e+03  1.437812e+03
16  -6.904622e+03  8.991768e+02
17  -3.521300e+03  4.205578e+02
18  -4.278568e+03  3.801391e+02
19  -2.735474e+03  3.739383e+02
20  -9.730736e+02  3.287754e+01
21  -9.335955e+02  -3.042740e+02
22  -6.053469e+02  -3.151380e+02
23  -7.482692e+01  -1.763027e+02
24  3.916134e+02  -1.554224e+02
25  5.348778e+02  -7.014114e+01
26  2.828274e+02  -2.023832e+02
27  1.114744e+02  -1.168050e+02
28  2.885441e+01  -8.534204e+01
29  -2.449538e+02  -8.719149e+01
30  7.178168e+01  -7.524673e+01
31  3.319964e+02  -3.677909e+01
32  5.348892e+02  -4.830019e+01
33  4.396944e+02  -1.099234e+01
34  3.432860e+02  4.687159e+00
35  1.500616e+02  7.818212e+01
36  -5.593249e+01  5.888415e+00
37  -5.676885e+00  -9.361251e+01
38  2.182853e+02  -2.397516e+02
39  -3.541896e+01  -2.293101e+02
40  -4.681772e+02  -2.401922e+02
41  -4.234794e+01  -1.937678e+02
42  1.807089e+02  -2.029690e+02
43  6.626315e+02  -1.347462e+02
44  5.465543e+02  7.591810e+01
45  -2.599619e+02  -1.943575e+02
46  8.895807e+01  -3.829461e+02
47  6.119449e+02  -4.925613e+02
48  2.595525e+03  -2.263737e+02
49  4.053344e+03  -8.151990e+01
50  3.829358e+03  -6.960183e+02
51  4.559108e+03  -8.778419e+02
52  2.354030e+03  3.102284e+02
53  7.648130e+03  1.529003e+03
54  1.557696e+04  2.844554e+03
55  2.132790e+04  3.371123e+03
56  2.650075e+04  3.191273e+03
57  3.045025e+04  1.837092e+03
58  4.414909e+04  3.399090e+03
59  6.850963e+04  5.559376e+03
60  1.379169e+05  7.064251e+03
61  2.971699e+05  2.338418e+03
62  5.513942e+05  -2.955191e+03
63  1.283831e+06  -9.111950e+03
ENDPROP
STARTPROP
MASSES:  4.200000e-03   4.200000e-03
SOURCE: GAM_15
SINKS: GAM_15
0  -2.656153e+05  3.306979e+02
1  -1.225735e+06  -8.219673e+03
2  -5.060887e+05  -7.477567e+02
3  -2.837136e+05  -4.132336e+02
4  -1.749946e+05  -4.175777e+03
5  -8.414596e+04  -3.625592e+03
6  -3.325270e+04  -7.771735e+02
7  -1.966932e+04  -1.427513e+03
8  -1.101815e+04  -2.436832e+03
9  -1.914871e+04  -4.808257e+03
10  -1.583995e+04  -3.919285e+03
11  -3.862056e+03  -1.769668e+03
12  3.645240e+03  -5.927568e+01
13  5.797735e+03  -5.670058e+02
14  1.134272e+04  -5.733329e+02
15  1.226521e+04  -3.120972e+02
16  9.598627e+03  -9.051224e+01
17  7.859577e+03  1.589304e+02
18  4.992670e+03  2.171883e+02
19  2.135040e+03  3.590004e+02
20  -1.927046e+02  3.067421e+02
21  -1.283283e+03  7.821435e+02
22  -9.920960e+02  1.084092e+03
23  -5.074681e+02  8.143479e+02
24  1.527376e+02  4.893216e+02
25  1.738942e+02  1.878027e+02
26  -3.771568e+02  3.101604e+01
27  -2.210369e+02  1.333685e+02
28  2.142776e+02  1.977860e+02
29  3.152452e+02  1.514611e+02
30  7.176911e+02  1.159721e+02
31  6.337967e+02  6.267937e+01
32  2.879845e+02  2.410787e+01
33  5.494296e+02  5.316702e+01
34  6.952263e+02  5.513160e+01
35  7.114562e+02  4.797391e+01
36  9.823358e+02  3.346220e+01
37  9.548250e+02  4.994042e+01
38  6.562824e+02  -1.455864e+02
39  5.978180e+02  -2.873924e+02
40  4.139167e+02  -1.921776e+02
41  7.679712e+01  1.188040e+01
42  -2.887367e+02  -1.032480e+02
43  -8.524961e+02  -2.132245e+02
44  -1.689473e+02  3.809637e+01
45  1.146897e+03  9.495071e+01
46  7.789537e+02  -1.187045e+02
47  1.756335e+02  -4.158556e+02
48  -7.629548e+02  -8.682691e+02
49  -2.246134e+02  -5.538774e+02
50  -5.213836e+02  4.459276e+02
51  2.718692e+02  1.735515e+02
52  -2.258274e+03  -3.181814e+02
53  -4.780304e+03  5.778909e+02
54  -5.468616e+03  1.920472e+03
55  1.946806e+03  3.535098e+03
56  -1.504575e+03  3.696011e+03
57  -7.957304e+03  4.852800e+03
58  -1.351424e+04  5.864683e+03
59  -2.783895e+04  6.089370e+03
60  -6.558737e+04  5.066690e+03
61  -1.215627e+05  4.873062e+03
62  -3.588580e+05  9.477640e+03
63  -1.189473e+06  1.150756e+04
ENDPROP
STARTPROP
MASSES:  4.200000e-03   4.200000e-03
SOURCE: GAM_25
SINKS: GAM_25
0  -2.785081e+05  -8.842914e+03
1  -1.266128e+06  -1.232391e+04
2  -5.072189e+05  -5.056812e+03
3  -2.503479e+05  -7.280020e+02
4  -1.209635e+05  -2.353628e+03
5  -6.265366e+04  -2.695254e+03
6  -3.467219e+04  -3.357410e+03
7  -9.170481e+03  -4.596273e+03
8  3.310534e+02  -4.601470e+03
9  4.614546e+03  -3.675463e+03
10  3.711567e+03  -5.259013e+03
11  -5.369359e+03  -4.629806e+03
12  -1.489426e+04  -2.563196e+03
13  -1.547366e+04  -1.086778e+03
14  -1.910878e+04  -1.376899e+03
15  -1.428979e+04  -3.337427e+02
16  -7.389245e+03  6.234566e+02
17  -2.496175e+03  6.852744e+02
18  2.883374e+02  1.182816e+03
19  1.564690e+02  1.342588e+03
20  -2.856311e+02  8.918907e+02
21  4.256511e+02  2.256871e+02
22  -7.147962e+01  1.508958e+01
23  -4.835054e+02  -1.942615e+02
24  -9.226651e+02  -1.464108e+02
25  -1.321761e+03  -9.275867e+01
26  -1.625759e+03  -1.292182e+02
27  -1.306881e+03  -1.086935e+02
28  -9.620070e+02  -2.359865e+02
29  -9.430194e+02  -2.435429e+02
30  -6.842509e+02  -2.352345e+02
31  -4.857228e+02  -2.197982e+02
32  -3.271880e+02  -1.500710e+02
33  -3.529528e+02  -6.488717e+01
34  -2.757926e+02  -2.335359e+00
35  -4.216511e+02  -1.758503e+01
36  -8.754148e+02  -9.956987e+01
37  -1.082757e+03  -2.364056e+02
38  -8.779151e+02  -2.733869e+02
39  -7.526401e+02  -2.385613e+02
40  -2.993591e+02  -2.562323e+02
41  1.097448e+02  -3.177828e+02
42  -2.869289e+00  -2.888450e+02
43  -2.748307e+02  -3.254014e+02
44  -5.780846e+02  -5.072324e+02
45  -1.248319e+02  -7.819477e+02
46  2.483004e+02  -3.765509e+02
47  7.076811e+02  2.915019e+02
48  2.311898e+03  1.496949e+03
49  1.294854e+03  2.872101e+03
50  3.560444e+02  3.703053e+03
51  -2.708407e+03  4.587750e+03
52  -5.966165e+03  4.886689e+03
53  -1.293049e+04  3.887990e+03
54  -1.910206e+04  3.166927e+03
55  -1.623946e+04  1.469626e+03
56  -1.614258e+04  -1.582959e+03
57  -1.656579e+04  -5.551222e+03
58  -1.863613e+04  -6.083619e+03
59  -3.406051e+04  -6.248639e+03
60  -9.092553e+04  -3.077283e+03
61  -2.168737e+05  -1.011490e+03
62  -4.312797e+05  -1.900657e+02
63  -1.217479e+06  -1.620236e+03
ENDPROP
STARTPROP
MASSES:  4.200000e-03   4.200000e-03
SOURCE: GAM_35
SINKS: GAM_35
0  -1.736095e+05  -3.502175e+03
1  -1.112619e+06  -1.218100e+04
2  -3.715281e+05  -8.265574e+03
3  -1.350776e+05  -3.120667e+03
4  -4.727335e+04  -4.478447e+03
5  -1.129914e+04  -7.989340e+03
6  -2.636067e+04  -8.260615e+03
7  -2.906569e+04  -5.103922e+03
8  -1.466929e+04  -1.662202e+03
9  -1.413463e+04  -1.373736e+03
10  -1.339181e+04  -1.095273e+03
11  -7.223409e+03  -1.822501e+03
12  -4.427913e+03  -2.192106e+03
13  -4.516219e+03  -1.369122e+03
14  -2.920436e+03  -1.656554e+03
15  1.070939e+03  -1.872878e+03
16  -6.681976e+02  -1.744378e+03
17  -1.628632e+03  -1.770466e+03
18  -5.397589e+02  -7.698442e+02
19  9.719744e+02  3.926286e+01
20  7.390460e+02  3.160458e+02
21  -2.621986e+01  2.240550e+02
22  7.510954e+02  -7.300332e+01
23  1.363120e+03  -1.590771e+02
24  1.081715e+03  -1.057923e+02
25  8.639878e+02  8.270600e+01
26  1.123838e+03  8.803694e+01
27  9.051748e+02  -1.535769e+01
28  -2.508944e+01  -4.328204e+01
29  -2.591258e+02  -8.525854e+01
30  -4.909331e+02  -4.776016e+01
31  -6.113363e+02  -7.398125e+00
32  -4.731897e+02  -7.376945e+01
33  -1.556224e+02  -2.124858e+02
34  3.839064e+02  -2.913764e+02
35  6.698290e+02  -2.610248e+02
36  6.642803e+02  -2.446647e+02
37  9.818663e+02  -2.530863e+02
38  1.395424e+03  -3.352065e+02
39  1.266297e+03  -4.048926e+02
40  1.094145e+03  -3.056226e+02
41  1.585429e+03  -2.499792e+02
42  2.946512e+03  -1.612619e+02
43  3.350669e+03  -1.816084e+02
44  3.395088e+03  -2.925771e+02
45  4.641837e+03  3.297212e+02
46  4.951707e+03  9.840667e+02
47  3.857999e+03  8.654791e+02
48  1.918128e+03  7.916134e+02
49  -2.792632e+03  4.462124e+02
50  -6.319191e+03  3.447881e+02
51  -4.891496e+03  5.605943e+02
52  4.064380e+03  4.574861e+02
53  1.674955e+04  2.303805e+02
54  1.707288e+04  -1.560881e+03
55  1.955315e+04  -3.556926e+03
56  3.560929e+03  -2.950612e+03
57  -5.623459e+03  1.327202e+02
58  -3.530439e+04  2.796014e+03
59  -9.401318e+04  5.000819e+03
60  -1.307766e+05  4.100033e+03
61  -2.007064e+05  2.466437e+03
62  -3.884869e+05  -2.433386e+03
63  -1.138545e+06  6.316196e+02
ENDPROP
STARTPROP
MASSES:  4.200000e-03   4.200000e-03
SOURCE: GAM_45
SINKS: GAM_45
0  -1.699713e+06  -4.064569e+02
1  6.684355e+05  1.086209e+03
2  3.380735e+05  1.333444e+00
3  2.760926e+05  3.357749e+03
4  2.378512e+05  5.170515e+03
5  1.919378e+05  5.394193e+03
6  1.679031e+05  2.864043e+03
7  1.367078e+05  9.655174e+02
8  1.180414e+05  4.655389e+02
9  1.018772e+05  1.438012e+01
10  8.681447e+04  -2.042962e+02
11  6.961998e+04  -3.276819e+01
12  5.884133e+04  4.725850e+02
13  4.957332e+04  1.121441e+03
14  4.047332e+04  7.206493e+02
15  3.267314e+04  5.797946e+02
16  2.532984e+04  1.838059e+02
17  2.172711e+04  1.894187e+02
18  1.751652e+04  -3.161917e+02
19  1.459620e+04  -4.082889e+02
20  1.200417e+04  -2.917770e+02
21  1.040426e+04  -2.498222e+02
22  8.930287e+03  -2.818279e+02
23  7.084237e+03  -2.122714e+02
24  5.927489e+03  -2.305531e+02
25  5.412613e+03  -2.408094e+02
26  4.777545e+03  -1.663517e+02
27  4.005994e+03  -1.306051e+02
28  3.530584e+03  -1.571567e+02
29  3.090381e+03  -8.893407e+01
30  2.681882e+03  -1.302334e+02
31  2.428180e+03  -1.865373e+02
32  2.166690e+03  -1.473156e+02
33  2.141317e+03  -1.917308e+02
34  2.040007e+03  -1.847762e+02
35  2.198753e+03  -1.600857e+02
36  2.135590e+03  -1.434987e+02
37  2.407954e+03  -1.619665e+02
38  3.115028e+03  -1.942664e+02
39  3.626528e+03  -1.306544e+02
40  3.983809e+03  -2.196353e+02
41  5.062529e+03  -1.592428e+02
42  6.356338e+03  -2.588726e+02
43  7.671367e+03  -2.617892e+02
44  9.967316e+03  -3.267199e+02
45  1.161865e+04  -3.533145e+02
46  1.493687e+04  -3.370612e+02
47  1.838072e+04  -3.614053e+02
48  2.184965e+04  -6.219990e+02
49  2.795854e+04  -5.285848e+02
50  3.465045e+04  -8.056538e+02
51  4.091828e+04  -8.852789e+02
52  5.102455e+04  -2.043093e+03
53  6.401287e+04  -3.083102e+03
54  7.692498e+04  -3.655015e+03
55  9.565445e+04  -4.115344e+03
56  1.136455e+05  -3.940470e+03
57  1.430163e+05  -2.850647e+03
58  1.656608e+05  -2.794546e+03
59  2.028742e+05  -1.807303e+03
60  2.457198e+05  -5.712904e+03
61  2.855708e+05  -9.224770e+03
62  3.377869e+05  -9.384724e+03
63  6.662620e+05  -1.062139e+04
ENDPROP
STARTPROP
MASSES:  4.200000e-03   4.200000e-03
SOURCE: PSAX4
SINKS: GAM_4
0  3.585277e+04  1.562205e+03
1  1.764132e+06  6.870331e+03
2  1.359353e+06  1.285920e+04
3  1.129509e+06  1.401411e+04
4  9.713504e+05  1.406069e+04
5  8.000483e+05  1.396971e+04
6  6.760338e+05  9.638715e+03
7  5.557603e+05  3.795830e+03
8  4.618388e+05  9.708779e+02
9  3.909408e+05  -1.862666e+02
10  3.288997e+05  -2.387883e+03
11  2.662927e+05  -1.377525e+03
12  2.200396e+05  -1.887381e+03
13  1.769951e+05  -1.430582e+02
14  1.434464e+05  -3.061369e+02
15  1.193548e+05  9.232017e+01
16  9.557225e+04  -1.539861e+02
17  8.060471e+04  -1.732327e+02
18  6.702637e+04  -1.844899e+02
19  5.587950e+04  -3.819921e+02
20  4.741531e+04  -2.512667e+02
21  3.995839e+04  -3.087146e+02
22  3.270742e+04  -1.061420e+02
23  2.660398e+04  -1.013192e+02
24  2.208853e+04  -2.522927e+02
25  1.819032e+04  -2.790261e+02
26  1.482191e+04  -2.567742e+02
27  1.188920e+04  -2.836002e+02
28  9.328309e+03  -2.031052e+02
29  6.990025e+03  -1.469577e+02
30  4.948828e+03  -1.406057e+02
31  3.154569e+03  -1.835016e+02
32  1.489659e+03  -1.833489e+02
33  -2.475794e+02  -1.654145e+02
34  -2.041813e+03  -1.617580e+02
35  -3.777647e+03  -1.800564e+02
36  -5.695671e+03  -1.904224e+02
37  -7.938307e+03  -2.132495e+02
38  -1.063129e+04  -2.298927e+02
39  -1.362956e+04  -3.816099e+02
40  -1.671373e+04  -4.660048e+02
41  -2.068309e+04  -5.237822e+02
42  -2.568316e+04  -4.366465e+02
43  -3.136068e+04  -5.052862e+02
44  -3.896912e+04  -6.844686e+02
45  -4.642830e+04  -7.413600e+02
46  -5.697612e+04  -8.537853e+02
47  -6.704486e+04  -1.044321e+03
48  -7.895549e+04  -6.855960e+02
49  -9.743236e+04  -9.446074e+02
50  -1.211343e+05  -5.321362e+02
51  -1.446061e+05  -7.665759e+02
52  -1.744195e+05  3.062701e+01
53  -2.114894e+05  1.033479e+03
54  -2.564133e+05  1.992909e+03
55  -3.172087e+05  2.212398e+03
56  -3.805302e+05  1.720456e+03
57  -4.644243e+05  -1.095813e+03
58  -5.553023e+05  -4.283686e+03
59  -6.734676e+05  -7.030036e+03
60  -8.337620e+05  -9.672984e+03
61  -1.022780e+06  -9.710580e+03
62  -1.254276e+06  -8.046220e+03
63  -1.681858e+06  -3.293425e+03
ENDPROP
STARTPROP
MASSES:  4.200000e-03   4.200000e-03
SOURCE: WWPSAX4
SINKS: GAM_4
0  6.903696e+08  1.191868e+08
1  1.128736e+09  5.684350e+07
2  1.330167e+09  -3.522356e+07
3  1.370297e+09  -5.319887e+06
4  5.189884e+08  -2.791220e+06
5  5.010136e+08  2.267459e+07
6  2.681438e+08  5.453282e+07
7  6.377026e+08  3.025955e+07
8  2.443349e+08  -3.938327e+07
9  2.168493e+08  -1.556690e+07
10  1.898535e+08  8.154736e+06
11  1.207255e+08  -4.643830e+06
12  1.736781e+08  -2.099032e+06
13  8.049221e+07  -2.320446e+07
14  9.350169e+07  -4.121210e+06
15  2.090596e+07  -9.230140e+06
16  8.310786e+07  5.175948e+06
17  4.324161e+07  5.631962e+06
18  5.886216e+07  -9.204191e+06
19  4.694309e+07  3.225813e+06
20  3.279895e+07  -1.890852e+06
21  3.465836e+06  1.490788e+06
22  2.072383e+07  -2.260886e+06
23  2.663496e+07  8.433290e+04
24  1.671906e+07  -2.769289e+06
25  8.299244e+06  -5.865982e+05
26  9.103941e+06  2.123654e+05
27  6.357990e+06  6.795052e+05
28  7.968098e+06  -2.569255e+05
29  1.182551e+06  -5.947724e+05
30  3.412100e+06  6.214520e+05
31  1.461085e+06  5.059383e+05
32  1.865666e+06  -1.271864e+05
33  -7.156468e+05  -2.335347e+05
34  4.246283e+06  1.786840e+05
35  2.408096e+06  -1.054931e+06
36  -2.963212e+06  3.893764e+05
37  -2.070778e+06  5.326973e+05
38  -6.098234e+06  -1.498031e+06
39  -6.653301e+06  1.653969e+06
40  -5.734792e+06  -5.978672e+05
41  -1.553638e+07  -7.436386e+05
42  -2.246942e+07  2.698552e+06
43  -2.491350e+07  -3.674325e+06
44  -1.039896e+07  1.325730e+06
45  -2.105008e+07  -3.456870e+06
46  -7.388567e+07  -6.491419e+06
47  -2.594669e+07  3.427688e+06
48  -7.611841e+07  5.278738e+05
49  -3.533205e+07  -9.427260e+06
50  -1.035499e+08  -7.674566e+06
51  -7.670860e+07  6.974451e+06
52  -1.045002e+08  -3.962809e+06
53  -1.259117e+08  -6.222313e+04
54  -2.922362e+08  -7.943894e+06
55  -2.666225e+08  4.793736e+06
56  -2.005858e+08  -1.445329e+07
57  -1.914534e+08  -3.424477e+06
58  -3.018596e+08  1.324890e+06
59  -1.035800e+09  3.594606e+07
60  -4.597564e+08  5.225238e+07
61  -1.138865e+09  -2.480835e+07
62  -1.326557e+09  3.672392e+06
63  -1.331953e+09  2.173763e+07
ENDPROP
STARTPROP
MASSES:  4.200000e-03   4.200000e-03
SOURCE: WWGAM_5
SINKS: GAM_5
0  1.843369e+10  1.887045e+01
1  3.818175e+09  1.940236e+07
2  4.165151e+09  -2.867304e+07
3  3.569904e+09  3.913995e+07
4  2.029352e+09  1.970561e+07
5  1.973509e+09  -2.512410e+07
6  1.824177e+09  -1.485739e+07
7  1.761128e+09  9.750964e+06
8  9.893558e+08  -3.400601e+07
9  9.446126e+08  2.790586e+06
10  7.936723e+08  -1.026758e+07
11  5.658454e+08  9.930818e+06
12  4.807919e+08  -1.367632e+07
13  4.154735e+08  -9.015599e+06
14  4.019720e+08  4.642881e+05
15  2.949131e+08  2.460074e+05
16  2.498478e+08  4.218875e+06
17  2.342134e+08  1.957489e+06
18  2.017630e+08  -6.822489e+06
19  1.441937e+08  -2.462482e+06
20  1.165852e+08  -3.692120e+06
21  1.041727e+08  -2.742454e+04
22  9.642797e+07  -1.663247e+06
23  7.803269e+07  1.628976e+06
24  5.489114e+07  -3.455290e+06
25  6.510221e+07  1.132319e+05
26  4.466178e+07  1.895490e+05
27  3.917420e+07  -6.310033e+05
28  3.117105e+07  5.291504e+05
29  2.630911e+07  -1.037793e+06
30  2.618749e+07  -1.001436e+06
31  2.432738e+07  -2.873002e+05
32  2.789390e+07  5.152695e+04
33  2.365958e+07  5.899595e+05
34  2.299103e+07  -2.384675e+05
35  2.402589e+07  -3.586280e+05
36  2.592854e+07  1.004197e+05
37  3.187297e+07  7.001939e+05
38  3.303560e+07  1.861453e+06
39  4.540057e+07  -1.508501e+06
40  5.528738e+07  -1.070268e+05
41  6.468424e+07  -1.204246e+06
42  6.885951e+07  -2.651141e+05
43  7.573709e+07  2.869030e+06
44  9.886654e+07  3.023462e+06
45  1.224969e+08  4.790497e+06
46  1.969114e+08  1.414983e+07
47  2.075232e+08  8.889730e+05
48  1.957257e+08  -2.027066e+06
49  2.580985e+08  8.505008e+06
50  2.994668e+08  1.402165e+07
51  3.869629e+08  7.614643e+06
52  4.573786e+08  -1.330005e+07
53  4.721598e+08  1.461214e+07
54  6.677146e+08  1.786902e+07
55  8.783680e+08  -1.385924e+07
56  1.041183e+09  -8.882127e+06
57  9.550346e+08  3.831071e+06
58  1.462933e+09  -7.966912e+06
59  2.342601e+09  5.383149e+06
60  2.329739e+09  -4.856214e+06
61  2.720471e+09  -1.819118e+07
62  3.612120e+09  -5.514029e+06
63  4.424835e+09  -8.332324e+06
ENDPROP
