STARTPROP
MASSES:  4.200000e-03   4.200000e-03
SOURCE: GAM_1
SINKS: GAM_1
0  1.198917e+06  2.814905e+03
1  1.988954e+06  -5.558061e+02
2  1.007503e+06  -8.135791e+02
3  6.026611e+05  1.514607e+03
4  3.845300e+05  1.547124e+03
5  2.309326e+05  1.909276e+03
6  1.239972e+05  2.615838e+03
7  4.580538e+04  2.820637e+03
8  3.811068e+03  2.166574e+03
9  -2.015434e+03  1.366421e+03
10  -6.419134e+03  5.356638e+02
11  1.535444e+02  4.187351e+02
12  8.110674e+03  3.425884e+01
13  8.855982e+03  6.940796e+01
14  5.775296e+03  1.140002e+02
15  3.829390e+03  1.927736e+02
16  1.633353e+03  1.106858e+02
17  1.214111e+03  -7.188293e+01
18  3.925780e+02  -6.437092e+01
19  -1.295773e+03  2.221599e+01
20  -1.406749e+03  -2.752803e+01
21  -1.675154e+03  -3.899866e+00
22  -7.871595e+02  5.826834e+01
23  -9.199591e+02  1.691086e+02
24  -5.445663e+02  1.851477e+02
25  -2.949653e+02  2.144746e+02
26  1.257013e+02  1.301929e+02
27  5.255704e+02  4.807156e+01
28  6.517318e+02  -2.022515e+01
29  1.817461e+02  -4.023885e+01
30  -4.029956e+02  -5.439299e+01
31  -5.976188e+02  -6.128799e+01
32  -6.622128e+02  -4.692249e+01
33  -5.512130e+02  -3.744614e+01
34  -3.566114e+02  -3.324182e+01
35  -5.730911e+02  -4.189144e+01
36  -8.818339e+02  -8.965140e+01
37  -8.184770e+02  -7.387881e+01
38  -7.527477e+02  -4.052071e+01
39  -8.322970e+02  4.140095e+01
40  -8.581062e+02  1.409527e+02
41  -1.530706e+02  8.481918e+01
42  2.008816e+02  -2.373451e+01
43  3.369420e+02  -5.591238e+01
44  -1.260497e+03  9.062532e+00
45  -1.971474e+03  -2.296946e+01
46  5.488278e+01  4.077151e+01
47  2.572374e+03  -1.852301e+02
48  1.671844e+03  -4.478496e+02
49  -2.289656e+03  -3.926045e+02
50  -4.812762e+03  -2.123105e+02
51  -5.164450e+03  -5.446778e+02
52  -4.528549e+03  -1.068367e+03
53  -5.495043e+03  -1.355960e+03
54  3.596948e+03  -1.184700e+03
55  8.725710e+03  -5.444888e+02
56  1.803239e+04  -1.219812e+02
57  3.561954e+04  -3.456685e+01
58  7.001444e+04  1.790389e+02
59  1.417324e+05  6.642399e+02
60  2.760452e+05  1.917469e+02
61  4.902970e+05  1.742181e+03
62  9.029449e+05  2.876721e+03
63  1.949810e+06  3.715977e+03
ENDPROP
STARTPROP
MASSES:  4.200000e-03   4.200000e-03
SOURCE: GAM_2
SINKS: GAM_2
0  1.138218e+06  -1.554579e+03
1  1.946675e+06  -2.554929e+03
2  9.716734e+05  -7.085690e+02
3  5.762780e+05  -3.105342e+02
4  3.371301e+05  -1.577772e+02
5  1.810947e+05  2.761635e+02
6  9.785844e+04  -5.625258e+01
7  4.253248e+04  1.304400e+02
8  1.139902e+04  -4.613021e+02
9  2.775096e+03  -6.199032e+02
10  1.943475e+03  -6.191684e+02
11  7.323980e+02  -5.403258e+02
12  6.636446e+03  -3.896192e+02
13  1.163575e+04  -1.750890e+02
14  1.146177e+04  -5.674137e+01
15  7.961579e+03  2.374268e+02
16  5.261571e+03  3.031921e+02
17  2.586027e+03  2.609489e+02
18  1.146547e+03  1.771458e+02
19  4.418346e+02  1.872294e+02
20  1.736189e+02  1.270629e+01
21  8.925063e+02  -2.440394e+01
22  8.735067e+02  5.930249e+00
23  1.425480e+03  5.516641e+01
24  1.462721e+03  1.369654e+02
25  1.602380e+03  1.766438e+02
26  1.397769e+03  2.183060e+02
27  1.242632e+03  1.995105e+02
28  1.021045e+03  1.330087e+02
29  7.052292e+02  8.210159e+01
30  7.572575e+02  6.105687e+01
31  9.736844e+02  1.750468e+01
32  1.103212e+03  8.178750e+00
33  1.100774e+03  6.827603e+00
34  1.322159e+03  7.719264e+00
35  1.187250e+03  3.262611e+00
36  1.100668e+03  3.123727e+01
37  8.422877e+02  4.607851e+01
38  7.857372e+02  2.372176e+01
39  6.616525e+02  1.981933e+01
40  3.886866e+02  5.142477e+00
41  6.476405e+02  -2.830308e+01
42  1.371474e+02  2.669735e+01
43  -8.321835e+02  -1.450445e+01
44  -1.812076e+03  -1.360197e+02
45  -3.191548e+03  6.567823e+01
46  -3.418726e+03  2.820247e+02
47  -1.876255e+03  2.037563e+02
48  1.866153e+03  -5.570254e+01
49  4.522071e+03  -2.161725e+02
50  9.956063e+03  7.865433e-01
51  1.646738e+04  3.182392e+02
52  2.263153e+04  -1.487727e+01
53  2.685851e+04  -3.868891e+02
54  2.547311e+04  -4.973088e+02
55  3.459888e+04  -9.486793e+01
56  6.638968e+04  1.426749e+02
57  9.947589e+04  1.403273e+03
58  1.281357e+05  2.240198e+03
59  1.840243e+05  1.239838e+03
60  2.788706e+05  3.065469e+02
61  4.903074e+05  -4.943031e+01
62  9.041656e+05  2.570927e+02
63  1.930156e+06  5.312663e+01
ENDPROP
STARTPROP
MASSES:  4.200000e-03   4.200000e-03
SOURCE: GAM_3
SINKS: GAM_3
0  1.251664e+06  5.961204e+01
1  2.013524e+06  -1.376652e+03
2  9.698395e+05  -1.236859e+03
3  5.358580e+05  5.757754e+02
4  2.902537e+05  -1.317381e+03
5  1.611798e+05  -3.362744e+03
6  8.709813e+04  -3.922334e+03
7  3.961866e+04  -2.715483e+03
8  2.366778e+04  -1.239338e+03
9  1.116837e+04  -4.753711e+02
10  8.928187e+03  -1.709874e+02
11  1.357236e+04  -2.421420e+02
12  1.013615e+04  -3.823791e+02
13  5.429853e+03  -4.629914e+02
14  -8.115754e+02  -4.489875e+01
15  -2.234441e+03  7.747411e+01
16  -2.446057e+03  -1.160710e+02
17  -1.575970e+03  -2.637407e+02
18  -1.625270e+03  -2.604076e+02
19  -1.307461e+03  -3.048323e+02
20  -6.890262e+02  -2.466614e+02
21  1.397245e+02  -1.744994e+02
22  -8.350864e+02  -7.222322e+01
23  -1.828771e+03  4.474627e+01
24  -1.713449e+03  7.445816e+01
25  -1.696274e+03  1.635009e+01
26  -1.640280e+03  -4.952744e+01
27  -1.531111e+03  -4.021032e+01
28  -9.049147e+02  -5.851196e+01
29  -6.711638e+02  -1.989000e+01
30  -5.353885e+02  6.008764e+00
31  -3.035103e+02  -2.902462e+01
32  -5.150521e+02  -6.679601e+01
33  -5.693994e+02  -8.868256e+01
34  -4.511790e+02  -9.201992e+01
35  -3.253261e+02  -1.011467e+02
36  4.098086e+01  -8.335954e+01
37  2.145972e+02  -7.284756e+01
38  5.874065e+02  -7.619295e+01
39  6.098363e+02  -3.025714e+01
40  5.904743e+02  9.597934e+00
41  -1.186614e+02  -4.499898e+01
42  1.894109e+02  -9.003148e+01
43  1.252143e+03  -1.397833e+02
44  3.123636e+03  -1.680903e+02
45  4.657374e+03  -2.224671e+02
46  4.751607e+03  -2.710367e+02
47  4.593460e+03  -4.666807e+02
48  5.074281e+03  -6.103781e+02
49  3.067138e+03  -7.097432e+02
50  -3.597292e+03  -8.152310e+02
51  -7.008792e+03  -1.000158e+03
52  -4.920280e+03  -7.738764e+02
53  -7.165767e+03  -5.486379e+02
54  -4.350796e+02  -9.878626e+02
55  1.304617e+04  -1.437485e+03
56  2.141840e+04  -1.237242e+03
57  3.954826e+04  -6.871359e+02
58  6.413117e+04  -1.573615e+02
59  1.463574e+05  4.950692e+02
60  2.931869e+05  1.085174e+03
61  5.678194e+05  1.139203e+03
62  1.014953e+06  8.823442e+02
63  2.034601e+06  1.808971e+03
ENDPROP
STARTPROP
MASSES:  4.200000e-03   4.200000e-03
SOURCE: GAM_4
SINKS: GAM_4
0  2.173665e+06  -4.756755e+02
1  -2.942094e+05  1.529641e+03
2  -4.430901e+03  1.889289e+03
3  -1.477817e+04  1.674832e+03
4  5.458326e+03  1.357213e+03
5  1.854788e+03  1.163824e+03
6  2.481131e+03  1.111734e+03
7  -4.518553e+02  6.511398e+02
8  2.356703e+03  6.586774e+02
9  -4.702503e+02  1.556891e+02
10  -5.285098e+02  1.033803e+02
11  -2.383851e+03  -2.436483e+02
12  5.249887e+02  -3.724910e+02
13  7.460687e+02  -1.828156e+02
14  5.751349e+02  -1.606890e+02
15  1.213690e+03  5.284414e+01
16  3.986809e+02  3.509920e+01
17  6.545839e+02  -1.271906e+01
18  3.628811e+01  -2.816793e+01
19  1.905193e+02  -7.532630e+01
20  5.201674e+02  -7.361394e+01
21  1.910420e+02  -3.658427e+01
22  1.544935e+02  -3.716907e+00
23  4.985109e+02  6.849887e+00
24  5.356437e+02  -2.057046e+01
25  4.090754e+02  -9.883791e+00
26  2.993559e+02  -1.110725e+01
27  3.599871e+02  2.675369e-01
28  3.338186e+02  5.068382e+00
29  2.305124e+02  -3.487765e+00
30  2.816267e+02  -1.405498e+01
31  2.965494e+02  1.155139e+01
32  4.150704e+02  -3.534694e+00
33  3.777723e+02  -4.022817e+00
34  3.753321e+02  1.609848e+01
35  3.940810e+02  1.134805e+01
36  3.371544e+02  1.406258e+01
37  3.547888e+02  1.608969e+01
38  2.109447e+02  2.118555e+01
39  4.172556e+02  4.142048e+01
40  3.895880e+02  5.369361e+01
41  3.757656e+02  4.625612e+01
42  4.663441e+02  4.264307e+01
43  6.740421e+02  3.311754e+00
44  3.984715e+02  1.367126e+01
45  4.599402e+02  8.333777e+00
46  5.901420e+01  8.448746e+01
47  5.304972e+02  1.017963e+02
48  1.029840e+03  1.152883e+02
49  3.601780e+02  5.374834e+01
50  1.437377e+03  1.852167e+02
51  -1.554501e+02  3.477565e+02
52  3.025258e+02  4.598782e+02
53  6.289175e+02  5.508653e+02
54  5.180826e+01  4.111180e+02
55  3.710329e+03  1.437199e+02
56  3.769547e+03  9.195530e+00
57  1.065877e+03  -3.189217e+02
58  -7.016595e+01  -9.415064e+02
59  3.907845e+02  -1.558593e+03
60  -2.261015e+03  -2.061605e+03
61  -1.080518e+03  -1.453947e+03
62  -1.503364e+04  -1.909867e+03
63  -3.005335e+05  -1.821699e+03
ENDPROP
STARTPROP
MASSES:  4.200000e-03   4.200000e-03
SOURCE: GAM_5
SINKS: GAM_5
0  1.596770e+07  2.192592e+04
1  1.609146e+07  3.047243e+04
2  1.334295e+07  2.498887e+04
3  1.091108e+07  2.562505e+04
4  9.069211e+06  2.858118e+04
5  7.655482e+06  3.193576e+04
6  6.498191e+06  2.580236e+04
7  5.598103e+06  1.783392e+04
8  4.756296e+06  1.186101e+04
9  3.978486e+06  7.325565e+03
10  3.218185e+06  4.804645e+03
11  2.587852e+06  -1.620973e+03
12  2.136476e+06  -5.942115e+03
13  1.783323e+06  -6.701586e+03
14  1.453235e+06  -8.284900e+03
15  1.230569e+06  -7.202145e+03
16  1.046888e+06  -5.326237e+03
17  8.812633e+05  -3.186040e+03
18  7.159450e+05  -1.721655e+03
19  5.748641e+05  -8.962726e+02
20  4.743987e+05  -1.064905e+03
21  3.899928e+05  -1.127345e+03
22  3.254894e+05  -8.857615e+02
23  2.759937e+05  -1.005414e+03
24  2.376308e+05  -1.036509e+03
25  2.086946e+05  -1.029714e+03
26  1.845571e+05  -1.174627e+03
27  1.627427e+05  -1.103037e+03
28  1.473362e+05  -9.110224e+02
29  1.346724e+05  -8.422301e+02
30  1.213002e+05  -7.911834e+02
31  1.133625e+05  -5.808469e+02
32  1.097795e+05  -4.664264e+02
33  1.092079e+05  -1.888769e+02
34  1.149463e+05  2.545223e+02
35  1.255498e+05  9.041460e+02
36  1.405407e+05  1.486771e+03
37  1.616235e+05  1.924615e+03
38  1.891723e+05  2.302261e+03
39  2.213094e+05  2.566851e+03
40  2.659833e+05  2.480974e+03
41  3.204564e+05  2.167836e+03
42  3.777889e+05  1.589109e+03
43  4.471906e+05  7.607637e+02
44  5.287653e+05  2.708053e+02
45  6.412848e+05  5.054641e+02
46  7.708755e+05  1.193723e+03
47  9.215771e+05  1.583642e+03
48  1.103369e+06  2.927533e+03
49  1.309413e+06  5.011801e+03
50  1.543141e+06  8.658529e+03
51  1.799226e+06  1.193873e+04
52  2.172132e+06  1.331213e+04
53  2.590433e+06  1.403341e+04
54  3.083135e+06  1.510942e+04
55  3.736355e+06  2.298134e+04
56  4.493575e+06  3.135402e+04
57  5.224522e+06  3.364677e+04
58  6.159973e+06  3.299686e+04
59  7.387053e+06  2.738418e+04
60  8.863736e+06  1.244493e+04
61  1.057751e+07  1.124686e+04
62  1.265117e+07  1.459267e+04
63  1.551268e+07  1.721122e+04
ENDPROP
STARTPROP
MASSES:  4.200000e-03   4.200000e-03
SOURCE: GAM_12
SINKS: GAM_12
0  7.826025e+05  2.426748e+03
1  -7.226072e+05  4.147546e+03
2  -1.595097e+05  1.960824e+03
3  -6.496804e+04  5.966529e+02
4  -3.911069e+04  1.094855e+03
5  -1.688107e+04  1.700778e+03
6  -1.386179e+04  4.026397e+02
7  -1.077463e+04  -8.877252e+02
8  -1.278496e+04  -1.487016e+03
9  -1.080104e+04  -1.579365e+03
10  -8.157882e+03  -1.382704e+03
11  -5.115911e+03  -1.244145e+03
12  -3.314633e+03  -7.399536e+02
13  -7.756949e+03  -5.308698e+02
14  -5.486555e+03  -3.472854e+02
15  -4.181298e+03  -2.475892e+02
16  -4.151515e+03  -6.750849e+01
17  -3.711589e+03  -3.440162e+01
18  -2.120068e+03  -1.164595e+02
19  -1.203715e+03  -1.113097e+02
20  2.474859e+01  -9.079973e+01
21  1.787304e+02  -4.596330e+01
22  -4.272613e+00  4.485085e+00
23  3.644903e+02  4.164996e+01
24  4.776864e+02  4.901728e+01
25  5.357166e+02  6.630481e+01
26  5.218432e+02  5.460537e+01
27  7.096295e+02  2.876990e+01
28  5.136534e+02  1.997048e+01
29  3.805371e+02  2.982455e+01
30  4.070335e+02  3.041866e+01
31  2.181353e+02  2.237645e+01
32  -9.688860e-03  1.582253e+01
33  -1.471025e+02  3.906376e+01
34  7.121135e+01  3.886646e+01
35  3.068570e+02  -5.429259e+00
36  3.543531e+02  1.985222e+01
37  5.686731e+02  4.604883e+01
38  1.244768e+03  5.551721e+01
39  1.343914e+03  6.635258e+01
40  8.854715e+02  -4.571370e+00
41  -1.289011e+02  -9.493004e+01
42  2.073499e+02  -1.851910e+02
43  -3.830626e+01  -2.630715e+02
44  -9.805640e+02  -3.121714e+02
45  -1.729361e+03  -1.216298e+02
46  -1.344933e+03  1.638912e+02
47  -1.445887e+03  1.219708e+02
48  -1.116197e+03  -4.157278e+01
49  1.226412e+02  -3.810547e+02
50  1.354911e+03  -7.553865e+02
51  1.198571e+03  -4.905911e+02
52  -1.999986e+03  -1.985216e+02
53  -6.089702e+03  -3.311173e+02
54  -1.561385e+04  -9.789565e+01
55  -1.977826e+04  5.510114e+00
56  -2.597550e+04  -2.309586e+02
57  -4.056277e+04  -5.033715e+02
58  -5.584134e+04  -9.690226e+02
59  -5.438824e+04  -4.533365e+02
60  -7.398638e+04  -1.083181e+02
61  -1.349785e+05  -1.024422e+03
62  -2.550547e+05  4.932082e+02
63  -7.916586e+05  1.208746e+03
ENDPROP
STARTPROP
MASSES:  4.200000e-03   4.200000e-03
SOURCE: GAM_21
SINKS: GAM_21
0  7.826025e+05  2.426748e+03
1  -7.226072e+05  4.147546e+03
2  -1.595097e+05  1.960824e+03
3  -6.496804e+04  5.966529e+02
4  -3.911069e+04  1.094855e+03
5  -1.688107e+04  1.700778e+03
6  -1.386179e+04  4.026397e+02
7  -1.077463e+04  -8.877252e+02
8  -1.278496e+04  -1.487016e+03
9  -1.080104e+04  -1.579365e+03
10  -8.157882e+03  -1.382704e+03
11  -5.115911e+03  -1.244145e+03
12  -3.314633e+03  -7.399536e+02
13  -7.756949e+03  -5.308698e+02
14  -5.486555e+03  -3.472854e+02
15  -4.181298e+03  -2.475892e+02
16  -4.151515e+03  -6.750849e+01
17  -3.711589e+03  -3.440162e+01
18  -2.120068e+03  -1.164595e+02
19  -1.203715e+03  -1.113097e+02
20  2.474859e+01  -9.079973e+01
21  1.787304e+02  -4.596330e+01
22  -4.272613e+00  4.485085e+00
23  3.644903e+02  4.164996e+01
24  4.776864e+02  4.901728e+01
25  5.357166e+02  6.630481e+01
26  5.218432e+02  5.460537e+01
27  7.096295e+02  2.876990e+01
28  5.136534e+02  1.997048e+01
29  3.805371e+02  2.982455e+01
30  4.070335e+02  3.041866e+01
31  2.181353e+02  2.237645e+01
32  -9.688860e-03  1.582253e+01
33  -1.471025e+02  3.906376e+01
34  7.121135e+01  3.886646e+01
35  3.068570e+02  -5.429259e+00
36  3.543531e+02  1.985222e+01
37  5.686731e+02  4.604883e+01
38  1.244768e+03  5.551721e+01
39  1.343914e+03  6.635258e+01
40  8.854715e+02  -4.571370e+00
41  -1.289011e+02  -9.493004e+01
42  2.073499e+02  -1.851910e+02
43  -3.830626e+01  -2.630715e+02
44  -9.805640e+02  -3.121714e+02
45  -1.729361e+03  -1.216298e+02
46  -1.344933e+03  1.638912e+02
47  -1.445887e+03  1.219708e+02
48  -1.116197e+03  -4.157278e+01
49  1.226412e+02  -3.810547e+02
50  1.354911e+03  -7.553865e+02
51  1.198571e+03  -4.905911e+02
52  -1.999986e+03  -1.985216e+02
53  -6.089702e+03  -3.311173e+02
54  -1.561385e+04  -9.789565e+01
55  -1.977826e+04  5.510114e+00
56  -2.597550e+04  -2.309586e+02
57  -4.056277e+04  -5.033715e+02
58  -5.584134e+04  -9.690226e+02
59  -5.438824e+04  -4.533365e+02
60  -7.398638e+04  -1.083181e+02
61  -1.349785e+05  -1.024422e+03
62  -2.550547e+05  4.932082e+02
63  -7.916586e+05  1.208746e+03
ENDPROP
STARTPROP
MASSES:  4.200000e-03   4.200000e-03
SOURCE: GAM_13
SINKS: GAM_13
0  7.319240e+05  -3.878810e+02
1  -7.692478e+05  2.111739e+03
2  -1.908566e+05  1.342106e+03
3  -5.081756e+04  2.537810e+03
4  -5.868527e+03  2.530172e+03
5  -6.425015e+03  2.661470e+03
6  -1.510731e+04  2.191712e+03
7  -2.883142e+04  5.575247e+02
8  -3.407240e+04  -2.483678e+02
9  -3.085159e+04  -8.094370e+02
10  -2.799557e+04  -1.205613e+03
11  -2.239551e+04  -1.454407e+03
12  -1.061791e+04  -1.367780e+03
13  -5.589995e+03  -1.211454e+03
14  -3.371916e+03  -7.850538e+02
15  -2.671526e+03  -3.597862e+02
16  -3.605397e+03  -1.863657e+02
17  -4.944592e+03  -1.118167e+02
18  -3.570833e+03  -5.947707e+01
19  -2.800225e+03  1.718382e+01
20  -1.625251e+03  1.558864e+01
21  -5.660670e+01  -2.481307e+01
22  6.036690e+01  1.647975e+01
23  -6.939277e+02  4.731617e+01
24  -8.736589e+02  8.417744e+01
25  1.472881e+02  6.765872e+01
26  7.054954e+02  3.723104e+01
27  4.052489e+02  2.701726e+01
28  -9.317392e+00  3.663556e+01
29  -1.239404e+02  3.491572e+01
30  -1.217042e+02  3.981027e+01
31  -4.008330e+02  3.345012e+01
32  -5.047399e+02  4.662871e+01
33  -3.591155e+02  4.029815e+01
34  -1.349138e+02  7.291325e+01
35  -7.633599e+01  7.612395e+01
36  1.541688e+02  9.712458e+01
37  2.104713e+02  6.558246e+01
38  4.986341e+02  9.329239e+01
39  2.763974e+02  3.287378e+01
40  -5.743712e+02  1.477721e+01
41  -1.200190e+03  4.139427e+01
42  -1.140235e+03  8.662799e+01
43  -6.086387e+02  8.562786e+01
44  -1.850982e+02  5.559502e+01
45  1.177760e+03  9.783693e+01
46  1.377670e+03  2.387495e+02
47  2.681112e+03  2.670713e+02
48  2.368857e+03  3.081962e+02
49  4.538765e+03  3.745466e+02
50  4.457858e+03  2.263763e+02
51  9.579018e+03  2.389237e+02
52  1.094556e+04  1.214253e+02
53  1.012779e+04  5.914328e+02
54  7.140225e+03  7.627131e+02
55  3.098707e+02  1.138832e+03
56  -1.489744e+03  2.031470e+03
57  -2.143006e+04  1.410417e+03
58  -4.147840e+04  8.110011e+02
59  -6.154638e+04  1.143998e+03
60  -1.032950e+05  1.867057e+03
61  -1.401240e+05  1.566540e+03
62  -2.274301e+05  -2.152133e+02
63  -7.873618e+05  -1.772374e+03
ENDPROP
STARTPROP
MASSES:  4.200000e-03   4.200000e-03
SOURCE: GAM_31
SINKS: GAM_31
0  7.319240e+05  -3.878810e+02
1  -7.692478e+05  2.111739e+03
2  -1.908566e+05  1.342106e+03
3  -5.081756e+04  2.537810e+03
4  -5.868527e+03  2.530172e+03
5  -6.425015e+03  2.661470e+03
6  -1.510731e+04  2.191712e+03
7  -2.883142e+04  5.575247e+02
8  -3.407240e+04  -2.483678e+02
9  -3.085159e+04  -8.094370e+02
10  -2.799557e+04  -1.205613e+03
11  -2.239551e+04  -1.454407e+03
12  -1.061791e+04  -1.367780e+03
13  -5.589995e+03  -1.211454e+03
14  -3.371916e+03  -7.850538e+02
15  -2.671526e+03  -3.597862e+02
16  -3.605397e+03  -1.863657e+02
17  -4.944592e+03  -1.118167e+02
18  -3.570833e+03  -5.947707e+01
19  -2.800225e+03  1.718382e+01
20  -1.625251e+03  1.558864e+01
21  -5.660670e+01  -2.481307e+01
22  6.036690e+01  1.647975e+01
23  -6.939277e+02  4.731617e+01
24  -8.736589e+02  8.417744e+01
25  1.472881e+02  6.765872e+01
26  7.054954e+02  3.723104e+01
27  4.052489e+02  2.701726e+01
28  -9.317392e+00  3.663556e+01
29  -1.239404e+02  3.491572e+01
30  -1.217042e+02  3.981027e+01
31  -4.008330e+02  3.345012e+01
32  -5.047399e+02  4.662871e+01
33  -3.591155e+02  4.029815e+01
34  -1.349138e+02  7.291325e+01
35  -7.633599e+01  7.612395e+01
36  1.541688e+02  9.712458e+01
37  2.104713e+02  6.558246e+01
38  4.986341e+02  9.329239e+01
39  2.763974e+02  3.287378e+01
40  -5.743712e+02  1.477721e+01
41  -1.200190e+03  4.139427e+01
42  -1.140235e+03  8.662799e+01
43  -6.086387e+02  8.562786e+01
44  -1.850982e+02  5.559502e+01
45  1.177760e+03  9.783693e+01
46  1.377670e+03  2.387495e+02
47  2.681112e+03  2.670713e+02
48  2.368857e+03  3.081962e+02
49  4.538765e+03  3.745466e+02
50  4.457858e+03  2.263763e+02
51  9.579018e+03  2.389237e+02
52  1.094556e+04  1.214253e+02
53  1.012779e+04  5.914328e+02
54  7.140225e+03  7.627131e+02
55  3.098707e+02  1.138832e+03
56  -1.489744e+03  2.031470e+03
57  -2.143006e+04  1.410417e+03
58  -4.147840e+04  8.110011e+02
59  -6.154638e+04  1.143998e+03
60  -1.032950e+05  1.867057e+03
61  -1.401240e+05  1.566540e+03
62  -2.274301e+05  -2.152133e+02
63  -7.873618e+05  -1.772374e+03
ENDPROP
STARTPROP
MASSES:  4.200000e-03   4.200000e-03
SOURCE: GAM_14
SINKS: GAM_14
0  -1.294459e+05  4.221120e+02
1  1.271877e+06  -9.914377e+02
2  5.143853e+05  -8.125589e+02
3  2.866011e+05  -1.611370e+03
4  1.589682e+05  4.935011e+02
5  7.470398e+04  7.987405e+02
6  2.961656e+04  -3.793690e+02
7  6.461607e+03  -2.574454e+02
8  -2.636519e+03  4.205799e+02
9  -9.288813e+03  6.094463e+02
10  -8.260028e+03  2.220583e+02
11  -1.008205e+04  3.543475e+02
12  -9.541115e+03  4.894130e+02
13  -7.602197e+02  4.684732e+02
14  -1.688630e+03  3.001209e+02
15  -2.612423e+03  4.496540e+02
16  4.939524e+01  2.951106e+02
17  -1.434696e+03  -1.330421e+00
18  -1.331408e+03  -7.414089e+01
19  -5.225690e+02  -3.033101e+01
20  -7.214312e+02  4.307610e+01
21  -1.768641e+02  4.228759e+01
22  -5.195904e+02  3.620156e+01
23  -9.221915e+02  1.558508e+01
24  -1.470417e+03  2.548085e+01
25  -1.309765e+03  2.829481e+01
26  -9.331235e+02  1.036887e+00
27  -7.654530e+02  -2.232160e+01
28  -3.523708e+02  -3.693859e+01
29  -3.209755e+02  -4.776612e+01
30  -4.319578e+02  -2.096966e+01
31  -7.714091e+02  6.784163e+00
32  -6.103687e+02  -5.621025e+00
33  -6.548347e+02  -2.375166e+01
34  -6.722488e+02  -3.754571e+01
35  -5.468393e+02  -5.444736e+01
36  -5.375931e+02  -6.629492e+01
37  -3.341790e+02  -4.010572e+01
38  -5.055080e+02  -6.006076e+00
39  -1.268621e+03  6.463609e+01
40  -1.322727e+03  1.032469e+02
41  -5.567814e+02  8.830511e+01
42  1.498925e+02  4.461186e+01
43  5.342107e+02  3.798937e+01
44  -2.311910e+02  5.564262e+01
45  2.726141e+03  -1.260680e+02
46  2.948883e+03  -2.370834e+02
47  2.858705e+03  -3.389203e+02
48  2.889776e+03  -3.102756e+02
49  1.041425e+03  -2.677465e+02
50  1.181161e+03  -6.461273e+00
51  8.078417e+02  3.750316e+02
52  -2.098301e+03  6.055168e+01
53  -1.352915e+03  -2.807001e+02
54  2.012222e+03  1.216574e+02
55  7.820203e+03  3.774773e+02
56  1.126059e+04  3.138283e+02
57  1.045675e+04  4.461727e+02
58  7.170087e+03  -2.317698e+02
59  3.706291e+04  -4.746151e+02
60  1.115799e+05  -6.798758e+02
61  2.596591e+05  -1.090282e+02
62  5.361587e+05  3.793099e+02
63  1.280641e+06  6.761543e+02
ENDPROP
STARTPROP
MASSES:  4.200000e-03   4.200000e-03
SOURCE: GAM_41
SINKS: GAM_41
0  -1.294459e+05  4.221120e+02
1  1.271877e+06  -9.914377e+02
2  5.143853e+05  -8.125589e+02
3  2.866011e+05  -1.611370e+03
4  1.589682e+05  4.935011e+02
5  7.470398e+04  7.987405e+02
6  2.961656e+04  -3.793690e+02
7  6.461607e+03  -2.574454e+02
8  -2.636519e+03  4.205799e+02
9  -9.288813e+03  6.094463e+02
10  -8.260028e+03  2.220583e+02
11  -1.008205e+04  3.543475e+02
12  -9.541115e+03  4.894130e+02
13  -7.602197e+02  4.684732e+02
14  -1.688630e+03  3.001209e+02
15  -2.612423e+03  4.496540e+02
16  4.939524e+01  2.951106e+02
17  -1.434696e+03  -1.330421e+00
18  -1.331408e+03  -7.414089e+01
19  -5.225690e+02  -3.033101e+01
20  -7.214312e+02  4.307610e+01
21  -1.768641e+02  4.228759e+01
22  -5.195904e+02  3.620156e+01
23  -9.221915e+02  1.558508e+01
24  -1.470417e+03  2.548085e+01
25  -1.309765e+03  2.829481e+01
26  -9.331235e+02  1.036887e+00
27  -7.654530e+02  -2.232160e+01
28  -3.523708e+02  -3.693859e+01
29  -3.209755e+02  -4.776612e+01
30  -4.319578e+02  -2.096966e+01
31  -7.714091e+02  6.784163e+00
32  -6.103687e+02  -5.621025e+00
33  -6.548347e+02  -2.375166e+01
34  -6.722488e+02  -3.754571e+01
35  -5.468393e+02  -5.444736e+01
36  -5.375931e+02  -6.629492e+01
37  -3.341790e+02  -4.010572e+01
38  -5.055080e+02  -6.006076e+00
39  -1.268621e+03  6.463609e+01
40  -1.322727e+03  1.032469e+02
41  -5.567814e+02  8.830511e+01
42  1.498925e+02  4.461186e+01
43  5.342107e+02  3.798937e+01
44  -2.311910e+02  5.564262e+01
45  2.726141e+03  -1.260680e+02
46  2.948883e+03  -2.370834e+02
47  2.858705e+03  -3.389203e+02
48  2.889776e+03  -3.102756e+02
49  1.041425e+03  -2.677465e+02
50  1.181161e+03  -6.461273e+00
51  8.078417e+02  3.750316e+02
52  -2.098301e+03  6.055168e+01
53  -1.352915e+03  -2.807001e+02
54  2.012222e+03  1.216574e+02
55  7.820203e+03  3.774773e+02
56  1.126059e+04  3.138283e+02
57  1.045675e+04  4.461727e+02
58  7.170087e+03  -2.317698e+02
59  3.706291e+04  -4.746151e+02
60  1.115799e+05  -6.798758e+02
61  2.596591e+05  -1.090282e+02
62  5.361587e+05  3.793099e+02
63  1.280641e+06  6.761543e+02
ENDPROP
STARTPROP
MASSES:  4.200000e-03   4.200000e-03
SOURCE: GAM_23
SINKS: GAM_23
0  7.090375e+05  -1.510773e+03
1  -8.059503e+05  1.298350e+02
2  -2.198180e+05  6.269813e+02
3  -1.444464e+05  1.418946e+03
4  -1.001007e+05  5.918503e+02
5  -7.018756e+04  1.115316e+03
6  -3.424042e+04  1.978928e+03
7  -1.340127e+04  1.313217e+03
8  4.751348e+03  1.000485e+03
9  1.107621e+04  -8.469816e+01
10  7.583639e+03  7.780888e+01
11  -1.816009e+03  3.909155e+02
12  -6.706610e+03  2.007927e+02
13  -9.893236e+03  2.573051e+02
14  -1.070190e+04  4.276679e+02
15  -8.709744e+03  4.479266e+02
16  -8.097837e+03  5.102075e+02
17  -2.815519e+03  2.173796e+02
18  -1.166764e+03  -9.807482e+00
19  -1.504684e+03  -8.640839e+01
20  -7.650390e+02  -1.646413e+02
21  -5.618230e+01  -1.572470e+02
22  8.482970e+02  -1.635237e+02
23  2.167949e+02  -1.431662e+02
24  6.530714e+02  -1.278805e+02
25  7.978314e+02  -1.169757e+02
26  2.493833e+02  -8.232935e+01
27  4.517936e+01  -7.497106e+01
28  1.625406e+02  -8.302377e+01
29  -1.913917e+01  -1.308043e+02
30  -2.881187e+02  -1.488249e+02
31  -4.697528e+02  -1.285640e+02
32  -5.750168e+02  -9.096814e+01
33  -3.442066e+02  -1.010933e+02
34  -3.309639e+02  -7.382025e+01
35  -3.471764e+02  -5.573537e+01
36  -4.470773e+02  -5.209233e+01
37  -6.272851e+02  -5.175564e+01
38  -7.248348e+02  -1.602608e+01
39  -9.976288e+02  3.290401e+01
40  -1.142792e+03  5.015933e+01
41  -9.705032e+02  9.538716e+00
42  -1.394284e+03  -1.229922e+02
43  -3.897670e+02  -1.819571e+02
44  1.158698e+03  -2.640956e+02
45  3.760852e+03  -1.470453e+02
46  5.114769e+03  -3.209822e+01
47  4.514770e+03  -3.427734e+01
48  5.561341e+03  2.906498e+02
49  5.081181e+03  3.843849e+02
50  4.974582e+03  3.581891e+02
51  5.559958e+03  5.845109e+02
52  6.713315e+03  5.488883e+02
53  4.551063e+03  8.942349e+02
54  1.766322e+03  9.341413e+02
55  1.062344e+03  8.574621e+02
56  7.724070e+02  1.411185e+02
57  -7.247317e+02  2.696449e+02
58  -9.608049e+03  5.386494e+02
59  -2.807695e+04  1.997170e+02
60  -7.037787e+04  -1.140066e+03
61  -1.460407e+05  -1.797331e+03
62  -2.915773e+05  -1.570514e+03
63  -8.559336e+05  -2.138223e+03
ENDPROP
STARTPROP
MASSES:  4.200000e-03   4.200000e-03
SOURCE: GAM_32
SINKS: GAM_32
0  7.090375e+05  -1.510773e+03
1  -8.059503e+05  1.298350e+02
2  -2.198180e+05  6.269813e+02
3  -1.444464e+05  1.418946e+03
4  -1.001007e+05  5.918503e+02
5  -7.018756e+04  1.115316e+03
6  -3.424042e+04  1.978928e+03
7  -1.340127e+04  1.313217e+03
8  4.751348e+03  1.000485e+03
9  1.107621e+04  -8.469816e+01
10  7.583639e+03  7.780888e+01
11  -1.816009e+03  3.909155e+02
12  -6.706610e+03  2.007927e+02
13  -9.893236e+03  2.573051e+02
14  -1.070190e+04  4.276679e+02
15  -8.709744e+03  4.479266e+02
16  -8.097837e+03  5.102075e+02
17  -2.815519e+03  2.173796e+02
18  -1.166764e+03  -9.807482e+00
19  -1.504684e+03  -8.640839e+01
20  -7.650390e+02  -1.646413e+02
21  -5.618230e+01  -1.572470e+02
22  8.482970e+02  -1.635237e+02
23  2.167949e+02  -1.431662e+02
24  6.530714e+02  -1.278805e+02
25  7.978314e+02  -1.169757e+02
26  2.493833e+02  -8.232935e+01
27  4.517936e+01  -7.497106e+01
28  1.625406e+02  -8.302377e+01
29  -1.913917e+01  -1.308043e+02
30  -2.881187e+02  -1.488249e+02
31  -4.697528e+02  -1.285640e+02
32  -5.750168e+02  -9.096814e+01
33  -3.442066e+02  -1.010933e+02
34  -3.309639e+02  -7.382025e+01
35  -3.471764e+02  -5.573537e+01
36  -4.470773e+02  -5.209233e+01
37  -6.272851e+02  -5.175564e+01
38  -7.248348e+02  -1.602608e+01
39  -9.976288e+02  3.290401e+01
40  -1.142792e+03  5.015933e+01
41  -9.705032e+02  9.538716e+00
42  -1.394284e+03  -1.229922e+02
43  -3.897670e+02  -1.819571e+02
44  1.158698e+03  -2.640956e+02
45  3.760852e+03  -1.470453e+02
46  5.114769e+03  -3.209822e+01
47  4.514770e+03  -3.427734e+01
48  5.561341e+03  2.906498e+02
49  5.081181e+03  3.843849e+02
50  4.974582e+03  3.581891e+02
51  5.559958e+03  5.845109e+02
52  6.713315e+03  5.488883e+02
53  4.551063e+03  8.942349e+02
54  1.766322e+03  9.341413e+02
55  1.062344e+03  8.574621e+02
56  7.724070e+02  1.411185e+02
57  -7.247317e+02  2.696449e+02
58  -9.608049e+03  5.386494e+02
59  -2.807695e+04  1.997170e+02
60  -7.037787e+04  -1.140066e+03
61  -1.460407e+05  -1.797331e+03
62  -2.915773e+05  -1.570514e+03
63  -8.559336e+05  -2.138223e+03
ENDPROP
STARTPROP
MASSES:  4.200000e-03   4.200000e-03
SOURCE: GAM_24
SINKS: GAM_24
0  -3.956441e+04  1.452037e+02
1  1.287421e+06  -2.380596e+03
2  5.372420e+05  -5.440044e+02
3  3.277914e+05  4.098167e+02
4  1.858439e+05  5.237211e+02
5  8.767350e+04  6.760381e+01
6  5.824686e+04  2.360199e+02
7  4.053332e+04  9.702572e+02
8  2.188583e+04  1.799362e+03
9  1.320986e+04  1.781115e+03
10  1.527647e+04  1.397787e+03
11  1.829219e+04  1.280000e+03
12  1.274600e+04  9.089784e+02
13  1.246460e+04  5.397164e+02
14  9.196109e+03  4.065788e+02
15  1.024479e+04  2.137135e+02
16  6.514287e+03  1.790170e+02
17  3.022001e+03  1.957525e+02
18  1.716641e+03  1.972790e+02
19  1.513265e+03  1.559546e+02
20  1.235840e+03  1.094633e+02
21  1.629977e+03  2.667735e+01
22  1.756148e+03  3.091242e+01
23  1.066846e+03  8.179987e+00
24  1.159805e+03  3.656607e+01
25  1.098811e+03  3.556269e+01
26  4.546836e+02  4.866645e+01
27  4.506197e+02  -1.649041e+01
28  3.008448e+02  7.735054e+00
29  9.336384e+01  -1.339078e+01
30  7.125199e+01  8.351057e+00
31  -2.245732e+02  1.675011e+01
32  -9.650289e+01  2.782978e+01
33  1.781604e+02  2.361329e+01
34  7.106605e+01  2.347177e+01
35  -1.462850e+02  9.999351e+00
36  -2.334815e+02  1.550007e+00
37  -2.976450e+02  -2.511494e+01
38  -5.737820e+02  -7.452359e+01
39  -7.659830e+02  -8.098535e+01
40  -1.675558e+03  -7.738849e+01
41  -2.606739e+03  -9.204115e+01
42  -2.296672e+03  -1.460029e+02
43  -1.361278e+03  -1.934594e+02
44  -4.789603e+02  -2.748867e+02
45  1.048346e+03  -2.215137e+02
46  1.966984e+03  2.222329e+01
47  4.355638e+03  -1.347451e+01
48  5.671022e+03  2.489714e+02
49  6.313342e+03  3.705239e+02
50  7.589584e+03  6.414694e+02
51  9.692813e+03  6.741879e+02
52  6.186741e+03  3.970495e+02
53  1.208287e+04  5.716400e+02
54  1.936233e+04  1.077646e+03
55  3.351434e+04  1.658604e+03
56  5.166630e+04  2.903820e+03
57  6.328235e+04  1.931038e+03
58  8.395028e+04  2.947620e+03
59  1.052508e+05  2.888418e+03
60  1.966528e+05  2.954664e+03
61  3.222936e+05  1.864106e+03
62  5.941671e+05  1.385783e+03
63  1.364192e+06  8.468923e+02
ENDPROP
STARTPROP
MASSES:  4.200000e-03   4.200000e-03
SOURCE: GAM_42
SINKS: GAM_42
0  -3.956441e+04  1.452037e+02
1  1.287421e+06  -2.380596e+03
2  5.372420e+05  -5.440044e+02
3  3.277914e+05  4.098167e+02
4  1.858439e+05  5.237211e+02
5  8.767350e+04  6.760381e+01
6  5.824686e+04  2.360199e+02
7  4.053332e+04  9.702572e+02
8  2.188583e+04  1.799362e+03
9  1.320986e+04  1.781115e+03
10  1.527647e+04  1.397787e+03
11  1.829219e+04  1.280000e+03
12  1.274600e+04  9.089784e+02
13  1.246460e+04  5.397164e+02
14  9.196109e+03  4.065788e+02
15  1.024479e+04  2.137135e+02
16  6.514287e+03  1.790170e+02
17  3.022001e+03  1.957525e+02
18  1.716641e+03  1.972790e+02
19  1.513265e+03  1.559546e+02
20  1.235840e+03  1.094633e+02
21  1.629977e+03  2.667735e+01
22  1.756148e+03  3.091242e+01
23  1.066846e+03  8.179987e+00
24  1.159805e+03  3.656607e+01
25  1.098811e+03  3.556269e+01
26  4.546836e+02  4.866645e+01
27  4.506197e+02  -1.649041e+01
28  3.008448e+02  7.735054e+00
29  9.336384e+01  -1.339078e+01
30  7.125199e+01  8.351057e+00
31  -2.245732e+02  1.675011e+01
32  -9.650289e+01  2.782978e+01
33  1.781604e+02  2.361329e+01
34  7.106605e+01  2.347177e+01
35  -1.462850e+02  9.999351e+00
36  -2.334815e+02  1.550007e+00
37  -2.976450e+02  -2.511494e+01
38  -5.737820e+02  -7.452359e+01
39  -7.659830e+02  -8.098535e+01
40  -1.675558e+03  -7.738849e+01
41  -2.606739e+03  -9.204115e+01
42  -2.296672e+03  -1.460029e+02
43  -1.361278e+03  -1.934594e+02
44  -4.789603e+02  -2.748867e+02
45  1.048346e+03  -2.215137e+02
46  1.966984e+03  2.222329e+01
47  4.355638e+03  -1.347451e+01
48  5.671022e+03  2.489714e+02
49  6.313342e+03  3.705239e+02
50  7.589584e+03  6.414694e+02
51  9.692813e+03  6.741879e+02
52  6.186741e+03  3.970495e+02
53  1.208287e+04  5.716400e+02
54  1.936233e+04  1.077646e+03
55  3.351434e+04  1.658604e+03
56  5.166630e+04  2.903820e+03
57  6.328235e+04  1.931038e+03
58  8.395028e+04  2.947620e+03
59  1.052508e+05  2.888418e+03
60  1.966528e+05  2.954664e+03
61  3.222936e+05  1.864106e+03
62  5.941671e+05  1.385783e+03
63  1.364192e+06  8.468923e+02
ENDPROP
STARTPROP
MASSES:  4.200000e-03   4.200000e-03
SOURCE: GAM_34
SINKS: GAM_34
0  -1.588369e+04  -8.300720e+00
1  1.381901e+06  -1.263018e+03
2  6.210641e+05  -3.714635e+01
3  3.869794e+05  1.280970e+03
4  2.464909e+05  1.200815e+03
5  1.347715e+05  9.729200e+02
6  8.173619e+04  6.455772e+02
7  2.834057e+04  1.322571e+03
8  4.627509e+03  1.638687e+02
9  -1.250320e+04  -8.542041e+02
10  -1.048368e+04  -4.200056e+02
11  -1.061505e+04  1.247577e+02
12  -7.733856e+03  1.123705e+02
13  -5.867423e+03  6.523090e+02
14  -2.874580e+03  3.360943e+02
15  -8.924737e+02  -2.391744e+01
16  -3.898654e+02  -8.275060e+01
17  -1.632761e+03  3.901597e+01
18  -1.673332e+03  1.886778e+02
19  -5.070658e+02  8.840439e+01
20  9.575809e+01  -2.405956e+00
21  8.838678e+02  2.448472e+01
22  6.599281e+02  7.965498e+01
23  8.680191e+02  4.773521e+01
24  5.403922e+02  5.830530e+01
25  8.756189e+02  6.539570e+01
26  8.169406e+02  5.491986e+01
27  1.133590e+02  4.929430e+01
28  5.385574e+02  -9.697326e+00
29  7.733613e+02  -5.205268e+01
30  3.529324e+02  -3.071371e+01
31  4.104741e+02  -3.361471e+01
32  -1.197252e+02  -4.216854e+00
33  -2.355643e+02  1.563410e+01
34  -3.396943e+02  -1.772212e+01
35  -4.575347e+02  -3.334627e+01
36  -6.094894e+02  -6.114258e+01
37  -2.995940e+02  -5.668427e+01
38  -2.619461e+02  -8.067414e+01
39  3.618270e+02  -6.233376e+01
40  1.359651e+03  -1.190878e+02
41  4.826731e+02  -1.318470e+02
42  -1.280398e+03  -1.737703e+02
43  -1.218809e+03  -2.130011e+02
44  -3.134550e+03  -1.870240e+02
45  -3.406389e+03  -1.810876e+02
46  -4.229932e+03  -1.426379e+02
47  -6.005966e+03  -1.604650e+02
48  -6.791951e+03  -2.909800e+02
49  -7.979101e+03  -2.922610e+02
50  -1.014789e+04  -5.967592e+02
51  -1.252704e+04  -1.098575e+03
52  -1.416309e+04  -1.074576e+03
53  -1.094848e+04  -1.216226e+03
54  -3.051584e+03  -6.490638e+02
55  1.114296e+04  -1.928152e+02
56  3.437656e+04  7.266201e+02
57  6.381020e+04  9.779233e+02
58  9.009482e+04  2.356974e+03
59  1.369939e+05  2.940171e+03
60  2.072316e+05  2.121871e+03
61  3.499357e+05  1.865540e+03
62  6.301973e+05  1.853409e+03
63  1.382392e+06  5.276595e+02
ENDPROP
STARTPROP
MASSES:  4.200000e-03   4.200000e-03
SOURCE: GAM_43
SINKS: GAM_43
0  -1.588369e+04  -8.300720e+00
1  1.381901e+06  -1.263018e+03
2  6.210641e+05  -3.714635e+01
3  3.869794e+05  1.280970e+03
4  2.464909e+05  1.200815e+03
5  1.347715e+05  9.729200e+02
6  8.173619e+04  6.455772e+02
7  2.834057e+04  1.322571e+03
8  4.627509e+03  1.638687e+02
9  -1.250320e+04  -8.542041e+02
10  -1.048368e+04  -4.200056e+02
11  -1.061505e+04  1.247577e+02
12  -7.733856e+03  1.123705e+02
13  -5.867423e+03  6.523090e+02
14  -2.874580e+03  3.360943e+02
15  -8.924737e+02  -2.391744e+01
16  -3.898654e+02  -8.275060e+01
17  -1.632761e+03  3.901597e+01
18  -1.673332e+03  1.886778e+02
19  -5.070658e+02  8.840439e+01
20  9.575809e+01  -2.405956e+00
21  8.838678e+02  2.448472e+01
22  6.599281e+02  7.965498e+01
23  8.680191e+02  4.773521e+01
24  5.403922e+02  5.830530e+01
25  8.756189e+02  6.539570e+01
26  8.169406e+02  5.491986e+01
27  1.133590e+02  4.929430e+01
28  5.385574e+02  -9.697326e+00
29  7.733613e+02  -5.205268e+01
30  3.529324e+02  -3.071371e+01
31  4.104741e+02  -3.361471e+01
32  -1.197252e+02  -4.216854e+00
33  -2.355643e+02  1.563410e+01
34  -3.396943e+02  -1.772212e+01
35  -4.575347e+02  -3.334627e+01
36  -6.094894e+02  -6.114258e+01
37  -2.995940e+02  -5.668427e+01
38  -2.619461e+02  -8.067414e+01
39  3.618270e+02  -6.233376e+01
40  1.359651e+03  -1.190878e+02
41  4.826731e+02  -1.318470e+02
42  -1.280398e+03  -1.737703e+02
43  -1.218809e+03  -2.130011e+02
44  -3.134550e+03  -1.870240e+02
45  -3.406389e+03  -1.810876e+02
46  -4.229932e+03  -1.426379e+02
47  -6.005966e+03  -1.604650e+02
48  -6.791951e+03  -2.909800e+02
49  -7.979101e+03  -2.922610e+02
50  -1.014789e+04  -5.967592e+02
51  -1.252704e+04  -1.098575e+03
52  -1.416309e+04  -1.074576e+03
53  -1.094848e+04  -1.216226e+03
54  -3.051584e+03  -6.490638e+02
55  1.114296e+04  -1.928152e+02
56  3.437656e+04  7.266201e+02
57  6.381020e+04  9.779233e+02
58  9.009482e+04  2.356974e+03
59  1.369939e+05  2.940171e+03
60  2.072316e+05  2.121871e+03
61  3.499357e+05  1.865540e+03
62  6.301973e+05  1.853409e+03
63  1.382392e+06  5.276595e+02
ENDPROP
STARTPROP
MASSES:  4.200000e-03   4.200000e-03
SOURCE: GAM_15
SINKS: GAM_15
0  -1.631160e+05  1.150176e+03
1  -1.078448e+06  3.915180e+03
2  -2.981462e+05  3.464680e+03
3  -1.072345e+05  2.049338e+03
4  -2.172258e+04  2.412094e+02
5  2.458261e+03  -4.128972e+02
6  1.415243e+04  -1.017361e+03
7  9.185621e+03  -1.799938e+03
8  -1.433865e+04  -2.328208e+03
9  -2.211911e+04  -1.848013e+03
10  -1.624128e+04  -1.857515e+03
11  -9.333773e+03  -1.765867e+03
12  -3.782349e+03  -1.165825e+03
13  -9.896629e+03  -4.362877e+02
14  -1.175798e+04  -3.823318e+02
15  -1.024125e+04  -4.191130e+02
16  -7.201170e+03  -2.990526e+02
17  -4.918972e+03  -2.303170e+02
18  -1.082352e+03  -2.580306e+02
19  1.825986e+02  -1.910589e+02
20  6.950943e+02  -8.937056e+01
21  1.527294e+03  -7.984842e+01
22  2.029084e+03  -4.656475e+01
23  1.278582e+03  -6.181548e+00
24  9.732866e+01  -6.849781e+01
25  2.688859e+02  -1.171750e+02
26  9.936303e+02  -9.620766e+01
27  1.078758e+03  -6.281785e+01
28  7.732303e+02  -6.635640e+01
29  5.969799e+02  -6.020795e+01
30  7.783983e+02  -7.680849e+01
31  1.011769e+03  -8.996224e+01
32  7.813012e+02  -6.331294e+01
33  3.757958e+02  -3.822278e+01
34  2.811419e+02  -5.265974e+01
35  2.347720e+02  -8.175671e+01
36  -2.247446e+02  -8.244247e+01
37  -3.563006e+02  -9.094929e+01
38  -2.825852e+02  -1.623049e+02
39  -5.843012e+02  -1.961955e+02
40  -7.695899e+02  -1.655458e+02
41  2.300511e+01  -7.681493e+01
42  9.014366e+02  -9.099011e+01
43  2.429159e+03  -1.438520e+02
44  3.756392e+03  -1.630343e+02
45  3.674553e+03  -1.833359e+02
46  6.864078e+02  -1.311207e+02
47  -1.677200e+03  -1.798712e+02
48  -2.710053e+03  -3.238878e+02
49  -4.383308e+03  2.053809e+02
50  -1.044923e+04  6.381719e+02
51  -1.456044e+04  9.681640e+02
52  -1.971214e+04  1.117934e+03
53  -2.916572e+04  1.773152e+03
54  -3.008594e+04  1.456085e+03
55  -3.002283e+04  1.692550e+03
56  -2.563167e+04  2.187845e+03
57  -3.044361e+04  2.033896e+03
58  -3.573595e+04  1.927927e+03
59  -4.973189e+04  2.525547e+03
60  -7.455812e+04  3.600583e+03
61  -1.510584e+05  2.279455e+03
62  -3.608450e+05  1.090890e+03
63  -1.145287e+06  7.312457e+02
ENDPROP
STARTPROP
MASSES:  4.200000e-03   4.200000e-03
SOURCE: GAM_25
SINKS: GAM_25
0  -2.940650e+05  7.046182e+03
1  -1.284886e+06  8.629544e+03
2  -5.106704e+05  5.518033e+03
3  -2.786719e+05  5.594155e+03
4  -1.541629e+05  5.884221e+03
5  -7.115619e+04  5.759377e+03
6  -4.638740e+04  4.448225e+03
7  -2.406182e+04  2.737277e+03
8  -1.634885e+04  1.289924e+03
9  -1.196697e+04  9.973585e+02
10  -7.959103e+03  1.093505e+03
11  -8.878567e+03  5.099541e+02
12  -1.241450e+04  -8.346322e+01
13  -1.656857e+04  -2.660809e+02
14  -1.157202e+04  -5.738505e+01
15  -7.016110e+03  6.154700e+01
16  -4.505373e+03  3.406249e+01
17  -3.034067e+03  -9.797950e+01
18  -1.926359e+03  5.181700e+00
19  -8.453457e+02  1.321505e+02
20  -1.656015e+02  1.676713e+02
21  3.716535e+01  1.988356e+02
22  -7.357694e+01  2.020554e+02
23  -2.659463e+02  2.477781e+02
24  4.632429e+02  2.632784e+02
25  8.460794e+02  1.722288e+02
26  6.618049e+02  1.431636e+02
27  4.775114e+02  1.643928e+02
28  8.886043e+02  1.123788e+02
29  7.677901e+02  4.022358e+01
30  2.716209e+02  -1.144423e+00
31  -2.898152e+00  -2.486964e+01
32  -4.347818e+02  -3.862637e+00
33  -4.918942e+02  -1.174748e+01
34  -4.518600e+02  -1.721797e+00
35  -8.831120e+01  -4.588202e+00
36  -2.446051e+02  -4.390660e+00
37  -3.024431e+02  -2.434981e+01
38  2.170372e+02  -7.785155e+00
39  7.929270e+02  1.595975e+01
40  1.370322e+03  -1.628512e+01
41  2.492634e+03  -5.864465e+01
42  2.741484e+03  -8.083668e+01
43  2.157491e+03  2.598742e+01
44  1.819461e+03  5.450877e+01
45  4.371546e+02  -5.999402e+00
46  1.042274e+03  3.537298e+01
47  3.431030e+03  2.641818e+01
48  5.380897e+03  1.328789e+02
49  8.734566e+03  5.770295e+01
50  1.139320e+04  -4.411534e+01
51  1.153328e+04  -7.554728e+01
52  1.081834e+04  -1.038950e+02
53  3.602420e+03  -1.728202e+02
54  -9.685752e+03  -1.056385e+02
55  -2.834977e+04  3.696706e+01
56  -4.550996e+04  -5.434228e+02
57  -5.602930e+04  -1.019882e+03
58  -4.639516e+04  -1.074082e+03
59  -6.051264e+04  -1.454052e+03
60  -9.781585e+04  -1.999716e+03
61  -1.993347e+05  -1.598281e+03
62  -4.570887e+05  -1.321558e+03
63  -1.244452e+06  1.519625e+03
ENDPROP
STARTPROP
MASSES:  4.200000e-03   4.200000e-03
SOURCE: GAM_35
SINKS: GAM_35
0  -3.264692e+05  -4.320352e+03
1  -1.244024e+06  -1.133638e+03
2  -4.118132e+05  -6.098980e+02
3  -1.657631e+05  -1.235458e+03
4  -7.310055e+04  -8.400276e+02
5  -3.856142e+04  1.698196e+02
6  -2.889771e+04  7.882219e+02
7  -5.453575e+04  1.557537e+02
8  -6.191643e+04  -5.209792e+02
9  -4.494771e+04  -1.330077e+02
10  -3.247590e+04  4.915396e+02
11  -2.693371e+04  3.755175e+02
12  -2.282522e+04  4.116880e+02
13  -1.608215e+04  4.217953e+02
14  -1.307881e+04  5.609066e+02
15  -9.873934e+03  6.060110e+02
16  -6.716907e+03  5.965548e+02
17  -6.679311e+03  6.695428e+02
18  -4.676764e+03  5.226821e+02
19  -3.110422e+03  3.510649e+02
20  -1.928560e+03  2.241843e+02
21  -1.141543e+03  1.873239e+02
22  -5.603786e+02  1.255587e+02
23  -2.917035e+02  5.899661e+01
24  -1.968373e+01  4.940761e+01
25  -2.812576e+02  9.643900e+01
26  -1.913158e+02  7.931325e+01
27  1.469387e+02  4.281841e+01
28  -1.964753e+01  3.063558e+01
29  3.197515e+01  7.477618e+01
30  -6.270245e+01  6.998451e+01
31  -3.700212e+02  5.396843e+01
32  -4.541494e+02  6.716274e+01
33  -1.642812e+02  6.182477e+01
34  -1.253001e+02  5.755973e+01
35  -5.072173e+02  8.352090e+01
36  -4.174688e+02  8.509482e+01
37  -3.386575e+02  6.929671e+01
38  -2.923473e+02  6.084306e+01
39  -7.818216e+01  1.194714e+02
40  3.695271e+02  1.558620e+02
41  2.999159e+02  9.606393e+01
42  7.352178e+02  5.676440e+01
43  6.847923e+02  6.296109e+01
44  3.827908e+02  2.189448e+02
45  -1.436835e+03  2.486555e+02
46  -2.957577e+03  3.824129e+02
47  -3.631738e+03  4.057965e+02
48  -4.275757e+03  2.257689e+02
49  -4.453842e+03  2.696135e+02
50  -7.240312e+03  3.685180e+02
51  -6.542112e+03  9.731648e+01
52  -5.834250e+03  -1.557449e+02
53  1.998771e+03  -7.295321e+02
54  3.693713e+03  -8.442678e+02
55  3.380647e+03  -3.931437e+02
56  -2.823003e+02  -7.123251e+02
57  -2.005608e+04  -7.626429e+02
58  -4.960125e+04  -1.320023e+03
59  -8.710113e+04  -2.470917e+03
60  -1.414262e+05  -2.180653e+03
61  -2.580880e+05  -4.907066e+03
62  -4.935253e+05  -6.656282e+03
63  -1.271988e+06  -8.814718e+03
ENDPROP
STARTPROP
MASSES:  4.200000e-03   4.200000e-03
SOURCE: GAM_45
SINKS: GAM_45
0  -1.769263e+06  -9.604769e+02
1  6.500053e+05  -4.079065e+03
2  3.095192e+05  -4.565476e+03
3  2.702766e+05  -2.936799e+03
4  2.337587e+05  -3.597499e+03
5  2.038274e+05  -2.045336e+03
6  1.751322e+05  -2.093869e+03
7  1.425207e+05  -1.637290e+03
8  1.195868e+05  -1.539299e+03
9  1.074553e+05  -1.915356e+03
10  8.914432e+04  -1.704255e+03
11  7.100397e+04  -1.471191e+03
12  6.156702e+04  -1.430053e+03
13  5.337018e+04  -1.589829e+03
14  4.342975e+04  -1.285501e+03
15  3.537718e+04  -1.010684e+03
16  2.965408e+04  -7.466852e+02
17  2.452109e+04  -6.523227e+02
18  1.828711e+04  -5.570647e+02
19  1.499261e+04  -4.078327e+02
20  1.235854e+04  -2.976285e+02
21  1.026385e+04  -2.116145e+02
22  8.357517e+03  -2.060001e+02
23  7.253276e+03  -1.569251e+02
24  6.007117e+03  -1.590773e+02
25  4.802005e+03  -1.329032e+02
26  4.017756e+03  -1.264709e+02
27  3.557777e+03  -1.197573e+02
28  3.035367e+03  -9.870751e+01
29  2.645650e+03  -7.171535e+01
30  2.484430e+03  -7.273903e+01
31  2.330979e+03  -6.858230e+01
32  2.124820e+03  -5.057118e+01
33  2.149710e+03  -2.989628e+01
34  2.407359e+03  -1.629205e+01
35  2.441353e+03  2.259672e+01
36  2.646466e+03  5.409545e+01
37  3.078969e+03  8.016837e+01
38  3.473710e+03  1.183237e+02
39  4.413044e+03  1.406723e+02
40  5.430910e+03  1.446942e+02
41  6.355602e+03  1.760934e+02
42  7.469592e+03  1.480671e+02
43  9.371768e+03  1.341363e+02
44  1.121792e+04  1.423432e+02
45  1.393062e+04  5.806259e+01
46  1.568892e+04  2.476434e+01
47  1.923786e+04  -1.694475e+02
48  2.261070e+04  -3.497333e+02
49  2.639164e+04  -1.739597e+02
50  3.306770e+04  -6.728847e+01
51  4.043517e+04  1.615582e+02
52  4.574370e+04  3.485075e+02
53  5.250117e+04  6.852623e+02
54  6.363494e+04  6.530260e+02
55  7.425872e+04  8.958652e+02
56  9.503145e+04  7.498443e+02
57  1.121366e+05  1.234504e+03
58  1.322946e+05  1.593132e+03
59  1.700485e+05  1.918909e+03
60  1.984958e+05  2.288159e+03
61  2.434482e+05  2.199006e+03
62  2.800018e+05  1.108523e+03
63  6.390548e+05  4.689277e+02
ENDPROP
STARTPROP
MASSES:  4.200000e-03   4.200000e-03
SOURCE: PSAX4
SINKS: GAM_4
0  3.779564e+04  1.605207e+03
1  1.732351e+06  4.038967e+03
2  1.261376e+06  2.554540e+03
3  1.040517e+06  4.341557e+03
4  8.911870e+05  3.696453e+03
5  7.615806e+05  3.428398e+03
6  6.401551e+05  2.437230e+03
7  5.258883e+05  2.408471e+03
8  4.306864e+05  9.920074e+02
9  3.702068e+05  -4.115794e+02
10  3.065527e+05  -5.993810e+02
11  2.479334e+05  -9.534827e+02
12  2.112208e+05  -8.113933e+02
13  1.765877e+05  -1.017382e+03
14  1.451822e+05  -9.440052e+02
15  1.183610e+05  -6.770769e+02
16  9.910511e+04  -3.771699e+02
17  8.097264e+04  -3.073340e+02
18  6.483895e+04  -3.034224e+02
19  5.247179e+04  -1.567453e+02
20  4.313521e+04  -1.361256e+02
21  3.627035e+04  -1.615178e+02
22  3.062225e+04  -1.740819e+02
23  2.562762e+04  -1.726320e+02
24  2.118949e+04  -2.022523e+02
25  1.738791e+04  -1.951031e+02
26  1.448441e+04  -2.076654e+02
27  1.158454e+04  -1.938303e+02
28  9.088824e+03  -1.610780e+02
29  6.438387e+03  -1.462118e+02
30  4.229806e+03  -1.624477e+02
31  2.099796e+03  -1.557348e+02
32  2.294218e+01  -1.575420e+02
33  -1.898152e+03  -1.592195e+02
34  -3.794549e+03  -1.552180e+02
35  -5.625114e+03  -1.738257e+02
36  -8.008761e+03  -1.885404e+02
37  -1.066193e+04  -1.984129e+02
38  -1.370736e+04  -2.501068e+02
39  -1.752204e+04  -2.961058e+02
40  -2.171981e+04  -3.329839e+02
41  -2.736483e+04  -3.244643e+02
42  -3.286871e+04  -3.987921e+02
43  -4.115869e+04  -3.789253e+02
44  -5.041951e+04  -3.805848e+02
45  -6.175979e+04  -3.071889e+02
46  -7.193740e+04  -2.412452e+02
47  -8.712401e+04  -1.795993e+02
48  -1.041075e+05  -6.781685e+01
49  -1.252348e+05  -3.120591e+02
50  -1.519329e+05  -4.550539e+02
51  -1.848187e+05  -8.631140e+02
52  -2.179688e+05  -5.226342e+02
53  -2.559235e+05  -7.483731e+02
54  -3.046277e+05  -7.521135e+02
55  -3.630732e+05  -1.142454e+03
56  -4.445835e+05  -1.475172e+03
57  -5.177050e+05  -1.586727e+03
58  -6.206772e+05  -2.222497e+03
59  -7.565153e+05  -2.516609e+03
60  -8.842294e+05  -1.664955e+03
61  -1.052521e+06  -1.851100e+03
62  -1.253690e+06  -1.246532e+02
63  -1.668271e+06  2.117831e+03
ENDPROP
STARTPROP
MASSES:  4.200000e-03   4.200000e-03
SOURCE: WWPSAX4
SINKS: GAM_4
0  5.455437e+08  -3.236206e+07
1  3.308808e+09  -2.094274e+07
2  1.211369e+09  -7.210154e+06
3  8.692521e+08  3.268033e+06
4  6.320986e+08  -8.231818e+05
5  2.866844e+08  -1.364318e+07
6  6.871254e+08  -9.768309e+06
7  4.316171e+08  -8.785444e+06
8  3.190229e+08  7.445831e+06
9  3.395252e+08  -5.936836e+06
10  2.082269e+08  1.160899e+07
11  2.413968e+08  2.433656e+06
12  1.695535e+08  -3.572928e+06
13  1.531033e+08  -2.546045e+05
14  1.101610e+08  7.113661e+05
15  5.968341e+07  -3.104093e+06
16  7.115774e+07  -9.875885e+05
17  1.010185e+08  5.684490e+03
18  1.633253e+07  -3.967255e+05
19  3.401159e+07  4.552667e+05
20  2.102668e+07  4.276011e+05
21  1.157067e+07  6.576282e+05
22  1.090934e+07  2.299746e+05
23  2.233573e+07  -1.204299e+06
24  1.908993e+07  -1.649328e+05
25  5.190797e+06  -7.214076e+05
26  1.061089e+07  -1.949884e+05
27  1.863670e+06  -5.303151e+04
28  6.545900e+06  -3.883123e+05
29  4.211698e+06  -5.587323e+05
30  1.224444e+06  -4.240548e+03
31  -3.475940e+06  -2.836605e+05
32  -5.767270e+06  -1.846036e+05
33  -4.446924e+05  1.185653e+05
34  -2.416732e+06  -1.223198e+05
35  -2.019679e+06  -3.746572e+05
36  -5.834376e+06  -5.363072e+05
37  -7.753130e+06  -1.547156e+05
38  -1.846291e+07  -1.921029e+05
39  -1.728883e+07  -1.434775e+05
40  -1.064979e+07  -8.868014e+05
41  -2.446667e+07  -9.503251e+05
42  -2.019189e+07  -1.550499e+06
43  -3.511007e+07  1.381013e+06
44  -3.669780e+07  1.842028e+06
45  -8.763139e+07  5.205323e+05
46  -5.395283e+07  -4.850053e+05
47  -4.472362e+07  -2.209199e+06
48  -1.078022e+08  -5.350241e+04
49  -1.234651e+08  2.881384e+05
50  -1.665406e+08  -3.842887e+06
51  -1.151815e+08  -5.186145e+06
52  -1.710427e+08  -5.084794e+06
53  -1.251387e+08  6.848190e+06
54  -1.228351e+08  -3.290084e+06
55  -1.995426e+08  -5.915716e+06
56  -3.881837e+08  5.491572e+06
57  -3.446605e+08  -7.436394e+05
58  -6.359187e+08  -1.542804e+07
59  -6.526861e+08  -2.112286e+06
60  -6.798500e+08  -8.621204e+06
61  -5.956106e+08  3.709409e+06
62  -1.410308e+09  -1.062207e+07
63  -2.124224e+09  -2.090691e+07
ENDPROP
STARTPROP
MASSES:  4.200000e-03   4.200000e-03
SOURCE: WWGAM_5
SINKS: GAM_5
0  1.618977e+10  6.889227e+01
1  6.367456e+09  8.930675e+06
2  3.557083e+09  1.499818e+07
3  3.087291e+09  2.752790e+05
4  2.515876e+09  -3.400134e+05
5  2.010982e+09  -8.661477e+06
6  2.068763e+09  9.879512e+06
7  1.285897e+09  5.073052e+05
8  1.197644e+09  1.132546e+07
9  1.140460e+09  -6.435370e+06
10  9.015054e+08  3.173150e+06
11  6.240292e+08  9.227680e+04
12  5.835165e+08  -1.779045e+06
13  5.298202e+08  -2.900418e+06
14  3.806966e+08  -6.939711e+05
15  3.162156e+08  -2.311514e+06
16  2.277150e+08  -3.151134e+06
17  2.559944e+08  -2.121788e+06
18  1.568860e+08  1.265096e+06
19  1.771150e+08  -1.006895e+05
20  8.747205e+07  5.408414e+05
21  9.259185e+07  -3.583098e+05
22  7.493426e+07  -6.692525e+05
23  7.136813e+07  -2.963800e+05
24  5.116545e+07  -5.264242e+05
25  4.778256e+07  -4.741770e+04
26  4.576720e+07  -5.157978e+05
27  3.846860e+07  3.866149e+05
28  3.378665e+07  -3.101547e+05
29  3.682663e+07  -1.239319e+04
30  3.571153e+07  9.052290e+04
31  3.343027e+07  -2.870378e+05
32  2.524644e+07  6.614718e+04
33  3.218799e+07  -4.756251e+05
34  3.189774e+07  -2.547621e+05
35  3.846029e+07  6.934314e+05
36  3.362380e+07  3.468183e+05
37  3.998733e+07  2.273489e+05
38  5.591945e+07  1.402131e+06
39  5.392460e+07  3.546429e+05
40  7.446464e+07  1.615596e+06
41  9.323530e+07  1.592759e+06
42  1.165418e+08  2.373406e+06
43  1.188690e+08  -7.073476e+05
44  1.544448e+08  3.198613e+05
45  1.839272e+08  9.269581e+05
46  1.727369e+08  1.038022e+06
47  2.214454e+08  2.580148e+06
48  2.880783e+08  1.962887e+06
49  3.310486e+08  -2.378442e+06
50  4.395227e+08  7.376096e+06
51  4.673966e+08  4.618301e+06
52  5.162049e+08  3.407049e+05
53  5.881355e+08  1.042885e+06
54  7.110617e+08  4.111978e+06
55  9.892931e+08  1.066515e+07
56  1.207384e+09  9.911751e+06
57  1.419688e+09  1.254832e+07
58  1.913425e+09  1.355383e+07
59  1.801679e+09  1.777542e+07
60  2.118986e+09  3.062201e+06
61  3.122151e+09  6.889066e+06
62  3.981702e+09  1.325235e+07
63  5.284812e+09  -1.780685e+06
ENDPROP
