STARTPROP
MASSES:  4.200000e-03   4.500000e-02
SOURCE: GAM_1
SINKS: GAM_1
0  1.190031e+06  -1.066857e+04
1  1.931666e+06  -5.864189e+02
2  9.128079e+05  3.674095e+03
3  4.829766e+05  1.593191e+03
4  2.486218e+05  -2.169447e+03
5  1.276925e+05  -4.423868e+03
6  6.322891e+04  -4.392048e+03
7  3.209563e+04  -2.224289e+03
8  1.526132e+04  -1.334967e+03
9  7.549171e+03  -6.325195e+01
10  3.561155e+03  6.709875e+02
11  1.923545e+03  9.238418e+02
12  9.797700e+02  7.213799e+02
13  4.406929e+02  4.122383e+02
14  9.883667e+01  2.860535e+02
15  1.445940e+00  8.179404e+01
16  9.614031e+01  -6.863884e+01
17  2.077770e+02  -1.022004e+02
18  1.988986e+02  -1.636944e+01
19  1.007960e+02  1.298050e+01
20  6.335789e+01  1.945057e+01
21  7.239298e+01  1.815602e+01
22  6.859297e+01  2.229818e+01
23  4.428329e+01  1.844675e+01
24  2.486604e+01  8.351675e+00
25  1.919979e+01  2.652263e+00
26  8.888708e+00  -4.659445e+00
27  4.490282e+00  -4.974806e+00
28  2.580521e+00  -3.468394e+00
29  1.289330e+00  -1.149959e+00
30  1.795741e+00  -6.592630e-01
31  2.558990e+00  2.281557e-01
32  2.915903e+00  -1.058737e-01
33  4.316730e+00  2.867377e-01
34  5.127120e+00  3.147222e-01
35  5.964028e+00  -1.221013e+00
36  7.000781e+00  -4.668791e+00
37  7.948266e+00  -6.716673e+00
38  1.143091e+01  -6.918685e+00
39  1.752231e+01  -5.381300e+00
40  2.543944e+01  -7.219090e+00
41  1.622101e+01  -1.150063e+01
42  1.906813e+00  -1.964458e+01
43  -1.697382e+01  -3.792543e+01
44  -2.072789e+01  -3.698891e+01
45  -3.100650e+01  -1.825592e+01
46  -2.865028e+01  -1.630664e-02
47  -1.861160e+01  -9.138402e+00
48  1.719353e+01  -4.357952e+01
49  2.178914e+02  -2.367926e+02
50  7.867335e+02  -2.196879e+02
51  1.003704e+03  -1.357258e+01
52  1.877242e+03  8.347031e+01
53  3.498644e+03  5.405844e+01
54  6.179402e+03  9.654046e+02
55  9.701735e+03  2.523369e+03
56  1.683814e+04  3.028256e+03
57  3.031004e+04  3.970736e+03
58  5.434636e+04  4.662779e+03
59  1.065300e+05  7.693291e+03
60  2.096859e+05  1.009636e+04
61  4.295771e+05  8.754513e+03
62  8.489109e+05  7.865711e+03
63  1.896002e+06  -3.842022e+02
ENDPROP
STARTPROP
MASSES:  4.200000e-03   4.500000e-02
SOURCE: GAM_2
SINKS: GAM_2
0  1.278586e+06  -1.932987e+04
1  1.993041e+06  -6.920254e+03
2  9.483476e+05  1.047150e+04
3  5.055283e+05  2.029320e+04
4  2.736227e+05  1.962477e+04
5  1.533848e+05  1.495384e+04
6  8.610601e+04  1.004271e+04
7  4.598346e+04  8.811514e+03
8  2.271125e+04  4.703394e+03
9  1.227591e+04  3.180550e+03
10  6.153737e+03  1.843365e+03
11  2.328588e+03  8.149240e+02
12  3.266406e+02  2.639477e+02
13  1.174106e+02  1.346458e+02
14  -3.106102e+01  -3.101324e+00
15  -2.081923e+02  3.317122e+01
16  -5.074480e+01  -4.139402e+01
17  5.083856e+01  -1.404058e+02
18  3.957507e+01  -8.309103e+01
19  2.920713e+01  -5.206180e+01
20  1.628763e+01  -1.500363e+01
21  5.830997e+00  1.133162e+01
22  -4.336256e+00  2.785057e+01
23  3.545849e+00  2.735957e+01
24  -4.213928e+00  2.181336e+01
25  -1.473865e+00  1.189755e+01
26  -1.555227e+00  3.999263e-01
27  -2.416617e+00  -4.056938e+00
28  -1.471596e+00  -5.517370e+00
29  -4.761066e-01  -5.842360e+00
30  -2.080594e-01  -4.198893e+00
31  -2.268188e-01  -2.170091e+00
32  -3.946617e-01  -3.971007e-01
33  -8.433884e-01  -3.669059e-01
34  -2.619701e+00  -1.860850e-01
35  -6.505436e+00  1.915472e+00
36  -8.383499e+00  3.433506e+00
37  -7.000006e+00  5.467200e+00
38  -4.452877e+00  6.842832e+00
39  -5.876603e+00  7.030616e+00
40  -9.069195e+00  1.182623e+01
41  -1.207292e+01  2.259650e+01
42  -1.155093e+01  2.706525e+01
43  -3.238366e+01  2.706523e+01
44  -4.370300e+01  3.400052e+01
45  -3.767711e+01  3.331216e+00
46  3.438076e+00  -6.453471e+01
47  3.899845e+01  -1.461608e+02
48  5.075449e+01  -1.305438e+02
49  1.101686e+02  -1.080376e+02
50  3.238112e+01  -1.562708e+01
51  -6.285946e+01  -2.545020e+02
52  3.120222e+02  -5.745144e+02
53  3.023638e+02  -7.478878e+02
54  -4.307758e+02  -6.110695e+02
55  -6.324323e+01  4.375143e+02
56  4.726057e+03  2.046289e+03
57  1.448031e+04  3.260126e+03
58  3.698189e+04  2.570420e+03
59  9.060149e+04  1.277946e+03
60  2.111610e+05  4.997058e+03
61  4.332783e+05  6.999773e+03
62  8.795510e+05  1.215908e+04
63  1.948689e+06  -1.069260e+04
ENDPROP
STARTPROP
MASSES:  4.200000e-03   4.500000e-02
SOURCE: GAM_3
SINKS: GAM_3
0  1.205180e+06  4.406225e+03
1  1.913429e+06  1.350194e+04
2  8.807959e+05  1.794498e+04
3  4.644400e+05  1.286285e+04
4  2.496994e+05  6.991300e+03
5  1.326623e+05  6.082055e+03
6  7.008023e+04  3.190948e+03
7  3.944355e+04  3.366357e+03
8  2.320805e+04  4.130195e+03
9  1.386789e+04  3.620755e+03
10  8.568990e+03  3.102312e+03
11  4.844314e+03  1.877909e+03
12  2.798676e+03  8.238825e+02
13  1.231535e+03  4.754136e+02
14  4.434021e+02  6.070344e+01
15  2.451610e+02  -2.974952e+02
16  5.204563e+01  -3.215277e+02
17  -4.783935e+01  -1.784469e+02
18  -1.157667e+01  -1.005764e+02
19  1.312742e+00  -7.138011e+01
20  2.737748e+01  -4.016459e+01
21  1.138766e+01  -2.289206e+01
22  6.007788e+00  -4.791435e+00
23  1.657836e+01  4.660865e+00
24  9.540599e+00  1.494382e+00
25  4.592408e+00  5.958069e+00
26  -3.562710e+00  4.804474e+00
27  -7.718159e+00  1.064922e+00
28  -4.347499e+00  1.500663e+00
29  -7.439528e-01  2.570663e+00
30  9.974622e-01  2.315508e+00
31  7.845254e-01  2.180600e+00
32  4.344689e-02  2.322782e+00
33  1.262887e-01  1.454447e+00
34  -5.395644e-01  7.069390e-01
35  -4.288347e-01  2.092869e+00
36  1.421924e+00  1.707726e+00
37  2.789905e+00  1.130078e+00
38  3.609926e+00  -1.501483e-01
39  1.319241e+01  -2.320773e+00
40  1.684024e+01  8.153404e-01
41  1.290088e+01  5.710785e+00
42  4.699312e+00  8.465812e+00
43  -3.251119e+01  -4.554998e+00
44  -7.799718e+01  -1.736138e+01
45  -1.322951e+02  -5.186442e+01
46  -1.803029e+02  -1.252624e+02
47  -1.762681e+02  -2.064505e+02
48  -4.606369e+01  -3.687112e+02
49  2.810263e+02  -5.565636e+02
50  6.878668e+02  -8.629274e+02
51  8.312956e+02  -1.091632e+03
52  8.724990e+02  -1.293066e+03
53  1.063430e+03  -1.751242e+03
54  2.599043e+03  -2.994678e+03
55  7.421759e+03  -2.574710e+03
56  1.542626e+04  -2.026732e+03
57  3.081564e+04  -1.898760e+03
58  6.037225e+04  -6.713924e+02
59  1.159116e+05  9.331950e+02
60  2.075000e+05  -1.544954e+03
61  4.143579e+05  -5.347258e+03
62  8.434910e+05  8.821920e+02
63  1.908684e+06  3.768634e+03
ENDPROP
STARTPROP
MASSES:  4.200000e-03   4.500000e-02
SOURCE: GAM_4
SINKS: GAM_4
0  2.105326e+06  -4.731533e+03
1  -2.948105e+05  -8.269357e+03
2  -1.701116e+04  -8.845976e+03
3  -9.328233e+03  -1.009855e+04
4  -6.535326e+03  -1.166369e+04
5  -5.074854e+03  -7.581026e+03
6  -2.232734e+03  -4.739054e+03
7  -2.124535e+02  -3.615040e+03
8  -5.278326e+02  -2.392505e+03
9  -2.499385e+02  -1.932580e+03
10  -9.825009e+01  -1.130255e+03
11  -1.503974e+02  -7.381480e+02
12  -4.483740e+01  -3.205582e+02
13  -1.896820e+02  2.488138e+01
14  -5.772316e+01  1.668344e+02
15  -2.602434e+01  1.914996e+02
16  -4.185664e+01  1.977964e+02
17  -4.452047e+01  1.599124e+02
18  -2.071666e+01  1.355236e+02
19  -2.604864e+01  9.521603e+01
20  -4.073778e+00  7.596423e+01
21  -3.766263e+00  5.660431e+01
22  -2.981543e+00  4.500058e+01
23  3.207293e+00  3.650377e+01
24  -1.806979e+00  2.237074e+01
25  -1.990275e+00  1.460306e+01
26  -1.525209e+00  7.452364e+00
27  -1.275820e+00  3.952995e+00
28  -1.210630e+00  3.517903e+00
29  -7.913584e-01  2.052425e+00
30  -9.232446e-01  1.531264e+00
31  -1.396595e-01  1.010231e+00
32  -1.103183e-01  9.601457e-01
33  5.619019e-01  1.005728e+00
34  1.526471e-01  9.599497e-01
35  1.806519e-01  6.265356e-01
36  -2.302863e-01  9.159956e-01
37  -3.543562e-01  7.064692e-01
38  1.742407e-01  1.990626e+00
39  -3.206068e-02  2.367424e+00
40  -1.495092e+00  3.607170e+00
41  -2.076861e+00  3.785824e+00
42  -2.700581e+00  -2.168377e+00
43  4.417892e+00  -7.362371e+00
44  1.039797e+01  -1.108305e+01
45  2.231932e+01  -1.878643e+01
46  3.780908e+01  -2.624596e+01
47  5.872677e+01  -3.094215e+01
48  1.011175e+02  -6.372299e+00
49  9.425605e+01  -1.605228e+00
50  1.894512e+02  -5.255409e+01
51  1.469019e+02  -2.866421e+02
52  1.594089e+02  -3.609134e+02
53  7.009899e+01  -4.345013e+02
54  -1.780130e+02  -6.124831e+02
55  1.742827e+02  -3.236361e+02
56  3.274217e+02  -2.902300e+02
57  5.056731e+02  5.634470e+02
58  -3.766533e+02  1.484291e+03
59  -1.427527e+03  2.678397e+03
60  -1.713510e+03  4.660050e+03
61  -6.000966e+03  3.661187e+03
62  -1.167254e+04  1.140931e+03
63  -2.897283e+05  -3.261146e+03
ENDPROP
STARTPROP
MASSES:  4.200000e-03   4.500000e-02
SOURCE: GAM_5
SINKS: GAM_5
0  7.004854e+06  -3.744719e+04
1  6.923220e+06  -3.261726e+04
2  4.856982e+06  -1.251234e+04
3  3.475168e+06  -9.439258e+03
4  2.405952e+06  -8.327458e+03
5  1.641664e+06  -9.445092e+03
6  1.129571e+06  -1.205444e+04
7  7.853653e+05  -5.367974e+03
8  5.463863e+05  -1.021076e+03
9  3.821457e+05  1.727589e+03
10  2.688023e+05  2.993730e+03
11  1.893578e+05  1.815026e+03
12  1.322041e+05  5.127073e+02
13  9.130044e+04  6.166578e+01
14  6.226658e+04  3.471815e+01
15  4.205406e+04  -5.929056e+01
16  2.833624e+04  -4.294056e+02
17  1.926352e+04  -5.897241e+02
18  1.303526e+04  -5.628861e+02
19  8.961312e+03  -3.746297e+02
20  6.227499e+03  -2.109865e+02
21  4.311362e+03  -1.039014e+02
22  3.004131e+03  -9.552467e+01
23  2.104962e+03  -9.230968e+01
24  1.431690e+03  -9.172976e+01
25  9.652888e+02  -7.134087e+01
26  6.691087e+02  -4.823902e+01
27  4.565029e+02  -3.549989e+01
28  3.091811e+02  -2.067448e+01
29  2.164061e+02  -1.091757e+01
30  1.621613e+02  -8.270027e+00
31  1.327673e+02  -6.462801e+00
32  1.206718e+02  -6.670281e+00
33  1.266591e+02  -7.502173e+00
34  1.505320e+02  -8.229710e+00
35  1.991941e+02  -8.777319e+00
36  2.793465e+02  -1.309222e+01
37  3.950561e+02  -1.603104e+01
38  5.630797e+02  -1.940803e+01
39  7.938873e+02  -3.433054e+01
40  1.128692e+03  -7.914470e+01
41  1.624740e+03  -1.319257e+02
42  2.433868e+03  -1.541491e+02
43  3.604548e+03  -1.893919e+02
44  5.257422e+03  -2.940868e+02
45  7.708678e+03  -4.429564e+02
46  1.125265e+04  -5.752874e+02
47  1.621264e+04  -7.366641e+02
48  2.328751e+04  -9.585115e+02
49  3.488323e+04  -1.080359e+03
50  5.216861e+04  -1.472933e+03
51  7.663469e+04  -1.881632e+03
52  1.096088e+05  -5.745848e+02
53  1.579570e+05  2.934427e+03
54  2.301450e+05  7.222000e+03
55  3.325205e+05  1.279680e+04
56  4.849791e+05  1.877346e+04
57  7.107285e+05  2.015443e+04
58  1.070134e+06  2.196935e+04
59  1.615849e+06  2.945969e+04
60  2.378166e+06  3.554727e+04
61  3.438833e+06  2.808785e+04
62  4.881139e+06  2.866503e+03
63  6.990337e+06  -2.328185e+04
ENDPROP
STARTPROP
MASSES:  4.200000e-03   4.500000e-02
SOURCE: GAM_12
SINKS: GAM_12
0  8.069839e+05  -1.153395e+03
1  -7.180632e+05  -1.126500e+04
2  -1.934742e+05  -9.343960e+03
3  -8.400425e+04  -1.110943e+03
4  -3.258140e+04  -9.473669e+02
5  -1.773944e+04  -1.575822e+03
6  -1.085319e+04  -3.399659e+02
7  -6.148540e+03  1.091289e+02
8  -4.841346e+03  -1.879098e+03
9  -2.588477e+03  -2.035192e+03
10  -5.457797e+02  -1.364146e+03
11  -3.465996e+02  -1.202158e+03
12  -1.006869e+02  -7.295749e+02
13  -2.753982e+02  -5.172482e+02
14  -3.755417e+02  -4.703558e+02
15  -4.094752e+02  -4.809803e+02
16  -1.474667e+02  -3.295323e+02
17  -2.140444e+01  -2.099746e+02
18  5.044304e+00  -8.639551e+01
19  -4.652149e+00  -2.279089e+01
20  -2.002588e+01  -1.087138e+00
21  -8.242997e+00  -1.356796e-01
22  5.866163e+00  -9.038463e+00
23  1.279087e+01  -3.550543e+00
24  1.206533e+01  -5.718644e+00
25  7.854490e+00  -2.208024e+00
26  4.105457e+00  -2.442730e+00
27  5.046532e+00  -2.567748e+00
28  2.416581e+00  -2.387589e+00
29  1.194243e+00  -1.312281e+00
30  2.108164e-01  -7.015486e-01
31  1.830420e-01  -1.667096e+00
32  6.781491e-01  -1.716766e+00
33  1.498454e+00  -1.950795e+00
34  2.629108e-01  -1.783025e+00
35  -1.148121e+00  -1.438824e+00
36  -1.415382e+00  -2.243369e+00
37  -3.242415e+00  -4.012905e+00
38  -2.177308e+00  -4.719508e+00
39  -5.815097e+00  -5.790546e+00
40  -1.075024e+01  -4.894148e+00
41  -1.232932e+01  -1.831154e+00
42  -1.771415e+01  1.008695e+01
43  -1.435382e+01  1.640346e+01
44  -1.376538e+01  5.579857e+01
45  -3.289257e+01  6.085387e+01
46  -2.789359e+01  6.032218e+01
47  4.677206e+01  4.190120e+01
48  1.733015e+02  7.157661e+01
49  2.569403e+02  1.045788e+02
50  2.268057e+02  2.015370e+02
51  1.740427e+02  2.021458e+02
52  3.379366e+01  -3.316248e+00
53  -5.416114e+02  1.545212e+02
54  -1.530711e+03  2.997486e+02
55  -2.538599e+03  4.191732e+02
56  -3.626049e+03  1.498984e+03
57  -6.016275e+03  2.186435e+03
58  -9.857003e+03  5.049733e+03
59  -1.366743e+04  1.201730e+04
60  -2.855329e+04  1.671203e+04
61  -5.795571e+04  1.950350e+04
62  -1.495737e+05  9.280176e+03
63  -6.746020e+05  -5.086707e+03
ENDPROP
STARTPROP
MASSES:  4.200000e-03   4.500000e-02
SOURCE: GAM_21
SINKS: GAM_21
0  8.069839e+05  -1.153395e+03
1  -7.180632e+05  -1.126500e+04
2  -1.934742e+05  -9.343960e+03
3  -8.400425e+04  -1.110943e+03
4  -3.258140e+04  -9.473669e+02
5  -1.773944e+04  -1.575822e+03
6  -1.085319e+04  -3.399659e+02
7  -6.148540e+03  1.091289e+02
8  -4.841346e+03  -1.879098e+03
9  -2.588477e+03  -2.035192e+03
10  -5.457797e+02  -1.364146e+03
11  -3.465996e+02  -1.202158e+03
12  -1.006869e+02  -7.295749e+02
13  -2.753982e+02  -5.172482e+02
14  -3.755417e+02  -4.703558e+02
15  -4.094752e+02  -4.809803e+02
16  -1.474667e+02  -3.295323e+02
17  -2.140444e+01  -2.099746e+02
18  5.044304e+00  -8.639551e+01
19  -4.652149e+00  -2.279089e+01
20  -2.002588e+01  -1.087138e+00
21  -8.242997e+00  -1.356796e-01
22  5.866163e+00  -9.038463e+00
23  1.279087e+01  -3.550543e+00
24  1.206533e+01  -5.718644e+00
25  7.854490e+00  -2.208024e+00
26  4.105457e+00  -2.442730e+00
27  5.046532e+00  -2.567748e+00
28  2.416581e+00  -2.387589e+00
29  1.194243e+00  -1.312281e+00
30  2.108164e-01  -7.015486e-01
31  1.830420e-01  -1.667096e+00
32  6.781491e-01  -1.716766e+00
33  1.498454e+00  -1.950795e+00
34  2.629108e-01  -1.783025e+00
35  -1.148121e+00  -1.438824e+00
36  -1.415382e+00  -2.243369e+00
37  -3.242415e+00  -4.012905e+00
38  -2.177308e+00  -4.719508e+00
39  -5.815097e+00  -5.790546e+00
40  -1.075024e+01  -4.894148e+00
41  -1.232932e+01  -1.831154e+00
42  -1.771415e+01  1.008695e+01
43  -1.435382e+01  1.640346e+01
44  -1.376538e+01  5.579857e+01
45  -3.289257e+01  6.085387e+01
46  -2.789359e+01  6.032218e+01
47  4.677206e+01  4.190120e+01
48  1.733015e+02  7.157661e+01
49  2.569403e+02  1.045788e+02
50  2.268057e+02  2.015370e+02
51  1.740427e+02  2.021458e+02
52  3.379366e+01  -3.316248e+00
53  -5.416114e+02  1.545212e+02
54  -1.530711e+03  2.997486e+02
55  -2.538599e+03  4.191732e+02
56  -3.626049e+03  1.498984e+03
57  -6.016275e+03  2.186435e+03
58  -9.857003e+03  5.049733e+03
59  -1.366743e+04  1.201730e+04
60  -2.855329e+04  1.671203e+04
61  -5.795571e+04  1.950350e+04
62  -1.495737e+05  9.280176e+03
63  -6.746020e+05  -5.086707e+03
ENDPROP
STARTPROP
MASSES:  4.200000e-03   4.500000e-02
SOURCE: GAM_13
SINKS: GAM_13
0  8.983760e+05  1.484092e+03
1  -6.418480e+05  4.910467e+03
2  -1.463189e+05  9.562257e+03
3  -5.679687e+04  8.926775e+03
4  -2.312317e+04  4.829206e+03
5  -1.012738e+04  7.414304e+02
6  -3.766660e+03  2.264505e+03
7  -2.107023e+02  3.359564e+03
8  -1.277400e+03  2.315265e+03
9  -1.609182e+03  6.843574e+02
10  -8.612018e+02  -5.167652e+02
11  -4.693007e+02  -6.830180e+02
12  -4.574871e+02  -8.778137e+01
13  -4.964342e+02  -1.384170e+02
14  -3.053845e+02  -1.827989e+01
15  -1.875661e+02  5.134400e+00
16  -5.002782e+01  4.497618e+01
17  -1.080969e+01  3.709552e+01
18  -1.640510e+01  3.050033e+01
19  -2.511616e+01  2.625836e+01
20  -1.838779e+01  3.047087e+01
21  -1.611970e+01  2.308552e+01
22  -1.010546e+01  8.063126e+00
23  -6.356676e+00  -1.534323e+00
24  -7.960891e-02  -3.785016e+00
25  -4.062197e+00  -5.449628e+00
26  -1.003624e+00  -4.532319e+00
27  -8.948711e-01  -1.710561e+00
28  -1.360589e+00  1.329599e-01
29  -3.197612e+00  -2.611785e-01
30  -3.258500e+00  -1.121032e+00
31  -3.025513e+00  -1.313844e+00
32  -1.422813e+00  -1.507542e+00
33  5.860295e-01  -1.123153e+00
34  2.447223e+00  -4.206597e-01
35  3.036472e+00  7.090442e-01
36  2.232785e+00  1.939041e-02
37  2.913564e+00  3.338960e-01
38  4.950104e+00  5.454704e-01
39  3.549490e+00  1.467441e-01
40  6.958690e+00  -8.967173e-01
41  1.338323e+01  -1.033113e+01
42  1.586254e+01  -1.901565e+01
43  -7.666871e+00  -1.866235e+01
44  5.254975e+00  -2.580565e+01
45  1.088584e+01  -3.714422e+01
46  -3.561424e+00  -2.440736e+01
47  -1.178686e+01  -4.250832e+01
48  -1.019083e+02  -1.267206e+02
49  -1.620587e+02  -3.424219e+01
50  -1.262886e+02  -3.922072e+01
51  -1.054164e+02  1.605172e+02
52  2.519624e+02  5.352300e+02
53  1.206942e+03  7.926222e+02
54  2.137094e+03  9.069764e+02
55  2.649562e+03  8.383070e+02
56  1.177334e+03  9.812971e+02
57  1.502897e+03  1.861710e+03
58  9.285793e+02  3.728077e+03
59  -2.033929e+03  5.789752e+03
60  -2.274034e+03  9.235794e+03
61  -2.497851e+04  1.020283e+04
62  -1.112599e+05  6.668967e+03
63  -6.184177e+05  6.077131e+02
ENDPROP
STARTPROP
MASSES:  4.200000e-03   4.500000e-02
SOURCE: GAM_31
SINKS: GAM_31
0  8.983760e+05  1.484092e+03
1  -6.418480e+05  4.910467e+03
2  -1.463189e+05  9.562257e+03
3  -5.679687e+04  8.926775e+03
4  -2.312317e+04  4.829206e+03
5  -1.012738e+04  7.414304e+02
6  -3.766660e+03  2.264505e+03
7  -2.107023e+02  3.359564e+03
8  -1.277400e+03  2.315265e+03
9  -1.609182e+03  6.843574e+02
10  -8.612018e+02  -5.167652e+02
11  -4.693007e+02  -6.830180e+02
12  -4.574871e+02  -8.778137e+01
13  -4.964342e+02  -1.384170e+02
14  -3.053845e+02  -1.827989e+01
15  -1.875661e+02  5.134400e+00
16  -5.002782e+01  4.497618e+01
17  -1.080969e+01  3.709552e+01
18  -1.640510e+01  3.050033e+01
19  -2.511616e+01  2.625836e+01
20  -1.838779e+01  3.047087e+01
21  -1.611970e+01  2.308552e+01
22  -1.010546e+01  8.063126e+00
23  -6.356676e+00  -1.534323e+00
24  -7.960891e-02  -3.785016e+00
25  -4.062197e+00  -5.449628e+00
26  -1.003624e+00  -4.532319e+00
27  -8.948711e-01  -1.710561e+00
28  -1.360589e+00  1.329599e-01
29  -3.197612e+00  -2.611785e-01
30  -3.258500e+00  -1.121032e+00
31  -3.025513e+00  -1.313844e+00
32  -1.422813e+00  -1.507542e+00
33  5.860295e-01  -1.123153e+00
34  2.447223e+00  -4.206597e-01
35  3.036472e+00  7.090442e-01
36  2.232785e+00  1.939041e-02
37  2.913564e+00  3.338960e-01
38  4.950104e+00  5.454704e-01
39  3.549490e+00  1.467441e-01
40  6.958690e+00  -8.967173e-01
41  1.338323e+01  -1.033113e+01
42  1.586254e+01  -1.901565e+01
43  -7.666871e+00  -1.866235e+01
44  5.254975e+00  -2.580565e+01
45  1.088584e+01  -3.714422e+01
46  -3.561424e+00  -2.440736e+01
47  -1.178686e+01  -4.250832e+01
48  -1.019083e+02  -1.267206e+02
49  -1.620587e+02  -3.424219e+01
50  -1.262886e+02  -3.922072e+01
51  -1.054164e+02  1.605172e+02
52  2.519624e+02  5.352300e+02
53  1.206942e+03  7.926222e+02
54  2.137094e+03  9.069764e+02
55  2.649562e+03  8.383070e+02
56  1.177334e+03  9.812971e+02
57  1.502897e+03  1.861710e+03
58  9.285793e+02  3.728077e+03
59  -2.033929e+03  5.789752e+03
60  -2.274034e+03  9.235794e+03
61  -2.497851e+04  1.020283e+04
62  -1.112599e+05  6.668967e+03
63  -6.184177e+05  6.077131e+02
ENDPROP
STARTPROP
MASSES:  4.200000e-03   4.500000e-02
SOURCE: GAM_14
SINKS: GAM_14
0  3.807102e+04  2.057666e+04
1  1.340613e+06  1.251315e+04
2  5.816450e+05  6.323540e+03
3  3.062454e+05  1.450948e+03
4  1.542534e+05  2.647971e+03
5  7.479414e+04  8.883784e+00
6  3.520637e+04  -5.895938e+02
7  1.772987e+04  1.781924e+03
8  9.059596e+03  2.133149e+03
9  4.862124e+03  2.593030e+03
10  1.530796e+03  1.321109e+03
11  1.232653e+03  1.121661e+03
12  1.235317e+03  9.382043e+02
13  8.904404e+02  8.051123e+02
14  3.517465e+02  4.109798e+02
15  1.307391e+02  2.277271e+02
16  2.481049e+01  1.434643e+02
17  -1.682123e+01  1.331365e+02
18  1.710003e+01  7.395332e+01
19  -8.588953e-01  -6.176428e-01
20  1.000586e+01  -1.950500e+01
21  2.738508e+01  -1.841107e+01
22  1.838036e+01  -1.939058e+01
23  1.212828e+01  -1.137522e+01
24  7.081565e+00  -8.416842e+00
25  5.647828e+00  -5.444182e+00
26  1.933487e+00  -2.760500e+00
27  3.169869e+00  2.810372e-01
28  2.348005e+00  -3.236867e-01
29  1.808228e+00  5.775189e-01
30  8.661563e-01  6.840841e-02
31  1.926712e-01  -1.255769e-01
32  -3.164458e-01  -5.261400e-01
33  5.979889e-02  -6.593571e-01
34  1.020302e+00  -9.805067e-01
35  1.769131e+00  -3.495408e+00
36  2.524929e+00  -5.189202e+00
37  3.013396e+00  -5.334075e+00
38  9.704369e-01  -6.443865e+00
39  -2.584235e+00  -5.313305e+00
40  -8.501207e+00  -4.962197e+00
41  -1.017625e+01  -9.956332e+00
42  7.200163e-02  -1.777233e+01
43  1.482990e+01  -2.265222e+01
44  4.860922e+00  -3.760338e+01
45  -4.334913e+00  -7.423103e+00
46  4.665500e+01  3.702507e+01
47  8.339582e+01  9.889157e+01
48  9.026296e+01  1.002509e+02
49  3.790055e+02  3.761548e+01
50  5.650221e+02  -3.288398e+01
51  5.732512e+02  -4.613957e+01
52  8.422107e+02  7.129351e+02
53  1.181513e+03  9.033124e+02
54  1.822398e+03  1.419489e+03
55  3.555267e+03  2.776006e+03
56  8.483878e+03  4.361712e+03
57  1.499433e+04  5.624593e+03
58  2.886986e+04  4.315587e+03
59  5.710294e+04  3.660343e+03
60  1.150847e+05  5.246657e+03
61  2.552997e+05  1.055677e+04
62  5.218692e+05  1.671898e+04
63  1.325760e+06  1.465231e+04
ENDPROP
STARTPROP
MASSES:  4.200000e-03   4.500000e-02
SOURCE: GAM_41
SINKS: GAM_41
0  3.807102e+04  2.057666e+04
1  1.340613e+06  1.251315e+04
2  5.816450e+05  6.323540e+03
3  3.062454e+05  1.450948e+03
4  1.542534e+05  2.647971e+03
5  7.479414e+04  8.883784e+00
6  3.520637e+04  -5.895938e+02
7  1.772987e+04  1.781924e+03
8  9.059596e+03  2.133149e+03
9  4.862124e+03  2.593030e+03
10  1.530796e+03  1.321109e+03
11  1.232653e+03  1.121661e+03
12  1.235317e+03  9.382043e+02
13  8.904404e+02  8.051123e+02
14  3.517465e+02  4.109798e+02
15  1.307391e+02  2.277271e+02
16  2.481049e+01  1.434643e+02
17  -1.682123e+01  1.331365e+02
18  1.710003e+01  7.395332e+01
19  -8.588953e-01  -6.176428e-01
20  1.000586e+01  -1.950500e+01
21  2.738508e+01  -1.841107e+01
22  1.838036e+01  -1.939058e+01
23  1.212828e+01  -1.137522e+01
24  7.081565e+00  -8.416842e+00
25  5.647828e+00  -5.444182e+00
26  1.933487e+00  -2.760500e+00
27  3.169869e+00  2.810372e-01
28  2.348005e+00  -3.236867e-01
29  1.808228e+00  5.775189e-01
30  8.661563e-01  6.840841e-02
31  1.926712e-01  -1.255769e-01
32  -3.164458e-01  -5.261400e-01
33  5.979889e-02  -6.593571e-01
34  1.020302e+00  -9.805067e-01
35  1.769131e+00  -3.495408e+00
36  2.524929e+00  -5.189202e+00
37  3.013396e+00  -5.334075e+00
38  9.704369e-01  -6.443865e+00
39  -2.584235e+00  -5.313305e+00
40  -8.501207e+00  -4.962197e+00
41  -1.017625e+01  -9.956332e+00
42  7.200163e-02  -1.777233e+01
43  1.482990e+01  -2.265222e+01
44  4.860922e+00  -3.760338e+01
45  -4.334913e+00  -7.423103e+00
46  4.665500e+01  3.702507e+01
47  8.339582e+01  9.889157e+01
48  9.026296e+01  1.002509e+02
49  3.790055e+02  3.761548e+01
50  5.650221e+02  -3.288398e+01
51  5.732512e+02  -4.613957e+01
52  8.422107e+02  7.129351e+02
53  1.181513e+03  9.033124e+02
54  1.822398e+03  1.419489e+03
55  3.555267e+03  2.776006e+03
56  8.483878e+03  4.361712e+03
57  1.499433e+04  5.624593e+03
58  2.886986e+04  4.315587e+03
59  5.710294e+04  3.660343e+03
60  1.150847e+05  5.246657e+03
61  2.552997e+05  1.055677e+04
62  5.218692e+05  1.671898e+04
63  1.325760e+06  1.465231e+04
ENDPROP
STARTPROP
MASSES:  4.200000e-03   4.500000e-02
SOURCE: GAM_23
SINKS: GAM_23
0  7.710316e+05  -1.411916e+04
1  -7.278873e+05  -2.479701e+04
2  -1.805062e+05  -2.230436e+04
3  -6.678407e+04  -1.340781e+04
4  -2.455572e+04  -4.108821e+03
5  -6.938486e+03  -3.020686e+03
6  -3.623952e+02  -5.085986e+03
7  1.942828e+03  -3.658942e+03
8  4.813845e+03  -2.809078e+03
9  3.358826e+03  -1.652797e+03
10  2.213388e+03  -9.344926e+02
11  6.140220e+02  -3.539417e+02
12  5.935864e+02  -1.426381e+02
13  3.828204e+02  -4.502578e+01
14  9.595440e+01  -2.096997e+02
15  6.863154e+01  -1.681565e+02
16  2.017305e+01  -9.714717e+01
17  1.142876e+01  -8.564361e+01
18  -3.702877e+00  -7.379897e+01
19  4.363479e+01  -3.729929e+01
20  3.719622e+01  -8.092458e+00
21  3.980511e+01  -7.765827e-01
22  2.851141e+01  4.277486e+00
23  2.168297e+01  -1.731634e+00
24  1.134140e+01  2.100396e+00
25  1.159766e+01  2.956135e+00
26  9.170603e+00  5.783817e+00
27  3.719538e+00  1.612587e+00
28  1.267807e+00  -1.955395e-01
29  -1.997219e-01  -1.392660e+00
30  6.727063e-01  -2.854148e+00
31  1.512554e+00  -2.015558e+00
32  1.999736e+00  -1.105539e+00
33  1.574494e+00  2.173202e-01
34  9.836819e-01  1.131408e+00
35  2.655655e+00  1.838410e+00
36  4.242960e+00  2.154318e+00
37  3.852841e+00  3.556849e+00
38  2.571303e+00  5.584822e+00
39  8.855134e-01  7.907045e+00
40  3.167592e+00  3.139445e+00
41  6.733137e+00  -6.662593e+00
42  1.644369e+01  -9.647214e+00
43  4.410099e+01  -1.271683e+01
44  8.681147e+01  -1.152182e+01
45  7.199143e+01  -1.416526e+01
46  8.970807e+01  -3.275118e+01
47  9.462079e+01  -4.722633e+01
48  1.048963e+02  -1.775765e+01
49  2.148064e+01  6.508066e+01
50  -2.571800e+02  1.078538e+02
51  -3.241843e+02  1.995565e+02
52  -3.649879e+02  4.377533e+02
53  -8.853598e+02  2.697217e+02
54  -4.263401e+02  4.450996e+02
55  6.657265e+02  6.469611e+02
56  2.184151e+03  1.118488e+03
57  3.249832e+03  4.145537e+03
58  3.410328e+03  4.731514e+03
59  -4.495182e+03  3.758586e+03
60  -1.090583e+04  5.035516e+02
61  -4.895391e+04  1.969912e+03
62  -1.583613e+05  -3.144124e+03
63  -7.203596e+05  7.131194e+02
ENDPROP
STARTPROP
MASSES:  4.200000e-03   4.500000e-02
SOURCE: GAM_32
SINKS: GAM_32
0  7.710316e+05  -1.411916e+04
1  -7.278873e+05  -2.479701e+04
2  -1.805062e+05  -2.230436e+04
3  -6.678407e+04  -1.340781e+04
4  -2.455572e+04  -4.108821e+03
5  -6.938486e+03  -3.020686e+03
6  -3.623952e+02  -5.085986e+03
7  1.942828e+03  -3.658942e+03
8  4.813845e+03  -2.809078e+03
9  3.358826e+03  -1.652797e+03
10  2.213388e+03  -9.344926e+02
11  6.140220e+02  -3.539417e+02
12  5.935864e+02  -1.426381e+02
13  3.828204e+02  -4.502578e+01
14  9.595440e+01  -2.096997e+02
15  6.863154e+01  -1.681565e+02
16  2.017305e+01  -9.714717e+01
17  1.142876e+01  -8.564361e+01
18  -3.702877e+00  -7.379897e+01
19  4.363479e+01  -3.729929e+01
20  3.719622e+01  -8.092458e+00
21  3.980511e+01  -7.765827e-01
22  2.851141e+01  4.277486e+00
23  2.168297e+01  -1.731634e+00
24  1.134140e+01  2.100396e+00
25  1.159766e+01  2.956135e+00
26  9.170603e+00  5.783817e+00
27  3.719538e+00  1.612587e+00
28  1.267807e+00  -1.955395e-01
29  -1.997219e-01  -1.392660e+00
30  6.727063e-01  -2.854148e+00
31  1.512554e+00  -2.015558e+00
32  1.999736e+00  -1.105539e+00
33  1.574494e+00  2.173202e-01
34  9.836819e-01  1.131408e+00
35  2.655655e+00  1.838410e+00
36  4.242960e+00  2.154318e+00
37  3.852841e+00  3.556849e+00
38  2.571303e+00  5.584822e+00
39  8.855134e-01  7.907045e+00
40  3.167592e+00  3.139445e+00
41  6.733137e+00  -6.662593e+00
42  1.644369e+01  -9.647214e+00
43  4.410099e+01  -1.271683e+01
44  8.681147e+01  -1.152182e+01
45  7.199143e+01  -1.416526e+01
46  8.970807e+01  -3.275118e+01
47  9.462079e+01  -4.722633e+01
48  1.048963e+02  -1.775765e+01
49  2.148064e+01  6.508066e+01
50  -2.571800e+02  1.078538e+02
51  -3.241843e+02  1.995565e+02
52  -3.649879e+02  4.377533e+02
53  -8.853598e+02  2.697217e+02
54  -4.263401e+02  4.450996e+02
55  6.657265e+02  6.469611e+02
56  2.184151e+03  1.118488e+03
57  3.249832e+03  4.145537e+03
58  3.410328e+03  4.731514e+03
59  -4.495182e+03  3.758586e+03
60  -1.090583e+04  5.035516e+02
61  -4.895391e+04  1.969912e+03
62  -1.583613e+05  -3.144124e+03
63  -7.203596e+05  7.131194e+02
ENDPROP
STARTPROP
MASSES:  4.200000e-03   4.500000e-02
SOURCE: GAM_24
SINKS: GAM_24
0  -7.674715e+03  1.512723e+03
1  1.299524e+06  1.111906e+04
2  5.400467e+05  7.445637e+03
3  2.753190e+05  2.437242e+03
4  1.438812e+05  -2.342236e+03
5  7.598818e+04  -2.366645e+03
6  4.289823e+04  -3.783369e+03
7  2.561374e+04  -1.074660e+03
8  1.612747e+04  -7.990289e+02
9  9.442446e+03  2.663032e+02
10  4.213934e+03  8.272252e+02
11  1.379076e+03  3.317358e+02
12  6.713197e+02  -6.350025e+02
13  5.732203e+02  -6.935950e+02
14  3.978781e+02  -4.559415e+02
15  2.623693e+02  -2.713085e+02
16  9.694020e+01  -1.903313e+02
17  3.189584e+01  -1.184301e+02
18  4.846952e+01  -1.196085e+02
19  3.845497e+01  -1.055929e+02
20  5.495530e+01  -6.591744e+01
21  2.432363e+01  -3.664274e+01
22  1.793677e+01  -6.934992e+00
23  1.237191e+01  6.580134e+00
24  7.168403e-01  1.202184e+01
25  1.883505e+00  1.182689e+01
26  -2.940866e-01  5.800201e+00
27  -1.218241e+00  -5.815117e-01
28  2.619553e-01  -6.963593e-01
29  4.290699e-01  -1.680305e+00
30  1.818262e-02  -1.209257e+00
31  1.817436e-01  2.831067e-02
32  -9.790224e-03  7.491115e-01
33  -9.237469e-01  1.730384e+00
34  -2.877347e+00  2.539008e+00
35  -4.185729e+00  4.344805e+00
36  -5.142745e+00  5.111634e+00
37  -4.961910e+00  5.396140e+00
38  -3.398081e+00  3.853075e+00
39  -2.819078e-01  4.403178e+00
40  -2.321651e+00  1.070945e+01
41  -1.027090e+01  2.110048e+01
42  -1.492711e+01  2.666878e+01
43  -1.807661e+01  2.366914e+01
44  -1.191717e+01  4.763558e+01
45  -4.975939e+00  4.452787e+01
46  -5.650756e+01  3.907393e+01
47  -8.983510e+01  4.303566e+01
48  -1.983052e+02  2.303467e+01
49  -1.753889e+02  4.172147e+01
50  -8.035422e+01  3.228685e+01
51  1.566422e+02  3.302390e+01
52  4.618775e+02  5.883482e+01
53  1.447201e+03  2.862001e+02
54  1.894802e+03  4.503964e+02
55  2.832788e+03  1.121952e+03
56  4.609125e+03  2.542945e+03
57  1.110820e+04  4.449224e+03
58  2.688727e+04  4.166902e+03
59  5.782302e+04  2.491730e+03
60  1.187871e+05  1.147651e+03
61  2.446617e+05  4.112816e+03
62  5.009678e+05  -3.461816e+03
63  1.285262e+06  -1.085429e+04
ENDPROP
STARTPROP
MASSES:  4.200000e-03   4.500000e-02
SOURCE: GAM_42
SINKS: GAM_42
0  -7.674715e+03  1.512723e+03
1  1.299524e+06  1.111906e+04
2  5.400467e+05  7.445637e+03
3  2.753190e+05  2.437242e+03
4  1.438812e+05  -2.342236e+03
5  7.598818e+04  -2.366645e+03
6  4.289823e+04  -3.783369e+03
7  2.561374e+04  -1.074660e+03
8  1.612747e+04  -7.990289e+02
9  9.442446e+03  2.663032e+02
10  4.213934e+03  8.272252e+02
11  1.379076e+03  3.317358e+02
12  6.713197e+02  -6.350025e+02
13  5.732203e+02  -6.935950e+02
14  3.978781e+02  -4.559415e+02
15  2.623693e+02  -2.713085e+02
16  9.694020e+01  -1.903313e+02
17  3.189584e+01  -1.184301e+02
18  4.846952e+01  -1.196085e+02
19  3.845497e+01  -1.055929e+02
20  5.495530e+01  -6.591744e+01
21  2.432363e+01  -3.664274e+01
22  1.793677e+01  -6.934992e+00
23  1.237191e+01  6.580134e+00
24  7.168403e-01  1.202184e+01
25  1.883505e+00  1.182689e+01
26  -2.940866e-01  5.800201e+00
27  -1.218241e+00  -5.815117e-01
28  2.619553e-01  -6.963593e-01
29  4.290699e-01  -1.680305e+00
30  1.818262e-02  -1.209257e+00
31  1.817436e-01  2.831067e-02
32  -9.790224e-03  7.491115e-01
33  -9.237469e-01  1.730384e+00
34  -2.877347e+00  2.539008e+00
35  -4.185729e+00  4.344805e+00
36  -5.142745e+00  5.111634e+00
37  -4.961910e+00  5.396140e+00
38  -3.398081e+00  3.853075e+00
39  -2.819078e-01  4.403178e+00
40  -2.321651e+00  1.070945e+01
41  -1.027090e+01  2.110048e+01
42  -1.492711e+01  2.666878e+01
43  -1.807661e+01  2.366914e+01
44  -1.191717e+01  4.763558e+01
45  -4.975939e+00  4.452787e+01
46  -5.650756e+01  3.907393e+01
47  -8.983510e+01  4.303566e+01
48  -1.983052e+02  2.303467e+01
49  -1.753889e+02  4.172147e+01
50  -8.035422e+01  3.228685e+01
51  1.566422e+02  3.302390e+01
52  4.618775e+02  5.883482e+01
53  1.447201e+03  2.862001e+02
54  1.894802e+03  4.503964e+02
55  2.832788e+03  1.121952e+03
56  4.609125e+03  2.542945e+03
57  1.110820e+04  4.449224e+03
58  2.688727e+04  4.166902e+03
59  5.782302e+04  2.491730e+03
60  1.187871e+05  1.147651e+03
61  2.446617e+05  4.112816e+03
62  5.009678e+05  -3.461816e+03
63  1.285262e+06  -1.085429e+04
ENDPROP
STARTPROP
MASSES:  4.200000e-03   4.500000e-02
SOURCE: GAM_34
SINKS: GAM_34
0  7.765277e+03  -7.362265e+03
1  1.324808e+06  1.227321e+03
2  5.716529e+05  4.158831e+03
3  2.895977e+05  4.462330e+03
4  1.393944e+05  7.141186e+03
5  6.480469e+04  4.581258e+03
6  3.428247e+04  9.679102e+02
7  1.831339e+04  2.707372e+03
8  9.771868e+03  3.171481e+03
9  6.277560e+03  2.707621e+03
10  3.757069e+03  1.967412e+03
11  2.049556e+03  1.012324e+03
12  6.114093e+02  5.268126e+02
13  7.130578e+02  4.278384e+02
14  5.366553e+02  3.496082e+02
15  2.138270e+02  1.104993e+02
16  -1.802216e+01  -9.423309e+01
17  -7.261170e+01  -1.130871e+02
18  -4.326391e+01  -9.709258e+01
19  -2.786659e+01  -7.758427e+01
20  -1.270084e+01  -3.529352e+01
21  -2.126187e+00  -6.096425e+00
22  9.254691e+00  2.132784e+01
23  3.538085e+00  2.410501e+01
24  -3.629071e+00  2.240103e+01
25  -1.630707e+01  1.885860e+01
26  -1.151453e+01  1.511917e+01
27  -5.748650e+00  9.096653e+00
28  -2.481928e+00  3.803454e+00
29  -2.063917e+00  1.275088e+00
30  -8.587605e-01  6.726986e-01
31  3.639693e-01  -7.253991e-01
32  -4.756682e-02  -1.039741e+00
33  -9.199629e-01  7.101443e-01
34  -5.722911e-01  2.200327e+00
35  -5.837266e-01  3.295620e+00
36  -2.134262e+00  3.671840e+00
37  -2.403903e+00  2.994072e+00
38  9.072686e-01  1.070221e+00
39  8.981342e+00  1.948397e+00
40  1.397550e+01  4.563322e+00
41  1.475802e+01  -8.261885e-01
42  1.129138e+01  1.071205e+00
43  -1.764743e+00  3.980458e+00
44  -2.749635e+01  7.115797e+00
45  -8.583180e+01  -3.321227e+01
46  -2.151928e+02  -5.237603e+01
47  -3.378675e+02  -3.895968e+01
48  -4.381311e+02  -5.778100e+01
49  -3.977527e+02  -5.313315e+01
50  -4.171992e+02  -9.953079e+01
51  -2.974643e+02  -2.417785e+02
52  -3.854701e+02  -7.773400e+02
53  -3.621274e+02  -1.264396e+03
54  1.447114e+01  -1.444911e+03
55  1.027718e+03  -9.456311e+02
56  3.732202e+03  1.229650e+02
57  1.281380e+04  1.815698e+03
58  2.855970e+04  5.773951e+03
59  6.167543e+04  1.053510e+04
60  1.271335e+05  1.199936e+04
61  2.656675e+05  1.204466e+04
62  5.145509e+05  5.063742e+03
63  1.280563e+06  -1.326422e+03
ENDPROP
STARTPROP
MASSES:  4.200000e-03   4.500000e-02
SOURCE: GAM_43
SINKS: GAM_43
0  7.765277e+03  -7.362265e+03
1  1.324808e+06  1.227321e+03
2  5.716529e+05  4.158831e+03
3  2.895977e+05  4.462330e+03
4  1.393944e+05  7.141186e+03
5  6.480469e+04  4.581258e+03
6  3.428247e+04  9.679102e+02
7  1.831339e+04  2.707372e+03
8  9.771868e+03  3.171481e+03
9  6.277560e+03  2.707621e+03
10  3.757069e+03  1.967412e+03
11  2.049556e+03  1.012324e+03
12  6.114093e+02  5.268126e+02
13  7.130578e+02  4.278384e+02
14  5.366553e+02  3.496082e+02
15  2.138270e+02  1.104993e+02
16  -1.802216e+01  -9.423309e+01
17  -7.261170e+01  -1.130871e+02
18  -4.326391e+01  -9.709258e+01
19  -2.786659e+01  -7.758427e+01
20  -1.270084e+01  -3.529352e+01
21  -2.126187e+00  -6.096425e+00
22  9.254691e+00  2.132784e+01
23  3.538085e+00  2.410501e+01
24  -3.629071e+00  2.240103e+01
25  -1.630707e+01  1.885860e+01
26  -1.151453e+01  1.511917e+01
27  -5.748650e+00  9.096653e+00
28  -2.481928e+00  3.803454e+00
29  -2.063917e+00  1.275088e+00
30  -8.587605e-01  6.726986e-01
31  3.639693e-01  -7.253991e-01
32  -4.756682e-02  -1.039741e+00
33  -9.199629e-01  7.101443e-01
34  -5.722911e-01  2.200327e+00
35  -5.837266e-01  3.295620e+00
36  -2.134262e+00  3.671840e+00
37  -2.403903e+00  2.994072e+00
38  9.072686e-01  1.070221e+00
39  8.981342e+00  1.948397e+00
40  1.397550e+01  4.563322e+00
41  1.475802e+01  -8.261885e-01
42  1.129138e+01  1.071205e+00
43  -1.764743e+00  3.980458e+00
44  -2.749635e+01  7.115797e+00
45  -8.583180e+01  -3.321227e+01
46  -2.151928e+02  -5.237603e+01
47  -3.378675e+02  -3.895968e+01
48  -4.381311e+02  -5.778100e+01
49  -3.977527e+02  -5.313315e+01
50  -4.171992e+02  -9.953079e+01
51  -2.974643e+02  -2.417785e+02
52  -3.854701e+02  -7.773400e+02
53  -3.621274e+02  -1.264396e+03
54  1.447114e+01  -1.444911e+03
55  1.027718e+03  -9.456311e+02
56  3.732202e+03  1.229650e+02
57  1.281380e+04  1.815698e+03
58  2.855970e+04  5.773951e+03
59  6.167543e+04  1.053510e+04
60  1.271335e+05  1.199936e+04
61  2.656675e+05  1.204466e+04
62  5.145509e+05  5.063742e+03
63  1.280563e+06  -1.326422e+03
ENDPROP
STARTPROP
MASSES:  4.200000e-03   4.500000e-02
SOURCE: GAM_15
SINKS: GAM_15
0  -2.716581e+04  1.130945e+04
1  -1.017789e+06  5.307507e+03
2  -3.221411e+05  7.697036e+02
3  -1.346389e+05  7.318122e+03
4  -5.407924e+04  4.005238e+03
5  -2.366295e+04  5.365920e+02
6  -7.211588e+03  -3.478779e+02
7  -1.802792e+03  4.747445e+01
8  -9.478917e+02  1.178136e+03
9  -3.704124e+02  1.589470e+03
10  1.344018e+03  1.187587e+03
11  1.377434e+03  1.259792e+03
12  1.040674e+03  1.052962e+03
13  3.240337e+02  6.601728e+02
14  1.650232e+02  1.823094e+02
15  2.611960e+02  -6.710175e+01
16  2.277236e+02  2.847841e+01
17  1.641466e+02  4.754096e+01
18  1.640036e+02  2.405921e+01
19  1.221502e+02  4.341486e+01
20  1.165445e+02  3.249252e+01
21  8.051969e+01  1.678851e+01
22  5.242203e+01  2.232932e+01
23  4.204325e+01  2.203162e+01
24  2.431150e+01  1.312209e+01
25  1.334947e+01  2.436760e+00
26  8.637343e+00  -4.957079e+00
27  8.656826e+00  -6.589085e+00
28  7.699244e+00  -5.713845e+00
29  5.899848e+00  -5.770332e+00
30  4.346996e+00  -3.793093e+00
31  3.046562e+00  -1.979774e+00
32  1.140258e+00  -8.165537e-01
33  -6.769436e-02  4.657038e-01
34  1.733112e-01  2.384896e+00
35  2.042108e+00  3.367670e+00
36  2.094304e+00  5.739949e+00
37  1.823742e-01  6.611309e+00
38  -4.573116e+00  6.783258e+00
39  -4.854548e+00  6.982652e+00
40  -8.170873e+00  1.097056e+00
41  -4.311329e+00  -1.032812e+01
42  2.093341e+00  -2.855382e+01
43  1.522508e+01  -5.712187e+01
44  5.486700e+01  -8.013298e+01
45  8.402624e+01  -9.784868e+01
46  1.069545e+02  -8.509804e+01
47  1.502595e+02  -9.519610e+01
48  1.411205e+02  1.292514e+01
49  1.806603e+02  2.594379e+02
50  3.420469e+02  4.129576e+02
51  6.345059e+02  2.512603e+02
52  9.835838e+02  -9.318223e+01
53  3.276044e+02  -3.630647e+02
54  1.081552e+02  1.572851e+02
55  -1.019070e+03  4.989267e+02
56  -3.230002e+03  1.229217e+03
57  -8.106363e+03  4.082977e+01
58  -1.477646e+04  -3.646420e+02
59  -2.064610e+04  -2.952090e+03
60  -4.047010e+04  -7.860768e+03
61  -1.067146e+05  -1.063178e+04
62  -2.862344e+05  -1.232066e+04
63  -9.942561e+05  -5.167884e+02
ENDPROP
STARTPROP
MASSES:  4.200000e-03   4.500000e-02
SOURCE: GAM_25
SINKS: GAM_25
0  -9.215670e+04  -1.444881e+03
1  -1.070827e+06  -1.326782e+04
2  -3.542828e+05  -8.912663e+03
3  -1.494800e+05  -4.393664e+03
4  -6.480610e+04  -5.970611e+03
5  -3.410260e+04  -6.400414e+03
6  -1.502744e+04  -5.617228e+03
7  -8.263219e+03  -3.255064e+03
8  -3.106937e+03  -4.404229e+02
9  -1.223420e+02  -2.077308e+02
10  4.368788e+02  -2.366242e+02
11  -4.877629e+02  1.337138e+02
12  -2.804016e+02  -3.201263e+02
13  -7.611150e+01  -7.771443e+02
14  2.732546e+02  -6.640716e+02
15  2.803459e+02  -2.952204e+02
16  2.179656e+02  -7.986307e+01
17  6.715031e+01  3.740971e+00
18  2.637231e+00  1.665481e+01
19  -1.465391e+01  4.789152e+01
20  -2.626821e+01  3.664498e+01
21  -6.134336e+01  4.281442e+01
22  -4.671959e+01  4.541689e+01
23  -3.068124e+01  3.024335e+01
24  -1.520106e+01  2.143090e+01
25  -5.557373e+00  1.084353e+01
26  5.186726e-01  5.332979e+00
27  -2.657316e+00  2.927072e+00
28  -5.056089e+00  1.532107e-01
29  -6.436406e+00  -9.090227e-03
30  -3.673757e+00  -3.838181e-01
31  -1.667349e+00  -2.848010e-01
32  -7.038368e-01  -4.650474e-01
33  -9.335574e-01  -1.857966e-02
34  -1.380982e-01  8.141281e-01
35  3.120493e+00  2.694191e+00
36  4.066593e+00  4.366631e+00
37  2.829191e+00  3.295368e+00
38  1.488520e+00  -4.613728e+00
39  -4.173463e+00  -1.262123e+01
40  -9.837810e+00  -1.486090e+01
41  -1.245307e+01  -9.614043e+00
42  -1.282337e+01  6.857505e+00
43  -8.579807e+00  6.066885e+00
44  5.568822e+00  -2.339621e+01
45  1.077834e+00  -2.591795e+01
46  -3.941110e+01  7.826380e+00
47  -7.752824e+01  -3.013089e+01
48  -8.463265e+01  -1.316097e+02
49  6.482481e+01  -2.378305e+02
50  2.120158e+02  -3.735855e+02
51  1.925812e+02  -4.741065e+02
52  8.235818e+00  -6.087618e+02
53  5.124013e+02  -8.819715e+02
54  5.951110e+02  -1.360224e+03
55  1.896747e+03  -1.461946e+03
56  3.019612e+03  -2.479727e+03
57  9.020831e+02  -1.524306e+03
58  -3.337180e+03  -2.472099e+03
59  -1.097149e+04  -2.991579e+03
60  -2.855767e+04  -3.418915e+02
61  -8.255378e+04  1.525127e+03
62  -2.673689e+05  -2.026317e+03
63  -1.007668e+06  1.847804e+03
ENDPROP
STARTPROP
MASSES:  4.200000e-03   4.500000e-02
SOURCE: GAM_35
SINKS: GAM_35
0  -6.883549e+04  -1.145972e+04
1  -1.030996e+06  -1.024658e+04
2  -3.184857e+05  -2.021240e+03
3  -1.418398e+05  1.355499e+03
4  -6.708339e+04  -1.977623e+02
5  -2.708115e+04  -3.124388e+03
6  -6.289095e+03  -2.412076e+03
7  9.324007e+02  -1.699248e+03
8  1.365613e+03  -1.779629e+03
9  2.108100e+03  -1.839739e+03
10  2.324642e+03  -7.017909e+02
11  2.179136e+03  -5.101817e+02
12  1.138194e+03  -6.355148e+02
13  6.227808e+02  -4.584237e+02
14  1.253260e+02  1.327591e+01
15  -2.367565e+01  -7.706475e+00
16  -2.642050e+01  -7.882261e+00
17  1.117218e+01  -5.183438e+01
18  1.247903e+01  -7.047231e+01
19  3.066482e+00  -8.849836e+01
20  1.789328e+01  -7.202494e+01
21  2.135754e+01  -3.829721e+01
22  1.887527e+01  -1.427070e+01
23  1.011656e+01  -1.186156e+01
24  5.825703e+00  -6.801107e+00
25  -4.150264e+00  -3.516091e+00
26  -1.736609e+00  -1.239800e+00
27  3.855409e-02  1.293018e+00
28  3.445651e-02  1.337539e+00
29  -2.504951e-01  2.486347e+00
30  -8.606414e-01  2.314111e+00
31  -2.058368e+00  2.194020e+00
32  -2.832438e+00  1.074619e+00
33  -3.092838e+00  4.330790e-01
34  -3.361405e+00  1.042788e+00
35  -3.836863e+00  -8.961792e-01
36  -4.684616e+00  -3.049701e+00
37  -2.223051e+00  -3.154535e+00
38  -2.437565e+00  -1.588343e+00
39  -4.825477e+00  7.878056e-01
40  -4.416321e+00  6.477065e-01
41  5.012156e+00  -5.741541e+00
42  2.816515e+01  -1.200170e+01
43  4.295381e+01  -1.293708e+01
44  4.526480e+01  -3.145601e+01
45  2.114380e+01  -4.157162e+01
46  2.339334e+01  -1.528519e+01
47  4.303450e+01  -3.579147e+00
48  1.269930e+01  4.435622e-02
49  4.489941e+00  7.922150e+01
50  -3.730517e+01  3.236295e+02
51  -5.761798e+01  5.569201e+02
52  1.601903e+02  6.086803e+02
53  1.333396e+02  5.852738e+02
54  -2.976577e+02  3.548059e+02
55  -1.374706e+03  7.127707e+02
56  -2.339494e+03  1.503612e+03
57  -2.157679e+03  1.306520e+03
58  -3.222304e+03  1.626187e+03
59  -1.072374e+04  3.740906e+03
60  -3.135450e+04  3.440674e+03
61  -9.678865e+04  -1.692211e+03
62  -2.886581e+05  -9.934851e+02
63  -1.024776e+06  1.108550e+02
ENDPROP
STARTPROP
MASSES:  4.200000e-03   4.500000e-02
SOURCE: GAM_45
SINKS: GAM_45
0  -1.304242e+06  8.664098e+03
1  9.335113e+05  6.922073e+03
2  4.684886e+05  3.522405e+03
3  3.262710e+05  3.825827e+03
4  2.246791e+05  3.010875e+03
5  1.574986e+05  5.040866e+02
6  1.077700e+05  1.906304e+03
7  7.581431e+04  1.441311e+03
8  5.253709e+04  1.171388e+03
9  3.640166e+04  1.389754e+03
10  2.528817e+04  8.082787e+02
11  1.717596e+04  5.132464e+02
12  1.171729e+04  2.452073e+02
13  7.797538e+03  1.358334e+02
14  5.355434e+03  -1.306930e+00
15  3.679053e+03  -1.789780e+01
16  2.437528e+03  -5.293605e+01
17  1.774271e+03  1.136712e+01
18  1.232304e+03  2.009498e+01
19  8.462594e+02  2.387356e+01
20  6.040807e+02  1.430223e+01
21  4.254531e+02  4.554979e+00
22  2.917977e+02  4.606436e+00
23  2.001996e+02  1.161305e+00
24  1.305822e+02  1.917536e-01
25  9.013762e+01  -3.096382e-02
26  6.111225e+01  2.978744e+00
27  4.213703e+01  4.066460e-01
28  2.974214e+01  -1.426335e-01
29  2.137955e+01  -7.449275e-01
30  1.690662e+01  -7.314003e-01
31  1.342433e+01  -6.567141e-01
32  1.197551e+01  -1.106801e+00
33  1.159619e+01  -1.505450e+00
34  1.292423e+01  -1.495021e+00
35  1.648583e+01  -1.756486e+00
36  2.438447e+01  -1.820341e+00
37  3.521917e+01  -1.473335e+00
38  5.276760e+01  -8.710367e-01
39  7.732872e+01  2.526461e+00
40  1.139690e+02  6.082366e-01
41  1.632635e+02  1.514152e+00
42  2.392842e+02  2.023194e+00
43  3.375480e+02  4.179034e-01
44  5.017046e+02  6.621553e+00
45  7.438301e+02  2.535214e+01
46  1.102252e+03  4.066977e+01
47  1.595447e+03  3.656879e+01
48  2.315505e+03  4.419672e+01
49  3.323897e+03  1.516257e+02
50  4.859096e+03  2.845564e+02
51  7.267384e+03  4.067137e+02
52  1.077270e+04  6.537447e+02
53  1.545756e+04  1.152417e+03
54  2.219705e+04  1.945254e+03
55  3.226735e+04  2.511039e+03
56  4.665080e+04  3.874564e+03
57  6.706725e+04  5.797389e+03
58  9.871089e+04  7.586310e+03
59  1.471041e+05  9.010753e+03
60  2.127994e+05  1.049157e+04
61  3.181484e+05  1.179335e+04
62  4.634564e+05  8.378560e+03
63  9.257107e+05  5.546375e+03
ENDPROP
STARTPROP
MASSES:  4.200000e-03   4.500000e-02
SOURCE: PSAX4
SINKS: GAM_4
0  2.035104e+04  -4.788540e+03
1  1.662201e+06  -5.467026e+03
2  1.039485e+06  -6.983214e+03
3  7.121660e+05  -1.623345e+03
4  4.914441e+05  -1.603426e+03
5  3.431719e+05  -8.272943e+02
6  2.359376e+05  7.109987e+01
7  1.656352e+05  8.983800e+02
8  1.145928e+05  3.271238e+02
9  7.996185e+04  5.897378e+02
10  5.580842e+04  1.174224e+02
11  3.850367e+04  6.057558e+01
12  2.628740e+04  -2.467328e+01
13  1.778001e+04  -1.182185e+02
14  1.213018e+04  -3.059887e+02
15  8.202550e+03  -1.957586e+02
16  5.547389e+03  -2.162162e+02
17  3.906710e+03  -1.531143e+02
18  2.681631e+03  -1.145511e+02
19  1.819996e+03  -8.136310e+01
20  1.260456e+03  -6.582966e+01
21  8.776934e+02  -4.596589e+01
22  6.036520e+02  -3.607836e+01
23  4.136488e+02  -2.730267e+01
24  2.759396e+02  -1.973004e+01
25  1.885934e+02  -1.481761e+01
26  1.257388e+02  -7.083636e+00
27  8.298148e+01  -5.261303e+00
28  5.598505e+01  -2.782643e+00
29  3.565872e+01  -1.406527e+00
30  2.273817e+01  -8.643851e-01
31  1.142318e+01  2.938094e-01
32  1.299752e+00  1.062631e+00
33  -7.889102e+00  1.709067e+00
34  -1.790346e+01  1.800965e+00
35  -3.086180e+01  2.995492e+00
36  -4.934454e+01  3.723446e+00
37  -7.462571e+01  4.154868e+00
38  -1.103904e+02  4.905890e+00
39  -1.618636e+02  5.073629e+00
40  -2.386068e+02  1.187715e+01
41  -3.390353e+02  2.142194e+01
42  -4.964396e+02  3.394437e+01
43  -7.123494e+02  4.807442e+01
44  -1.053766e+03  7.286888e+01
45  -1.540260e+03  8.519496e+01
46  -2.238770e+03  1.246547e+02
47  -3.284688e+03  1.633407e+02
48  -4.730389e+03  2.702720e+02
49  -6.915620e+03  2.673541e+02
50  -1.012641e+04  3.442258e+02
51  -1.509981e+04  4.524963e+02
52  -2.227274e+04  5.351645e+02
53  -3.248072e+04  5.021537e+02
54  -4.701445e+04  -2.285358e+02
55  -6.812771e+04  -6.592358e+02
56  -9.895553e+04  -2.012046e+03
57  -1.431723e+05  -4.002558e+03
58  -2.110311e+05  -4.919482e+03
59  -3.154127e+05  -6.451148e+03
60  -4.618507e+05  -8.425693e+03
61  -6.853025e+05  -1.096989e+04
62  -1.000333e+06  -1.096328e+04
63  -1.626312e+06  -9.182972e+03
ENDPROP
STARTPROP
MASSES:  4.200000e-03   4.500000e-02
SOURCE: WWPSAX4
SINKS: GAM_4
0  2.299450e+08  1.673415e+08
1  9.593278e+08  8.647903e+07
2  5.938388e+08  7.822369e+07
3  4.996656e+08  2.333981e+07
4  2.027941e+08  3.571916e+07
5  2.587201e+08  -2.288490e+07
6  1.477795e+08  1.184861e+07
7  6.086643e+07  -2.428848e+07
8  8.455847e+07  -1.192932e+07
9  6.774882e+07  -9.197710e+06
10  2.506119e+07  -6.528571e+06
11  2.944256e+07  -1.020757e+06
12  1.505741e+07  4.299839e+06
13  9.248310e+06  -6.448301e+05
14  1.167358e+07  4.387215e+06
15  4.260846e+06  3.911846e+05
16  2.071616e+06  -8.956685e+05
17  1.357064e+06  -5.873707e+05
18  1.413191e+06  1.570265e+05
19  7.323853e+05  1.854745e+05
20  7.044781e+05  -5.257840e+04
21  4.395243e+05  9.792125e+04
22  4.580604e+05  -5.353120e+04
23  1.354277e+05  1.023761e+05
24  2.534205e+05  -6.430979e+04
25  9.529565e+04  -3.581935e+04
26  1.185333e+05  -4.676425e+04
27  2.562368e+04  2.982391e+04
28  3.736874e+04  -2.008585e+04
29  2.721039e+03  -1.690151e+04
30  2.383550e+03  -3.286887e+03
31  -2.324900e+03  -6.129967e+03
32  -4.616690e+03  -7.739957e+02
33  6.173786e+03  5.346526e+03
34  8.404491e+03  -1.847549e+04
35  8.422803e+02  6.546944e+03
36  -5.721089e+04  7.769489e+03
37  -8.486753e+04  -2.927046e+03
38  -8.765553e+04  4.286057e+02
39  -5.406032e+04  -4.636627e+03
40  -6.396999e+04  -1.428664e+04
41  -1.941904e+05  -2.758395e+04
42  -2.263749e+05  1.426946e+04
43  -1.640181e+05  5.913299e+03
44  -8.559744e+05  1.216131e+05
45  -8.146836e+05  -9.174767e+04
46  -1.280356e+06  2.885372e+05
47  -7.650791e+05  -2.633017e+05
48  -2.292419e+06  -3.538698e+05
49  -2.996622e+06  -7.822891e+04
50  -5.819681e+06  1.788065e+06
51  -1.310417e+07  -1.498136e+06
52  -1.645036e+07  1.539604e+06
53  -1.604483e+07  2.585286e+06
54  -2.618731e+07  -3.933860e+06
55  -3.032153e+07  1.160036e+06
56  -8.324457e+07  8.940183e+05
57  -6.341563e+07  8.239653e+06
58  -1.047458e+08  1.920642e+07
59  -1.607622e+08  -1.780344e+07
60  -2.712081e+08  -2.487205e+07
61  -2.731329e+08  -2.469336e+07
62  -5.267889e+08  -9.443371e+07
63  -1.968746e+09  5.794625e+07
ENDPROP
STARTPROP
MASSES:  4.200000e-03   4.500000e-02
SOURCE: WWGAM_5
SINKS: GAM_5
0  1.675789e+10  -2.719063e+01
1  1.874973e+09  5.879744e+07
2  1.110110e+09  1.067716e+08
3  8.263554e+08  3.166889e+07
4  5.619773e+08  4.303057e+07
5  4.517607e+08  3.152319e+06
6  3.521235e+08  1.479649e+07
7  1.700265e+08  -2.598415e+07
8  1.342153e+08  7.748973e+06
9  1.005626e+08  -6.917404e+06
10  6.260862e+07  -9.803129e+05
11  5.662070e+07  -1.021049e+06
12  2.931691e+07  3.596262e+06
13  1.562632e+07  1.043832e+06
14  1.727957e+07  3.268684e+06
15  1.143907e+07  -1.082285e+06
16  6.026308e+06  3.847795e+05
17  3.448651e+06  -4.679255e+05
18  3.548229e+06  2.152097e+05
19  1.872350e+06  1.377186e+05
20  1.732601e+06  3.437033e+04
21  1.083034e+06  9.337497e+03
22  6.144653e+05  -4.878244e+04
23  4.130511e+05  1.317105e+05
24  4.427678e+05  -6.538431e+04
25  2.457500e+05  -9.474096e+03
26  1.806594e+05  -6.290962e+04
27  9.491304e+04  4.141588e+04
28  9.195889e+04  -2.662262e+04
29  3.865557e+04  -1.183084e+04
30  2.658141e+04  -8.605086e+03
31  2.777511e+04  5.916420e+03
32  3.954849e+04  -1.379300e+04
33  3.799138e+04  1.482676e+03
34  3.398586e+04  1.002272e+04
35  5.392312e+04  -7.664880e+03
36  1.091643e+05  -2.022389e+04
37  1.363122e+05  -5.204526e+03
38  1.872941e+05  -1.671482e+04
39  1.389558e+05  4.004241e+03
40  2.066284e+05  -1.868364e+04
41  3.952375e+05  -7.485182e+04
42  5.320714e+05  -8.087397e+04
43  8.054473e+05  5.479248e+04
44  1.406359e+06  -2.987838e+05
45  1.673421e+06  6.874540e+04
46  2.746266e+06  -2.162151e+05
47  3.135553e+06  1.244869e+05
48  5.018611e+06  -4.719275e+05
49  7.304759e+06  7.843527e+05
50  1.147572e+07  1.032911e+06
51  2.008322e+07  2.613981e+06
52  2.889009e+07  3.310801e+05
53  3.273783e+07  -1.893635e+06
54  5.542734e+07  -2.727062e+05
55  7.507176e+07  -1.078012e+06
56  1.660357e+08  9.293846e+06
57  1.444435e+08  -1.492712e+07
58  2.245625e+08  -2.351882e+05
59  3.217860e+08  4.094536e+07
60  6.115243e+08  -4.474233e+07
61  6.814122e+08  2.011583e+07
62  1.053427e+09  7.957345e+07
63  3.005149e+09  -8.789714e+07
ENDPROP
