STARTPROP
MASSES:  4.500000e-02   4.500000e-02
SOURCE: GAM_1
SINKS: GAM_1
0  1.300543e+06  -1.952112e+03
1  1.943837e+06  1.012001e+03
2  8.803367e+05  2.437557e+02
3  4.469733e+05  -1.492209e+02
4  2.150117e+05  -4.407673e+02
5  1.008776e+05  -5.154147e+02
6  4.579748e+04  -4.123524e+02
7  2.055130e+04  -2.605022e+02
8  9.679874e+03  -2.765516e+02
9  4.374744e+03  -1.621687e+02
10  1.933350e+03  -5.582562e+01
11  9.413575e+02  -2.799218e+01
12  4.082721e+02  -1.587652e+01
13  2.112309e+02  -9.316891e+00
14  1.149331e+02  -1.600896e+01
15  4.444162e+01  -1.365225e+01
16  8.593152e+00  -9.877973e+00
17  -6.460962e+00  -6.306821e+00
18  -6.310068e+00  -3.438569e+00
19  -2.674357e+00  -1.847742e+00
20  -6.105158e-01  -1.063050e+00
21  -6.513908e-02  -7.245603e-01
22  2.387678e-01  -4.117665e-01
23  1.092823e-01  -1.898247e-01
24  -2.467443e-01  -6.687684e-02
25  -2.356565e-01  3.193473e-02
26  -1.330784e-01  3.809236e-02
27  -1.132239e-01  1.874214e-02
28  -7.447077e-02  2.275945e-03
29  -5.502215e-02  -2.419896e-03
30  -2.565135e-02  -1.082250e-03
31  -1.513218e-02  6.654393e-04
32  -1.466180e-02  2.308042e-03
33  -1.723098e-02  4.703203e-03
34  -2.583875e-02  5.401695e-03
35  -3.542979e-02  7.479751e-03
36  -7.522129e-02  1.363624e-02
37  -1.154854e-01  2.723787e-02
38  -1.929392e-01  3.334597e-02
39  -2.507011e-01  4.967070e-02
40  -1.668792e-01  8.507540e-02
41  2.505410e-01  8.160461e-02
42  4.059143e-01  -1.997466e-02
43  -5.013800e-03  -2.090244e-01
44  1.557562e-01  -2.058276e-01
45  8.466785e-01  -3.436805e-01
46  -1.157267e+00  -1.632233e+00
47  7.296627e-01  -3.785376e+00
48  -2.476124e+00  -6.162603e+00
49  6.686232e+00  -7.313774e+00
50  4.445877e+01  -1.441784e+01
51  1.295326e+02  -2.838334e+01
52  2.082743e+02  -3.383257e+01
53  5.595852e+02  -6.877624e+01
54  1.482889e+03  -1.629137e+02
55  4.026847e+03  -2.964296e+02
56  9.425545e+03  -3.647390e+02
57  2.156548e+04  -3.775214e+02
58  4.596490e+04  -4.957567e+02
59  9.719751e+04  -5.984186e+02
60  2.086615e+05  -7.181979e+02
61  4.380056e+05  -8.197055e+02
62  8.732480e+05  -7.842960e+02
63  1.936927e+06  -1.993105e+03
ENDPROP
STARTPROP
MASSES:  4.500000e-02   4.500000e-02
SOURCE: GAM_2
SINKS: GAM_2
0  1.348541e+06  -1.439976e+03
1  1.977814e+06  2.755822e+03
2  8.989275e+05  2.069771e+03
3  4.524976e+05  2.168065e+02
4  2.132130e+05  -6.904395e+02
5  1.043541e+05  -3.410974e+02
6  5.153852e+04  -2.256545e+02
7  2.477242e+04  -1.918261e+01
8  1.180869e+04  1.172114e+02
9  5.551022e+03  1.555480e+02
10  2.543792e+03  1.135951e+02
11  1.230387e+03  6.152767e+01
12  5.809323e+02  3.998675e+01
13  2.619321e+02  3.102220e+01
14  1.093500e+02  1.369669e+01
15  4.568515e+01  6.035087e+00
16  2.236136e+01  1.557426e+00
17  1.407894e+01  -2.113574e-02
18  6.950333e+00  -6.694718e-01
19  2.631585e+00  -4.452562e-01
20  -7.555227e-01  -4.081508e-02
21  -1.610549e+00  3.007925e-01
22  -1.829865e+00  2.867025e-01
23  -1.095679e+00  1.642068e-01
24  -4.552929e-01  9.665865e-02
25  -2.535389e-01  3.705884e-02
26  -5.016489e-02  2.888774e-02
27  -2.029811e-02  2.455282e-02
28  -2.421300e-02  1.565816e-02
29  -5.245892e-02  5.793699e-03
30  -3.292723e-02  2.410201e-03
31  -8.000531e-03  -9.316770e-04
32  5.740901e-03  -2.630620e-03
33  9.535969e-03  -2.202523e-03
34  1.935587e-02  -3.152500e-03
35  3.116423e-02  -1.471664e-03
36  5.673411e-02  7.724724e-03
37  1.414678e-01  3.489941e-02
38  3.025176e-01  5.875552e-02
39  4.829265e-01  5.330384e-02
40  6.601962e-01  8.051125e-02
41  7.534242e-01  1.754706e-01
42  7.989722e-01  3.731947e-01
43  7.054046e-01  5.855738e-01
44  3.137599e-01  1.431021e+00
45  5.428039e-01  2.603985e+00
46  4.507109e+00  3.308857e+00
47  1.051224e+01  3.738216e+00
48  2.873779e+01  6.684970e+00
49  6.663572e+01  1.066122e+01
50  1.869052e+02  1.635653e+01
51  3.452894e+02  1.184426e+01
52  7.054079e+02  -1.344108e+00
53  1.476541e+03  7.595287e+00
54  2.883898e+03  4.174556e+01
55  5.438428e+03  1.008297e+02
56  1.113315e+04  6.299899e+01
57  2.312054e+04  3.762601e+00
58  4.738237e+04  -2.935217e+02
59  9.902547e+04  -8.813588e+02
60  2.102519e+05  -1.387525e+03
61  4.373948e+05  -1.622791e+03
62  8.776968e+05  -1.462723e+03
63  1.964825e+06  -3.342690e+03
ENDPROP
STARTPROP
MASSES:  4.500000e-02   4.500000e-02
SOURCE: GAM_3
SINKS: GAM_3
0  1.265524e+06  9.863792e+02
1  1.926198e+06  4.740416e+03
2  8.684487e+05  1.689628e+03
3  4.413552e+05  2.287996e-01
4  2.143469e+05  -4.826770e+02
5  1.010151e+05  -3.825370e+02
6  4.645069e+04  -6.549566e+02
7  2.158938e+04  -4.209973e+02
8  1.022169e+04  -1.517629e+02
9  4.749193e+03  -5.200347e+01
10  2.271092e+03  -1.596393e+00
11  9.878324e+02  1.387411e+01
12  4.107323e+02  1.280214e+01
13  2.380546e+02  5.708365e+00
14  1.280635e+02  3.446738e+00
15  5.971229e+01  1.772162e+00
16  1.940534e+01  2.658446e+00
17  9.303332e+00  1.124019e+00
18  6.257321e+00  3.823234e-01
19  2.869696e+00  2.140644e-01
20  1.642343e+00  4.487670e-01
21  8.822414e-01  5.637295e-01
22  7.586643e-01  4.064064e-01
23  8.294556e-01  2.331810e-01
24  6.297343e-01  1.573209e-01
25  3.955187e-01  1.078065e-01
26  2.372253e-01  6.011606e-02
27  1.040500e-01  2.912768e-02
28  6.505135e-02  1.406311e-02
29  2.916408e-02  1.036953e-02
30  8.709979e-03  7.164184e-03
31  4.563880e-03  5.040328e-03
32  -9.563444e-04  3.370474e-03
33  -1.064571e-02  4.120077e-03
34  -3.330078e-02  3.199220e-03
35  -5.691599e-02  3.029361e-03
36  -7.280258e-02  -7.902103e-03
37  -1.207257e-01  -1.962478e-02
38  -2.135221e-01  -2.364497e-02
39  -4.085302e-01  -2.755640e-02
40  -8.368805e-01  -5.426455e-02
41  -1.186936e+00  -6.428484e-02
42  -1.365437e+00  -2.622023e-02
43  -2.272462e+00  -1.629739e-01
44  -3.520628e+00  -3.022429e-01
45  -4.560106e+00  -5.883791e-01
46  -6.517008e+00  -2.324249e-01
47  -5.132162e+00  2.012838e+00
48  1.017067e+01  4.737837e+00
49  4.763680e+01  5.435021e+00
50  1.183423e+02  7.509220e-01
51  2.592212e+02  -1.695246e+01
52  5.488913e+02  -4.492515e+01
53  1.051189e+03  -7.211928e+01
54  1.888360e+03  -9.517613e+01
55  3.918695e+03  -1.637058e+02
56  9.151644e+03  -1.747660e+02
57  2.096537e+04  -1.341317e+01
58  4.459866e+04  -5.331668e+01
59  9.273151e+04  -1.231960e+02
60  2.006535e+05  -7.597549e+02
61  4.259670e+05  -6.410813e+02
62  8.557844e+05  -7.171610e+02
63  1.908075e+06  -2.130610e+03
ENDPROP
STARTPROP
MASSES:  4.500000e-02   4.500000e-02
SOURCE: GAM_4
SINKS: GAM_4
0  2.113525e+06  -2.280369e+03
1  -2.664833e+05  -3.768394e+03
2  -2.825364e+03  -1.604667e+03
3  -1.415117e+03  -8.027339e+02
4  6.930527e+02  -4.780965e+02
5  -1.688067e+02  -5.823980e+01
6  1.493849e+02  -6.933789e+01
7  -1.024133e+02  6.711787e+00
8  1.508450e+01  -1.251401e+01
9  -3.905895e+00  3.272260e+00
10  -7.928748e+00  8.276285e+00
11  1.532787e+01  1.156403e+01
12  -1.853371e+00  8.601221e+00
13  1.403452e+01  6.097894e+00
14  3.117254e-02  2.167600e+00
15  -3.066329e+00  2.349752e-01
16  -7.431436e-01  -2.975752e-01
17  1.431120e-01  1.837866e-01
18  -8.482828e-01  3.882368e-01
19  -3.524424e-01  2.057532e-01
20  -1.973199e-01  9.618552e-03
21  -5.510957e-02  -4.142664e-02
22  -1.013334e-01  -6.948954e-02
23  -2.790007e-02  2.764837e-03
24  3.979420e-02  -1.661838e-02
25  5.836685e-05  -1.083754e-02
26  1.283128e-02  -2.307699e-03
27  1.379431e-02  -5.153371e-04
28  1.334449e-02  -1.559182e-03
29  9.642582e-03  -1.640193e-03
30  8.065404e-03  -2.746447e-03
31  8.528784e-03  -2.659782e-03
32  6.666891e-03  -1.664430e-03
33  8.299457e-03  -1.668997e-03
34  7.942474e-03  6.215551e-05
35  1.136389e-02  1.247687e-03
36  6.721322e-03  -3.912815e-04
37  1.451681e-02  -5.566009e-03
38  1.744371e-02  -7.092698e-03
39  1.566697e-03  -6.359145e-03
40  2.093962e-02  -1.525957e-02
41  4.607235e-02  -1.527279e-02
42  -4.228135e-02  1.667209e-02
43  1.515853e-01  3.161652e-02
44  -8.459399e-02  -1.289113e-01
45  6.396840e-02  3.393484e-02
46  2.933635e-01  1.390297e-01
47  2.805160e-01  4.419338e-01
48  1.270994e+00  7.289731e-01
49  3.022819e+00  2.072361e+00
50  2.581684e+00  4.478970e+00
51  -3.071996e+00  2.608785e-01
52  2.290197e+01  -8.537421e+00
53  1.999160e+01  -2.392250e+01
54  -2.278638e+01  -3.436491e+01
55  7.954293e+00  -2.194688e+01
56  -5.918292e+00  1.226271e+01
57  -2.273918e+01  1.827356e+01
58  6.042146e+01  -1.769935e+01
59  -2.559699e+02  1.927229e+02
60  -1.123221e+03  2.334908e+02
61  -1.986419e+03  1.316282e+02
62  -1.943599e+03  1.995571e+02
63  -2.615620e+05  6.036635e+02
ENDPROP
STARTPROP
MASSES:  4.500000e-02   4.500000e-02
SOURCE: GAM_5
SINKS: GAM_5
0  5.257363e+06  -5.482142e+03
1  5.166688e+06  5.763995e+03
2  3.296204e+06  4.272255e+03
3  2.134782e+06  2.210102e+03
4  1.323706e+06  1.415077e+03
5  8.109280e+05  -5.320685e+02
6  4.938588e+05  -1.836150e+03
7  2.941871e+05  -1.378625e+03
8  1.748773e+05  -1.062075e+03
9  1.049704e+05  -5.784197e+02
10  6.340165e+04  -2.602075e+02
11  3.874825e+04  -9.970585e+01
12  2.355130e+04  3.642001e+01
13  1.434348e+04  -5.480625e+00
14  8.814359e+03  -3.039856e+01
15  5.405105e+03  -4.344044e+01
16  3.316355e+03  -3.780033e+01
17  1.992676e+03  -1.746739e+01
18  1.198477e+03  -7.023187e+00
19  7.165510e+02  -3.882472e+00
20  4.290859e+02  -1.984676e+00
21  2.602466e+02  -4.562935e-01
22  1.552668e+02  5.487535e-01
23  9.342895e+01  5.823586e-01
24  5.620617e+01  5.376642e-01
25  3.368421e+01  3.294655e-01
26  2.024621e+01  1.857976e-01
27  1.227930e+01  9.962916e-02
28  7.852712e+00  5.822117e-02
29  5.131137e+00  3.407028e-02
30  3.384420e+00  2.111682e-02
31  2.409092e+00  2.265784e-02
32  2.077383e+00  2.266356e-02
33  2.294146e+00  2.665437e-02
34  3.098365e+00  3.718857e-02
35  4.651727e+00  6.056086e-02
36  7.309844e+00  1.038799e-01
37  1.184930e+01  1.713443e-01
38  1.969088e+01  2.721293e-01
39  3.336183e+01  4.050429e-01
40  5.622356e+01  6.592526e-01
41  9.339606e+01  1.101294e+00
42  1.556473e+02  1.862133e+00
43  2.572246e+02  2.943931e+00
44  4.203053e+02  4.633139e+00
45  6.903835e+02  3.630086e+00
46  1.135967e+03  6.056243e+00
47  1.853639e+03  1.152621e+01
48  3.097689e+03  1.890245e+01
49  5.104639e+03  2.776189e+01
50  8.429255e+03  7.012978e+01
51  1.395678e+04  1.399647e+02
52  2.310194e+04  2.192099e+02
53  3.837998e+04  3.694673e+02
54  6.428409e+04  4.673702e+02
55  1.066830e+05  5.381779e+02
56  1.732251e+05  5.544845e+01
57  2.861605e+05  -8.626529e+02
58  4.734069e+05  -1.571983e+03
59  7.809064e+05  -3.016656e+03
60  1.284878e+06  -5.603487e+03
61  2.079352e+06  -8.971195e+03
62  3.254793e+06  -1.090551e+04
63  5.184020e+06  -1.236316e+04
ENDPROP
STARTPROP
MASSES:  4.500000e-02   4.500000e-02
SOURCE: GAM_12
SINKS: GAM_12
0  8.675762e+05  2.167969e+03
1  -6.521481e+05  -2.093824e+03
2  -1.566530e+05  -1.326755e+03
3  -5.841548e+04  -6.050909e+02
4  -1.772895e+04  -4.302761e+02
5  -4.931904e+03  -2.324168e+02
6  -2.008250e+03  -7.898448e+01
7  -1.321135e+03  -1.148491e+02
8  -7.044220e+02  -9.308026e+01
9  -2.165229e+02  -6.498864e+01
10  -9.124734e+01  -3.772924e+01
11  -6.574609e+00  -3.032766e+01
12  -9.221304e+00  -1.838985e+01
13  -1.539633e+01  -1.251659e+01
14  -2.793853e+00  -7.625068e+00
15  -6.673706e+00  -2.940006e+00
16  -1.834783e+00  -1.787974e+00
17  2.543842e+00  -7.658766e-01
18  2.888811e+00  8.720696e-03
19  1.730103e+00  1.115802e-01
20  7.914767e-01  1.290683e-02
21  4.808995e-01  -9.080648e-03
22  3.837143e-01  -1.483211e-02
23  2.881616e-01  -2.851719e-02
24  1.231355e-01  -1.010805e-02
25  7.235123e-02  7.044944e-04
26  5.718198e-02  8.417897e-03
27  5.237112e-02  9.874446e-03
28  3.759011e-02  3.686028e-03
29  2.562901e-02  -2.747012e-03
30  2.896174e-02  -3.387889e-03
31  1.829801e-02  -2.375848e-03
32  1.184009e-02  -1.731315e-03
33  1.237037e-02  -1.643714e-03
34  1.801442e-02  -1.015255e-03
35  2.069926e-02  -1.627897e-03
36  1.100031e-02  -1.888683e-03
37  -6.263453e-03  -2.981942e-03
38  -4.235478e-02  -2.484244e-03
39  -5.355682e-02  1.057504e-02
40  -1.163134e-01  3.375748e-03
41  -9.590520e-02  1.894103e-02
42  -2.493229e-01  5.576582e-02
43  -4.661195e-01  1.403697e-01
44  -5.225325e-01  2.210749e-01
45  -3.604363e-01  3.692488e-01
46  -1.117412e+00  2.076427e-01
47  -4.598445e-01  -6.845904e-01
48  8.328168e-01  -7.639036e-01
49  1.122012e+01  -1.831196e+00
50  2.390787e+01  -2.699884e+00
51  5.525764e+01  -1.194165e+00
52  6.058706e+01  9.788211e+00
53  6.080269e+01  1.915822e+01
54  7.345296e+00  3.416669e+01
55  -7.788411e+01  8.292552e+01
56  -4.217155e+02  7.833630e+01
57  -1.496057e+03  7.988850e+01
58  -3.855247e+03  2.484219e+02
59  -8.467354e+03  3.586597e+02
60  -2.164711e+04  2.496447e+02
61  -5.605780e+04  3.821216e+01
62  -1.477071e+05  9.207934e+02
63  -6.458175e+05  2.663109e+03
ENDPROP
STARTPROP
MASSES:  4.500000e-02   4.500000e-02
SOURCE: GAM_21
SINKS: GAM_21
0  8.675762e+05  2.167969e+03
1  -6.521481e+05  -2.093824e+03
2  -1.566530e+05  -1.326755e+03
3  -5.841548e+04  -6.050909e+02
4  -1.772895e+04  -4.302761e+02
5  -4.931904e+03  -2.324168e+02
6  -2.008250e+03  -7.898448e+01
7  -1.321135e+03  -1.148491e+02
8  -7.044220e+02  -9.308026e+01
9  -2.165229e+02  -6.498864e+01
10  -9.124734e+01  -3.772924e+01
11  -6.574609e+00  -3.032766e+01
12  -9.221304e+00  -1.838985e+01
13  -1.539633e+01  -1.251659e+01
14  -2.793853e+00  -7.625068e+00
15  -6.673706e+00  -2.940006e+00
16  -1.834783e+00  -1.787974e+00
17  2.543842e+00  -7.658766e-01
18  2.888811e+00  8.720696e-03
19  1.730103e+00  1.115802e-01
20  7.914767e-01  1.290683e-02
21  4.808995e-01  -9.080648e-03
22  3.837143e-01  -1.483211e-02
23  2.881616e-01  -2.851719e-02
24  1.231355e-01  -1.010805e-02
25  7.235123e-02  7.044944e-04
26  5.718198e-02  8.417897e-03
27  5.237112e-02  9.874446e-03
28  3.759011e-02  3.686028e-03
29  2.562901e-02  -2.747012e-03
30  2.896174e-02  -3.387889e-03
31  1.829801e-02  -2.375848e-03
32  1.184009e-02  -1.731315e-03
33  1.237037e-02  -1.643714e-03
34  1.801442e-02  -1.015255e-03
35  2.069926e-02  -1.627897e-03
36  1.100031e-02  -1.888683e-03
37  -6.263453e-03  -2.981942e-03
38  -4.235478e-02  -2.484244e-03
39  -5.355682e-02  1.057504e-02
40  -1.163134e-01  3.375748e-03
41  -9.590520e-02  1.894103e-02
42  -2.493229e-01  5.576582e-02
43  -4.661195e-01  1.403697e-01
44  -5.225325e-01  2.210749e-01
45  -3.604363e-01  3.692488e-01
46  -1.117412e+00  2.076427e-01
47  -4.598445e-01  -6.845904e-01
48  8.328168e-01  -7.639036e-01
49  1.122012e+01  -1.831196e+00
50  2.390787e+01  -2.699884e+00
51  5.525764e+01  -1.194165e+00
52  6.058706e+01  9.788211e+00
53  6.080269e+01  1.915822e+01
54  7.345296e+00  3.416669e+01
55  -7.788411e+01  8.292552e+01
56  -4.217155e+02  7.833630e+01
57  -1.496057e+03  7.988850e+01
58  -3.855247e+03  2.484219e+02
59  -8.467354e+03  3.586597e+02
60  -2.164711e+04  2.496447e+02
61  -5.605780e+04  3.821216e+01
62  -1.477071e+05  9.207934e+02
63  -6.458175e+05  2.663109e+03
ENDPROP
STARTPROP
MASSES:  4.500000e-02   4.500000e-02
SOURCE: GAM_13
SINKS: GAM_13
0  9.340294e+05  -1.602293e+03
1  -6.159538e+05  -1.655452e+03
2  -1.353371e+05  4.560108e+02
3  -4.735991e+04  5.220883e+02
4  -1.336504e+04  4.208350e+02
5  -3.295941e+03  1.390641e+02
6  -5.260228e+02  -1.138753e+02
7  3.094234e+02  -1.598486e+02
8  2.006063e+02  -1.091581e+02
9  2.195901e+02  -2.552338e+01
10  1.279289e+02  -2.727356e+00
11  6.993748e+01  8.760602e+00
12  5.230170e+01  1.184508e+01
13  3.705802e+01  7.918945e+00
14  1.048750e+01  4.015552e-01
15  8.522541e-01  -8.597103e-01
16  -5.463637e+00  -1.185756e-01
17  -6.868988e+00  -3.469089e-01
18  -2.241886e+00  -1.739540e-01
19  -1.366493e+00  -3.556092e-03
20  -1.152452e+00  -4.043375e-03
21  -2.372317e-01  -1.023151e-02
22  2.384787e-01  -4.846857e-03
23  2.004842e-01  -1.532459e-02
24  6.903639e-02  -4.853037e-03
25  4.423728e-02  1.067198e-02
26  5.342206e-02  1.502152e-03
27  3.233235e-02  -2.294784e-03
28  6.797160e-03  3.573121e-03
29  4.749924e-03  1.353405e-03
30  -7.479695e-04  -1.468351e-04
31  5.706612e-04  4.322483e-04
32  4.345692e-03  2.158274e-03
33  1.532774e-03  1.956065e-03
34  -1.309944e-03  1.849513e-03
35  -3.686913e-03  5.162070e-04
36  -5.255598e-03  -7.076031e-03
37  -1.391041e-02  -5.136240e-03
38  -1.401926e-02  2.466772e-03
39  -3.199627e-02  1.379308e-02
40  -5.838298e-03  5.694948e-02
41  1.185711e-01  1.197073e-01
42  1.505284e-02  2.101607e-01
43  1.528225e-01  3.174411e-01
44  9.947164e-01  3.790994e-01
45  5.946035e-01  -8.809289e-02
46  -1.677012e+00  -6.989779e-01
47  -4.762817e+00  -1.468336e+00
48  -2.201483e+00  -2.598325e+00
49  -1.961461e+00  -3.408254e+00
50  -6.145947e+00  -3.247989e+00
51  -2.926387e+01  -1.695914e+00
52  -1.061389e+02  -2.466946e+00
53  -1.777906e+02  -1.733664e+01
54  -1.815463e+02  -2.480915e+01
55  -2.102166e+02  -1.132596e+01
56  -3.074626e+02  3.058981e+01
57  -8.541491e+02  4.686233e+01
58  -1.402160e+03  -6.204455e+00
59  -5.105144e+03  -1.525500e+02
60  -1.542467e+04  -3.324452e+02
61  -4.488133e+04  -5.235410e+02
62  -1.220626e+05  -3.071725e+02
63  -5.955888e+05  -1.225302e+03
ENDPROP
STARTPROP
MASSES:  4.500000e-02   4.500000e-02
SOURCE: GAM_31
SINKS: GAM_31
0  9.340294e+05  -1.602293e+03
1  -6.159538e+05  -1.655452e+03
2  -1.353371e+05  4.560108e+02
3  -4.735991e+04  5.220883e+02
4  -1.336504e+04  4.208350e+02
5  -3.295941e+03  1.390641e+02
6  -5.260228e+02  -1.138753e+02
7  3.094234e+02  -1.598486e+02
8  2.006063e+02  -1.091581e+02
9  2.195901e+02  -2.552338e+01
10  1.279289e+02  -2.727356e+00
11  6.993748e+01  8.760602e+00
12  5.230170e+01  1.184508e+01
13  3.705802e+01  7.918945e+00
14  1.048750e+01  4.015552e-01
15  8.522541e-01  -8.597103e-01
16  -5.463637e+00  -1.185756e-01
17  -6.868988e+00  -3.469089e-01
18  -2.241886e+00  -1.739540e-01
19  -1.366493e+00  -3.556092e-03
20  -1.152452e+00  -4.043375e-03
21  -2.372317e-01  -1.023151e-02
22  2.384787e-01  -4.846857e-03
23  2.004842e-01  -1.532459e-02
24  6.903639e-02  -4.853037e-03
25  4.423728e-02  1.067198e-02
26  5.342206e-02  1.502152e-03
27  3.233235e-02  -2.294784e-03
28  6.797160e-03  3.573121e-03
29  4.749924e-03  1.353405e-03
30  -7.479695e-04  -1.468351e-04
31  5.706612e-04  4.322483e-04
32  4.345692e-03  2.158274e-03
33  1.532774e-03  1.956065e-03
34  -1.309944e-03  1.849513e-03
35  -3.686913e-03  5.162070e-04
36  -5.255598e-03  -7.076031e-03
37  -1.391041e-02  -5.136240e-03
38  -1.401926e-02  2.466772e-03
39  -3.199627e-02  1.379308e-02
40  -5.838298e-03  5.694948e-02
41  1.185711e-01  1.197073e-01
42  1.505284e-02  2.101607e-01
43  1.528225e-01  3.174411e-01
44  9.947164e-01  3.790994e-01
45  5.946035e-01  -8.809289e-02
46  -1.677012e+00  -6.989779e-01
47  -4.762817e+00  -1.468336e+00
48  -2.201483e+00  -2.598325e+00
49  -1.961461e+00  -3.408254e+00
50  -6.145947e+00  -3.247989e+00
51  -2.926387e+01  -1.695914e+00
52  -1.061389e+02  -2.466946e+00
53  -1.777906e+02  -1.733664e+01
54  -1.815463e+02  -2.480915e+01
55  -2.102166e+02  -1.132596e+01
56  -3.074626e+02  3.058981e+01
57  -8.541491e+02  4.686233e+01
58  -1.402160e+03  -6.204455e+00
59  -5.105144e+03  -1.525500e+02
60  -1.542467e+04  -3.324452e+02
61  -4.488133e+04  -5.235410e+02
62  -1.220626e+05  -3.071725e+02
63  -5.955888e+05  -1.225302e+03
ENDPROP
STARTPROP
MASSES:  4.500000e-02   4.500000e-02
SOURCE: GAM_14
SINKS: GAM_14
0  1.738918e+05  2.135745e+03
1  1.376341e+06  1.903265e+03
2  5.621501e+05  7.654718e+02
3  2.759584e+05  -4.416126e+01
4  1.288924e+05  -3.380085e+02
5  6.034386e+04  -3.950654e+02
6  2.684289e+04  -4.510636e+02
7  1.186225e+04  -3.050108e+02
8  5.572220e+03  -2.155762e+02
9  2.578607e+03  -9.556413e+01
10  1.164397e+03  -2.381317e+01
11  5.482875e+02  2.828135e+00
12  2.605219e+02  -1.097158e+01
13  1.265073e+02  -1.611877e+01
14  4.936495e+01  -1.464427e+01
15  1.568285e+01  -9.893888e+00
16  -6.509687e+00  -7.597405e+00
17  -9.146418e+00  -4.754526e+00
18  -7.632762e+00  -2.289793e+00
19  -2.924932e+00  -7.019221e-01
20  -1.259703e+00  -2.410528e-01
21  5.540091e-01  -2.729700e-01
22  4.494727e-01  -1.689231e-01
23  8.316196e-02  -7.717239e-02
24  -1.354577e-01  -2.760994e-02
25  -1.162152e-01  1.402628e-02
26  -7.537274e-02  2.305433e-02
27  -8.829699e-02  7.987035e-03
28  -6.999563e-02  -6.379401e-04
29  -5.148690e-02  -4.353480e-03
30  -3.610772e-02  -2.590666e-03
31  -2.545356e-02  -2.466248e-03
32  -1.571822e-02  -1.401955e-03
33  -1.090276e-02  -3.376163e-04
34  -1.653288e-02  5.437956e-04
35  -2.585096e-02  4.777229e-03
36  -3.937420e-02  1.200609e-02
37  -3.788860e-02  2.089235e-02
38  -6.301098e-02  3.064965e-02
39  -1.207848e-01  1.343421e-02
40  -2.931424e-01  4.570306e-04
41  -1.829877e-01  6.864871e-03
42  -4.056370e-01  -4.165279e-03
43  -1.620704e+00  -5.680626e-02
44  -1.783968e+00  -2.018812e-01
45  -1.879968e+00  -3.241953e-01
46  -4.953305e+00  -1.138517e+00
47  -9.929801e+00  -2.554001e+00
48  -1.709579e+01  -5.355062e+00
49  -1.722152e+01  -9.112210e+00
50  -5.716454e+00  -9.258052e+00
51  2.342118e+01  -1.074095e+01
52  3.844207e+01  -1.312272e+01
53  2.819545e+02  -2.171305e+01
54  8.151384e+02  -4.292890e+01
55  2.302714e+03  -4.248742e+01
56  5.368371e+03  -3.323820e+01
57  1.169360e+04  5.611476e+01
58  2.526674e+04  2.162723e+02
59  5.596502e+04  4.798244e+02
60  1.278617e+05  7.347522e+02
61  2.786814e+05  9.722409e+02
62  5.643886e+05  1.035433e+03
63  1.378656e+06  8.010458e+01
ENDPROP
STARTPROP
MASSES:  4.500000e-02   4.500000e-02
SOURCE: GAM_41
SINKS: GAM_41
0  1.738918e+05  2.135745e+03
1  1.376341e+06  1.903265e+03
2  5.621501e+05  7.654718e+02
3  2.759584e+05  -4.416126e+01
4  1.288924e+05  -3.380085e+02
5  6.034386e+04  -3.950654e+02
6  2.684289e+04  -4.510636e+02
7  1.186225e+04  -3.050108e+02
8  5.572220e+03  -2.155762e+02
9  2.578607e+03  -9.556413e+01
10  1.164397e+03  -2.381317e+01
11  5.482875e+02  2.828135e+00
12  2.605219e+02  -1.097158e+01
13  1.265073e+02  -1.611877e+01
14  4.936495e+01  -1.464427e+01
15  1.568285e+01  -9.893888e+00
16  -6.509687e+00  -7.597405e+00
17  -9.146418e+00  -4.754526e+00
18  -7.632762e+00  -2.289793e+00
19  -2.924932e+00  -7.019221e-01
20  -1.259703e+00  -2.410528e-01
21  5.540091e-01  -2.729700e-01
22  4.494727e-01  -1.689231e-01
23  8.316196e-02  -7.717239e-02
24  -1.354577e-01  -2.760994e-02
25  -1.162152e-01  1.402628e-02
26  -7.537274e-02  2.305433e-02
27  -8.829699e-02  7.987035e-03
28  -6.999563e-02  -6.379401e-04
29  -5.148690e-02  -4.353480e-03
30  -3.610772e-02  -2.590666e-03
31  -2.545356e-02  -2.466248e-03
32  -1.571822e-02  -1.401955e-03
33  -1.090276e-02  -3.376163e-04
34  -1.653288e-02  5.437956e-04
35  -2.585096e-02  4.777229e-03
36  -3.937420e-02  1.200609e-02
37  -3.788860e-02  2.089235e-02
38  -6.301098e-02  3.064965e-02
39  -1.207848e-01  1.343421e-02
40  -2.931424e-01  4.570306e-04
41  -1.829877e-01  6.864871e-03
42  -4.056370e-01  -4.165279e-03
43  -1.620704e+00  -5.680626e-02
44  -1.783968e+00  -2.018812e-01
45  -1.879968e+00  -3.241953e-01
46  -4.953305e+00  -1.138517e+00
47  -9.929801e+00  -2.554001e+00
48  -1.709579e+01  -5.355062e+00
49  -1.722152e+01  -9.112210e+00
50  -5.716454e+00  -9.258052e+00
51  2.342118e+01  -1.074095e+01
52  3.844207e+01  -1.312272e+01
53  2.819545e+02  -2.171305e+01
54  8.151384e+02  -4.292890e+01
55  2.302714e+03  -4.248742e+01
56  5.368371e+03  -3.323820e+01
57  1.169360e+04  5.611476e+01
58  2.526674e+04  2.162723e+02
59  5.596502e+04  4.798244e+02
60  1.278617e+05  7.347522e+02
61  2.786814e+05  9.722409e+02
62  5.643886e+05  1.035433e+03
63  1.378656e+06  8.010458e+01
ENDPROP
STARTPROP
MASSES:  4.500000e-02   4.500000e-02
SOURCE: GAM_23
SINKS: GAM_23
0  9.402136e+05  -8.895496e+02
1  -5.997692e+05  -1.560688e+03
2  -1.228391e+05  -5.595578e+02
3  -4.783505e+04  -3.876930e+02
4  -1.995122e+04  -4.938994e+01
5  -8.840692e+03  -8.707349e+01
6  -3.756659e+03  -1.094895e+02
7  -1.344051e+03  -8.916151e+01
8  -7.253707e+02  -9.610615e+01
9  -3.885735e+02  -7.231885e+01
10  -2.454682e+02  -3.048842e+01
11  -8.109848e+01  -9.820930e+00
12  -1.436863e+01  -1.081428e+00
13  7.636634e+00  6.400022e+00
14  9.910673e+00  7.236635e+00
15  1.137929e+01  3.067770e+00
16  3.764991e+00  2.859626e+00
17  1.774641e-01  2.413333e+00
18  -7.546798e-02  1.506970e+00
19  -1.548173e-02  9.699844e-01
20  5.123275e-01  4.390199e-01
21  8.276101e-01  1.209444e-01
22  5.265443e-01  2.362639e-02
23  2.437659e-01  -1.634276e-02
24  8.196901e-02  -1.040818e-02
25  4.832454e-02  1.243975e-03
26  -1.109366e-02  -2.400247e-03
27  -1.135763e-02  -5.958692e-03
28  -6.125410e-03  -4.969520e-03
29  -4.827448e-04  -2.177483e-03
30  -3.448625e-03  -1.453267e-03
31  9.460688e-04  -5.619522e-04
32  8.261485e-03  -8.110899e-04
33  1.006981e-02  -1.120899e-03
34  5.742054e-03  -3.310410e-04
35  5.481640e-03  -1.583957e-03
36  6.716922e-03  -2.270295e-03
37  6.472897e-03  -1.099813e-02
38  -2.835358e-02  -1.284365e-02
39  -9.990637e-02  -1.879590e-02
40  -1.688614e-01  -3.134610e-02
41  -3.303645e-01  -6.899216e-02
42  -4.442565e-01  -8.950813e-02
43  -4.183274e-01  -2.773237e-01
44  -4.701117e-01  -7.204592e-01
45  -1.242788e+00  -7.262600e-01
46  4.303812e-01  -1.977643e-01
47  3.364356e+00  2.415184e-01
48  4.481548e+00  -6.281776e-01
49  4.233164e+00  -3.213524e+00
50  -1.677564e+01  -3.691240e+00
51  -3.489778e+01  2.667565e+00
52  -6.132804e+01  1.512000e+01
53  -7.126301e+01  3.812885e+01
54  -1.108280e+02  4.142056e+01
55  -3.058846e+02  2.562096e+01
56  -9.358104e+02  8.957566e+01
57  -1.071955e+03  7.845513e+01
58  -1.663216e+03  -1.184378e+02
59  -4.774961e+03  -2.632717e+02
60  -1.415331e+04  -7.044695e+02
61  -4.330436e+04  -1.089576e+03
62  -1.197758e+05  -5.004508e+02
63  -5.949510e+05  5.948982e+02
ENDPROP
STARTPROP
MASSES:  4.500000e-02   4.500000e-02
SOURCE: GAM_32
SINKS: GAM_32
0  9.402136e+05  -8.895496e+02
1  -5.997692e+05  -1.560688e+03
2  -1.228391e+05  -5.595578e+02
3  -4.783505e+04  -3.876930e+02
4  -1.995122e+04  -4.938994e+01
5  -8.840692e+03  -8.707349e+01
6  -3.756659e+03  -1.094895e+02
7  -1.344051e+03  -8.916151e+01
8  -7.253707e+02  -9.610615e+01
9  -3.885735e+02  -7.231885e+01
10  -2.454682e+02  -3.048842e+01
11  -8.109848e+01  -9.820930e+00
12  -1.436863e+01  -1.081428e+00
13  7.636634e+00  6.400022e+00
14  9.910673e+00  7.236635e+00
15  1.137929e+01  3.067770e+00
16  3.764991e+00  2.859626e+00
17  1.774641e-01  2.413333e+00
18  -7.546798e-02  1.506970e+00
19  -1.548173e-02  9.699844e-01
20  5.123275e-01  4.390199e-01
21  8.276101e-01  1.209444e-01
22  5.265443e-01  2.362639e-02
23  2.437659e-01  -1.634276e-02
24  8.196901e-02  -1.040818e-02
25  4.832454e-02  1.243975e-03
26  -1.109366e-02  -2.400247e-03
27  -1.135763e-02  -5.958692e-03
28  -6.125410e-03  -4.969520e-03
29  -4.827448e-04  -2.177483e-03
30  -3.448625e-03  -1.453267e-03
31  9.460688e-04  -5.619522e-04
32  8.261485e-03  -8.110899e-04
33  1.006981e-02  -1.120899e-03
34  5.742054e-03  -3.310410e-04
35  5.481640e-03  -1.583957e-03
36  6.716922e-03  -2.270295e-03
37  6.472897e-03  -1.099813e-02
38  -2.835358e-02  -1.284365e-02
39  -9.990637e-02  -1.879590e-02
40  -1.688614e-01  -3.134610e-02
41  -3.303645e-01  -6.899216e-02
42  -4.442565e-01  -8.950813e-02
43  -4.183274e-01  -2.773237e-01
44  -4.701117e-01  -7.204592e-01
45  -1.242788e+00  -7.262600e-01
46  4.303812e-01  -1.977643e-01
47  3.364356e+00  2.415184e-01
48  4.481548e+00  -6.281776e-01
49  4.233164e+00  -3.213524e+00
50  -1.677564e+01  -3.691240e+00
51  -3.489778e+01  2.667565e+00
52  -6.132804e+01  1.512000e+01
53  -7.126301e+01  3.812885e+01
54  -1.108280e+02  4.142056e+01
55  -3.058846e+02  2.562096e+01
56  -9.358104e+02  8.957566e+01
57  -1.071955e+03  7.845513e+01
58  -1.663216e+03  -1.184378e+02
59  -4.774961e+03  -2.632717e+02
60  -1.415331e+04  -7.044695e+02
61  -4.330436e+04  -1.089576e+03
62  -1.197758e+05  -5.004508e+02
63  -5.949510e+05  5.948982e+02
ENDPROP
STARTPROP
MASSES:  4.500000e-02   4.500000e-02
SOURCE: GAM_24
SINKS: GAM_24
0  1.590518e+05  1.844339e+03
1  1.383400e+06  3.539509e+03
2  5.701817e+05  5.228889e+01
3  2.851501e+05  -1.833696e+03
4  1.341357e+05  -1.122011e+03
5  6.443328e+04  -1.750423e+02
6  3.064720e+04  7.861673e+01
7  1.409191e+04  9.773126e+01
8  6.765521e+03  6.485882e+01
9  3.220953e+03  2.432645e+01
10  1.474949e+03  -1.622921e+01
11  6.144522e+02  9.297175e+00
12  3.236872e+02  1.557982e+01
13  1.420432e+02  1.039736e+01
14  5.451554e+01  3.487582e+00
15  2.364037e+01  2.420856e+00
16  2.029327e+00  -3.380436e-01
17  6.231060e-02  -1.133805e+00
18  4.675521e-01  -1.249043e+00
19  1.347034e+00  -9.887246e-01
20  3.070015e-02  -3.980158e-01
21  -5.330389e-01  4.814441e-02
22  -3.614282e-01  2.346527e-01
23  -4.063666e-01  1.815707e-01
24  -3.424340e-01  1.114001e-01
25  -2.092983e-01  6.302867e-02
26  -9.090281e-02  2.034451e-02
27  -4.333890e-02  1.449670e-02
28  2.511049e-03  9.958298e-03
29  -6.150678e-03  3.867460e-03
30  -2.360264e-03  1.126349e-03
31  1.734740e-03  -8.375249e-04
32  4.076386e-03  -4.210786e-04
33  9.704002e-03  5.646874e-04
34  2.139663e-02  1.890693e-03
35  2.681520e-02  -6.973386e-04
36  3.971376e-02  4.393678e-04
37  8.076525e-02  3.467656e-03
38  1.584244e-01  1.801485e-02
39  2.166781e-01  1.672520e-02
40  2.514121e-01  -1.107069e-02
41  1.707205e-01  -3.947881e-02
42  2.573296e-01  -9.808160e-03
43  4.514326e-01  1.028966e-01
44  6.701164e-01  5.551559e-01
45  1.845326e+00  1.204964e+00
46  8.009860e+00  1.936931e+00
47  1.669922e+01  2.485935e+00
48  3.270063e+01  3.276533e+00
49  5.277056e+01  6.878620e+00
50  1.042739e+02  1.196513e+01
51  1.479475e+02  1.357576e+01
52  2.647991e+02  5.810563e-01
53  6.262295e+02  -6.011497e+00
54  1.276557e+03  -2.339873e+01
55  2.676620e+03  -2.472273e+01
56  6.355776e+03  2.594528e+01
57  1.427818e+04  -1.022978e+02
58  3.027895e+04  -2.613414e+02
59  6.354913e+04  -2.746795e+02
60  1.311482e+05  -3.577048e+02
61  2.763337e+05  -4.236987e+02
62  5.623345e+05  -1.073786e+03
63  1.371151e+06  -5.926016e+02
ENDPROP
STARTPROP
MASSES:  4.500000e-02   4.500000e-02
SOURCE: GAM_42
SINKS: GAM_42
0  1.590518e+05  1.844339e+03
1  1.383400e+06  3.539509e+03
2  5.701817e+05  5.228889e+01
3  2.851501e+05  -1.833696e+03
4  1.341357e+05  -1.122011e+03
5  6.443328e+04  -1.750423e+02
6  3.064720e+04  7.861673e+01
7  1.409191e+04  9.773126e+01
8  6.765521e+03  6.485882e+01
9  3.220953e+03  2.432645e+01
10  1.474949e+03  -1.622921e+01
11  6.144522e+02  9.297175e+00
12  3.236872e+02  1.557982e+01
13  1.420432e+02  1.039736e+01
14  5.451554e+01  3.487582e+00
15  2.364037e+01  2.420856e+00
16  2.029327e+00  -3.380436e-01
17  6.231060e-02  -1.133805e+00
18  4.675521e-01  -1.249043e+00
19  1.347034e+00  -9.887246e-01
20  3.070015e-02  -3.980158e-01
21  -5.330389e-01  4.814441e-02
22  -3.614282e-01  2.346527e-01
23  -4.063666e-01  1.815707e-01
24  -3.424340e-01  1.114001e-01
25  -2.092983e-01  6.302867e-02
26  -9.090281e-02  2.034451e-02
27  -4.333890e-02  1.449670e-02
28  2.511049e-03  9.958298e-03
29  -6.150678e-03  3.867460e-03
30  -2.360264e-03  1.126349e-03
31  1.734740e-03  -8.375249e-04
32  4.076386e-03  -4.210786e-04
33  9.704002e-03  5.646874e-04
34  2.139663e-02  1.890693e-03
35  2.681520e-02  -6.973386e-04
36  3.971376e-02  4.393678e-04
37  8.076525e-02  3.467656e-03
38  1.584244e-01  1.801485e-02
39  2.166781e-01  1.672520e-02
40  2.514121e-01  -1.107069e-02
41  1.707205e-01  -3.947881e-02
42  2.573296e-01  -9.808160e-03
43  4.514326e-01  1.028966e-01
44  6.701164e-01  5.551559e-01
45  1.845326e+00  1.204964e+00
46  8.009860e+00  1.936931e+00
47  1.669922e+01  2.485935e+00
48  3.270063e+01  3.276533e+00
49  5.277056e+01  6.878620e+00
50  1.042739e+02  1.196513e+01
51  1.479475e+02  1.357576e+01
52  2.647991e+02  5.810563e-01
53  6.262295e+02  -6.011497e+00
54  1.276557e+03  -2.339873e+01
55  2.676620e+03  -2.472273e+01
56  6.355776e+03  2.594528e+01
57  1.427818e+04  -1.022978e+02
58  3.027895e+04  -2.613414e+02
59  6.354913e+04  -2.746795e+02
60  1.311482e+05  -3.577048e+02
61  2.763337e+05  -4.236987e+02
62  5.623345e+05  -1.073786e+03
63  1.371151e+06  -5.926016e+02
ENDPROP
STARTPROP
MASSES:  4.500000e-02   4.500000e-02
SOURCE: GAM_34
SINKS: GAM_34
0  2.207092e+05  -1.539852e+03
1  1.417237e+06  3.018773e+03
2  5.922413e+05  1.404487e+03
3  2.911078e+05  -7.273853e+01
4  1.363013e+05  -7.183778e+02
5  6.407146e+04  -5.576321e+02
6  2.966749e+04  -4.202939e+02
7  1.455903e+04  -3.204809e+02
8  7.153975e+03  -2.070668e+02
9  3.344065e+03  -1.038996e+02
10  1.316745e+03  -3.254179e+01
11  4.971452e+02  -1.749212e+01
12  9.659757e+01  -2.700712e+01
13  1.702849e+01  -1.330999e+01
14  -8.403164e+00  -6.334664e+00
15  -4.838628e+00  -7.356332e-01
16  -9.957150e+00  1.363451e+00
17  -8.924054e+00  1.140598e+00
18  -3.755689e+00  -1.668906e-01
19  -2.779769e+00  -3.220788e-02
20  -1.839570e+00  -4.396797e-02
21  -1.433167e+00  -6.606427e-02
22  -8.836449e-01  1.569159e-01
23  1.223701e-01  6.070900e-02
24  2.272363e-01  5.768704e-02
25  2.091161e-01  2.757250e-02
26  1.563354e-01  1.724463e-02
27  7.638731e-02  1.129920e-02
28  1.137464e-02  8.544620e-03
29  -5.618719e-03  -2.342870e-03
30  1.746122e-03  -3.910769e-03
31  1.722892e-03  -1.390319e-03
32  2.591052e-03  -3.957049e-04
33  -1.148388e-03  1.381687e-04
34  -7.601350e-03  -8.157443e-04
35  -2.097235e-02  -7.742236e-04
36  -4.891427e-02  -6.145112e-03
37  -1.182942e-01  -6.251960e-03
38  -2.368875e-01  -6.963810e-03
39  -4.063326e-01  3.444336e-03
40  -6.153853e-01  2.972609e-03
41  -1.067659e+00  -1.853082e-02
42  -1.608479e+00  1.948316e-02
43  -2.164153e+00  -6.978067e-02
44  -3.641593e+00  9.404254e-02
45  -6.738919e+00  3.042358e-01
46  -7.599153e+00  4.583992e-01
47  -6.991784e+00  1.588762e+00
48  -6.695142e+00  2.180506e+00
49  5.355112e+00  4.670430e+00
50  5.516378e+01  8.474515e+00
51  1.634375e+02  1.339695e+01
52  3.941850e+02  6.865273e+00
53  6.890721e+02  -2.473111e+00
54  1.364989e+03  -2.891569e+01
55  3.026539e+03  -9.611010e+01
56  6.185474e+03  -1.457479e+02
57  1.334670e+04  -2.238559e+02
58  2.776681e+04  -1.744444e+02
59  5.846933e+04  -1.550349e+02
60  1.279470e+05  -1.442943e+02
61  2.754986e+05  2.024303e+02
62  5.730610e+05  9.821675e+01
63  1.408047e+06  -1.355767e+03
ENDPROP
STARTPROP
MASSES:  4.500000e-02   4.500000e-02
SOURCE: GAM_43
SINKS: GAM_43
0  2.207092e+05  -1.539852e+03
1  1.417237e+06  3.018773e+03
2  5.922413e+05  1.404487e+03
3  2.911078e+05  -7.273853e+01
4  1.363013e+05  -7.183778e+02
5  6.407146e+04  -5.576321e+02
6  2.966749e+04  -4.202939e+02
7  1.455903e+04  -3.204809e+02
8  7.153975e+03  -2.070668e+02
9  3.344065e+03  -1.038996e+02
10  1.316745e+03  -3.254179e+01
11  4.971452e+02  -1.749212e+01
12  9.659757e+01  -2.700712e+01
13  1.702849e+01  -1.330999e+01
14  -8.403164e+00  -6.334664e+00
15  -4.838628e+00  -7.356332e-01
16  -9.957150e+00  1.363451e+00
17  -8.924054e+00  1.140598e+00
18  -3.755689e+00  -1.668906e-01
19  -2.779769e+00  -3.220788e-02
20  -1.839570e+00  -4.396797e-02
21  -1.433167e+00  -6.606427e-02
22  -8.836449e-01  1.569159e-01
23  1.223701e-01  6.070900e-02
24  2.272363e-01  5.768704e-02
25  2.091161e-01  2.757250e-02
26  1.563354e-01  1.724463e-02
27  7.638731e-02  1.129920e-02
28  1.137464e-02  8.544620e-03
29  -5.618719e-03  -2.342870e-03
30  1.746122e-03  -3.910769e-03
31  1.722892e-03  -1.390319e-03
32  2.591052e-03  -3.957049e-04
33  -1.148388e-03  1.381687e-04
34  -7.601350e-03  -8.157443e-04
35  -2.097235e-02  -7.742236e-04
36  -4.891427e-02  -6.145112e-03
37  -1.182942e-01  -6.251960e-03
38  -2.368875e-01  -6.963810e-03
39  -4.063326e-01  3.444336e-03
40  -6.153853e-01  2.972609e-03
41  -1.067659e+00  -1.853082e-02
42  -1.608479e+00  1.948316e-02
43  -2.164153e+00  -6.978067e-02
44  -3.641593e+00  9.404254e-02
45  -6.738919e+00  3.042358e-01
46  -7.599153e+00  4.583992e-01
47  -6.991784e+00  1.588762e+00
48  -6.695142e+00  2.180506e+00
49  5.355112e+00  4.670430e+00
50  5.516378e+01  8.474515e+00
51  1.634375e+02  1.339695e+01
52  3.941850e+02  6.865273e+00
53  6.890721e+02  -2.473111e+00
54  1.364989e+03  -2.891569e+01
55  3.026539e+03  -9.611010e+01
56  6.185474e+03  -1.457479e+02
57  1.334670e+04  -2.238559e+02
58  2.776681e+04  -1.744444e+02
59  5.846933e+04  -1.550349e+02
60  1.279470e+05  -1.442943e+02
61  2.754986e+05  2.024303e+02
62  5.730610e+05  9.821675e+01
63  1.408047e+06  -1.355767e+03
ENDPROP
STARTPROP
MASSES:  4.500000e-02   4.500000e-02
SOURCE: GAM_15
SINKS: GAM_15
0  1.022876e+05  2.715390e+03
1  -9.202875e+05  -2.427645e+03
2  -2.714485e+05  -1.348230e+03
3  -1.015615e+05  -8.629177e+02
4  -3.450023e+04  -1.223089e+02
5  -1.208189e+04  2.339786e+02
6  -4.806546e+03  2.648692e+02
7  -1.620805e+03  4.275701e+01
8  -2.055869e+02  -1.742772e+01
9  1.617296e+02  3.859425e+01
10  2.315381e+02  3.178661e+01
11  5.852270e+01  2.366554e+01
12  6.769617e+01  3.696794e+00
13  5.977678e+01  8.598572e-01
14  3.538894e+01  5.699555e-01
15  1.571524e+01  1.561667e+00
16  6.785821e+00  -8.220750e-02
17  7.037940e+00  9.526294e-01
18  3.623883e+00  5.086603e-01
19  1.994245e+00  6.858073e-01
20  6.584967e-01  4.524619e-01
21  5.986975e-01  1.725824e-01
22  4.059296e-01  6.027135e-02
23  2.566515e-01  -2.402341e-02
24  5.128084e-02  -5.730579e-02
25  1.829088e-02  -5.015758e-02
26  -2.334528e-02  -3.043605e-02
27  -3.140425e-02  -1.028903e-03
28  -1.444657e-02  6.657674e-03
29  8.152871e-03  6.836089e-03
30  6.493024e-03  5.247231e-03
31  -1.003106e-03  2.943336e-03
32  5.188721e-03  2.286256e-03
33  1.083205e-02  3.054919e-03
34  4.461080e-03  3.658826e-03
35  -1.599527e-04  3.591226e-03
36  -2.577118e-02  2.776715e-03
37  -7.336130e-02  -5.671298e-04
38  -7.525409e-02  -4.262640e-03
39  -6.151232e-02  -3.934340e-03
40  -8.034241e-02  -3.184742e-02
41  -9.993403e-03  -1.040760e-01
42  6.297102e-02  -1.420410e-01
43  -4.454029e-01  -9.898595e-02
44  -1.263132e+00  2.549427e-02
45  -3.478405e-01  1.599405e-01
46  3.557797e+00  2.001111e-01
47  8.593104e+00  8.212104e-01
48  1.334726e+01  1.440773e+00
49  1.740294e+01  -9.387847e-01
50  1.261726e+01  -1.504802e+00
51  9.764919e-01  -5.840640e+00
52  -6.271491e+01  -8.311817e+00
53  -2.394923e+02  -1.401722e+01
54  -5.907641e+02  -1.746999e+01
55  -1.096911e+03  -4.068499e+01
56  -1.619104e+03  -2.080057e+01
57  -2.402485e+03  8.078619e+01
58  -5.413742e+03  2.327059e+02
59  -1.411399e+04  1.616957e+02
60  -3.833014e+04  3.534808e+02
61  -1.030453e+05  5.007517e+02
62  -2.625911e+05  1.656989e+03
63  -8.982395e+05  2.800916e+03
ENDPROP
STARTPROP
MASSES:  4.500000e-02   4.500000e-02
SOURCE: GAM_25
SINKS: GAM_25
0  1.233077e+05  8.498864e+02
1  -8.966975e+05  -3.135715e+03
2  -2.551702e+05  -2.591217e+03
3  -9.692329e+04  -1.697369e+03
4  -3.306158e+04  -6.295521e+02
5  -1.266287e+04  -2.319166e+02
6  -5.911376e+03  -3.336031e+02
7  -2.808381e+03  -2.834602e+02
8  -1.493617e+03  -1.768624e+02
9  -8.668851e+02  -8.454782e+01
10  -3.462520e+02  -8.116998e+01
11  -1.393364e+02  -5.320817e+01
12  -3.516490e+01  -2.924415e+01
13  -1.258298e+01  -1.701739e+01
14  -1.063980e-01  -1.185268e+01
15  -1.094552e+00  -5.527408e+00
16  -5.822730e+00  -2.140217e+00
17  -2.700592e+00  2.023106e-01
18  -5.573839e-01  3.638943e-01
19  4.349674e-01  9.090184e-02
20  1.574726e+00  3.067404e-03
21  1.314862e+00  -5.381200e-02
22  4.397532e-01  1.424612e-02
23  3.722599e-02  1.461419e-02
24  -3.774271e-02  2.514677e-02
25  1.307882e-02  5.221396e-02
26  3.362684e-02  3.016737e-02
27  2.445032e-02  7.199379e-03
28  5.859555e-03  2.352625e-03
29  7.349259e-03  1.941580e-03
30  5.962978e-03  4.999346e-05
31  1.127890e-02  -1.123238e-03
32  3.101603e-03  -6.035685e-04
33  6.146543e-03  4.059506e-04
34  1.468889e-02  -5.650188e-04
35  9.250512e-03  -1.945752e-03
36  -8.018340e-03  -4.995460e-03
37  -3.741420e-02  -2.472566e-03
38  -8.743028e-02  -3.888623e-03
39  -1.352097e-01  2.207552e-02
40  -1.797191e-01  6.895151e-02
41  -2.153976e-01  1.939036e-01
42  -7.511426e-02  4.749486e-01
43  1.428083e-01  8.911777e-01
44  -2.873518e-01  1.367582e+00
45  -2.044242e+00  2.149793e+00
46  -6.452191e-01  2.558932e+00
47  -1.030875e-01  2.584932e+00
48  3.676482e+00  2.713472e+00
49  2.238493e+00  1.165414e+00
50  1.830924e+01  -3.039745e+00
51  4.799343e+01  -7.439424e+00
52  3.789086e+01  -1.147378e+01
53  2.436086e+01  1.104508e+01
54  -9.947560e+01  1.629207e+01
55  -7.228226e+02  2.572297e+01
56  -1.939081e+03  1.253749e+02
57  -4.224272e+03  3.651220e+02
58  -8.698022e+03  6.740371e+02
59  -1.710250e+04  8.578954e+02
60  -3.999086e+04  8.028056e+02
61  -9.774225e+04  1.417110e+03
62  -2.575451e+05  2.745003e+03
63  -8.914356e+05  3.740755e+03
ENDPROP
STARTPROP
MASSES:  4.500000e-02   4.500000e-02
SOURCE: GAM_35
SINKS: GAM_35
0  1.913019e+05  -2.154581e+03
1  -8.571164e+05  -4.414019e+03
2  -2.390650e+05  -2.241403e+03
3  -9.577933e+04  -3.208720e+02
4  -3.971996e+04  2.579263e+02
5  -1.648413e+04  -9.588956e+01
6  -5.157298e+03  -1.607784e+02
7  -1.776205e+03  -1.798078e+02
8  -9.792452e+02  -1.144940e+02
9  -2.864164e+02  4.539215e+00
10  -3.937157e+01  3.429121e+01
11  5.527360e+01  4.013897e+01
12  1.935926e+00  2.997552e+01
13  -1.374291e+01  1.362816e+01
14  -1.414735e+01  7.875020e+00
15  -1.374295e+01  4.581001e+00
16  -9.359249e+00  2.456246e+00
17  -5.911810e+00  3.769939e-01
18  -2.839563e+00  -6.059109e-01
19  -9.697194e-02  -9.931077e-01
20  5.498298e-02  -7.727300e-01
21  -6.338953e-02  -4.229779e-01
22  -1.179022e-01  -2.685666e-01
23  -6.340119e-02  -1.352465e-01
24  2.606737e-02  -7.006368e-02
25  -2.626792e-02  -2.593030e-02
26  -9.146152e-03  -1.601381e-02
27  -1.075824e-02  -5.482917e-03
28  -1.645089e-02  -8.636408e-04
29  -2.070186e-02  1.931927e-03
30  -7.415975e-03  -6.868373e-04
31  1.815523e-03  1.183049e-03
32  8.358004e-03  -2.124435e-04
33  1.810147e-02  -2.105714e-03
34  2.866569e-02  -6.445153e-04
35  3.643299e-02  2.452107e-03
36  3.465043e-02  -5.455850e-04
37  3.517398e-02  -3.935922e-03
38  -1.517774e-02  -4.121524e-03
39  -1.692573e-01  -2.698590e-02
40  -2.835953e-01  -7.931618e-02
41  -3.954781e-01  -1.764017e-01
42  -5.782178e-01  -1.984295e-01
43  -1.352768e+00  -2.204130e-01
44  -1.268927e+00  -1.798987e-01
45  -1.367702e+00  -5.807088e-01
46  -3.850520e+00  -1.410323e+00
47  -8.115421e+00  -2.156146e+00
48  -1.543671e+01  -1.253852e+00
49  -2.156573e+01  1.036668e+00
50  -2.526374e+01  1.921811e+00
51  -1.581109e+01  1.279902e+01
52  3.664057e+00  2.623375e+01
53  -6.206570e+01  2.443735e+01
54  -2.176967e+02  -1.113817e+01
55  -4.869176e+02  -3.205549e+01
56  -1.310410e+03  -4.558419e+01
57  -2.407233e+03  -1.270777e+02
58  -3.745021e+03  -3.066813e+02
59  -9.843606e+03  -4.682282e+02
60  -2.982402e+04  -6.382095e+02
61  -8.305621e+04  -1.284187e+03
62  -2.183013e+05  -8.555317e+02
63  -8.327196e+05  -1.230094e+02
ENDPROP
STARTPROP
MASSES:  4.500000e-02   4.500000e-02
SOURCE: GAM_45
SINKS: GAM_45
0  -9.667558e+05  3.357179e+03
1  1.121518e+06  4.983761e+03
2  5.495531e+05  2.447020e+03
3  3.464650e+05  5.577280e+02
4  2.102669e+05  6.170085e+02
5  1.269009e+05  4.555441e+02
6  7.511908e+04  1.543580e+02
7  4.465957e+04  9.969229e+00
8  2.658832e+04  6.945425e+01
9  1.608176e+04  3.664047e+01
10  9.857886e+03  4.392117e+01
11  6.037755e+03  9.935095e+00
12  3.681409e+03  -1.569682e+00
13  2.267417e+03  -9.824274e+00
14  1.391679e+03  -1.165315e+01
15  8.513282e+02  -8.370982e+00
16  5.088629e+02  -5.190996e+00
17  3.014815e+02  -1.515911e+00
18  1.798100e+02  -1.001718e+00
19  1.084889e+02  -3.618588e-01
20  6.510407e+01  3.287729e-01
21  3.950754e+01  1.887470e-01
22  2.359709e+01  2.410808e-01
23  1.440486e+01  2.524120e-01
24  8.602702e+00  1.600963e-01
25  5.219584e+00  7.645089e-02
26  3.176576e+00  3.637354e-02
27  1.983944e+00  1.534232e-02
28  1.259893e+00  7.734306e-03
29  7.855494e-01  4.974473e-03
30  5.046581e-01  4.921608e-03
31  3.634868e-01  6.032963e-03
32  3.194753e-01  8.489976e-03
33  3.603686e-01  9.654677e-03
34  4.953860e-01  1.259276e-02
35  7.433773e-01  1.832729e-02
36  1.173712e+00  3.113007e-02
37  1.897195e+00  5.395882e-02
38  3.092455e+00  1.031812e-01
39  5.143978e+00  1.837307e-01
40  8.701757e+00  2.814855e-01
41  1.421360e+01  4.430608e-01
42  2.387901e+01  7.197970e-01
43  4.059167e+01  1.128997e+00
44  6.678292e+01  1.924793e+00
45  1.106623e+02  2.652935e+00
46  1.861335e+02  4.554483e+00
47  3.015450e+02  5.974694e+00
48  5.024824e+02  8.612601e+00
49  8.179692e+02  1.134882e+01
50  1.362280e+03  2.059585e+01
51  2.224483e+03  3.275271e+01
52  3.703831e+03  3.852125e+01
53  6.064413e+03  6.550153e+01
54  1.027125e+04  1.016115e+02
55  1.711833e+04  1.082071e+02
56  2.829259e+04  -4.792024e+01
57  4.708786e+04  -2.527394e+02
58  7.709659e+04  -5.393472e+02
59  1.268946e+05  -6.668350e+02
60  2.102196e+05  -1.271675e+03
61  3.422599e+05  -1.839802e+03
62  5.456682e+05  -2.809948e+03
63  1.120621e+06  -2.520742e+03
ENDPROP
STARTPROP
MASSES:  4.500000e-02   4.500000e-02
SOURCE: PSAX4
SINKS: GAM_4
0  1.090880e+04  3.383968e+03
1  1.714950e+06  3.290566e+03
2  9.569332e+05  1.806306e+03
3  5.927678e+05  4.025341e+02
4  3.592922e+05  6.805047e+02
5  2.166974e+05  3.243998e+02
6  1.300681e+05  -1.027800e+02
7  7.727597e+04  -2.632613e+02
8  4.637101e+04  -6.052750e+01
9  2.817046e+04  -7.794447e+01
10  1.720060e+04  -1.294629e+01
11  1.055585e+04  -1.922791e+01
12  6.421517e+03  -8.666258e+00
13  3.941585e+03  -1.818111e+01
14  2.413972e+03  -2.054061e+01
15  1.471988e+03  -1.369616e+01
16  8.879190e+02  -7.977337e+00
17  5.299177e+02  -2.362419e+00
18  3.178205e+02  -1.171606e+00
19  1.912194e+02  -2.523963e-01
20  1.144320e+02  4.636624e-01
21  6.950182e+01  2.214732e-01
22  4.139138e+01  2.670022e-01
23  2.518833e+01  3.028324e-01
24  1.507166e+01  2.276440e-01
25  9.130020e+00  1.278124e-01
26  5.587583e+00  7.831957e-02
27  3.456606e+00  4.482979e-02
28  2.136685e+00  2.889018e-02
29  1.263053e+00  1.737426e-02
30  6.871208e-01  1.081691e-02
31  3.071068e-01  8.018191e-03
32  6.704841e-03  3.633286e-03
33  -2.810350e-01  -2.070079e-03
34  -6.403223e-01  -5.617292e-03
35  -1.145554e+00  -1.101249e-02
36  -1.933456e+00  -2.001391e-02
37  -3.206091e+00  -4.463034e-02
38  -5.271235e+00  -8.976953e-02
39  -8.798057e+00  -1.739386e-01
40  -1.481004e+01  -2.619371e-01
41  -2.437262e+01  -3.706219e-01
42  -4.095282e+01  -5.851920e-01
43  -6.915883e+01  -6.816791e-01
44  -1.136704e+02  -1.185444e+00
45  -1.878643e+02  -1.177463e+00
46  -3.121013e+02  -2.414250e+00
47  -5.052166e+02  -3.491026e+00
48  -8.386579e+02  -5.165359e+00
49  -1.370189e+03  -5.803057e+00
50  -2.271309e+03  -1.657028e+01
51  -3.732537e+03  -3.295888e+01
52  -6.192436e+03  -5.446303e+01
53  -1.016264e+04  -1.107526e+02
54  -1.709162e+04  -1.813046e+02
55  -2.834615e+04  -2.300339e+02
56  -4.670038e+04  -1.152851e+02
57  -7.763404e+04  7.506476e+01
58  -1.270689e+05  2.123393e+02
59  -2.102386e+05  1.363648e+02
60  -3.484123e+05  9.766434e+02
61  -5.738312e+05  1.912015e+03
62  -9.346166e+05  2.816606e+03
63  -1.696739e+06  2.933503e+03
ENDPROP
STARTPROP
MASSES:  4.500000e-02   4.500000e-02
SOURCE: WWPSAX4
SINKS: GAM_4
0  1.225732e+08  6.173164e+07
1  2.263772e+09  3.114965e+07
2  4.337478e+08  -9.114204e+06
3  2.469507e+08  3.804166e+06
4  1.380992e+08  1.719076e+06
5  9.059424e+07  -2.613638e+06
6  5.127012e+07  3.109314e+06
7  5.271802e+07  1.299740e+06
8  1.764171e+07  2.223393e+05
9  1.720695e+07  1.644311e+05
10  7.827367e+06  1.115983e+05
11  6.342843e+06  1.202396e+05
12  2.146650e+06  -8.545402e+04
13  2.141986e+06  -1.180717e+05
14  1.346573e+06  -4.029604e+04
15  6.522313e+05  -2.219529e+04
16  4.592664e+05  2.697997e+04
17  1.898452e+05  8.652022e+03
18  1.304575e+05  1.033085e+04
19  5.027187e+04  1.671398e+03
20  6.722274e+04  3.038907e+03
21  3.249372e+04  3.958000e+02
22  2.793801e+04  -6.089538e+02
23  1.386685e+04  -9.080965e+02
24  1.125921e+04  -3.736227e+02
25  3.445096e+03  2.431824e+02
26  3.857351e+03  2.618992e+02
27  1.891319e+03  -1.591394e+02
28  1.016747e+03  7.705336e+01
29  6.512462e+02  -4.821907e+01
30  4.026309e+02  4.004294e+00
31  2.073078e+01  1.189248e+01
32  8.448035e+00  -1.214077e+00
33  -7.267031e+01  -1.224271e+01
34  -4.381896e+02  -1.562814e+01
35  -7.882062e+02  -2.190702e+01
36  -1.007936e+03  -1.680204e+01
37  -1.743893e+03  7.633370e+01
38  -2.439562e+03  -1.717621e+02
39  -4.271651e+03  5.000117e+02
40  -6.696250e+03  -1.461210e+02
41  -9.964976e+03  3.404305e+02
42  -1.812883e+04  -5.859278e+02
43  -3.692021e+04  -3.681770e+02
44  -5.981647e+04  -4.190075e+03
45  -8.955428e+04  5.951796e+03
46  -1.310028e+05  6.840329e+03
47  -2.314061e+05  8.632516e+03
48  -3.962400e+05  -3.463752e+03
49  -4.555491e+05  -4.106888e+04
50  -1.092195e+06  -1.178600e+05
51  -1.166574e+06  7.879775e+04
52  -3.666513e+06  1.633498e+05
53  -5.072517e+06  -1.186669e+05
54  -9.883706e+06  -1.095175e+04
55  -1.120632e+07  1.982988e+05
56  -2.570833e+07  3.266570e+05
57  -3.573489e+07  -7.885521e+05
58  -6.588460e+07  -1.470248e+06
59  -6.755145e+07  -3.448916e+06
60  -1.271169e+08  1.679268e+06
61  -2.328488e+08  -5.605605e+06
62  -8.550135e+08  1.012147e+07
63  -2.450332e+09  -3.951511e+06
ENDPROP
STARTPROP
MASSES:  4.500000e-02   4.500000e-02
SOURCE: WWGAM_5
SINKS: GAM_5
0  2.084814e+10  2.965095e+00
1  2.795359e+09  1.657317e+07
2  7.578765e+08  -3.485328e+06
3  4.148512e+08  2.479925e+06
4  2.695400e+08  6.805266e+05
5  1.638329e+08  -1.071299e+05
6  9.813737e+07  1.450866e+06
7  8.229640e+07  3.171191e+05
8  3.299023e+07  2.849295e+04
9  2.474537e+07  8.093849e+04
10  1.382633e+07  -2.748942e+04
11  9.437073e+06  1.899555e+05
12  4.669941e+06  -1.257791e+05
13  3.437778e+06  -1.543705e+05
14  2.008334e+06  -4.291762e+04
15  1.058854e+06  -3.027896e+04
16  7.854826e+05  9.655726e+03
17  4.146136e+05  6.518363e+03
18  2.545779e+05  8.401176e+03
19  1.084808e+05  -1.044846e+02
20  1.099246e+05  3.124746e+03
21  5.580669e+04  1.231140e+03
22  4.276659e+04  -2.425616e+02
23  2.346167e+04  -7.731475e+02
24  1.542659e+04  -3.880446e+02
25  6.381495e+03  1.617814e+02
26  5.878351e+03  2.430662e+02
27  3.077189e+03  -1.604925e+02
28  1.955689e+03  4.756024e+01
29  1.131790e+03  -1.554716e+01
30  7.342791e+02  4.638225e-01
31  4.306911e+02  2.594225e+00
32  4.870694e+02  1.288601e+01
33  5.326993e+02  1.838416e+01
34  8.170296e+02  9.298262e+00
35  1.226053e+03  2.664277e+01
36  1.645812e+03  4.261281e+01
37  2.700609e+03  1.929817e+01
38  4.002957e+03  1.916265e+02
39  6.550269e+03  -4.567938e+02
40  1.105359e+04  7.386880e+01
41  1.950162e+04  1.218402e+02
42  2.969592e+04  -2.083514e+01
43  5.990526e+04  1.458202e+03
44  1.056973e+05  3.988230e+03
45  1.480653e+05  -5.651923e+03
46  2.407825e+05  -2.693735e+03
47  4.105116e+05  -7.990673e+03
48  6.704086e+05  -8.918852e+03
49  9.170574e+05  1.261660e+04
50  1.862594e+06  7.321882e+04
51  2.393247e+06  -3.561502e+04
52  5.729819e+06  -1.469067e+05
53  8.119480e+06  2.554861e+05
54  1.549758e+07  2.225877e+05
55  2.197945e+07  -4.152683e+05
56  3.965231e+07  5.126370e+04
57  6.560672e+07  6.824816e+05
58  1.121037e+08  4.803781e+05
59  1.382903e+08  1.906204e+06
60  2.442096e+08  -3.008019e+06
61  4.244980e+08  1.010130e+06
62  1.153700e+09  -1.804835e+07
63  3.064296e+09  1.343979e+07
ENDPROP
