STARTPROP
MASSES:  4.200000e-03   4.200000e-03
SOURCE: GAM_1
SINKS: GAM_1
0  1.183338e+06  -1.263637e+04
1  1.968798e+06  2.202140e+03
2  1.000516e+06  3.849110e+03
3  5.975804e+05  -4.605689e+03
4  3.793858e+05  -4.814435e+03
5  2.260251e+05  -5.827879e+03
6  1.202336e+05  -8.891145e+03
7  4.410011e+04  -9.560588e+03
8  3.683909e+03  -7.068313e+03
9  -1.128172e+03  -4.023832e+03
10  -4.167940e+03  -9.200399e+02
11  2.310211e+03  -8.187935e+02
12  9.289289e+03  2.454281e+02
13  9.257905e+03  -2.285139e+02
14  5.734080e+03  -5.201397e+02
15  3.514075e+03  -8.767193e+02
16  1.367080e+03  -5.329834e+02
17  8.827415e+02  2.415410e+02
18  -6.100188e+01  3.323926e+02
19  -1.548398e+03  -2.687032e+01
20  -1.475492e+03  8.367904e+01
21  -1.497508e+03  -3.748566e+01
22  -5.985948e+02  -2.809015e+02
23  -6.411983e+02  -6.649485e+02
24  -3.502347e+02  -7.156157e+02
25  -1.898664e+02  -8.141464e+02
26  1.139629e+02  -5.102020e+02
27  4.106193e+02  -2.200496e+02
28  5.703628e+02  3.502224e+01
29  1.803560e+02  1.384571e+02
30  -3.067062e+02  2.186580e+02
31  -4.602997e+02  2.412301e+02
32  -5.378221e+02  2.011760e+02
33  -4.497974e+02  1.580165e+02
34  -3.100925e+02  1.357001e+02
35  -5.456046e+02  1.761730e+02
36  -8.289589e+02  3.587677e+02
37  -7.346411e+02  2.935429e+02
38  -6.236568e+02  1.669623e+02
39  -6.822806e+02  -1.308623e+02
40  -8.167823e+02  -4.867070e+02
41  -2.539168e+02  -2.919738e+02
42  1.245175e+01  7.925964e+01
43  2.765863e+02  2.113789e+02
44  -1.113271e+03  1.250443e+01
45  -1.934306e+03  1.139464e+02
46  -4.673414e+01  -1.209053e+02
47  2.202958e+03  6.131905e+02
48  1.193417e+03  1.517620e+03
49  -2.593451e+03  1.430713e+03
50  -5.035090e+03  9.561319e+02
51  -5.800860e+03  2.408480e+03
52  -5.166076e+03  4.406147e+03
53  -6.316139e+03  5.219066e+03
54  2.495898e+03  4.311795e+03
55  8.281780e+03  1.491948e+03
56  1.789226e+04  -5.515801e+02
57  3.537120e+04  -9.608551e+02
58  7.049636e+04  -1.768813e+03
59  1.404227e+05  -3.296201e+03
60  2.717225e+05  -1.484074e+03
61  4.836908e+05  -7.608642e+03
62  8.945124e+05  -1.258694e+04
63  1.929762e+06  -1.683298e+04
ENDPROP
STARTPROP
MASSES:  4.200000e-03   4.200000e-03
SOURCE: GAM_2
SINKS: GAM_2
0  1.127337e+06  6.256230e+03
1  1.928030e+06  1.135945e+04
2  9.634692e+05  3.123013e+03
3  5.711942e+05  1.117946e+03
4  3.346915e+05  2.278188e+02
5  1.794225e+05  -1.888594e+03
6  9.612858e+04  -3.021864e+02
7  4.268829e+04  -6.870539e+02
8  1.193561e+04  1.711075e+03
9  3.790815e+03  2.512756e+03
10  2.906125e+03  2.582475e+03
11  1.295471e+03  2.309427e+03
12  6.202375e+03  1.877776e+03
13  1.076405e+04  9.139168e+02
14  1.073435e+04  3.621618e+02
15  7.405289e+03  -8.674178e+02
16  4.838861e+03  -1.285464e+03
17  2.172466e+03  -1.217406e+03
18  9.061911e+02  -9.129725e+02
19  2.435441e+02  -9.303784e+02
20  6.136229e+01  -2.909985e+02
21  8.933562e+02  -7.209083e+01
22  1.063515e+03  -1.241971e+02
23  1.620680e+03  -2.426998e+02
24  1.558697e+03  -5.115847e+02
25  1.625517e+03  -6.471221e+02
26  1.376433e+03  -7.872553e+02
27  1.209719e+03  -7.198569e+02
28  1.034012e+03  -4.869460e+02
29  7.503701e+02  -3.054824e+02
30  7.985864e+02  -2.308714e+02
31  9.959612e+02  -7.276958e+01
32  1.040321e+03  -4.253476e+01
33  9.824221e+02  -5.450427e+01
34  1.147258e+03  -5.390104e+01
35  1.012975e+03  -2.265346e+01
36  9.220399e+02  -1.218492e+02
37  7.153278e+02  -1.445175e+02
38  7.212620e+02  -5.165547e+01
39  5.925185e+02  -5.673237e+01
40  2.167127e+02  -1.922683e+01
41  2.722785e+02  8.215453e+01
42  -1.578072e+02  -1.446405e+02
43  -9.873391e+02  1.150759e+01
44  -1.807969e+03  4.352294e+02
45  -3.076851e+03  -3.762086e+02
46  -3.155043e+03  -1.194886e+03
47  -1.827384e+03  -9.308005e+02
48  1.655098e+03  4.898891e+01
49  4.307371e+03  6.289540e+02
50  9.447094e+03  -7.820728e+01
51  1.527448e+04  -1.168438e+03
52  2.082948e+04  1.276272e+02
53  2.480450e+04  1.609438e+03
54  2.359290e+04  2.062908e+03
55  3.241522e+04  5.484104e+02
56  6.348333e+04  -7.272744e+02
57  9.598409e+04  -5.619859e+03
58  1.258185e+05  -9.071267e+03
59  1.829439e+05  -5.415076e+03
60  2.766440e+05  -1.662923e+03
61  4.867627e+05  2.657129e+02
62  8.993690e+05  -2.542164e+02
63  1.912294e+06  -7.271255e+02
ENDPROP
STARTPROP
MASSES:  4.200000e-03   4.200000e-03
SOURCE: GAM_3
SINKS: GAM_3
0  1.239272e+06  4.900779e+02
1  1.994530e+06  7.220341e+03
2  9.633999e+05  5.764278e+03
3  5.313811e+05  -1.000986e+03
4  2.874243e+05  6.571747e+03
5  1.588415e+05  1.392396e+04
6  8.654239e+04  1.576871e+04
7  4.058116e+04  1.072859e+04
8  2.494872e+04  4.677650e+03
9  1.241113e+04  1.505361e+03
10  1.004272e+04  4.109374e+02
11  1.400924e+04  8.187042e+02
12  1.018401e+04  1.229465e+03
13  5.689755e+03  1.549238e+03
14  -4.382412e+02  5.370857e+01
15  -2.199856e+03  -3.640384e+02
16  -2.295428e+03  3.170853e+02
17  -1.191353e+03  8.920795e+02
18  -1.209330e+03  9.384803e+02
19  -1.088131e+03  1.155378e+03
20  -5.938733e+02  9.738844e+02
21  1.424737e+02  6.946916e+02
22  -8.490690e+02  2.925249e+02
23  -1.679299e+03  -1.447885e+02
24  -1.483225e+03  -2.397485e+02
25  -1.480745e+03  -1.550573e+01
26  -1.418665e+03  2.220594e+02
27  -1.325599e+03  1.717510e+02
28  -8.186328e+02  2.014637e+02
29  -6.156092e+02  5.823419e+01
30  -5.411080e+02  -3.385001e+01
31  -3.414075e+02  1.022585e+02
32  -5.190914e+02  2.309893e+02
33  -5.654662e+02  3.109385e+02
34  -4.341484e+02  3.229654e+02
35  -3.323263e+02  3.456987e+02
36  -3.755199e+01  2.721183e+02
37  1.026883e+02  2.246769e+02
38  4.393755e+02  2.343221e+02
39  4.737182e+02  4.988243e+01
40  5.198810e+02  -9.682966e+01
41  -1.085846e+02  8.630095e+01
42  2.368199e+02  2.472870e+02
43  1.233589e+03  4.136444e+02
44  2.865213e+03  5.250923e+02
45  4.470716e+03  6.992307e+02
46  4.644914e+03  7.968156e+02
47  4.469291e+03  1.437017e+03
48  4.999107e+03  1.801280e+03
49  3.254306e+03  2.137706e+03
50  -2.656203e+03  2.581909e+03
51  -5.575140e+03  3.289839e+03
52  -3.581852e+03  2.650116e+03
53  -5.336071e+03  1.781513e+03
54  1.546982e+03  3.472834e+03
55  1.470574e+04  5.163730e+03
56  2.319213e+04  4.238251e+03
57  4.046352e+04  2.311081e+03
58  6.547824e+04  3.136032e+02
59  1.464375e+05  -1.919832e+03
60  2.902011e+05  -3.999905e+03
61  5.618986e+05  -4.038462e+03
62  1.008064e+06  -4.152850e+03
63  2.018027e+06  -8.483420e+03
ENDPROP
STARTPROP
MASSES:  4.200000e-03   4.200000e-03
SOURCE: GAM_4
SINKS: GAM_4
0  2.147192e+06  9.365100e+02
1  -2.860740e+05  -8.235426e+03
2  -4.939141e+03  -8.753471e+03
3  -1.461404e+04  -7.353282e+03
4  5.724420e+03  -5.658785e+03
5  1.309371e+03  -4.714900e+03
6  1.555014e+03  -4.478728e+03
7  -1.287519e+03  -2.867450e+03
8  1.606080e+03  -2.804114e+03
9  -6.949385e+02  -9.896575e+02
10  -6.419936e+02  -6.904337e+02
11  -2.250065e+03  8.056893e+02
12  6.349148e+02  1.236918e+03
13  8.017721e+02  6.173024e+02
14  6.320090e+02  5.589806e+02
15  1.151553e+03  -2.023037e+02
16  3.341572e+02  -1.542017e+02
17  5.989581e+02  2.053966e+01
18  1.743566e+02  9.895720e+01
19  1.932200e+02  2.674545e+02
20  4.882254e+02  2.770247e+02
21  1.269368e+02  1.337114e+02
22  1.297903e+02  1.465715e+01
23  4.482341e+02  -2.495913e+01
24  4.747698e+02  7.790836e+01
25  3.654408e+02  3.129970e+01
26  2.745962e+02  3.158883e+01
27  3.056130e+02  -1.351082e+01
28  2.685988e+02  -2.801374e+01
29  1.793073e+02  -6.568963e+00
30  2.289580e+02  3.461678e+01
31  2.572720e+02  -6.273366e+01
32  3.594684e+02  -1.031082e+01
33  3.227454e+02  -5.387625e+00
34  3.451400e+02  -7.580204e+01
35  3.809964e+02  -6.736306e+01
36  3.200099e+02  -8.156460e+01
37  3.540313e+02  -8.940527e+01
38  2.411008e+02  -1.080178e+02
39  4.107435e+02  -1.753404e+02
40  3.568500e+02  -2.004853e+02
41  4.208737e+02  -1.715105e+02
42  4.863241e+02  -1.630927e+02
43  6.923146e+02  -2.656627e+01
44  4.769610e+02  -6.299782e+01
45  5.654540e+02  -3.038645e+01
46  1.669383e+02  -3.020820e+02
47  5.660764e+02  -3.571545e+02
48  1.115909e+03  -3.821165e+02
49  7.108945e+02  -1.063260e+02
50  1.759520e+03  -5.268391e+02
51  3.159154e+02  -1.041966e+03
52  9.631048e+02  -1.347212e+03
53  1.459033e+03  -1.576019e+03
54  6.503860e+02  -1.077583e+03
55  4.248705e+03  -8.737696e+01
56  4.489528e+03  4.289734e+02
57  2.244210e+03  1.653345e+03
58  1.228458e+03  4.177935e+03
59  1.571508e+03  6.541516e+03
60  -6.039976e+02  8.512251e+03
61  7.589061e+02  6.191118e+03
62  -1.432760e+04  7.956948e+03
63  -2.918868e+05  8.046001e+03
ENDPROP
STARTPROP
MASSES:  4.200000e-03   4.200000e-03
SOURCE: GAM_5
SINKS: GAM_5
0  1.531288e+07  -9.318659e+04
1  1.543594e+07  -1.255300e+05
2  1.274420e+07  -1.053286e+05
3  1.037803e+07  -1.054186e+05
4  8.596337e+06  -1.135861e+05
5  7.225590e+06  -1.230721e+05
6  6.105724e+06  -9.682224e+04
7  5.238508e+06  -6.338626e+04
8  4.427459e+06  -3.916705e+04
9  3.686155e+06  -2.167012e+04
10  2.968511e+06  -1.253966e+04
11  2.377845e+06  1.041541e+04
12  1.954534e+06  2.566960e+04
13  1.623486e+06  2.823717e+04
14  1.316864e+06  3.359894e+04
15  1.110674e+06  2.894727e+04
16  9.401532e+05  2.143557e+04
17  7.858478e+05  1.296400e+04
18  6.339408e+05  7.177021e+03
19  5.062857e+05  3.942362e+03
20  4.154126e+05  4.344713e+03
21  3.392642e+05  4.223449e+03
22  2.811723e+05  3.088654e+03
23  2.369031e+05  3.348324e+03
24  2.029724e+05  3.404748e+03
25  1.773342e+05  3.334323e+03
26  1.559937e+05  3.794987e+03
27  1.370399e+05  3.566187e+03
28  1.236426e+05  2.957301e+03
29  1.125920e+05  2.778766e+03
30  1.011434e+05  2.642834e+03
31  9.432099e+04  1.941230e+03
32  9.129173e+04  1.591470e+03
33  9.077586e+04  7.316500e+02
34  9.553994e+04  -7.255221e+02
35  1.044505e+05  -2.916776e+03
36  1.172177e+05  -4.832673e+03
37  1.354603e+05  -6.244747e+03
38  1.592666e+05  -7.359588e+03
39  1.872601e+05  -8.067695e+03
40  2.265568e+05  -7.440983e+03
41  2.746187e+05  -5.950780e+03
42  3.257881e+05  -3.585009e+03
43  3.878077e+05  -5.415886e+02
44  4.611295e+05  1.032229e+03
45  5.625685e+05  -5.771903e+01
46  6.792195e+05  -2.674543e+03
47  8.169528e+05  -3.881559e+03
48  9.828594e+05  -8.683731e+03
49  1.171595e+06  -1.656794e+04
50  1.389218e+06  -2.988855e+04
51  1.630712e+06  -4.153123e+04
52  1.982982e+06  -4.666156e+04
53  2.380630e+06  -5.017997e+04
54  2.848990e+06  -5.466168e+04
55  3.468780e+06  -8.409949e+04
56  4.195308e+06  -1.161383e+05
57  4.904067e+06  -1.269909e+05
58  5.807426e+06  -1.260488e+05
59  6.988825e+06  -1.053835e+05
60  8.416124e+06  -4.966590e+04
61  1.008013e+07  -4.852468e+04
62  1.210212e+07  -6.488977e+04
63  1.488956e+07  -7.667467e+04
ENDPROP
STARTPROP
MASSES:  4.200000e-03   4.200000e-03
SOURCE: GAM_12
SINKS: GAM_12
0  7.760634e+05  -9.095697e+03
1  -7.120951e+05  -1.725102e+04
2  -1.598123e+05  -8.460251e+03
3  -6.592261e+04  -2.978218e+03
4  -3.973349e+04  -4.271892e+03
5  -1.837320e+04  -6.110807e+03
6  -1.519757e+04  -1.659228e+03
7  -1.025582e+04  3.290794e+03
8  -1.183940e+04  5.571240e+03
9  -1.021963e+04  5.916383e+03
10  -8.231033e+03  5.004528e+03
11  -5.644773e+03  4.582287e+03
12  -3.717055e+03  2.709253e+03
13  -7.857808e+03  1.842863e+03
14  -5.723409e+03  1.199947e+03
15  -4.567222e+03  8.898372e+02
16  -4.340351e+03  2.780109e+02
17  -3.798505e+03  1.094327e+02
18  -2.229581e+03  4.381432e+02
19  -1.307087e+03  4.339314e+02
20  -1.563374e+02  3.682764e+02
21  8.869082e+01  2.035299e+02
22  7.060820e+01  -5.304014e+00
23  4.029852e+02  -1.591195e+02
24  4.765002e+02  -1.867780e+02
25  5.301234e+02  -2.691769e+02
26  5.108723e+02  -2.234402e+02
27  6.825750e+02  -1.203790e+02
28  4.739974e+02  -8.495921e+01
29  3.754461e+02  -1.107710e+02
30  3.792058e+02  -1.153742e+02
31  1.789569e+02  -9.618026e+01
32  -9.815842e+00  -6.701488e+01
33  -8.182955e+01  -1.464711e+02
34  1.343339e+02  -1.461186e+02
35  3.497684e+02  1.224183e+01
36  3.155021e+02  -7.554194e+01
37  4.842160e+02  -1.524723e+02
38  1.016054e+03  -1.908341e+02
39  1.118613e+03  -2.213557e+02
40  7.821628e+02  -6.520369e+00
41  -2.408070e+02  3.314921e+02
42  3.278737e+01  7.073495e+02
43  -2.945987e+02  9.753636e+02
44  -1.199460e+03  1.154282e+03
45  -1.740361e+03  4.212136e+02
46  -1.436751e+03  -6.060997e+02
47  -1.420600e+03  -5.081112e+02
48  -1.245295e+03  2.328991e+01
49  2.270043e+02  1.333097e+03
50  1.397924e+03  2.702277e+03
51  1.432761e+03  1.666417e+03
52  -1.159124e+03  6.035029e+02
53  -5.143093e+03  1.147085e+03
54  -1.368803e+04  2.736418e+02
55  -1.770631e+04  -7.336770e+01
56  -2.261474e+04  8.906930e+02
57  -3.724412e+04  1.918630e+03
58  -5.266201e+04  3.900860e+03
59  -5.134684e+04  2.394965e+03
60  -7.038168e+04  9.555049e+02
61  -1.315488e+05  4.393179e+03
62  -2.522114e+05  -1.015512e+03
63  -7.793747e+05  -3.145397e+03
ENDPROP
STARTPROP
MASSES:  4.200000e-03   4.200000e-03
SOURCE: GAM_21
SINKS: GAM_21
0  7.760634e+05  -9.095697e+03
1  -7.120951e+05  -1.725102e+04
2  -1.598123e+05  -8.460251e+03
3  -6.592261e+04  -2.978218e+03
4  -3.973349e+04  -4.271892e+03
5  -1.837320e+04  -6.110807e+03
6  -1.519757e+04  -1.659228e+03
7  -1.025582e+04  3.290794e+03
8  -1.183940e+04  5.571240e+03
9  -1.021963e+04  5.916383e+03
10  -8.231033e+03  5.004528e+03
11  -5.644773e+03  4.582287e+03
12  -3.717055e+03  2.709253e+03
13  -7.857808e+03  1.842863e+03
14  -5.723409e+03  1.199947e+03
15  -4.567222e+03  8.898372e+02
16  -4.340351e+03  2.780109e+02
17  -3.798505e+03  1.094327e+02
18  -2.229581e+03  4.381432e+02
19  -1.307087e+03  4.339314e+02
20  -1.563374e+02  3.682764e+02
21  8.869082e+01  2.035299e+02
22  7.060820e+01  -5.304014e+00
23  4.029852e+02  -1.591195e+02
24  4.765002e+02  -1.867780e+02
25  5.301234e+02  -2.691769e+02
26  5.108723e+02  -2.234402e+02
27  6.825750e+02  -1.203790e+02
28  4.739974e+02  -8.495921e+01
29  3.754461e+02  -1.107710e+02
30  3.792058e+02  -1.153742e+02
31  1.789569e+02  -9.618026e+01
32  -9.815842e+00  -6.701488e+01
33  -8.182955e+01  -1.464711e+02
34  1.343339e+02  -1.461186e+02
35  3.497684e+02  1.224183e+01
36  3.155021e+02  -7.554194e+01
37  4.842160e+02  -1.524723e+02
38  1.016054e+03  -1.908341e+02
39  1.118613e+03  -2.213557e+02
40  7.821628e+02  -6.520369e+00
41  -2.408070e+02  3.314921e+02
42  3.278737e+01  7.073495e+02
43  -2.945987e+02  9.753636e+02
44  -1.199460e+03  1.154282e+03
45  -1.740361e+03  4.212136e+02
46  -1.436751e+03  -6.060997e+02
47  -1.420600e+03  -5.081112e+02
48  -1.245295e+03  2.328991e+01
49  2.270043e+02  1.333097e+03
50  1.397924e+03  2.702277e+03
51  1.432761e+03  1.666417e+03
52  -1.159124e+03  6.035029e+02
53  -5.143093e+03  1.147085e+03
54  -1.368803e+04  2.736418e+02
55  -1.770631e+04  -7.336770e+01
56  -2.261474e+04  8.906930e+02
57  -3.724412e+04  1.918630e+03
58  -5.266201e+04  3.900860e+03
59  -5.134684e+04  2.394965e+03
60  -7.038168e+04  9.555049e+02
61  -1.315488e+05  4.393179e+03
62  -2.522114e+05  -1.015512e+03
63  -7.793747e+05  -3.145397e+03
ENDPROP
STARTPROP
MASSES:  4.200000e-03   4.200000e-03
SOURCE: GAM_13
SINKS: GAM_13
0  7.261083e+05  9.644447e+02
1  -7.582472e+05  -1.018084e+04
2  -1.902414e+05  -5.842983e+03
3  -5.196663e+04  -9.865314e+03
4  -7.654710e+03  -9.918389e+03
5  -6.507664e+03  -1.059159e+04
6  -1.348894e+04  -8.775182e+03
7  -2.650291e+04  -2.457571e+03
8  -3.160140e+04  8.780466e+02
9  -2.783534e+04  2.935159e+03
10  -2.511531e+04  4.296662e+03
11  -2.049401e+04  5.081829e+03
12  -9.231747e+03  4.813946e+03
13  -4.388896e+03  4.429701e+03
14  -2.653373e+03  2.841414e+03
15  -1.840484e+03  1.253482e+03
16  -2.824432e+03  7.105061e+02
17  -4.108449e+03  5.286576e+02
18  -3.031278e+03  3.148834e+02
19  -2.287236e+03  3.124988e+01
20  -1.238185e+03  -5.130059e+01
21  5.189852e+01  5.769056e+01
22  4.059063e+01  -7.390176e+01
23  -7.181928e+02  -1.566236e+02
24  -8.738599e+02  -2.827965e+02
25  3.159900e+01  -2.354128e+02
26  5.562839e+02  -1.345718e+02
27  2.914851e+02  -1.061678e+02
28  -7.165125e+01  -1.432883e+02
29  -1.545033e+02  -1.340004e+02
30  -1.615569e+02  -1.596148e+02
31  -4.132400e+02  -1.293942e+02
32  -4.911448e+02  -1.619353e+02
33  -3.657230e+02  -1.369906e+02
34  -1.557592e+02  -2.498914e+02
35  -9.225996e+01  -2.526359e+02
36  1.167430e+02  -3.124333e+02
37  1.466755e+02  -2.014206e+02
38  3.935294e+02  -2.838609e+02
39  1.896872e+02  -8.225740e+01
40  -4.801821e+02  -3.803273e+01
41  -1.106915e+03  -1.408869e+02
42  -1.080765e+03  -3.326070e+02
43  -6.352018e+02  -3.562576e+02
44  -1.280392e+02  -2.883618e+02
45  1.193820e+03  -4.779861e+02
46  1.258273e+03  -1.026430e+03
47  2.461087e+03  -1.151336e+03
48  2.128166e+03  -1.367704e+03
49  4.027069e+03  -1.627016e+03
50  3.811008e+03  -1.054509e+03
51  8.724624e+03  -1.110167e+03
52  1.046898e+04  -7.671455e+02
53  9.950149e+03  -2.396985e+03
54  7.000095e+03  -2.960582e+03
55  1.327450e+02  -4.414950e+03
56  -2.832211e+03  -7.700232e+03
57  -2.303132e+04  -5.035981e+03
58  -4.242139e+04  -2.732143e+03
59  -6.261608e+04  -4.074351e+03
60  -1.045107e+05  -6.682183e+03
61  -1.404638e+05  -4.882307e+03
62  -2.259993e+05  2.010777e+03
63  -7.759424e+05  7.810974e+03
ENDPROP
STARTPROP
MASSES:  4.200000e-03   4.200000e-03
SOURCE: GAM_31
SINKS: GAM_31
0  7.261083e+05  9.644447e+02
1  -7.582472e+05  -1.018084e+04
2  -1.902414e+05  -5.842983e+03
3  -5.196663e+04  -9.865314e+03
4  -7.654710e+03  -9.918389e+03
5  -6.507664e+03  -1.059159e+04
6  -1.348894e+04  -8.775182e+03
7  -2.650291e+04  -2.457571e+03
8  -3.160140e+04  8.780466e+02
9  -2.783534e+04  2.935159e+03
10  -2.511531e+04  4.296662e+03
11  -2.049401e+04  5.081829e+03
12  -9.231747e+03  4.813946e+03
13  -4.388896e+03  4.429701e+03
14  -2.653373e+03  2.841414e+03
15  -1.840484e+03  1.253482e+03
16  -2.824432e+03  7.105061e+02
17  -4.108449e+03  5.286576e+02
18  -3.031278e+03  3.148834e+02
19  -2.287236e+03  3.124988e+01
20  -1.238185e+03  -5.130059e+01
21  5.189852e+01  5.769056e+01
22  4.059063e+01  -7.390176e+01
23  -7.181928e+02  -1.566236e+02
24  -8.738599e+02  -2.827965e+02
25  3.159900e+01  -2.354128e+02
26  5.562839e+02  -1.345718e+02
27  2.914851e+02  -1.061678e+02
28  -7.165125e+01  -1.432883e+02
29  -1.545033e+02  -1.340004e+02
30  -1.615569e+02  -1.596148e+02
31  -4.132400e+02  -1.293942e+02
32  -4.911448e+02  -1.619353e+02
33  -3.657230e+02  -1.369906e+02
34  -1.557592e+02  -2.498914e+02
35  -9.225996e+01  -2.526359e+02
36  1.167430e+02  -3.124333e+02
37  1.466755e+02  -2.014206e+02
38  3.935294e+02  -2.838609e+02
39  1.896872e+02  -8.225740e+01
40  -4.801821e+02  -3.803273e+01
41  -1.106915e+03  -1.408869e+02
42  -1.080765e+03  -3.326070e+02
43  -6.352018e+02  -3.562576e+02
44  -1.280392e+02  -2.883618e+02
45  1.193820e+03  -4.779861e+02
46  1.258273e+03  -1.026430e+03
47  2.461087e+03  -1.151336e+03
48  2.128166e+03  -1.367704e+03
49  4.027069e+03  -1.627016e+03
50  3.811008e+03  -1.054509e+03
51  8.724624e+03  -1.110167e+03
52  1.046898e+04  -7.671455e+02
53  9.950149e+03  -2.396985e+03
54  7.000095e+03  -2.960582e+03
55  1.327450e+02  -4.414950e+03
56  -2.832211e+03  -7.700232e+03
57  -2.303132e+04  -5.035981e+03
58  -4.242139e+04  -2.732143e+03
59  -6.261608e+04  -4.074351e+03
60  -1.045107e+05  -6.682183e+03
61  -1.404638e+05  -4.882307e+03
62  -2.259993e+05  2.010777e+03
63  -7.759424e+05  7.810974e+03
ENDPROP
STARTPROP
MASSES:  4.200000e-03   4.200000e-03
SOURCE: GAM_14
SINKS: GAM_14
0  -1.203800e+05  -1.793125e+03
1  1.261411e+06  4.048629e+03
2  5.118208e+05  2.909970e+03
3  2.835050e+05  5.753105e+03
4  1.584767e+05  -1.977915e+03
5  7.545584e+04  -3.000371e+03
6  3.007563e+04  1.580347e+03
7  5.347819e+03  1.073573e+03
8  -4.478665e+03  -1.388577e+03
9  -1.077338e+04  -1.800631e+03
10  -8.940332e+03  -4.181040e+02
11  -9.722929e+03  -1.085157e+03
12  -9.489310e+03  -1.712799e+03
13  -9.976621e+02  -1.570126e+03
14  -1.678670e+03  -9.625497e+02
15  -2.744880e+03  -1.563055e+03
16  -2.751728e+02  -1.026049e+03
17  -1.729805e+03  1.162811e+02
18  -1.657504e+03  3.323296e+02
19  -8.533812e+02  2.185142e+02
20  -7.552326e+02  -4.956665e+01
21  -2.030079e+02  -9.346152e+01
22  -4.664515e+02  -1.588696e+02
23  -8.058586e+02  -8.585047e+01
24  -1.287871e+03  -1.176937e+02
25  -1.169754e+03  -1.091677e+02
26  -8.517085e+02  8.886338e+00
27  -7.745221e+02  1.063047e+02
28  -3.878764e+02  1.456246e+02
29  -3.553326e+02  1.832495e+02
30  -4.468991e+02  8.556217e+01
31  -7.558262e+02  -1.599193e+01
32  -6.033500e+02  9.215800e+00
33  -6.118758e+02  7.091939e+01
34  -5.877581e+02  1.288356e+02
35  -4.898124e+02  2.091940e+02
36  -5.129115e+02  2.405598e+02
37  -3.257212e+02  1.534859e+02
38  -4.434603e+02  3.557396e+01
39  -1.191872e+03  -2.278344e+02
40  -1.294924e+03  -3.399951e+02
41  -5.964406e+02  -2.941482e+02
42  1.056619e+02  -1.454826e+02
43  5.211405e+02  -1.518810e+02
44  -2.265572e+02  -2.517083e+02
45  2.417800e+03  4.684534e+02
46  2.531684e+03  8.101840e+02
47  2.721416e+03  1.099311e+03
48  2.696380e+03  8.681740e+02
49  1.082636e+03  6.490245e+02
50  6.790090e+02  -4.141956e+02
51  3.450205e+02  -1.782499e+03
52  -3.050230e+03  -5.586804e+02
53  -2.505056e+03  7.995289e+02
54  6.295193e+02  -6.379212e+02
55  6.499401e+03  -1.475140e+03
56  9.741388e+03  -1.306297e+03
57  9.902931e+03  -2.001998e+03
58  8.548768e+03  2.429364e+02
59  3.903818e+04  1.155507e+03
60  1.142614e+05  1.851054e+03
61  2.618168e+05  -6.735329e+01
62  5.377147e+05  -1.642291e+03
63  1.274933e+06  -3.310295e+03
ENDPROP
STARTPROP
MASSES:  4.200000e-03   4.200000e-03
SOURCE: GAM_41
SINKS: GAM_41
0  -1.203800e+05  -1.793125e+03
1  1.261411e+06  4.048629e+03
2  5.118208e+05  2.909970e+03
3  2.835050e+05  5.753105e+03
4  1.584767e+05  -1.977915e+03
5  7.545584e+04  -3.000371e+03
6  3.007563e+04  1.580347e+03
7  5.347819e+03  1.073573e+03
8  -4.478665e+03  -1.388577e+03
9  -1.077338e+04  -1.800631e+03
10  -8.940332e+03  -4.181040e+02
11  -9.722929e+03  -1.085157e+03
12  -9.489310e+03  -1.712799e+03
13  -9.976621e+02  -1.570126e+03
14  -1.678670e+03  -9.625497e+02
15  -2.744880e+03  -1.563055e+03
16  -2.751728e+02  -1.026049e+03
17  -1.729805e+03  1.162811e+02
18  -1.657504e+03  3.323296e+02
19  -8.533812e+02  2.185142e+02
20  -7.552326e+02  -4.956665e+01
21  -2.030079e+02  -9.346152e+01
22  -4.664515e+02  -1.588696e+02
23  -8.058586e+02  -8.585047e+01
24  -1.287871e+03  -1.176937e+02
25  -1.169754e+03  -1.091677e+02
26  -8.517085e+02  8.886338e+00
27  -7.745221e+02  1.063047e+02
28  -3.878764e+02  1.456246e+02
29  -3.553326e+02  1.832495e+02
30  -4.468991e+02  8.556217e+01
31  -7.558262e+02  -1.599193e+01
32  -6.033500e+02  9.215800e+00
33  -6.118758e+02  7.091939e+01
34  -5.877581e+02  1.288356e+02
35  -4.898124e+02  2.091940e+02
36  -5.129115e+02  2.405598e+02
37  -3.257212e+02  1.534859e+02
38  -4.434603e+02  3.557396e+01
39  -1.191872e+03  -2.278344e+02
40  -1.294924e+03  -3.399951e+02
41  -5.964406e+02  -2.941482e+02
42  1.056619e+02  -1.454826e+02
43  5.211405e+02  -1.518810e+02
44  -2.265572e+02  -2.517083e+02
45  2.417800e+03  4.684534e+02
46  2.531684e+03  8.101840e+02
47  2.721416e+03  1.099311e+03
48  2.696380e+03  8.681740e+02
49  1.082636e+03  6.490245e+02
50  6.790090e+02  -4.141956e+02
51  3.450205e+02  -1.782499e+03
52  -3.050230e+03  -5.586804e+02
53  -2.505056e+03  7.995289e+02
54  6.295193e+02  -6.379212e+02
55  6.499401e+03  -1.475140e+03
56  9.741388e+03  -1.306297e+03
57  9.902931e+03  -2.001998e+03
58  8.548768e+03  2.429364e+02
59  3.903818e+04  1.155507e+03
60  1.142614e+05  1.851054e+03
61  2.618168e+05  -6.735329e+01
62  5.377147e+05  -1.642291e+03
63  1.274933e+06  -3.310295e+03
ENDPROP
STARTPROP
MASSES:  4.200000e-03   4.200000e-03
SOURCE: GAM_23
SINKS: GAM_23
0  7.034091e+05  5.302863e+03
1  -7.908505e+05  -2.464450e+03
2  -2.153416e+05  -3.028073e+03
3  -1.404530e+05  -4.814163e+03
4  -9.734970e+04  -1.445946e+03
5  -6.755062e+04  -3.696306e+03
6  -3.335709e+04  -7.412964e+03
7  -1.383147e+04  -5.134473e+03
8  3.189598e+03  -3.793579e+03
9  8.839269e+03  3.163669e+01
10  5.743271e+03  -6.450567e+02
11  -2.443181e+03  -1.709400e+03
12  -6.927095e+03  -1.062417e+03
13  -9.553665e+03  -1.146176e+03
14  -9.963009e+03  -1.709449e+03
15  -8.162754e+03  -1.626303e+03
16  -7.600545e+03  -1.841609e+03
17  -2.822130e+03  -7.500632e+02
18  -1.340865e+03  6.280205e+01
19  -1.521866e+03  3.231640e+02
20  -8.233532e+02  5.891954e+02
21  -1.761652e+02  5.602824e+02
22  6.794073e+02  5.520294e+02
23  1.093843e+02  4.913243e+02
24  5.286690e+02  4.648757e+02
25  6.153588e+02  4.488147e+02
26  2.168509e+02  3.332867e+02
27  -9.429269e+00  3.128916e+02
28  1.019679e+02  3.540072e+02
29  -6.072059e+01  5.019973e+02
30  -3.038209e+02  5.652694e+02
31  -4.521070e+02  4.853015e+02
32  -6.050642e+02  3.326444e+02
33  -4.155008e+02  3.603470e+02
34  -3.818958e+02  2.546458e+02
35  -3.105817e+02  1.945034e+02
36  -3.667837e+02  1.769798e+02
37  -4.864459e+02  1.744276e+02
38  -5.372968e+02  6.728733e+01
39  -7.364064e+02  -1.059098e+02
40  -8.343824e+02  -1.205812e+02
41  -7.240062e+02  6.805075e+01
42  -1.060408e+03  5.534915e+02
43  5.027915e+01  7.700573e+02
44  1.581956e+03  1.023292e+03
45  4.059614e+03  5.520280e+02
46  4.977191e+03  7.208195e+01
47  4.364183e+03  1.565006e+02
48  4.806060e+03  -1.098529e+03
49  4.186858e+03  -1.449796e+03
50  4.116102e+03  -1.277271e+03
51  4.565104e+03  -2.122958e+03
52  5.605261e+03  -1.938137e+03
53  3.560835e+03  -3.326409e+03
54  1.215322e+03  -3.769350e+03
55  -5.864491e+01  -3.453621e+03
56  -5.102223e+02  -5.366573e+02
57  -2.046380e+03  -1.006266e+03
58  -1.110839e+04  -2.003521e+03
59  -2.968025e+04  -6.677518e+02
60  -7.172182e+04  4.311289e+03
61  -1.459760e+05  6.734040e+03
62  -2.878839e+05  6.572907e+03
63  -8.422825e+05  9.294202e+03
ENDPROP
STARTPROP
MASSES:  4.200000e-03   4.200000e-03
SOURCE: GAM_32
SINKS: GAM_32
0  7.034091e+05  5.302863e+03
1  -7.908505e+05  -2.464450e+03
2  -2.153416e+05  -3.028073e+03
3  -1.404530e+05  -4.814163e+03
4  -9.734970e+04  -1.445946e+03
5  -6.755062e+04  -3.696306e+03
6  -3.335709e+04  -7.412964e+03
7  -1.383147e+04  -5.134473e+03
8  3.189598e+03  -3.793579e+03
9  8.839269e+03  3.163669e+01
10  5.743271e+03  -6.450567e+02
11  -2.443181e+03  -1.709400e+03
12  -6.927095e+03  -1.062417e+03
13  -9.553665e+03  -1.146176e+03
14  -9.963009e+03  -1.709449e+03
15  -8.162754e+03  -1.626303e+03
16  -7.600545e+03  -1.841609e+03
17  -2.822130e+03  -7.500632e+02
18  -1.340865e+03  6.280205e+01
19  -1.521866e+03  3.231640e+02
20  -8.233532e+02  5.891954e+02
21  -1.761652e+02  5.602824e+02
22  6.794073e+02  5.520294e+02
23  1.093843e+02  4.913243e+02
24  5.286690e+02  4.648757e+02
25  6.153588e+02  4.488147e+02
26  2.168509e+02  3.332867e+02
27  -9.429269e+00  3.128916e+02
28  1.019679e+02  3.540072e+02
29  -6.072059e+01  5.019973e+02
30  -3.038209e+02  5.652694e+02
31  -4.521070e+02  4.853015e+02
32  -6.050642e+02  3.326444e+02
33  -4.155008e+02  3.603470e+02
34  -3.818958e+02  2.546458e+02
35  -3.105817e+02  1.945034e+02
36  -3.667837e+02  1.769798e+02
37  -4.864459e+02  1.744276e+02
38  -5.372968e+02  6.728733e+01
39  -7.364064e+02  -1.059098e+02
40  -8.343824e+02  -1.205812e+02
41  -7.240062e+02  6.805075e+01
42  -1.060408e+03  5.534915e+02
43  5.027915e+01  7.700573e+02
44  1.581956e+03  1.023292e+03
45  4.059614e+03  5.520280e+02
46  4.977191e+03  7.208195e+01
47  4.364183e+03  1.565006e+02
48  4.806060e+03  -1.098529e+03
49  4.186858e+03  -1.449796e+03
50  4.116102e+03  -1.277271e+03
51  4.565104e+03  -2.122958e+03
52  5.605261e+03  -1.938137e+03
53  3.560835e+03  -3.326409e+03
54  1.215322e+03  -3.769350e+03
55  -5.864491e+01  -3.453621e+03
56  -5.102223e+02  -5.366573e+02
57  -2.046380e+03  -1.006266e+03
58  -1.110839e+04  -2.003521e+03
59  -2.968025e+04  -6.677518e+02
60  -7.172182e+04  4.311289e+03
61  -1.459760e+05  6.734040e+03
62  -2.878839e+05  6.572907e+03
63  -8.422825e+05  9.294202e+03
ENDPROP
STARTPROP
MASSES:  4.200000e-03   4.200000e-03
SOURCE: GAM_24
SINKS: GAM_24
0  -3.836369e+04  -5.771538e+02
1  1.277007e+06  1.008316e+04
2  5.363744e+05  1.736678e+03
3  3.267114e+05  -2.144338e+03
4  1.873821e+05  -2.629397e+03
5  9.056103e+04  -8.032046e+02
6  6.025282e+04  -1.106012e+03
7  4.172636e+04  -3.580452e+03
8  2.256387e+04  -6.564989e+03
9  1.349338e+04  -6.516436e+03
10  1.504131e+04  -4.955759e+03
11  1.822336e+04  -4.332434e+03
12  1.278575e+04  -3.025879e+03
13  1.143503e+04  -1.747949e+03
14  8.255358e+03  -1.413053e+03
15  9.267604e+03  -6.535526e+02
16  5.774820e+03  -6.246013e+02
17  2.697243e+03  -7.435076e+02
18  1.611357e+03  -6.767079e+02
19  1.507262e+03  -5.122048e+02
20  1.299460e+03  -4.197052e+02
21  1.649814e+03  -1.618874e+02
22  1.617010e+03  -1.920152e+02
23  1.062821e+03  -7.130368e+01
24  1.065888e+03  -1.357631e+02
25  1.095321e+03  -1.380308e+02
26  5.676506e+02  -1.900910e+02
27  5.915374e+02  4.349394e+01
28  4.606537e+02  -2.670086e+01
29  2.506710e+02  4.267650e+01
30  1.497221e+02  -4.583681e+01
31  -1.435141e+02  -8.008817e+01
32  2.165934e+00  -1.097267e+02
33  2.296588e+02  -8.257793e+01
34  1.590727e+02  -8.721206e+01
35  -2.256903e+01  -5.500312e+01
36  -9.988823e+01  -2.018795e+01
37  -1.987361e+02  8.986441e+01
38  -4.354811e+02  2.312990e+02
39  -6.532412e+02  2.196596e+02
40  -1.638229e+03  2.138698e+02
41  -2.461392e+03  2.684133e+02
42  -2.136438e+03  5.034499e+02
43  -1.201574e+03  7.054482e+02
44  -2.315056e+02  1.028112e+03
45  1.148084e+03  8.210908e+02
46  2.181034e+03  -7.442983e+01
47  4.589987e+03  -3.183545e+01
48  5.652147e+03  -1.002481e+03
49  6.344438e+03  -1.318359e+03
50  7.696890e+03  -2.277545e+03
51  9.719269e+03  -2.330617e+03
52  6.829460e+03  -1.439065e+03
53  1.257058e+04  -2.409418e+03
54  1.943852e+04  -4.411376e+03
55  3.282903e+04  -6.294875e+03
56  5.050290e+04  -1.044551e+04
57  6.104734e+04  -6.513754e+03
58  8.165823e+04  -1.060675e+04
59  1.036098e+05  -1.043311e+04
60  1.937366e+05  -1.057041e+04
61  3.216767e+05  -6.011470e+03
62  5.927312e+05  -5.226429e+03
63  1.351025e+06  -3.974978e+03
ENDPROP
STARTPROP
MASSES:  4.200000e-03   4.200000e-03
SOURCE: GAM_42
SINKS: GAM_42
0  -3.836369e+04  -5.771538e+02
1  1.277007e+06  1.008316e+04
2  5.363744e+05  1.736678e+03
3  3.267114e+05  -2.144338e+03
4  1.873821e+05  -2.629397e+03
5  9.056103e+04  -8.032046e+02
6  6.025282e+04  -1.106012e+03
7  4.172636e+04  -3.580452e+03
8  2.256387e+04  -6.564989e+03
9  1.349338e+04  -6.516436e+03
10  1.504131e+04  -4.955759e+03
11  1.822336e+04  -4.332434e+03
12  1.278575e+04  -3.025879e+03
13  1.143503e+04  -1.747949e+03
14  8.255358e+03  -1.413053e+03
15  9.267604e+03  -6.535526e+02
16  5.774820e+03  -6.246013e+02
17  2.697243e+03  -7.435076e+02
18  1.611357e+03  -6.767079e+02
19  1.507262e+03  -5.122048e+02
20  1.299460e+03  -4.197052e+02
21  1.649814e+03  -1.618874e+02
22  1.617010e+03  -1.920152e+02
23  1.062821e+03  -7.130368e+01
24  1.065888e+03  -1.357631e+02
25  1.095321e+03  -1.380308e+02
26  5.676506e+02  -1.900910e+02
27  5.915374e+02  4.349394e+01
28  4.606537e+02  -2.670086e+01
29  2.506710e+02  4.267650e+01
30  1.497221e+02  -4.583681e+01
31  -1.435141e+02  -8.008817e+01
32  2.165934e+00  -1.097267e+02
33  2.296588e+02  -8.257793e+01
34  1.590727e+02  -8.721206e+01
35  -2.256903e+01  -5.500312e+01
36  -9.988823e+01  -2.018795e+01
37  -1.987361e+02  8.986441e+01
38  -4.354811e+02  2.312990e+02
39  -6.532412e+02  2.196596e+02
40  -1.638229e+03  2.138698e+02
41  -2.461392e+03  2.684133e+02
42  -2.136438e+03  5.034499e+02
43  -1.201574e+03  7.054482e+02
44  -2.315056e+02  1.028112e+03
45  1.148084e+03  8.210908e+02
46  2.181034e+03  -7.442983e+01
47  4.589987e+03  -3.183545e+01
48  5.652147e+03  -1.002481e+03
49  6.344438e+03  -1.318359e+03
50  7.696890e+03  -2.277545e+03
51  9.719269e+03  -2.330617e+03
52  6.829460e+03  -1.439065e+03
53  1.257058e+04  -2.409418e+03
54  1.943852e+04  -4.411376e+03
55  3.282903e+04  -6.294875e+03
56  5.050290e+04  -1.044551e+04
57  6.104734e+04  -6.513754e+03
58  8.165823e+04  -1.060675e+04
59  1.036098e+05  -1.043311e+04
60  1.937366e+05  -1.057041e+04
61  3.216767e+05  -6.011470e+03
62  5.927312e+05  -5.226429e+03
63  1.351025e+06  -3.974978e+03
ENDPROP
STARTPROP
MASSES:  4.200000e-03   4.200000e-03
SOURCE: GAM_34
SINKS: GAM_34
0  -1.378571e+04  2.014297e+02
1  1.367593e+06  5.383156e+03
2  6.192200e+05  3.595504e+02
3  3.873113e+05  -5.159277e+03
4  2.474148e+05  -4.942100e+03
5  1.372073e+05  -4.074534e+03
6  8.366053e+04  -2.672376e+03
7  3.045564e+04  -5.009158e+03
8  6.081229e+03  -6.986132e+02
9  -1.189140e+04  3.239163e+03
10  -9.407519e+03  1.780074e+03
11  -9.683423e+03  -3.488759e+02
12  -7.467034e+03  -3.693356e+02
13  -5.642802e+03  -2.410641e+03
14  -2.899750e+03  -1.184417e+03
15  -1.053156e+03  1.217897e+02
16  -5.103008e+02  3.786475e+02
17  -1.630323e+03  -5.151204e+01
18  -1.777502e+03  -5.508356e+02
19  -5.901835e+02  -2.664774e+02
20  -4.641905e+01  1.950833e+01
21  7.293096e+02  -8.419376e+01
22  6.600508e+02  -2.949459e+02
23  9.037081e+02  -1.852326e+02
24  5.681160e+02  -2.012624e+02
25  8.137745e+02  -2.133663e+02
26  7.928747e+02  -1.698085e+02
27  2.283118e+02  -1.404683e+02
28  5.859196e+02  7.484150e+01
29  7.295322e+02  2.190313e+02
30  3.219508e+02  1.362580e+02
31  3.665579e+02  1.410559e+02
32  -1.118866e+02  3.231050e+01
33  -1.789029e+02  -5.815216e+01
34  -2.685722e+02  4.700778e+01
35  -3.986747e+02  8.994882e+01
36  -4.796170e+02  1.803626e+02
37  -1.639593e+02  1.746948e+02
38  -6.556813e+01  2.816611e+02
39  5.487566e+02  2.188721e+02
40  1.459186e+03  4.210860e+02
41  6.827075e+02  4.568712e+02
42  -9.655408e+02  5.672508e+02
43  -1.084489e+03  7.149817e+02
44  -2.834184e+03  6.192269e+02
45  -2.837569e+03  6.023110e+02
46  -3.396908e+03  4.111279e+02
47  -5.326958e+03  4.858727e+02
48  -6.411298e+03  9.595260e+02
49  -8.006175e+03  9.934581e+02
50  -9.746154e+03  2.147195e+03
51  -1.180404e+04  3.952727e+03
52  -1.341081e+04  4.006156e+03
53  -1.108042e+04  4.667393e+03
54  -4.049859e+03  2.622521e+03
55  9.129718e+03  6.859872e+02
56  3.179065e+04  -2.808485e+03
57  6.092706e+04  -4.030220e+03
58  8.549232e+04  -9.597243e+03
59  1.323170e+05  -1.191216e+04
60  2.055204e+05  -9.061091e+03
61  3.494798e+05  -8.419323e+03
62  6.276873e+05  -7.785292e+03
63  1.369763e+06  -2.717976e+03
ENDPROP
STARTPROP
MASSES:  4.200000e-03   4.200000e-03
SOURCE: GAM_43
SINKS: GAM_43
0  -1.378571e+04  2.014297e+02
1  1.367593e+06  5.383156e+03
2  6.192200e+05  3.595504e+02
3  3.873113e+05  -5.159277e+03
4  2.474148e+05  -4.942100e+03
5  1.372073e+05  -4.074534e+03
6  8.366053e+04  -2.672376e+03
7  3.045564e+04  -5.009158e+03
8  6.081229e+03  -6.986132e+02
9  -1.189140e+04  3.239163e+03
10  -9.407519e+03  1.780074e+03
11  -9.683423e+03  -3.488759e+02
12  -7.467034e+03  -3.693356e+02
13  -5.642802e+03  -2.410641e+03
14  -2.899750e+03  -1.184417e+03
15  -1.053156e+03  1.217897e+02
16  -5.103008e+02  3.786475e+02
17  -1.630323e+03  -5.151204e+01
18  -1.777502e+03  -5.508356e+02
19  -5.901835e+02  -2.664774e+02
20  -4.641905e+01  1.950833e+01
21  7.293096e+02  -8.419376e+01
22  6.600508e+02  -2.949459e+02
23  9.037081e+02  -1.852326e+02
24  5.681160e+02  -2.012624e+02
25  8.137745e+02  -2.133663e+02
26  7.928747e+02  -1.698085e+02
27  2.283118e+02  -1.404683e+02
28  5.859196e+02  7.484150e+01
29  7.295322e+02  2.190313e+02
30  3.219508e+02  1.362580e+02
31  3.665579e+02  1.410559e+02
32  -1.118866e+02  3.231050e+01
33  -1.789029e+02  -5.815216e+01
34  -2.685722e+02  4.700778e+01
35  -3.986747e+02  8.994882e+01
36  -4.796170e+02  1.803626e+02
37  -1.639593e+02  1.746948e+02
38  -6.556813e+01  2.816611e+02
39  5.487566e+02  2.188721e+02
40  1.459186e+03  4.210860e+02
41  6.827075e+02  4.568712e+02
42  -9.655408e+02  5.672508e+02
43  -1.084489e+03  7.149817e+02
44  -2.834184e+03  6.192269e+02
45  -2.837569e+03  6.023110e+02
46  -3.396908e+03  4.111279e+02
47  -5.326958e+03  4.858727e+02
48  -6.411298e+03  9.595260e+02
49  -8.006175e+03  9.934581e+02
50  -9.746154e+03  2.147195e+03
51  -1.180404e+04  3.952727e+03
52  -1.341081e+04  4.006156e+03
53  -1.108042e+04  4.667393e+03
54  -4.049859e+03  2.622521e+03
55  9.129718e+03  6.859872e+02
56  3.179065e+04  -2.808485e+03
57  6.092706e+04  -4.030220e+03
58  8.549232e+04  -9.597243e+03
59  1.323170e+05  -1.191216e+04
60  2.055204e+05  -9.061091e+03
61  3.494798e+05  -8.419323e+03
62  6.276873e+05  -7.785292e+03
63  1.369763e+06  -2.717976e+03
ENDPROP
STARTPROP
MASSES:  4.200000e-03   4.200000e-03
SOURCE: GAM_15
SINKS: GAM_15
0  -1.497767e+05  -2.708284e+03
1  -1.060280e+06  -1.565803e+04
2  -2.929014e+05  -1.365171e+04
3  -1.029973e+05  -7.737067e+03
4  -1.694408e+04  -1.246541e+02
5  6.911095e+03  2.133671e+03
6  1.560985e+04  4.000013e+03
7  1.035873e+04  6.604619e+03
8  -1.116221e+04  8.853502e+03
9  -1.927973e+04  7.090132e+03
10  -1.514871e+04  7.106923e+03
11  -9.280869e+03  6.490200e+03
12  -3.623626e+03  4.181404e+03
13  -9.096421e+03  1.655412e+03
14  -1.063684e+04  1.508950e+03
15  -9.475836e+03  1.647301e+03
16  -7.010722e+03  1.161628e+03
17  -4.889809e+03  9.173461e+02
18  -1.206191e+03  1.015229e+03
19  8.902221e+01  8.007527e+02
20  4.953552e+02  3.927246e+02
21  1.218658e+03  2.960700e+02
22  1.633101e+03  1.549634e+02
23  9.875626e+02  7.424957e+00
24  3.926869e+00  2.495953e+02
25  1.525756e+02  4.342572e+02
26  9.125261e+02  3.392881e+02
27  1.090044e+03  1.818054e+02
28  8.870433e+02  1.799064e+02
29  7.200606e+02  1.497503e+02
30  8.409577e+02  2.099128e+02
31  9.495115e+02  2.664772e+02
32  7.169754e+02  1.691165e+02
33  3.416339e+02  8.320045e+01
34  2.257438e+02  1.418506e+02
35  1.287387e+02  2.582180e+02
36  -2.410273e+02  2.654737e+02
37  -2.805048e+02  3.141441e+02
38  -1.868450e+02  5.887845e+02
39  -5.445160e+02  7.379330e+02
40  -7.399564e+02  6.492010e+02
41  -1.032461e+02  3.394619e+02
42  6.822268e+02  4.148262e+02
43  2.051474e+03  6.541018e+02
44  3.249613e+03  7.465706e+02
45  3.220852e+03  7.888098e+02
46  7.615635e+02  4.905019e+02
47  -1.079952e+03  4.932074e+02
48  -1.810461e+03  9.861938e+02
49  -3.434124e+03  -7.812409e+02
50  -9.340695e+03  -2.259605e+03
51  -1.331194e+04  -3.375163e+03
52  -1.869662e+04  -3.730282e+03
53  -2.804057e+04  -6.088224e+03
54  -2.893894e+04  -4.747863e+03
55  -2.886649e+04  -5.548712e+03
56  -2.488744e+04  -7.820625e+03
57  -3.076496e+04  -7.600890e+03
58  -3.750776e+04  -7.381279e+03
59  -5.247468e+04  -9.506412e+03
60  -7.730262e+04  -1.378072e+04
61  -1.524882e+05  -8.022855e+03
62  -3.585302e+05  -2.475857e+03
63  -1.128746e+06  -9.173730e+01
ENDPROP
STARTPROP
MASSES:  4.200000e-03   4.200000e-03
SOURCE: GAM_25
SINKS: GAM_25
0  -2.881057e+05  -2.684369e+04
1  -1.267677e+06  -3.406999e+04
2  -5.039167e+05  -2.057442e+04
3  -2.742814e+05  -2.007526e+04
4  -1.500948e+05  -2.097708e+04
5  -6.696458e+04  -2.041453e+04
6  -4.269389e+04  -1.588807e+04
7  -2.136723e+04  -9.544924e+03
8  -1.466397e+04  -4.309760e+03
9  -1.086556e+04  -3.226637e+03
10  -8.297429e+03  -3.474798e+03
11  -1.009223e+04  -1.351341e+03
12  -1.377834e+04  6.585234e+02
13  -1.751738e+04  1.181536e+03
14  -1.199123e+04  3.773587e+02
15  -7.559175e+03  -1.106914e+02
16  -5.201593e+03  -4.446737e+01
17  -3.448755e+03  3.996286e+02
18  -2.056935e+03  8.866177e+01
19  -8.223193e+02  -3.421483e+02
20  -1.586633e+02  -5.444701e+02
21  -4.997772e+00  -6.791297e+02
22  -1.240818e+02  -7.000719e+02
23  -2.994499e+02  -8.789682e+02
24  3.771648e+02  -9.660998e+02
25  7.156605e+02  -6.388872e+02
26  5.533181e+02  -5.044798e+02
27  3.551561e+02  -5.682560e+02
28  7.312638e+02  -3.857399e+02
29  6.486663e+02  -1.287825e+02
30  2.704141e+02  2.253246e+01
31  4.145476e+01  1.062617e+02
32  -3.785385e+02  1.272889e+01
33  -4.722016e+02  3.054154e+01
34  -4.751651e+02  3.490073e+00
35  -1.720527e+02  2.197209e+01
36  -3.159684e+02  1.803092e+01
37  -3.576224e+02  7.980068e+01
38  1.523660e+02  3.096906e+00
39  6.584805e+02  -9.502713e+01
40  1.185003e+03  -3.142073e+00
41  2.171640e+03  1.582600e+02
42  2.336793e+03  2.322350e+02
43  1.781109e+03  -1.936763e+02
44  1.476971e+03  -3.265733e+02
45  1.728185e+02  -7.174347e+01
46  7.050252e+02  -1.839368e+02
47  2.880599e+03  -7.638626e+01
48  5.108822e+03  -4.676983e+02
49  8.465848e+03  -2.317039e+02
50  1.076550e+04  2.940644e+02
51  1.066614e+04  3.777879e+02
52  9.949003e+03  5.237901e+02
53  3.185266e+03  8.532132e+02
54  -9.365338e+03  5.468999e+02
55  -2.742247e+04  2.061995e+02
56  -4.336992e+04  2.435011e+03
57  -5.303230e+04  4.371605e+03
58  -4.507231e+04  4.644173e+03
59  -6.083320e+04  5.875499e+03
60  -9.793590e+04  7.107206e+03
61  -1.985588e+05  5.894729e+03
62  -4.545786e+05  5.341274e+03
63  -1.230612e+06  -4.616341e+03
ENDPROP
STARTPROP
MASSES:  4.200000e-03   4.200000e-03
SOURCE: GAM_35
SINKS: GAM_35
0  -3.171362e+05  1.600821e+04
1  -1.226508e+06  1.806591e+03
2  -4.087598e+05  7.939918e+02
3  -1.658850e+05  3.332820e+03
4  -7.404451e+04  2.253267e+03
5  -4.011452e+04  -8.571371e+02
6  -3.056920e+04  -2.861629e+03
7  -5.316277e+04  -4.397309e+02
8  -5.909265e+04  1.953852e+03
9  -4.312945e+04  4.371798e+02
10  -3.124602e+04  -1.884881e+03
11  -2.624580e+04  -1.381648e+03
12  -2.183642e+04  -1.561498e+03
13  -1.535331e+04  -1.583878e+03
14  -1.239678e+04  -2.001832e+03
15  -9.341563e+03  -2.192373e+03
16  -6.404115e+03  -2.218635e+03
17  -6.093367e+03  -2.556619e+03
18  -4.420551e+03  -1.935574e+03
19  -3.007664e+03  -1.255448e+03
20  -1.792763e+03  -7.951165e+02
21  -1.011382e+03  -6.512430e+02
22  -5.385785e+02  -4.153767e+02
23  -2.783895e+02  -1.931606e+02
24  -1.785762e+01  -1.543378e+02
25  -1.753135e+02  -3.263013e+02
26  -8.769783e+01  -2.802209e+02
27  1.660969e+02  -1.513284e+02
28  1.052444e+01  -9.596649e+01
29  9.731921e+01  -2.653794e+02
30  3.275855e+01  -2.755919e+02
31  -2.392753e+02  -2.107528e+02
32  -3.446934e+02  -2.573442e+02
33  -1.420116e+02  -2.493168e+02
34  -9.103710e+01  -2.398368e+02
35  -4.306353e+02  -3.242847e+02
36  -3.600169e+02  -3.136659e+02
37  -3.094496e+02  -2.298699e+02
38  -2.277349e+02  -1.875097e+02
39  5.276950e+00  -3.836591e+02
40  3.967839e+02  -4.906408e+02
41  3.887966e+02  -2.723281e+02
42  8.314423e+02  -1.538053e+02
43  8.374493e+02  -2.088792e+02
44  5.908844e+02  -8.217555e+02
45  -9.078185e+02  -9.378567e+02
46  -2.378172e+03  -1.383574e+03
47  -3.197240e+03  -1.477150e+03
48  -3.808650e+03  -9.271140e+02
49  -4.211992e+03  -1.046879e+03
50  -6.879992e+03  -1.482431e+03
51  -5.280991e+03  -6.004823e+02
52  -4.115088e+03  5.208395e+02
53  2.996426e+03  3.077656e+03
54  4.189203e+03  3.643196e+03
55  2.955301e+03  1.903822e+03
56  -1.292353e+03  2.926835e+03
57  -2.072790e+04  2.924038e+03
58  -4.899513e+04  4.918269e+03
59  -8.480901e+04  9.395303e+03
60  -1.378393e+05  8.415439e+03
61  -2.518962e+05  1.937242e+04
62  -4.858202e+05  2.656407e+04
63  -1.255359e+06  3.519718e+04
ENDPROP
STARTPROP
MASSES:  4.200000e-03   4.200000e-03
SOURCE: GAM_45
SINKS: GAM_45
0  -1.735577e+06  5.747424e+03
1  6.483252e+05  1.899264e+04
2  3.149014e+05  2.021477e+04
3  2.733319e+05  1.304405e+04
4  2.350227e+05  1.535499e+04
5  2.039265e+05  8.926351e+03
6  1.745253e+05  8.934892e+03
7  1.413958e+05  7.133641e+03
8  1.178496e+05  6.790471e+03
9  1.051340e+05  8.194521e+03
10  8.633606e+04  7.287790e+03
11  6.850732e+04  6.147829e+03
12  5.933567e+04  5.914405e+03
13  5.082556e+04  6.389341e+03
14  4.079395e+04  5.099842e+03
15  3.307029e+04  4.076330e+03
16  2.766283e+04  3.012760e+03
17  2.283258e+04  2.573963e+03
18  1.692086e+04  2.208907e+03
19  1.374795e+04  1.597794e+03
20  1.133234e+04  1.182114e+03
21  9.364643e+03  8.334879e+02
22  7.601450e+03  8.049464e+02
23  6.536252e+03  5.993900e+02
24  5.395366e+03  6.114093e+02
25  4.293946e+03  5.038860e+02
26  3.573869e+03  4.691836e+02
27  3.137582e+03  4.420129e+02
28  2.696311e+03  3.639319e+02
29  2.319625e+03  2.690698e+02
30  2.201687e+03  2.666989e+02
31  2.057484e+03  2.496881e+02
32  1.901275e+03  1.880955e+02
33  1.939017e+03  1.092950e+02
34  2.155530e+03  6.219499e+01
35  2.202047e+03  -7.620363e+01
36  2.393914e+03  -1.925143e+02
37  2.775097e+03  -2.884323e+02
38  3.144775e+03  -4.269405e+02
39  3.989245e+03  -5.161632e+02
40  4.920041e+03  -5.139588e+02
41  5.807441e+03  -6.246553e+02
42  6.880050e+03  -5.205442e+02
43  8.669413e+03  -4.479160e+02
44  1.046848e+04  -5.027305e+02
45  1.288496e+04  -1.799714e+02
46  1.446287e+04  -7.704735e+01
47  1.777631e+04  6.920974e+02
48  2.113126e+04  1.298347e+03
49  2.480311e+04  6.163524e+02
50  3.117667e+04  1.521285e+02
51  3.821287e+04  -8.166301e+02
52  4.357175e+04  -1.574712e+03
53  5.049462e+04  -2.918088e+03
54  6.171893e+04  -2.852171e+03
55  7.230353e+04  -3.769845e+03
56  9.263017e+04  -3.453999e+03
57  1.103418e+05  -5.496541e+03
58  1.317631e+05  -6.921773e+03
59  1.696293e+05  -8.081272e+03
60  1.992954e+05  -9.427096e+03
61  2.459403e+05  -8.893185e+03
62  2.853710e+05  -4.579548e+03
63  6.370903e+05  -1.852020e+03
ENDPROP
STARTPROP
MASSES:  4.200000e-03   4.200000e-03
SOURCE: PSAX4
SINKS: GAM_4
0  4.158661e+04  -5.851357e+03
1  1.716643e+06  -1.570184e+04
2  1.249603e+06  -9.911127e+03
3  1.026482e+06  -1.651892e+04
4  8.749158e+05  -1.390385e+04
5  7.441421e+05  -1.308187e+04
6  6.221671e+05  -8.965284e+03
7  5.081463e+05  -8.731839e+03
8  4.138341e+05  -3.522308e+03
9  3.532544e+05  1.948691e+03
10  2.907033e+05  2.683889e+03
11  2.339444e+05  3.896543e+03
12  1.983852e+05  3.375261e+03
13  1.649147e+05  4.171945e+03
14  1.348621e+05  3.738652e+03
15  1.095261e+05  2.703879e+03
16  9.133247e+04  1.539808e+03
17  7.424124e+04  1.221811e+03
18  5.921841e+04  1.206215e+03
19  4.779891e+04  6.697344e+02
20  3.912985e+04  5.776343e+02
21  3.275161e+04  6.351174e+02
22  2.754962e+04  6.787157e+02
23  2.297021e+04  6.305510e+02
24  1.892299e+04  7.488086e+02
25  1.549071e+04  7.005404e+02
26  1.288346e+04  7.317079e+02
27  1.022686e+04  6.753877e+02
28  8.001605e+03  5.628680e+02
29  5.650380e+03  5.112287e+02
30  3.711280e+03  5.733641e+02
31  1.828840e+03  5.417871e+02
32  9.411882e+00  5.456543e+02
33  -1.650934e+03  5.512108e+02
34  -3.315605e+03  5.334236e+02
35  -4.949267e+03  5.900604e+02
36  -7.039001e+03  6.396122e+02
37  -9.383317e+03  6.876976e+02
38  -1.211857e+04  8.644108e+02
39  -1.544577e+04  1.015074e+03
40  -1.920641e+04  1.125950e+03
41  -2.426563e+04  1.080995e+03
42  -2.927462e+04  1.306413e+03
43  -3.674859e+04  1.209965e+03
44  -4.537434e+04  1.190526e+03
45  -5.583948e+04  9.031408e+02
46  -6.545040e+04  6.693422e+02
47  -7.974319e+04  4.247646e+02
48  -9.581597e+04  5.519163e+01
49  -1.156924e+05  9.539327e+02
50  -1.413378e+05  1.586414e+03
51  -1.727158e+05  3.213378e+03
52  -2.052295e+05  2.025804e+03
53  -2.424097e+05  2.937049e+03
54  -2.904428e+05  2.977463e+03
55  -3.469996e+05  4.473913e+03
56  -4.265809e+05  5.879875e+03
57  -4.989953e+05  6.462989e+03
58  -6.009758e+05  8.712116e+03
59  -7.348771e+05  9.722577e+03
60  -8.633804e+05  6.339589e+03
61  -1.032743e+06  7.205953e+03
62  -1.236092e+06  5.200230e+02
63  -1.648901e+06  -7.513260e+03
ENDPROP
STARTPROP
MASSES:  4.200000e-03   4.200000e-03
SOURCE: WWPSAX4
SINKS: GAM_4
0  5.431996e+08  1.556554e+08
1  3.290615e+09  8.408159e+07
2  1.190796e+09  1.945796e+07
3  8.448431e+08  -1.087336e+07
4  6.092396e+08  7.698486e+06
5  2.804271e+08  5.106539e+07
6  6.810222e+08  3.645177e+07
7  4.100184e+08  3.161101e+07
8  3.048938e+08  -2.951112e+07
9  3.269956e+08  2.255920e+07
10  1.996810e+08  -4.290472e+07
11  2.246661e+08  -8.970069e+06
12  1.660416e+08  1.220698e+07
13  1.528531e+08  1.247107e+06
14  1.038582e+08  -2.255743e+06
15  5.373198e+07  1.256655e+07
16  6.503611e+07  3.609681e+06
17  9.165748e+07  1.191550e+06
18  1.430297e+07  1.364826e+06
19  2.763635e+07  -1.344721e+06
20  1.824137e+07  -1.377747e+06
21  1.027056e+07  -2.292058e+06
22  1.099009e+07  -5.226071e+05
23  1.903128e+07  3.995737e+06
24  1.631543e+07  5.689624e+05
25  5.013933e+06  2.670145e+06
26  1.027800e+07  8.147320e+05
27  1.442994e+06  3.386886e+05
28  5.889212e+06  1.320954e+06
29  3.115907e+06  2.222438e+06
30  1.208981e+06  -1.097405e+05
31  -3.340827e+06  1.027483e+06
32  -5.236468e+06  7.465893e+05
33  -3.014219e+05  -3.763258e+05
34  -2.658770e+06  2.560996e+05
35  -1.898906e+06  1.228349e+06
36  -5.061311e+06  2.156823e+06
37  -6.575539e+06  4.982744e+05
38  -1.665871e+07  1.136744e+06
39  -1.545383e+07  2.868292e+05
40  -9.747296e+06  3.126115e+06
41  -2.204383e+07  3.625491e+06
42  -1.720548e+07  5.784989e+06
43  -3.074154e+07  -4.781748e+06
44  -3.480162e+07  -6.807496e+06
45  -7.943049e+07  -1.877119e+06
46  -4.826655e+07  1.755679e+06
47  -4.043996e+07  7.540681e+06
48  -9.857137e+07  9.946463e+05
49  -1.177423e+08  -1.388859e+06
50  -1.544205e+08  1.356599e+07
51  -1.077284e+08  1.843786e+07
52  -1.641527e+08  1.781945e+07
53  -1.204414e+08  -2.547403e+07
54  -1.092289e+08  1.254437e+07
55  -1.971901e+08  2.182886e+07
56  -3.788152e+08  -2.193450e+07
57  -3.358818e+08  1.866965e+06
58  -6.196950e+08  6.244921e+07
59  -6.256301e+08  2.823276e+06
60  -6.685064e+08  3.423630e+07
61  -5.721899e+08  -2.405743e+07
62  -1.386110e+09  3.329595e+07
63  -2.085341e+09  7.555355e+07
ENDPROP
STARTPROP
MASSES:  4.200000e-03   4.200000e-03
SOURCE: WWGAM_5
SINKS: GAM_5
0  1.606713e+10  -1.223664e+02
1  6.265341e+09  -3.587947e+07
2  3.439425e+09  -6.141495e+07
3  2.979507e+09  -5.533223e+05
4  2.410229e+09  6.340893e+05
5  1.919366e+09  3.167463e+07
6  1.979653e+09  -4.181302e+07
7  1.197025e+09  -2.497010e+06
8  1.119024e+09  -4.129973e+07
9  1.064681e+09  3.075543e+07
10  8.466577e+08  -1.316128e+07
11  5.685198e+08  1.142279e+06
12  5.427498e+08  6.378124e+06
13  4.984010e+08  1.190290e+07
14  3.503551e+08  4.051115e+06
15  2.851531e+08  9.667757e+06
16  2.085839e+08  1.137840e+07
17  2.276681e+08  7.550310e+06
18  1.400426e+08  -4.253183e+06
19  1.577278e+08  8.489888e+05
20  7.620182e+07  -1.981075e+06
21  8.088146e+07  9.706272e+05
22  6.482044e+07  2.077097e+06
23  6.115287e+07  7.958958e+05
24  4.369189e+07  2.088053e+06
25  4.103615e+07  2.094358e+05
26  3.978643e+07  1.864018e+06
27  3.286620e+07  -1.343882e+06
28  2.803407e+07  1.082231e+06
29  3.115441e+07  4.756394e+04
30  3.028268e+07  -4.359643e+05
31  2.808080e+07  7.389709e+05
32  2.140107e+07  -1.704761e+05
33  2.756899e+07  1.747570e+06
34  2.671765e+07  9.574228e+05
35  3.201948e+07  -2.654631e+06
36  2.818057e+07  -1.276269e+06
37  3.402645e+07  -8.454491e+05
38  4.774639e+07  -5.140928e+06
39  4.648442e+07  -1.287783e+06
40  6.547322e+07  -5.862794e+06
41  8.103215e+07  -5.715254e+06
42  1.008735e+08  -7.846416e+06
43  1.049456e+08  2.862258e+06
44  1.355818e+08  -3.591620e+05
45  1.634396e+08  -3.489302e+06
46  1.561848e+08  -3.263936e+06
47  1.999848e+08  -8.530467e+06
48  2.590549e+08  -7.118913e+06
49  3.046388e+08  9.903925e+06
50  3.961614e+08  -2.627000e+07
51  4.315229e+08  -1.599433e+07
52  4.736545e+08  -2.017428e+06
53  5.431303e+08  -4.829525e+06
54  6.562784e+08  -1.583087e+07
55  9.317267e+08  -3.830178e+07
56  1.143678e+09  -3.717757e+07
57  1.344792e+09  -4.715741e+07
58  1.834427e+09  -5.293563e+07
59  1.712681e+09  -6.833582e+07
60  2.043123e+09  -9.161829e+06
61  3.008415e+09  -3.213957e+07
62  3.836708e+09  -5.204751e+07
63  5.138335e+09  -2.673407e+05
ENDPROP
