STARTPROP
MASSES:  4.200000e-03   4.200000e-03
SOURCE: GAM_1
SINKS: GAM_1
0  1.343874e+06  3.126944e+03
1  2.135612e+06  4.035780e+01
2  1.113438e+06  -1.054794e+03
3  6.862107e+05  -1.579591e+03
4  4.127997e+05  -1.665043e+03
5  2.348405e+05  -6.977431e+02
6  1.426791e+05  -3.809110e+02
7  9.016532e+04  -8.883578e+02
8  4.719749e+04  -7.962190e+02
9  2.823841e+04  -9.004327e+02
10  1.073207e+04  -4.309977e+02
11  6.115383e+03  9.829596e+01
12  1.156973e+03  1.668106e+01
13  -5.244028e+03  -1.966938e+02
14  -3.920663e+03  -3.207088e+02
15  6.807373e+02  -1.371563e+02
16  4.307825e+03  1.204367e+02
17  3.320833e+03  3.126068e+02
18  -1.798265e+03  4.396113e+02
19  -5.316851e+03  7.890967e+01
20  -5.769856e+03  -2.091318e+02
21  -5.327314e+03  -3.045824e+02
22  -3.775293e+03  -2.777944e+02
23  -2.371150e+03  -1.823491e+02
24  -1.239817e+03  -1.287986e+02
25  -1.253744e+03  -1.457701e+02
26  -7.968670e+02  -1.580892e+02
27  -5.946359e+02  -1.115800e+02
28  -5.118565e+02  -5.582696e+01
29  -4.742782e+02  -3.237487e+01
30  -3.643478e+02  -5.193974e+01
31  -3.254014e+02  -7.465519e+01
32  -5.449510e-01  -1.146054e+02
33  1.403501e+02  -6.153615e+01
34  2.180040e+02  -7.938006e+00
35  -2.460910e+02  -8.710634e+00
36  -7.161547e+02  7.607869e+00
37  -3.238101e+02  2.679032e+01
38  2.982552e+02  -2.658882e+01
39  8.943076e+02  -4.330401e+01
40  8.331435e+02  -3.918213e+01
41  5.320591e+02  9.605537e+00
42  1.655992e+03  1.525279e+02
43  1.871751e+03  3.499466e+02
44  1.976763e+01  4.958176e+02
45  -4.424213e+02  3.167777e+02
46  1.545824e+03  2.207893e+02
47  2.035716e+03  2.671694e+02
48  3.333041e+03  3.638491e+02
49  3.356154e+03  7.764134e+02
50  1.879533e+03  9.983683e+02
51  4.760348e+03  1.009539e+03
52  1.321123e+04  8.914505e+02
53  2.484975e+04  7.832734e+02
54  3.883548e+04  7.839023e+02
55  5.005280e+04  8.033822e+02
56  7.880725e+04  7.917556e+02
57  1.004448e+05  8.908519e+02
58  1.330993e+05  9.260124e+02
59  2.077546e+05  1.754894e+03
60  3.509875e+05  4.026068e+03
61  5.958691e+05  5.449822e+03
62  1.012345e+06  5.886726e+03
63  2.067137e+06  5.180900e+03
ENDPROP
STARTPROP
MASSES:  4.200000e-03   4.200000e-03
SOURCE: GAM_2
SINKS: GAM_2
0  1.217077e+06  4.056392e+03
1  2.010725e+06  7.430726e+02
2  1.053588e+06  9.490106e+01
3  6.490339e+05  1.242962e+02
4  3.852853e+05  9.319749e+01
5  2.098390e+05  -1.810719e+02
6  1.124765e+05  -2.998324e+02
7  6.754294e+04  -5.011487e+02
8  1.837572e+04  -2.103869e+02
9  -5.227939e+03  -8.990516e+01
10  -5.051838e+03  3.286156e+02
11  -5.881964e+03  8.752586e+02
12  -6.613380e+03  6.301079e+02
13  -3.383004e+03  8.485611e+02
14  -3.169555e+03  6.457707e+02
15  -2.388028e+03  2.604787e+02
16  -5.457645e+03  1.683988e+02
17  -6.022352e+03  -4.922515e+01
18  -4.153133e+03  -5.716193e+01
19  -2.625899e+03  9.246910e+01
20  -1.322985e+03  8.925373e+01
21  2.256964e+02  1.693719e+01
22  -5.271258e+01  -1.009492e+02
23  -3.609975e+02  -2.016189e+02
24  2.687503e+02  -1.947836e+02
25  -2.717769e+02  -1.765968e+02
26  -1.135058e+02  -1.073354e+02
27  1.441647e+02  -9.869131e+01
28  1.119212e+02  -9.192089e+01
29  8.638358e+01  -7.155963e+01
30  -1.316092e+02  -6.980181e+01
31  -1.074289e+02  -7.076905e+01
32  -2.514726e+02  -1.701795e+01
33  -6.888404e+01  -5.618740e+01
34  2.764091e+02  -8.745719e+01
35  2.808641e+02  -8.408321e+01
36  -2.143862e+01  -5.156688e+01
37  -4.518373e+02  -1.584584e+01
38  -6.948325e+02  2.523879e+01
39  -1.085425e+03  3.863477e+01
40  -1.612894e+03  1.088379e+02
41  -2.735043e+03  1.641448e+02
42  -4.500253e+03  1.390138e+02
43  -4.943768e+03  -8.564276e+01
44  -4.613009e+03  -3.450189e+02
45  -5.350776e+03  -5.842118e+02
46  -6.463660e+03  -6.638914e+02
47  -3.059213e+03  -5.594935e+02
48  2.778626e+03  -1.345698e+02
49  4.585684e+03  3.371208e+02
50  5.410754e+03  4.366726e+02
51  5.026615e+03  3.182198e+02
52  7.028210e+03  -1.632307e+02
53  1.812513e+04  -3.352711e+02
54  2.661142e+04  8.689502e+02
55  2.323495e+04  1.345438e+03
56  3.478059e+04  1.719853e+03
57  5.223778e+04  1.340322e+03
58  9.224745e+04  1.718187e+02
59  1.521145e+05  -2.136064e+02
60  2.928011e+05  1.427583e+03
61  5.503604e+05  3.990922e+03
62  1.006381e+06  5.563902e+03
63  2.041506e+06  5.563092e+03
ENDPROP
STARTPROP
MASSES:  4.200000e-03   4.200000e-03
SOURCE: GAM_3
SINKS: GAM_3
0  1.232435e+06  1.251042e+03
1  2.063172e+06  1.458376e+03
2  1.066008e+06  1.158547e+03
3  6.330884e+05  1.341792e+03
4  3.694718e+05  -2.338691e+02
5  2.120819e+05  -2.233910e+02
6  1.133667e+05  1.370635e+02
7  6.866791e+04  2.740420e+01
8  5.175468e+04  -1.520806e+02
9  3.616581e+04  3.219358e+02
10  1.989906e+04  6.299680e+02
11  1.673988e+04  4.587819e+02
12  1.653223e+04  -2.197811e+02
13  1.404011e+04  -5.461024e+02
14  9.330159e+03  -1.216817e+03
15  7.919126e+03  -1.416670e+03
16  6.252810e+03  -9.115130e+02
17  5.220850e+03  -4.503134e+02
18  5.719839e+03  -3.256511e+02
19  6.137685e+03  9.670534e+01
20  5.965775e+03  2.584985e+02
21  4.075882e+03  4.795354e+01
22  1.558466e+03  -9.785721e+00
23  3.281954e+02  -1.791199e+01
24  2.515431e+02  -9.873403e+00
25  4.551395e+02  -1.813012e+01
26  9.759807e+02  -5.468785e+01
27  5.441923e+02  -3.724571e+01
28  -2.404189e+02  -2.137863e+01
29  -4.559649e+02  -6.238622e+01
30  -5.567805e+02  -4.286348e+01
31  -7.908766e+02  -2.973327e+01
32  -2.592986e+02  -1.075922e+01
33  1.762037e+02  -2.280225e+00
34  -3.762904e+02  1.511888e-01
35  -1.015821e+03  -1.280154e+01
36  -7.035239e+02  2.741649e+01
37  -3.482508e+02  4.714396e+01
38  -2.558955e+02  7.381474e+01
39  -2.688264e+01  1.564679e+02
40  5.378648e+02  2.400949e+02
41  7.582552e+02  2.524789e+02
42  7.236247e+02  2.438618e+02
43  7.318895e+02  1.741760e+02
44  1.876520e+02  7.706558e+01
45  -2.828547e+02  -1.133526e+02
46  -3.306398e+01  -1.266652e+02
47  -9.908857e+02  -3.550378e+01
48  -1.077728e+03  -2.562541e+02
49  -7.261464e+02  -2.145072e+02
50  2.744707e+03  5.707607e+02
51  3.786545e+03  1.099866e+03
52  7.126923e+03  1.527687e+03
53  1.969045e+04  1.561702e+03
54  2.121473e+04  3.624136e+02
55  1.596154e+04  -4.772738e+02
56  1.744851e+04  -4.578536e+02
57  5.253411e+04  -4.475722e+02
58  1.122996e+05  -5.489563e+01
59  2.096908e+05  2.894207e+02
60  3.325863e+05  3.086941e+02
61  5.490036e+05  1.589668e+03
62  9.761279e+05  2.171431e+03
63  2.006892e+06  1.328453e+03
ENDPROP
STARTPROP
MASSES:  4.200000e-03   4.200000e-03
SOURCE: GAM_4
SINKS: GAM_4
0  2.180853e+06  -1.424176e+03
1  -3.042051e+05  1.389575e+03
2  -7.531065e+03  1.258608e+03
3  -4.648454e+03  1.360693e+03
4  1.285390e+03  1.875183e+03
5  2.024113e+03  1.292239e+03
6  8.488242e+01  1.063781e+03
7  1.995174e+03  6.128838e+02
8  -4.747045e+02  5.650197e+02
9  -1.272430e+03  7.561692e+02
10  1.374792e+02  5.516903e+02
11  -3.295688e+02  5.392250e+02
12  1.627741e+03  4.635057e+02
13  -1.256589e+02  2.851736e+02
14  -1.403367e+03  1.360421e+02
15  -9.853692e+02  1.384659e+02
16  6.667731e+02  1.044120e+02
17  -8.512399e+02  1.339097e+02
18  -3.433696e+02  1.095048e+02
19  -6.267505e+02  8.818499e+01
20  -5.285543e+02  4.908308e+01
21  -5.650314e+02  5.978995e+01
22  -5.510353e+02  5.447416e+01
23  -4.531648e+02  -1.287212e+01
24  -3.097223e+02  -2.234185e+01
25  -4.080569e+02  -7.241905e-01
26  -5.131068e+02  -1.555141e+01
27  -3.879439e+02  -1.190658e+01
28  -4.675196e+02  7.694985e+00
29  -4.559509e+02  2.176767e+01
30  -4.777391e+02  1.197490e+01
31  -2.854433e+02  2.231691e+01
32  -4.756721e+02  2.455817e+01
33  -4.575637e+02  2.603224e+01
34  -4.764783e+02  2.483414e+01
35  -5.562740e+02  2.097185e+01
36  -4.987798e+02  2.073028e+01
37  -4.775126e+02  2.230809e+01
38  -4.444996e+02  1.712517e+01
39  -4.784721e+02  2.763018e+01
40  -5.282978e+02  3.016776e+00
41  -4.871593e+02  2.305131e+01
42  -3.013977e+02  -3.093654e+00
43  -3.424359e+02  -1.306397e+01
44  -6.235332e+02  -1.786833e+01
45  -3.466433e+02  2.189962e+00
46  -2.472674e+02  -1.419156e+01
47  -3.820150e+02  1.140398e+02
48  8.658362e+01  1.460780e+02
49  -1.976114e+02  2.709042e+02
50  -8.564237e+02  2.400256e+02
51  5.977243e+02  1.285689e+02
52  -1.296414e+03  7.223546e+01
53  1.491099e+02  -4.717650e+01
54  -4.150844e+02  -1.283890e+02
55  -1.299415e+03  -2.659526e+02
56  3.692018e+03  -2.192567e+02
57  1.827179e+03  -1.696029e+02
58  -1.483350e+03  -3.453419e+02
59  8.093189e+02  -1.311189e+03
60  6.270474e+03  -1.704701e+03
61  2.808550e+03  -2.386462e+03
62  -6.038734e+03  -2.324875e+03
63  -3.178736e+05  -1.756184e+03
ENDPROP
STARTPROP
MASSES:  4.200000e-03   4.200000e-03
SOURCE: GAM_5
SINKS: GAM_5
0  1.423137e+07  -2.157222e+03
1  1.399643e+07  2.344355e+03
2  1.181635e+07  4.111192e+03
3  1.024146e+07  8.332291e+03
4  8.749438e+06  1.421046e+04
5  7.278343e+06  1.089716e+04
6  6.132858e+06  5.015675e+03
7  5.204875e+06  -2.327644e+03
8  4.273611e+06  -6.881122e+03
9  3.593030e+06  -7.339805e+03
10  3.101338e+06  -5.619295e+03
11  2.623492e+06  -1.678379e+03
12  2.235492e+06  2.254031e+03
13  1.920875e+06  4.610436e+03
14  1.626779e+06  4.931140e+03
15  1.340208e+06  4.978400e+03
16  1.098053e+06  4.394555e+03
17  9.283465e+05  3.938104e+03
18  8.143507e+05  2.906361e+03
19  6.982665e+05  2.208813e+03
20  5.796609e+05  1.488756e+03
21  4.765416e+05  7.546246e+02
22  3.836049e+05  6.220295e+02
23  3.188505e+05  8.105925e+02
24  2.634616e+05  9.088933e+02
25  2.221881e+05  7.072042e+02
26  1.956864e+05  5.770888e+02
27  1.769344e+05  4.737799e+02
28  1.601819e+05  3.147496e+02
29  1.450771e+05  2.270876e+02
30  1.352207e+05  9.137232e+01
31  1.327176e+05  6.201541e+01
32  1.328560e+05  1.087750e+02
33  1.367977e+05  6.755081e+01
34  1.407061e+05  -6.024965e+01
35  1.461274e+05  -1.177727e+02
36  1.555254e+05  4.083349e+01
37  1.683758e+05  3.741416e+02
38  1.906327e+05  6.758534e+02
39  2.220676e+05  9.268410e+02
40  2.624967e+05  1.096739e+03
41  3.136110e+05  1.431374e+03
42  3.815103e+05  2.332963e+03
43  4.542066e+05  3.770217e+03
44  5.403081e+05  4.736668e+03
45  6.497419e+05  5.171417e+03
46  7.798280e+05  5.717952e+03
47  9.262685e+05  6.524426e+03
48  1.095064e+06  5.960188e+03
49  1.311394e+06  5.396065e+03
50  1.565677e+06  7.519577e+03
51  1.881819e+06  1.102821e+04
52  2.234250e+06  1.132448e+04
53  2.627374e+06  9.928275e+03
54  3.128134e+06  9.641635e+03
55  3.709309e+06  1.049324e+04
56  4.390228e+06  9.807501e+03
57  5.177999e+06  7.995204e+03
58  6.080982e+06  5.061092e+03
59  7.147982e+06  -1.556614e+03
60  8.527925e+06  -6.033408e+03
61  1.006857e+07  -4.204920e+03
62  1.193618e+07  -1.011041e+04
63  1.419511e+07  -1.410174e+04
ENDPROP
STARTPROP
MASSES:  4.200000e-03   4.200000e-03
SOURCE: GAM_12
SINKS: GAM_12
0  6.613832e+05  -8.040731e+02
1  -8.497354e+05  -1.008703e+03
2  -2.534380e+05  -1.758678e+03
3  -1.252172e+05  -7.102119e+02
4  -8.477210e+04  2.697672e+02
5  -4.324450e+04  -1.956603e+01
6  -1.237650e+04  -6.060036e+02
7  -2.049178e+04  -6.921556e+02
8  -1.603911e+04  -5.894349e+02
9  -5.361254e+02  -5.704688e+02
10  1.382432e+04  -1.331525e+03
11  1.358045e+04  -1.622905e+03
12  6.816377e+03  -1.688862e+03
13  6.343095e+03  -1.254904e+03
14  5.167953e+03  -1.035295e+03
15  3.526297e+03  -6.452377e+02
16  -6.791209e+02  -2.780577e+02
17  -2.321728e+03  -1.369831e+02
18  -9.497657e+02  -9.556029e+01
19  -2.327021e+02  -3.129943e+02
20  -6.460027e+02  -1.692912e+02
21  -1.887071e+03  -1.681349e+02
22  -1.706483e+03  -1.617536e+02
23  -2.119055e+03  -9.616210e+01
24  -1.963327e+03  -1.021868e+02
25  -1.704017e+03  -7.073162e+01
26  -1.217503e+03  -3.287343e+01
27  -9.069873e+02  -2.611110e+01
28  -7.653910e+02  -2.881307e+01
29  -3.402936e+02  -2.352881e+01
30  2.143099e+02  -3.196081e+01
31  6.052354e+02  -1.342303e+01
32  4.068967e+02  1.438111e+01
33  -3.294527e+01  2.026888e+01
34  -5.607788e+02  1.034318e+01
35  -5.230569e+02  -1.457323e+01
36  -2.031533e+02  -2.818489e+01
37  1.909269e+02  2.792208e+00
38  6.918780e+02  2.087614e+01
39  8.344770e+02  4.396698e+01
40  9.958611e+02  5.790518e+01
41  6.427884e+02  4.309701e+01
42  -3.664908e+02  7.151341e+01
43  -9.498734e+02  1.712969e+02
44  -1.388801e+03  2.188304e+02
45  -5.132692e+02  1.407766e+02
46  8.987359e+02  2.236427e+01
47  1.655988e+03  1.459772e+02
48  1.537562e+03  1.290545e+02
49  3.868683e+03  1.967482e+02
50  3.746202e+03  1.842943e+02
51  6.176353e+03  -9.571311e+01
52  7.103492e+03  -3.799726e+02
53  1.075476e+04  -1.013133e+03
54  4.646361e+03  -1.189910e+03
55  1.696782e+04  -6.468955e+02
56  1.377546e+04  -1.188119e+03
57  7.609899e+03  -9.613272e+02
58  -2.511814e+02  -4.905641e+02
59  -1.923152e+03  -4.723843e+02
60  -2.125495e+04  -6.721476e+02
61  -7.285258e+04  -2.426678e+03
62  -2.092867e+05  -2.994948e+03
63  -8.189674e+05  -1.820743e+03
ENDPROP
STARTPROP
MASSES:  4.200000e-03   4.200000e-03
SOURCE: GAM_21
SINKS: GAM_21
0  6.613832e+05  -8.040731e+02
1  -8.497354e+05  -1.008703e+03
2  -2.534380e+05  -1.758678e+03
3  -1.252172e+05  -7.102119e+02
4  -8.477210e+04  2.697672e+02
5  -4.324450e+04  -1.956603e+01
6  -1.237650e+04  -6.060036e+02
7  -2.049178e+04  -6.921556e+02
8  -1.603911e+04  -5.894349e+02
9  -5.361254e+02  -5.704688e+02
10  1.382432e+04  -1.331525e+03
11  1.358045e+04  -1.622905e+03
12  6.816377e+03  -1.688862e+03
13  6.343095e+03  -1.254904e+03
14  5.167953e+03  -1.035295e+03
15  3.526297e+03  -6.452377e+02
16  -6.791209e+02  -2.780577e+02
17  -2.321728e+03  -1.369831e+02
18  -9.497657e+02  -9.556029e+01
19  -2.327021e+02  -3.129943e+02
20  -6.460027e+02  -1.692912e+02
21  -1.887071e+03  -1.681349e+02
22  -1.706483e+03  -1.617536e+02
23  -2.119055e+03  -9.616210e+01
24  -1.963327e+03  -1.021868e+02
25  -1.704017e+03  -7.073162e+01
26  -1.217503e+03  -3.287343e+01
27  -9.069873e+02  -2.611110e+01
28  -7.653910e+02  -2.881307e+01
29  -3.402936e+02  -2.352881e+01
30  2.143099e+02  -3.196081e+01
31  6.052354e+02  -1.342303e+01
32  4.068967e+02  1.438111e+01
33  -3.294527e+01  2.026888e+01
34  -5.607788e+02  1.034318e+01
35  -5.230569e+02  -1.457323e+01
36  -2.031533e+02  -2.818489e+01
37  1.909269e+02  2.792208e+00
38  6.918780e+02  2.087614e+01
39  8.344770e+02  4.396698e+01
40  9.958611e+02  5.790518e+01
41  6.427884e+02  4.309701e+01
42  -3.664908e+02  7.151341e+01
43  -9.498734e+02  1.712969e+02
44  -1.388801e+03  2.188304e+02
45  -5.132692e+02  1.407766e+02
46  8.987359e+02  2.236427e+01
47  1.655988e+03  1.459772e+02
48  1.537562e+03  1.290545e+02
49  3.868683e+03  1.967482e+02
50  3.746202e+03  1.842943e+02
51  6.176353e+03  -9.571311e+01
52  7.103492e+03  -3.799726e+02
53  1.075476e+04  -1.013133e+03
54  4.646361e+03  -1.189910e+03
55  1.696782e+04  -6.468955e+02
56  1.377546e+04  -1.188119e+03
57  7.609899e+03  -9.613272e+02
58  -2.511814e+02  -4.905641e+02
59  -1.923152e+03  -4.723843e+02
60  -2.125495e+04  -6.721476e+02
61  -7.285258e+04  -2.426678e+03
62  -2.092867e+05  -2.994948e+03
63  -8.189674e+05  -1.820743e+03
ENDPROP
STARTPROP
MASSES:  4.200000e-03   4.200000e-03
SOURCE: GAM_13
SINKS: GAM_13
0  6.966596e+05  -1.462311e+03
1  -8.387866e+05  -1.230205e+03
2  -2.722670e+05  -1.684215e+03
3  -1.506407e+05  -1.953961e+03
4  -9.402416e+04  -7.527894e+02
5  -4.545815e+04  -3.716645e+02
6  -3.163032e+04  2.610821e+02
7  -3.167963e+04  -8.402151e+01
8  -3.135552e+04  6.097949e+01
9  -2.953416e+04  2.356893e+02
10  -2.324198e+04  2.525607e+02
11  -9.954259e+03  -5.523730e+02
12  8.630529e+02  -7.234193e+02
13  -5.861574e+02  -7.223633e+02
14  -3.364485e+03  -4.168716e+02
15  -3.033728e+03  -3.245983e+01
16  -2.256536e+03  7.721221e+01
17  -3.385182e+03  -5.744697e+01
18  -2.715274e+03  -1.650489e+02
19  -9.826711e+02  -4.127949e+01
20  1.479541e+02  1.039227e+02
21  -1.034213e+03  3.822205e+01
22  -1.739487e+03  3.603406e+01
23  -3.776453e+02  2.111152e+01
24  -2.260322e+02  3.582847e+01
25  1.010714e+02  5.484571e+01
26  4.153981e+02  8.013165e+01
27  2.854622e+02  7.519555e+01
28  1.587321e+02  8.376868e+01
29  1.748233e+02  7.931338e+01
30  4.273018e+02  2.367331e+01
31  3.521750e+02  1.542029e+01
32  2.785790e+02  -1.057982e+01
33  2.525681e+02  -1.960566e+01
34  -3.342785e+02  -3.440121e+01
35  -4.382187e+02  -4.588430e+01
36  -2.311549e+02  -7.295851e+01
37  -2.733577e+01  -3.400160e+01
38  4.336694e+02  -4.776720e+01
39  6.313145e+02  -7.021576e+01
40  7.480685e+02  -4.195008e+01
41  8.074071e+02  5.296967e+01
42  2.176980e+03  2.512468e+01
43  1.117684e+03  2.307366e+01
44  -5.917027e+02  9.862060e+01
45  -1.271398e+03  -1.966593e+01
46  -1.999701e+03  -2.340371e+02
47  1.269396e+03  -5.323099e+02
48  3.263001e+03  -4.037599e+02
49  2.767006e+03  -3.988858e+02
50  6.470381e+02  -4.965986e+02
51  4.908422e+03  -1.238536e+02
52  4.630122e+03  6.855980e+01
53  3.289968e+03  -1.568581e+02
54  7.101939e+03  -4.642031e+02
55  1.035103e+04  -3.645471e+02
56  6.773905e+03  -4.604509e+02
57  8.450799e+03  1.735622e+02
58  2.314798e+03  -1.342298e+02
59  -1.920067e+04  -4.830454e+02
60  -5.671141e+04  -4.587140e+02
61  -1.019599e+05  -3.565866e+02
62  -2.178587e+05  -8.114522e+02
63  -8.426103e+05  -1.714456e+03
ENDPROP
STARTPROP
MASSES:  4.200000e-03   4.200000e-03
SOURCE: GAM_31
SINKS: GAM_31
0  6.966596e+05  -1.462311e+03
1  -8.387866e+05  -1.230205e+03
2  -2.722670e+05  -1.684215e+03
3  -1.506407e+05  -1.953961e+03
4  -9.402416e+04  -7.527894e+02
5  -4.545815e+04  -3.716645e+02
6  -3.163032e+04  2.610821e+02
7  -3.167963e+04  -8.402151e+01
8  -3.135552e+04  6.097949e+01
9  -2.953416e+04  2.356893e+02
10  -2.324198e+04  2.525607e+02
11  -9.954259e+03  -5.523730e+02
12  8.630529e+02  -7.234193e+02
13  -5.861574e+02  -7.223633e+02
14  -3.364485e+03  -4.168716e+02
15  -3.033728e+03  -3.245983e+01
16  -2.256536e+03  7.721221e+01
17  -3.385182e+03  -5.744697e+01
18  -2.715274e+03  -1.650489e+02
19  -9.826711e+02  -4.127949e+01
20  1.479541e+02  1.039227e+02
21  -1.034213e+03  3.822205e+01
22  -1.739487e+03  3.603406e+01
23  -3.776453e+02  2.111152e+01
24  -2.260322e+02  3.582847e+01
25  1.010714e+02  5.484571e+01
26  4.153981e+02  8.013165e+01
27  2.854622e+02  7.519555e+01
28  1.587321e+02  8.376868e+01
29  1.748233e+02  7.931338e+01
30  4.273018e+02  2.367331e+01
31  3.521750e+02  1.542029e+01
32  2.785790e+02  -1.057982e+01
33  2.525681e+02  -1.960566e+01
34  -3.342785e+02  -3.440121e+01
35  -4.382187e+02  -4.588430e+01
36  -2.311549e+02  -7.295851e+01
37  -2.733577e+01  -3.400160e+01
38  4.336694e+02  -4.776720e+01
39  6.313145e+02  -7.021576e+01
40  7.480685e+02  -4.195008e+01
41  8.074071e+02  5.296967e+01
42  2.176980e+03  2.512468e+01
43  1.117684e+03  2.307366e+01
44  -5.917027e+02  9.862060e+01
45  -1.271398e+03  -1.966593e+01
46  -1.999701e+03  -2.340371e+02
47  1.269396e+03  -5.323099e+02
48  3.263001e+03  -4.037599e+02
49  2.767006e+03  -3.988858e+02
50  6.470381e+02  -4.965986e+02
51  4.908422e+03  -1.238536e+02
52  4.630122e+03  6.855980e+01
53  3.289968e+03  -1.568581e+02
54  7.101939e+03  -4.642031e+02
55  1.035103e+04  -3.645471e+02
56  6.773905e+03  -4.604509e+02
57  8.450799e+03  1.735622e+02
58  2.314798e+03  -1.342298e+02
59  -1.920067e+04  -4.830454e+02
60  -5.671141e+04  -4.587140e+02
61  -1.019599e+05  -3.565866e+02
62  -2.178587e+05  -8.114522e+02
63  -8.426103e+05  -1.714456e+03
ENDPROP
STARTPROP
MASSES:  4.200000e-03   4.200000e-03
SOURCE: GAM_14
SINKS: GAM_14
0  -1.761230e+05  8.003390e+02
1  1.290620e+06  3.562183e+02
2  6.022225e+05  -3.039800e+02
3  3.393895e+05  -2.061333e+03
4  1.902244e+05  -1.747976e+03
5  9.307002e+04  -5.646973e+02
6  4.185103e+04  -4.300217e+02
7  1.851331e+04  -9.817438e+02
8  4.385872e+03  -1.217798e+03
9  2.279542e+03  -1.202486e+03
10  -5.075224e+03  -7.923670e+02
11  -6.153023e+03  -5.386575e+02
12  -3.577204e+03  -7.164307e+02
13  2.540122e+03  -7.310160e+02
14  5.094722e+03  -8.729746e+02
15  2.905406e+03  -7.721143e+02
16  1.427188e+01  -3.683842e+02
17  -8.399921e+02  -9.324018e+01
18  -1.361935e+03  9.929970e+01
19  -7.619695e+02  1.973437e+02
20  7.886084e+02  7.907136e+01
21  4.410546e+02  -5.029353e+01
22  -1.339490e+03  -4.127149e+01
23  -1.289663e+03  -6.886115e+01
24  -3.178072e+02  -4.546796e+01
25  -2.412442e+02  -7.586933e+01
26  3.645524e+01  -4.637775e+01
27  4.837946e+02  -3.393685e+01
28  1.698439e+02  -3.598540e+00
29  1.447105e+02  1.204180e+01
30  1.053802e+02  2.772794e+01
31  1.101168e+02  -1.472936e+01
32  -8.507618e+01  5.493613e+00
33  -4.611635e+02  -1.852542e+01
34  -4.549930e+02  -3.869718e+01
35  -2.497653e+02  -4.345574e+01
36  -2.099718e+01  -2.760893e+01
37  4.832461e+02  1.226148e+01
38  8.363462e+02  6.117052e+01
39  6.854841e+02  6.586341e+01
40  -5.472189e+02  4.617557e+01
41  -1.385957e+03  6.632077e+01
42  -1.509276e+03  3.105987e+01
43  -1.154210e+03  2.224515e+01
44  -1.872839e+03  -3.606701e+01
45  -3.327007e+03  2.627757e+01
46  -2.684249e+03  1.397025e+02
47  -2.133701e+03  1.617451e+02
48  -2.823458e+03  1.220721e+02
49  -2.348180e+03  9.933784e+01
50  -4.570376e+03  1.929371e+01
51  -6.195260e+03  -1.379871e+02
52  -6.484906e+03  -1.619410e+02
53  -7.497127e+02  -6.687055e+01
54  2.014702e+04  2.373434e+02
55  2.424042e+04  8.552158e+01
56  3.219506e+04  -1.110745e+02
57  3.814386e+04  -5.776869e+02
58  3.584197e+04  -6.624594e+02
59  4.990948e+04  -2.553520e+02
60  8.408546e+04  -6.086797e+02
61  2.124591e+05  -8.500007e+02
62  4.814671e+05  -1.258068e+03
63  1.232556e+06  -9.177846e+02
ENDPROP
STARTPROP
MASSES:  4.200000e-03   4.200000e-03
SOURCE: GAM_41
SINKS: GAM_41
0  -1.761230e+05  8.003390e+02
1  1.290620e+06  3.562183e+02
2  6.022225e+05  -3.039800e+02
3  3.393895e+05  -2.061333e+03
4  1.902244e+05  -1.747976e+03
5  9.307002e+04  -5.646973e+02
6  4.185103e+04  -4.300217e+02
7  1.851331e+04  -9.817438e+02
8  4.385872e+03  -1.217798e+03
9  2.279542e+03  -1.202486e+03
10  -5.075224e+03  -7.923670e+02
11  -6.153023e+03  -5.386575e+02
12  -3.577204e+03  -7.164307e+02
13  2.540122e+03  -7.310160e+02
14  5.094722e+03  -8.729746e+02
15  2.905406e+03  -7.721143e+02
16  1.427188e+01  -3.683842e+02
17  -8.399921e+02  -9.324018e+01
18  -1.361935e+03  9.929970e+01
19  -7.619695e+02  1.973437e+02
20  7.886084e+02  7.907136e+01
21  4.410546e+02  -5.029353e+01
22  -1.339490e+03  -4.127149e+01
23  -1.289663e+03  -6.886115e+01
24  -3.178072e+02  -4.546796e+01
25  -2.412442e+02  -7.586933e+01
26  3.645524e+01  -4.637775e+01
27  4.837946e+02  -3.393685e+01
28  1.698439e+02  -3.598540e+00
29  1.447105e+02  1.204180e+01
30  1.053802e+02  2.772794e+01
31  1.101168e+02  -1.472936e+01
32  -8.507618e+01  5.493613e+00
33  -4.611635e+02  -1.852542e+01
34  -4.549930e+02  -3.869718e+01
35  -2.497653e+02  -4.345574e+01
36  -2.099718e+01  -2.760893e+01
37  4.832461e+02  1.226148e+01
38  8.363462e+02  6.117052e+01
39  6.854841e+02  6.586341e+01
40  -5.472189e+02  4.617557e+01
41  -1.385957e+03  6.632077e+01
42  -1.509276e+03  3.105987e+01
43  -1.154210e+03  2.224515e+01
44  -1.872839e+03  -3.606701e+01
45  -3.327007e+03  2.627757e+01
46  -2.684249e+03  1.397025e+02
47  -2.133701e+03  1.617451e+02
48  -2.823458e+03  1.220721e+02
49  -2.348180e+03  9.933784e+01
50  -4.570376e+03  1.929371e+01
51  -6.195260e+03  -1.379871e+02
52  -6.484906e+03  -1.619410e+02
53  -7.497127e+02  -6.687055e+01
54  2.014702e+04  2.373434e+02
55  2.424042e+04  8.552158e+01
56  3.219506e+04  -1.110745e+02
57  3.814386e+04  -5.776869e+02
58  3.584197e+04  -6.624594e+02
59  4.990948e+04  -2.553520e+02
60  8.408546e+04  -6.086797e+02
61  2.124591e+05  -8.500007e+02
62  4.814671e+05  -1.258068e+03
63  1.232556e+06  -9.177846e+02
ENDPROP
STARTPROP
MASSES:  4.200000e-03   4.200000e-03
SOURCE: GAM_23
SINKS: GAM_23
0  8.015519e+05  1.029914e+03
1  -7.322029e+05  5.111575e+02
2  -2.005595e+05  -1.849163e+02
3  -1.132011e+05  -2.007359e+02
4  -5.317773e+04  -2.357890e+01
5  -2.574210e+04  4.747172e+02
6  -1.466528e+04  3.585684e+02
7  -1.561543e+04  7.289160e+02
8  -9.543728e+03  8.379123e+02
9  -1.914613e+03  4.983970e+02
10  3.166354e+03  -3.376062e+01
11  5.481535e+03  -2.244201e+02
12  3.099510e+03  -3.347523e+02
13  4.208466e+03  5.898196e-01
14  -4.440443e+02  1.958292e+02
15  -3.049739e+01  -1.175508e+02
16  -9.839090e+02  -4.209979e+02
17  -1.133295e+03  -3.169354e+02
18  -1.013669e+03  -3.386495e+02
19  -1.025865e+02  -3.465964e+02
20  -2.827414e+02  -2.455628e+02
21  -1.282244e+03  -1.594895e+02
22  -5.413821e+02  -8.160194e+01
23  1.418514e+02  -1.289120e+02
24  1.570879e+02  -9.106268e+01
25  -4.456184e+02  -5.347103e+01
26  -6.646732e+02  -1.518348e+01
27  -8.914598e+02  1.314593e+00
28  -3.527361e+02  -3.128934e+01
29  2.045997e+02  -3.332946e+01
30  3.335314e+02  -4.917749e+01
31  2.484247e+02  -5.470501e+01
32  4.720918e+02  -5.226652e+01
33  6.724462e+02  -2.083686e+01
34  7.094425e+02  -2.743811e+00
35  9.469347e+02  -5.978327e+00
36  9.477279e+02  5.585409e+00
37  8.873124e+02  4.785719e+00
38  8.578558e+02  2.526208e+01
39  5.063876e+02  6.615047e+01
40  8.525177e+02  1.035070e+02
41  1.151057e+03  1.218678e+02
42  1.131420e+03  1.102848e+02
43  1.910097e+03  1.951894e+02
44  2.928041e+03  3.156834e+02
45  4.423712e+03  1.949903e+02
46  4.575990e+03  9.380344e+01
47  1.867669e+03  1.852537e+02
48  1.925748e+03  1.695812e+02
49  4.310185e+03  2.931196e+02
50  5.016105e+03  3.644990e+02
51  8.785234e+02  1.234900e+02
52  -3.606469e+02  2.566666e+02
53  3.715177e+03  3.256854e+02
54  1.218752e+04  4.116566e+02
55  1.590683e+04  6.359483e+02
56  1.597692e+04  6.879376e+02
57  1.432619e+04  5.927451e+02
58  1.428245e+04  2.870951e+02
59  1.531844e+04  3.154314e+02
60  -1.057207e+04  5.120175e+02
61  -5.750011e+04  6.145114e+02
62  -1.907063e+05  -2.621178e+02
63  -7.717234e+05  -8.681600e+02
ENDPROP
STARTPROP
MASSES:  4.200000e-03   4.200000e-03
SOURCE: GAM_32
SINKS: GAM_32
0  8.015519e+05  1.029914e+03
1  -7.322029e+05  5.111575e+02
2  -2.005595e+05  -1.849163e+02
3  -1.132011e+05  -2.007359e+02
4  -5.317773e+04  -2.357890e+01
5  -2.574210e+04  4.747172e+02
6  -1.466528e+04  3.585684e+02
7  -1.561543e+04  7.289160e+02
8  -9.543728e+03  8.379123e+02
9  -1.914613e+03  4.983970e+02
10  3.166354e+03  -3.376062e+01
11  5.481535e+03  -2.244201e+02
12  3.099510e+03  -3.347523e+02
13  4.208466e+03  5.898196e-01
14  -4.440443e+02  1.958292e+02
15  -3.049739e+01  -1.175508e+02
16  -9.839090e+02  -4.209979e+02
17  -1.133295e+03  -3.169354e+02
18  -1.013669e+03  -3.386495e+02
19  -1.025865e+02  -3.465964e+02
20  -2.827414e+02  -2.455628e+02
21  -1.282244e+03  -1.594895e+02
22  -5.413821e+02  -8.160194e+01
23  1.418514e+02  -1.289120e+02
24  1.570879e+02  -9.106268e+01
25  -4.456184e+02  -5.347103e+01
26  -6.646732e+02  -1.518348e+01
27  -8.914598e+02  1.314593e+00
28  -3.527361e+02  -3.128934e+01
29  2.045997e+02  -3.332946e+01
30  3.335314e+02  -4.917749e+01
31  2.484247e+02  -5.470501e+01
32  4.720918e+02  -5.226652e+01
33  6.724462e+02  -2.083686e+01
34  7.094425e+02  -2.743811e+00
35  9.469347e+02  -5.978327e+00
36  9.477279e+02  5.585409e+00
37  8.873124e+02  4.785719e+00
38  8.578558e+02  2.526208e+01
39  5.063876e+02  6.615047e+01
40  8.525177e+02  1.035070e+02
41  1.151057e+03  1.218678e+02
42  1.131420e+03  1.102848e+02
43  1.910097e+03  1.951894e+02
44  2.928041e+03  3.156834e+02
45  4.423712e+03  1.949903e+02
46  4.575990e+03  9.380344e+01
47  1.867669e+03  1.852537e+02
48  1.925748e+03  1.695812e+02
49  4.310185e+03  2.931196e+02
50  5.016105e+03  3.644990e+02
51  8.785234e+02  1.234900e+02
52  -3.606469e+02  2.566666e+02
53  3.715177e+03  3.256854e+02
54  1.218752e+04  4.116566e+02
55  1.590683e+04  6.359483e+02
56  1.597692e+04  6.879376e+02
57  1.432619e+04  5.927451e+02
58  1.428245e+04  2.870951e+02
59  1.531844e+04  3.154314e+02
60  -1.057207e+04  5.120175e+02
61  -5.750011e+04  6.145114e+02
62  -1.907063e+05  -2.621178e+02
63  -7.717234e+05  -8.681600e+02
ENDPROP
STARTPROP
MASSES:  4.200000e-03   4.200000e-03
SOURCE: GAM_24
SINKS: GAM_24
0  -6.606372e+04  -7.207996e+02
1  1.321014e+06  -1.530091e+03
2  6.126241e+05  8.299343e+02
3  3.520092e+05  1.122771e+03
4  1.807293e+05  -7.983977e+02
5  9.471570e+04  -1.364379e+03
6  4.775032e+04  -1.416173e+03
7  1.986717e+04  -8.128744e+02
8  9.784467e+03  -1.965086e+02
9  4.978847e+02  4.694164e+02
10  1.209893e+03  6.970232e+02
11  1.080171e+02  1.063288e+03
12  -9.585514e+02  1.258883e+03
13  9.487718e+02  1.506258e+03
14  -1.500008e+03  1.212387e+03
15  -3.562475e+03  1.098074e+03
16  -2.344498e+03  5.520531e+02
17  1.456301e+03  3.038116e+02
18  1.775842e+03  1.685942e+02
19  -1.169031e+03  2.365515e+02
20  -1.798921e+03  7.977523e+01
21  2.738488e+02  1.729600e+01
22  1.659241e+03  9.734373e+01
23  1.382090e+03  1.532105e+02
24  1.306123e+03  7.933094e+01
25  9.485644e+02  -4.710695e+00
26  1.009380e+03  -1.987345e+01
27  1.090736e+03  -1.932846e+01
28  4.664336e+02  -1.675741e+01
29  2.227608e+02  -4.233173e+01
30  2.154613e+02  -2.624436e+01
31  -2.858883e+01  -2.436080e+01
32  2.009720e+02  2.175689e+01
33  -2.732455e+02  5.043551e+01
34  -5.163738e+02  3.887577e+01
35  -1.280930e+02  2.402856e+01
36  3.327049e+00  6.021287e+01
37  4.554748e+01  3.857254e+01
38  -2.681647e+02  1.905557e+01
39  -3.918113e+02  3.262588e+01
40  -8.487880e+02  4.193593e+01
41  -1.558952e+03  -7.821751e+01
42  -1.280311e+03  -1.375359e+02
43  1.525726e+03  -1.798064e+02
44  3.877087e+03  -2.275720e+02
45  4.352660e+03  -2.065770e+02
46  6.235270e+03  -1.934020e+02
47  9.467280e+03  -1.173342e+02
48  9.030126e+03  -1.208259e+02
49  7.352230e+03  3.854895e+01
50  7.506451e+03  1.470858e+02
51  8.598376e+03  3.824384e+02
52  1.235398e+04  2.027228e+02
53  1.209236e+04  -2.239344e+02
54  1.155212e+04  -3.251512e+02
55  1.806517e+04  -8.066789e+02
56  2.273913e+04  -5.921277e+02
57  4.490978e+04  1.459678e+02
58  8.860163e+04  7.900913e+02
59  1.265036e+05  9.274711e+02
60  2.099792e+05  5.059203e+02
61  3.368623e+05  7.082318e+02
62  5.872467e+05  2.562539e+03
63  1.336083e+06  6.787677e+02
ENDPROP
STARTPROP
MASSES:  4.200000e-03   4.200000e-03
SOURCE: GAM_42
SINKS: GAM_42
0  -6.606372e+04  -7.207996e+02
1  1.321014e+06  -1.530091e+03
2  6.126241e+05  8.299343e+02
3  3.520092e+05  1.122771e+03
4  1.807293e+05  -7.983977e+02
5  9.471570e+04  -1.364379e+03
6  4.775032e+04  -1.416173e+03
7  1.986717e+04  -8.128744e+02
8  9.784467e+03  -1.965086e+02
9  4.978847e+02  4.694164e+02
10  1.209893e+03  6.970232e+02
11  1.080171e+02  1.063288e+03
12  -9.585514e+02  1.258883e+03
13  9.487718e+02  1.506258e+03
14  -1.500008e+03  1.212387e+03
15  -3.562475e+03  1.098074e+03
16  -2.344498e+03  5.520531e+02
17  1.456301e+03  3.038116e+02
18  1.775842e+03  1.685942e+02
19  -1.169031e+03  2.365515e+02
20  -1.798921e+03  7.977523e+01
21  2.738488e+02  1.729600e+01
22  1.659241e+03  9.734373e+01
23  1.382090e+03  1.532105e+02
24  1.306123e+03  7.933094e+01
25  9.485644e+02  -4.710695e+00
26  1.009380e+03  -1.987345e+01
27  1.090736e+03  -1.932846e+01
28  4.664336e+02  -1.675741e+01
29  2.227608e+02  -4.233173e+01
30  2.154613e+02  -2.624436e+01
31  -2.858883e+01  -2.436080e+01
32  2.009720e+02  2.175689e+01
33  -2.732455e+02  5.043551e+01
34  -5.163738e+02  3.887577e+01
35  -1.280930e+02  2.402856e+01
36  3.327049e+00  6.021287e+01
37  4.554748e+01  3.857254e+01
38  -2.681647e+02  1.905557e+01
39  -3.918113e+02  3.262588e+01
40  -8.487880e+02  4.193593e+01
41  -1.558952e+03  -7.821751e+01
42  -1.280311e+03  -1.375359e+02
43  1.525726e+03  -1.798064e+02
44  3.877087e+03  -2.275720e+02
45  4.352660e+03  -2.065770e+02
46  6.235270e+03  -1.934020e+02
47  9.467280e+03  -1.173342e+02
48  9.030126e+03  -1.208259e+02
49  7.352230e+03  3.854895e+01
50  7.506451e+03  1.470858e+02
51  8.598376e+03  3.824384e+02
52  1.235398e+04  2.027228e+02
53  1.209236e+04  -2.239344e+02
54  1.155212e+04  -3.251512e+02
55  1.806517e+04  -8.066789e+02
56  2.273913e+04  -5.921277e+02
57  4.490978e+04  1.459678e+02
58  8.860163e+04  7.900913e+02
59  1.265036e+05  9.274711e+02
60  2.099792e+05  5.059203e+02
61  3.368623e+05  7.082318e+02
62  5.872467e+05  2.562539e+03
63  1.336083e+06  6.787677e+02
ENDPROP
STARTPROP
MASSES:  4.200000e-03   4.200000e-03
SOURCE: GAM_34
SINKS: GAM_34
0  -6.312678e+04  2.460862e+02
1  1.397905e+06  -3.455138e+03
2  6.789341e+05  -3.114400e+03
3  3.827845e+05  -3.311113e+03
4  1.611564e+05  -2.815790e+03
5  4.980432e+04  -2.809520e+03
6  6.308675e+02  -1.474034e+03
7  -1.619372e+04  1.236903e+02
8  -1.006086e+04  -4.447889e+02
9  -5.374470e+03  -3.725017e+02
10  3.808631e+03  8.117587e+00
11  5.075554e+03  4.475137e+02
12  5.507925e+03  8.925515e+02
13  5.451976e+03  1.076398e+03
14  4.030981e+03  6.973920e+02
15  4.992103e+03  6.442395e+02
16  5.141965e+03  5.722633e+02
17  5.469542e+03  4.518641e+02
18  4.271566e+03  2.617780e+02
19  2.169597e+03  1.769523e+02
20  1.360714e+03  1.267730e+02
21  7.502520e+02  5.115494e+01
22  7.164443e+02  1.695971e+01
23  6.862143e+02  6.973340e+00
24  4.875537e+02  -8.210744e+01
25  5.262540e+02  -6.585305e+01
26  -8.913702e+01  -4.149244e+01
27  -3.948594e+02  -6.464394e+01
28  -4.964242e+02  -5.255423e+01
29  -2.082550e+02  -4.317654e+01
30  -3.310541e+02  -6.103833e+01
31  -4.698996e+02  -5.623880e+01
32  -5.367933e+02  -5.318791e+01
33  -2.530595e+02  -2.681585e+01
34  -1.773283e+02  -4.504514e+01
35  -1.429484e+02  -5.295975e+01
36  3.701694e+02  -4.473531e+01
37  2.772616e+02  -3.290447e+01
38  -3.395428e+02  -2.842597e+01
39  -3.081414e+02  4.446777e+00
40  -4.627151e+02  3.440957e+01
41  -1.551031e+02  -1.271788e+01
42  1.331729e+02  -4.090801e+01
43  -3.778901e+02  -1.212960e+01
44  5.395773e+02  -6.129907e+01
45  1.550121e+03  -1.776489e+01
46  2.402974e+03  -6.512645e+01
47  2.835078e+03  -1.094170e+02
48  6.676019e+03  1.516035e+02
49  9.433471e+03  1.186714e+02
50  8.894919e+03  -1.000947e+01
51  1.009193e+04  1.326652e+02
52  1.671739e+04  8.982345e+02
53  1.453303e+04  8.713621e+02
54  7.506628e+03  1.579625e+02
55  4.162458e+03  -2.826391e+02
56  8.946446e+03  7.163721e+02
57  2.942308e+04  1.172602e+03
58  5.427964e+04  1.978753e+03
59  9.497443e+04  2.344350e+03
60  1.731930e+05  1.753796e+03
61  2.952786e+05  5.666849e+02
62  5.447402e+05  1.928579e+03
63  1.316997e+06  2.149958e+03
ENDPROP
STARTPROP
MASSES:  4.200000e-03   4.200000e-03
SOURCE: GAM_43
SINKS: GAM_43
0  -6.312678e+04  2.460862e+02
1  1.397905e+06  -3.455138e+03
2  6.789341e+05  -3.114400e+03
3  3.827845e+05  -3.311113e+03
4  1.611564e+05  -2.815790e+03
5  4.980432e+04  -2.809520e+03
6  6.308675e+02  -1.474034e+03
7  -1.619372e+04  1.236903e+02
8  -1.006086e+04  -4.447889e+02
9  -5.374470e+03  -3.725017e+02
10  3.808631e+03  8.117587e+00
11  5.075554e+03  4.475137e+02
12  5.507925e+03  8.925515e+02
13  5.451976e+03  1.076398e+03
14  4.030981e+03  6.973920e+02
15  4.992103e+03  6.442395e+02
16  5.141965e+03  5.722633e+02
17  5.469542e+03  4.518641e+02
18  4.271566e+03  2.617780e+02
19  2.169597e+03  1.769523e+02
20  1.360714e+03  1.267730e+02
21  7.502520e+02  5.115494e+01
22  7.164443e+02  1.695971e+01
23  6.862143e+02  6.973340e+00
24  4.875537e+02  -8.210744e+01
25  5.262540e+02  -6.585305e+01
26  -8.913702e+01  -4.149244e+01
27  -3.948594e+02  -6.464394e+01
28  -4.964242e+02  -5.255423e+01
29  -2.082550e+02  -4.317654e+01
30  -3.310541e+02  -6.103833e+01
31  -4.698996e+02  -5.623880e+01
32  -5.367933e+02  -5.318791e+01
33  -2.530595e+02  -2.681585e+01
34  -1.773283e+02  -4.504514e+01
35  -1.429484e+02  -5.295975e+01
36  3.701694e+02  -4.473531e+01
37  2.772616e+02  -3.290447e+01
38  -3.395428e+02  -2.842597e+01
39  -3.081414e+02  4.446777e+00
40  -4.627151e+02  3.440957e+01
41  -1.551031e+02  -1.271788e+01
42  1.331729e+02  -4.090801e+01
43  -3.778901e+02  -1.212960e+01
44  5.395773e+02  -6.129907e+01
45  1.550121e+03  -1.776489e+01
46  2.402974e+03  -6.512645e+01
47  2.835078e+03  -1.094170e+02
48  6.676019e+03  1.516035e+02
49  9.433471e+03  1.186714e+02
50  8.894919e+03  -1.000947e+01
51  1.009193e+04  1.326652e+02
52  1.671739e+04  8.982345e+02
53  1.453303e+04  8.713621e+02
54  7.506628e+03  1.579625e+02
55  4.162458e+03  -2.826391e+02
56  8.946446e+03  7.163721e+02
57  2.942308e+04  1.172602e+03
58  5.427964e+04  1.978753e+03
59  9.497443e+04  2.344350e+03
60  1.731930e+05  1.753796e+03
61  2.952786e+05  5.666849e+02
62  5.447402e+05  1.928579e+03
63  1.316997e+06  2.149958e+03
ENDPROP
STARTPROP
MASSES:  4.200000e-03   4.200000e-03
SOURCE: GAM_15
SINKS: GAM_15
0  -4.087821e+05  2.316894e+03
1  -1.312194e+06  3.479954e+03
2  -5.203183e+05  1.151602e+03
3  -2.416787e+05  -1.587489e+03
4  -9.015101e+04  -5.289994e+02
5  -3.105277e+04  -1.275916e+03
6  -8.904816e+03  -5.392950e+02
7  4.731304e+03  -5.002159e+02
8  -2.370210e+03  -8.310767e+02
9  -4.649296e+03  -1.248892e+03
10  1.108160e+03  -1.678299e+03
11  7.785745e+03  -1.378796e+03
12  9.144943e+03  -7.898040e+02
13  9.578976e+03  -6.055881e+02
14  1.055700e+04  -3.037822e+02
15  7.279309e+03  -4.172854e+02
16  4.033466e+03  -3.277268e+02
17  2.913529e+03  -2.362285e+02
18  3.286096e+03  -1.123923e+02
19  1.963344e+02  -7.925373e+01
20  -7.890252e+02  -7.060629e+01
21  -1.173119e+03  -1.079200e+01
22  -2.336995e+02  8.242144e+01
23  1.241040e+03  2.109947e+02
24  1.982337e+03  2.349542e+02
25  1.358949e+03  1.441861e+02
26  6.357256e+02  1.131032e+02
27  5.944390e+02  8.429840e+01
28  6.781266e+02  2.374434e+01
29  7.502091e+02  -2.195633e+01
30  7.818725e+02  -4.997488e+01
31  5.972488e+02  -7.413862e+01
32  4.179347e+02  -7.375802e+01
33  5.185555e+02  -6.007808e+01
34  6.630415e+02  -3.261056e+01
35  9.434234e+02  -3.325464e+01
36  7.209858e+02  -2.475965e+00
37  5.680814e+02  -8.880766e-01
38  -1.826679e+02  -2.413004e+01
39  -5.629673e+02  -1.024780e+02
40  -5.987199e+02  -1.659212e+02
41  -5.683338e+02  -2.549128e+02
42  -1.885610e+02  -2.381974e+02
43  -3.693635e+02  -1.445804e+02
44  -2.387632e+03  -6.636056e+01
45  -4.809481e+03  -2.643541e+01
46  -6.402359e+03  1.157783e+02
47  -7.252827e+03  1.690551e+02
48  -8.511286e+03  2.651339e+02
49  -1.037843e+04  2.952366e+02
50  -1.032177e+04  4.422739e+02
51  -1.595288e+04  2.488156e+02
52  -2.195706e+04  -1.888827e+02
53  -2.005280e+04  -8.621160e+02
54  -1.940189e+04  -1.420781e+03
55  -2.437963e+04  -1.198820e+03
56  -3.263844e+04  -3.434182e+02
57  -5.220011e+04  6.968415e+02
58  -6.625346e+04  1.067163e+03
59  -8.680197e+04  1.581410e+03
60  -1.381982e+05  3.090309e+03
61  -2.588793e+05  2.948952e+03
62  -5.094819e+05  1.676294e+03
63  -1.327897e+06  1.670713e+03
ENDPROP
STARTPROP
MASSES:  4.200000e-03   4.200000e-03
SOURCE: GAM_25
SINKS: GAM_25
0  -1.489855e+05  -2.551071e+03
1  -1.095133e+06  -1.755589e+03
2  -3.840664e+05  -1.325456e+03
3  -2.014359e+05  -1.232322e+03
4  -1.078895e+05  -7.558261e+02
5  -3.205752e+04  9.247835e+01
6  -6.273587e+03  6.917453e+02
7  1.145229e+03  9.934241e+02
8  4.527499e+02  9.409921e+02
9  4.327978e+03  8.582243e+02
10  8.794982e+02  8.261323e+02
11  -7.911628e+03  8.284634e+02
12  -1.296461e+04  6.787207e+02
13  -1.150725e+04  8.686382e+02
14  -5.360742e+03  6.829054e+02
15  -1.806487e+03  3.258350e+02
16  -1.545700e+03  1.156620e+02
17  -3.310096e+03  3.371355e+01
18  -3.030974e+03  1.780392e+02
19  -3.525422e+03  2.542511e+02
20  -1.932299e+03  3.736318e+02
21  -2.597902e+00  3.150885e+02
22  5.312227e+02  1.443391e+02
23  3.153469e+02  5.553155e+01
24  1.776994e+02  5.203401e+01
25  4.520428e+02  -1.796022e+01
26  2.340496e+02  -1.990804e+01
27  -5.835856e+02  3.054840e+01
28  -1.087146e+03  7.875742e+01
29  -1.258013e+03  7.226219e+01
30  -7.343077e+02  5.029903e+01
31  -1.159375e+01  1.868944e+01
32  9.256035e+01  -1.798149e+01
33  -1.584194e+02  -2.319612e+01
34  -5.175166e+02  -2.192738e+01
35  -6.608941e+02  -1.637883e+01
36  -2.578350e+02  2.019829e+01
37  1.980424e+02  6.637097e+01
38  4.138360e+02  7.845328e+01
39  1.108912e+02  6.937875e+01
40  -1.110036e+03  9.693956e+00
41  -2.378557e+03  -6.701657e+01
42  -4.290260e+03  -1.679017e+02
43  -4.997800e+03  -2.998103e+02
44  -3.006300e+03  -4.294241e+02
45  7.898353e+02  -5.002291e+02
46  2.588013e+03  -3.791213e+02
47  6.444768e+03  -2.582168e+02
48  7.328504e+03  -4.621224e+01
49  3.924069e+03  -1.068876e+02
50  4.129609e+02  2.774045e+01
51  -4.183381e+03  3.088445e+02
52  -1.041607e+04  2.234808e+02
53  -1.270464e+04  -1.815240e+02
54  -1.218487e+04  -3.822999e+02
55  -7.463523e+03  -3.575347e+02
56  -8.343818e+03  -6.752000e+02
57  -1.116733e+04  7.500512e+01
58  8.998813e+03  7.319390e+02
59  1.878660e+04  6.582860e+02
60  -1.765982e+03  1.068101e+03
61  -1.119684e+05  7.747901e+02
62  -3.326032e+05  -3.593445e+02
63  -1.135691e+06  -2.088593e+03
ENDPROP
STARTPROP
MASSES:  4.200000e-03   4.200000e-03
SOURCE: GAM_35
SINKS: GAM_35
0  -3.232219e+05  3.181635e+02
1  -1.264393e+06  2.569459e+03
2  -4.629651e+05  3.146392e+03
3  -2.152236e+05  3.100593e+03
4  -1.028821e+05  2.418726e+03
5  -3.297522e+04  2.348612e+03
6  -7.008726e+03  2.095197e+03
7  -1.883924e+04  1.492440e+03
8  -2.926780e+04  3.273345e+02
9  -2.931343e+04  2.154388e+02
10  -2.520472e+04  4.969290e+02
11  -1.326214e+04  5.395661e+02
12  -1.344171e+04  1.275833e+02
13  -1.530057e+04  -2.066010e+02
14  -8.908594e+03  3.350955e+01
15  -5.470608e+03  6.894374e+01
16  -5.519780e+03  1.209564e+01
17  -6.622323e+03  1.241562e+02
18  -6.055215e+03  1.524919e+02
19  -4.614999e+03  2.982641e+02
20  -2.088885e+03  2.369439e+02
21  -2.661153e+02  -1.282922e+01
22  2.955221e+02  -1.658264e+02
23  -1.967247e+02  -2.124153e+02
24  -6.097411e+02  -2.015296e+02
25  -6.875487e+02  -1.052281e+02
26  -1.110218e+02  -4.356799e+01
27  -1.510209e+02  -8.327097e+00
28  1.528149e+01  1.024754e+01
29  -1.958374e+02  3.001472e+01
30  -4.790957e+02  2.221030e+01
31  -3.779065e+02  -2.190381e+01
32  -6.020779e+02  -5.408158e+01
33  -6.418114e+02  -7.559469e+01
34  -7.469494e+02  -9.867697e+01
35  -8.234919e+02  -9.853388e+01
36  -3.130777e+02  -6.240630e+01
37  2.894887e+02  -4.529710e+01
38  6.691255e+02  -4.650908e+01
39  1.393986e+03  -9.231776e+01
40  2.395106e+03  -1.421545e+02
41  2.134791e+03  -2.064263e+02
42  1.976438e+03  -3.146041e+02
43  -3.140708e+02  -3.938537e+02
44  -2.554470e+03  -4.592665e+02
45  -2.941723e+03  -5.196827e+02
46  -2.173015e+03  -5.699525e+02
47  9.428270e+01  -5.203395e+02
48  3.814220e+03  -5.215293e+02
49  3.921376e+03  -6.541883e+02
50  3.347430e+03  -8.588512e+02
51  5.719797e+03  -6.315394e+02
52  8.486629e+03  -5.036025e+02
53  4.617329e+03  -5.740918e+02
54  8.735182e+03  -4.973680e+02
55  9.985889e+03  -6.571050e+01
56  7.942366e+03  4.348545e+02
57  -2.068809e+03  7.487356e+02
58  -1.000804e+04  4.342289e+02
59  -3.511996e+04  -4.336385e+02
60  -9.812396e+04  -9.007055e+02
61  -2.196261e+05  -8.475782e+02
62  -4.504967e+05  -7.012140e+01
63  -1.253027e+06  7.981065e+02
ENDPROP
STARTPROP
MASSES:  4.200000e-03   4.200000e-03
SOURCE: GAM_45
SINKS: GAM_45
0  -1.736305e+06  3.028248e+03
1  7.086586e+05  2.002979e+02
2  3.499692e+05  -3.753690e+02
3  3.063202e+05  4.050749e+02
4  2.466015e+05  -5.332091e+02
5  2.147587e+05  -5.504453e+02
6  1.833244e+05  -9.533268e+01
7  1.537610e+05  1.445340e+02
8  1.277144e+05  3.917206e+02
9  1.109170e+05  -2.651289e+01
10  9.386742e+04  3.934088e+02
11  8.001379e+04  4.800086e+02
12  6.767127e+04  2.712853e+02
13  5.667345e+04  2.383590e+02
14  4.700093e+04  4.006238e+01
15  3.786488e+04  -5.167753e+01
16  3.228093e+04  -3.251422e+00
17  2.721127e+04  1.498105e+02
18  2.165641e+04  2.100004e+02
19  1.777804e+04  8.580959e+01
20  1.443209e+04  3.830659e+01
21  1.192803e+04  2.677903e+01
22  9.982048e+03  -2.446497e+01
23  8.173728e+03  3.725938e+01
24  7.348547e+03  3.249624e+01
25  5.987093e+03  -3.034757e+00
26  5.429772e+03  3.796571e+01
27  4.815938e+03  4.487600e+01
28  4.282019e+03  4.401618e+01
29  3.892474e+03  2.455683e+01
30  3.550328e+03  1.944251e+01
31  3.421243e+03  2.302327e+01
32  3.601099e+03  2.980424e+01
33  3.758915e+03  1.781351e+01
34  4.002744e+03  3.845091e+01
35  4.263840e+03  4.504446e+01
36  4.794108e+03  8.432584e+01
37  5.170111e+03  1.278355e+02
38  5.901583e+03  1.328107e+02
39  6.700560e+03  1.330539e+02
40  7.971368e+03  2.003959e+02
41  9.709002e+03  1.832999e+02
42  1.171819e+04  1.922767e+02
43  1.402332e+04  2.821371e+02
44  1.552067e+04  3.758289e+02
45  1.863992e+04  5.319553e+02
46  2.344617e+04  6.455875e+02
47  2.612430e+04  7.634452e+02
48  3.065615e+04  8.809724e+02
49  3.719480e+04  9.831903e+02
50  4.420097e+04  1.085637e+03
51  5.266258e+04  1.211693e+03
52  6.055203e+04  1.103554e+03
53  7.117438e+04  1.547055e+03
54  8.731074e+04  1.270740e+03
55  1.003716e+05  1.122258e+03
56  1.189414e+05  1.166593e+03
57  1.489405e+05  1.321295e+03
58  1.752988e+05  1.733188e+03
59  2.000704e+05  2.071348e+03
60  2.364051e+05  1.536417e+03
61  2.788696e+05  2.314498e+03
62  3.381627e+05  2.583656e+03
63  6.980602e+05  2.604270e+03
ENDPROP
STARTPROP
MASSES:  4.200000e-03   4.200000e-03
SOURCE: PSAX4
SINKS: GAM_4
0  3.275656e+04  -1.904404e+03
1  1.651254e+06  -2.265499e+03
2  1.249673e+06  -2.428968e+03
3  1.057923e+06  -3.477328e+02
4  8.804197e+05  -7.572261e+02
5  7.325564e+05  -2.907388e+02
6  6.196490e+05  1.569284e+02
7  5.242536e+05  4.009155e+02
8  4.294438e+05  8.976957e+02
9  3.696106e+05  2.914217e+02
10  3.157515e+05  1.467017e+03
11  2.687570e+05  1.463941e+03
12  2.239414e+05  1.210895e+03
13  1.891008e+05  1.098981e+03
14  1.594287e+05  7.016651e+02
15  1.294673e+05  2.684824e+02
16  1.088976e+05  1.944894e+02
17  9.045691e+04  1.540664e+02
18  7.614605e+04  1.891154e+02
19  6.290707e+04  1.782465e+02
20  5.171920e+04  1.062270e+02
21  4.254652e+04  6.084592e+01
22  3.466899e+04  -9.275030e+00
23  2.930288e+04  1.332645e+00
24  2.453470e+04  3.627374e+00
25  2.014638e+04  -4.941957e+01
26  1.675683e+04  -1.499265e+01
27  1.360660e+04  -1.648774e+01
28  1.072491e+04  7.110677e+00
29  8.416403e+03  -1.175807e+01
30  5.936872e+03  1.082789e+01
31  3.524461e+03  3.187891e+01
32  1.236522e+03  1.193982e+01
33  -1.386607e+03  -2.685542e+01
34  -3.610290e+03  -5.123312e+01
35  -5.940999e+03  -6.003085e+01
36  -8.506505e+03  -6.358406e+01
37  -1.095961e+04  -1.168578e+02
38  -1.390027e+04  -1.243351e+02
39  -1.759338e+04  -1.276884e+02
40  -2.199658e+04  -1.552154e+02
41  -2.704842e+04  -1.298230e+02
42  -3.314226e+04  -1.363697e+02
43  -4.081927e+04  -2.217922e+02
44  -4.879128e+04  -2.402739e+02
45  -5.888515e+04  -4.702041e+02
46  -7.335439e+04  -5.318181e+02
47  -8.651877e+04  -7.841687e+02
48  -1.037044e+05  -9.020209e+02
49  -1.255982e+05  -1.037458e+03
50  -1.515854e+05  -8.836675e+02
51  -1.772328e+05  -1.094593e+03
52  -2.136397e+05  -9.308962e+02
53  -2.508739e+05  -1.153308e+03
54  -3.000056e+05  -6.684079e+02
55  -3.558215e+05  -6.571862e+02
56  -4.220607e+05  -1.276515e+03
57  -5.134712e+05  -1.093654e+03
58  -6.076789e+05  -1.397284e+03
59  -7.100292e+05  -1.171213e+03
60  -8.484918e+05  -1.075615e+03
61  -9.944912e+05  -1.965863e+03
62  -1.217867e+06  -1.959242e+03
63  -1.587696e+06  -1.612312e+03
ENDPROP
STARTPROP
MASSES:  4.200000e-03   4.200000e-03
SOURCE: WWPSAX4
SINKS: GAM_4
0  -1.062308e+09  -1.159023e+07
1  2.576061e+09  -5.206704e+06
2  1.039075e+09  -3.035113e+06
3  6.024558e+08  -6.774148e+06
4  4.446478e+08  2.602486e+07
5  4.443402e+08  -5.497851e+06
6  4.927928e+08  -1.418925e+06
7  1.834212e+08  8.608763e+06
8  1.505136e+08  9.896813e+06
9  3.504544e+08  -5.165765e+06
10  1.130541e+08  1.483021e+06
11  2.587597e+08  4.180986e+06
12  1.559493e+08  7.404165e+05
13  1.667878e+08  2.906458e+06
14  7.431932e+07  1.460676e+06
15  5.875584e+07  -2.538941e+06
16  1.037977e+08  4.151964e+05
17  3.991093e+07  -4.895893e+05
18  6.293827e+07  5.699863e+05
19  5.919478e+07  -1.814525e+05
20  3.008864e+07  1.759864e+05
21  2.600963e+07  -3.640290e+05
22  9.285852e+04  -7.291339e+05
23  1.163226e+07  6.323228e+05
24  1.397511e+07  1.522943e+05
25  1.131273e+07  -8.792894e+05
26  1.305741e+07  -1.327882e+06
27  6.473965e+06  -1.997356e+05
28  6.414833e+06  8.916329e+04
29  1.104023e+07  1.744619e+04
30  5.062970e+06  -4.139772e+05
31  3.148356e+06  1.742838e+04
32  3.872827e+06  4.738181e+05
33  3.779108e+06  2.278650e+03
34  9.340443e+05  -4.981261e+05
35  -1.229165e+05  -2.083834e+04
36  -9.803885e+06  1.149230e+05
37  -2.721737e+06  -3.610096e+05
38  -1.086996e+07  -7.094098e+05
39  -8.444231e+06  -1.081868e+06
40  -1.381359e+07  -3.839179e+04
41  -1.613084e+07  -3.858753e+05
42  -2.748462e+07  -2.271020e+06
43  -2.485290e+07  -1.911609e+05
44  -1.814587e+07  -5.062272e+05
45  -3.272261e+07  1.515791e+06
46  -2.852599e+07  1.147043e+06
47  -6.221609e+07  -2.286692e+05
48  -5.556285e+07  -3.162987e+06
49  -1.532165e+08  -2.215361e+06
50  -1.628307e+08  2.070034e+05
51  -1.627847e+08  -3.370092e+06
52  -1.626545e+08  -4.229044e+06
53  -1.905442e+08  1.568792e+06
54  -1.901186e+08  -7.444553e+05
55  -2.067792e+08  6.274428e+06
56  -1.431597e+08  1.416461e+07
57  -3.450614e+08  2.039389e+06
58  -5.629857e+08  2.316594e+06
59  -7.285692e+08  -8.098836e+06
60  -6.040591e+08  -2.012876e+07
61  -6.164685e+08  -7.466899e+05
62  -9.329023e+08  -4.018872e+06
63  -2.075267e+09  -1.261138e+07
ENDPROP
STARTPROP
MASSES:  4.200000e-03   4.200000e-03
SOURCE: WWGAM_5
SINKS: GAM_5
0  1.545531e+10  1.862206e+00
1  5.627539e+09  8.848317e+06
2  2.637281e+09  9.185293e+06
3  2.888708e+09  9.004286e+06
4  2.129550e+09  1.206726e+07
5  1.701068e+09  -1.416722e+06
6  1.508947e+09  -1.598060e+06
7  1.141144e+09  4.388806e+06
8  1.120749e+09  -2.880312e+06
9  9.768133e+08  -8.129598e+06
10  6.964412e+08  -8.758185e+06
11  7.421729e+08  7.985671e+06
12  6.159711e+08  -3.662324e+05
13  5.069439e+08  5.796179e+06
14  3.767991e+08  -1.165297e+06
15  2.996179e+08  6.554708e+04
16  2.669225e+08  2.452228e+06
17  1.737100e+08  6.452505e+05
18  2.010780e+08  3.113488e+06
19  1.912372e+08  3.959078e+05
20  1.484088e+08  9.356051e+05
21  1.209636e+08  -1.309720e+06
22  7.866542e+07  7.490472e+05
23  6.484429e+07  8.687825e+05
24  6.613332e+07  6.356490e+05
25  5.722916e+07  -4.373335e+05
26  5.401952e+07  -8.090329e+05
27  4.751117e+07  2.160951e+05
28  3.964746e+07  7.681690e+05
29  3.722051e+07  1.287269e+05
30  3.475217e+07  1.057487e+05
31  3.557524e+07  4.747063e+05
32  3.492995e+07  -1.877232e+05
33  3.559542e+07  1.602375e+04
34  3.620692e+07  -2.064449e+05
35  3.897364e+07  1.548532e+05
36  5.329682e+07  -3.773774e+05
37  3.309974e+07  -1.198243e+05
38  4.754869e+07  -3.860736e+05
39  5.405178e+07  1.106210e+06
40  6.274977e+07  2.297678e+05
41  8.186309e+07  9.278880e+05
42  1.278899e+08  1.054789e+06
43  1.206803e+08  1.463497e+06
44  1.098987e+08  9.158587e+05
45  1.415776e+08  6.867838e+05
46  1.713431e+08  2.335406e+05
47  2.074208e+08  1.235702e+06
48  2.357160e+08  1.870198e+06
49  3.755916e+08  1.290653e+06
50  4.258039e+08  -3.743276e+06
51  4.831407e+08  3.328115e+06
52  5.189903e+08  4.437465e+06
53  7.212711e+08  3.482163e+06
54  7.350020e+08  -1.661749e+06
55  8.974645e+08  2.745362e+05
56  1.098373e+09  1.675011e+06
57  1.367937e+09  -7.970706e+06
58  1.602462e+09  -4.992227e+06
59  2.028093e+09  9.188347e+06
60  2.065903e+09  -1.159795e+07
61  2.296040e+09  9.548100e+06
62  3.067475e+09  1.194430e+07
63  4.904783e+09  4.456971e+06
ENDPROP
