STARTPROP
MASSES:  4.200000e-03   4.500000e-02
SOURCE: GAM_1
SINKS: GAM_1
0  1.237046e+06  5.220216e+03
1  1.924541e+06  -3.978822e+04
2  8.984416e+05  -2.306408e+04
3  4.730169e+05  -1.502240e+04
4  2.417106e+05  -7.809654e+03
5  1.216734e+05  -4.144480e+03
6  6.008634e+04  -4.034192e+03
7  2.876344e+04  -2.517085e+03
8  1.357652e+04  -8.876214e+02
9  6.352913e+03  8.908752e+01
10  3.076574e+03  -2.351378e+02
11  2.203337e+03  -6.195868e+02
12  1.755938e+03  -6.944813e+02
13  7.788056e+02  -4.684049e+02
14  1.814340e+02  -4.162468e+02
15  -1.671161e+02  -3.331194e+02
16  -6.440284e+01  -3.543761e+02
17  3.781763e+01  -2.949013e+02
18  2.544065e+01  -1.867998e+02
19  3.606578e+01  -2.843101e+01
20  2.595009e+01  1.561819e+01
21  2.140932e+00  3.106324e+01
22  -9.386162e+00  3.307765e+01
23  -1.199318e+01  1.399424e+01
24  -6.104357e+00  4.052934e+00
25  5.503318e-01  -6.135376e-01
26  1.407320e+00  -6.580208e+00
27  -1.086095e+00  -6.050100e+00
28  -8.607616e-01  -1.293830e+00
29  2.056685e-01  1.464382e+00
30  -4.104503e-01  1.969012e+00
31  -8.913997e-01  2.273738e+00
32  -1.248631e+00  1.142113e+00
33  -2.059988e+00  2.256815e-01
34  -1.753530e+00  7.902528e-02
35  -2.169389e+00  -6.969275e-01
36  -9.415011e-01  -2.870738e+00
37  -2.354861e+00  -4.738574e+00
38  -1.577862e+00  -2.825980e+00
39  1.851088e+00  1.079645e+00
40  7.305725e+00  7.963021e+00
41  1.216542e+00  1.414816e+01
42  1.087874e+01  1.160267e+01
43  1.898731e+01  6.188327e+00
44  4.080962e+01  1.235655e+01
45  4.884240e+01  7.396355e+00
46  2.934101e+01  5.885126e+00
47  1.360974e+01  -3.638852e+01
48  1.247898e+01  -7.840851e+01
49  8.238210e+01  -3.229246e+01
50  1.300518e+02  -1.305677e+02
51  2.402789e+02  -2.834812e+02
52  8.148445e+02  -2.997799e+02
53  2.236377e+03  4.495784e+02
54  4.623571e+03  9.973425e+02
55  8.925921e+03  1.349343e+03
56  1.548661e+04  2.833006e+03
57  3.015461e+04  3.980344e+03
58  5.531372e+04  5.122394e+03
59  1.051035e+05  5.757124e+03
60  2.142126e+05  7.961719e+03
61  4.420947e+05  9.759473e+03
62  8.762711e+05  2.037030e+04
63  1.941154e+06  4.072132e+04
ENDPROP
STARTPROP
MASSES:  4.200000e-03   4.500000e-02
SOURCE: GAM_2
SINKS: GAM_2
0  1.222336e+06  -5.537923e+03
1  1.945627e+06  -4.583365e+04
2  9.192407e+05  -2.786601e+04
3  4.962103e+05  -1.797850e+04
4  2.591287e+05  -1.430656e+04
5  1.276064e+05  -1.238384e+04
6  5.752449e+04  -8.107901e+03
7  2.503420e+04  -5.995211e+03
8  1.246712e+04  -4.639968e+03
9  6.737088e+03  -2.682026e+03
10  4.194582e+03  -1.598525e+03
11  3.369504e+03  -1.252621e+03
12  2.284145e+03  -7.851856e+02
13  1.400957e+03  -2.678507e+02
14  8.450654e+02  2.411562e+01
15  5.242072e+02  5.215112e+01
16  2.439744e+02  7.801428e+01
17  1.493758e+02  1.146643e+02
18  1.291896e+02  8.465860e+01
19  7.650605e+01  -2.331808e+01
20  4.095175e+01  -3.186842e+01
21  1.524241e+01  -2.178362e+01
22  2.814604e+01  -1.112417e+01
23  2.825006e+01  1.365373e+00
24  1.411102e+01  1.016079e+01
25  3.716085e+00  7.883692e+00
26  -2.916161e+00  5.377596e+00
27  -7.601557e+00  8.194677e-01
28  -6.277343e+00  -2.844724e+00
29  -4.661283e+00  -2.305431e+00
30  -3.289873e+00  -1.243371e+00
31  -1.248079e+00  2.758411e-01
32  -1.263911e+00  1.646501e+00
33  -1.373808e+00  1.315497e+00
34  -1.866588e+00  1.632227e+00
35  -1.384454e+00  3.100784e+00
36  -5.841776e-01  3.469510e+00
37  -1.991472e+00  3.334582e+00
38  9.151689e-01  4.286150e+00
39  3.741860e+00  6.728178e+00
40  7.910418e+00  1.839197e+00
41  6.041888e+00  4.215228e+00
42  -1.347581e+00  2.846089e+00
43  -1.814559e+01  2.486908e+01
44  -3.451642e+01  5.316379e+01
45  -6.382679e+01  7.655214e+01
46  -9.815469e+01  1.012271e+02
47  -9.263770e+01  1.608929e+02
48  -7.515738e+01  1.164518e+02
49  9.012649e+01  -1.270744e+02
50  1.153452e+02  -3.982547e+02
51  2.644906e+02  -1.928810e+02
52  1.615930e+03  7.351021e+01
53  3.841673e+03  2.919610e+02
54  5.701305e+03  9.070548e+02
55  8.985678e+03  2.136160e+03
56  1.566836e+04  3.389951e+03
57  2.560339e+04  3.307908e+03
58  5.271437e+04  2.331658e+03
59  1.118055e+05  4.164546e+03
60  2.188373e+05  4.239870e+03
61  4.365843e+05  5.946094e+03
62  8.730820e+05  7.782387e+03
63  1.931598e+06  2.313562e+04
ENDPROP
STARTPROP
MASSES:  4.200000e-03   4.500000e-02
SOURCE: GAM_3
SINKS: GAM_3
0  1.211498e+06  -1.587702e+04
1  1.921645e+06  -5.290181e+04
2  8.889566e+05  -3.691093e+04
3  4.555691e+05  -2.064876e+04
4  2.242040e+05  -7.360920e+03
5  1.071919e+05  -5.046259e+03
6  4.752200e+04  8.205542e+02
7  2.127982e+04  3.593013e+03
8  1.029185e+04  4.527087e+03
9  4.998878e+03  1.992641e+03
10  2.339953e+03  9.339605e+02
11  1.548725e+03  7.067033e+02
12  1.084051e+03  6.365807e+02
13  6.487330e+02  5.210664e+02
14  4.081763e+02  2.594703e+02
15  3.474517e+02  7.434713e+01
16  2.711045e+02  -1.073586e+02
17  1.510009e+02  -8.721020e+01
18  1.297270e+02  -7.213341e+01
19  1.441561e+02  -5.942524e+01
20  1.256365e+02  -4.084141e+01
21  8.119155e+01  -3.004041e+01
22  4.366581e+01  -2.767836e+01
23  3.464637e+01  -2.968808e+01
24  2.223459e+01  -2.015901e+01
25  1.799256e+01  -7.271664e+00
26  6.428128e+00  -4.651958e+00
27  3.905234e+00  -1.586850e+00
28  9.725551e-01  -3.909356e-01
29  -2.117449e-01  6.092023e-01
30  -1.875600e+00  7.939364e-01
31  -1.887220e+00  1.608111e+00
32  -1.946965e+00  2.388438e+00
33  -1.087192e+00  2.100987e+00
34  2.260791e-02  1.294086e+00
35  -4.063169e-01  1.358676e+00
36  -2.526941e-01  -1.036774e+00
37  -9.192965e-02  -2.721558e+00
38  -6.401712e+00  -5.707939e+00
39  -1.641982e+01  -1.043079e+01
40  -2.962599e+01  -1.457968e+01
41  -4.605314e+01  -2.231173e+01
42  -6.080239e+01  -2.729093e+01
43  -5.635831e+01  -1.807515e+01
44  -7.913729e+01  -1.912766e+01
45  -5.810190e+01  -2.742998e+01
46  -1.361431e+02  -5.244247e+01
47  -2.572927e+02  -6.343891e+01
48  -3.328250e+02  -7.852983e+01
49  -4.709654e+02  -1.141022e+02
50  -5.734052e+02  -2.334735e+02
51  -4.448504e+02  -4.513262e+02
52  -1.504525e+02  -3.496153e+02
53  1.234398e+02  -3.401551e+02
54  1.940684e+03  3.934738e+01
55  5.936503e+03  1.524713e+03
56  1.159998e+04  4.163888e+03
57  2.390876e+04  4.864656e+03
58  4.692607e+04  1.664456e+03
59  1.048649e+05  -1.657142e+03
60  2.088478e+05  -1.994732e+03
61  4.316415e+05  -1.639577e+03
62  8.629505e+05  1.100096e+03
63  1.925966e+06  1.544115e+04
ENDPROP
STARTPROP
MASSES:  4.200000e-03   4.500000e-02
SOURCE: GAM_4
SINKS: GAM_4
0  2.114121e+06  3.836372e+03
1  -2.937311e+05  4.330613e+04
2  -1.230302e+04  2.354174e+04
3  -4.848086e+03  1.258159e+04
4  -1.210233e+03  4.606414e+03
5  -2.372483e+03  4.000343e+02
6  -3.124373e+03  9.031755e+02
7  -1.553270e+03  1.124012e+03
8  -7.132397e+02  2.912914e+02
9  -4.399092e+02  -2.813408e+02
10  -3.812165e+02  -7.202718e+00
11  7.968342e+01  -5.026959e+01
12  -2.212987e+01  -2.094045e+02
13  -2.662785e+01  -1.084678e+02
14  3.015705e+01  -2.352865e+00
15  1.462497e+01  -3.470899e+01
16  3.414365e+00  -4.124348e+01
17  5.633285e+00  -7.094106e+01
18  4.936281e+00  -4.742107e+01
19  1.049405e+01  -2.925325e+01
20  1.365348e+01  -7.514108e+00
21  1.294680e+01  -9.114427e-01
22  7.058560e+00  2.329446e+00
23  3.316430e+00  6.121198e+00
24  3.631132e+00  5.335578e+00
25  2.821960e+00  4.187358e+00
26  3.895313e+00  3.829902e+00
27  2.531437e+00  3.328967e+00
28  1.342469e+00  2.849451e+00
29  7.620458e-01  2.911322e+00
30  7.652969e-02  2.309868e+00
31  2.449958e-01  1.671343e+00
32  2.647201e-01  1.449044e+00
33  -8.664105e-02  1.811183e+00
34  -6.795377e-01  1.613675e+00
35  -1.562981e+00  2.385157e+00
36  -2.562773e+00  2.177724e+00
37  -2.605270e+00  3.104974e+00
38  -7.844321e-01  1.701936e+00
39  -1.150985e+00  1.236314e+00
40  -1.562795e+00  2.155366e+00
41  -6.003526e-01  -2.015510e+00
42  -1.247625e+00  -3.885491e+00
43  -5.358133e+00  1.692371e-01
44  -7.409749e+00  1.060964e+01
45  -8.769897e+00  1.591816e+01
46  -1.793072e+01  2.916260e+01
47  -2.443370e+01  4.938736e+01
48  -2.798005e+01  5.762831e+01
49  -3.841181e+01  1.634870e+02
50  -3.119400e+01  2.078304e+02
51  7.017011e+01  3.417857e+02
52  6.591234e+01  3.860710e+02
53  4.823261e+01  6.957630e+02
54  5.199052e+01  9.535370e+02
55  3.422865e+02  1.324355e+03
56  3.610368e+02  1.642615e+03
57  9.784771e+02  2.313848e+03
58  1.127337e+03  1.030106e+03
59  1.884478e+03  -1.992788e+03
60  3.055299e+03  -6.047219e+03
61  6.525982e+02  -9.885633e+03
62  -7.363608e+03  -2.103386e+04
63  -2.870671e+05  -3.553129e+04
ENDPROP
STARTPROP
MASSES:  4.200000e-03   4.500000e-02
SOURCE: GAM_5
SINKS: GAM_5
0  7.029766e+06  4.237701e+04
1  6.826025e+06  -2.452444e+04
2  4.754034e+06  -9.455433e+03
3  3.421780e+06  -2.027400e+04
4  2.374793e+06  -3.522979e+04
5  1.626179e+06  -3.333036e+04
6  1.122331e+06  -3.202151e+04
7  7.663193e+05  -2.478416e+04
8  5.172377e+05  -1.716562e+04
9  3.471536e+05  -1.229603e+04
10  2.359920e+05  -7.953080e+03
11  1.623918e+05  -5.038658e+03
12  1.132672e+05  -4.116036e+03
13  7.889504e+04  -3.465274e+03
14  5.502888e+04  -2.669446e+03
15  3.849548e+04  -1.901509e+03
16  2.690696e+04  -1.530014e+03
17  1.860090e+04  -1.215052e+03
18  1.312147e+04  -9.398419e+02
19  9.125852e+03  -6.111897e+02
20  6.330832e+03  -4.308675e+02
21  4.277093e+03  -2.859502e+02
22  2.876470e+03  -1.562798e+02
23  1.948218e+03  -6.411908e+01
24  1.306089e+03  -9.114039e+00
25  9.016730e+02  -1.446256e+00
26  6.223184e+02  -2.109653e+00
27  4.297356e+02  4.113602e+00
28  2.984246e+02  3.594695e+00
29  2.169655e+02  -3.924321e-02
30  1.631396e+02  -1.021213e+00
31  1.292607e+02  -4.138014e+00
32  1.121722e+02  -6.775320e+00
33  1.142377e+02  -8.408833e+00
34  1.288896e+02  -9.808071e+00
35  1.625080e+02  -1.413946e+01
36  2.213089e+02  -1.754661e+01
37  3.209937e+02  -1.831170e+01
38  4.766795e+02  -3.495638e+01
39  7.051745e+02  -5.541957e+01
40  1.032933e+03  -6.562215e+01
41  1.511427e+03  -6.965260e+01
42  2.224941e+03  -6.609422e+01
43  3.273621e+03  -5.110687e+01
44  4.914128e+03  -4.401005e+01
45  7.407764e+03  1.755072e+00
46  1.129071e+04  9.022390e+01
47  1.696670e+04  2.342599e+02
48  2.467349e+04  6.952034e+02
49  3.527208e+04  7.982367e+02
50  5.012991e+04  4.618146e+02
51  7.139118e+04  2.693353e+02
52  1.031590e+05  9.628387e+02
53  1.476010e+05  9.160875e+02
54  2.174168e+05  3.136405e+02
55  3.335063e+05  4.573690e+02
56  4.963514e+05  5.020205e+03
57  7.347778e+05  8.989282e+03
58  1.072389e+06  5.661523e+03
59  1.534617e+06  7.038221e+03
60  2.232609e+06  1.565358e+04
61  3.286993e+06  2.269434e+04
62  4.813871e+06  4.746207e+04
63  7.013018e+06  7.866987e+04
ENDPROP
STARTPROP
MASSES:  4.200000e-03   4.500000e-02
SOURCE: GAM_12
SINKS: GAM_12
0  8.065826e+05  8.630019e+03
1  -7.059415e+05  4.611714e+04
2  -1.984720e+05  2.591180e+04
3  -8.465398e+04  1.384445e+04
4  -2.875244e+04  1.003902e+04
5  -1.009194e+04  7.066011e+03
6  -7.041578e+02  2.971348e+03
7  1.834207e+03  1.613517e+03
8  5.685268e+02  2.271516e+03
9  6.211578e+02  1.387422e+03
10  8.676081e+02  1.020373e+03
11  2.943946e+02  9.818017e+02
12  -2.533781e+01  5.528252e+02
13  8.165764e+01  2.741986e+02
14  8.706187e+01  9.745026e+01
15  4.364222e+01  6.039016e+01
16  5.992825e+00  5.504961e+01
17  4.695296e+01  1.935596e+01
18  4.746609e+01  2.545802e+00
19  6.359652e+01  2.645108e+01
20  3.412714e+01  -5.447552e+00
21  1.619949e+01  -9.745716e+00
22  1.011712e+01  -1.162379e+01
23  8.340858e+00  -7.307830e+00
24  -1.529933e+00  -1.573031e+00
25  -4.470088e+00  -1.505467e+00
26  -3.040976e+00  -2.524449e+00
27  -2.000569e+00  -1.190171e+00
28  -3.387366e+00  -3.277901e-01
29  -2.651419e+00  -6.674323e-01
30  -6.901160e-01  -7.851329e-01
31  7.686936e-02  -4.806054e-01
32  7.665705e-02  -2.443209e-01
33  1.025069e-01  -3.173047e-01
34  2.407636e-01  8.673796e-01
35  8.661962e-01  2.167474e+00
36  2.196174e+00  3.261235e+00
37  3.469551e+00  6.540525e+00
38  2.974349e+00  9.512658e+00
39  4.085080e+00  1.467789e+01
40  1.994868e+00  2.398676e+01
41  -6.563998e+00  3.325302e+01
42  -3.748516e+00  3.501290e+01
43  -1.322943e+00  2.912453e+01
44  1.412435e+01  1.988899e+01
45  4.490687e+01  -3.171962e+01
46  1.204286e+01  -1.080635e+02
47  7.771983e+01  -1.547176e+02
48  1.395688e+02  -8.422467e+01
49  9.888707e+01  -1.289100e+01
50  1.187141e+02  -3.009360e+01
51  2.305214e+02  -2.776802e+02
52  3.444856e+02  -6.930654e+02
53  -5.174556e+00  -1.343243e+03
54  3.269923e+02  -1.473121e+03
55  4.642437e+02  -1.232344e+03
56  3.620142e+01  -1.034823e+03
57  -1.503428e+03  3.666362e+01
58  -4.751510e+03  2.304947e+03
59  -1.299255e+04  3.570704e+03
60  -2.453247e+04  2.247693e+03
61  -5.697275e+04  4.397334e+03
62  -1.644636e+05  -8.626718e+02
63  -7.014423e+05  -1.617635e+04
ENDPROP
STARTPROP
MASSES:  4.200000e-03   4.500000e-02
SOURCE: GAM_21
SINKS: GAM_21
0  8.065826e+05  8.630019e+03
1  -7.059415e+05  4.611714e+04
2  -1.984720e+05  2.591180e+04
3  -8.465398e+04  1.384445e+04
4  -2.875244e+04  1.003902e+04
5  -1.009194e+04  7.066011e+03
6  -7.041578e+02  2.971348e+03
7  1.834207e+03  1.613517e+03
8  5.685268e+02  2.271516e+03
9  6.211578e+02  1.387422e+03
10  8.676081e+02  1.020373e+03
11  2.943946e+02  9.818017e+02
12  -2.533781e+01  5.528252e+02
13  8.165764e+01  2.741986e+02
14  8.706187e+01  9.745026e+01
15  4.364222e+01  6.039016e+01
16  5.992825e+00  5.504961e+01
17  4.695296e+01  1.935596e+01
18  4.746609e+01  2.545802e+00
19  6.359652e+01  2.645108e+01
20  3.412714e+01  -5.447552e+00
21  1.619949e+01  -9.745716e+00
22  1.011712e+01  -1.162379e+01
23  8.340858e+00  -7.307830e+00
24  -1.529933e+00  -1.573031e+00
25  -4.470088e+00  -1.505467e+00
26  -3.040976e+00  -2.524449e+00
27  -2.000569e+00  -1.190171e+00
28  -3.387366e+00  -3.277901e-01
29  -2.651419e+00  -6.674323e-01
30  -6.901160e-01  -7.851329e-01
31  7.686936e-02  -4.806054e-01
32  7.665705e-02  -2.443209e-01
33  1.025069e-01  -3.173047e-01
34  2.407636e-01  8.673796e-01
35  8.661962e-01  2.167474e+00
36  2.196174e+00  3.261235e+00
37  3.469551e+00  6.540525e+00
38  2.974349e+00  9.512658e+00
39  4.085080e+00  1.467789e+01
40  1.994868e+00  2.398676e+01
41  -6.563998e+00  3.325302e+01
42  -3.748516e+00  3.501290e+01
43  -1.322943e+00  2.912453e+01
44  1.412435e+01  1.988899e+01
45  4.490687e+01  -3.171962e+01
46  1.204286e+01  -1.080635e+02
47  7.771983e+01  -1.547176e+02
48  1.395688e+02  -8.422467e+01
49  9.888707e+01  -1.289100e+01
50  1.187141e+02  -3.009360e+01
51  2.305214e+02  -2.776802e+02
52  3.444856e+02  -6.930654e+02
53  -5.174556e+00  -1.343243e+03
54  3.269923e+02  -1.473121e+03
55  4.642437e+02  -1.232344e+03
56  3.620142e+01  -1.034823e+03
57  -1.503428e+03  3.666362e+01
58  -4.751510e+03  2.304947e+03
59  -1.299255e+04  3.570704e+03
60  -2.453247e+04  2.247693e+03
61  -5.697275e+04  4.397334e+03
62  -1.644636e+05  -8.626718e+02
63  -7.014423e+05  -1.617635e+04
ENDPROP
STARTPROP
MASSES:  4.200000e-03   4.500000e-02
SOURCE: GAM_13
SINKS: GAM_13
0  7.771786e+05  1.089101e+03
1  -7.312817e+05  3.791324e+04
2  -1.972368e+05  1.483159e+04
3  -8.583217e+04  4.388757e+03
4  -3.191374e+04  1.698650e+03
5  -7.754877e+03  1.316794e+03
6  8.427816e+02  1.270769e+03
7  1.860693e+02  1.823617e+03
8  -6.127261e+02  4.955642e+02
9  -1.951114e+02  1.159691e+02
10  2.217368e+02  -1.530716e+02
11  6.126069e+01  -1.624789e+02
12  8.985926e+01  4.978783e+01
13  -8.554247e+01  2.102604e+02
14  -1.359141e+02  9.173974e+01
15  -1.176907e+02  1.821746e+01
16  -1.418562e+01  7.331220e+01
17  2.280854e+01  1.956418e+01
18  2.837878e+01  4.517719e+01
19  4.531270e+01  3.439767e+01
20  -2.589506e+00  2.555393e+01
21  7.251798e-01  4.882941e+00
22  -6.215425e-01  -4.822770e-01
23  -8.402999e+00  -7.770035e-02
24  -8.388187e+00  -2.801849e-01
25  -4.067196e+00  3.547952e+00
26  -3.498816e+00  2.326685e+00
27  -2.379736e+00  -2.840795e-01
28  -9.235604e-01  4.999649e-01
29  -1.477042e+00  -2.810840e-01
30  -1.116204e+00  1.590511e-01
31  -4.110450e-01  3.228430e-01
32  3.008338e-02  4.968610e-01
33  7.120172e-01  1.871687e-01
34  2.782920e-01  5.087187e-01
35  -5.934564e-01  7.705835e-01
36  -2.104706e+00  5.262647e-01
37  -2.456774e+00  2.193925e+00
38  2.682784e+00  2.804755e+00
39  4.542246e+00  -2.218012e+00
40  4.364856e+00  -5.988386e+00
41  -9.179555e-01  -2.634840e+00
42  -6.102411e+00  5.184686e+00
43  3.137922e+00  -2.856252e+00
44  3.779162e+01  -1.538600e+01
45  7.015668e+01  -1.312684e+01
46  3.222151e+01  -1.802965e+01
47  -1.218413e+01  3.517186e+01
48  -5.297390e+00  1.425189e+02
49  4.823895e+01  1.727209e+02
50  2.794730e+01  3.168049e+02
51  -2.492002e+02  1.501249e+02
52  -7.212454e+01  8.973353e+01
53  -1.980775e+02  5.466844e+02
54  1.078885e+02  1.080242e+03
55  5.744610e+01  2.585144e+03
56  1.416378e+03  3.964980e+03
57  1.339474e+03  6.047073e+03
58  1.734571e+03  6.335263e+03
59  3.522045e+03  3.198841e+03
60  -8.662816e+03  2.444345e+02
61  -4.981144e+04  -3.259711e+03
62  -1.757772e+05  -1.097678e+04
63  -7.213930e+05  -2.957264e+04
ENDPROP
STARTPROP
MASSES:  4.200000e-03   4.500000e-02
SOURCE: GAM_31
SINKS: GAM_31
0  7.771786e+05  1.089101e+03
1  -7.312817e+05  3.791324e+04
2  -1.972368e+05  1.483159e+04
3  -8.583217e+04  4.388757e+03
4  -3.191374e+04  1.698650e+03
5  -7.754877e+03  1.316794e+03
6  8.427816e+02  1.270769e+03
7  1.860693e+02  1.823617e+03
8  -6.127261e+02  4.955642e+02
9  -1.951114e+02  1.159691e+02
10  2.217368e+02  -1.530716e+02
11  6.126069e+01  -1.624789e+02
12  8.985926e+01  4.978783e+01
13  -8.554247e+01  2.102604e+02
14  -1.359141e+02  9.173974e+01
15  -1.176907e+02  1.821746e+01
16  -1.418562e+01  7.331220e+01
17  2.280854e+01  1.956418e+01
18  2.837878e+01  4.517719e+01
19  4.531270e+01  3.439767e+01
20  -2.589506e+00  2.555393e+01
21  7.251798e-01  4.882941e+00
22  -6.215425e-01  -4.822770e-01
23  -8.402999e+00  -7.770035e-02
24  -8.388187e+00  -2.801849e-01
25  -4.067196e+00  3.547952e+00
26  -3.498816e+00  2.326685e+00
27  -2.379736e+00  -2.840795e-01
28  -9.235604e-01  4.999649e-01
29  -1.477042e+00  -2.810840e-01
30  -1.116204e+00  1.590511e-01
31  -4.110450e-01  3.228430e-01
32  3.008338e-02  4.968610e-01
33  7.120172e-01  1.871687e-01
34  2.782920e-01  5.087187e-01
35  -5.934564e-01  7.705835e-01
36  -2.104706e+00  5.262647e-01
37  -2.456774e+00  2.193925e+00
38  2.682784e+00  2.804755e+00
39  4.542246e+00  -2.218012e+00
40  4.364856e+00  -5.988386e+00
41  -9.179555e-01  -2.634840e+00
42  -6.102411e+00  5.184686e+00
43  3.137922e+00  -2.856252e+00
44  3.779162e+01  -1.538600e+01
45  7.015668e+01  -1.312684e+01
46  3.222151e+01  -1.802965e+01
47  -1.218413e+01  3.517186e+01
48  -5.297390e+00  1.425189e+02
49  4.823895e+01  1.727209e+02
50  2.794730e+01  3.168049e+02
51  -2.492002e+02  1.501249e+02
52  -7.212454e+01  8.973353e+01
53  -1.980775e+02  5.466844e+02
54  1.078885e+02  1.080242e+03
55  5.744610e+01  2.585144e+03
56  1.416378e+03  3.964980e+03
57  1.339474e+03  6.047073e+03
58  1.734571e+03  6.335263e+03
59  3.522045e+03  3.198841e+03
60  -8.662816e+03  2.444345e+02
61  -4.981144e+04  -3.259711e+03
62  -1.757772e+05  -1.097678e+04
63  -7.213930e+05  -2.957264e+04
ENDPROP
STARTPROP
MASSES:  4.200000e-03   4.500000e-02
SOURCE: GAM_14
SINKS: GAM_14
0  3.717086e+03  8.453863e+03
1  1.318790e+06  -3.145368e+04
2  5.561309e+05  -7.034514e+03
3  2.982592e+05  4.895237e+03
4  1.479388e+05  6.225607e+03
5  7.421060e+04  4.240517e+03
6  3.799239e+04  1.968830e+03
7  1.835059e+04  8.808089e+02
8  9.844476e+03  -1.125172e+03
9  3.605334e+03  -1.678433e+03
10  1.580485e+03  -8.743057e+02
11  1.450177e+03  -5.212870e+02
12  8.763026e+02  -1.106387e+03
13  2.373778e+02  -8.675599e+02
14  7.042863e+01  -5.355124e+02
15  -2.360052e+02  -3.617283e+02
16  -2.404861e+02  -1.582876e+02
17  -1.339637e+02  -1.171882e+02
18  -8.009837e+01  -1.104876e+02
19  -4.076446e+01  -7.702672e+01
20  -7.460204e+00  -5.589291e+01
21  9.170533e+00  -3.581981e+01
22  -9.091578e+00  -1.188931e+01
23  -2.212151e+01  -3.141757e+00
24  -1.265898e+01  -9.636891e-01
25  -2.484362e+00  -4.590612e+00
26  7.533570e-01  -4.824072e+00
27  4.677512e+00  -2.679518e+00
28  3.171785e+00  -1.948721e+00
29  1.700400e+00  7.011948e-01
30  1.017827e+00  7.991717e-01
31  8.957792e-01  2.704019e-01
32  7.297459e-01  -9.167691e-01
33  3.144128e-01  -1.484076e+00
34  7.295089e-01  -1.179068e+00
35  1.680289e+00  -1.039142e+00
36  -1.325011e+00  -8.165677e-01
37  -3.097229e+00  -7.487335e-01
38  -1.369468e+00  7.084078e-02
39  -1.122963e+00  -3.036754e+00
40  1.602916e+00  -4.313129e+00
41  -1.218122e-01  -1.209824e+01
42  5.108096e+00  -2.195131e+01
43  8.579879e+00  -1.488501e+01
44  2.280054e+01  7.925091e+00
45  8.677892e+00  3.183162e+01
46  7.524780e+00  4.925013e+01
47  -3.908546e+01  -1.316988e+01
48  -1.302069e+02  -1.375420e+02
49  -2.287900e+02  -3.691336e+02
50  -3.871040e+02  -3.569965e+02
51  -5.735087e+02  -2.651104e+02
52  -6.128952e+02  -3.416986e+02
53  -1.982474e+02  -5.062221e+02
54  7.464292e+02  -7.825431e+02
55  2.927494e+03  -3.166394e+02
56  6.751703e+03  8.327656e+02
57  1.416403e+04  1.924328e+03
58  3.300253e+04  2.907856e+03
59  7.360934e+04  2.555939e+03
60  1.331159e+05  7.306146e+03
61  2.632579e+05  1.082525e+04
62  5.275495e+05  1.752174e+04
63  1.312552e+06  3.987744e+04
ENDPROP
STARTPROP
MASSES:  4.200000e-03   4.500000e-02
SOURCE: GAM_41
SINKS: GAM_41
0  3.717086e+03  8.453863e+03
1  1.318790e+06  -3.145368e+04
2  5.561309e+05  -7.034514e+03
3  2.982592e+05  4.895237e+03
4  1.479388e+05  6.225607e+03
5  7.421060e+04  4.240517e+03
6  3.799239e+04  1.968830e+03
7  1.835059e+04  8.808089e+02
8  9.844476e+03  -1.125172e+03
9  3.605334e+03  -1.678433e+03
10  1.580485e+03  -8.743057e+02
11  1.450177e+03  -5.212870e+02
12  8.763026e+02  -1.106387e+03
13  2.373778e+02  -8.675599e+02
14  7.042863e+01  -5.355124e+02
15  -2.360052e+02  -3.617283e+02
16  -2.404861e+02  -1.582876e+02
17  -1.339637e+02  -1.171882e+02
18  -8.009837e+01  -1.104876e+02
19  -4.076446e+01  -7.702672e+01
20  -7.460204e+00  -5.589291e+01
21  9.170533e+00  -3.581981e+01
22  -9.091578e+00  -1.188931e+01
23  -2.212151e+01  -3.141757e+00
24  -1.265898e+01  -9.636891e-01
25  -2.484362e+00  -4.590612e+00
26  7.533570e-01  -4.824072e+00
27  4.677512e+00  -2.679518e+00
28  3.171785e+00  -1.948721e+00
29  1.700400e+00  7.011948e-01
30  1.017827e+00  7.991717e-01
31  8.957792e-01  2.704019e-01
32  7.297459e-01  -9.167691e-01
33  3.144128e-01  -1.484076e+00
34  7.295089e-01  -1.179068e+00
35  1.680289e+00  -1.039142e+00
36  -1.325011e+00  -8.165677e-01
37  -3.097229e+00  -7.487335e-01
38  -1.369468e+00  7.084078e-02
39  -1.122963e+00  -3.036754e+00
40  1.602916e+00  -4.313129e+00
41  -1.218122e-01  -1.209824e+01
42  5.108096e+00  -2.195131e+01
43  8.579879e+00  -1.488501e+01
44  2.280054e+01  7.925091e+00
45  8.677892e+00  3.183162e+01
46  7.524780e+00  4.925013e+01
47  -3.908546e+01  -1.316988e+01
48  -1.302069e+02  -1.375420e+02
49  -2.287900e+02  -3.691336e+02
50  -3.871040e+02  -3.569965e+02
51  -5.735087e+02  -2.651104e+02
52  -6.128952e+02  -3.416986e+02
53  -1.982474e+02  -5.062221e+02
54  7.464292e+02  -7.825431e+02
55  2.927494e+03  -3.166394e+02
56  6.751703e+03  8.327656e+02
57  1.416403e+04  1.924328e+03
58  3.300253e+04  2.907856e+03
59  7.360934e+04  2.555939e+03
60  1.331159e+05  7.306146e+03
61  2.632579e+05  1.082525e+04
62  5.275495e+05  1.752174e+04
63  1.312552e+06  3.987744e+04
ENDPROP
STARTPROP
MASSES:  4.200000e-03   4.500000e-02
SOURCE: GAM_23
SINKS: GAM_23
0  8.307406e+05  -5.443906e+03
1  -7.098863e+05  4.034186e+04
2  -1.924528e+05  2.138512e+04
3  -8.315393e+04  1.526684e+04
4  -3.292382e+04  7.120116e+03
5  -1.333190e+04  9.720084e+02
6  -6.280021e+03  5.993138e+02
7  -4.166165e+03  9.587848e+01
8  -1.430512e+03  -1.052936e+03
9  -6.889139e+02  -4.326517e+02
10  -4.843132e+02  5.498747e+01
11  7.948722e+01  -6.622270e+01
12  1.317679e+02  1.789052e+02
13  -1.457762e+02  3.390436e+02
14  -1.916539e+02  2.208840e+02
15  -2.302024e+02  1.065040e+02
16  -2.342122e+02  1.047834e+02
17  -1.497839e+02  1.116730e+02
18  -1.265830e+02  9.462219e+01
19  -8.825103e+01  5.041161e+01
20  -3.452044e+01  2.531189e+00
21  -6.633988e+00  -9.606499e+00
22  3.045351e+00  -1.516777e+01
23  3.508663e+00  -8.768244e+00
24  3.064735e+00  1.172892e-01
25  4.490049e+00  -1.109758e-01
26  2.864839e+00  2.753607e+00
27  1.231512e+00  -2.909249e-01
28  6.831828e-02  -7.722930e-01
29  -1.285175e+00  -6.973475e-01
30  -1.428457e+00  -6.873035e-02
31  -1.539825e+00  6.389578e-01
32  -1.492477e+00  9.153428e-01
33  -1.172897e+00  1.653134e+00
34  -1.179366e+00  2.051863e+00
35  -1.931070e+00  2.298952e+00
36  -4.247334e+00  2.700542e+00
37  -5.264770e+00  2.562625e+00
38  -5.424462e+00  5.675487e+00
39  -7.630063e+00  6.944897e+00
40  -8.984767e+00  6.571096e+00
41  -1.344269e+01  6.777801e+00
42  -8.902875e+00  1.091125e+00
43  -1.268155e+01  -3.618285e+00
44  8.200830e+00  -1.057332e+01
45  3.681177e+01  -7.897505e+00
46  2.736822e+01  1.060353e+01
47  -3.734747e+01  8.731802e+00
48  -1.478045e+02  -1.129194e+02
49  -2.452692e+02  -1.668537e+02
50  -5.306447e+02  -2.066781e+02
51  -7.294837e+02  -8.643729e+01
52  -9.326640e+02  -2.758241e+02
53  -1.165464e+03  -7.559723e+02
54  -1.106192e+03  -9.582388e+02
55  -1.224194e+03  -9.070157e+02
56  7.713572e+02  -1.406899e+03
57  2.661380e+03  -1.078427e+03
58  1.982810e+03  -8.414695e+02
59  -3.726360e+03  -1.616828e+02
60  -1.436642e+04  -1.412024e+03
61  -4.385530e+04  -2.822224e+03
62  -1.527750e+05  -1.529586e+04
63  -6.892760e+05  -4.131632e+04
ENDPROP
STARTPROP
MASSES:  4.200000e-03   4.500000e-02
SOURCE: GAM_32
SINKS: GAM_32
0  8.307406e+05  -5.443906e+03
1  -7.098863e+05  4.034186e+04
2  -1.924528e+05  2.138512e+04
3  -8.315393e+04  1.526684e+04
4  -3.292382e+04  7.120116e+03
5  -1.333190e+04  9.720084e+02
6  -6.280021e+03  5.993138e+02
7  -4.166165e+03  9.587848e+01
8  -1.430512e+03  -1.052936e+03
9  -6.889139e+02  -4.326517e+02
10  -4.843132e+02  5.498747e+01
11  7.948722e+01  -6.622270e+01
12  1.317679e+02  1.789052e+02
13  -1.457762e+02  3.390436e+02
14  -1.916539e+02  2.208840e+02
15  -2.302024e+02  1.065040e+02
16  -2.342122e+02  1.047834e+02
17  -1.497839e+02  1.116730e+02
18  -1.265830e+02  9.462219e+01
19  -8.825103e+01  5.041161e+01
20  -3.452044e+01  2.531189e+00
21  -6.633988e+00  -9.606499e+00
22  3.045351e+00  -1.516777e+01
23  3.508663e+00  -8.768244e+00
24  3.064735e+00  1.172892e-01
25  4.490049e+00  -1.109758e-01
26  2.864839e+00  2.753607e+00
27  1.231512e+00  -2.909249e-01
28  6.831828e-02  -7.722930e-01
29  -1.285175e+00  -6.973475e-01
30  -1.428457e+00  -6.873035e-02
31  -1.539825e+00  6.389578e-01
32  -1.492477e+00  9.153428e-01
33  -1.172897e+00  1.653134e+00
34  -1.179366e+00  2.051863e+00
35  -1.931070e+00  2.298952e+00
36  -4.247334e+00  2.700542e+00
37  -5.264770e+00  2.562625e+00
38  -5.424462e+00  5.675487e+00
39  -7.630063e+00  6.944897e+00
40  -8.984767e+00  6.571096e+00
41  -1.344269e+01  6.777801e+00
42  -8.902875e+00  1.091125e+00
43  -1.268155e+01  -3.618285e+00
44  8.200830e+00  -1.057332e+01
45  3.681177e+01  -7.897505e+00
46  2.736822e+01  1.060353e+01
47  -3.734747e+01  8.731802e+00
48  -1.478045e+02  -1.129194e+02
49  -2.452692e+02  -1.668537e+02
50  -5.306447e+02  -2.066781e+02
51  -7.294837e+02  -8.643729e+01
52  -9.326640e+02  -2.758241e+02
53  -1.165464e+03  -7.559723e+02
54  -1.106192e+03  -9.582388e+02
55  -1.224194e+03  -9.070157e+02
56  7.713572e+02  -1.406899e+03
57  2.661380e+03  -1.078427e+03
58  1.982810e+03  -8.414695e+02
59  -3.726360e+03  -1.616828e+02
60  -1.436642e+04  -1.412024e+03
61  -4.385530e+04  -2.822224e+03
62  -1.527750e+05  -1.529586e+04
63  -6.892760e+05  -4.131632e+04
ENDPROP
STARTPROP
MASSES:  4.200000e-03   4.500000e-02
SOURCE: GAM_24
SINKS: GAM_24
0  2.188661e+04  1.186909e+03
1  1.329306e+06  -2.787780e+04
2  5.780102e+05  -2.062036e+04
3  3.112512e+05  -9.522304e+03
4  1.645709e+05  -1.719841e+03
5  8.046312e+04  -1.874071e+03
6  3.388796e+04  -2.430859e+03
7  1.496100e+04  -2.034024e+03
8  8.228476e+03  -7.173314e+02
9  3.748818e+03  -1.380539e+03
10  1.870995e+03  -1.582576e+03
11  1.232808e+03  -1.059946e+03
12  6.802326e+02  -8.729053e+02
13  4.623261e+02  -4.456379e+02
14  1.350223e+02  -2.768663e+02
15  -7.634303e+01  -2.172363e+02
16  -8.110312e+01  -5.337875e+01
17  -6.890389e+01  -1.098871e+02
18  -7.773690e+01  -1.270739e+02
19  -6.723602e+01  -3.591342e+01
20  -6.135903e+01  -4.058870e+01
21  -3.606730e+01  -4.105077e+01
22  -1.258112e+01  -2.639173e+01
23  2.284146e-01  -5.483238e+00
24  -2.257694e+00  6.145920e+00
25  -2.181505e-01  5.965018e+00
26  1.906849e+00  4.442274e+00
27  7.327728e-01  1.787435e+00
28  -1.002593e+00  -1.967746e-01
29  -3.298379e-01  8.365124e-01
30  -1.139124e+00  7.044448e-01
31  -9.543267e-01  3.705724e-01
32  -5.669077e-01  -2.124690e-01
33  -1.104391e-01  1.310677e-01
34  -9.788437e-01  7.008466e-01
35  -1.244655e+00  2.175435e-01
36  -8.879997e-01  -1.650389e+00
37  3.137206e+00  -4.192567e+00
38  5.440417e+00  -5.920350e+00
39  8.022136e+00  -3.138491e+00
40  1.422413e+01  -3.482557e+00
41  1.450665e+01  -1.095252e+01
42  1.874229e+01  -1.610540e+01
43  2.773454e+01  -4.160102e+00
44  2.538934e+01  1.933625e+01
45  -2.130813e+01  -1.394964e+01
46  -5.268792e+01  -4.956818e+01
47  -6.573904e+01  -9.643073e+01
48  -7.489417e+01  -6.833219e+01
49  8.126046e+01  -7.036032e+01
50  1.937931e+02  -1.352325e+02
51  4.816397e+02  -5.812511e+01
52  6.396878e+02  1.630155e+02
53  1.093029e+03  4.314513e+02
54  1.606601e+03  3.708318e+02
55  2.720622e+03  3.274776e+02
56  5.264689e+03  1.442814e+03
57  1.134098e+04  1.487790e+03
58  2.600254e+04  7.463304e+02
59  6.401720e+04  -3.299445e+02
60  1.317616e+05  -1.815579e+03
61  2.615251e+05  -3.965928e+01
62  5.266975e+05  8.706250e+03
63  1.312571e+06  2.877593e+04
ENDPROP
STARTPROP
MASSES:  4.200000e-03   4.500000e-02
SOURCE: GAM_42
SINKS: GAM_42
0  2.188661e+04  1.186909e+03
1  1.329306e+06  -2.787780e+04
2  5.780102e+05  -2.062036e+04
3  3.112512e+05  -9.522304e+03
4  1.645709e+05  -1.719841e+03
5  8.046312e+04  -1.874071e+03
6  3.388796e+04  -2.430859e+03
7  1.496100e+04  -2.034024e+03
8  8.228476e+03  -7.173314e+02
9  3.748818e+03  -1.380539e+03
10  1.870995e+03  -1.582576e+03
11  1.232808e+03  -1.059946e+03
12  6.802326e+02  -8.729053e+02
13  4.623261e+02  -4.456379e+02
14  1.350223e+02  -2.768663e+02
15  -7.634303e+01  -2.172363e+02
16  -8.110312e+01  -5.337875e+01
17  -6.890389e+01  -1.098871e+02
18  -7.773690e+01  -1.270739e+02
19  -6.723602e+01  -3.591342e+01
20  -6.135903e+01  -4.058870e+01
21  -3.606730e+01  -4.105077e+01
22  -1.258112e+01  -2.639173e+01
23  2.284146e-01  -5.483238e+00
24  -2.257694e+00  6.145920e+00
25  -2.181505e-01  5.965018e+00
26  1.906849e+00  4.442274e+00
27  7.327728e-01  1.787435e+00
28  -1.002593e+00  -1.967746e-01
29  -3.298379e-01  8.365124e-01
30  -1.139124e+00  7.044448e-01
31  -9.543267e-01  3.705724e-01
32  -5.669077e-01  -2.124690e-01
33  -1.104391e-01  1.310677e-01
34  -9.788437e-01  7.008466e-01
35  -1.244655e+00  2.175435e-01
36  -8.879997e-01  -1.650389e+00
37  3.137206e+00  -4.192567e+00
38  5.440417e+00  -5.920350e+00
39  8.022136e+00  -3.138491e+00
40  1.422413e+01  -3.482557e+00
41  1.450665e+01  -1.095252e+01
42  1.874229e+01  -1.610540e+01
43  2.773454e+01  -4.160102e+00
44  2.538934e+01  1.933625e+01
45  -2.130813e+01  -1.394964e+01
46  -5.268792e+01  -4.956818e+01
47  -6.573904e+01  -9.643073e+01
48  -7.489417e+01  -6.833219e+01
49  8.126046e+01  -7.036032e+01
50  1.937931e+02  -1.352325e+02
51  4.816397e+02  -5.812511e+01
52  6.396878e+02  1.630155e+02
53  1.093029e+03  4.314513e+02
54  1.606601e+03  3.708318e+02
55  2.720622e+03  3.274776e+02
56  5.264689e+03  1.442814e+03
57  1.134098e+04  1.487790e+03
58  2.600254e+04  7.463304e+02
59  6.401720e+04  -3.299445e+02
60  1.317616e+05  -1.815579e+03
61  2.615251e+05  -3.965928e+01
62  5.266975e+05  8.706250e+03
63  1.312571e+06  2.877593e+04
ENDPROP
STARTPROP
MASSES:  4.200000e-03   4.500000e-02
SOURCE: GAM_34
SINKS: GAM_34
0  4.203110e+03  -2.197671e+04
1  1.292487e+06  -6.080283e+04
2  5.447275e+05  -3.462127e+04
3  2.832438e+05  -1.822347e+04
4  1.334194e+05  -9.375147e+03
5  5.724800e+04  -2.355813e+03
6  2.236759e+04  2.374293e+02
7  7.256938e+03  1.461167e+03
8  3.393091e+03  1.159329e+03
9  2.269355e+03  9.735098e+02
10  1.305306e+03  6.080794e+02
11  3.905934e+02  2.962343e+02
12  2.384338e+02  -7.336051e+01
13  1.069047e+02  -4.326697e+02
14  3.407056e+02  -3.432680e+02
15  4.499087e+02  -3.197900e+02
16  3.152717e+02  -1.978996e+02
17  3.004449e+02  -1.001780e+02
18  1.835818e+02  -5.596670e+01
19  7.570219e+01  -4.918401e+01
20  6.180007e+01  -1.389487e+01
21  4.026279e+01  -8.977372e-01
22  1.157256e+01  7.633360e+00
23  1.051453e+01  3.086409e+00
24  7.050885e+00  -2.440879e+00
25  4.416675e+00  -3.385706e-01
26  1.492230e+00  -1.388773e+00
27  3.815414e-01  -9.000186e-01
28  -4.206068e-01  -3.091644e-01
29  -1.078577e+00  7.304881e-01
30  -1.842857e+00  6.486032e-01
31  -1.095651e+00  8.757144e-01
32  -6.503922e-01  9.014921e-01
33  -4.597676e-01  7.026372e-01
34  -4.197321e-01  7.975295e-01
35  3.504843e-02  -4.137143e-02
36  9.212892e-01  -1.074144e+00
37  1.191515e+00  -3.655900e+00
38  1.076281e+00  -3.793219e+00
39  -9.959518e-01  -9.150511e+00
40  -8.299421e+00  -1.204820e+01
41  -2.114336e+01  -1.841718e+01
42  -4.989938e+01  -2.067739e+01
43  -5.563744e+01  -3.714950e+01
44  -8.792590e+01  -5.117212e+01
45  -8.847205e+01  -5.417072e+01
46  -1.373076e+02  -4.603571e+01
47  -9.353837e+01  -6.145098e+01
48  6.198799e+01  -7.890113e+01
49  3.641872e+02  -8.993948e+00
50  5.113560e+02  -7.565227e+01
51  6.513972e+02  -1.483987e+02
52  1.174877e+03  -2.359650e+02
53  1.601532e+03  -2.553460e+02
54  1.953317e+03  -6.946527e+02
55  2.538143e+03  -5.605666e+02
56  6.590888e+03  -1.160952e+03
57  1.631065e+04  -2.597783e+03
58  3.636687e+04  -3.537920e+03
59  7.004102e+04  -3.350992e+03
60  1.321943e+05  -5.462967e+03
61  2.582303e+05  -9.069643e+03
62  5.257585e+05  -4.854935e+03
63  1.309323e+06  1.318587e+04
ENDPROP
STARTPROP
MASSES:  4.200000e-03   4.500000e-02
SOURCE: GAM_43
SINKS: GAM_43
0  4.203110e+03  -2.197671e+04
1  1.292487e+06  -6.080283e+04
2  5.447275e+05  -3.462127e+04
3  2.832438e+05  -1.822347e+04
4  1.334194e+05  -9.375147e+03
5  5.724800e+04  -2.355813e+03
6  2.236759e+04  2.374293e+02
7  7.256938e+03  1.461167e+03
8  3.393091e+03  1.159329e+03
9  2.269355e+03  9.735098e+02
10  1.305306e+03  6.080794e+02
11  3.905934e+02  2.962343e+02
12  2.384338e+02  -7.336051e+01
13  1.069047e+02  -4.326697e+02
14  3.407056e+02  -3.432680e+02
15  4.499087e+02  -3.197900e+02
16  3.152717e+02  -1.978996e+02
17  3.004449e+02  -1.001780e+02
18  1.835818e+02  -5.596670e+01
19  7.570219e+01  -4.918401e+01
20  6.180007e+01  -1.389487e+01
21  4.026279e+01  -8.977372e-01
22  1.157256e+01  7.633360e+00
23  1.051453e+01  3.086409e+00
24  7.050885e+00  -2.440879e+00
25  4.416675e+00  -3.385706e-01
26  1.492230e+00  -1.388773e+00
27  3.815414e-01  -9.000186e-01
28  -4.206068e-01  -3.091644e-01
29  -1.078577e+00  7.304881e-01
30  -1.842857e+00  6.486032e-01
31  -1.095651e+00  8.757144e-01
32  -6.503922e-01  9.014921e-01
33  -4.597676e-01  7.026372e-01
34  -4.197321e-01  7.975295e-01
35  3.504843e-02  -4.137143e-02
36  9.212892e-01  -1.074144e+00
37  1.191515e+00  -3.655900e+00
38  1.076281e+00  -3.793219e+00
39  -9.959518e-01  -9.150511e+00
40  -8.299421e+00  -1.204820e+01
41  -2.114336e+01  -1.841718e+01
42  -4.989938e+01  -2.067739e+01
43  -5.563744e+01  -3.714950e+01
44  -8.792590e+01  -5.117212e+01
45  -8.847205e+01  -5.417072e+01
46  -1.373076e+02  -4.603571e+01
47  -9.353837e+01  -6.145098e+01
48  6.198799e+01  -7.890113e+01
49  3.641872e+02  -8.993948e+00
50  5.113560e+02  -7.565227e+01
51  6.513972e+02  -1.483987e+02
52  1.174877e+03  -2.359650e+02
53  1.601532e+03  -2.553460e+02
54  1.953317e+03  -6.946527e+02
55  2.538143e+03  -5.605666e+02
56  6.590888e+03  -1.160952e+03
57  1.631065e+04  -2.597783e+03
58  3.636687e+04  -3.537920e+03
59  7.004102e+04  -3.350992e+03
60  1.321943e+05  -5.462967e+03
61  2.582303e+05  -9.069643e+03
62  5.257585e+05  -4.854935e+03
63  1.309323e+06  1.318587e+04
ENDPROP
STARTPROP
MASSES:  4.200000e-03   4.500000e-02
SOURCE: GAM_15
SINKS: GAM_15
0  -4.756458e+04  5.261983e+03
1  -1.035318e+06  5.099170e+04
2  -3.530717e+05  2.786971e+04
3  -1.483299e+05  1.308472e+04
4  -5.879761e+04  6.069134e+03
5  -2.583860e+04  1.527514e+03
6  -8.384405e+03  3.958681e+02
7  -3.532339e+03  -6.274068e+02
8  -1.244127e+03  1.748728e+03
9  7.574081e+01  2.286309e+03
10  5.554031e+02  1.475680e+03
11  -1.955363e+02  9.495517e+02
12  3.811316e+02  8.014031e+02
13  -7.153360e+01  5.701477e+02
14  -1.988468e+02  3.865972e+02
15  -1.016464e+02  2.794196e+02
16  -3.008163e+01  1.540889e+02
17  -7.738875e+00  5.656152e+01
18  1.734779e+01  1.626267e+01
19  2.014922e+01  1.054803e+01
20  2.479839e+01  1.512295e+01
21  2.200156e+01  2.810634e+01
22  2.271305e+01  1.010088e+01
23  1.636658e+01  -1.284585e+00
24  2.290780e+00  -4.332761e+00
25  -7.883180e+00  -1.026151e+01
26  -6.998068e+00  -8.570070e+00
27  -3.829426e+00  -4.184930e+00
28  -2.403341e+00  -7.442150e-01
29  -8.905578e-01  9.782703e-02
30  -1.595598e-01  -5.437257e-01
31  -1.422448e-01  -1.570539e+00
32  -3.247147e-01  -1.202631e+00
33  -4.027124e-01  -9.091382e-02
34  -1.062339e+00  9.757552e-01
35  -1.658437e+00  4.717174e-01
36  -1.217187e+00  -1.071302e+00
37  2.816503e+00  -8.714436e-01
38  8.690519e+00  -2.607855e+00
39  1.431422e+01  -1.053137e+01
40  1.507460e+01  -2.401157e+01
41  2.891005e+01  -4.274637e+01
42  4.637056e+01  -5.934864e+01
43  4.981902e+01  -6.798459e+01
44  6.635432e+01  -4.502011e+01
45  8.213077e+01  -8.844591e+00
46  1.241505e+02  2.180299e+01
47  1.848942e+02  7.714171e+01
48  1.856677e+02  1.062726e+02
49  2.387002e+02  1.469453e+02
50  3.572193e+02  1.398831e+02
51  4.636989e+02  1.184628e+02
52  1.142488e+03  -7.974277e+01
53  1.354261e+03  -1.947264e+02
54  9.868099e+02  -1.623923e+02
55  2.007637e+03  -2.658531e+02
56  4.183420e+03  8.777526e+02
57  7.356584e+03  3.469379e+03
58  7.268591e+03  3.131257e+03
59  -3.208302e+03  2.084636e+03
60  -2.449402e+04  1.897090e+03
61  -9.993498e+04  -1.673323e+03
62  -3.023468e+05  -1.318526e+04
63  -1.012465e+06  -3.109816e+04
ENDPROP
STARTPROP
MASSES:  4.200000e-03   4.500000e-02
SOURCE: GAM_25
SINKS: GAM_25
0  -2.448899e+04  -1.258528e+04
1  -1.022068e+06  4.617517e+04
2  -3.420350e+05  3.479489e+04
3  -1.523993e+05  2.940920e+04
4  -5.969553e+04  1.611794e+04
5  -2.360912e+04  4.604040e+03
6  -8.650773e+03  1.353187e+02
7  -3.688198e+03  1.636206e+03
8  -1.000165e+02  2.015569e+03
9  1.379735e+03  1.753616e+03
10  6.936286e+02  1.619758e+03
11  2.023354e+02  8.800000e+02
12  -1.822126e+02  5.154380e+02
13  -3.076406e+02  1.927405e+02
14  -4.674052e+01  1.626640e+02
15  1.264313e+02  6.876829e+01
16  2.825244e+02  5.784352e+01
17  2.842286e+02  3.265785e+01
18  2.054824e+02  -1.870051e+01
19  1.209831e+02  -2.927346e+01
20  7.014431e+01  -1.757334e+01
21  4.760339e+01  -7.457044e+00
22  3.928542e+01  -6.697902e+00
23  2.154052e+01  -8.767807e+00
24  1.415500e+01  -4.958499e+00
25  6.535497e+00  -7.408799e+00
26  -3.572792e-01  -8.014739e+00
27  -3.064226e+00  -5.305746e+00
28  -1.403277e+00  -3.449562e+00
29  -9.611374e-01  -1.998208e+00
30  -2.066699e+00  -2.068895e+00
31  -1.227974e+00  -1.820056e+00
32  -3.199371e-02  -1.247874e+00
33  2.043630e-01  3.222958e-01
34  -7.411901e-02  1.598124e+00
35  -5.888661e-01  1.843044e+00
36  -1.868459e+00  1.990093e+00
37  -2.579052e+00  3.228177e-01
38  -3.453710e+00  1.724239e+00
39  -4.528308e+00  -2.110963e+00
40  -5.469893e+00  5.097699e+00
41  1.057228e+00  1.291247e+01
42  2.019713e+01  -1.961605e+00
43  5.380274e+01  -9.919900e+00
44  7.272688e+01  -3.527194e+01
45  8.895563e+01  -4.510452e+01
46  4.241508e+01  -1.791213e+01
47  -1.245514e+01  6.022926e+01
48  1.731989e+01  1.244070e+02
49  -2.444524e-01  1.244474e+02
50  1.308764e+02  1.144448e+02
51  1.765045e+02  -1.208274e+02
52  2.493753e+02  1.428437e+01
53  1.016008e+03  1.579416e+02
54  2.288752e+03  1.035329e+03
55  2.236074e+03  2.738392e+03
56  1.974787e+03  3.336340e+03
57  2.978360e+03  4.730735e+03
58  1.587985e+03  5.310823e+03
59  -9.483309e+03  2.441899e+03
60  -3.599017e+04  1.223712e+03
61  -1.082910e+05  -4.439522e+03
62  -2.923520e+05  -1.585911e+04
63  -9.907162e+05  -4.301546e+04
ENDPROP
STARTPROP
MASSES:  4.200000e-03   4.500000e-02
SOURCE: GAM_35
SINKS: GAM_35
0  -9.153406e+04  -8.609498e+03
1  -1.071215e+06  2.455527e+04
2  -3.732885e+05  7.093694e+03
3  -1.536367e+05  1.938154e+03
4  -6.149572e+04  -9.021363e+02
5  -2.800445e+04  -2.820340e+02
6  -1.430309e+04  -1.249320e+03
7  -7.221206e+03  -1.977003e+03
8  -3.718041e+03  -7.932074e+02
9  -3.089179e+02  7.022650e+02
10  8.481723e+02  6.965506e+02
11  5.940605e+02  4.756814e+02
12  2.592596e+02  -1.004978e+02
13  4.309375e+01  -1.501115e+02
14  1.105112e+02  -4.408560e+01
15  -4.536386e+01  -2.657337e+01
16  -8.833937e+01  -2.268108e+01
17  -3.719026e+01  -5.445668e+01
18  -2.602634e+01  -4.417650e+01
19  -6.034275e+01  5.593365e+00
20  -4.276403e+01  2.273987e+01
21  -2.860223e+01  3.292771e+01
22  -1.553803e+01  4.294235e+01
23  -7.654107e+00  3.372634e+01
24  3.290293e+00  2.057125e+01
25  1.125758e+01  1.364199e+01
26  7.668462e+00  7.521421e+00
27  3.201868e+00  2.548087e+00
28  1.047855e+00  1.122099e+00
29  -2.933782e-01  1.725477e-01
30  5.097302e-01  -9.953916e-01
31  -4.324656e-01  -7.431663e-01
32  -1.214684e+00  -1.575857e-01
33  -1.159562e+00  -1.250844e-03
34  -2.300524e-01  5.069280e-01
35  -3.264410e-01  1.915200e+00
36  -5.196698e-01  2.215114e+00
37  -2.697117e-01  -5.838451e-01
38  7.973831e-01  -3.765856e+00
39  1.283918e+00  -1.532845e+00
40  1.943785e-01  3.704076e+00
41  -2.118855e+00  1.669671e+01
42  -2.291422e+01  1.261005e+01
43  -3.897962e+01  -1.134463e+01
44  -3.768021e+01  -6.295955e+00
45  -1.012181e+02  -4.530206e+00
46  -1.613908e+02  -2.950506e+01
47  -1.887431e+02  -1.062271e+02
48  -2.314105e+02  -8.469157e+01
49  -2.406282e+02  8.407862e+01
50  -6.324535e+01  1.478333e+02
51  3.345746e+02  1.517481e+02
52  3.115452e+02  -6.936560e+01
53  -5.507898e+02  -1.240104e+02
54  -8.140237e+02  2.877878e+02
55  -2.360734e+02  6.720073e+02
56  -3.300325e+02  5.870205e+02
57  2.377708e+02  2.136376e+02
58  -3.160464e+03  -1.213761e+02
59  -1.748938e+04  -3.841824e+03
60  -4.948226e+04  -6.589199e+03
61  -1.283415e+05  -1.267271e+04
62  -3.277161e+05  -2.040081e+04
63  -1.050817e+06  -3.304628e+04
ENDPROP
STARTPROP
MASSES:  4.200000e-03   4.500000e-02
SOURCE: GAM_45
SINKS: GAM_45
0  -1.275144e+06  -1.258382e+04
1  9.680938e+05  -5.445195e+04
2  5.114402e+05  -3.662524e+04
3  3.578946e+05  -2.429567e+04
4  2.460485e+05  -1.548685e+04
5  1.736371e+05  -1.035879e+04
6  1.217984e+05  -6.178227e+03
7  8.297987e+04  -5.415337e+03
8  5.700361e+04  -2.439675e+03
9  3.888651e+04  -1.783499e+03
10  2.705544e+04  -1.555769e+03
11  1.914441e+04  -1.172822e+03
12  1.318184e+04  -9.199594e+02
13  9.064853e+03  -6.968087e+02
14  6.245886e+03  -5.263100e+02
15  4.341212e+03  -3.970380e+02
16  3.053121e+03  -3.637188e+02
17  2.108417e+03  -2.687087e+02
18  1.525192e+03  -1.589216e+02
19  1.018586e+03  -1.118139e+02
20  6.911589e+02  -7.477249e+01
21  4.590026e+02  -5.154039e+01
22  3.075241e+02  -2.671123e+01
23  1.986798e+02  -1.833889e+01
24  1.367449e+02  -1.092382e+01
25  9.668910e+01  -8.371751e+00
26  6.538194e+01  -4.808085e+00
27  4.665061e+01  -3.101662e+00
28  3.131566e+01  -1.908877e+00
29  2.266431e+01  -2.489982e+00
30  1.548004e+01  -2.072615e+00
31  1.175021e+01  -2.475618e+00
32  1.005601e+01  -3.185993e+00
33  9.795361e+00  -3.724464e+00
34  1.014173e+01  -4.804122e+00
35  1.270038e+01  -5.662582e+00
36  1.691312e+01  -7.532245e+00
37  2.274902e+01  -8.872987e+00
38  3.086405e+01  -1.257229e+01
39  4.321653e+01  -1.664054e+01
40  6.452100e+01  -1.856032e+01
41  9.642401e+01  -2.659659e+01
42  1.486874e+02  -3.421307e+01
43  2.158977e+02  -3.926127e+01
44  3.246977e+02  -5.069897e+01
45  5.227913e+02  -5.812182e+01
46  7.959343e+02  -6.306542e+01
47  1.258634e+03  -8.203995e+01
48  1.998697e+03  -1.002413e+02
49  3.005778e+03  -1.838410e+02
50  4.491666e+03  -2.670616e+02
51  6.529498e+03  -3.416588e+02
52  9.768652e+03  -4.698322e+02
53  1.442883e+04  -7.998666e+02
54  2.139288e+04  -1.256319e+03
55  3.161930e+04  -1.383661e+03
56  4.676871e+04  -1.399985e+03
57  7.061578e+04  -7.214375e+02
58  1.069938e+05  1.576316e+03
59  1.566921e+05  4.639149e+03
60  2.273383e+05  8.622974e+03
61  3.325326e+05  1.153007e+04
62  4.699209e+05  2.046107e+04
63  9.500140e+05  3.329903e+04
ENDPROP
STARTPROP
MASSES:  4.200000e-03   4.500000e-02
SOURCE: PSAX4
SINKS: GAM_4
0  1.182414e+04  -2.691342e+04
1  1.650616e+06  -2.126349e+04
2  1.036842e+06  -1.585174e+04
3  7.170814e+05  -1.452200e+04
4  4.877263e+05  -1.018049e+04
5  3.374631e+05  -9.557857e+03
6  2.322692e+05  -5.461313e+03
7  1.574985e+05  -5.267693e+03
8  1.065238e+05  -2.812606e+03
9  7.143369e+04  -1.942273e+03
10  4.982653e+04  -1.708306e+03
11  3.500272e+04  -1.337245e+03
12  2.423128e+04  -1.065520e+03
13  1.680745e+04  -7.474929e+02
14  1.165329e+04  -6.320311e+02
15  8.103625e+03  -4.386203e+02
16  5.597849e+03  -3.722962e+02
17  3.836550e+03  -2.981062e+02
18  2.720398e+03  -1.866856e+02
19  1.831996e+03  -1.087355e+02
20  1.267733e+03  -7.275107e+01
21  8.472306e+02  -4.441891e+01
22  5.741485e+02  -1.433906e+01
23  3.832988e+02  -4.727106e+00
24  2.600608e+02  -1.263981e+00
25  1.802063e+02  -1.305916e+00
26  1.209238e+02  -1.033754e+00
27  8.334945e+01  -1.284161e+00
28  5.521063e+01  2.077486e-01
29  3.659518e+01  6.704540e-01
30  2.118988e+01  7.054085e-01
31  1.033633e+01  1.030417e+00
32  1.070963e+00  1.387421e+00
33  -7.823206e+00  2.455193e+00
34  -1.717222e+01  2.603929e+00
35  -2.890040e+01  3.581186e+00
36  -4.335456e+01  5.059616e+00
37  -6.425062e+01  5.653616e+00
38  -9.494693e+01  8.951585e+00
39  -1.399172e+02  1.053493e+01
40  -2.052427e+02  1.274060e+01
41  -3.073015e+02  2.107292e+01
42  -4.538812e+02  1.939817e+01
43  -6.546734e+02  2.486683e+01
44  -9.647324e+02  3.231870e+01
45  -1.444155e+03  3.906409e+01
46  -2.142696e+03  2.339313e+01
47  -3.248472e+03  1.720871e+01
48  -4.847967e+03  -4.492332e+01
49  -7.160829e+03  -2.634116e+00
50  -1.049445e+04  6.465461e+01
51  -1.498686e+04  3.940197e+01
52  -2.181151e+04  -8.105581e+01
53  -3.164296e+04  4.319936e+01
54  -4.579050e+04  3.524842e+02
55  -6.652370e+04  9.128787e+02
56  -9.762625e+04  7.846584e+02
57  -1.451627e+05  4.089225e+02
58  -2.172125e+05  -1.071615e+03
59  -3.188607e+05  -1.157697e+03
60  -4.611035e+05  -2.599220e+03
61  -6.758528e+05  -3.460467e+03
62  -9.841905e+05  -7.218149e+03
63  -1.631022e+06  -1.051886e+04
ENDPROP
STARTPROP
MASSES:  4.200000e-03   4.500000e-02
SOURCE: WWPSAX4
SINKS: GAM_4
0  -3.650487e+07  -1.035935e+09
1  1.289283e+09  7.190978e+06
2  8.243778e+08  -5.343738e+07
3  4.097203e+08  -4.031549e+07
4  2.729515e+08  -3.624540e+06
5  1.493812e+08  -8.047858e+06
6  2.060619e+08  -2.180330e+07
7  8.901310e+07  1.691245e+07
8  1.085130e+08  -9.089222e+06
9  5.741782e+07  -5.123496e+06
10  2.155255e+07  1.825058e+06
11  1.803643e+07  -4.632199e+06
12  9.281914e+06  -1.399723e+06
13  7.216431e+06  1.835969e+05
14  6.015723e+06  1.441120e+05
15  4.249128e+06  -2.892187e+05
16  4.149156e+06  6.823770e+04
17  2.360812e+06  -4.030257e+04
18  2.080604e+06  3.385758e+05
19  1.184636e+06  -1.148221e+04
20  5.059014e+04  7.842550e+04
21  5.380685e+05  2.059176e+05
22  4.235470e+05  -1.275481e+05
23  2.899313e+05  -4.391865e+04
24  1.754612e+05  3.380246e+04
25  1.296962e+05  -7.504810e+04
26  4.834657e+04  1.049559e+04
27  1.147065e+05  2.941648e+04
28  6.288004e+04  -3.688714e+03
29  1.296116e+04  7.415027e+03
30  2.840643e+04  -7.996221e+03
31  -2.630486e+03  -2.736764e+03
32  -7.075418e+02  1.513170e+03
33  -1.284196e+04  6.499273e+03
34  -1.755357e+04  -1.151376e+03
35  -5.426643e+03  1.194896e+04
36  -3.321729e+04  -3.313586e+03
37  -4.374395e+04  1.998469e+04
38  -1.908684e+04  -3.385686e+04
39  -1.340436e+05  5.026947e+04
40  -1.830172e+05  2.936395e+04
41  -2.571472e+05  1.285470e+03
42  -3.587739e+05  1.069306e+05
43  -3.906185e+05  7.479138e+04
44  -6.141800e+05  1.370884e+04
45  -5.757947e+05  -6.644422e+04
46  -1.527936e+06  -1.000967e+05
47  -2.207964e+06  -5.992757e+05
48  -2.919938e+06  8.011351e+05
49  -3.560288e+06  1.024707e+06
50  -5.827089e+06  -8.530032e+05
51  -6.770979e+06  -3.589488e+06
52  -1.416891e+07  3.025805e+05
53  -2.454838e+07  5.130891e+06
54  -4.589171e+07  -5.434815e+05
55  -3.270840e+07  -6.034263e+06
56  -7.745725e+07  1.434484e+07
57  -4.982892e+07  -6.377665e+06
58  -7.910415e+07  -4.085158e+07
59  -1.145427e+08  -1.578304e+07
60  -2.721727e+08  -1.013487e+07
61  -5.572469e+08  3.056671e+05
62  -9.562535e+08  -3.039304e+07
63  -1.689884e+09  -7.543837e+07
ENDPROP
STARTPROP
MASSES:  4.200000e-03   4.500000e-02
SOURCE: WWGAM_5
SINKS: GAM_5
0  1.722189e+10  5.310590e+01
1  2.025538e+09  8.502758e+07
2  1.410715e+09  2.556412e+07
3  8.349536e+08  -2.923147e+07
4  6.132175e+08  -2.158930e+07
5  3.375160e+08  5.013318e+06
6  3.286034e+08  3.292194e+06
7  1.928852e+08  8.291880e+06
8  1.715635e+08  -1.274011e+07
9  9.548669e+07  -1.571587e+06
10  5.137256e+07  1.619636e+05
11  3.624955e+07  -4.633754e+06
12  2.439407e+07  -2.174151e+06
13  2.138863e+07  4.259052e+05
14  1.181222e+07  -1.199581e+06
15  7.588888e+06  -3.555624e+05
16  5.878954e+06  4.495874e+05
17  4.365225e+06  -8.043196e+05
18  4.129790e+06  3.801125e+05
19  2.204287e+06  -4.660821e+05
20  7.627256e+05  -1.129582e+05
21  1.329029e+06  2.214673e+04
22  7.896317e+05  -6.731028e+04
23  3.910536e+05  2.153926e+04
24  3.121098e+05  5.209400e+04
25  2.617968e+05  -8.553327e+04
26  1.172890e+05  -9.982999e+03
27  1.673601e+05  1.414098e+03
28  1.066948e+05  1.556777e+04
29  4.479176e+04  5.720184e+03
30  4.917463e+04  -6.260805e+03
31  2.726062e+04  3.006633e+03
32  1.895561e+04  5.860491e+03
33  3.270396e+04  -3.282481e+03
34  3.271430e+04  1.343910e+03
35  3.052046e+04  -4.454903e+03
36  5.631056e+04  -4.084477e+03
37  8.039321e+04  -1.493052e+03
38  6.884105e+04  4.854504e+04
39  1.804317e+05  -3.671680e+04
40  2.678948e+05  2.231907e+04
41  4.737149e+05  -3.081417e+04
42  5.985724e+05  -2.294122e+05
43  7.115532e+05  -7.715278e+04
44  6.197102e+05  -9.196856e+04
45  1.711577e+06  1.493633e+04
46  2.675863e+06  -3.271571e+04
47  4.233721e+06  7.498555e+05
48  5.753431e+06  -6.495600e+05
49  6.878658e+06  4.617737e+05
50  1.039262e+07  2.847324e+05
51  1.899461e+07  3.541250e+06
52  2.606695e+07  3.575363e+06
53  3.547350e+07  9.400566e+05
54  6.722476e+07  1.710380e+06
55  7.106515e+07  3.804017e+06
56  1.457488e+08  -3.578582e+06
57  1.450952e+08  6.640434e+06
58  2.121927e+08  4.583441e+07
59  2.891845e+08  1.331064e+06
60  5.258687e+08  1.445931e+07
61  8.049722e+08  1.713418e+07
62  1.447728e+09  5.234827e+06
63  2.570830e+09  2.212338e+07
ENDPROP
