STARTPROP
MASSES:  4.500000e-02   4.500000e-02
SOURCE: GAM_1
SINKS: GAM_1
0  1.303729e+06  -8.515802e+01
1  1.929518e+06  3.105074e+01
2  8.532845e+05  4.666928e+02
3  4.270606e+05  4.021284e+02
4  2.131646e+05  2.701098e+02
5  1.062853e+05  3.170666e+02
6  5.002335e+04  2.269045e+02
7  2.436886e+04  1.373198e+02
8  1.180404e+04  6.993619e+01
9  5.452354e+03  4.008670e+01
10  2.464165e+03  1.648344e+01
11  1.187785e+03  -7.119809e-01
12  5.760361e+02  -1.822845e-01
13  3.074791e+02  -2.350370e+00
14  1.752914e+02  -3.672107e+00
15  9.918732e+01  -2.658573e+00
16  4.935585e+01  -2.012856e+00
17  1.931086e+01  -1.862388e+00
18  5.262966e+00  -1.509974e+00
19  -2.721239e-01  -6.834481e-01
20  5.050409e-01  -2.199788e-01
21  1.208540e+00  -7.914618e-02
22  6.067045e-01  -1.447034e-02
23  3.268595e-01  -1.550897e-02
24  1.951377e-01  -1.117507e-02
25  7.404405e-02  -5.019631e-03
26  -7.450372e-04  5.067209e-03
27  -1.953457e-02  5.351383e-03
28  -1.936236e-02  2.112008e-03
29  -1.823889e-02  1.526358e-03
30  3.516777e-03  3.947531e-04
31  1.194310e-02  -1.469092e-04
32  1.804569e-02  -5.554115e-04
33  1.458301e-02  -3.103025e-04
34  3.364926e-02  1.518712e-03
35  7.097712e-02  4.279662e-03
36  1.355296e-01  9.230501e-03
37  1.823954e-01  1.685488e-02
38  1.367470e-01  2.670552e-02
39  5.098251e-02  3.387282e-02
40  1.983983e-02  6.625592e-02
41  -3.172229e-01  9.285429e-02
42  -6.206033e-01  8.149342e-02
43  -7.360561e-01  3.271630e-03
44  -7.943371e-01  -8.863616e-02
45  5.406637e-01  -8.735343e-02
46  1.178482e+00  -2.517345e-01
47  -3.245315e+00  -3.760831e-01
48  -3.785126e+00  -6.997099e-01
49  -1.383951e+01  -7.830164e-01
50  1.967399e+00  5.795402e-01
51  7.456816e+01  2.277301e+00
52  2.650766e+02  5.303101e+00
53  7.919657e+02  4.168004e+00
54  2.150660e+03  1.267324e+01
55  4.734492e+03  3.009469e+01
56  9.526859e+03  4.491779e+01
57  2.089019e+04  8.745881e+01
58  4.435540e+04  1.531162e+02
59  9.705046e+04  2.899749e+02
60  2.052920e+05  3.674953e+02
61  4.236922e+05  3.234437e+02
62  8.541403e+05  4.876660e+02
63  1.921775e+06  1.884033e+02
ENDPROP
STARTPROP
MASSES:  4.500000e-02   4.500000e-02
SOURCE: GAM_2
SINKS: GAM_2
0  1.292459e+06  -2.405805e+01
1  1.927405e+06  -2.636506e+01
2  8.462190e+05  -8.838512e+01
3  4.244971e+05  -2.141920e+02
4  2.143438e+05  -2.582871e+02
5  1.071217e+05  -1.310277e+02
6  5.325056e+04  -1.247587e+02
7  2.704322e+04  -9.856138e+01
8  1.356977e+04  -4.137419e+01
9  6.704088e+03  -8.324588e+00
10  3.218107e+03  1.411075e+01
11  1.586438e+03  1.305762e+01
12  7.759273e+02  8.322024e+00
13  4.382559e+02  5.825418e+00
14  2.536928e+02  3.756276e+00
15  1.491574e+02  2.706649e+00
16  8.618978e+01  1.515497e+00
17  3.778071e+01  1.043524e+00
18  2.140703e+01  5.638384e-01
19  1.075022e+01  3.794744e-01
20  3.725829e+00  2.462549e-01
21  1.822817e+00  9.970183e-02
22  1.404451e+00  3.670383e-02
23  9.210721e-01  1.574454e-03
24  4.729974e-01  -2.529139e-02
25  2.587118e-01  -2.650955e-02
26  1.264567e-01  -1.988836e-02
27  4.474101e-02  -1.374418e-02
28  4.364538e-02  -6.732624e-03
29  5.086986e-02  -3.855236e-03
30  2.825508e-02  -2.443847e-03
31  2.212889e-02  -1.549641e-03
32  1.861182e-02  -1.038061e-03
33  1.663783e-02  -3.021364e-04
34  2.651768e-02  1.482275e-03
35  2.794598e-02  3.309678e-03
36  2.685652e-02  3.905088e-03
37  5.963626e-02  2.728301e-03
38  1.379132e-01  -2.932154e-03
39  3.218161e-01  -6.466144e-03
40  6.175911e-01  -5.909300e-03
41  8.266052e-01  -6.645808e-04
42  8.935024e-01  5.186243e-03
43  2.436544e-02  1.653849e-02
44  1.606813e-01  8.359328e-02
45  2.302295e+00  2.805934e-01
46  6.647948e+00  8.381111e-01
47  1.091038e+01  1.682940e+00
48  1.667798e+01  2.184914e+00
49  2.307549e+01  1.184324e+00
50  6.019636e+01  -4.363950e-01
51  1.640439e+02  -7.055231e-01
52  4.099545e+02  -2.773603e+00
53  8.719339e+02  -7.197168e+00
54  2.158991e+03  -9.488919e+00
55  4.508388e+03  -5.924029e+00
56  9.465343e+03  1.424593e+01
57  2.012338e+04  7.901161e+01
58  4.309396e+04  1.544381e+02
59  9.299130e+04  2.400706e+02
60  1.987302e+05  2.955038e+02
61  4.150249e+05  2.482370e+02
62  8.343992e+05  3.352500e+02
63  1.894756e+06  -3.639652e+01
ENDPROP
STARTPROP
MASSES:  4.500000e-02   4.500000e-02
SOURCE: GAM_3
SINKS: GAM_3
0  1.288626e+06  3.605717e+02
1  1.915901e+06  2.986327e+02
2  8.355879e+05  7.736123e+01
3  4.186516e+05  -1.148527e+02
4  2.057790e+05  -7.823098e+01
5  1.011324e+05  -8.101602e+01
6  4.885374e+04  -1.617157e+01
7  2.409810e+04  -4.360302e+01
8  1.201916e+04  -3.956245e+01
9  5.862856e+03  -3.237262e+01
10  3.131720e+03  -4.866112e+00
11  1.531047e+03  4.461380e-01
12  6.518556e+02  -2.679887e+00
13  2.773339e+02  -5.220019e+00
14  8.484409e+01  -2.583846e+00
15  3.128931e+01  -1.514719e+00
16  1.659212e+01  -1.428145e+00
17  2.424825e+00  -7.461429e-01
18  -9.553323e-01  -2.057830e-01
19  -1.218128e+00  -2.182490e-02
20  -1.142124e+00  -1.103653e-02
21  -1.143146e+00  -2.717198e-02
22  -1.014663e+00  -1.189549e-02
23  -4.311139e-01  -5.332763e-04
24  -3.254628e-01  8.012134e-03
25  -3.148462e-01  -1.069878e-03
26  -2.385209e-01  1.911751e-03
27  -1.204502e-01  -1.136949e-03
28  -5.158938e-02  -1.574061e-03
29  -8.919190e-03  -1.228657e-03
30  9.609993e-04  -6.554800e-04
31  -2.400844e-03  -2.350750e-04
32  8.119875e-04  3.179908e-04
33  -4.277384e-03  6.587342e-04
34  -6.714466e-03  1.937694e-03
35  1.198086e-02  3.425663e-03
36  2.341188e-02  3.404956e-03
37  3.035035e-02  4.704777e-03
38  4.951119e-02  4.530490e-03
39  1.053827e-01  -1.950876e-03
40  8.073355e-02  -5.505309e-03
41  3.701667e-01  -2.312956e-02
42  5.809923e-01  -7.487685e-02
43  1.463753e-01  -1.643639e-01
44  -3.853845e-02  -1.357795e-01
45  1.371698e+00  -2.118603e-01
46  4.522126e+00  -4.999511e-01
47  7.692911e+00  -4.052175e-01
48  1.189628e+01  -3.574807e-01
49  1.118859e+01  -3.620940e-01
50  4.441833e+01  -7.831516e-01
51  1.070091e+02  1.044709e+00
52  2.377904e+02  2.336149e+00
53  4.788907e+02  -1.137663e+00
54  1.189512e+03  -6.874524e+00
55  2.530875e+03  -2.329336e+01
56  6.283932e+03  -2.571860e+01
57  1.550004e+04  -5.674444e+01
58  3.524616e+04  -7.411122e+01
59  8.132251e+04  -5.022385e+01
60  1.838545e+05  -9.543336e+01
61  3.987425e+05  -1.035036e+02
62  8.359788e+05  8.161034e+00
63  1.910403e+06  2.513958e+01
ENDPROP
STARTPROP
MASSES:  4.500000e-02   4.500000e-02
SOURCE: GAM_4
SINKS: GAM_4
0  2.131485e+06  1.478645e+02
1  -2.666283e+05  -4.574334e+01
2  3.057346e+01  3.063360e+01
3  1.763948e+02  1.023528e+02
4  -5.647816e+02  1.356699e+02
5  3.659743e+01  5.473382e+01
6  3.029831e+02  2.925164e+01
7  6.859268e+01  4.274687e+00
8  -2.531869e+00  1.507585e+01
9  -3.654693e+01  5.533248e+00
10  1.919923e+01  6.430353e+00
11  2.344821e-01  4.053932e+00
12  1.167609e+00  3.044709e+00
13  -7.126739e-01  1.078151e+00
14  -3.819256e+00  1.008496e+00
15  -1.126616e+00  6.727648e-01
16  3.355672e-01  2.378311e-01
17  -4.176126e-01  -1.221097e-02
18  -4.285765e-01  8.164538e-03
19  2.085825e-01  -8.872425e-03
20  -3.705280e-02  2.324633e-02
21  -6.233957e-02  6.629605e-03
22  -1.792600e-03  -1.267947e-04
23  3.114898e-02  -6.050284e-03
24  -3.624689e-02  -2.345376e-03
25  3.240593e-03  -3.213157e-03
26  -6.540272e-04  2.542046e-04
27  7.242962e-03  1.956781e-04
28  6.357070e-03  8.472195e-04
29  5.990130e-03  2.360533e-04
30  9.629692e-03  -6.003657e-05
31  8.739949e-03  -8.094739e-05
32  1.098921e-02  -5.123241e-05
33  1.084818e-02  -5.359521e-05
34  9.459387e-03  -1.875530e-04
35  1.111571e-02  -8.479350e-05
36  7.395822e-03  -4.006351e-04
37  1.395270e-02  4.499945e-04
38  1.616363e-02  -7.902107e-04
39  1.788320e-02  1.500956e-03
40  -3.315438e-02  3.888040e-03
41  1.287059e-01  1.168205e-02
42  9.600043e-02  2.596230e-02
43  -2.249189e-01  5.354807e-02
44  -2.338727e-01  1.021854e-01
45  4.932392e-01  1.895963e-01
46  4.372441e-01  1.930019e-01
47  -4.736789e-01  3.151535e-01
48  -1.105969e+00  3.628763e-01
49  3.647355e+00  4.899796e-01
50  2.716991e+00  1.349827e-01
51  -2.647771e-01  -8.372470e-01
52  -8.217333e+00  5.919148e-01
53  -7.168322e+00  3.300858e+00
54  1.789745e+01  7.705548e+00
55  -3.133616e+01  5.600276e+00
56  -9.116862e+01  3.069876e+00
57  1.985472e+02  -6.900016e+00
58  2.679615e+01  -3.928176e+01
59  6.884210e+02  -3.387871e+01
60  1.418802e+02  -3.185867e+01
61  -1.861177e+03  -9.772170e+00
62  -2.565130e+03  7.489299e+01
63  -2.745518e+05  3.158849e+02
ENDPROP
STARTPROP
MASSES:  4.500000e-02   4.500000e-02
SOURCE: GAM_5
SINKS: GAM_5
0  5.322109e+06  3.867701e+02
1  5.210337e+06  1.122615e+02
2  3.252172e+06  -9.928003e+01
3  2.069953e+06  -9.515406e+02
4  1.295427e+06  -1.392606e+03
5  7.970804e+05  -9.029060e+02
6  4.848483e+05  -4.099291e+02
7  2.968607e+05  -2.252303e+02
8  1.839289e+05  -2.047512e+02
9  1.109624e+05  -1.575415e+02
10  6.640915e+04  -6.302752e+01
11  3.987464e+04  -2.900638e+01
12  2.407182e+04  -1.672514e+01
13  1.448736e+04  -1.425253e+01
14  8.702230e+03  -1.152489e+01
15  5.316153e+03  -6.568033e+00
16  3.236270e+03  -4.004099e+00
17  1.967256e+03  -2.699889e+00
18  1.182170e+03  -2.643442e+00
19  7.162403e+02  -2.271206e+00
20  4.364852e+02  -1.551718e+00
21  2.711922e+02  -1.040104e+00
22  1.657445e+02  -7.775403e-01
23  1.018350e+02  -5.337959e-01
24  6.284538e+01  -3.395671e-01
25  3.790458e+01  -2.092424e-01
26  2.289060e+01  -1.227957e-01
27  1.408209e+01  -7.935209e-02
28  8.793655e+00  -4.443763e-02
29  5.568922e+00  -2.578825e-02
30  3.646220e+00  -1.444030e-02
31  2.684924e+00  -8.675820e-03
32  2.415855e+00  -5.138723e-03
33  2.755053e+00  -1.030155e-03
34  3.785452e+00  4.315852e-03
35  5.717626e+00  1.697949e-02
36  8.861570e+00  3.722296e-02
37  1.392758e+01  5.432073e-02
38  2.284036e+01  8.058904e-02
39  3.781633e+01  1.644232e-01
40  6.262240e+01  2.604731e-01
41  1.032474e+02  3.367504e-01
42  1.731063e+02  2.546601e-01
43  2.863325e+02  3.797244e-01
44  4.644159e+02  1.195916e+00
45  7.551419e+02  3.099344e+00
46  1.232849e+03  4.770085e+00
47  2.047054e+03  6.741064e+00
48  3.398561e+03  9.325160e+00
49  5.583929e+03  1.744020e+01
50  9.126468e+03  2.816498e+01
51  1.480318e+04  3.917034e+01
52  2.420829e+04  2.992777e+01
53  3.993787e+04  3.916764e+00
54  6.607141e+04  3.485490e+00
55  1.073384e+05  3.452385e+01
56  1.747438e+05  1.378422e+02
57  2.900934e+05  2.249681e+02
58  4.743840e+05  2.912326e+02
59  7.779093e+05  1.750255e+02
60  1.269316e+06  -1.143135e+02
61  2.063573e+06  2.449449e+02
62  3.262221e+06  1.233064e+03
63  5.192521e+06  5.299731e+02
ENDPROP
STARTPROP
MASSES:  4.500000e-02   4.500000e-02
SOURCE: GAM_12
SINKS: GAM_12
0  8.712471e+05  6.676466e+02
1  -6.610566e+05  2.205259e+02
2  -1.590211e+05  2.674416e+02
3  -5.875051e+04  2.288621e+02
4  -2.187904e+04  5.948879e+01
5  -6.899003e+03  -2.431982e+00
6  -1.533689e+03  2.657049e+00
7  -9.060120e+01  -1.864886e+01
8  2.692369e+02  -9.410103e+00
9  3.043305e+02  -1.632469e+00
10  1.400040e+02  -1.163939e+00
11  7.405828e+01  1.191890e+00
12  7.029760e+01  -1.515127e+00
13  1.871806e+01  -1.687857e+00
14  -7.738101e-01  2.762306e-01
15  1.217432e+01  2.285512e-01
16  7.274337e+00  -1.752577e-01
17  2.716623e+00  -2.902362e-01
18  1.753619e+00  -1.377389e-01
19  3.143611e+00  -1.244254e-01
20  1.416720e+00  -1.041514e-01
21  7.025223e-01  -7.421638e-02
22  2.256369e-01  -4.617264e-02
23  -4.546815e-02  -3.854634e-02
24  -1.106348e-01  -2.299759e-02
25  -2.031744e-02  -8.670195e-03
26  -5.093481e-02  -5.216918e-03
27  -6.056332e-02  -4.403149e-03
28  -3.830810e-02  -3.069994e-03
29  -2.040637e-02  -7.668571e-04
30  -7.896066e-03  -6.480210e-05
31  -5.977071e-03  3.339625e-04
32  -5.524638e-03  3.998575e-04
33  3.332614e-03  -3.520162e-04
34  8.691565e-04  -8.425767e-04
35  -7.097472e-03  -1.037819e-03
36  -2.718197e-02  -1.769950e-03
37  -4.026414e-02  -3.946173e-03
38  -5.185822e-02  -8.447738e-03
39  -7.477787e-02  -1.371278e-02
40  -1.335169e-01  -1.707756e-02
41  -3.454647e-01  -5.689818e-03
42  -7.419322e-01  6.625661e-03
43  -6.946476e-01  1.786463e-02
44  -1.180727e+00  2.228354e-03
45  -8.249179e-01  -7.578873e-02
46  -1.825092e+00  -1.948591e-01
47  -1.593272e+00  -5.318456e-01
48  -3.005049e+00  -7.637471e-01
49  -8.209405e+00  -4.716677e-01
50  -1.005999e+01  -4.619522e-01
51  -2.566834e+01  1.292365e+00
52  -4.624452e+01  5.189536e+00
53  -1.197809e+02  9.317016e+00
54  -1.619538e+02  8.533630e+00
55  -2.423183e+02  2.000065e+01
56  -6.646097e+02  3.779633e+01
57  -1.587053e+03  5.051946e+01
58  -3.955176e+03  9.835134e+01
59  -9.899398e+03  1.231711e+02
60  -2.274184e+04  1.599926e+02
61  -5.717524e+04  2.161090e+02
62  -1.475292e+05  1.915126e+02
63  -6.405462e+05  6.251129e+02
ENDPROP
STARTPROP
MASSES:  4.500000e-02   4.500000e-02
SOURCE: GAM_21
SINKS: GAM_21
0  8.712471e+05  6.676466e+02
1  -6.610566e+05  2.205259e+02
2  -1.590211e+05  2.674416e+02
3  -5.875051e+04  2.288621e+02
4  -2.187904e+04  5.948879e+01
5  -6.899003e+03  -2.431982e+00
6  -1.533689e+03  2.657049e+00
7  -9.060120e+01  -1.864886e+01
8  2.692369e+02  -9.410103e+00
9  3.043305e+02  -1.632469e+00
10  1.400040e+02  -1.163939e+00
11  7.405828e+01  1.191890e+00
12  7.029760e+01  -1.515127e+00
13  1.871806e+01  -1.687857e+00
14  -7.738101e-01  2.762306e-01
15  1.217432e+01  2.285512e-01
16  7.274337e+00  -1.752577e-01
17  2.716623e+00  -2.902362e-01
18  1.753619e+00  -1.377389e-01
19  3.143611e+00  -1.244254e-01
20  1.416720e+00  -1.041514e-01
21  7.025223e-01  -7.421638e-02
22  2.256369e-01  -4.617264e-02
23  -4.546815e-02  -3.854634e-02
24  -1.106348e-01  -2.299759e-02
25  -2.031744e-02  -8.670195e-03
26  -5.093481e-02  -5.216918e-03
27  -6.056332e-02  -4.403149e-03
28  -3.830810e-02  -3.069994e-03
29  -2.040637e-02  -7.668571e-04
30  -7.896066e-03  -6.480210e-05
31  -5.977071e-03  3.339625e-04
32  -5.524638e-03  3.998575e-04
33  3.332614e-03  -3.520162e-04
34  8.691565e-04  -8.425767e-04
35  -7.097472e-03  -1.037819e-03
36  -2.718197e-02  -1.769950e-03
37  -4.026414e-02  -3.946173e-03
38  -5.185822e-02  -8.447738e-03
39  -7.477787e-02  -1.371278e-02
40  -1.335169e-01  -1.707756e-02
41  -3.454647e-01  -5.689818e-03
42  -7.419322e-01  6.625661e-03
43  -6.946476e-01  1.786463e-02
44  -1.180727e+00  2.228354e-03
45  -8.249179e-01  -7.578873e-02
46  -1.825092e+00  -1.948591e-01
47  -1.593272e+00  -5.318456e-01
48  -3.005049e+00  -7.637471e-01
49  -8.209405e+00  -4.716677e-01
50  -1.005999e+01  -4.619522e-01
51  -2.566834e+01  1.292365e+00
52  -4.624452e+01  5.189536e+00
53  -1.197809e+02  9.317016e+00
54  -1.619538e+02  8.533630e+00
55  -2.423183e+02  2.000065e+01
56  -6.646097e+02  3.779633e+01
57  -1.587053e+03  5.051946e+01
58  -3.955176e+03  9.835134e+01
59  -9.899398e+03  1.231711e+02
60  -2.274184e+04  1.599926e+02
61  -5.717524e+04  2.161090e+02
62  -1.475292e+05  1.915126e+02
63  -6.405462e+05  6.251129e+02
ENDPROP
STARTPROP
MASSES:  4.500000e-02   4.500000e-02
SOURCE: GAM_13
SINKS: GAM_13
0  8.909866e+05  -9.014532e+01
1  -6.358875e+05  -6.191555e+01
2  -1.447159e+05  -1.781835e+02
3  -5.503216e+04  -1.303137e+02
4  -2.033127e+04  -1.138086e+02
5  -6.197058e+03  -9.068979e+01
6  -1.766236e+03  -5.125041e+01
7  -5.615208e+02  -1.176868e+01
8  1.210887e+02  5.855629e+00
9  1.933148e+02  1.184883e+01
10  1.558082e+02  1.413319e+01
11  1.230635e+01  1.148672e+01
12  8.309674e+00  6.368108e+00
13  1.799584e+01  3.921996e+00
14  1.960522e+00  2.760940e+00
15  -4.475312e+00  3.284758e-01
16  -1.620088e-01  -1.702799e-01
17  -2.098783e+00  -1.965526e-01
18  -5.208065e-01  3.656271e-02
19  -3.259008e-01  1.356177e-01
20  -2.320513e-01  6.434726e-02
21  5.366711e-02  2.050358e-02
22  1.841267e-01  1.665323e-02
23  2.956241e-01  6.042103e-03
24  2.230128e-01  -4.930845e-03
25  1.528089e-01  3.927692e-04
26  9.708363e-02  2.710514e-03
27  4.118745e-02  -3.792008e-04
28  5.992112e-03  -4.077190e-04
29  -1.382936e-03  -3.709432e-04
30  -3.274924e-03  5.960294e-04
31  -2.673317e-03  8.830540e-04
32  -2.830740e-03  4.634391e-04
33  -2.085956e-03  -3.168819e-04
34  7.014379e-03  -8.259391e-04
35  1.666348e-02  -1.674724e-03
36  2.596728e-02  -5.053046e-04
37  1.354923e-02  -5.648661e-04
38  -3.415521e-02  -4.173724e-03
39  -7.204435e-02  -7.459879e-03
40  -8.644706e-02  -5.904193e-03
41  -2.215002e-01  -3.069288e-02
42  -4.813101e-02  -3.932812e-02
43  3.223082e-01  -6.349138e-02
44  8.002685e-01  -1.146642e-01
45  1.158461e+00  -1.127941e-01
46  1.487996e+00  -2.710269e-01
47  5.038048e+00  -4.349233e-01
48  4.873220e+00  -6.444089e-01
49  -5.127521e+00  -1.181408e+00
50  -2.532692e+01  -2.140993e+00
51  -2.769314e+01  -4.767855e+00
52  -3.057107e+00  -9.205969e+00
53  2.800175e+01  -1.406413e+01
54  -2.052270e+01  -1.673200e+01
55  -1.149267e+02  -1.627854e+01
56  -2.855675e+02  -2.963993e+01
57  -1.016512e+03  -5.265805e+01
58  -3.034738e+03  -3.379035e+01
59  -6.517099e+03  4.894426e+01
60  -1.884216e+04  5.984065e+01
61  -5.438983e+04  5.379723e+01
62  -1.485749e+05  -9.154498e+01
63  -6.464533e+05  -2.155569e+02
ENDPROP
STARTPROP
MASSES:  4.500000e-02   4.500000e-02
SOURCE: GAM_31
SINKS: GAM_31
0  8.909866e+05  -9.014532e+01
1  -6.358875e+05  -6.191555e+01
2  -1.447159e+05  -1.781835e+02
3  -5.503216e+04  -1.303137e+02
4  -2.033127e+04  -1.138086e+02
5  -6.197058e+03  -9.068979e+01
6  -1.766236e+03  -5.125041e+01
7  -5.615208e+02  -1.176868e+01
8  1.210887e+02  5.855629e+00
9  1.933148e+02  1.184883e+01
10  1.558082e+02  1.413319e+01
11  1.230635e+01  1.148672e+01
12  8.309674e+00  6.368108e+00
13  1.799584e+01  3.921996e+00
14  1.960522e+00  2.760940e+00
15  -4.475312e+00  3.284758e-01
16  -1.620088e-01  -1.702799e-01
17  -2.098783e+00  -1.965526e-01
18  -5.208065e-01  3.656271e-02
19  -3.259008e-01  1.356177e-01
20  -2.320513e-01  6.434726e-02
21  5.366711e-02  2.050358e-02
22  1.841267e-01  1.665323e-02
23  2.956241e-01  6.042103e-03
24  2.230128e-01  -4.930845e-03
25  1.528089e-01  3.927692e-04
26  9.708363e-02  2.710514e-03
27  4.118745e-02  -3.792008e-04
28  5.992112e-03  -4.077190e-04
29  -1.382936e-03  -3.709432e-04
30  -3.274924e-03  5.960294e-04
31  -2.673317e-03  8.830540e-04
32  -2.830740e-03  4.634391e-04
33  -2.085956e-03  -3.168819e-04
34  7.014379e-03  -8.259391e-04
35  1.666348e-02  -1.674724e-03
36  2.596728e-02  -5.053046e-04
37  1.354923e-02  -5.648661e-04
38  -3.415521e-02  -4.173724e-03
39  -7.204435e-02  -7.459879e-03
40  -8.644706e-02  -5.904193e-03
41  -2.215002e-01  -3.069288e-02
42  -4.813101e-02  -3.932812e-02
43  3.223082e-01  -6.349138e-02
44  8.002685e-01  -1.146642e-01
45  1.158461e+00  -1.127941e-01
46  1.487996e+00  -2.710269e-01
47  5.038048e+00  -4.349233e-01
48  4.873220e+00  -6.444089e-01
49  -5.127521e+00  -1.181408e+00
50  -2.532692e+01  -2.140993e+00
51  -2.769314e+01  -4.767855e+00
52  -3.057107e+00  -9.205969e+00
53  2.800175e+01  -1.406413e+01
54  -2.052270e+01  -1.673200e+01
55  -1.149267e+02  -1.627854e+01
56  -2.855675e+02  -2.963993e+01
57  -1.016512e+03  -5.265805e+01
58  -3.034738e+03  -3.379035e+01
59  -6.517099e+03  4.894426e+01
60  -1.884216e+04  5.984065e+01
61  -5.438983e+04  5.379723e+01
62  -1.485749e+05  -9.154498e+01
63  -6.464533e+05  -2.155569e+02
ENDPROP
STARTPROP
MASSES:  4.500000e-02   4.500000e-02
SOURCE: GAM_14
SINKS: GAM_14
0  1.507184e+05  7.128386e+02
1  1.369268e+06  4.527253e+02
2  5.479716e+05  2.370219e+02
3  2.759055e+05  5.690469e+01
4  1.388243e+05  5.543003e+01
5  6.967235e+04  9.099964e+01
6  3.395138e+04  7.552715e+01
7  1.718875e+04  4.121293e+01
8  8.374302e+03  3.433723e+01
9  3.859729e+03  2.474409e+01
10  1.726253e+03  1.118316e+01
11  7.512152e+02  4.168143e+00
12  2.925921e+02  4.997023e-01
13  1.494872e+02  -8.511272e-01
14  7.716744e+01  -1.474821e+00
15  3.352705e+01  -7.889255e-01
16  1.544501e+01  -3.586524e-01
17  7.496181e+00  -4.683515e-01
18  2.980923e+00  -4.601909e-01
19  1.928402e-01  -2.315525e-01
20  1.185669e-02  -5.314852e-02
21  1.003159e-01  -2.559448e-02
22  1.741856e-01  -2.863164e-02
23  1.329125e-01  -2.165419e-02
24  -3.705678e-02  -9.778373e-03
25  -4.321714e-02  -1.660808e-03
26  -1.963754e-02  1.429267e-03
27  -5.355867e-03  -1.659002e-03
28  -1.734704e-03  -2.156003e-03
29  1.074592e-03  -1.512542e-03
30  8.096287e-03  -1.128102e-03
31  1.141764e-02  -8.000674e-04
32  1.144097e-02  -3.622815e-04
33  1.151910e-02  -9.539093e-05
34  2.146009e-02  1.598754e-03
35  3.197207e-02  3.726659e-03
36  4.332022e-02  4.697954e-03
37  5.254712e-02  5.696584e-03
38  1.098261e-01  7.867281e-03
39  1.112990e-01  1.417926e-02
40  5.571055e-02  3.810010e-02
41  -1.679613e-01  5.350777e-02
42  -5.256846e-01  5.660993e-02
43  -8.644949e-01  1.333570e-03
44  -1.206792e+00  -1.248378e-02
45  -2.323881e+00  -7.838599e-03
46  -2.232394e+00  -5.209951e-02
47  -7.482969e+00  8.926614e-02
48  -1.362285e+01  1.671113e-01
49  -1.135135e+01  5.726061e-01
50  1.856325e+01  4.889432e-01
51  1.017179e+02  2.246659e+00
52  2.043950e+02  4.207040e+00
53  3.768662e+02  7.061121e+00
54  1.057011e+03  8.386376e+00
55  2.409112e+03  2.236889e+01
56  5.864133e+03  2.533836e+01
57  1.303266e+04  4.361178e+01
58  2.647995e+04  8.978778e+01
59  5.881614e+04  1.981502e+02
60  1.239435e+05  2.258279e+02
61  2.620105e+05  2.764869e+02
62  5.411811e+05  3.310147e+01
63  1.358752e+06  2.117317e+02
ENDPROP
STARTPROP
MASSES:  4.500000e-02   4.500000e-02
SOURCE: GAM_41
SINKS: GAM_41
0  1.507184e+05  7.128386e+02
1  1.369268e+06  4.527253e+02
2  5.479716e+05  2.370219e+02
3  2.759055e+05  5.690469e+01
4  1.388243e+05  5.543003e+01
5  6.967235e+04  9.099964e+01
6  3.395138e+04  7.552715e+01
7  1.718875e+04  4.121293e+01
8  8.374302e+03  3.433723e+01
9  3.859729e+03  2.474409e+01
10  1.726253e+03  1.118316e+01
11  7.512152e+02  4.168143e+00
12  2.925921e+02  4.997023e-01
13  1.494872e+02  -8.511272e-01
14  7.716744e+01  -1.474821e+00
15  3.352705e+01  -7.889255e-01
16  1.544501e+01  -3.586524e-01
17  7.496181e+00  -4.683515e-01
18  2.980923e+00  -4.601909e-01
19  1.928402e-01  -2.315525e-01
20  1.185669e-02  -5.314852e-02
21  1.003159e-01  -2.559448e-02
22  1.741856e-01  -2.863164e-02
23  1.329125e-01  -2.165419e-02
24  -3.705678e-02  -9.778373e-03
25  -4.321714e-02  -1.660808e-03
26  -1.963754e-02  1.429267e-03
27  -5.355867e-03  -1.659002e-03
28  -1.734704e-03  -2.156003e-03
29  1.074592e-03  -1.512542e-03
30  8.096287e-03  -1.128102e-03
31  1.141764e-02  -8.000674e-04
32  1.144097e-02  -3.622815e-04
33  1.151910e-02  -9.539093e-05
34  2.146009e-02  1.598754e-03
35  3.197207e-02  3.726659e-03
36  4.332022e-02  4.697954e-03
37  5.254712e-02  5.696584e-03
38  1.098261e-01  7.867281e-03
39  1.112990e-01  1.417926e-02
40  5.571055e-02  3.810010e-02
41  -1.679613e-01  5.350777e-02
42  -5.256846e-01  5.660993e-02
43  -8.644949e-01  1.333570e-03
44  -1.206792e+00  -1.248378e-02
45  -2.323881e+00  -7.838599e-03
46  -2.232394e+00  -5.209951e-02
47  -7.482969e+00  8.926614e-02
48  -1.362285e+01  1.671113e-01
49  -1.135135e+01  5.726061e-01
50  1.856325e+01  4.889432e-01
51  1.017179e+02  2.246659e+00
52  2.043950e+02  4.207040e+00
53  3.768662e+02  7.061121e+00
54  1.057011e+03  8.386376e+00
55  2.409112e+03  2.236889e+01
56  5.864133e+03  2.533836e+01
57  1.303266e+04  4.361178e+01
58  2.647995e+04  8.978778e+01
59  5.881614e+04  1.981502e+02
60  1.239435e+05  2.258279e+02
61  2.620105e+05  2.764869e+02
62  5.411811e+05  3.310147e+01
63  1.358752e+06  2.117317e+02
ENDPROP
STARTPROP
MASSES:  4.500000e-02   4.500000e-02
SOURCE: GAM_23
SINKS: GAM_23
0  9.144317e+05  -4.956916e+02
1  -6.183742e+05  -1.449479e+02
2  -1.283464e+05  1.174858e+02
3  -4.745038e+04  2.077000e+02
4  -1.908149e+04  1.928328e+01
5  -6.858332e+03  -5.406461e+01
6  -2.875073e+03  -4.851998e+01
7  -4.790522e+02  -1.884764e+01
8  9.146374e+00  2.528050e+00
9  -8.714240e+01  5.930476e+00
10  2.155044e+02  -3.356120e+00
11  2.272456e+02  -3.146837e+00
12  1.488392e+02  -1.736558e+00
13  5.239707e+01  -1.171240e+00
14  1.807941e+01  -4.083408e-01
15  2.345339e-01  4.080346e-01
16  -5.171458e+00  4.450165e-01
17  -2.918272e+00  2.402638e-01
18  -5.980048e-01  3.496609e-01
19  -1.261185e+00  1.516549e-01
20  -1.082750e+00  6.822252e-02
21  -2.642266e-01  2.659910e-02
22  -2.755142e-02  1.540288e-02
23  1.388485e-01  1.017617e-02
24  1.722196e-01  6.690092e-03
25  6.494144e-02  5.070192e-03
26  1.600873e-03  2.970591e-03
27  -1.902484e-02  3.901242e-03
28  -1.644812e-02  2.603552e-03
29  -1.228773e-02  1.681169e-03
30  2.614232e-03  8.648020e-04
31  4.153978e-03  1.895006e-04
32  6.382907e-03  -2.210541e-04
33  -1.884642e-03  -1.289060e-04
34  -1.360517e-02  -6.707905e-04
35  -3.948173e-02  -2.383249e-03
36  -5.786724e-02  -4.358793e-03
37  -6.845261e-02  -4.836284e-03
38  -7.849232e-02  -6.809658e-03
39  -1.036200e-01  -3.122100e-03
40  -4.125743e-02  5.246624e-03
41  1.726119e-01  2.434479e-02
42  5.490709e-01  4.453841e-02
43  9.540196e-01  2.589575e-02
44  6.374403e-01  -5.069460e-02
45  4.342895e-01  -8.432431e-02
46  -1.469873e+00  5.845389e-02
47  -4.981754e+00  8.008260e-02
48  -1.023805e+01  -2.311643e-01
49  -2.256697e+01  -1.110003e+00
50  -4.648453e+01  -1.014815e+00
51  -6.279981e+01  -3.002212e+00
52  -5.578047e+01  -4.343790e+00
53  -6.410415e+01  -6.593386e+00
54  -1.144811e+02  -5.803600e+00
55  -9.872390e+01  -2.671190e+00
56  -1.633107e+02  2.126287e+01
57  -5.075010e+02  3.262302e+01
58  -2.299361e+03  3.857261e+01
59  -7.036136e+03  2.415038e-01
60  -1.997182e+04  -6.308429e+01
61  -5.419509e+04  -8.702279e+01
62  -1.386811e+05  9.481857e+01
63  -6.200546e+05  -2.252287e+02
ENDPROP
STARTPROP
MASSES:  4.500000e-02   4.500000e-02
SOURCE: GAM_32
SINKS: GAM_32
0  9.144317e+05  -4.956916e+02
1  -6.183742e+05  -1.449479e+02
2  -1.283464e+05  1.174858e+02
3  -4.745038e+04  2.077000e+02
4  -1.908149e+04  1.928328e+01
5  -6.858332e+03  -5.406461e+01
6  -2.875073e+03  -4.851998e+01
7  -4.790522e+02  -1.884764e+01
8  9.146374e+00  2.528050e+00
9  -8.714240e+01  5.930476e+00
10  2.155044e+02  -3.356120e+00
11  2.272456e+02  -3.146837e+00
12  1.488392e+02  -1.736558e+00
13  5.239707e+01  -1.171240e+00
14  1.807941e+01  -4.083408e-01
15  2.345339e-01  4.080346e-01
16  -5.171458e+00  4.450165e-01
17  -2.918272e+00  2.402638e-01
18  -5.980048e-01  3.496609e-01
19  -1.261185e+00  1.516549e-01
20  -1.082750e+00  6.822252e-02
21  -2.642266e-01  2.659910e-02
22  -2.755142e-02  1.540288e-02
23  1.388485e-01  1.017617e-02
24  1.722196e-01  6.690092e-03
25  6.494144e-02  5.070192e-03
26  1.600873e-03  2.970591e-03
27  -1.902484e-02  3.901242e-03
28  -1.644812e-02  2.603552e-03
29  -1.228773e-02  1.681169e-03
30  2.614232e-03  8.648020e-04
31  4.153978e-03  1.895006e-04
32  6.382907e-03  -2.210541e-04
33  -1.884642e-03  -1.289060e-04
34  -1.360517e-02  -6.707905e-04
35  -3.948173e-02  -2.383249e-03
36  -5.786724e-02  -4.358793e-03
37  -6.845261e-02  -4.836284e-03
38  -7.849232e-02  -6.809658e-03
39  -1.036200e-01  -3.122100e-03
40  -4.125743e-02  5.246624e-03
41  1.726119e-01  2.434479e-02
42  5.490709e-01  4.453841e-02
43  9.540196e-01  2.589575e-02
44  6.374403e-01  -5.069460e-02
45  4.342895e-01  -8.432431e-02
46  -1.469873e+00  5.845389e-02
47  -4.981754e+00  8.008260e-02
48  -1.023805e+01  -2.311643e-01
49  -2.256697e+01  -1.110003e+00
50  -4.648453e+01  -1.014815e+00
51  -6.279981e+01  -3.002212e+00
52  -5.578047e+01  -4.343790e+00
53  -6.410415e+01  -6.593386e+00
54  -1.144811e+02  -5.803600e+00
55  -9.872390e+01  -2.671190e+00
56  -1.633107e+02  2.126287e+01
57  -5.075010e+02  3.262302e+01
58  -2.299361e+03  3.857261e+01
59  -7.036136e+03  2.415038e-01
60  -1.997182e+04  -6.308429e+01
61  -5.419509e+04  -8.702279e+01
62  -1.386811e+05  9.481857e+01
63  -6.200546e+05  -2.252287e+02
ENDPROP
STARTPROP
MASSES:  4.500000e-02   4.500000e-02
SOURCE: GAM_24
SINKS: GAM_24
0  1.557652e+05  3.426515e+02
1  1.376454e+06  -5.836028e+01
2  5.568794e+05  -6.917321e+01
3  2.791435e+05  -1.370137e+02
4  1.376587e+05  -1.628892e+02
5  6.913757e+04  -1.274332e+02
6  3.314109e+04  -8.631403e+01
7  1.528464e+04  -5.991302e+01
8  7.227508e+03  -4.602530e+01
9  3.505474e+03  -3.249055e+01
10  1.666018e+03  -1.277329e+01
11  7.312064e+02  -8.805474e+00
12  3.517361e+02  4.677345e-01
13  2.061817e+02  9.232098e-01
14  1.135904e+02  1.873575e+00
15  5.482747e+01  5.728583e-01
16  2.438311e+01  -2.320272e-01
17  8.669768e+00  1.590321e-02
18  4.359313e+00  -4.873904e-02
19  2.373284e+00  2.400054e-02
20  1.541901e+00  4.583453e-02
21  5.773664e-01  4.975056e-02
22  6.480646e-01  9.947005e-03
23  3.977848e-01  -6.457339e-03
24  1.170769e-01  -9.167808e-03
25  1.651428e-01  -6.345590e-03
26  1.079210e-01  -7.772977e-03
27  2.913851e-02  -4.331911e-03
28  -2.198392e-04  -1.283520e-03
29  -1.811379e-03  -2.298008e-03
30  6.692542e-03  -1.644647e-03
31  1.504577e-02  -7.422287e-04
32  2.522048e-02  -4.005437e-04
33  2.757655e-02  -2.001372e-04
34  3.358651e-02  3.078114e-04
35  4.388385e-02  1.475065e-03
36  4.739248e-02  1.221300e-03
37  3.409630e-02  2.971367e-03
38  5.034428e-02  4.412583e-03
39  9.451127e-02  8.161285e-03
40  2.605552e-01  6.223982e-03
41  2.598216e-01  8.139123e-03
42  3.098175e-01  -1.618916e-02
43  -2.362450e-01  9.573073e-03
44  -2.081681e+00  7.376967e-02
45  -2.518344e+00  1.624607e-01
46  -3.168392e+00  2.447704e-01
47  -3.332839e+00  4.947757e-01
48  -2.330104e+00  8.164961e-01
49  1.790174e-01  6.548980e-01
50  2.956006e+01  1.407850e+00
51  9.334317e+01  1.419434e+00
52  2.603700e+02  9.669925e-01
53  5.898320e+02  -2.219161e+00
54  1.356942e+03  9.305170e-02
55  2.889356e+03  1.009775e+01
56  6.125948e+03  3.114942e+01
57  1.252284e+04  7.059419e+01
58  2.709723e+04  1.057946e+02
59  5.818836e+04  6.252682e+01
60  1.235259e+05  6.807453e+01
61  2.589454e+05  1.438630e+02
62  5.449337e+05  1.641540e+02
63  1.364295e+06  1.763956e+02
ENDPROP
STARTPROP
MASSES:  4.500000e-02   4.500000e-02
SOURCE: GAM_42
SINKS: GAM_42
0  1.557652e+05  3.426515e+02
1  1.376454e+06  -5.836028e+01
2  5.568794e+05  -6.917321e+01
3  2.791435e+05  -1.370137e+02
4  1.376587e+05  -1.628892e+02
5  6.913757e+04  -1.274332e+02
6  3.314109e+04  -8.631403e+01
7  1.528464e+04  -5.991302e+01
8  7.227508e+03  -4.602530e+01
9  3.505474e+03  -3.249055e+01
10  1.666018e+03  -1.277329e+01
11  7.312064e+02  -8.805474e+00
12  3.517361e+02  4.677345e-01
13  2.061817e+02  9.232098e-01
14  1.135904e+02  1.873575e+00
15  5.482747e+01  5.728583e-01
16  2.438311e+01  -2.320272e-01
17  8.669768e+00  1.590321e-02
18  4.359313e+00  -4.873904e-02
19  2.373284e+00  2.400054e-02
20  1.541901e+00  4.583453e-02
21  5.773664e-01  4.975056e-02
22  6.480646e-01  9.947005e-03
23  3.977848e-01  -6.457339e-03
24  1.170769e-01  -9.167808e-03
25  1.651428e-01  -6.345590e-03
26  1.079210e-01  -7.772977e-03
27  2.913851e-02  -4.331911e-03
28  -2.198392e-04  -1.283520e-03
29  -1.811379e-03  -2.298008e-03
30  6.692542e-03  -1.644647e-03
31  1.504577e-02  -7.422287e-04
32  2.522048e-02  -4.005437e-04
33  2.757655e-02  -2.001372e-04
34  3.358651e-02  3.078114e-04
35  4.388385e-02  1.475065e-03
36  4.739248e-02  1.221300e-03
37  3.409630e-02  2.971367e-03
38  5.034428e-02  4.412583e-03
39  9.451127e-02  8.161285e-03
40  2.605552e-01  6.223982e-03
41  2.598216e-01  8.139123e-03
42  3.098175e-01  -1.618916e-02
43  -2.362450e-01  9.573073e-03
44  -2.081681e+00  7.376967e-02
45  -2.518344e+00  1.624607e-01
46  -3.168392e+00  2.447704e-01
47  -3.332839e+00  4.947757e-01
48  -2.330104e+00  8.164961e-01
49  1.790174e-01  6.548980e-01
50  2.956006e+01  1.407850e+00
51  9.334317e+01  1.419434e+00
52  2.603700e+02  9.669925e-01
53  5.898320e+02  -2.219161e+00
54  1.356942e+03  9.305170e-02
55  2.889356e+03  1.009775e+01
56  6.125948e+03  3.114942e+01
57  1.252284e+04  7.059419e+01
58  2.709723e+04  1.057946e+02
59  5.818836e+04  6.252682e+01
60  1.235259e+05  6.807453e+01
61  2.589454e+05  1.438630e+02
62  5.449337e+05  1.641540e+02
63  1.364295e+06  1.763956e+02
ENDPROP
STARTPROP
MASSES:  4.500000e-02   4.500000e-02
SOURCE: GAM_34
SINKS: GAM_34
0  1.520495e+05  -9.488305e+01
1  1.372603e+06  1.143157e+02
2  5.488293e+05  1.276041e+02
3  2.716127e+05  4.366008e+01
4  1.325842e+05  -5.339943e+01
5  6.536430e+04  -5.372996e+01
6  3.105880e+04  -8.084645e+01
7  1.579254e+04  -7.662286e+01
8  8.379736e+03  -4.867230e+01
9  4.072121e+03  -2.500636e+01
10  1.934575e+03  -8.416668e+00
11  9.044375e+02  -9.405508e+00
12  3.548391e+02  -4.088648e+00
13  9.594362e+01  -3.165053e+00
14  3.329778e+00  -2.917992e+00
15  -2.422375e+00  -2.407007e+00
16  4.415395e+00  -1.371149e+00
17  1.280600e+00  -5.393493e-01
18  2.305780e+00  -2.667103e-01
19  8.125809e-01  -9.711873e-02
20  -5.243706e-01  -1.266766e-01
21  -1.289170e+00  -1.044189e-01
22  -9.479320e-01  -6.752348e-02
23  -4.087298e-01  -4.269707e-02
24  -1.828994e-01  -2.433969e-02
25  -2.312985e-01  -1.347661e-02
26  -1.596103e-01  -6.648717e-03
27  -8.898009e-02  -3.665448e-03
28  -4.010005e-02  -4.597967e-03
29  -1.768021e-02  -2.271295e-03
30  -9.745613e-03  -7.776487e-04
31  -9.865844e-03  -2.411162e-04
32  -6.232152e-03  4.420082e-04
33  -4.094855e-03  1.567517e-03
34  -7.894201e-03  3.058802e-03
35  -2.357990e-03  4.528815e-03
36  -1.524907e-02  4.271718e-03
37  -8.430645e-05  4.337064e-03
38  5.536105e-02  6.564687e-03
39  2.217692e-01  -2.133419e-03
40  3.216166e-01  -6.950596e-03
41  4.809785e-01  -2.228851e-02
42  1.067356e+00  -5.687781e-02
43  2.087340e+00  -1.615410e-01
44  4.263275e+00  -2.813325e-01
45  7.054255e+00  -4.408240e-01
46  5.908596e+00  -5.408490e-01
47  -2.425366e-01  -8.636770e-01
48  -6.951455e+00  -1.481803e+00
49  -1.218066e+01  -1.041002e+00
50  5.770896e+00  -2.731623e-01
51  1.796187e+01  -3.753546e-01
52  1.130434e+02  9.665366e-03
53  3.102344e+02  5.330780e+00
54  8.844714e+02  1.174441e+01
55  1.910472e+03  7.581129e+00
56  4.299320e+03  2.472996e+01
57  9.781394e+03  1.239885e+01
58  2.307974e+04  -6.536009e+01
59  5.064943e+04  -1.019987e+02
60  1.143563e+05  -1.290034e+02
61  2.540717e+05  -1.136468e+02
62  5.382630e+05  -4.255280e+01
63  1.352210e+06  -3.071975e+02
ENDPROP
STARTPROP
MASSES:  4.500000e-02   4.500000e-02
SOURCE: GAM_43
SINKS: GAM_43
0  1.520495e+05  -9.488305e+01
1  1.372603e+06  1.143157e+02
2  5.488293e+05  1.276041e+02
3  2.716127e+05  4.366008e+01
4  1.325842e+05  -5.339943e+01
5  6.536430e+04  -5.372996e+01
6  3.105880e+04  -8.084645e+01
7  1.579254e+04  -7.662286e+01
8  8.379736e+03  -4.867230e+01
9  4.072121e+03  -2.500636e+01
10  1.934575e+03  -8.416668e+00
11  9.044375e+02  -9.405508e+00
12  3.548391e+02  -4.088648e+00
13  9.594362e+01  -3.165053e+00
14  3.329778e+00  -2.917992e+00
15  -2.422375e+00  -2.407007e+00
16  4.415395e+00  -1.371149e+00
17  1.280600e+00  -5.393493e-01
18  2.305780e+00  -2.667103e-01
19  8.125809e-01  -9.711873e-02
20  -5.243706e-01  -1.266766e-01
21  -1.289170e+00  -1.044189e-01
22  -9.479320e-01  -6.752348e-02
23  -4.087298e-01  -4.269707e-02
24  -1.828994e-01  -2.433969e-02
25  -2.312985e-01  -1.347661e-02
26  -1.596103e-01  -6.648717e-03
27  -8.898009e-02  -3.665448e-03
28  -4.010005e-02  -4.597967e-03
29  -1.768021e-02  -2.271295e-03
30  -9.745613e-03  -7.776487e-04
31  -9.865844e-03  -2.411162e-04
32  -6.232152e-03  4.420082e-04
33  -4.094855e-03  1.567517e-03
34  -7.894201e-03  3.058802e-03
35  -2.357990e-03  4.528815e-03
36  -1.524907e-02  4.271718e-03
37  -8.430645e-05  4.337064e-03
38  5.536105e-02  6.564687e-03
39  2.217692e-01  -2.133419e-03
40  3.216166e-01  -6.950596e-03
41  4.809785e-01  -2.228851e-02
42  1.067356e+00  -5.687781e-02
43  2.087340e+00  -1.615410e-01
44  4.263275e+00  -2.813325e-01
45  7.054255e+00  -4.408240e-01
46  5.908596e+00  -5.408490e-01
47  -2.425366e-01  -8.636770e-01
48  -6.951455e+00  -1.481803e+00
49  -1.218066e+01  -1.041002e+00
50  5.770896e+00  -2.731623e-01
51  1.796187e+01  -3.753546e-01
52  1.130434e+02  9.665366e-03
53  3.102344e+02  5.330780e+00
54  8.844714e+02  1.174441e+01
55  1.910472e+03  7.581129e+00
56  4.299320e+03  2.472996e+01
57  9.781394e+03  1.239885e+01
58  2.307974e+04  -6.536009e+01
59  5.064943e+04  -1.019987e+02
60  1.143563e+05  -1.290034e+02
61  2.540717e+05  -1.136468e+02
62  5.382630e+05  -4.255280e+01
63  1.352210e+06  -3.071975e+02
ENDPROP
STARTPROP
MASSES:  4.500000e-02   4.500000e-02
SOURCE: GAM_15
SINKS: GAM_15
0  9.348620e+04  6.632781e+02
1  -9.229832e+05  4.574323e+02
2  -2.775955e+05  1.551641e+02
3  -1.095660e+05  2.691852e+02
4  -4.016888e+04  -8.002974e+01
5  -1.442571e+04  -1.246601e+02
6  -4.884478e+03  -1.003261e+02
7  -1.097420e+03  -1.290450e+01
8  -7.433764e+01  2.876883e+01
9  1.098369e+02  2.321913e+01
10  1.504507e+02  6.826479e+00
11  2.011014e+01  6.075386e+00
12  2.938623e+01  9.422698e+00
13  7.031921e+01  6.301860e+00
14  5.005892e+01  3.788364e+00
15  2.315305e+01  2.067982e+00
16  7.798498e+00  1.128133e+00
17  1.210687e+00  2.698389e-01
18  -1.734180e-01  -1.294636e-01
19  -8.464110e-01  -2.023184e-02
20  4.766289e-01  -2.643832e-02
21  7.986403e-01  -7.957138e-02
22  3.245449e-01  -6.276006e-02
23  7.297637e-02  -2.040340e-02
24  -6.849772e-02  -3.103491e-03
25  8.081618e-03  -4.296597e-03
26  5.230400e-02  -2.646889e-03
27  5.412698e-02  -1.874650e-03
28  4.342155e-02  -2.246115e-03
29  3.052494e-02  -1.216876e-03
30  1.032771e-02  -3.074497e-04
31  1.682888e-03  -5.371046e-05
32  1.204736e-03  1.741434e-04
33  -6.279512e-03  -1.512435e-04
34  -1.595712e-02  -1.186614e-03
35  -3.680672e-02  -2.020159e-03
36  -7.304423e-02  -2.484611e-03
37  -1.113584e-01  -3.008225e-03
38  -1.123675e-01  -3.812459e-03
39  -7.360670e-02  -1.284123e-03
40  -1.405086e-01  1.273782e-02
41  -3.447629e-01  3.677022e-02
42  -4.249648e-01  8.067509e-02
43  -3.730046e-01  1.371414e-01
44  -5.666707e-01  1.856827e-01
45  -2.430257e+00  1.793188e-01
46  -9.599763e+00  6.641609e-02
47  -1.856214e+01  2.594309e-02
48  -2.207668e+01  1.937659e-01
49  -3.273214e+01  -2.631542e-01
50  -4.836055e+01  -2.061463e+00
51  -1.326405e+01  -2.642754e+00
52  5.800532e+01  -1.803007e+00
53  3.949760e+01  -4.247244e+00
54  4.620139e+01  -7.762381e+00
55  -1.264482e+02  -3.569277e+00
56  -3.612947e+02  -1.560046e+01
57  -1.245756e+03  -6.684925e+01
58  -3.330058e+03  -8.359760e+01
59  -1.112551e+04  -7.929926e+01
60  -3.587945e+04  -1.901835e+01
61  -9.514819e+04  8.121276e+01
62  -2.491462e+05  -1.215677e+02
63  -8.896892e+05  1.472875e+02
ENDPROP
STARTPROP
MASSES:  4.500000e-02   4.500000e-02
SOURCE: GAM_25
SINKS: GAM_25
0  9.836027e+04  -7.075547e+01
1  -9.028116e+05  -6.167403e+02
2  -2.557571e+05  -3.918385e+02
3  -9.689995e+04  -6.858187e+01
4  -3.649959e+04  -1.405262e+02
5  -1.392316e+04  -1.969816e+02
6  -5.616789e+03  -1.244948e+02
7  -2.357147e+03  -6.171467e+01
8  -1.248846e+03  -4.180619e+01
9  -5.105009e+02  -2.560256e+01
10  -8.398676e+01  -1.178779e+01
11  9.032268e+00  -5.934225e+00
12  -2.155392e+01  -3.955583e+00
13  -2.049649e+01  -2.316455e+00
14  -2.770160e+00  -7.392532e-01
15  -6.341958e+00  -4.002058e-02
16  -1.379458e+01  -1.124210e-01
17  -3.300312e+00  -5.381116e-01
18  4.974004e+00  -3.630403e-01
19  4.579479e+00  -7.206792e-02
20  2.481368e+00  -5.550352e-02
21  7.634698e-01  -7.994114e-03
22  3.508776e-01  2.242339e-02
23  3.126614e-01  1.764343e-02
24  1.682723e-01  1.300996e-02
25  2.483407e-02  7.886090e-03
26  5.866900e-02  3.110490e-03
27  3.946888e-02  7.757715e-04
28  2.298846e-02  1.442459e-03
29  2.048180e-02  1.896416e-03
30  1.482830e-02  1.205151e-03
31  1.562724e-02  8.586822e-04
32  1.311620e-02  -5.536072e-06
33  1.069395e-02  -1.126517e-03
34  2.380316e-02  -2.421199e-03
35  3.338978e-02  -4.727559e-03
36  3.766793e-02  -6.542280e-03
37  2.296665e-02  -9.603833e-03
38  1.664573e-02  -1.231824e-02
39  4.028791e-02  -6.683834e-03
40  -2.715697e-03  1.002561e-02
41  -7.826751e-02  1.676681e-02
42  1.644284e-01  4.044553e-02
43  6.678264e-01  5.494961e-02
44  1.273029e+00  -5.627135e-02
45  3.950551e+00  -1.732941e-01
46  8.075030e+00  -1.546796e-01
47  1.423130e+01  9.208063e-02
48  1.912360e+01  -2.195079e-01
49  2.191364e+01  -1.092470e+00
50  4.968841e+01  4.017880e-01
51  7.674571e+01  1.319035e+00
52  2.932024e+01  1.683258e+00
53  3.292736e+01  -2.629736e-01
54  6.039105e+01  -4.950011e+00
55  -1.018196e+02  -2.815233e+01
56  -7.310556e+02  -5.198846e+01
57  -1.954684e+03  -6.297571e+01
58  -5.644543e+03  -6.197364e+01
59  -1.589900e+04  -7.952820e+01
60  -4.035313e+04  -1.090872e+02
61  -1.020633e+05  -1.766525e+02
62  -2.581199e+05  -1.028027e+02
63  -8.924433e+05  -4.666334e+00
ENDPROP
STARTPROP
MASSES:  4.500000e-02   4.500000e-02
SOURCE: GAM_35
SINKS: GAM_35
0  8.206110e+04  -2.019794e+02
1  -9.101202e+05  -1.198019e+01
2  -2.598506e+05  1.057786e+02
3  -9.764550e+04  2.625401e+02
4  -3.891189e+04  1.745518e+02
5  -1.566653e+04  9.585433e+01
6  -6.494504e+03  -1.269434e+01
7  -2.951150e+03  -4.048428e+01
8  -9.931905e+02  -3.050965e+01
9  -3.477732e+02  -6.594322e+00
10  2.384382e+01  -2.398843e+00
11  1.957741e+01  3.499954e+00
12  1.685142e+01  2.678800e+00
13  4.348804e+01  -1.310720e+00
14  4.165678e+01  -2.318403e+00
15  1.764570e+01  -1.276239e+00
16  4.318706e+00  -4.344925e-01
17  -3.019646e+00  6.106118e-02
18  -6.711405e+00  4.273688e-02
19  -5.053909e+00  -4.385419e-02
20  -2.429961e+00  -4.347108e-02
21  -8.558389e-01  -3.146965e-02
22  -4.467274e-01  -3.331801e-02
23  -2.427605e-01  -1.455944e-02
24  -1.112909e-01  1.386934e-03
25  -7.221780e-02  4.518887e-03
26  -2.489006e-02  3.489593e-03
27  -2.072871e-02  -7.353207e-04
28  -2.105878e-02  -1.898188e-04
29  -3.623963e-03  1.084816e-03
30  7.588655e-03  1.130829e-03
31  1.016008e-02  8.732598e-04
32  1.358556e-02  7.485371e-04
33  1.950624e-02  6.602577e-04
34  2.076055e-02  1.047241e-03
35  1.740842e-02  2.734223e-03
36  8.376948e-03  6.091401e-03
37  2.952288e-02  1.094350e-02
38  2.020246e-02  1.973381e-02
39  1.058727e-01  3.186263e-02
40  2.136936e-01  4.593184e-02
41  1.700348e-01  6.547323e-02
42  2.049515e-01  7.338306e-02
43  4.671705e-01  7.478213e-02
44  1.086738e+00  1.273507e-01
45  2.294101e+00  1.455426e-01
46  5.690208e+00  -8.701436e-02
47  8.039735e+00  -1.644345e-01
48  1.845974e+01  -5.731045e-01
49  1.477842e+01  -8.109164e-01
50  -7.410123e+00  -8.592344e-01
51  -1.853478e+01  4.026481e-01
52  2.982351e+01  6.024191e+00
53  1.145019e+02  1.494167e+01
54  2.649449e+02  2.892867e+01
55  2.582391e+02  3.761199e+01
56  1.137396e+02  4.977383e+01
57  -1.450932e+03  7.984567e+01
58  -5.895433e+03  8.104314e+01
59  -1.607908e+04  4.795051e-02
60  -4.060246e+04  -9.896185e+01
61  -1.110746e+05  -1.990795e+02
62  -2.819547e+05  -2.641462e+02
63  -9.278426e+05  -3.636983e+02
ENDPROP
STARTPROP
MASSES:  4.500000e-02   4.500000e-02
SOURCE: GAM_45
SINKS: GAM_45
0  -1.019964e+06  -1.492932e+02
1  1.098312e+06  -2.350885e+01
2  5.223063e+05  1.406551e+02
3  3.331873e+05  3.859625e+01
4  2.072315e+05  -9.252806e+01
5  1.276266e+05  -1.468377e+02
6  7.798657e+04  -5.293994e+01
7  4.772005e+04  -4.719291e+01
8  2.906159e+04  -4.831649e+01
9  1.749010e+04  -4.342850e+01
10  1.039702e+04  -2.372529e+01
11  6.254589e+03  -1.325514e+01
12  3.765436e+03  -3.172018e+00
13  2.271328e+03  -4.451645e+00
14  1.364612e+03  -3.812877e+00
15  8.413894e+02  -2.557072e+00
16  5.072324e+02  -2.151380e+00
17  3.071242e+02  -1.537478e+00
18  1.859918e+02  -1.254073e+00
19  1.149365e+02  -7.804620e-01
20  7.124046e+01  -4.743589e-01
21  4.401151e+01  -3.294712e-01
22  2.715252e+01  -2.480686e-01
23  1.683150e+01  -1.476402e-01
24  1.041044e+01  -9.790147e-02
25  6.292088e+00  -6.153719e-02
26  3.786668e+00  -3.755583e-02
27  2.366300e+00  -2.501855e-02
28  1.430860e+00  -1.477364e-02
29  8.975475e-01  -8.299491e-03
30  5.838285e-01  -5.119359e-03
31  4.242282e-01  -2.647713e-03
32  3.764465e-01  -1.054433e-03
33  4.354911e-01  8.855478e-04
34  5.998185e-01  3.434372e-03
35  9.413509e-01  7.436001e-03
36  1.506906e+00  1.114273e-02
37  2.368431e+00  1.709300e-02
38  3.810801e+00  2.663606e-02
39  6.094490e+00  4.973736e-02
40  9.964416e+00  7.319531e-02
41  1.603521e+01  1.278429e-01
42  2.648940e+01  1.700885e-01
43  4.439013e+01  2.766724e-01
44  7.236260e+01  4.952721e-01
45  1.186336e+02  8.144563e-01
46  1.936019e+02  1.119457e+00
47  3.170071e+02  1.604533e+00
48  5.191268e+02  1.901364e+00
49  8.604360e+02  3.107973e+00
50  1.416250e+03  4.868484e+00
51  2.334085e+03  6.252642e+00
52  3.798386e+03  9.771455e+00
53  6.206035e+03  6.466356e+00
54  1.014782e+04  1.708051e+00
55  1.667496e+04  -3.203325e+00
56  2.722565e+04  1.555540e+01
57  4.464530e+04  5.314825e+01
58  7.327873e+04  1.134745e+02
59  1.193013e+05  1.464555e+02
60  1.964704e+05  1.510763e+02
61  3.223726e+05  1.364093e+02
62  5.230539e+05  1.945788e+02
63  1.091458e+06  -2.045121e+02
ENDPROP
STARTPROP
MASSES:  4.500000e-02   4.500000e-02
SOURCE: PSAX4
SINKS: GAM_4
0  8.018957e+03  9.078332e+02
1  1.679870e+06  3.481402e+01
2  9.199034e+05  -2.492035e+02
3  5.726512e+05  -2.173604e+02
4  3.505567e+05  -2.335137e+02
5  2.133165e+05  -2.307617e+02
6  1.303672e+05  -9.948632e+01
7  7.922875e+04  -8.177605e+01
8  4.839165e+04  -7.783428e+01
9  2.913161e+04  -6.054000e+01
10  1.739169e+04  -2.565140e+01
11  1.053081e+04  -1.308767e+01
12  6.334672e+03  -2.829751e+00
13  3.833217e+03  -5.083534e+00
14  2.311508e+03  -4.145837e+00
15  1.424939e+03  -2.088217e+00
16  8.642316e+02  -2.000715e+00
17  5.263326e+02  -1.426326e+00
18  3.175642e+02  -1.234894e+00
19  1.948963e+02  -7.480326e-01
20  1.189256e+02  -4.498185e-01
21  7.336319e+01  -3.224276e-01
22  4.476946e+01  -2.417919e-01
23  2.753251e+01  -1.258101e-01
24  1.686517e+01  -8.209552e-02
25  1.017060e+01  -5.200564e-02
26  6.128916e+00  -3.097821e-02
27  3.796794e+00  -2.051832e-02
28  2.269525e+00  -1.279771e-02
29  1.342737e+00  -7.915725e-03
30  7.406522e-01  -5.776201e-03
31  3.254612e-01  -4.432203e-03
32  -4.735091e-03  -3.540017e-03
33  -3.459969e-01  -3.826603e-03
34  -7.616330e-01  -4.722706e-03
35  -1.395685e+00  -7.997438e-03
36  -2.362070e+00  -1.022664e-02
37  -3.826254e+00  -1.503931e-02
38  -6.242792e+00  -2.349987e-02
39  -1.015854e+01  -4.443282e-02
40  -1.676193e+01  -6.380484e-02
41  -2.711629e+01  -1.190438e-01
42  -4.501816e+01  -1.645586e-01
43  -7.518376e+01  -2.339656e-01
44  -1.235207e+02  -4.354460e-01
45  -2.033399e+02  -8.038701e-01
46  -3.326518e+02  -1.210200e+00
47  -5.480051e+02  -1.507932e+00
48  -8.958255e+02  -1.397217e+00
49  -1.477932e+03  -2.386442e+00
50  -2.432202e+03  -4.224750e+00
51  -4.016504e+03  -4.913022e+00
52  -6.536713e+03  -5.583901e+00
53  -1.069610e+04  6.073156e+00
54  -1.764294e+04  1.857169e+01
55  -2.897791e+04  2.555057e+01
56  -4.730864e+04  6.033600e+00
57  -7.792112e+04  -2.265334e+01
58  -1.274843e+05  -3.897694e+01
59  -2.088109e+05  -7.666490e+01
60  -3.426463e+05  -1.625210e+00
61  -5.624985e+05  1.127755e+02
62  -9.210058e+05  5.826998e+01
63  -1.665522e+06  5.100507e+02
ENDPROP
STARTPROP
MASSES:  4.500000e-02   4.500000e-02
SOURCE: WWPSAX4
SINKS: GAM_4
0  -1.238323e+08  6.126128e+06
1  1.186428e+09  -5.935411e+05
2  3.936482e+08  -6.043503e+04
3  3.810562e+08  3.632818e+05
4  2.381377e+08  -1.070236e+05
5  8.915899e+07  3.351049e+05
6  6.316440e+07  2.450507e+05
7  3.346455e+07  -2.203710e+05
8  2.385765e+07  -6.809900e+04
9  1.181662e+07  5.969170e+04
10  1.018880e+07  -8.314905e+04
11  4.908781e+06  3.462473e+04
12  3.236983e+06  3.589067e+04
13  1.764571e+06  -6.222937e+03
14  1.325952e+06  -1.444804e+04
15  5.926836e+05  9.137609e+03
16  4.257777e+05  -1.192551e+03
17  2.423304e+05  3.577471e+03
18  1.525821e+05  -1.265616e+03
19  1.283366e+05  -2.330605e+03
20  8.054299e+04  -1.304852e+03
21  4.189728e+04  -3.303315e+02
22  1.698829e+04  -3.648675e+02
23  1.477176e+04  -1.213678e+02
24  5.445200e+03  -1.076028e+02
25  6.470450e+03  -5.136726e+01
26  3.730460e+03  -2.792442e+01
27  1.968572e+03  -6.515658e+01
28  1.330143e+03  -8.294509e+00
29  7.577146e+02  -4.073590e+00
30  3.819847e+02  5.805496e+00
31  1.347396e+02  -3.631866e+00
32  9.962689e+01  -2.911097e-01
33  -2.744098e+02  -3.116680e+00
34  -3.323069e+02  8.064318e+00
35  -7.541751e+02  -4.052540e+00
36  -1.389412e+03  2.343801e-01
37  -1.589490e+03  -2.875581e+01
38  -3.510131e+03  1.584808e+01
39  -5.311935e+03  -1.334796e+02
40  -1.233560e+04  -3.167651e+02
41  -1.201436e+04  -2.391136e+02
42  -2.394571e+04  -1.738500e+02
43  -3.482525e+04  -3.678677e+02
44  -6.236615e+04  -3.029699e+02
45  -9.398199e+04  4.565107e+02
46  -1.947547e+05  -2.791237e+03
47  -3.124846e+05  1.608025e+02
48  -4.005024e+05  5.362762e+03
49  -5.848413e+05  -3.092746e+03
50  -1.083134e+06  -4.523204e+03
51  -2.967505e+06  -4.758030e+04
52  -3.232389e+06  -6.865432e+04
53  -7.891474e+06  1.643813e+04
54  -1.117704e+07  -6.988991e+04
55  -1.211921e+07  -1.627780e+05
56  -1.946396e+07  3.824673e+04
57  -2.359256e+07  1.662046e+05
58  -7.912473e+07  -1.974374e+05
59  -1.153288e+08  -7.545926e+05
60  -1.918789e+08  -5.338730e+05
61  -3.391944e+08  -2.608729e+06
62  -5.893113e+08  -2.622429e+05
63  -1.187358e+09  5.712755e+06
ENDPROP
STARTPROP
MASSES:  4.500000e-02   4.500000e-02
SOURCE: WWGAM_5
SINKS: GAM_5
0  2.004571e+10  -2.707501e-01
1  1.658444e+09  -1.896360e+06
2  6.378332e+08  2.949535e+06
3  5.923733e+08  5.841930e+05
4  3.378169e+08  -3.489799e+05
5  1.634927e+08  -5.699773e+03
6  1.017414e+08  6.223545e+04
7  6.049926e+07  -1.290463e+05
8  4.008579e+07  -2.177216e+05
9  2.032202e+07  6.073927e+04
10  1.747019e+07  -9.900240e+04
11  8.826557e+06  -1.968811e+04
12  5.452121e+06  4.330803e+04
13  3.276766e+06  -3.298127e+03
14  2.082868e+06  -1.446083e+04
15  1.035689e+06  1.959520e+03
16  7.472569e+05  -1.016834e+03
17  4.427811e+05  -6.096834e+02
18  2.725096e+05  -5.008657e+02
19  1.816490e+05  -3.125302e+03
20  1.265013e+05  -1.083949e+03
21  6.746820e+04  -3.489019e+02
22  2.967279e+04  -3.939932e+02
23  2.507658e+04  -1.584437e+02
24  1.064277e+04  -1.905021e+02
25  1.026761e+04  2.408875e+01
26  5.203459e+03  -2.811891e+01
27  3.162710e+03  -6.539249e+01
28  2.351467e+03  -2.237075e+01
29  1.298370e+03  2.430976e+00
30  8.015120e+02  4.387288e+00
31  5.502038e+02  1.451998e+00
32  5.673322e+02  -6.444140e+00
33  5.600008e+02  2.200721e+00
34  7.692592e+02  -9.916923e+00
35  1.391197e+03  -2.693402e+00
36  2.338385e+03  9.880693e+00
37  2.648040e+03  2.602818e+01
38  5.599971e+03  -5.618647e+00
39  9.215595e+03  1.323854e+02
40  1.659817e+04  2.749101e+02
41  2.166986e+04  1.733999e+02
42  4.244896e+04  5.103497e+02
43  6.118256e+04  1.857219e+02
44  1.078103e+05  9.698378e+02
45  1.487548e+05  -1.437257e+02
46  2.969666e+05  3.635310e+03
47  5.069990e+05  4.042474e+03
48  6.830121e+05  2.581460e+03
49  1.080442e+06  6.991259e+03
50  1.734843e+06  -6.205589e+03
51  4.000580e+06  5.543796e+04
52  4.988967e+06  7.319234e+04
53  1.137079e+07  -7.647798e+03
54  1.728868e+07  4.114571e+04
55  2.093442e+07  1.770560e+05
56  3.168680e+07  -2.248889e+04
57  5.165720e+07  -1.757549e+05
58  1.225374e+08  1.048531e+05
59  1.874626e+08  4.638343e+05
60  3.157648e+08  6.675546e+05
61  5.352520e+08  2.757716e+06
62  9.060102e+08  -1.163944e+06
63  1.745046e+09  -4.121552e+06
ENDPROP
