STARTPROP
MASSES:  4.200000e-03   4.500000e-02
SOURCE: GAM_1
SINKS: GAM_1
0  1.210272e+06  -1.217111e+04
1  1.943700e+06  -8.449120e+03
2  9.341233e+05  -1.021572e+04
3  5.026586e+05  -1.090791e+04
4  2.637883e+05  -7.480154e+03
5  1.293800e+05  -6.234208e+03
6  6.626162e+04  -7.481387e+03
7  3.461607e+04  -8.862253e+03
8  1.807079e+04  -5.991361e+03
9  9.949499e+03  -3.227495e+03
10  5.993237e+03  -1.585751e+03
11  4.245571e+03  -8.435997e+02
12  2.687810e+03  -7.082770e+02
13  2.075734e+03  -5.106879e+02
14  1.480613e+03  -4.974279e+02
15  7.990713e+02  -5.533439e+02
16  3.782682e+02  -3.987364e+02
17  2.397083e+02  -1.966992e+02
18  2.067012e+02  -8.091287e+01
19  2.116311e+02  -8.462811e+01
20  1.747239e+02  -1.722762e+01
21  1.022784e+02  3.413790e+00
22  7.803631e+01  -4.727122e+00
23  4.503171e+01  -8.069718e+00
24  2.530562e+01  -7.213131e+00
25  1.075189e+01  -1.168482e+01
26  4.200008e+00  -5.749909e+00
27  -1.232369e+00  -3.083244e+00
28  -2.459387e+00  -1.926559e+00
29  -1.945523e+00  -2.613307e-01
30  -3.101628e-01  2.222629e+00
31  -1.104446e+00  3.177267e+00
32  -8.021455e-01  2.941861e+00
33  -1.259713e+00  2.458980e+00
34  -2.462989e+00  2.484561e+00
35  -4.333286e+00  7.514184e-01
36  -4.984486e+00  -2.722660e+00
37  -5.998033e+00  -2.651001e+00
38  -9.986360e+00  -1.009258e+00
39  -1.257239e+01  3.433835e+00
40  -2.828757e+00  1.179083e+01
41  2.024343e+01  1.053500e+01
42  2.032301e+01  1.156746e+01
43  6.381840e+00  2.669827e+01
44  -1.676010e+01  4.381221e+01
45  -5.582145e-01  -7.175106e-01
46  4.037278e+01  -1.228841e+02
47  4.241930e+01  -2.944146e+02
48  1.305079e+02  -5.120880e+02
49  2.270579e+02  -6.941637e+02
50  7.216832e+02  -9.092675e+02
51  1.495528e+03  -9.387556e+02
52  2.849190e+03  -1.278105e+03
53  4.499016e+03  -2.036397e+03
54  7.000512e+03  -1.611451e+03
55  1.239309e+04  -1.523955e+03
56  2.057552e+04  -4.905165e+02
57  3.669062e+04  -6.946669e+02
58  6.799522e+04  -1.097529e+03
59  1.294070e+05  -2.828142e+03
60  2.470313e+05  -4.974194e+03
61  4.693246e+05  -2.365313e+02
62  8.745483e+05  -6.025483e+03
63  1.908066e+06  -1.300556e+04
ENDPROP
STARTPROP
MASSES:  4.200000e-03   4.500000e-02
SOURCE: GAM_2
SINKS: GAM_2
0  1.273815e+06  -1.103648e+04
1  1.969829e+06  -4.909329e+03
2  9.191849e+05  -6.748058e+03
3  4.833863e+05  3.310060e+02
4  2.632716e+05  3.750772e+03
5  1.434932e+05  2.729671e+03
6  8.050104e+04  3.582126e+03
7  4.244011e+04  3.178162e+03
8  2.499142e+04  7.767993e+02
9  1.452775e+04  -5.030451e+02
10  7.210219e+03  -4.987979e+02
11  4.384219e+03  -7.198479e+02
12  2.155693e+03  -7.896788e+02
13  9.011143e+02  -4.316153e+02
14  3.684626e+02  -3.574438e+02
15  2.834413e+01  -3.616403e+02
16  -8.699334e+01  -1.254777e+02
17  -6.465583e+01  5.706409e+01
18  -2.558840e+00  7.860163e+01
19  -4.148718e+01  1.206933e+02
20  -7.663833e+01  1.183549e+02
21  -6.601721e+01  8.263139e+01
22  -3.476466e+01  5.982144e+01
23  -1.366807e+01  4.151767e+01
24  -1.275997e+01  2.045018e+01
25  -1.682445e+01  1.095750e+01
26  -1.553272e+01  1.074151e+01
27  -9.994489e+00  9.081457e+00
28  -5.817944e+00  3.088624e+00
29  -3.712672e+00  -1.177080e+00
30  -4.479492e-01  -1.689872e-01
31  3.635919e+00  5.987524e-01
32  3.625608e+00  8.467394e-01
33  3.457145e+00  1.689895e+00
34  2.230340e+00  2.651881e+00
35  2.015889e+00  4.724442e+00
36  5.106315e+00  7.447465e+00
37  1.018168e+01  7.107473e+00
38  1.210136e+01  7.440633e+00
39  9.974917e+00  1.206542e+01
40  -2.976698e+00  1.706604e+01
41  -1.416307e+01  1.724522e+01
42  -2.833446e+01  2.795790e+00
43  -3.610557e+01  -2.474973e+01
44  -7.304711e+01  -3.674337e+01
45  -1.005811e+02  -4.829226e+01
46  -1.103032e+02  -4.678713e+01
47  -1.719915e+02  -2.429748e+01
48  -1.727207e+02  -6.122012e+01
49  -1.112714e+02  -2.925668e+01
50  -3.237338e+02  -2.153281e+01
51  -9.377221e+02  8.756509e+01
52  -2.598123e+02  -1.088423e+02
53  2.176237e+03  -4.148326e+02
54  6.058507e+03  -1.952638e+02
55  1.013798e+04  2.518223e+03
56  1.876919e+04  4.832160e+03
57  3.787147e+04  5.914514e+03
58  7.150747e+04  6.430388e+03
59  1.400958e+05  1.006810e+04
60  2.725550e+05  9.972636e+03
61  5.140471e+05  1.217542e+03
62  9.401025e+05  -1.102277e+04
63  1.974033e+06  -1.513012e+04
ENDPROP
STARTPROP
MASSES:  4.200000e-03   4.500000e-02
SOURCE: GAM_3
SINKS: GAM_3
0  1.254505e+06  1.981762e+04
1  1.964075e+06  3.013956e+04
2  9.323212e+05  2.078775e+04
3  5.076962e+05  1.690245e+04
4  2.777322e+05  1.534042e+04
5  1.450969e+05  1.176901e+04
6  7.263196e+04  5.492646e+03
7  3.769793e+04  4.441984e+03
8  2.232751e+04  4.086099e+03
9  1.257670e+04  3.023521e+03
10  7.193727e+03  2.112589e+03
11  4.368845e+03  1.971054e+03
12  2.411399e+03  1.834888e+03
13  1.175921e+03  1.277802e+03
14  5.863974e+02  7.967685e+02
15  2.102757e+02  4.519850e+02
16  2.733945e+02  2.493539e+02
17  2.066413e+02  1.905517e+02
18  2.062699e+02  1.650529e+02
19  2.171972e+02  1.214908e+02
20  1.669125e+02  6.835177e+01
21  1.137657e+02  3.077390e+01
22  5.165155e+01  2.854383e+01
23  3.115709e+01  1.045144e+01
24  2.592822e+01  2.103177e+00
25  2.059421e+01  -4.469274e+00
26  1.437621e+01  -1.346798e+00
27  1.154554e+01  1.880074e-01
28  8.152307e+00  -1.930288e+00
29  3.506689e+00  -2.767251e+00
30  2.462910e+00  -3.250043e+00
31  1.006409e+00  -2.651993e+00
32  -3.155347e-01  -1.827924e+00
33  -1.036359e+00  -2.464408e+00
34  -1.061476e+00  -2.091166e+00
35  -1.927126e+00  -3.474460e+00
36  1.971715e-01  -4.942948e+00
37  -2.091228e-01  -8.218399e+00
38  4.582100e+00  -1.187057e+01
39  8.764709e+00  -1.425995e+01
40  1.253439e+01  -2.041779e+01
41  4.831947e+00  -2.414602e+01
42  1.012174e+01  -2.639705e+01
43  3.596499e+01  -3.586870e+01
44  6.615189e+01  -4.162062e+01
45  3.328872e+01  -3.957668e+01
46  -9.311291e+00  -3.103485e+01
47  7.001184e+01  4.658662e+01
48  1.489337e+02  1.132233e+02
49  1.278622e+02  -5.974976e+01
50  1.225289e+02  -1.337062e+02
51  -2.287774e+02  -3.875401e+02
52  -2.697041e+02  -1.119695e+03
53  9.157767e+02  -1.672610e+03
54  3.797161e+03  -2.130423e+03
55  9.553227e+03  -2.079922e+03
56  2.110424e+04  -1.626478e+03
57  4.423763e+04  -1.286111e+03
58  8.226396e+04  -2.582600e+03
59  1.490718e+05  -6.357836e+03
60  2.700178e+05  -3.542673e+03
61  5.035863e+05  3.463444e+03
62  9.099228e+05  7.140682e+03
63  1.953160e+06  6.283703e+03
ENDPROP
STARTPROP
MASSES:  4.200000e-03   4.500000e-02
SOURCE: GAM_4
SINKS: GAM_4
0  2.122519e+06  -2.385063e+02
1  -3.012582e+05  -1.182651e+04
2  -8.618903e+03  -4.801163e+03
3  -8.139090e+03  3.996488e+02
4  -3.666177e+03  1.621607e+02
5  -2.413378e+03  3.594085e+02
6  -3.444445e+03  5.312505e+02
7  -2.460841e+03  -8.542764e+02
8  -6.299649e+02  2.913903e+01
9  -5.607366e+02  -5.520375e+02
10  -6.003585e+02  -1.155453e+02
11  -4.544472e+02  -1.476043e+02
12  -1.636985e+02  8.561995e+01
13  -1.018413e+02  8.978417e+01
14  -9.857443e+01  1.174445e+02
15  -1.946276e+01  9.538437e+01
16  -8.473513e+01  8.366137e+01
17  -2.155036e+01  8.895508e+01
18  1.329397e+01  7.294504e+01
19  1.089829e+01  3.769791e+01
20  1.684861e+01  1.791296e+01
21  2.055028e+01  9.264291e+00
22  1.372182e+01  -2.051484e+00
23  9.840291e+00  -3.199147e+00
24  1.144821e+01  -2.494227e+00
25  1.085425e+01  -3.173642e+00
26  8.545819e+00  -3.002014e+00
27  6.863276e+00  -2.294882e+00
28  4.279559e+00  -1.339143e+00
29  4.058554e+00  6.805293e-02
30  3.539032e+00  3.634945e-01
31  2.650045e+00  1.160782e+00
32  2.338844e+00  1.757185e+00
33  1.872205e+00  2.643816e+00
34  2.330670e+00  2.983196e+00
35  1.577256e+00  4.967485e+00
36  1.864644e-01  5.886470e+00
37  -1.220973e+00  9.532597e+00
38  -3.166945e+00  1.397442e+01
39  -5.584796e+00  1.967351e+01
40  -8.675036e+00  2.499068e+01
41  -1.521721e+01  2.401926e+01
42  -2.631859e+01  2.441649e+01
43  -3.504719e+01  1.936350e+01
44  -5.159803e+01  1.685393e+01
45  -8.010787e+01  -2.449350e+01
46  -1.083055e+02  -4.577436e+01
47  -1.732676e+02  -1.223329e+02
48  -1.223632e+02  -1.795459e+02
49  -1.212456e+02  -2.711185e+02
50  -7.806366e+01  -4.041822e+02
51  -1.083820e+00  -5.962200e+02
52  1.543574e+01  -8.042942e+02
53  1.501574e+02  -1.117965e+03
54  -1.813080e+02  -1.092057e+03
55  -4.274920e+02  -5.800397e+02
56  -5.865188e+02  -5.639020e+02
57  -2.273340e+03  2.534587e+02
58  -3.989096e+03  1.213404e+03
59  -4.967453e+03  1.026333e+03
60  -7.493973e+03  1.943308e+03
61  -1.098745e+04  3.161806e+03
62  -1.762157e+04  2.647440e+03
63  -2.987492e+05  7.576506e+03
ENDPROP
STARTPROP
MASSES:  4.200000e-03   4.500000e-02
SOURCE: GAM_5
SINKS: GAM_5
0  7.055473e+06  -1.603278e+03
1  7.057325e+06  4.364494e+04
2  4.983197e+06  3.534209e+04
3  3.528035e+06  3.205966e+04
4  2.520359e+06  3.813867e+04
5  1.802583e+06  3.126158e+04
6  1.261603e+06  1.859907e+04
7  8.707274e+05  1.265726e+04
8  6.026775e+05  9.403598e+03
9  4.149789e+05  4.976344e+03
10  2.763355e+05  1.341450e+03
11  1.847626e+05  8.346176e+02
12  1.272066e+05  8.483646e+02
13  9.009781e+04  1.305008e+03
14  6.424589e+04  1.457742e+03
15  4.391744e+04  8.303927e+02
16  3.006650e+04  1.931448e+02
17  2.070922e+04  1.230338e+02
18  1.437100e+04  1.207432e+02
19  9.997585e+03  2.916506e+01
20  6.884045e+03  1.684819e+01
21  4.720264e+03  -2.579171e+00
22  3.187112e+03  -9.703490e+00
23  2.170913e+03  -5.603567e+00
24  1.498242e+03  1.946103e+01
25  1.047548e+03  3.981730e+01
26  7.379259e+02  5.142169e+01
27  5.232423e+02  4.309600e+01
28  3.753177e+02  3.085257e+01
29  2.747630e+02  2.553974e+01
30  2.149363e+02  2.344678e+01
31  1.785431e+02  1.974601e+01
32  1.707259e+02  1.393503e+01
33  1.891997e+02  9.357155e+00
34  2.292715e+02  6.672586e+00
35  2.946927e+02  5.436296e+00
36  4.036381e+02  4.442561e-01
37  5.646115e+02  -1.112736e+01
38  7.779175e+02  -2.208874e+01
39  1.069353e+03  -1.770401e+01
40  1.524316e+03  -2.883536e+01
41  2.154122e+03  -5.296696e+01
42  3.139443e+03  -4.045300e+01
43  4.581401e+03  1.000093e+01
44  6.757962e+03  1.169716e+02
45  9.788112e+03  1.807438e+02
46  1.413864e+04  2.971777e+02
47  2.031377e+04  5.411493e+02
48  2.951568e+04  1.140456e+03
49  4.330490e+04  1.904313e+03
50  6.285554e+04  2.856035e+03
51  9.106254e+04  4.021562e+03
52  1.299813e+05  3.825183e+03
53  1.879971e+05  2.044528e+03
54  2.713808e+05  3.082651e+02
55  3.838458e+05  -7.827798e+02
56  5.471499e+05  -2.217345e+03
57  7.841713e+05  -7.432969e+03
58  1.122545e+06  -1.448457e+04
59  1.621031e+06  -1.631600e+04
60  2.326708e+06  -3.087000e+04
61  3.349809e+06  -4.442837e+04
62  4.748102e+06  -5.382192e+04
63  6.887543e+06  -4.408227e+04
ENDPROP
STARTPROP
MASSES:  4.200000e-03   4.500000e-02
SOURCE: GAM_12
SINKS: GAM_12
0  8.315839e+05  -2.554919e+03
1  -7.086949e+05  -8.963136e+03
2  -1.931838e+05  -1.377021e+03
3  -8.446064e+04  -1.810386e+03
4  -3.260885e+04  -8.350571e+02
5  -1.582070e+04  -1.221228e+03
6  -9.392770e+03  -1.719674e+03
7  -5.310351e+03  -6.006293e+02
8  -2.582653e+03  5.287283e+02
9  -2.293751e+03  -1.712145e+02
10  -5.292536e+02  2.904878e+02
11  -3.092573e+02  -1.392211e+02
12  -7.531316e+01  -2.097496e+02
13  -2.679937e+02  -1.432379e+02
14  -1.624467e+02  -9.753340e+01
15  -9.905097e+01  -1.685510e+02
16  -1.237164e+02  -9.636935e+01
17  -1.249960e+02  -4.788255e+01
18  -3.415608e+01  -3.019521e+01
19  2.141600e+01  -1.332575e+01
20  4.597599e+01  -1.685673e+01
21  2.809371e+01  -2.358041e+01
22  2.248224e+01  -2.077636e+01
23  1.655522e+01  -2.106497e+01
24  1.292466e+01  -1.281274e+01
25  9.817074e+00  -7.519176e+00
26  4.879376e+00  -4.360567e+00
27  3.072951e+00  -2.067572e+00
28  3.647251e+00  -1.864891e+00
29  3.428365e+00  -1.347507e-01
30  2.413142e+00  2.997456e-01
31  1.077918e+00  2.631603e+00
32  -8.176787e-02  2.175565e+00
33  -1.714703e+00  8.183127e-01
34  -4.090678e+00  1.132803e+00
35  -6.542984e+00  7.150120e-01
36  -6.457912e+00  9.553766e-01
37  -5.503682e+00  1.259647e+00
38  -6.054339e+00  1.166225e+00
39  -1.823106e+00  1.156234e+00
40  -2.074870e+00  2.755849e+00
41  -6.004229e+00  1.367271e+00
42  -6.476411e+00  -6.583851e+00
43  -8.529807e+00  -7.772386e+00
44  -3.325692e+01  4.512198e+00
45  -3.895407e+01  -4.306130e+00
46  -8.780957e+01  2.913796e+01
47  -1.114547e+02  5.490589e+01
48  -1.705660e+02  7.626947e+01
49  -5.731079e+01  1.923731e+02
50  2.406321e+02  3.646288e+02
51  2.721556e+02  3.586768e+02
52  2.274469e+02  2.670590e+02
53  7.570231e+02  1.439034e+02
54  3.246506e+02  2.178751e+02
55  -3.005419e+02  8.909476e+02
56  2.412760e+02  1.829854e+03
57  6.158963e+00  2.667531e+03
58  -1.216366e+03  3.395204e+03
59  -4.266984e+03  5.542380e+03
60  -1.616462e+04  7.055177e+03
61  -6.364810e+04  6.501440e+03
62  -1.693419e+05  5.010731e+03
63  -6.949832e+05  1.009456e+04
ENDPROP
STARTPROP
MASSES:  4.200000e-03   4.500000e-02
SOURCE: GAM_21
SINKS: GAM_21
0  8.315839e+05  -2.554919e+03
1  -7.086949e+05  -8.963136e+03
2  -1.931838e+05  -1.377021e+03
3  -8.446064e+04  -1.810386e+03
4  -3.260885e+04  -8.350571e+02
5  -1.582070e+04  -1.221228e+03
6  -9.392770e+03  -1.719674e+03
7  -5.310351e+03  -6.006293e+02
8  -2.582653e+03  5.287283e+02
9  -2.293751e+03  -1.712145e+02
10  -5.292536e+02  2.904878e+02
11  -3.092573e+02  -1.392211e+02
12  -7.531316e+01  -2.097496e+02
13  -2.679937e+02  -1.432379e+02
14  -1.624467e+02  -9.753340e+01
15  -9.905097e+01  -1.685510e+02
16  -1.237164e+02  -9.636935e+01
17  -1.249960e+02  -4.788255e+01
18  -3.415608e+01  -3.019521e+01
19  2.141600e+01  -1.332575e+01
20  4.597599e+01  -1.685673e+01
21  2.809371e+01  -2.358041e+01
22  2.248224e+01  -2.077636e+01
23  1.655522e+01  -2.106497e+01
24  1.292466e+01  -1.281274e+01
25  9.817074e+00  -7.519176e+00
26  4.879376e+00  -4.360567e+00
27  3.072951e+00  -2.067572e+00
28  3.647251e+00  -1.864891e+00
29  3.428365e+00  -1.347507e-01
30  2.413142e+00  2.997456e-01
31  1.077918e+00  2.631603e+00
32  -8.176787e-02  2.175565e+00
33  -1.714703e+00  8.183127e-01
34  -4.090678e+00  1.132803e+00
35  -6.542984e+00  7.150120e-01
36  -6.457912e+00  9.553766e-01
37  -5.503682e+00  1.259647e+00
38  -6.054339e+00  1.166225e+00
39  -1.823106e+00  1.156234e+00
40  -2.074870e+00  2.755849e+00
41  -6.004229e+00  1.367271e+00
42  -6.476411e+00  -6.583851e+00
43  -8.529807e+00  -7.772386e+00
44  -3.325692e+01  4.512198e+00
45  -3.895407e+01  -4.306130e+00
46  -8.780957e+01  2.913796e+01
47  -1.114547e+02  5.490589e+01
48  -1.705660e+02  7.626947e+01
49  -5.731079e+01  1.923731e+02
50  2.406321e+02  3.646288e+02
51  2.721556e+02  3.586768e+02
52  2.274469e+02  2.670590e+02
53  7.570231e+02  1.439034e+02
54  3.246506e+02  2.178751e+02
55  -3.005419e+02  8.909476e+02
56  2.412760e+02  1.829854e+03
57  6.158963e+00  2.667531e+03
58  -1.216366e+03  3.395204e+03
59  -4.266984e+03  5.542380e+03
60  -1.616462e+04  7.055177e+03
61  -6.364810e+04  6.501440e+03
62  -1.693419e+05  5.010731e+03
63  -6.949832e+05  1.009456e+04
ENDPROP
STARTPROP
MASSES:  4.200000e-03   4.500000e-02
SOURCE: GAM_13
SINKS: GAM_13
0  8.281570e+05  1.677509e+03
1  -6.972077e+05  -4.921299e+03
2  -1.733193e+05  7.220058e+03
3  -7.506805e+04  1.307472e+04
4  -3.377338e+04  1.428626e+04
5  -1.318148e+04  7.396967e+03
6  -4.296593e+03  3.776005e+03
7  -9.402685e+02  8.166842e+02
8  9.548558e+01  -3.546650e+02
9  -1.070367e+03  -6.094798e+02
10  -5.518474e+02  -1.987441e+02
11  -5.687888e+02  -1.850360e+02
12  -8.847933e+02  -2.030553e+02
13  -4.878266e+02  -1.627592e+01
14  -5.436972e+02  -2.669115e+02
15  -4.452016e+02  -1.302949e+02
16  -2.044445e+02  -8.648240e+00
17  -5.416503e+01  5.280336e+00
18  2.523838e+00  -1.639733e+01
19  -2.341433e+01  -1.771350e+01
20  -2.046360e+01  -6.500522e+00
21  -1.934393e+01  -1.015550e+01
22  -7.509820e+00  2.689340e+00
23  -5.875482e+00  1.195067e+01
24  -7.120974e+00  7.538977e+00
25  -1.575188e-01  4.810357e+00
26  1.806272e+00  3.616496e+00
27  -1.918759e+00  6.430919e-01
28  -3.214056e+00  2.773409e-01
29  -2.736573e+00  8.206451e-01
30  -2.714012e-01  -5.978407e-02
31  6.841683e-02  -1.076778e+00
32  -9.120172e-01  -2.494368e-01
33  -1.494804e+00  8.821535e-01
34  -7.582142e-01  2.545204e+00
35  6.301663e-02  3.767003e+00
36  1.029574e+00  4.937306e+00
37  3.116354e+00  4.309033e+00
38  6.340615e+00  1.628277e+00
39  7.630137e+00  -2.515079e+00
40  6.671918e+00  -5.335644e+00
41  7.630438e+00  -1.754639e+01
42  7.829864e+00  -2.607252e+01
43  1.388886e+01  -2.996480e+01
44  3.097301e+01  -5.733632e+01
45  6.264965e+01  -9.025698e+01
46  1.163609e+02  -1.431290e+02
47  1.580377e+02  -1.420794e+02
48  1.804210e+02  -2.353345e+02
49  7.100599e+01  -2.832683e+02
50  -8.498625e+01  -2.339443e+02
51  -3.039084e+02  -1.131192e+02
52  -7.672950e+02  3.345473e+02
53  -1.156038e+03  9.669162e+02
54  -1.991350e+03  1.742309e+03
55  -3.662964e+03  1.733060e+03
56  -4.310245e+03  2.530639e+03
57  -8.719906e+02  1.070466e+03
58  -1.723894e+03  1.368913e+03
59  -5.115686e+03  2.439252e+03
60  -1.331292e+04  1.901226e+03
61  -5.416677e+04  1.484982e+03
62  -1.582666e+05  2.721045e+03
63  -6.905392e+05  6.907760e+03
ENDPROP
STARTPROP
MASSES:  4.200000e-03   4.500000e-02
SOURCE: GAM_31
SINKS: GAM_31
0  8.281570e+05  1.677509e+03
1  -6.972077e+05  -4.921299e+03
2  -1.733193e+05  7.220058e+03
3  -7.506805e+04  1.307472e+04
4  -3.377338e+04  1.428626e+04
5  -1.318148e+04  7.396967e+03
6  -4.296593e+03  3.776005e+03
7  -9.402685e+02  8.166842e+02
8  9.548558e+01  -3.546650e+02
9  -1.070367e+03  -6.094798e+02
10  -5.518474e+02  -1.987441e+02
11  -5.687888e+02  -1.850360e+02
12  -8.847933e+02  -2.030553e+02
13  -4.878266e+02  -1.627592e+01
14  -5.436972e+02  -2.669115e+02
15  -4.452016e+02  -1.302949e+02
16  -2.044445e+02  -8.648240e+00
17  -5.416503e+01  5.280336e+00
18  2.523838e+00  -1.639733e+01
19  -2.341433e+01  -1.771350e+01
20  -2.046360e+01  -6.500522e+00
21  -1.934393e+01  -1.015550e+01
22  -7.509820e+00  2.689340e+00
23  -5.875482e+00  1.195067e+01
24  -7.120974e+00  7.538977e+00
25  -1.575188e-01  4.810357e+00
26  1.806272e+00  3.616496e+00
27  -1.918759e+00  6.430919e-01
28  -3.214056e+00  2.773409e-01
29  -2.736573e+00  8.206451e-01
30  -2.714012e-01  -5.978407e-02
31  6.841683e-02  -1.076778e+00
32  -9.120172e-01  -2.494368e-01
33  -1.494804e+00  8.821535e-01
34  -7.582142e-01  2.545204e+00
35  6.301663e-02  3.767003e+00
36  1.029574e+00  4.937306e+00
37  3.116354e+00  4.309033e+00
38  6.340615e+00  1.628277e+00
39  7.630137e+00  -2.515079e+00
40  6.671918e+00  -5.335644e+00
41  7.630438e+00  -1.754639e+01
42  7.829864e+00  -2.607252e+01
43  1.388886e+01  -2.996480e+01
44  3.097301e+01  -5.733632e+01
45  6.264965e+01  -9.025698e+01
46  1.163609e+02  -1.431290e+02
47  1.580377e+02  -1.420794e+02
48  1.804210e+02  -2.353345e+02
49  7.100599e+01  -2.832683e+02
50  -8.498625e+01  -2.339443e+02
51  -3.039084e+02  -1.131192e+02
52  -7.672950e+02  3.345473e+02
53  -1.156038e+03  9.669162e+02
54  -1.991350e+03  1.742309e+03
55  -3.662964e+03  1.733060e+03
56  -4.310245e+03  2.530639e+03
57  -8.719906e+02  1.070466e+03
58  -1.723894e+03  1.368913e+03
59  -5.115686e+03  2.439252e+03
60  -1.331292e+04  1.901226e+03
61  -5.416677e+04  1.484982e+03
62  -1.582666e+05  2.721045e+03
63  -6.905392e+05  6.907760e+03
ENDPROP
STARTPROP
MASSES:  4.200000e-03   4.500000e-02
SOURCE: GAM_14
SINKS: GAM_14
0  2.950111e+04  1.948869e+03
1  1.338914e+06  3.078658e+03
2  5.635296e+05  -2.906168e+03
3  2.851524e+05  -4.541279e+03
4  1.497003e+05  -1.126084e+04
5  7.235594e+04  -8.779963e+03
6  3.243251e+04  -3.170745e+03
7  1.639398e+04  -3.269280e+03
8  1.006856e+04  -1.573209e+03
9  6.456293e+03  -7.062749e+02
10  2.554782e+03  -1.044023e+03
11  1.698427e+03  -9.337953e+02
12  1.098818e+03  -1.139975e+03
13  9.152099e+02  -8.278847e+02
14  5.654981e+02  -4.867110e+02
15  1.552892e+02  -1.968054e+02
16  1.196690e+02  -1.023710e+02
17  1.231578e+02  -1.018860e+02
18  8.888030e+01  -2.669636e+01
19  3.800312e+01  -1.985233e+01
20  2.493998e+01  7.568538e+00
21  -4.504558e-03  1.645325e+01
22  -4.949874e+00  1.547961e+01
23  -1.944370e+01  4.538999e+00
24  -2.236345e+01  -6.725966e+00
25  -9.224399e+00  -7.191037e+00
26  -5.300490e+00  -5.111523e+00
27  -2.395512e+00  -3.463763e+00
28  -1.775418e+00  2.200992e-01
29  -5.900339e-01  2.748728e+00
30  2.839134e-01  5.067552e+00
31  -4.520558e-01  4.972833e+00
32  -6.260421e-01  4.827969e+00
33  -1.120433e+00  5.443422e+00
34  -3.279825e+00  4.695575e+00
35  -4.251473e+00  2.182222e+00
36  -5.792684e+00  8.704631e-01
37  -1.040937e+01  -3.138826e+00
38  -1.390723e+01  -5.349847e+00
39  -1.489717e+01  -2.287435e+00
40  -1.117067e+01  4.153449e-01
41  8.896316e-01  1.004931e+01
42  -5.325721e+00  8.450601e+00
43  -1.395428e+00  1.598121e+01
44  1.800720e+01  9.570840e+00
45  -1.364486e+01  -1.363064e+01
46  -2.615679e+01  -9.026547e+01
47  -6.165284e+00  -1.280749e+02
48  6.996061e+01  -1.885750e+02
49  1.794788e+02  -3.135016e+02
50  5.728861e+02  -3.605488e+02
51  7.929951e+02  -3.761286e+02
52  1.727302e+03  -2.914318e+02
53  2.936164e+03  -2.069626e+01
54  4.026401e+03  -5.712332e+02
55  7.841801e+03  -8.030906e+02
56  1.486125e+04  -1.891370e+03
57  2.454874e+04  -1.075319e+03
58  4.138457e+04  4.939744e+02
59  7.539343e+04  2.000472e+03
60  1.425134e+05  4.414118e+03
61  2.806019e+05  1.076604e+04
62  5.405906e+05  1.219546e+04
63  1.319413e+06  7.848525e+02
ENDPROP
STARTPROP
MASSES:  4.200000e-03   4.500000e-02
SOURCE: GAM_41
SINKS: GAM_41
0  2.950111e+04  1.948869e+03
1  1.338914e+06  3.078658e+03
2  5.635296e+05  -2.906168e+03
3  2.851524e+05  -4.541279e+03
4  1.497003e+05  -1.126084e+04
5  7.235594e+04  -8.779963e+03
6  3.243251e+04  -3.170745e+03
7  1.639398e+04  -3.269280e+03
8  1.006856e+04  -1.573209e+03
9  6.456293e+03  -7.062749e+02
10  2.554782e+03  -1.044023e+03
11  1.698427e+03  -9.337953e+02
12  1.098818e+03  -1.139975e+03
13  9.152099e+02  -8.278847e+02
14  5.654981e+02  -4.867110e+02
15  1.552892e+02  -1.968054e+02
16  1.196690e+02  -1.023710e+02
17  1.231578e+02  -1.018860e+02
18  8.888030e+01  -2.669636e+01
19  3.800312e+01  -1.985233e+01
20  2.493998e+01  7.568538e+00
21  -4.504558e-03  1.645325e+01
22  -4.949874e+00  1.547961e+01
23  -1.944370e+01  4.538999e+00
24  -2.236345e+01  -6.725966e+00
25  -9.224399e+00  -7.191037e+00
26  -5.300490e+00  -5.111523e+00
27  -2.395512e+00  -3.463763e+00
28  -1.775418e+00  2.200992e-01
29  -5.900339e-01  2.748728e+00
30  2.839134e-01  5.067552e+00
31  -4.520558e-01  4.972833e+00
32  -6.260421e-01  4.827969e+00
33  -1.120433e+00  5.443422e+00
34  -3.279825e+00  4.695575e+00
35  -4.251473e+00  2.182222e+00
36  -5.792684e+00  8.704631e-01
37  -1.040937e+01  -3.138826e+00
38  -1.390723e+01  -5.349847e+00
39  -1.489717e+01  -2.287435e+00
40  -1.117067e+01  4.153449e-01
41  8.896316e-01  1.004931e+01
42  -5.325721e+00  8.450601e+00
43  -1.395428e+00  1.598121e+01
44  1.800720e+01  9.570840e+00
45  -1.364486e+01  -1.363064e+01
46  -2.615679e+01  -9.026547e+01
47  -6.165284e+00  -1.280749e+02
48  6.996061e+01  -1.885750e+02
49  1.794788e+02  -3.135016e+02
50  5.728861e+02  -3.605488e+02
51  7.929951e+02  -3.761286e+02
52  1.727302e+03  -2.914318e+02
53  2.936164e+03  -2.069626e+01
54  4.026401e+03  -5.712332e+02
55  7.841801e+03  -8.030906e+02
56  1.486125e+04  -1.891370e+03
57  2.454874e+04  -1.075319e+03
58  4.138457e+04  4.939744e+02
59  7.539343e+04  2.000472e+03
60  1.425134e+05  4.414118e+03
61  2.806019e+05  1.076604e+04
62  5.405906e+05  1.219546e+04
63  1.319413e+06  7.848525e+02
ENDPROP
STARTPROP
MASSES:  4.200000e-03   4.500000e-02
SOURCE: GAM_23
SINKS: GAM_23
0  8.123057e+05  -7.250865e+03
1  -7.043591e+05  -1.106151e+04
2  -1.718670e+05  -8.583663e+02
3  -6.569445e+04  3.147107e+03
4  -2.445060e+04  4.927446e+03
5  -1.072311e+04  2.419649e+03
6  -2.295379e+03  -2.091169e+02
7  2.338226e+03  -9.952927e+02
8  3.374214e+03  -6.793535e+02
9  2.406772e+03  -3.454506e+02
10  1.707564e+03  -3.946380e+02
11  9.896061e+02  -1.933836e+02
12  7.265742e+02  1.751033e+02
13  5.390190e+02  1.930532e+02
14  4.156330e+02  -4.584856e+01
15  3.209367e+02  -5.354225e+01
16  1.506059e+02  -4.902220e+01
17  3.626790e+01  -5.404516e+01
18  -6.969601e+00  -3.747303e+01
19  -1.804504e-01  -3.020773e+01
20  3.198402e+01  -8.397373e+00
21  2.450634e+01  8.421827e+00
22  1.042292e+01  2.326638e+01
23  1.455908e+01  1.280238e+01
24  9.684000e+00  9.851911e+00
25  3.129136e+00  5.200476e+00
26  -3.298365e+00  8.030836e-01
27  -4.048600e+00  9.925836e-01
28  -1.832156e+00  -1.199318e-01
29  -1.690723e+00  9.627692e-01
30  -1.405458e+00  -9.274374e-01
31  -9.156217e-01  -1.190176e+00
32  -2.041031e-01  -1.230759e+00
33  1.229249e-01  -8.736754e-01
34  4.525506e-04  -1.894770e+00
35  -1.602941e+00  -2.277249e+00
36  -2.889552e+00  2.619878e-01
37  -1.801763e+00  3.904464e+00
38  1.048380e+00  6.869158e+00
39  5.665770e+00  6.337788e+00
40  4.862377e+00  1.014543e+01
41  4.682462e+00  9.742104e+00
42  1.382252e+01  8.512478e+00
43  2.855873e+01  5.241906e+00
44  3.385583e+01  -1.562170e+01
45  4.683934e+01  -4.407331e+01
46  1.871089e+01  -7.226797e+01
47  -2.753067e+00  -1.015810e+02
48  5.899102e+01  -1.649235e+02
49  2.162603e+02  -1.434621e+02
50  3.884839e+01  -2.358834e+02
51  -2.300358e+02  -1.840249e+02
52  -7.644879e+02  -3.313196e+02
53  -6.664658e+02  -4.822937e+02
54  -5.894719e+02  -3.743562e+02
55  -1.330519e+02  -4.372683e+01
56  -1.512873e+03  1.575710e+02
57  -5.418454e+03  8.985289e+02
58  -7.447523e+03  2.112581e+02
59  -7.161409e+03  4.407584e+00
60  -2.440824e+04  7.696206e+02
61  -6.424228e+04  -7.814693e+02
62  -1.707263e+05  -3.730250e+03
63  -7.039547e+05  2.793961e+03
ENDPROP
STARTPROP
MASSES:  4.200000e-03   4.500000e-02
SOURCE: GAM_32
SINKS: GAM_32
0  8.123057e+05  -7.250865e+03
1  -7.043591e+05  -1.106151e+04
2  -1.718670e+05  -8.583663e+02
3  -6.569445e+04  3.147107e+03
4  -2.445060e+04  4.927446e+03
5  -1.072311e+04  2.419649e+03
6  -2.295379e+03  -2.091169e+02
7  2.338226e+03  -9.952927e+02
8  3.374214e+03  -6.793535e+02
9  2.406772e+03  -3.454506e+02
10  1.707564e+03  -3.946380e+02
11  9.896061e+02  -1.933836e+02
12  7.265742e+02  1.751033e+02
13  5.390190e+02  1.930532e+02
14  4.156330e+02  -4.584856e+01
15  3.209367e+02  -5.354225e+01
16  1.506059e+02  -4.902220e+01
17  3.626790e+01  -5.404516e+01
18  -6.969601e+00  -3.747303e+01
19  -1.804504e-01  -3.020773e+01
20  3.198402e+01  -8.397373e+00
21  2.450634e+01  8.421827e+00
22  1.042292e+01  2.326638e+01
23  1.455908e+01  1.280238e+01
24  9.684000e+00  9.851911e+00
25  3.129136e+00  5.200476e+00
26  -3.298365e+00  8.030836e-01
27  -4.048600e+00  9.925836e-01
28  -1.832156e+00  -1.199318e-01
29  -1.690723e+00  9.627692e-01
30  -1.405458e+00  -9.274374e-01
31  -9.156217e-01  -1.190176e+00
32  -2.041031e-01  -1.230759e+00
33  1.229249e-01  -8.736754e-01
34  4.525506e-04  -1.894770e+00
35  -1.602941e+00  -2.277249e+00
36  -2.889552e+00  2.619878e-01
37  -1.801763e+00  3.904464e+00
38  1.048380e+00  6.869158e+00
39  5.665770e+00  6.337788e+00
40  4.862377e+00  1.014543e+01
41  4.682462e+00  9.742104e+00
42  1.382252e+01  8.512478e+00
43  2.855873e+01  5.241906e+00
44  3.385583e+01  -1.562170e+01
45  4.683934e+01  -4.407331e+01
46  1.871089e+01  -7.226797e+01
47  -2.753067e+00  -1.015810e+02
48  5.899102e+01  -1.649235e+02
49  2.162603e+02  -1.434621e+02
50  3.884839e+01  -2.358834e+02
51  -2.300358e+02  -1.840249e+02
52  -7.644879e+02  -3.313196e+02
53  -6.664658e+02  -4.822937e+02
54  -5.894719e+02  -3.743562e+02
55  -1.330519e+02  -4.372683e+01
56  -1.512873e+03  1.575710e+02
57  -5.418454e+03  8.985289e+02
58  -7.447523e+03  2.112581e+02
59  -7.161409e+03  4.407584e+00
60  -2.440824e+04  7.696206e+02
61  -6.424228e+04  -7.814693e+02
62  -1.707263e+05  -3.730250e+03
63  -7.039547e+05  2.793961e+03
ENDPROP
STARTPROP
MASSES:  4.200000e-03   4.500000e-02
SOURCE: GAM_24
SINKS: GAM_24
0  5.739188e+04  1.332017e+04
1  1.354001e+06  2.071351e+04
2  5.614387e+05  7.787475e+03
3  2.887242e+05  3.314157e+03
4  1.549642e+05  1.600520e+03
5  7.629113e+04  -3.626662e+02
6  3.732993e+04  1.964768e+03
7  2.070814e+04  3.990357e+03
8  1.242480e+04  2.123284e+03
9  6.724293e+03  1.386265e+02
10  4.305099e+03  2.693113e+01
11  2.751940e+03  -2.492047e+02
12  1.809152e+03  -3.571496e+02
13  7.860383e+02  -9.304231e+00
14  1.446985e+02  -3.505940e+01
15  -1.547978e+02  -9.275211e+01
16  -3.027434e+02  -3.965695e+01
17  -2.373532e+02  6.102339e+00
18  -2.253717e+02  7.169818e+01
19  -1.595871e+02  7.388409e+01
20  -1.075632e+02  6.004170e+01
21  -6.325166e+01  3.873951e+01
22  -3.215331e+01  1.639947e+01
23  -1.861040e+01  3.517540e+00
24  -1.479363e+01  3.716737e+00
25  -1.050124e+01  -3.482267e-01
26  -1.029707e+01  1.110240e+00
27  -5.863855e+00  2.277899e+00
28  -5.351846e+00  2.255648e+00
29  -3.771976e+00  3.808483e-01
30  -1.326055e+00  -1.983737e-01
31  3.033342e-01  -4.835837e-01
32  1.117814e+00  6.296029e-01
33  1.870510e+00  1.089067e+00
34  4.754686e-01  1.105693e+00
35  2.698422e-01  1.097990e+00
36  4.780179e-01  2.194926e+00
37  6.222412e-01  4.188382e+00
38  2.381765e+00  2.710662e+00
39  1.487740e+01  4.190768e+00
40  1.920940e+01  -1.248454e+00
41  1.812249e+01  -2.180154e-01
42  1.923960e+01  -1.156322e+01
43  1.951629e+01  -1.036896e+01
44  2.919105e+01  2.950601e+00
45  -1.767019e+01  -2.611422e+01
46  -6.006881e+01  1.777212e+00
47  -5.520637e+00  7.225583e+00
48  1.086444e+01  -1.110675e+02
49  5.633146e+01  -1.498270e+02
50  5.194108e+02  -2.838468e+02
51  8.476492e+02  -3.956398e+02
52  5.759041e+02  -1.012844e+03
53  9.347241e+02  -1.412228e+03
54  2.647418e+03  -1.866585e+03
55  4.560317e+03  -1.949744e+03
56  1.091941e+04  -1.536167e+03
57  2.411033e+04  -1.597013e+03
58  4.655135e+04  -2.535010e+03
59  8.887565e+04  -6.313348e+02
60  1.654040e+05  2.406828e+02
61  3.042204e+05  4.913825e+03
62  5.749986e+05  5.992659e+03
63  1.360342e+06  8.716250e+03
ENDPROP
STARTPROP
MASSES:  4.200000e-03   4.500000e-02
SOURCE: GAM_42
SINKS: GAM_42
0  5.739188e+04  1.332017e+04
1  1.354001e+06  2.071351e+04
2  5.614387e+05  7.787475e+03
3  2.887242e+05  3.314157e+03
4  1.549642e+05  1.600520e+03
5  7.629113e+04  -3.626662e+02
6  3.732993e+04  1.964768e+03
7  2.070814e+04  3.990357e+03
8  1.242480e+04  2.123284e+03
9  6.724293e+03  1.386265e+02
10  4.305099e+03  2.693113e+01
11  2.751940e+03  -2.492047e+02
12  1.809152e+03  -3.571496e+02
13  7.860383e+02  -9.304231e+00
14  1.446985e+02  -3.505940e+01
15  -1.547978e+02  -9.275211e+01
16  -3.027434e+02  -3.965695e+01
17  -2.373532e+02  6.102339e+00
18  -2.253717e+02  7.169818e+01
19  -1.595871e+02  7.388409e+01
20  -1.075632e+02  6.004170e+01
21  -6.325166e+01  3.873951e+01
22  -3.215331e+01  1.639947e+01
23  -1.861040e+01  3.517540e+00
24  -1.479363e+01  3.716737e+00
25  -1.050124e+01  -3.482267e-01
26  -1.029707e+01  1.110240e+00
27  -5.863855e+00  2.277899e+00
28  -5.351846e+00  2.255648e+00
29  -3.771976e+00  3.808483e-01
30  -1.326055e+00  -1.983737e-01
31  3.033342e-01  -4.835837e-01
32  1.117814e+00  6.296029e-01
33  1.870510e+00  1.089067e+00
34  4.754686e-01  1.105693e+00
35  2.698422e-01  1.097990e+00
36  4.780179e-01  2.194926e+00
37  6.222412e-01  4.188382e+00
38  2.381765e+00  2.710662e+00
39  1.487740e+01  4.190768e+00
40  1.920940e+01  -1.248454e+00
41  1.812249e+01  -2.180154e-01
42  1.923960e+01  -1.156322e+01
43  1.951629e+01  -1.036896e+01
44  2.919105e+01  2.950601e+00
45  -1.767019e+01  -2.611422e+01
46  -6.006881e+01  1.777212e+00
47  -5.520637e+00  7.225583e+00
48  1.086444e+01  -1.110675e+02
49  5.633146e+01  -1.498270e+02
50  5.194108e+02  -2.838468e+02
51  8.476492e+02  -3.956398e+02
52  5.759041e+02  -1.012844e+03
53  9.347241e+02  -1.412228e+03
54  2.647418e+03  -1.866585e+03
55  4.560317e+03  -1.949744e+03
56  1.091941e+04  -1.536167e+03
57  2.411033e+04  -1.597013e+03
58  4.655135e+04  -2.535010e+03
59  8.887565e+04  -6.313348e+02
60  1.654040e+05  2.406828e+02
61  3.042204e+05  4.913825e+03
62  5.749986e+05  5.992659e+03
63  1.360342e+06  8.716250e+03
ENDPROP
STARTPROP
MASSES:  4.200000e-03   4.500000e-02
SOURCE: GAM_34
SINKS: GAM_34
0  4.446986e+03  -2.310554e+04
1  1.328610e+06  -9.892533e+03
2  5.811274e+05  -3.707530e+03
3  2.985326e+05  -4.583493e+03
4  1.545251e+05  -1.083369e+03
5  7.515807e+04  -2.387465e+03
6  3.793055e+04  -1.211993e+03
7  1.927790e+04  -3.723857e+02
8  1.135530e+04  -3.583835e+02
9  6.001186e+03  -2.986021e+02
10  2.293770e+03  1.748534e+02
11  3.406954e+02  7.622732e+02
12  5.077594e+02  4.305035e+02
13  4.882777e+02  2.405694e+02
14  3.335451e+02  2.959851e+02
15  1.867256e+02  3.114880e+02
16  1.338282e+02  1.396299e+02
17  1.334408e+02  2.321170e+01
18  1.101300e+02  2.646881e+01
19  8.398585e+01  3.935996e+00
20  5.422866e+01  1.780681e+01
21  1.628513e+01  9.529307e+00
22  2.088576e+01  7.427894e+00
23  1.334754e+01  2.258370e+00
24  1.569199e+00  5.430624e+00
25  4.160947e-01  2.144066e+00
26  -3.615579e+00  1.496282e+00
27  -4.245159e+00  2.790607e+00
28  -4.557861e+00  2.070115e+00
29  -2.488705e+00  6.553426e-01
30  -8.105164e-01  -8.469614e-02
31  8.034449e-03  -8.684059e-01
32  4.876973e-01  -1.162346e+00
33  6.297496e-01  -1.928461e+00
34  1.701548e+00  -3.003564e-01
35  9.411176e-01  -3.075320e-01
36  -5.306561e-02  -6.981472e-01
37  -3.014894e+00  -4.504834e+00
38  -4.020516e+00  -8.128543e+00
39  -2.539111e+00  -8.309165e+00
40  -1.019545e+00  -3.386986e+00
41  1.402052e+01  1.055429e-01
42  2.161253e+01  -7.839716e+00
43  2.427715e+01  -2.174732e+01
44  2.743459e+01  -1.891942e+01
45  2.823819e+01  -4.067436e+01
46  6.937380e+00  -9.522224e+01
47  2.835132e+01  -1.866692e+02
48  9.439638e+01  -2.571191e+02
49  1.211291e+02  -3.478195e+02
50  2.981046e+02  -6.209569e+02
51  1.571995e+02  -6.937301e+02
52  8.574898e+01  -8.916504e+02
53  7.910581e+02  -1.250711e+03
54  3.193531e+03  -1.772829e+03
55  7.214976e+03  -1.491322e+03
56  1.535826e+04  -1.589162e+03
57  2.993090e+04  -7.772637e+02
58  5.077562e+04  -9.984992e+01
59  9.123384e+04  -5.050644e+02
60  1.714780e+05  -7.743070e+02
61  3.096622e+05  -2.466529e+03
62  5.611244e+05  -6.612413e+03
63  1.319881e+06  -1.920214e+04
ENDPROP
STARTPROP
MASSES:  4.200000e-03   4.500000e-02
SOURCE: GAM_43
SINKS: GAM_43
0  4.446986e+03  -2.310554e+04
1  1.328610e+06  -9.892533e+03
2  5.811274e+05  -3.707530e+03
3  2.985326e+05  -4.583493e+03
4  1.545251e+05  -1.083369e+03
5  7.515807e+04  -2.387465e+03
6  3.793055e+04  -1.211993e+03
7  1.927790e+04  -3.723857e+02
8  1.135530e+04  -3.583835e+02
9  6.001186e+03  -2.986021e+02
10  2.293770e+03  1.748534e+02
11  3.406954e+02  7.622732e+02
12  5.077594e+02  4.305035e+02
13  4.882777e+02  2.405694e+02
14  3.335451e+02  2.959851e+02
15  1.867256e+02  3.114880e+02
16  1.338282e+02  1.396299e+02
17  1.334408e+02  2.321170e+01
18  1.101300e+02  2.646881e+01
19  8.398585e+01  3.935996e+00
20  5.422866e+01  1.780681e+01
21  1.628513e+01  9.529307e+00
22  2.088576e+01  7.427894e+00
23  1.334754e+01  2.258370e+00
24  1.569199e+00  5.430624e+00
25  4.160947e-01  2.144066e+00
26  -3.615579e+00  1.496282e+00
27  -4.245159e+00  2.790607e+00
28  -4.557861e+00  2.070115e+00
29  -2.488705e+00  6.553426e-01
30  -8.105164e-01  -8.469614e-02
31  8.034449e-03  -8.684059e-01
32  4.876973e-01  -1.162346e+00
33  6.297496e-01  -1.928461e+00
34  1.701548e+00  -3.003564e-01
35  9.411176e-01  -3.075320e-01
36  -5.306561e-02  -6.981472e-01
37  -3.014894e+00  -4.504834e+00
38  -4.020516e+00  -8.128543e+00
39  -2.539111e+00  -8.309165e+00
40  -1.019545e+00  -3.386986e+00
41  1.402052e+01  1.055429e-01
42  2.161253e+01  -7.839716e+00
43  2.427715e+01  -2.174732e+01
44  2.743459e+01  -1.891942e+01
45  2.823819e+01  -4.067436e+01
46  6.937380e+00  -9.522224e+01
47  2.835132e+01  -1.866692e+02
48  9.439638e+01  -2.571191e+02
49  1.211291e+02  -3.478195e+02
50  2.981046e+02  -6.209569e+02
51  1.571995e+02  -6.937301e+02
52  8.574898e+01  -8.916504e+02
53  7.910581e+02  -1.250711e+03
54  3.193531e+03  -1.772829e+03
55  7.214976e+03  -1.491322e+03
56  1.535826e+04  -1.589162e+03
57  2.993090e+04  -7.772637e+02
58  5.077562e+04  -9.984992e+01
59  9.123384e+04  -5.050644e+02
60  1.714780e+05  -7.743070e+02
61  3.096622e+05  -2.466529e+03
62  5.611244e+05  -6.612413e+03
63  1.319881e+06  -1.920214e+04
ENDPROP
STARTPROP
MASSES:  4.200000e-03   4.500000e-02
SOURCE: GAM_15
SINKS: GAM_15
0  -3.398368e+04  5.053580e+03
1  -1.000844e+06  7.323730e+02
2  -3.141309e+05  1.406016e+03
3  -1.306222e+05  3.916159e+03
4  -5.870759e+04  7.244906e+03
5  -2.687872e+04  5.153441e+03
6  -1.014577e+04  3.728335e+03
7  1.509142e+02  1.644562e+03
8  1.981106e+03  6.575409e+01
9  1.507999e+03  -9.884633e+02
10  3.906764e+02  -8.222300e+02
11  -6.563297e+01  -8.680446e+02
12  -3.360596e+02  -6.656754e+02
13  -3.518437e+02  -3.959352e+02
14  -3.032227e+02  -3.094097e+02
15  -1.052811e+02  -2.661351e+02
16  -3.582099e+01  -2.700392e+02
17  2.543936e+01  -2.213807e+02
18  1.266370e+02  -1.326098e+02
19  1.325602e+02  -6.190702e+01
20  7.422678e+01  -3.477116e+01
21  4.557826e+01  -1.475119e+01
22  3.052816e+01  -1.375294e+01
23  2.593029e+01  -1.136097e+01
24  3.095669e+01  -1.986657e+00
25  2.309252e+01  8.611249e+00
26  1.801191e+01  1.122753e+01
27  1.202713e+01  8.124019e+00
28  7.838558e+00  4.828555e+00
29  3.962760e+00  2.045492e+00
30  9.843703e-01  4.611140e-01
31  -1.061787e+00  -1.379171e+00
32  -1.135608e+00  -3.797673e+00
33  -9.721638e-01  -4.663866e+00
34  2.106197e-01  -5.189971e+00
35  1.678682e+00  -4.464919e+00
36  3.418060e+00  -3.948727e+00
37  7.121095e+00  -3.927780e+00
38  8.525245e+00  8.440462e-01
39  7.444724e+00  1.127026e+00
40  2.802292e+00  4.170719e+00
41  1.722972e+00  5.481995e+00
42  4.124154e+00  4.958214e+00
43  -1.146957e+01  1.682377e+01
44  -5.308808e+01  2.158480e+01
45  -7.262204e+01  1.656782e+01
46  -1.041410e+02  -2.643495e+01
47  -8.043280e+01  -5.912061e+01
48  -1.890376e+01  -2.592964e+01
49  1.244727e+02  5.289890e+01
50  1.371154e+02  -2.923165e+01
51  -3.752549e+02  -1.953221e+01
52  -1.554245e+03  6.525917e+01
53  -2.881759e+03  -1.514702e+02
54  -4.153154e+03  -4.656315e+02
55  -4.212365e+03  -9.696333e+02
56  -4.594622e+03  -6.461745e+02
57  -5.347032e+03  1.133402e+03
58  -8.709862e+03  1.530280e+02
59  -2.021011e+04  7.195714e+01
60  -4.316165e+04  -2.133748e+03
61  -1.076181e+05  -5.285323e+03
62  -2.893716e+05  -7.337201e+03
63  -1.005587e+06  4.774957e+03
ENDPROP
STARTPROP
MASSES:  4.200000e-03   4.500000e-02
SOURCE: GAM_25
SINKS: GAM_25
0  -6.283751e+04  -7.167303e+03
1  -1.032084e+06  -1.867434e+03
2  -3.249401e+05  9.262826e+03
3  -1.370123e+05  1.098591e+04
4  -6.502942e+04  1.269799e+04
5  -3.099959e+04  9.880737e+03
6  -1.908589e+04  4.660502e+03
7  -1.160139e+04  1.015039e+03
8  -5.728827e+03  -9.904068e+02
9  -9.791191e+02  -1.605470e+03
10  -2.100401e+02  -1.643354e+03
11  -3.786368e+02  -1.034986e+03
12  7.374159e+02  -5.582374e+02
13  1.042020e+03  -5.811720e+02
14  6.253629e+02  -5.269015e+02
15  3.172456e+02  -1.585725e+02
16  9.544104e+01  -4.094924e+01
17  8.789443e+00  -8.116705e+01
18  -2.404567e+01  4.181574e+00
19  6.137767e+00  2.837702e+01
20  -7.566068e+00  4.123023e+01
21  -2.997800e+01  3.816724e+01
22  -1.505774e+01  2.347918e+01
23  -1.066956e+01  1.169763e+01
24  -6.196925e+00  9.646751e+00
25  -7.527451e+00  1.586432e+01
26  -2.584843e+00  1.420480e+01
27  -3.912345e+00  9.614286e+00
28  -2.745161e+00  3.614750e+00
29  -8.678037e-01  5.711018e-01
30  -1.806191e-01  -1.148685e+00
31  -1.709275e-01  -1.112316e+00
32  2.584487e-01  -8.351009e-01
33  -1.068000e+00  -1.135302e-02
34  -1.832794e+00  -1.393192e-01
35  1.092222e+00  8.876918e-01
36  5.707452e+00  1.990778e+00
37  9.884801e+00  8.190946e-01
38  1.604404e+01  -8.969619e-01
39  1.953393e+01  -4.017855e+00
40  2.357636e+01  -1.097073e+01
41  3.602829e+01  -2.262720e+01
42  5.725585e+01  -3.625201e+01
43  6.428075e+01  -4.655836e+01
44  7.386639e+01  -7.233780e+01
45  6.611560e+01  -1.241353e+02
46  7.503220e+01  -1.292020e+02
47  1.812204e+02  -7.421675e+01
48  2.195108e+02  -1.186425e+01
49  2.911587e+02  2.574101e+01
50  7.886353e+01  9.804611e+01
51  8.621227e+01  2.931530e+02
52  3.460566e+01  7.366080e+02
53  -2.719394e+01  8.565308e+02
54  -7.623157e+01  6.682816e+02
55  -3.937931e+02  5.496085e+02
56  -6.049186e+02  7.785808e+02
57  -1.876914e+03  1.692453e+03
58  -8.324522e+03  2.665167e+02
59  -2.087578e+04  -3.684904e+03
60  -5.220695e+04  -6.644480e+03
61  -1.251021e+05  -6.885538e+03
62  -3.139885e+05  -1.081989e+04
63  -1.014860e+06  -1.102850e+04
ENDPROP
STARTPROP
MASSES:  4.200000e-03   4.500000e-02
SOURCE: GAM_35
SINKS: GAM_35
0  -6.789667e+04  4.506177e+03
1  -1.034096e+06  1.610898e+02
2  -3.248250e+05  9.473165e+03
3  -1.385150e+05  1.843191e+04
4  -6.888802e+04  2.016166e+04
5  -3.702620e+04  1.360591e+04
6  -2.257343e+04  6.685705e+03
7  -1.034643e+04  2.260008e+03
8  -3.727741e+03  1.329974e+02
9  4.560347e+02  -5.090963e+02
10  2.472691e+03  6.287454e+01
11  1.612054e+03  3.522749e+01
12  8.172168e+02  -3.513711e+01
13  5.265665e+02  -3.598907e+02
14  2.546220e+02  -4.245693e+02
15  1.079624e+02  -3.713720e+02
16  1.224977e+02  -3.093385e+02
17  1.080043e+02  -1.881618e+02
18  3.608611e+01  -1.410120e+02
19  4.533269e+01  -6.930888e+01
20  5.236169e+01  -3.905763e+01
21  1.605518e+01  -5.788277e+01
22  -4.418168e+00  -4.191893e+01
23  4.204537e+00  -2.972725e+01
24  1.804122e+00  -2.162796e+01
25  9.055319e-01  -1.168340e+01
26  9.869435e-01  -4.161526e+00
27  -1.116449e+00  1.229274e+00
28  -1.224878e+00  1.157570e+00
29  -2.522890e+00  1.342713e+00
30  -3.860002e+00  8.624197e-01
31  -2.652922e+00  1.750225e+00
32  -7.734496e-01  1.845949e+00
33  5.504922e-01  5.589055e-01
34  -5.025228e-01  -1.231009e+00
35  -2.529827e+00  -5.572646e-01
36  -3.155440e+00  -1.066843e+00
37  -5.050443e+00  -6.445428e-01
38  -4.331829e-02  1.223169e+00
39  1.187635e+01  7.182136e-01
40  1.613634e+01  1.961473e-01
41  2.250037e+01  -4.136109e+00
42  1.830290e+01  -1.767991e+01
43  1.977080e+01  -1.858253e+01
44  1.885104e+00  -2.047281e+01
45  -6.006553e+01  -2.380230e+01
46  -1.298775e+02  -5.017597e+01
47  -1.889242e+02  -5.082551e+01
48  -2.216129e+02  -5.732577e+01
49  -2.354963e+02  -9.706935e+01
50  -1.090396e+02  -2.090452e+02
51  -5.375282e+02  -7.063747e+01
52  -8.972260e+02  3.321444e+02
53  -1.439723e+03  2.480415e+02
54  -2.367121e+03  -2.363296e+02
55  -3.073050e+03  -1.014292e+03
56  -5.190654e+03  -7.227063e+02
57  -8.029791e+03  -4.902745e+02
58  -1.471703e+04  3.491457e+03
59  -3.204966e+04  1.045918e+04
60  -6.977171e+04  1.267066e+04
61  -1.522467e+05  1.095535e+04
62  -3.323544e+05  8.745482e+03
63  -1.035475e+06  2.207648e+04
ENDPROP
STARTPROP
MASSES:  4.200000e-03   4.500000e-02
SOURCE: GAM_45
SINKS: GAM_45
0  -1.284309e+06  -1.076937e+04
1  9.691871e+05  5.930063e+03
2  4.939572e+05  5.115893e+03
3  3.571177e+05  6.654309e+03
4  2.586357e+05  8.263479e+03
5  1.794430e+05  6.098425e+03
6  1.229828e+05  6.074722e+03
7  8.231808e+04  5.379897e+03
8  5.682912e+04  3.115647e+03
9  3.897660e+04  1.250185e+03
10  2.645138e+04  6.058061e+02
11  1.850611e+04  3.840812e+02
12  1.293952e+04  3.375508e+02
13  9.281404e+03  1.836094e+02
14  6.331766e+03  1.322672e+02
15  4.286356e+03  1.230545e+02
16  3.015838e+03  6.519299e+01
17  2.057280e+03  9.983094e+01
18  1.366304e+03  7.672583e+01
19  9.417452e+02  5.423156e+01
20  6.436251e+02  4.134740e+01
21  4.346096e+02  3.401581e+01
22  2.955654e+02  1.761286e+01
23  2.127624e+02  1.622509e+01
24  1.498562e+02  1.040963e+01
25  1.065247e+02  1.329192e+01
26  7.726361e+01  1.030831e+01
27  5.675625e+01  6.674746e+00
28  4.040250e+01  3.228387e+00
29  2.980094e+01  3.403294e+00
30  2.336757e+01  2.314416e+00
31  1.875196e+01  2.542003e+00
32  1.721791e+01  1.808203e+00
33  1.840858e+01  1.412367e+00
34  2.195876e+01  1.918534e+00
35  2.834818e+01  1.417976e+00
36  3.813548e+01  1.429795e+00
37  5.337198e+01  4.209276e-01
38  7.923660e+01  -3.858334e-01
39  1.130656e+02  -1.521566e+00
40  1.624463e+02  -2.560450e+00
41  2.277381e+02  -7.073656e+00
42  3.353476e+02  -1.603726e+01
43  4.710978e+02  -2.586004e+01
44  7.027321e+02  -2.413696e+01
45  1.010096e+03  -3.509422e+01
46  1.494258e+03  -2.520151e+01
47  2.151549e+03  -4.425948e+01
48  3.072835e+03  3.320897e+00
49  4.382263e+03  8.871709e+01
50  6.237792e+03  3.725380e+02
51  9.103125e+03  5.844690e+02
52  1.306428e+04  9.016994e+02
53  1.886282e+04  1.129826e+03
54  2.730037e+04  1.140700e+03
55  3.948808e+04  1.233845e+03
56  5.632241e+04  1.212638e+03
57  8.258810e+04  1.218247e+03
58  1.194033e+05  -1.792401e+02
59  1.711952e+05  -8.802022e+02
60  2.396288e+05  -1.674469e+03
61  3.407014e+05  -3.527365e+03
62  4.832034e+05  -9.258031e+03
63  9.627409e+05  -1.235025e+04
ENDPROP
STARTPROP
MASSES:  4.200000e-03   4.500000e-02
SOURCE: PSAX4
SINKS: GAM_4
0  5.829622e+04  1.930215e+04
1  1.721222e+06  1.838305e+04
2  1.076316e+06  1.327356e+04
3  7.590278e+05  8.565510e+03
4  5.384942e+05  6.421693e+03
5  3.695882e+05  4.948829e+03
6  2.552899e+05  3.289581e+03
7  1.732905e+05  3.472111e+03
8  1.191784e+05  2.104833e+03
9  8.142430e+04  8.461327e+02
10  5.556256e+04  4.320259e+02
11  3.892147e+04  6.077922e+02
12  2.712724e+04  6.193651e+02
13  1.908094e+04  4.048666e+02
14  1.313117e+04  2.234210e+02
15  8.887075e+03  1.440618e+02
16  6.153404e+03  6.480120e+01
17  4.234842e+03  9.632852e+01
18  2.891766e+03  5.027501e+01
19  2.002689e+03  1.078268e+01
20  1.390319e+03  1.016504e+01
21  9.496690e+02  2.354723e+01
22  6.551729e+02  1.222163e+01
23  4.588747e+02  1.561657e+01
24  3.196425e+02  1.332183e+01
25  2.228612e+02  1.631924e+01
26  1.557840e+02  1.384626e+01
27  1.103138e+02  9.653021e+00
28  7.537251e+01  7.003724e+00
29  5.110893e+01  5.769308e+00
30  3.262620e+01  3.696040e+00
31  1.709054e+01  1.588802e+00
32  4.014797e+00  4.254121e-01
33  -9.564852e+00  -6.887182e-01
34  -2.503802e+01  -1.687884e+00
35  -4.470104e+01  -1.073766e+00
36  -7.146329e+01  -1.166735e+00
37  -1.078630e+02  -2.107794e-01
38  -1.593260e+02  1.693500e-01
39  -2.283139e+02  3.245629e-01
40  -3.254285e+02  1.607935e+00
41  -4.555147e+02  3.833794e+00
42  -6.646201e+02  1.202407e+01
43  -9.451182e+02  1.434547e+01
44  -1.387342e+03  1.675564e+00
45  -2.000153e+03  -3.884956e+00
46  -2.929087e+03  -1.904820e+01
47  -4.246139e+03  -3.372506e+01
48  -6.088463e+03  -8.426197e+01
49  -8.786682e+03  -1.806018e+02
50  -1.266146e+04  -4.235634e+02
51  -1.851214e+04  -7.104415e+02
52  -2.651131e+04  -9.715631e+02
53  -3.857702e+04  -1.234673e+03
54  -5.632120e+04  -1.109226e+03
55  -8.029877e+04  -1.423283e+03
56  -1.152515e+05  -1.127600e+03
57  -1.651192e+05  -8.764264e+02
58  -2.378313e+05  -1.726080e+02
59  -3.422645e+05  1.414705e+03
60  -4.841379e+05  5.328075e+03
61  -7.035105e+05  5.872915e+03
62  -1.003473e+06  1.392254e+04
63  -1.633216e+06  1.649062e+04
ENDPROP
STARTPROP
MASSES:  4.200000e-03   4.500000e-02
SOURCE: WWPSAX4
SINKS: GAM_4
0  -2.286561e+07  2.573997e+08
1  1.507254e+09  3.977039e+07
2  5.599866e+08  7.432662e+07
3  5.267479e+08  1.560803e+07
4  5.337735e+08  6.860611e+07
5  1.475876e+08  -7.819653e+06
6  1.530002e+08  1.657139e+07
7  1.143856e+08  -4.069852e+06
8  6.785111e+07  -9.966883e+06
9  9.271155e+07  1.051994e+07
10  2.210969e+07  5.712303e+06
11  1.405700e+07  -2.984392e+06
12  1.266555e+07  1.115828e+06
13  8.739865e+06  -1.728412e+06
14  8.048001e+06  1.557065e+06
15  3.500855e+06  -1.902288e+06
16  4.592737e+06  3.747269e+05
17  2.661035e+06  2.795618e+04
18  2.274143e+06  5.261134e+05
19  1.716000e+06  -1.163157e+05
20  1.173798e+06  -7.478246e+04
21  9.039896e+05  1.191387e+05
22  3.283121e+05  -1.642408e+05
23  3.213898e+05  1.226769e+05
24  1.461735e+05  1.415203e+04
25  1.637947e+05  -4.750777e+03
26  1.189528e+05  2.656700e+04
27  1.068793e+05  -1.972299e+04
28  3.247465e+02  -7.224989e+03
29  1.333900e+04  3.286561e+03
30  5.298299e+03  2.924952e+03
31  1.590680e+04  -2.236324e+04
32  1.021192e+04  1.821899e+03
33  2.664190e+03  1.137625e+04
34  -3.695931e+03  2.170854e+03
35  -3.979858e+04  1.321285e+04
36  -2.215928e+04  6.992668e+03
37  -7.524067e+04  -1.122463e+04
38  -5.390151e+04  -5.097910e+04
39  -1.442395e+05  3.845805e+04
40  -1.102582e+05  -7.209781e+04
41  -2.354545e+05  1.368797e+04
42  -2.003670e+05  -1.233526e+05
43  -6.524850e+05  1.383558e+05
44  -5.780559e+05  -7.449196e+04
45  -1.187200e+06  -1.221216e+05
46  -2.001448e+06  -6.638025e+05
47  -2.719378e+06  -1.379543e+05
48  -3.365637e+06  8.543946e+04
49  -3.788779e+06  8.558502e+05
50  -6.106280e+06  5.514147e+05
51  -9.088312e+06  1.860626e+06
52  -1.176108e+07  -4.266105e+06
53  -6.943079e+06  -3.550602e+06
54  -2.533495e+07  3.292355e+06
55  -4.638388e+07  4.210407e+06
56  -5.756524e+07  -1.676450e+07
57  -7.328953e+07  -1.690578e+07
58  -2.580152e+08  -2.678629e+07
59  -1.559380e+08  -3.133646e+07
60  -3.474131e+08  8.799930e+06
61  -3.536255e+08  -4.209685e+07
62  -5.463119e+08  -2.262940e+07
63  -1.302329e+09  -7.875190e+07
ENDPROP
STARTPROP
MASSES:  4.200000e-03   4.500000e-02
SOURCE: WWGAM_5
SINKS: GAM_5
0  1.759145e+10  -4.879202e+01
1  2.366938e+09  2.415703e+07
2  1.060005e+09  2.876550e+07
3  8.740470e+08  -1.299362e+07
4  7.318001e+08  1.050185e+08
5  3.722599e+08  1.876170e+07
6  2.803161e+08  2.687078e+06
7  2.249737e+08  8.210947e+05
8  1.481165e+08  -1.778716e+06
9  1.500652e+08  1.590307e+07
10  6.062880e+07  4.500683e+06
11  3.634950e+07  6.378616e+05
12  2.342671e+07  -1.978695e+06
13  2.060004e+07  -1.038773e+06
14  1.519938e+07  1.392480e+06
15  9.815641e+06  -2.751572e+06
16  7.622969e+06  -5.370165e+05
17  4.767216e+06  1.120651e+05
18  3.941266e+06  4.216782e+05
19  2.730613e+06  -2.020374e+05
20  2.091669e+06  -6.526199e+04
21  1.319830e+06  1.131904e+05
22  7.649950e+05  -1.150456e+05
23  5.937678e+05  1.717682e+05
24  3.832872e+05  2.063942e+05
25  3.268035e+05  2.022372e+04
26  1.865063e+05  1.791550e+04
27  1.637200e+05  7.090009e+03
28  7.424119e+04  -1.103379e+04
29  7.488543e+04  -9.668573e+03
30  3.343082e+04  7.832516e+03
31  4.501961e+04  8.231452e+03
32  3.318865e+04  -2.239138e+03
33  3.913262e+04  5.443528e+03
34  5.138301e+04  -8.825064e+03
35  7.355894e+04  1.154950e+03
36  1.062405e+05  -2.605147e+04
37  1.310569e+05  -5.620814e+03
38  1.721763e+05  1.888431e+04
39  2.732576e+05  -2.169164e+04
40  3.167574e+05  6.069652e+04
41  4.966205e+05  -1.147241e+04
42  7.308737e+05  3.524724e+05
43  1.343054e+06  -5.092556e+04
44  1.111777e+06  2.092551e+05
45  2.210243e+06  -3.766916e+05
46  2.918426e+06  7.515371e+05
47  4.461989e+06  -3.359850e+05
48  6.584610e+06  -6.213054e+04
49  1.055062e+07  -1.346561e+06
50  1.538651e+07  -3.763165e+05
51  2.005464e+07  -2.716545e+06
52  2.987926e+07  6.948206e+06
53  3.976401e+07  4.607056e+06
54  6.482929e+07  1.588267e+06
55  1.142721e+08  -1.546640e+07
56  1.371325e+08  1.077177e+07
57  1.605755e+08  7.565606e+06
58  3.886320e+08  1.586345e+07
59  3.699017e+08  4.111573e+07
60  6.378925e+08  -4.028248e+07
61  7.667325e+08  7.445816e+07
62  1.053210e+09  4.104085e+07
63  2.163061e+09  -3.931536e+07
ENDPROP
