STARTPROP
MASSES:  4.200000e-03   4.500000e-02
SOURCE: GAM_1
SINKS: GAM_1
0  1.173271e+06  1.676923e+03
1  1.908702e+06  7.164475e+03
2  8.991593e+05  1.281188e+04
3  4.772543e+05  5.486290e+03
4  2.511126e+05  -2.252595e+03
5  1.281588e+05  -3.469024e+03
6  6.606098e+04  -1.062008e+03
7  3.221382e+04  -8.095861e+02
8  1.443139e+04  -1.510608e+03
9  5.623636e+03  -1.266824e+03
10  1.311145e+03  -9.623918e+02
11  -4.652015e+02  -9.498290e+02
12  -8.356774e+02  -9.771943e+02
13  -3.787220e+02  -4.601238e+02
14  -1.003597e+02  9.842015e+00
15  8.076590e+01  1.703110e+01
16  1.310104e+02  -1.211790e+02
17  4.921645e+01  -1.643332e+02
18  -4.776814e+00  -1.111797e+02
19  9.073879e-01  -2.055839e+01
20  2.088947e+01  -4.411912e+00
21  2.358802e+00  2.409701e+00
22  -1.663203e+01  1.815500e+01
23  -1.845249e+01  1.563351e+01
24  -1.745292e+01  1.383565e+01
25  -1.102222e+01  1.100586e+01
26  -6.389402e+00  1.130676e+01
27  -5.339860e+00  7.796165e+00
28  -3.263146e+00  4.320802e+00
29  -2.201994e+00  1.607986e+00
30  -1.271820e+00  7.747307e-01
31  -7.741728e-01  8.835514e-01
32  -6.072134e-01  5.889310e-01
33  -8.992147e-01  3.728219e-01
34  -1.900072e+00  5.624571e-01
35  -3.052513e+00  1.880667e+00
36  -6.894400e+00  1.015133e+00
37  -1.079872e+01  5.612754e+00
38  -1.741874e+01  9.390261e+00
39  -1.892094e+01  1.103526e+01
40  -2.356505e+01  8.174372e+00
41  -3.019651e+01  -9.284293e+00
42  -2.236980e+01  -2.635756e+01
43  -2.268456e+01  -4.559629e+01
44  -4.977317e+01  -6.133482e+01
45  -5.067318e+01  -9.407364e+01
46  -3.771503e+01  -1.742101e+02
47  1.044969e+02  -1.941797e+02
48  2.025611e+02  -2.208901e+02
49  1.721561e+02  -2.841726e+02
50  1.393685e+02  -2.665309e+02
51  -2.442194e+02  -2.244561e+02
52  -2.943651e+01  9.356345e+01
53  1.266472e+03  2.353999e+02
54  3.429626e+03  6.554434e+02
55  8.210843e+03  1.582243e+03
56  1.717222e+04  3.513568e+03
57  3.138092e+04  5.289516e+03
58  5.976939e+04  5.219082e+03
59  1.147889e+05  5.716561e+03
60  2.241875e+05  8.637692e+03
61  4.417934e+05  1.330574e+04
62  8.513883e+05  2.217700e+04
63  1.866915e+06  1.283852e+04
ENDPROP
STARTPROP
MASSES:  4.200000e-03   4.500000e-02
SOURCE: GAM_2
SINKS: GAM_2
0  1.155933e+06  -3.037237e+03
1  1.851932e+06  -1.525946e+04
2  8.309579e+05  -1.134597e+04
3  4.247157e+05  -5.117488e+03
4  2.202450e+05  3.716302e+03
5  1.146557e+05  4.135794e+03
6  5.945384e+04  6.753089e+02
7  3.179103e+04  -1.087563e+03
8  1.583375e+04  -1.063180e+03
9  7.522627e+03  -1.136762e+03
10  1.931731e+03  -3.084629e+02
11  -1.692108e+03  7.905822e+02
12  -2.450284e+03  7.382257e+02
13  -1.820087e+03  2.688742e+02
14  -1.166792e+03  5.654148e+01
15  -5.983021e+02  -1.328274e+02
16  -4.624530e+02  -3.602726e+01
17  -3.294054e+02  1.238105e+01
18  -1.800744e+02  1.410018e+01
19  -6.314160e+01  -8.398747e-01
20  -1.949225e+01  -1.419686e+01
21  -1.526072e+01  1.507849e+01
22  -1.120199e+01  2.036892e+01
23  -8.297030e+00  2.063901e+01
24  -3.082496e+00  1.558427e+01
25  8.511996e-01  1.499183e+01
26  8.121057e+00  1.361999e+01
27  8.579766e+00  8.299278e+00
28  6.004427e+00  3.411410e+00
29  3.262543e+00  8.423466e-01
30  -4.237933e-01  -1.222908e+00
31  -1.585373e+00  -2.500600e+00
32  -2.486703e+00  -3.468485e+00
33  -2.502795e+00  -3.747306e+00
34  -3.454955e+00  -2.521817e+00
35  -5.926637e+00  3.618427e-03
36  -9.856147e+00  2.514946e+00
37  -1.376614e+01  3.851389e-01
38  -1.402932e+01  2.481356e+00
39  -1.452437e+01  6.987648e+00
40  -1.885148e+01  1.929022e+01
41  -2.624475e+01  2.938218e+01
42  -3.361632e+01  5.164575e+01
43  -4.196777e+01  8.570209e+01
44  -1.443474e+01  1.378336e+02
45  3.307591e+01  1.910376e+02
46  1.376280e+02  2.023620e+02
47  3.416087e+02  1.129296e+02
48  6.672261e+02  3.636261e+01
49  9.571312e+02  -1.390546e+02
50  1.309593e+03  -1.877812e+02
51  1.829242e+03  -2.971429e+02
52  2.868866e+03  -3.851783e+02
53  4.840835e+03  -3.508859e+02
54  7.875622e+03  -5.476472e+01
55  1.265617e+04  1.027958e+03
56  1.879516e+04  2.307378e+03
57  3.289467e+04  4.402606e+03
58  6.409833e+04  4.921673e+03
59  1.275594e+05  8.840901e+03
60  2.333473e+05  1.623093e+04
61  4.369062e+05  2.114456e+04
62  8.337453e+05  1.809792e+04
63  1.842628e+06  8.614055e+03
ENDPROP
STARTPROP
MASSES:  4.200000e-03   4.500000e-02
SOURCE: GAM_3
SINKS: GAM_3
0  1.198570e+06  3.243244e+03
1  1.875977e+06  1.470183e+04
2  8.907245e+05  1.059722e+04
3  4.801981e+05  1.154993e+04
4  2.477577e+05  7.481627e+03
5  1.262795e+05  4.558151e+03
6  6.573860e+04  1.344318e+03
7  3.381068e+04  -6.199334e+02
8  1.520844e+04  -6.790704e+02
9  6.041396e+03  -7.401112e+02
10  2.676482e+03  1.524261e+02
11  9.295096e+02  5.063728e+02
12  8.107049e+02  8.132166e+02
13  8.205758e+02  5.697456e+02
14  3.788669e+02  3.314356e+02
15  3.030115e+01  2.378570e+02
16  1.456094e+01  1.517497e+02
17  3.853262e+01  1.453428e+02
18  9.701629e+01  8.096387e+01
19  6.932256e+01  5.924880e+01
20  3.978559e+01  1.153249e+01
21  2.285988e+01  5.161384e+00
22  -1.020102e+00  1.739470e+00
23  -1.034815e+00  -1.057259e+01
24  2.584167e+00  -1.227446e+01
25  1.459218e+00  -4.707475e+00
26  2.629494e+00  -3.152500e+00
27  5.001489e+00  -2.101200e+00
28  6.809125e+00  -4.843759e-02
29  4.489312e+00  1.442476e+00
30  2.000054e+00  1.013713e+00
31  1.953577e+00  7.306301e-01
32  3.898236e-01  8.202775e-01
33  -5.419625e-01  5.249322e-01
34  -9.032635e-01  7.870106e-01
35  -7.152154e-01  2.430536e+00
36  -2.622573e+00  5.322925e+00
37  -5.168037e+00  7.576481e+00
38  -2.875133e+00  1.015540e+01
39  4.209037e+00  7.924520e+00
40  2.368777e+01  -3.501133e+00
41  5.149086e+01  -2.166298e+01
42  6.909992e+01  -3.173606e+01
43  9.900124e+01  -2.125589e+01
44  1.141924e+02  -2.043417e+01
45  8.847465e+01  -3.055921e+01
46  8.561167e+01  -4.174395e+01
47  1.099592e+02  -3.500982e+01
48  1.075831e+02  -4.195544e+01
49  -8.885132e+01  1.206541e+02
50  5.146750e+01  1.890990e+02
51  1.331862e+02  1.810397e+02
52  2.366122e+02  -1.917161e+01
53  1.260777e+03  -1.204310e+02
54  2.817697e+03  -2.767365e+02
55  8.261799e+03  -5.076793e+02
56  1.869267e+04  -2.351408e+03
57  3.752978e+04  -5.566162e+03
58  7.416688e+04  -9.368345e+03
59  1.408980e+05  -1.239549e+04
60  2.631242e+05  -1.186430e+04
61  4.986243e+05  -6.367596e+03
62  9.184020e+05  -3.199562e+03
63  1.914641e+06  1.900805e+02
ENDPROP
STARTPROP
MASSES:  4.200000e-03   4.500000e-02
SOURCE: GAM_4
SINKS: GAM_4
0  2.114875e+06  8.180577e+02
1  -2.893474e+05  1.779530e+02
2  -1.372120e+04  -5.683794e+02
3  -1.227762e+04  -3.059701e+03
4  -5.412574e+03  -4.467676e+03
5  -2.973935e+03  -3.040965e+03
6  -2.336657e+03  -4.530034e+03
7  -1.611852e+03  -3.732103e+03
8  -5.247002e+02  -3.595865e+03
9  -3.189978e+02  -2.244980e+03
10  -1.951415e+02  -1.434919e+03
11  -3.399637e+02  -8.516564e+02
12  -1.332430e+02  -5.055348e+02
13  -1.445830e+02  -1.961047e+02
14  -5.604802e+01  -3.685557e+01
15  -5.364084e+01  4.350327e+01
16  -4.585588e+01  7.069042e+01
17  -3.906223e+01  1.075728e+02
18  -4.620960e+01  1.176894e+02
19  -5.149051e+01  8.599071e+01
20  -3.073296e+01  7.787358e+01
21  -1.919898e+01  5.284053e+01
22  -1.921967e+01  3.832735e+01
23  -2.036096e+01  2.598532e+01
24  -1.659803e+01  1.757526e+01
25  -1.321764e+01  1.192070e+01
26  -9.633370e+00  5.928868e+00
27  -7.590809e+00  3.695037e+00
28  -5.921193e+00  9.742635e-01
29  -4.767511e+00  3.676284e-01
30  -4.362126e+00  -9.629925e-01
31  -3.707241e+00  -1.374277e+00
32  -2.643269e+00  -1.761781e+00
33  -2.247974e+00  -1.603210e+00
34  -1.168531e+00  -2.319728e+00
35  -6.905613e-01  -2.671852e+00
36  -5.489718e-02  -3.074996e+00
37  -1.423290e+00  -3.980354e+00
38  1.431121e-01  -3.812653e+00
39  -3.377255e-01  -4.703957e+00
40  -9.964036e-01  -6.762022e+00
41  -3.222543e+00  -6.026160e+00
42  -5.085434e+00  -2.228855e+00
43  -1.936980e-01  -1.723344e+00
44  5.173114e+00  1.297947e+01
45  2.985427e+01  2.397156e+01
46  2.355556e+01  6.070276e+01
47  2.014294e+01  9.091411e+01
48  4.194586e+01  1.250832e+02
49  5.764312e+01  2.277345e+02
50  9.673375e+01  3.221722e+02
51  1.415910e+02  3.480258e+02
52  2.075715e+02  4.540750e+02
53  2.068604e+02  4.754727e+02
54  2.207105e+01  5.484788e+02
55  1.181026e+01  1.070301e+03
56  1.737752e+02  1.543814e+03
57  -1.462492e+03  1.809008e+03
58  -3.030704e+03  1.691135e+03
59  -4.324375e+03  2.882120e+03
60  -9.174952e+03  5.289781e+03
61  -1.481835e+04  6.843217e+03
62  -1.732015e+04  5.447279e+03
63  -2.975120e+05  3.824694e+03
ENDPROP
STARTPROP
MASSES:  4.200000e-03   4.500000e-02
SOURCE: GAM_5
SINKS: GAM_5
0  6.733367e+06  -1.470541e+04
1  6.688177e+06  -1.593666e+04
2  4.733146e+06  -1.181379e+04
3  3.358320e+06  -2.333563e+04
4  2.329048e+06  -2.782983e+04
5  1.588047e+06  -2.595405e+04
6  1.078287e+06  -1.872231e+04
7  7.340919e+05  -1.578593e+04
8  5.097122e+05  -1.136564e+04
9  3.517497e+05  -6.276034e+03
10  2.445157e+05  -2.500424e+03
11  1.707347e+05  -4.418056e+02
12  1.182479e+05  6.459937e+02
13  7.918261e+04  7.900451e+02
14  5.321480e+04  3.304018e+02
15  3.658774e+04  -4.281321e+02
16  2.489044e+04  -6.919445e+02
17  1.690735e+04  -4.481723e+02
18  1.178475e+04  -2.450082e+02
19  8.183360e+03  -1.100412e+02
20  5.563910e+03  -1.017559e+02
21  3.823817e+03  -9.916300e+01
22  2.695681e+03  -5.033680e+01
23  1.898883e+03  -3.216509e+01
24  1.281982e+03  -7.345816e+00
25  8.499999e+02  1.260190e+01
26  5.721640e+02  2.740590e+01
27  3.943379e+02  1.970284e+01
28  2.760414e+02  1.121230e+01
29  2.002285e+02  6.542682e+00
30  1.551959e+02  2.207955e+00
31  1.340792e+02  -1.571853e+00
32  1.363773e+02  -4.181828e+00
33  1.573222e+02  -4.079783e+00
34  1.952024e+02  -3.223875e+00
35  2.603135e+02  9.680400e-01
36  3.615363e+02  -5.019292e-01
37  5.168784e+02  -1.561039e+00
38  7.366619e+02  9.502448e-01
39  1.039899e+03  9.388032e+00
40  1.489136e+03  2.696880e+01
41  2.176070e+03  5.954342e+01
42  3.106718e+03  1.213402e+02
43  4.488828e+03  1.894736e+02
44  6.489004e+03  2.844056e+02
45  9.401573e+03  4.663164e+02
46  1.361631e+04  7.024067e+02
47  1.978592e+04  9.118509e+02
48  2.819246e+04  7.270979e+02
49  4.009687e+04  3.524311e+02
50  5.812939e+04  2.439408e+02
51  8.326148e+04  7.909297e+02
52  1.197401e+05  2.144878e+03
53  1.727154e+05  3.178221e+03
54  2.525760e+05  4.670199e+03
55  3.705863e+05  7.154462e+03
56  5.276794e+05  1.324395e+04
57  7.511196e+05  2.188684e+04
58  1.071375e+06  2.604448e+04
59  1.535456e+06  2.408303e+04
60  2.225431e+06  2.032138e+04
61  3.254589e+06  9.341243e+03
62  4.607978e+06  2.084442e+03
63  6.609496e+06  -6.417773e+02
ENDPROP
STARTPROP
MASSES:  4.200000e-03   4.500000e-02
SOURCE: GAM_12
SINKS: GAM_12
0  8.098951e+05  7.256676e+02
1  -6.838151e+05  -3.917987e+01
2  -1.555785e+05  3.244492e+03
3  -4.616947e+04  -4.911607e+02
4  -1.342718e+04  -8.246476e+02
5  -8.897145e+02  3.503352e+03
6  3.567796e+03  4.387385e+03
7  4.039546e+03  3.724384e+03
8  2.928121e+03  1.090791e+03
9  1.118832e+03  2.619994e+02
10  2.323144e+02  1.255173e+02
11  -3.051468e+02  -1.336851e+02
12  -2.848483e+02  -6.082638e+01
13  -3.002079e+02  -2.192199e+01
14  1.333770e+00  8.443215e+01
15  1.007531e+02  -7.820849e+00
16  9.135724e+01  6.131646e+01
17  7.036254e+01  3.968893e+01
18  3.893678e+01  3.662062e+01
19  -2.612540e+00  -9.466786e+00
20  -5.137471e+00  -1.893493e+01
21  -1.151736e+01  -5.563183e+00
22  -1.041960e+00  1.288751e+00
23  6.910037e+00  1.148892e+00
24  4.794703e+00  -1.852050e+00
25  1.922132e+00  3.027188e+00
26  1.266069e+00  5.513849e+00
27  1.375645e+00  2.986118e+00
28  9.940854e-01  1.338080e+00
29  5.678558e-01  7.846133e-01
30  -3.044295e-01  8.343044e-01
31  -3.708531e-01  8.791238e-01
32  -1.085647e+00  1.648107e+00
33  -8.829436e-01  1.656633e+00
34  -1.694560e-01  1.611902e+00
35  1.402278e+00  8.680023e-01
36  2.874926e+00  6.854439e-01
37  3.946710e+00  -1.794518e+00
38  4.303526e+00  -2.580100e+00
39  3.880076e+00  -3.654430e+00
40  6.808729e+00  -6.629346e+00
41  1.292249e+01  -1.523320e+01
42  1.127331e+01  -1.825552e+01
43  2.060022e+01  -3.602041e+01
44  6.466704e+00  -6.077017e+01
45  -3.471904e+01  -7.546680e+01
46  6.082252e+00  -7.304703e+01
47  -1.129994e+00  -6.308747e+01
48  -5.443138e+01  -7.371770e+01
49  -7.567019e+01  -8.927330e+01
50  -8.283663e+00  8.907656e+01
51  -2.290365e+02  6.506383e+01
52  -6.053256e+02  5.551004e+01
53  -2.479622e+02  2.578934e+02
54  -4.612055e+02  4.366113e+02
55  -4.436617e+02  5.012296e+02
56  5.126648e+02  9.683951e+02
57  8.100071e+02  1.853882e+03
58  7.827215e+01  6.071803e+02
59  -7.483454e+03  2.067304e+03
60  -2.626720e+04  7.417836e+00
61  -7.436048e+04  2.906436e+02
62  -1.847057e+05  2.023847e+03
63  -7.037549e+05  4.558969e+03
ENDPROP
STARTPROP
MASSES:  4.200000e-03   4.500000e-02
SOURCE: GAM_21
SINKS: GAM_21
0  8.098951e+05  7.256676e+02
1  -6.838151e+05  -3.917987e+01
2  -1.555785e+05  3.244492e+03
3  -4.616947e+04  -4.911607e+02
4  -1.342718e+04  -8.246476e+02
5  -8.897145e+02  3.503352e+03
6  3.567796e+03  4.387385e+03
7  4.039546e+03  3.724384e+03
8  2.928121e+03  1.090791e+03
9  1.118832e+03  2.619994e+02
10  2.323144e+02  1.255173e+02
11  -3.051468e+02  -1.336851e+02
12  -2.848483e+02  -6.082638e+01
13  -3.002079e+02  -2.192199e+01
14  1.333770e+00  8.443215e+01
15  1.007531e+02  -7.820849e+00
16  9.135724e+01  6.131646e+01
17  7.036254e+01  3.968893e+01
18  3.893678e+01  3.662062e+01
19  -2.612540e+00  -9.466786e+00
20  -5.137471e+00  -1.893493e+01
21  -1.151736e+01  -5.563183e+00
22  -1.041960e+00  1.288751e+00
23  6.910037e+00  1.148892e+00
24  4.794703e+00  -1.852050e+00
25  1.922132e+00  3.027188e+00
26  1.266069e+00  5.513849e+00
27  1.375645e+00  2.986118e+00
28  9.940854e-01  1.338080e+00
29  5.678558e-01  7.846133e-01
30  -3.044295e-01  8.343044e-01
31  -3.708531e-01  8.791238e-01
32  -1.085647e+00  1.648107e+00
33  -8.829436e-01  1.656633e+00
34  -1.694560e-01  1.611902e+00
35  1.402278e+00  8.680023e-01
36  2.874926e+00  6.854439e-01
37  3.946710e+00  -1.794518e+00
38  4.303526e+00  -2.580100e+00
39  3.880076e+00  -3.654430e+00
40  6.808729e+00  -6.629346e+00
41  1.292249e+01  -1.523320e+01
42  1.127331e+01  -1.825552e+01
43  2.060022e+01  -3.602041e+01
44  6.466704e+00  -6.077017e+01
45  -3.471904e+01  -7.546680e+01
46  6.082252e+00  -7.304703e+01
47  -1.129994e+00  -6.308747e+01
48  -5.443138e+01  -7.371770e+01
49  -7.567019e+01  -8.927330e+01
50  -8.283663e+00  8.907656e+01
51  -2.290365e+02  6.506383e+01
52  -6.053256e+02  5.551004e+01
53  -2.479622e+02  2.578934e+02
54  -4.612055e+02  4.366113e+02
55  -4.436617e+02  5.012296e+02
56  5.126648e+02  9.683951e+02
57  8.100071e+02  1.853882e+03
58  7.827215e+01  6.071803e+02
59  -7.483454e+03  2.067304e+03
60  -2.626720e+04  7.417836e+00
61  -7.436048e+04  2.906436e+02
62  -1.847057e+05  2.023847e+03
63  -7.037549e+05  4.558969e+03
ENDPROP
STARTPROP
MASSES:  4.200000e-03   4.500000e-02
SOURCE: GAM_13
SINKS: GAM_13
0  7.557525e+05  5.901925e+03
1  -7.233773e+05  4.123580e+03
2  -1.847052e+05  3.550358e+03
3  -8.515623e+04  3.020492e+03
4  -3.669048e+04  4.022033e+03
5  -1.231040e+04  4.861460e+03
6  -2.890838e+03  3.733695e+03
7  -2.178915e+03  1.559346e+03
8  -7.761143e+02  5.919859e+02
9  -1.379880e+03  5.681556e+02
10  -9.633792e+02  -1.756871e+02
11  -4.368073e+02  -1.596470e+02
12  8.376347e+01  -1.918545e+02
13  2.262771e+01  -2.700571e+02
14  1.038940e+01  -2.198337e+01
15  4.308321e+01  3.523090e+01
16  -1.984257e+01  3.348171e+01
17  -2.101682e+01  2.222304e+01
18  -1.587389e+01  2.809606e+01
19  1.563362e+01  -9.076009e+00
20  1.382711e+01  9.632738e+00
21  3.434722e+00  1.238106e+01
22  1.157914e+01  -2.027897e+00
23  7.440481e+00  -5.912520e+00
24  2.607692e+00  -3.042260e+00
25  1.618005e+00  -2.803103e+00
26  1.274257e+00  -1.326787e+00
27  6.052937e-01  2.495849e+00
28  1.110169e+00  3.727806e+00
29  4.915849e-01  1.939520e+00
30  -1.345694e-01  -1.805374e-01
31  7.902768e-02  -6.934598e-01
32  1.409570e-01  -7.034670e-01
33  -1.313626e-01  -5.183576e-01
34  -4.141580e-01  -7.042904e-01
35  -5.039081e-01  -6.647966e-01
36  7.910553e-01  -7.786965e-01
37  5.145864e+00  -2.141253e+00
38  5.400866e+00  -6.796813e+00
39  3.679891e+00  -8.971102e+00
40  7.067672e+00  -1.591120e+01
41  1.824381e+01  -1.380891e+01
42  2.033212e+01  -1.347587e+01
43  3.174917e+01  -1.339422e+01
44  8.643347e-03  -8.205264e+00
45  -3.396772e+01  9.251410e+00
46  -6.363287e+01  4.092993e+01
47  -1.024148e+02  9.400100e+01
48  -1.194165e+02  7.542889e+01
49  -1.380604e+02  7.424529e+01
50  -7.778977e+01  6.305693e+01
51  -3.364903e+02  2.533214e+02
52  -1.714078e+02  3.470200e+02
53  -3.699314e+02  3.716349e+02
54  3.566547e+02  1.853529e+02
55  8.345094e+01  -3.393011e+02
56  -6.981599e+02  -1.339903e+02
57  -3.669614e+03  2.059683e+02
58  -7.081727e+03  9.779849e+02
59  -1.303800e+04  6.860483e+02
60  -2.881442e+04  2.822916e+03
61  -7.111539e+04  2.514591e+03
62  -1.980169e+05  2.611811e+03
63  -7.355709e+05  4.803186e+03
ENDPROP
STARTPROP
MASSES:  4.200000e-03   4.500000e-02
SOURCE: GAM_31
SINKS: GAM_31
0  7.557525e+05  5.901925e+03
1  -7.233773e+05  4.123580e+03
2  -1.847052e+05  3.550358e+03
3  -8.515623e+04  3.020492e+03
4  -3.669048e+04  4.022033e+03
5  -1.231040e+04  4.861460e+03
6  -2.890838e+03  3.733695e+03
7  -2.178915e+03  1.559346e+03
8  -7.761143e+02  5.919859e+02
9  -1.379880e+03  5.681556e+02
10  -9.633792e+02  -1.756871e+02
11  -4.368073e+02  -1.596470e+02
12  8.376347e+01  -1.918545e+02
13  2.262771e+01  -2.700571e+02
14  1.038940e+01  -2.198337e+01
15  4.308321e+01  3.523090e+01
16  -1.984257e+01  3.348171e+01
17  -2.101682e+01  2.222304e+01
18  -1.587389e+01  2.809606e+01
19  1.563362e+01  -9.076009e+00
20  1.382711e+01  9.632738e+00
21  3.434722e+00  1.238106e+01
22  1.157914e+01  -2.027897e+00
23  7.440481e+00  -5.912520e+00
24  2.607692e+00  -3.042260e+00
25  1.618005e+00  -2.803103e+00
26  1.274257e+00  -1.326787e+00
27  6.052937e-01  2.495849e+00
28  1.110169e+00  3.727806e+00
29  4.915849e-01  1.939520e+00
30  -1.345694e-01  -1.805374e-01
31  7.902768e-02  -6.934598e-01
32  1.409570e-01  -7.034670e-01
33  -1.313626e-01  -5.183576e-01
34  -4.141580e-01  -7.042904e-01
35  -5.039081e-01  -6.647966e-01
36  7.910553e-01  -7.786965e-01
37  5.145864e+00  -2.141253e+00
38  5.400866e+00  -6.796813e+00
39  3.679891e+00  -8.971102e+00
40  7.067672e+00  -1.591120e+01
41  1.824381e+01  -1.380891e+01
42  2.033212e+01  -1.347587e+01
43  3.174917e+01  -1.339422e+01
44  8.643347e-03  -8.205264e+00
45  -3.396772e+01  9.251410e+00
46  -6.363287e+01  4.092993e+01
47  -1.024148e+02  9.400100e+01
48  -1.194165e+02  7.542889e+01
49  -1.380604e+02  7.424529e+01
50  -7.778977e+01  6.305693e+01
51  -3.364903e+02  2.533214e+02
52  -1.714078e+02  3.470200e+02
53  -3.699314e+02  3.716349e+02
54  3.566547e+02  1.853529e+02
55  8.345094e+01  -3.393011e+02
56  -6.981599e+02  -1.339903e+02
57  -3.669614e+03  2.059683e+02
58  -7.081727e+03  9.779849e+02
59  -1.303800e+04  6.860483e+02
60  -2.881442e+04  2.822916e+03
61  -7.111539e+04  2.514591e+03
62  -1.980169e+05  2.611811e+03
63  -7.355709e+05  4.803186e+03
ENDPROP
STARTPROP
MASSES:  4.200000e-03   4.500000e-02
SOURCE: GAM_14
SINKS: GAM_14
0  -4.578099e+03  -2.399712e+03
1  1.305965e+06  -5.337742e+03
2  5.574496e+05  -3.023374e+02
3  2.882574e+05  8.084064e+02
4  1.436416e+05  -1.507262e+03
5  7.816149e+04  -7.339139e+02
6  4.024833e+04  -9.682004e+02
7  1.723591e+04  1.109674e+02
8  6.413548e+03  -2.538134e+02
9  2.361221e+03  -3.921876e+02
10  5.312743e+02  -5.187920e+02
11  -5.878679e+01  -2.294513e+02
12  9.879027e+01  -1.290173e+02
13  1.409487e+02  -6.850885e+01
14  1.340849e+02  -5.236867e+01
15  2.014614e+01  -1.115719e+02
16  5.150861e+01  -3.547478e+01
17  -5.928940e+01  -3.009750e+01
18  -1.246654e+02  5.804811e+00
19  -1.047927e+02  2.156862e+01
20  -9.288986e+01  3.417292e+00
21  -5.026685e+01  -1.012088e+01
22  -1.934933e+01  -2.358067e+00
23  -6.398279e+00  -1.691809e+01
24  2.255984e-01  -1.129292e+01
25  -1.568864e-01  -4.910996e-01
26  -2.416694e-01  -7.010430e-01
27  -1.698739e+00  1.503293e+00
28  -2.968496e+00  3.543583e-01
29  -1.987225e+00  -1.816106e+00
30  -1.881783e+00  -1.038778e+00
31  -1.365705e+00  -9.550740e-02
32  -1.406877e-01  7.590105e-01
33  1.221073e+00  6.546832e-01
34  1.351695e+00  4.872841e-01
35  4.640133e-01  1.862665e+00
36  -3.123338e-01  1.165468e+00
37  -5.818184e-01  4.038514e+00
38  -7.704140e-01  8.374992e+00
39  -9.709544e-01  1.017794e+01
40  -9.258649e+00  1.585980e+01
41  -2.408420e+01  1.568425e+01
42  -3.084802e+01  8.642574e+00
43  -3.981754e+01  6.739529e+00
44  -4.992210e+01  7.595218e+00
45  -6.255973e+01  -5.564341e-01
46  -1.067010e+02  1.691048e+00
47  -1.570729e+02  8.102838e+00
48  -1.396459e+02  -6.871409e+00
49  -1.188835e+00  8.999357e+01
50  2.618258e+02  1.463900e+02
51  4.797888e+02  8.874736e+01
52  7.240755e+02  3.843795e+01
53  1.584728e+03  1.830260e+01
54  3.062856e+03  6.729547e+02
55  6.504229e+03  1.616405e+03
56  1.155010e+04  2.252441e+03
57  2.085162e+04  2.757111e+03
58  3.783273e+04  3.238879e+03
59  7.701352e+04  3.951765e+03
60  1.451760e+05  2.735992e+03
61  2.816578e+05  -2.973822e+03
62  5.365290e+05  -1.599494e+03
63  1.284114e+06  -1.442940e+03
ENDPROP
STARTPROP
MASSES:  4.200000e-03   4.500000e-02
SOURCE: GAM_41
SINKS: GAM_41
0  -4.578099e+03  -2.399712e+03
1  1.305965e+06  -5.337742e+03
2  5.574496e+05  -3.023374e+02
3  2.882574e+05  8.084064e+02
4  1.436416e+05  -1.507262e+03
5  7.816149e+04  -7.339139e+02
6  4.024833e+04  -9.682004e+02
7  1.723591e+04  1.109674e+02
8  6.413548e+03  -2.538134e+02
9  2.361221e+03  -3.921876e+02
10  5.312743e+02  -5.187920e+02
11  -5.878679e+01  -2.294513e+02
12  9.879027e+01  -1.290173e+02
13  1.409487e+02  -6.850885e+01
14  1.340849e+02  -5.236867e+01
15  2.014614e+01  -1.115719e+02
16  5.150861e+01  -3.547478e+01
17  -5.928940e+01  -3.009750e+01
18  -1.246654e+02  5.804811e+00
19  -1.047927e+02  2.156862e+01
20  -9.288986e+01  3.417292e+00
21  -5.026685e+01  -1.012088e+01
22  -1.934933e+01  -2.358067e+00
23  -6.398279e+00  -1.691809e+01
24  2.255984e-01  -1.129292e+01
25  -1.568864e-01  -4.910996e-01
26  -2.416694e-01  -7.010430e-01
27  -1.698739e+00  1.503293e+00
28  -2.968496e+00  3.543583e-01
29  -1.987225e+00  -1.816106e+00
30  -1.881783e+00  -1.038778e+00
31  -1.365705e+00  -9.550740e-02
32  -1.406877e-01  7.590105e-01
33  1.221073e+00  6.546832e-01
34  1.351695e+00  4.872841e-01
35  4.640133e-01  1.862665e+00
36  -3.123338e-01  1.165468e+00
37  -5.818184e-01  4.038514e+00
38  -7.704140e-01  8.374992e+00
39  -9.709544e-01  1.017794e+01
40  -9.258649e+00  1.585980e+01
41  -2.408420e+01  1.568425e+01
42  -3.084802e+01  8.642574e+00
43  -3.981754e+01  6.739529e+00
44  -4.992210e+01  7.595218e+00
45  -6.255973e+01  -5.564341e-01
46  -1.067010e+02  1.691048e+00
47  -1.570729e+02  8.102838e+00
48  -1.396459e+02  -6.871409e+00
49  -1.188835e+00  8.999357e+01
50  2.618258e+02  1.463900e+02
51  4.797888e+02  8.874736e+01
52  7.240755e+02  3.843795e+01
53  1.584728e+03  1.830260e+01
54  3.062856e+03  6.729547e+02
55  6.504229e+03  1.616405e+03
56  1.155010e+04  2.252441e+03
57  2.085162e+04  2.757111e+03
58  3.783273e+04  3.238879e+03
59  7.701352e+04  3.951765e+03
60  1.451760e+05  2.735992e+03
61  2.816578e+05  -2.973822e+03
62  5.365290e+05  -1.599494e+03
63  1.284114e+06  -1.442940e+03
ENDPROP
STARTPROP
MASSES:  4.200000e-03   4.500000e-02
SOURCE: GAM_23
SINKS: GAM_23
0  8.103415e+05  -4.012651e+03
1  -6.830720e+05  8.047245e+03
2  -1.633626e+05  6.212037e+03
3  -5.719915e+04  4.446334e+02
4  -1.201627e+04  -1.997360e+02
5  -2.713339e+03  1.976914e+02
6  -1.976461e+03  8.064237e+02
7  -5.544024e+01  8.916168e+02
8  1.406509e+03  4.798926e+02
9  1.190942e+03  -8.313390e+01
10  3.315203e+02  1.047498e+01
11  6.246073e+01  -6.976214e+01
12  5.210869e+01  -7.845984e+01
13  -1.138660e+02  -1.088436e+02
14  -2.454991e+02  -3.319296e+01
15  -5.929884e+01  1.495909e+01
16  -6.466795e+00  -4.206521e+01
17  8.665987e+00  -6.248081e+00
18  6.528594e+01  1.425793e+00
19  1.468230e+01  -2.471536e+01
20  -3.169914e+00  -2.754590e+01
21  -2.236002e+00  -2.328798e+01
22  -3.682846e+00  -2.509649e+01
23  4.927143e+00  -1.439358e+01
24  4.977442e+00  -6.846195e+00
25  4.403509e+00  -5.103027e+00
26  3.455491e+00  -2.349662e+00
27  4.286544e+00  -1.450615e+00
28  2.749359e+00  -3.386160e-01
29  3.078969e+00  3.064811e-01
30  2.127206e+00  -3.623397e-01
31  1.799340e+00  -9.096420e-01
32  1.430949e+00  -9.328394e-01
33  1.118192e+00  -9.766849e-01
34  2.481965e+00  -4.097925e-01
35  2.387473e+00  2.716496e-01
36  3.305487e+00  2.325021e+00
37  1.298457e+00  2.342659e+00
38  -3.517581e+00  2.605195e+00
39  -3.844592e+00  2.955502e-01
40  -1.831486e+00  -2.993947e+00
41  -6.365637e+00  -1.309620e+01
42  -2.038451e+01  -1.020069e+01
43  -1.854636e+01  -1.878339e+01
44  -5.037044e+01  -3.092358e+01
45  -6.881253e+01  -4.238159e+01
46  -5.945686e+01  -3.497066e+01
47  -6.559106e+01  2.271769e+01
48  2.293196e+01  1.219906e+02
49  6.894628e+01  2.062525e+02
50  2.308732e+02  2.399566e+02
51  3.351955e+02  6.272791e+01
52  7.145887e+02  -1.583794e+02
53  2.482463e+02  -3.070938e+02
54  -3.626827e+02  5.343723e+00
55  -2.019223e+03  1.353815e+02
56  -3.021687e+03  -7.723225e+02
57  -5.652591e+03  -1.125044e+03
58  -1.068009e+04  -2.119403e+03
59  -1.745190e+04  -2.582633e+03
60  -2.805790e+04  2.032877e+02
61  -6.434734e+04  2.537467e+03
62  -1.742222e+05  3.359081e+03
63  -6.945451e+05  3.023816e+03
ENDPROP
STARTPROP
MASSES:  4.200000e-03   4.500000e-02
SOURCE: GAM_32
SINKS: GAM_32
0  8.103415e+05  -4.012651e+03
1  -6.830720e+05  8.047245e+03
2  -1.633626e+05  6.212037e+03
3  -5.719915e+04  4.446334e+02
4  -1.201627e+04  -1.997360e+02
5  -2.713339e+03  1.976914e+02
6  -1.976461e+03  8.064237e+02
7  -5.544024e+01  8.916168e+02
8  1.406509e+03  4.798926e+02
9  1.190942e+03  -8.313390e+01
10  3.315203e+02  1.047498e+01
11  6.246073e+01  -6.976214e+01
12  5.210869e+01  -7.845984e+01
13  -1.138660e+02  -1.088436e+02
14  -2.454991e+02  -3.319296e+01
15  -5.929884e+01  1.495909e+01
16  -6.466795e+00  -4.206521e+01
17  8.665987e+00  -6.248081e+00
18  6.528594e+01  1.425793e+00
19  1.468230e+01  -2.471536e+01
20  -3.169914e+00  -2.754590e+01
21  -2.236002e+00  -2.328798e+01
22  -3.682846e+00  -2.509649e+01
23  4.927143e+00  -1.439358e+01
24  4.977442e+00  -6.846195e+00
25  4.403509e+00  -5.103027e+00
26  3.455491e+00  -2.349662e+00
27  4.286544e+00  -1.450615e+00
28  2.749359e+00  -3.386160e-01
29  3.078969e+00  3.064811e-01
30  2.127206e+00  -3.623397e-01
31  1.799340e+00  -9.096420e-01
32  1.430949e+00  -9.328394e-01
33  1.118192e+00  -9.766849e-01
34  2.481965e+00  -4.097925e-01
35  2.387473e+00  2.716496e-01
36  3.305487e+00  2.325021e+00
37  1.298457e+00  2.342659e+00
38  -3.517581e+00  2.605195e+00
39  -3.844592e+00  2.955502e-01
40  -1.831486e+00  -2.993947e+00
41  -6.365637e+00  -1.309620e+01
42  -2.038451e+01  -1.020069e+01
43  -1.854636e+01  -1.878339e+01
44  -5.037044e+01  -3.092358e+01
45  -6.881253e+01  -4.238159e+01
46  -5.945686e+01  -3.497066e+01
47  -6.559106e+01  2.271769e+01
48  2.293196e+01  1.219906e+02
49  6.894628e+01  2.062525e+02
50  2.308732e+02  2.399566e+02
51  3.351955e+02  6.272791e+01
52  7.145887e+02  -1.583794e+02
53  2.482463e+02  -3.070938e+02
54  -3.626827e+02  5.343723e+00
55  -2.019223e+03  1.353815e+02
56  -3.021687e+03  -7.723225e+02
57  -5.652591e+03  -1.125044e+03
58  -1.068009e+04  -2.119403e+03
59  -1.745190e+04  -2.582633e+03
60  -2.805790e+04  2.032877e+02
61  -6.434734e+04  2.537467e+03
62  -1.742222e+05  3.359081e+03
63  -6.945451e+05  3.023816e+03
ENDPROP
STARTPROP
MASSES:  4.200000e-03   4.500000e-02
SOURCE: GAM_24
SINKS: GAM_24
0  8.187632e+03  2.166690e+03
1  1.292986e+06  -1.047948e+03
2  5.428055e+05  -5.015482e+03
3  2.847642e+05  1.151426e+03
4  1.492648e+05  2.729628e+03
5  7.719858e+04  3.301024e+03
6  3.874188e+04  2.963389e+03
7  1.940261e+04  1.547571e+03
8  9.114681e+03  5.037058e+02
9  2.841996e+03  1.478354e+03
10  2.061071e+02  1.274562e+03
11  -1.154532e+03  1.279855e+03
12  -1.083646e+03  8.768978e+02
13  -7.596005e+02  1.932489e+02
14  -6.163158e+02  -7.610025e+01
15  -4.551202e+02  -2.105051e+02
16  -2.594246e+02  -7.398557e+01
17  -1.422116e+02  -2.942751e+01
18  -7.617718e+01  -2.036956e+01
19  -3.079012e+00  -4.632588e+01
20  4.484147e+01  -3.108714e+01
21  5.275248e+01  -1.759375e+01
22  1.740302e+01  -2.099487e+00
23  -4.740367e+00  -8.257508e-01
24  -1.139780e+01  -3.350010e-01
25  -1.351646e+01  -5.788132e-01
26  -7.737365e+00  2.501545e+00
27  -6.558013e+00  2.099512e+00
28  -3.164825e+00  9.462832e-01
29  -2.923530e-01  5.721609e-01
30  -9.079156e-01  4.596428e-01
31  -9.089590e-01  6.424263e-01
32  -1.213274e+00  -2.081872e-01
33  -2.051747e+00  -5.049411e-01
34  -3.435743e+00  -2.715865e-01
35  -2.946476e+00  8.719215e-01
36  -4.742321e+00  2.789972e+00
37  -7.645952e+00  5.885811e+00
38  -1.293034e+01  8.547593e+00
39  -1.711681e+01  9.446989e+00
40  -2.856563e+01  8.425766e+00
41  -3.054302e+01  6.064988e+00
42  -3.626989e+01  1.361446e+01
43  -4.092646e+01  2.494179e+01
44  -1.791473e+01  4.481310e+01
45  1.181460e+01  9.570570e+01
46  5.145058e+01  1.248455e+02
47  1.500384e+02  7.695855e+01
48  2.835989e+02  6.295440e+01
49  2.887874e+02  2.323844e+01
50  6.297700e+02  8.416722e+00
51  7.913404e+02  -1.573562e+02
52  1.305719e+03  -2.808316e+02
53  2.634999e+03  -3.792055e+02
54  4.363427e+03  -8.356330e+01
55  7.683385e+03  1.452839e+03
56  1.121444e+04  3.062549e+03
57  1.888312e+04  4.650761e+03
58  3.528904e+04  5.373738e+03
59  7.225113e+04  5.400612e+03
60  1.436879e+05  6.693251e+03
61  2.885050e+05  5.704792e+03
62  5.611282e+05  3.045145e+03
63  1.313144e+06  -6.294229e+03
ENDPROP
STARTPROP
MASSES:  4.200000e-03   4.500000e-02
SOURCE: GAM_42
SINKS: GAM_42
0  8.187632e+03  2.166690e+03
1  1.292986e+06  -1.047948e+03
2  5.428055e+05  -5.015482e+03
3  2.847642e+05  1.151426e+03
4  1.492648e+05  2.729628e+03
5  7.719858e+04  3.301024e+03
6  3.874188e+04  2.963389e+03
7  1.940261e+04  1.547571e+03
8  9.114681e+03  5.037058e+02
9  2.841996e+03  1.478354e+03
10  2.061071e+02  1.274562e+03
11  -1.154532e+03  1.279855e+03
12  -1.083646e+03  8.768978e+02
13  -7.596005e+02  1.932489e+02
14  -6.163158e+02  -7.610025e+01
15  -4.551202e+02  -2.105051e+02
16  -2.594246e+02  -7.398557e+01
17  -1.422116e+02  -2.942751e+01
18  -7.617718e+01  -2.036956e+01
19  -3.079012e+00  -4.632588e+01
20  4.484147e+01  -3.108714e+01
21  5.275248e+01  -1.759375e+01
22  1.740302e+01  -2.099487e+00
23  -4.740367e+00  -8.257508e-01
24  -1.139780e+01  -3.350010e-01
25  -1.351646e+01  -5.788132e-01
26  -7.737365e+00  2.501545e+00
27  -6.558013e+00  2.099512e+00
28  -3.164825e+00  9.462832e-01
29  -2.923530e-01  5.721609e-01
30  -9.079156e-01  4.596428e-01
31  -9.089590e-01  6.424263e-01
32  -1.213274e+00  -2.081872e-01
33  -2.051747e+00  -5.049411e-01
34  -3.435743e+00  -2.715865e-01
35  -2.946476e+00  8.719215e-01
36  -4.742321e+00  2.789972e+00
37  -7.645952e+00  5.885811e+00
38  -1.293034e+01  8.547593e+00
39  -1.711681e+01  9.446989e+00
40  -2.856563e+01  8.425766e+00
41  -3.054302e+01  6.064988e+00
42  -3.626989e+01  1.361446e+01
43  -4.092646e+01  2.494179e+01
44  -1.791473e+01  4.481310e+01
45  1.181460e+01  9.570570e+01
46  5.145058e+01  1.248455e+02
47  1.500384e+02  7.695855e+01
48  2.835989e+02  6.295440e+01
49  2.887874e+02  2.323844e+01
50  6.297700e+02  8.416722e+00
51  7.913404e+02  -1.573562e+02
52  1.305719e+03  -2.808316e+02
53  2.634999e+03  -3.792055e+02
54  4.363427e+03  -8.356330e+01
55  7.683385e+03  1.452839e+03
56  1.121444e+04  3.062549e+03
57  1.888312e+04  4.650761e+03
58  3.528904e+04  5.373738e+03
59  7.225113e+04  5.400612e+03
60  1.436879e+05  6.693251e+03
61  2.885050e+05  5.704792e+03
62  5.611282e+05  3.045145e+03
63  1.313144e+06  -6.294229e+03
ENDPROP
STARTPROP
MASSES:  4.200000e-03   4.500000e-02
SOURCE: GAM_34
SINKS: GAM_34
0  -1.476163e+04  4.525028e+03
1  1.285334e+06  5.388349e+03
2  5.184002e+05  1.066046e+03
3  2.607320e+05  -2.418172e+02
4  1.239184e+05  2.487492e+03
5  5.764873e+04  2.850100e+03
6  2.907638e+04  2.329510e+03
7  1.512617e+04  1.986043e+03
8  7.076538e+03  1.397012e+03
9  4.267873e+03  1.685938e+03
10  1.580845e+03  1.747487e+03
11  9.990089e+02  7.896794e+02
12  9.841952e+02  2.059822e+02
13  6.066351e+02  1.256272e+02
14  1.808886e+02  7.583473e+01
15  7.649233e+01  1.449425e+02
16  -4.907198e+00  1.953493e+02
17  -4.904921e+01  1.357757e+02
18  7.049350e+00  5.664965e+01
19  2.332163e+01  2.770248e+01
20  1.102193e+01  2.750625e+00
21  1.354055e+01  3.154779e+00
22  -1.606623e+00  -3.066144e+00
23  5.406519e+00  -6.725354e+00
24  8.929432e-01  -2.817180e+00
25  -3.065891e-01  -1.044165e+00
26  -7.051826e-01  2.664736e+00
27  -5.835866e-01  1.296587e+00
28  -1.669462e+00  1.708848e+00
29  -1.647600e+00  5.418208e-01
30  -1.514393e+00  4.604963e-01
31  -1.994618e+00  3.224465e-01
32  -2.726435e+00  -1.985503e-03
33  -2.820221e+00  -3.948747e-01
34  -3.657711e+00  -2.892966e-01
35  -5.160023e+00  3.516302e-01
36  -8.488621e+00  8.622136e-01
37  -1.250190e+01  -7.362887e-01
38  -1.239466e+01  3.992160e+00
39  -9.775003e+00  6.258996e+00
40  -5.452945e+00  3.440697e+00
41  7.931320e+00  -5.926278e+00
42  8.996228e+00  -1.785664e+01
43  7.704060e+00  -2.193533e+01
44  1.595598e+01  -2.496501e+01
45  -7.985966e+00  -4.046247e+01
46  -2.171121e+01  -4.872892e+01
47  -3.357452e+01  -6.807392e+01
48  -8.202389e+01  -3.668231e+01
49  -2.965002e+02  1.740025e+01
50  -3.153719e+02  3.131291e+02
51  -2.517809e+02  4.304764e+02
52  -2.763265e+02  5.796874e+02
53  8.977697e+01  6.222887e+02
54  7.888709e+02  1.994499e+02
55  4.360023e+03  2.424562e+02
56  9.932659e+03  1.548837e+03
57  1.820046e+04  2.505226e+03
58  3.599551e+04  3.060308e+03
59  7.372655e+04  2.444024e+03
60  1.469202e+05  -2.361584e+03
61  2.825340e+05  -4.377640e+03
62  5.433719e+05  -5.334062e+03
63  1.290723e+06  2.166618e+03
ENDPROP
STARTPROP
MASSES:  4.200000e-03   4.500000e-02
SOURCE: GAM_43
SINKS: GAM_43
0  -1.476163e+04  4.525028e+03
1  1.285334e+06  5.388349e+03
2  5.184002e+05  1.066046e+03
3  2.607320e+05  -2.418172e+02
4  1.239184e+05  2.487492e+03
5  5.764873e+04  2.850100e+03
6  2.907638e+04  2.329510e+03
7  1.512617e+04  1.986043e+03
8  7.076538e+03  1.397012e+03
9  4.267873e+03  1.685938e+03
10  1.580845e+03  1.747487e+03
11  9.990089e+02  7.896794e+02
12  9.841952e+02  2.059822e+02
13  6.066351e+02  1.256272e+02
14  1.808886e+02  7.583473e+01
15  7.649233e+01  1.449425e+02
16  -4.907198e+00  1.953493e+02
17  -4.904921e+01  1.357757e+02
18  7.049350e+00  5.664965e+01
19  2.332163e+01  2.770248e+01
20  1.102193e+01  2.750625e+00
21  1.354055e+01  3.154779e+00
22  -1.606623e+00  -3.066144e+00
23  5.406519e+00  -6.725354e+00
24  8.929432e-01  -2.817180e+00
25  -3.065891e-01  -1.044165e+00
26  -7.051826e-01  2.664736e+00
27  -5.835866e-01  1.296587e+00
28  -1.669462e+00  1.708848e+00
29  -1.647600e+00  5.418208e-01
30  -1.514393e+00  4.604963e-01
31  -1.994618e+00  3.224465e-01
32  -2.726435e+00  -1.985503e-03
33  -2.820221e+00  -3.948747e-01
34  -3.657711e+00  -2.892966e-01
35  -5.160023e+00  3.516302e-01
36  -8.488621e+00  8.622136e-01
37  -1.250190e+01  -7.362887e-01
38  -1.239466e+01  3.992160e+00
39  -9.775003e+00  6.258996e+00
40  -5.452945e+00  3.440697e+00
41  7.931320e+00  -5.926278e+00
42  8.996228e+00  -1.785664e+01
43  7.704060e+00  -2.193533e+01
44  1.595598e+01  -2.496501e+01
45  -7.985966e+00  -4.046247e+01
46  -2.171121e+01  -4.872892e+01
47  -3.357452e+01  -6.807392e+01
48  -8.202389e+01  -3.668231e+01
49  -2.965002e+02  1.740025e+01
50  -3.153719e+02  3.131291e+02
51  -2.517809e+02  4.304764e+02
52  -2.763265e+02  5.796874e+02
53  8.977697e+01  6.222887e+02
54  7.888709e+02  1.994499e+02
55  4.360023e+03  2.424562e+02
56  9.932659e+03  1.548837e+03
57  1.820046e+04  2.505226e+03
58  3.599551e+04  3.060308e+03
59  7.372655e+04  2.444024e+03
60  1.469202e+05  -2.361584e+03
61  2.825340e+05  -4.377640e+03
62  5.433719e+05  -5.334062e+03
63  1.290723e+06  2.166618e+03
ENDPROP
STARTPROP
MASSES:  4.200000e-03   4.500000e-02
SOURCE: GAM_15
SINKS: GAM_15
0  -1.314408e+05  1.885045e+04
1  -1.035090e+06  3.093793e+03
2  -3.048062e+05  -6.785072e+03
3  -1.153210e+05  -5.233002e+03
4  -4.131277e+04  -3.885240e+03
5  -8.066585e+03  -3.262639e+03
6  -3.130812e+03  -3.992075e+03
7  -4.696690e+03  -2.841750e+03
8  -4.225796e+03  -1.879068e+03
9  -3.246150e+03  -1.348162e+03
10  -1.605112e+03  -6.043652e+02
11  -1.048948e+03  -2.477543e+02
12  -9.847892e+02  8.358615e+01
13  -8.098687e+02  1.723033e+02
14  -3.445355e+02  1.613876e+02
15  -1.058017e+02  2.039923e+02
16  -7.355012e+01  1.390674e+02
17  -9.274074e+01  6.968950e+01
18  -1.233758e+01  4.912205e+01
19  1.860335e+01  1.531238e+01
20  1.207585e+01  -1.719147e+00
21  1.669178e+01  -2.317379e+00
22  1.252919e+01  -3.530048e+00
23  1.901449e+01  -1.133575e+01
24  1.389306e+01  -6.808515e+00
25  7.180661e+00  1.370284e+00
26  3.727005e+00  8.635076e-01
27  2.856546e+00  1.189850e+00
28  9.849587e-01  4.984675e-01
29  -6.802839e-01  8.564683e-01
30  -4.601247e-01  1.161774e+00
31  -5.533927e-01  3.042277e-01
32  -2.507304e-01  1.816427e-01
33  4.824388e-01  3.391465e-01
34  1.952131e+00  5.242201e-01
35  3.649962e+00  1.409858e+00
36  4.202182e+00  1.994830e+00
37  6.259731e+00  4.740769e+00
38  -1.576668e+00  5.517853e+00
39  -7.710525e+00  5.955762e+00
40  -3.899284e+00  5.233644e+00
41  -1.650405e+00  3.432285e+00
42  5.109517e+00  1.265126e+00
43  1.034447e+01  1.044475e+01
44  -1.100392e+01  9.678833e+00
45  -8.111825e+01  -1.227378e+01
46  -1.115195e+02  2.150368e+01
47  -1.574749e+02  8.110087e+01
48  -3.554681e+02  1.798909e+02
49  -2.328088e+02  2.535195e+02
50  1.198124e+01  4.139201e+02
51  2.501550e+02  4.790869e+02
52  4.427255e+02  2.466440e+02
53  9.041982e+02  -5.412838e+01
54  1.137149e+03  -1.083454e+02
55  1.158100e+03  -1.349884e+03
56  -4.868584e+01  -2.487891e+03
57  -2.966828e+03  -1.551072e+03
58  -1.035021e+04  6.229259e+02
59  -2.648370e+04  2.053399e+03
60  -6.730661e+04  5.756276e+02
61  -1.641604e+05  -4.058783e+03
62  -3.810664e+05  3.031618e+03
63  -1.095406e+06  1.575428e+04
ENDPROP
STARTPROP
MASSES:  4.200000e-03   4.500000e-02
SOURCE: GAM_25
SINKS: GAM_25
0  -5.561039e+04  -1.606294e+04
1  -9.927705e+05  -1.186264e+04
2  -3.059956e+05  -8.398088e+03
3  -1.284158e+05  -1.866066e+03
4  -5.922431e+04  -4.664940e+03
5  -3.098073e+04  -2.810548e+03
6  -1.447688e+04  -2.104104e+03
7  -5.154143e+03  -1.965949e+03
8  -1.071027e+03  -2.238520e+03
9  3.267201e+02  -2.254005e+03
10  1.430539e+03  -1.918852e+03
11  8.899702e+02  -1.180469e+03
12  3.105820e+02  -2.835220e+02
13  8.456357e+01  1.394032e+02
14  -2.592287e+02  3.982287e+02
15  -3.985132e+02  2.464800e+02
16  -2.648527e+02  1.695689e+02
17  -1.142001e+02  7.426808e+01
18  -7.979586e+01  3.652306e+01
19  -5.928799e+01  2.769608e+01
20  -4.037004e+01  -4.202977e+00
21  -2.910020e+01  -1.129582e+01
22  -2.659415e+01  -6.276251e+00
23  -2.314068e+01  -5.491580e+00
24  -1.678088e+01  -5.643803e+00
25  -1.223892e+01  -2.322433e+00
26  -9.518845e+00  7.404219e+00
27  -7.201165e+00  1.100569e+01
28  -6.191631e+00  8.827297e+00
29  -4.791058e+00  5.675236e+00
30  -4.646823e+00  3.576176e+00
31  -3.928638e+00  2.497903e+00
32  -1.852495e+00  1.901734e+00
33  -1.091681e+00  1.631616e+00
34  -2.978520e-02  3.276202e-01
35  2.571934e+00  -8.938656e-01
36  6.056080e+00  -2.156515e+00
37  4.382379e+00  -3.235781e+00
38  4.203753e-01  -2.501262e+00
39  -6.797517e+00  -2.976324e+00
40  -1.823085e+01  -5.953560e+00
41  -3.893507e+01  -9.496957e+00
42  -6.401923e+01  -9.932557e-03
43  -1.020896e+02  1.287839e+01
44  -1.183460e+02  4.063001e+01
45  -1.238175e+02  5.666779e+01
46  -1.094324e+02  1.308499e+01
47  -1.010989e+02  -1.486985e+02
48  -2.347122e+02  -3.251388e+02
49  -2.505126e+02  -4.161020e+02
50  -1.032854e+02  -3.817894e+02
51  -2.463806e+02  -4.657822e+01
52  -7.762661e+02  4.458957e+01
53  -7.465391e+02  -2.061167e+02
54  -9.736796e+02  -7.844900e+02
55  -1.310474e+03  -5.852614e+02
56  -2.926540e+03  -7.142469e+02
57  -5.322699e+03  -9.683090e+02
58  -1.059829e+04  -3.158517e+03
59  -2.623977e+04  -4.302623e+03
60  -5.728500e+04  -7.012666e+03
61  -1.493072e+05  -1.011930e+04
62  -3.364389e+05  -1.548510e+04
63  -1.022346e+06  -1.725653e+04
ENDPROP
STARTPROP
MASSES:  4.200000e-03   4.500000e-02
SOURCE: GAM_35
SINKS: GAM_35
0  -1.406517e+05  -1.981584e+04
1  -1.049652e+06  -1.848479e+04
2  -3.379793e+05  -1.217659e+04
3  -1.437321e+05  -1.070903e+04
4  -6.402756e+04  -6.121377e+03
5  -2.850084e+04  2.022347e+03
6  -9.511133e+03  2.429953e+03
7  -4.203509e+03  2.088187e+03
8  -2.989725e+03  1.865458e+03
9  -1.936863e+03  1.697164e+03
10  -1.019617e+03  7.108998e+02
11  9.100224e+01  -1.090402e+02
12  -3.462744e+02  -7.006031e+01
13  -7.338165e+02  -1.196446e+02
14  -5.507935e+02  -3.992973e+01
15  -4.112412e+02  1.049612e+02
16  -2.127080e+02  1.668395e+02
17  -1.490701e+02  1.052054e+02
18  -7.926602e+01  2.318689e+01
19  -7.057222e+01  -9.031778e+00
20  -4.901025e+01  -1.920175e+01
21  -4.658348e+01  -6.414693e+00
22  -3.262549e+01  -1.393155e+01
23  -1.375843e+01  -1.151339e+01
24  -1.617531e+01  -1.017874e+01
25  -1.331725e+01  -6.648664e+00
26  -7.462231e+00  -5.447587e+00
27  -7.891515e-01  -2.900666e+00
28  2.284279e+00  -2.343946e+00
29  2.391515e+00  -2.781963e+00
30  1.772383e+00  -2.938549e+00
31  -1.915798e-01  -2.575276e+00
32  -1.663651e+00  -1.869786e+00
33  -1.485420e+00  -7.234762e-01
34  -1.841166e+00  -2.475281e-01
35  -1.449965e+00  6.205647e-01
36  -1.647332e+00  5.191678e-01
37  -1.133107e+00  8.897842e-01
38  4.427608e-03  2.176976e+00
39  -1.571515e+00  -1.416208e+00
40  -3.969390e+00  -6.518431e+00
41  1.265204e+00  -4.429262e+00
42  -7.037473e+00  -1.617125e+00
43  -3.680226e+01  -1.800116e+01
44  -7.991289e+01  -4.691366e+01
45  -1.037717e+02  -9.639337e+01
46  -1.297189e+02  -1.143925e+02
47  -1.180801e+02  -5.537515e+01
48  -3.234764e+01  9.588154e+00
49  -9.608957e+01  8.459703e+01
50  5.921721e+01  7.589320e+01
51  2.809112e+02  3.771213e+01
52  4.237473e+02  5.088927e+02
53  6.106840e+02  1.039938e+03
54  3.559749e+02  8.830681e+02
55  -4.567455e+01  1.837458e+02
56  -5.995216e+01  1.679056e+02
57  -1.355880e+03  -6.166124e+02
58  -7.516651e+03  -1.807691e+03
59  -2.177552e+04  -1.548899e+02
60  -5.520674e+04  3.227858e+03
61  -1.508358e+05  -5.764414e+02
62  -3.635795e+05  -8.009709e+03
63  -1.093337e+06  -1.460732e+04
ENDPROP
STARTPROP
MASSES:  4.200000e-03   4.500000e-02
SOURCE: GAM_45
SINKS: GAM_45
0  -1.341036e+06  1.698270e+04
1  9.141609e+05  1.195084e+04
2  4.577953e+05  9.014500e+03
3  3.225868e+05  4.414842e+03
4  2.207768e+05  1.613544e+03
5  1.549243e+05  2.676363e+03
6  1.069742e+05  1.236561e+03
7  7.426738e+04  6.117703e+02
8  5.250140e+04  6.827490e+02
9  3.597491e+04  3.009091e+02
10  2.544928e+04  2.201177e+02
11  1.778700e+04  4.926831e+01
12  1.213531e+04  1.276507e+02
13  8.067871e+03  -3.751716e+00
14  5.682876e+03  -1.016978e+02
15  3.807980e+03  -9.728765e+01
16  2.559432e+03  -3.425799e+01
17  1.765897e+03  4.410634e+01
18  1.236844e+03  2.349324e+00
19  8.662240e+02  3.225249e+00
20  5.948426e+02  -4.329837e+00
21  4.153980e+02  6.917304e+00
22  2.878057e+02  -2.926523e+00
23  1.938103e+02  2.337893e+00
24  1.302348e+02  1.692076e+00
25  8.913085e+01  2.694855e+00
26  6.316426e+01  3.056536e+00
27  4.326707e+01  1.898190e+00
28  3.121688e+01  1.669074e+00
29  2.268928e+01  1.709030e+00
30  1.768066e+01  1.842779e+00
31  1.466995e+01  1.387555e+00
32  1.368241e+01  1.072320e+00
33  1.492218e+01  7.185245e-01
34  1.857777e+01  1.338779e-01
35  2.565637e+01  -9.820277e-01
36  3.500346e+01  -2.182075e+00
37  5.041771e+01  -3.202687e+00
38  7.174267e+01  -6.652331e+00
39  1.025390e+02  -1.133467e+01
40  1.455958e+02  -1.547521e+01
41  2.182610e+02  -1.976463e+01
42  3.106588e+02  -1.760956e+01
43  4.366524e+02  -3.224958e+01
44  6.600032e+02  -2.430796e+01
45  9.320985e+02  -4.381003e+01
46  1.331608e+03  -4.565689e+01
47  1.917813e+03  -5.236341e+01
48  2.757188e+03  -9.891905e+01
49  3.924739e+03  -1.917378e+02
50  5.700018e+03  -2.161594e+02
51  8.065274e+03  -3.136868e+02
52  1.118927e+04  -4.328025e+02
53  1.636667e+04  -3.338428e+02
54  2.307601e+04  -2.531198e+02
55  3.402192e+04  -5.399480e+02
56  5.004133e+04  -4.629049e+02
57  7.277709e+04  1.276321e+02
58  1.033311e+05  1.026527e+03
59  1.465637e+05  2.927385e+03
60  2.137691e+05  5.121228e+03
61  3.093769e+05  6.453052e+03
62  4.511660e+05  8.347479e+03
63  9.137973e+05  9.784953e+03
ENDPROP
STARTPROP
MASSES:  4.200000e-03   4.500000e-02
SOURCE: PSAX4
SINKS: GAM_4
0  1.751031e+04  -1.100422e+04
1  1.601348e+06  -8.759141e+03
2  9.963334e+05  -1.195473e+04
3  6.836984e+05  -8.298978e+03
4  4.683346e+05  -8.928954e+03
5  3.196355e+05  -3.034035e+03
6  2.192367e+05  -2.363730e+03
7  1.504240e+05  -2.697325e+03
8  1.054047e+05  -1.501724e+03
9  7.210406e+04  -9.144104e+02
10  5.030581e+04  -4.552385e+02
11  3.448447e+04  -3.170048e+02
12  2.334980e+04  8.601156e+01
13  1.564587e+04  -1.184799e+02
14  1.090097e+04  -1.954731e+02
15  7.443116e+03  -1.988874e+02
16  4.982693e+03  -1.147818e+02
17  3.433359e+03  -2.826507e+01
18  2.399561e+03  -3.686174e+01
19  1.681274e+03  -9.262430e+00
20  1.144165e+03  -1.877190e+01
21  7.883681e+02  6.276745e+00
22  5.335560e+02  3.768535e+00
23  3.619304e+02  6.371759e+00
24  2.420500e+02  5.181454e+00
25  1.637197e+02  5.399667e+00
26  1.130085e+02  4.868241e+00
27  7.466096e+01  3.208095e+00
28  5.024128e+01  2.309640e+00
29  3.151664e+01  2.051589e+00
30  1.886234e+01  1.497240e+00
31  8.130864e+00  1.151586e+00
32  -2.374348e+00  1.652577e+00
33  -1.363860e+01  1.749018e+00
34  -2.721407e+01  2.199328e+00
35  -4.490688e+01  2.181564e+00
36  -6.747339e+01  2.242631e+00
37  -1.023728e+02  -7.296911e-02
38  -1.479950e+02  2.377838e+00
39  -2.187158e+02  1.779879e+00
40  -3.087348e+02  3.103434e+00
41  -4.496539e+02  1.613146e+00
42  -6.474620e+02  -9.812514e+00
43  -9.216786e+02  -1.423844e+01
44  -1.346189e+03  -4.199850e+01
45  -1.942789e+03  -5.978091e+01
46  -2.803331e+03  -1.102909e+02
47  -4.048170e+03  -1.901460e+02
48  -5.857252e+03  -2.157735e+02
49  -8.402309e+03  -2.607314e+02
50  -1.225183e+04  -3.381310e+02
51  -1.760584e+04  -3.135402e+02
52  -2.496799e+04  -4.784323e+02
53  -3.617551e+04  -7.333044e+02
54  -5.198800e+04  -1.192017e+03
55  -7.581294e+04  -1.382059e+03
56  -1.099207e+05  -2.459390e+03
57  -1.584996e+05  -4.288510e+03
58  -2.271915e+05  -6.791700e+03
59  -3.241869e+05  -8.808542e+03
60  -4.679685e+05  -1.297624e+04
61  -6.721401e+05  -1.380511e+04
62  -9.818694e+05  -1.595754e+04
63  -1.577398e+06  -1.399598e+04
ENDPROP
STARTPROP
MASSES:  4.200000e-03   4.500000e-02
SOURCE: WWPSAX4
SINKS: GAM_4
0  2.871562e+08  6.792138e+07
1  1.548511e+09  -1.035432e+08
2  9.597732e+08  -1.120400e+08
3  3.157388e+08  -5.457909e+07
4  2.744791e+08  3.169509e+07
5  1.787613e+08  2.933713e+07
6  9.871169e+07  -7.533829e+06
7  8.199344e+07  2.143967e+07
8  3.346391e+07  6.185293e+06
9  5.940284e+07  2.808089e+06
10  4.215920e+07  3.072599e+06
11  2.234600e+07  5.747127e+06
12  1.292283e+07  4.823439e+06
13  1.156631e+07  1.534621e+06
14  8.181870e+06  3.934466e+06
15  2.967972e+06  5.677357e+05
16  4.308685e+06  -6.392880e+05
17  1.549305e+06  3.705889e+05
18  1.164161e+06  4.038849e+05
19  5.401649e+05  3.824506e+05
20  1.525553e+05  3.112933e+05
21  2.821297e+05  -1.335493e+05
22  8.584470e+04  -1.377245e+04
23  2.024648e+05  3.660602e+04
24  7.716810e+04  1.152234e+03
25  7.824893e+04  -4.610398e+04
26  7.839786e+04  -3.705525e+04
27  4.289425e+04  1.130330e+04
28  1.264274e+04  -9.180380e+02
29  1.527034e+04  1.777645e+04
30  1.146051e+04  -1.040743e+04
31  5.800238e+03  7.741827e+03
32  3.323681e+03  -1.240585e+04
33  2.682501e+03  -8.089300e+03
34  4.249037e+03  -8.629100e+03
35  -1.052097e+04  -1.771038e+04
36  -2.449632e+04  -9.055123e+03
37  -8.307052e+04  -2.671988e+04
38  -5.146780e+04  2.588171e+04
39  -1.322445e+05  -2.197079e+04
40  -1.816239e+05  6.634525e+04
41  -3.054607e+05  -4.470594e+04
42  -6.542410e+05  -1.351000e+05
43  -3.005813e+05  -2.373728e+05
44  -1.022225e+06  7.496287e+04
45  -1.026671e+06  1.352095e+05
46  -1.298355e+06  -9.719428e+04
47  -2.439295e+06  -2.939261e+05
48  -5.086533e+06  4.587193e+05
49  -4.393050e+06  2.068997e+05
50  -4.402064e+06  -8.544846e+05
51  -1.200366e+07  -1.564035e+06
52  -1.896940e+07  1.277148e+06
53  -2.867185e+07  1.445184e+06
54  -3.440705e+07  -1.292910e+06
55  -4.976334e+07  -1.399816e+06
56  -4.634166e+07  -7.917059e+06
57  -8.327034e+07  -7.926302e+06
58  -1.328889e+08  -7.378713e+06
59  -3.450515e+08  -3.820468e+06
60  -2.678950e+08  -1.444379e+06
61  -5.178904e+08  -9.919390e+07
62  -1.258855e+09  -1.670660e+08
63  -8.755018e+08  6.195768e+07
ENDPROP
STARTPROP
MASSES:  4.200000e-03   4.500000e-02
SOURCE: WWGAM_5
SINKS: GAM_5
0  1.570656e+10  5.046377e+01
1  2.380454e+09  -1.099775e+08
2  1.657100e+09  -1.265412e+08
3  6.640903e+08  -6.603586e+06
4  5.500014e+08  1.773286e+07
5  4.254051e+08  2.188894e+07
6  2.519901e+08  -1.177876e+07
7  1.862237e+08  -4.390488e+06
8  8.670176e+07  -1.419117e+07
9  9.372637e+07  9.306549e+06
10  7.055836e+07  4.705376e+06
11  4.222069e+07  6.649668e+06
12  2.656402e+07  3.474630e+06
13  1.631128e+07  9.753989e+05
14  1.285214e+07  2.743833e+06
15  6.650115e+06  6.305228e+05
16  7.101579e+06  -1.263887e+06
17  3.642009e+06  5.159902e+05
18  2.222680e+06  2.585917e+05
19  1.765202e+06  -2.050024e+05
20  8.276164e+05  1.447485e+05
21  8.381213e+05  -1.882010e+05
22  4.174578e+05  -1.094364e+04
23  5.155414e+05  -2.232121e+05
24  1.937050e+05  4.778118e+04
25  1.776215e+05  -7.459976e+02
26  1.338346e+05  -2.104661e+04
27  6.729270e+04  3.989181e+03
28  4.213943e+04  2.793722e+03
29  4.217523e+04  3.449713e+03
30  3.199755e+04  -2.172257e+04
31  3.881220e+04  -4.873841e+03
32  3.936829e+04  5.920599e+03
33  3.072156e+04  1.526431e+04
34  3.210621e+04  -7.422930e+03
35  6.071044e+04  2.236104e+04
36  6.812096e+04  8.395165e+03
37  1.510687e+05  2.410376e+04
38  2.226890e+05  -4.005713e+04
39  2.451821e+05  4.070580e+04
40  3.500247e+05  -1.020273e+05
41  5.663620e+05  3.516744e+04
42  8.760484e+05  1.099892e+04
43  6.814687e+05  2.339971e+04
44  1.646236e+06  -2.206998e+05
45  2.476630e+06  -1.100461e+05
46  2.701401e+06  -1.035474e+05
47  5.124820e+06  4.295991e+05
48  9.068835e+06  -1.691707e+05
49  8.750728e+06  2.963763e+05
50  1.009449e+07  1.977547e+05
51  2.230160e+07  2.375967e+06
52  3.588536e+07  3.741742e+05
53  4.943323e+07  -5.117207e+05
54  6.565316e+07  -6.971860e+06
55  1.168067e+08  7.940786e+06
56  1.466694e+08  4.868258e+06
57  1.906880e+08  2.038392e+05
58  2.490230e+08  7.529933e+06
59  5.352909e+08  -2.164467e+07
60  4.921334e+08  2.440667e+07
61  9.560419e+08  -1.628437e+07
62  1.930612e+09  1.954499e+08
63  1.818872e+09  -5.772818e+07
ENDPROP
