STARTPROP
MASSES:  4.200000e-03   4.200000e-03
SOURCE: GAM_1
SINKS: GAM_1
0  1.131009e+06  -2.255452e+03
1  1.883222e+06  -8.611344e+02
2  8.654340e+05  -1.254808e+03
3  4.770782e+05  -3.223026e+03
4  2.769053e+05  -2.975712e+03
5  1.518033e+05  -2.274590e+03
6  7.763415e+04  -1.234080e+03
7  3.072426e+04  1.524612e+02
8  1.204105e+04  1.375771e+02
9  2.797764e+03  1.436062e+02
10  1.231202e+03  4.048341e+02
11  6.452208e+03  1.474334e+01
12  8.540725e+03  -1.139657e+02
13  5.974259e+03  -1.435971e+02
14  5.578288e+03  -5.335315e+02
15  2.642128e+03  -2.061158e+02
16  -1.185335e+03  2.631765e+02
17  -4.085914e+03  2.986726e+02
18  -6.550250e+03  7.467434e+01
19  -5.906087e+03  -5.022566e+00
20  -4.843967e+03  -9.270706e+01
21  -3.663908e+03  -1.916322e+02
22  -2.742247e+03  -1.680496e+02
23  -1.430697e+03  -1.405494e+02
24  -1.081593e+02  -8.459231e+01
25  8.883584e+02  -4.465512e+01
26  9.703868e+02  -3.079986e+01
27  8.765359e+02  8.842117e+00
28  7.809005e+02  2.790912e+01
29  4.566715e+02  4.715709e+01
30  3.599065e+02  3.895295e+01
31  2.595690e+02  2.515627e+01
32  9.114730e+01  -3.358264e-01
33  -1.417251e+02  -1.719220e+01
34  -2.703576e+02  -3.998217e+01
35  -4.030404e+02  -5.859425e+01
36  -6.329872e+02  -4.636480e+01
37  -6.768024e+02  1.263575e+01
38  -6.707258e+02  4.336955e+01
39  -8.287318e+02  8.376793e+01
40  -6.550508e+02  6.908318e+01
41  -4.619999e+02  4.744803e+01
42  -2.637670e+02  4.021434e+01
43  -5.852832e+02  8.164094e+01
44  -1.185769e+03  1.258253e+02
45  -1.917224e+03  2.264835e+02
46  -2.542033e+03  2.321290e+02
47  -2.991070e+03  2.337883e+02
48  -2.924576e+03  1.200128e+02
49  -4.421785e+03  9.073860e+01
50  -6.434259e+03  2.195570e+02
51  -4.153242e+03  3.589669e+02
52  -3.347369e+03  1.177599e+03
53  -6.155981e+03  1.643446e+03
54  -6.140145e+03  1.423167e+03
55  -5.640864e+03  1.293388e+03
56  1.725626e+03  1.655123e+03
57  4.090981e+04  1.369936e+03
58  8.821113e+04  5.800087e+02
59  1.633700e+05  7.133552e+02
60  2.937242e+05  1.781930e+03
61  5.214350e+05  1.715906e+03
62  9.277313e+05  8.783242e+02
63  1.934768e+06  -1.037263e+03
ENDPROP
STARTPROP
MASSES:  4.200000e-03   4.200000e-03
SOURCE: GAM_2
SINKS: GAM_2
0  1.050888e+06  3.162520e+02
1  1.849301e+06  -1.457190e+02
2  8.904494e+05  -2.028541e+03
3  4.825143e+05  -2.652523e+03
4  2.472988e+05  -2.038382e+03
5  1.110126e+05  -2.986938e+02
6  3.960215e+04  7.365480e+02
7  1.656789e+04  2.785981e+01
8  8.987424e+03  -1.844636e+02
9  2.281903e+03  -6.287139e+02
10  6.494197e+02  -4.887569e+02
11  -3.538601e+02  -5.066642e+02
12  -2.205544e+03  -3.649231e+02
13  1.756586e+03  -2.511316e+02
14  4.198386e+03  -1.883883e+02
15  5.881495e+03  -6.740342e+01
16  3.968106e+03  -2.948825e+01
17  -2.084136e+02  5.361226e+01
18  -6.516616e+02  1.191508e+02
19  8.845006e+02  1.870245e+02
20  2.277104e+03  2.690651e+02
21  3.009972e+03  2.476881e+02
22  2.688919e+03  1.017113e+02
23  9.304361e+02  7.345715e+01
24  -1.718576e+02  7.074938e+01
25  -4.943988e+02  -6.286493e+00
26  -7.449012e+02  -6.077621e+01
27  -1.484724e+02  -4.939398e+01
28  2.625334e+02  -2.051167e+01
29  3.661213e+02  -3.426356e+01
30  4.731717e+02  -2.305984e+01
31  5.350678e+02  4.300530e-01
32  2.931913e+02  8.633375e+00
33  1.151999e+02  -8.400171e+00
34  -9.230996e+01  -1.112363e-01
35  1.561402e+01  3.957072e+01
36  1.215006e+02  5.995947e+01
37  2.247880e+02  3.684288e+01
38  1.903517e+02  2.022407e+01
39  6.864139e+02  2.947857e+01
40  1.099909e+03  4.536076e+01
41  9.143739e+02  6.785047e+01
42  1.008489e+03  3.987831e+01
43  2.777733e+01  2.503736e+01
44  -1.233971e+03  -4.767450e+00
45  -2.185726e+02  -3.327644e+01
46  1.371244e+03  -3.789066e+00
47  1.498592e+03  4.527603e-01
48  1.649014e+03  7.930456e+01
49  -9.221452e+02  4.066107e+01
50  6.258711e+01  -1.064843e+02
51  2.239557e+03  -2.655155e+02
52  9.195964e+03  1.199191e+02
53  1.605907e+04  5.079944e+02
54  2.314229e+04  7.782707e+02
55  3.068987e+04  3.828072e+02
56  3.615062e+04  1.240290e+02
57  6.378452e+04  6.388973e+02
58  1.060210e+05  1.994096e+03
59  1.559677e+05  2.681513e+03
60  2.600786e+05  2.384816e+03
61  4.562672e+05  1.946373e+03
62  8.553025e+05  1.053210e+03
63  1.837942e+06  4.025790e+02
ENDPROP
STARTPROP
MASSES:  4.200000e-03   4.200000e-03
SOURCE: GAM_3
SINKS: GAM_3
0  1.047306e+06  4.983769e+03
1  1.857680e+06  3.621383e+03
2  8.410221e+05  -2.863140e+02
3  4.195966e+05  -1.124397e+03
4  2.178559e+05  -1.015141e+03
5  9.486441e+04  -1.785496e+03
6  3.715828e+04  -2.399384e+03
7  1.873351e+04  -2.126069e+03
8  9.660582e+03  -2.337509e+03
9  -3.639962e+03  -1.345663e+03
10  -1.680327e+04  -6.634260e+02
11  -9.777540e+03  -2.788907e+02
12  -6.155101e+03  2.398595e+01
13  -5.423997e+03  -5.937590e+01
14  -8.000053e+03  1.019700e+02
15  -7.702689e+03  2.863233e+02
16  -3.763489e+03  4.471597e+02
17  -2.557102e+03  4.294094e+02
18  -2.911050e+03  5.343818e+02
19  -2.949416e+03  4.983649e+02
20  -1.800811e+03  5.078620e+02
21  -6.207988e+02  4.125742e+02
22  6.450032e+02  2.345440e+02
23  1.841694e+03  1.736406e+02
24  1.799328e+03  6.932413e+01
25  1.384662e+03  -2.379051e+01
26  1.254921e+03  -2.281391e+01
27  4.405843e+02  -2.810494e+01
28  -5.594575e+02  -2.162877e+01
29  -8.819642e+02  -2.880294e+01
30  -1.025390e+03  -3.082950e+01
31  -9.065467e+02  -1.627606e+01
32  -8.792521e+02  -1.230292e+01
33  -8.151082e+02  1.266007e+01
34  -6.057490e+02  5.411567e+01
35  -3.586763e+02  5.119573e+01
36  -2.032226e+02  3.455972e+01
37  6.311561e+02  -2.127921e+01
38  1.257269e+03  -8.317228e+01
39  1.615868e+03  -1.506560e+02
40  1.416523e+03  -1.872234e+02
41  9.420763e+02  -1.800960e+02
42  1.093964e+03  -1.393474e+02
43  4.994394e+02  -2.026152e+02
44  -2.763003e+02  -2.283794e+02
45  -2.248760e+02  -1.847948e+02
46  1.450950e+03  -2.353338e+02
47  1.647181e+03  -4.463093e+02
48  -1.254225e+02  -5.552062e+02
49  -5.097807e+03  -7.911493e+02
50  -1.098299e+04  -7.393874e+02
51  -1.458672e+04  -5.090854e+02
52  -1.780551e+04  -4.432515e+02
53  -1.629509e+04  -8.270878e+02
54  -9.384459e+03  -1.017289e+03
55  7.384339e+02  -1.285098e+03
56  9.522241e+00  -4.357841e+02
57  2.420751e+04  7.161230e+02
58  5.915262e+04  1.960975e+03
59  1.078806e+05  2.096582e+03
60  2.205267e+05  3.046372e+03
61  4.208381e+05  4.467274e+03
62  8.226992e+05  4.489855e+03
63  1.830500e+06  4.659423e+03
ENDPROP
STARTPROP
MASSES:  4.200000e-03   4.200000e-03
SOURCE: GAM_4
SINKS: GAM_4
0  2.184509e+06  -3.913457e+02
1  -3.021217e+05  -1.593857e+03
2  1.769310e+03  -1.205396e+03
3  1.515114e+03  -3.915813e+02
4  -1.264792e+03  -6.124068e+02
5  -1.354107e+03  -1.996010e+02
6  -2.805374e+03  6.941561e+02
7  1.816941e+03  2.438106e+02
8  2.893857e+03  2.353421e+01
9  1.743293e+03  3.423932e+01
10  -1.529141e+03  -2.464129e+02
11  -9.702646e+01  9.245666e+01
12  -7.733737e+02  1.664633e+02
13  -2.755475e+02  6.405644e+01
14  -8.015394e+02  -6.238180e+01
15  4.801996e+02  -1.633569e+02
16  2.028139e+03  -9.045174e+01
17  3.069935e+02  -7.513164e+01
18  3.256300e+02  -6.036456e+01
19  2.940981e+02  -1.976960e+01
20  3.311609e+02  3.177612e+01
21  2.945945e+02  5.473928e+01
22  -8.360840e+00  2.119057e+01
23  -6.739378e-01  3.532729e+01
24  3.674808e+02  -7.486060e+00
25  8.940034e+01  6.976609e+00
26  -5.443021e+01  1.955964e+00
27  1.067279e+02  -1.376270e+01
28  8.757920e+01  -2.704566e+01
29  4.613222e+01  -3.261934e+01
30  8.839367e+01  -3.299922e+01
31  7.558850e+01  -3.199332e+01
32  2.032355e+01  -3.085785e+01
33  5.682395e+01  -4.238785e+01
34  9.302089e+01  -3.863240e+01
35  6.939158e+01  -4.073689e+01
36  4.995084e+01  -2.798462e+01
37  1.568479e+01  -2.941915e+01
38  2.186364e+02  -3.043281e+01
39  2.040043e+02  -3.683671e+01
40  1.374752e+02  -3.252606e+01
41  -1.329914e+02  -2.413144e+01
42  1.756257e+01  2.686487e+01
43  -1.552734e+02  6.554391e+01
44  -4.751140e+00  8.396215e+01
45  4.271722e+01  9.796535e+01
46  2.480004e+02  1.655961e+02
47  -6.130045e+01  1.798438e+02
48  3.477038e+02  1.802035e+02
49  3.434217e+02  2.467339e+02
50  7.878212e+02  4.364734e+02
51  8.449542e+02  4.537465e+02
52  3.382911e+02  3.622609e+02
53  3.021513e+03  1.559156e+02
54  -1.358732e+03  1.972692e+02
55  6.171070e+02  2.973580e+02
56  1.693752e+03  1.876357e+02
57  -2.164671e+03  1.035328e+02
58  2.208538e+02  -1.675361e+01
59  1.329100e+03  8.237221e+02
60  -3.190531e+03  9.216111e+02
61  -3.693402e+03  6.590691e+02
62  -8.572319e+02  1.079242e+03
63  -2.921493e+05  1.108349e+03
ENDPROP
STARTPROP
MASSES:  4.200000e-03   4.200000e-03
SOURCE: GAM_5
SINKS: GAM_5
0  1.393171e+07  7.422401e+03
1  1.382079e+07  3.289317e+03
2  1.148891e+07  1.164817e+03
3  9.578248e+06  -1.640267e+03
4  8.180209e+06  2.586570e+03
5  6.962618e+06  4.505545e+03
6  5.777206e+06  3.201934e+03
7  4.750061e+06  5.234252e+03
8  3.910185e+06  5.287284e+03
9  3.157600e+06  3.353884e+03
10  2.595350e+06  3.291513e+03
11  2.164678e+06  1.851756e+03
12  1.795585e+06  1.470246e+03
13  1.489410e+06  1.449343e+03
14  1.231101e+06  6.891744e+02
15  1.022717e+06  2.125180e+03
16  8.845893e+05  3.374082e+03
17  7.533370e+05  3.069557e+03
18  6.155418e+05  2.726216e+03
19  5.048442e+05  1.954328e+03
20  4.243120e+05  9.721318e+02
21  3.591310e+05  2.972156e+02
22  2.989271e+05  -7.783030e+00
23  2.467671e+05  2.097557e+02
24  2.059853e+05  2.920677e+02
25  1.773925e+05  4.135233e+02
26  1.532153e+05  5.357152e+02
27  1.325904e+05  4.459950e+02
28  1.169894e+05  2.567084e+02
29  1.046734e+05  1.752300e+02
30  9.783178e+04  -1.491147e+01
31  9.600336e+04  -1.417537e+02
32  9.508737e+04  -1.557696e+02
33  9.526651e+04  -1.716592e+02
34  9.595505e+04  -1.594358e+02
35  1.010034e+05  -2.735763e+02
36  1.125229e+05  -3.408109e+02
37  1.290669e+05  -3.887378e+02
38  1.458045e+05  -3.549221e+02
39  1.651616e+05  -3.197671e+02
40  1.953204e+05  -2.747484e+02
41  2.341295e+05  -9.227096e+02
42  2.833810e+05  -1.583545e+03
43  3.424420e+05  -1.751272e+03
44  4.137921e+05  -1.175684e+03
45  5.030474e+05  -1.253805e+03
46  6.067159e+05  -1.614348e+03
47  7.204573e+05  -2.101403e+03
48  8.661214e+05  -1.942632e+03
49  1.033192e+06  -1.461741e+03
50  1.223728e+06  -1.412062e+03
51  1.460839e+06  -1.349255e+03
52  1.730972e+06  -1.313965e+03
53  2.073303e+06  -2.610318e+03
54  2.481528e+06  -3.902226e+03
55  3.017456e+06  -4.556627e+03
56  3.789760e+06  -7.652903e+03
57  4.762042e+06  -1.234008e+04
58  5.810351e+06  -1.963083e+04
59  6.845933e+06  -2.263590e+04
60  7.954760e+06  -1.153537e+04
61  9.304499e+06  4.368831e+03
62  1.118942e+07  1.302323e+04
63  1.365413e+07  1.571848e+04
ENDPROP
STARTPROP
MASSES:  4.200000e-03   4.200000e-03
SOURCE: GAM_12
SINKS: GAM_12
0  6.044088e+05  -1.752953e+03
1  -8.674007e+05  -1.681454e+03
2  -2.195027e+05  -3.896596e+02
3  -7.754626e+04  -7.181326e+02
4  -2.925515e+04  -6.425667e+02
5  -2.081574e+04  -1.353429e+03
6  -2.051784e+04  -1.863452e+03
7  -9.934069e+03  -1.905969e+03
8  -1.092397e+03  -1.058198e+03
9  -3.097395e+03  -8.334648e+02
10  3.271087e+03  -1.145532e+02
11  8.812961e+03  5.649515e+01
12  5.589340e+03  4.375488e+01
13  7.390594e+03  -4.103208e+01
14  5.495518e+03  1.715595e+01
15  2.369591e+03  3.718234e+01
16  2.698609e+03  2.611812e+02
17  1.446565e+03  2.492095e+02
18  -1.361369e+03  1.812337e+02
19  -1.525612e+03  4.466589e+01
20  -6.417418e+01  6.599913e+01
21  1.012673e+03  5.959704e+01
22  8.795884e+02  3.171874e+01
23  6.112455e+02  4.968166e+00
24  3.136414e+02  1.030432e+01
25  9.201116e+00  3.521521e+01
26  1.110548e+01  1.148470e+02
27  1.786632e+02  9.328952e+01
28  -4.597796e+00  4.322243e+01
29  -1.149410e+02  2.793927e+01
30  -1.055758e+02  3.966962e+01
31  -8.851631e+01  5.363251e+01
32  1.431558e+02  3.772693e+01
33  2.758884e+02  4.001975e+00
34  9.559544e+01  -2.985420e+01
35  2.660779e+01  -4.443883e+01
36  7.278349e+01  -6.405237e+01
37  4.751955e+02  -3.985956e+01
38  1.069833e+03  -6.507057e+01
39  7.831937e+02  -4.127142e+01
40  -5.988093e+01  -4.817726e+01
41  -7.274774e+02  -7.128235e+01
42  -8.481049e+02  -3.616498e+01
43  -7.019022e+02  -4.333952e+01
44  1.376664e+02  -1.349050e+02
45  1.125091e+03  -2.875734e+01
46  1.221819e+03  6.027669e+00
47  2.532601e+03  -5.497379e+01
48  5.238353e+03  -2.388252e+02
49  6.306406e+03  -3.800581e+02
50  2.609486e+03  -4.035066e+02
51  -1.157035e+03  -4.780102e+02
52  -5.127674e+03  -6.827798e+02
53  -4.532636e+03  -5.492602e+02
54  -1.099006e+04  -9.271344e+02
55  -2.183405e+04  -1.265521e+03
56  -1.962905e+04  -8.682891e+02
57  -2.365136e+04  3.488854e+02
58  -2.939308e+04  2.867665e+02
59  -3.242137e+04  4.775259e+01
60  -6.923777e+04  8.005620e+02
61  -1.263282e+05  8.704314e+02
62  -2.768467e+05  1.010033e+03
63  -9.106469e+05  3.928040e+01
ENDPROP
STARTPROP
MASSES:  4.200000e-03   4.200000e-03
SOURCE: GAM_21
SINKS: GAM_21
0  6.044088e+05  -1.752953e+03
1  -8.674007e+05  -1.681454e+03
2  -2.195027e+05  -3.896596e+02
3  -7.754626e+04  -7.181326e+02
4  -2.925515e+04  -6.425667e+02
5  -2.081574e+04  -1.353429e+03
6  -2.051784e+04  -1.863452e+03
7  -9.934069e+03  -1.905969e+03
8  -1.092397e+03  -1.058198e+03
9  -3.097395e+03  -8.334648e+02
10  3.271087e+03  -1.145532e+02
11  8.812961e+03  5.649515e+01
12  5.589340e+03  4.375488e+01
13  7.390594e+03  -4.103208e+01
14  5.495518e+03  1.715595e+01
15  2.369591e+03  3.718234e+01
16  2.698609e+03  2.611812e+02
17  1.446565e+03  2.492095e+02
18  -1.361369e+03  1.812337e+02
19  -1.525612e+03  4.466589e+01
20  -6.417418e+01  6.599913e+01
21  1.012673e+03  5.959704e+01
22  8.795884e+02  3.171874e+01
23  6.112455e+02  4.968166e+00
24  3.136414e+02  1.030432e+01
25  9.201116e+00  3.521521e+01
26  1.110548e+01  1.148470e+02
27  1.786632e+02  9.328952e+01
28  -4.597796e+00  4.322243e+01
29  -1.149410e+02  2.793927e+01
30  -1.055758e+02  3.966962e+01
31  -8.851631e+01  5.363251e+01
32  1.431558e+02  3.772693e+01
33  2.758884e+02  4.001975e+00
34  9.559544e+01  -2.985420e+01
35  2.660779e+01  -4.443883e+01
36  7.278349e+01  -6.405237e+01
37  4.751955e+02  -3.985956e+01
38  1.069833e+03  -6.507057e+01
39  7.831937e+02  -4.127142e+01
40  -5.988093e+01  -4.817726e+01
41  -7.274774e+02  -7.128235e+01
42  -8.481049e+02  -3.616498e+01
43  -7.019022e+02  -4.333952e+01
44  1.376664e+02  -1.349050e+02
45  1.125091e+03  -2.875734e+01
46  1.221819e+03  6.027669e+00
47  2.532601e+03  -5.497379e+01
48  5.238353e+03  -2.388252e+02
49  6.306406e+03  -3.800581e+02
50  2.609486e+03  -4.035066e+02
51  -1.157035e+03  -4.780102e+02
52  -5.127674e+03  -6.827798e+02
53  -4.532636e+03  -5.492602e+02
54  -1.099006e+04  -9.271344e+02
55  -2.183405e+04  -1.265521e+03
56  -1.962905e+04  -8.682891e+02
57  -2.365136e+04  3.488854e+02
58  -2.939308e+04  2.867665e+02
59  -3.242137e+04  4.775259e+01
60  -6.923777e+04  8.005620e+02
61  -1.263282e+05  8.704314e+02
62  -2.768467e+05  1.010033e+03
63  -9.106469e+05  3.928040e+01
ENDPROP
STARTPROP
MASSES:  4.200000e-03   4.200000e-03
SOURCE: GAM_13
SINKS: GAM_13
0  7.330830e+05  -1.514418e+03
1  -7.904689e+05  -1.136860e+03
2  -1.932199e+05  -4.159901e+02
3  -6.527745e+04  5.912243e+02
4  1.817941e+03  6.404854e+02
5  5.305306e+03  2.418923e+02
6  7.413065e+03  -6.816533e+02
7  7.893405e+03  -6.295190e+02
8  2.380959e+03  -6.481900e+02
9  -4.761842e+03  -4.362652e+02
10  -7.155332e+03  -9.578979e+01
11  -7.249146e+03  -1.229538e+00
12  -4.193235e+03  3.890184e+01
13  -2.726345e+03  1.218077e+02
14  1.157608e+03  2.567833e+02
15  -7.498075e+01  5.109163e+02
16  -6.550050e+02  4.633027e+02
17  1.221082e+03  2.874221e+02
18  6.883137e+02  1.880367e+02
19  6.028435e+02  1.263449e+02
20  1.560748e+03  1.283176e+02
21  9.665941e+02  7.631802e+01
22  1.156732e+02  3.815909e+01
23  -1.665988e+01  6.688535e+01
24  -4.785218e+02  7.797998e+01
25  -1.901113e+02  1.114164e+02
26  -6.402070e+01  8.383140e+01
27  2.061823e+02  2.968786e+01
28  2.553779e+02  2.841001e+01
29  2.022722e+02  2.071171e+01
30  4.278164e+01  -9.586512e+00
31  -3.386060e+01  6.389943e+00
32  -2.161421e+02  1.013515e+01
33  -1.749232e+02  -2.888128e+00
34  -2.167099e+02  1.157983e+01
35  -2.490753e+02  1.986318e+01
36  -3.024774e+02  1.837836e+00
37  -6.005467e+02  -4.678609e+01
38  -7.737853e+02  -6.906180e+01
39  -7.592622e+02  -1.896177e+01
40  -2.800466e+02  -2.158387e+01
41  -2.247410e+02  1.118410e+01
42  -9.931461e+01  2.663830e+01
43  6.982725e+02  3.932759e+01
44  5.479509e+02  6.314839e+01
45  -8.585552e+01  2.206110e+01
46  -1.373571e+03  2.098014e+01
47  -2.100091e+03  9.577013e+01
48  -2.880438e+03  -4.590036e+01
49  -4.723333e+03  -1.868900e+01
50  -3.311306e+03  -6.019645e+00
51  5.325597e+02  -1.555944e+01
52  -2.831966e+03  2.813769e+02
53  1.306556e+03  5.822761e+00
54  6.181433e+03  -2.239054e+02
55  5.797749e+03  -3.068689e+02
56  -4.988171e+02  -1.563617e+02
57  -1.072609e+04  -6.398035e+01
58  -1.444486e+04  2.456966e+02
59  -1.417001e+04  4.497612e+02
60  -2.513425e+04  4.095719e+02
61  -8.031209e+04  -1.243609e+03
62  -2.135378e+05  -1.424863e+03
63  -7.858614e+05  -2.718968e+03
ENDPROP
STARTPROP
MASSES:  4.200000e-03   4.200000e-03
SOURCE: GAM_31
SINKS: GAM_31
0  7.330830e+05  -1.514418e+03
1  -7.904689e+05  -1.136860e+03
2  -1.932199e+05  -4.159901e+02
3  -6.527745e+04  5.912243e+02
4  1.817941e+03  6.404854e+02
5  5.305306e+03  2.418923e+02
6  7.413065e+03  -6.816533e+02
7  7.893405e+03  -6.295190e+02
8  2.380959e+03  -6.481900e+02
9  -4.761842e+03  -4.362652e+02
10  -7.155332e+03  -9.578979e+01
11  -7.249146e+03  -1.229538e+00
12  -4.193235e+03  3.890184e+01
13  -2.726345e+03  1.218077e+02
14  1.157608e+03  2.567833e+02
15  -7.498075e+01  5.109163e+02
16  -6.550050e+02  4.633027e+02
17  1.221082e+03  2.874221e+02
18  6.883137e+02  1.880367e+02
19  6.028435e+02  1.263449e+02
20  1.560748e+03  1.283176e+02
21  9.665941e+02  7.631802e+01
22  1.156732e+02  3.815909e+01
23  -1.665988e+01  6.688535e+01
24  -4.785218e+02  7.797998e+01
25  -1.901113e+02  1.114164e+02
26  -6.402070e+01  8.383140e+01
27  2.061823e+02  2.968786e+01
28  2.553779e+02  2.841001e+01
29  2.022722e+02  2.071171e+01
30  4.278164e+01  -9.586512e+00
31  -3.386060e+01  6.389943e+00
32  -2.161421e+02  1.013515e+01
33  -1.749232e+02  -2.888128e+00
34  -2.167099e+02  1.157983e+01
35  -2.490753e+02  1.986318e+01
36  -3.024774e+02  1.837836e+00
37  -6.005467e+02  -4.678609e+01
38  -7.737853e+02  -6.906180e+01
39  -7.592622e+02  -1.896177e+01
40  -2.800466e+02  -2.158387e+01
41  -2.247410e+02  1.118410e+01
42  -9.931461e+01  2.663830e+01
43  6.982725e+02  3.932759e+01
44  5.479509e+02  6.314839e+01
45  -8.585552e+01  2.206110e+01
46  -1.373571e+03  2.098014e+01
47  -2.100091e+03  9.577013e+01
48  -2.880438e+03  -4.590036e+01
49  -4.723333e+03  -1.868900e+01
50  -3.311306e+03  -6.019645e+00
51  5.325597e+02  -1.555944e+01
52  -2.831966e+03  2.813769e+02
53  1.306556e+03  5.822761e+00
54  6.181433e+03  -2.239054e+02
55  5.797749e+03  -3.068689e+02
56  -4.988171e+02  -1.563617e+02
57  -1.072609e+04  -6.398035e+01
58  -1.444486e+04  2.456966e+02
59  -1.417001e+04  4.497612e+02
60  -2.513425e+04  4.095719e+02
61  -8.031209e+04  -1.243609e+03
62  -2.135378e+05  -1.424863e+03
63  -7.858614e+05  -2.718968e+03
ENDPROP
STARTPROP
MASSES:  4.200000e-03   4.200000e-03
SOURCE: GAM_14
SINKS: GAM_14
0  -1.704169e+05  3.184591e+02
1  1.229416e+06  6.242397e+02
2  4.952784e+05  -4.052118e+02
3  2.582760e+05  -9.568675e+02
4  1.533060e+05  -1.452177e+03
5  9.041906e+04  -9.083820e+02
6  6.970739e+04  -8.775821e+02
7  2.772910e+04  -9.976459e+02
8  2.308878e+03  -3.388554e+02
9  1.431573e+03  -8.182477e+00
10  -1.383478e+03  3.304007e+02
11  2.967600e+03  4.589336e+02
12  3.994882e+03  5.824368e+02
13  5.541311e+03  6.569316e+02
14  5.911329e+03  6.172522e+02
15  3.730987e+03  5.761283e+02
16  3.756854e+03  6.318209e+02
17  3.858565e+03  2.874527e+02
18  2.655231e+03  1.008603e+02
19  2.187284e+03  -4.879571e+01
20  1.760503e+03  -1.185937e+02
21  8.529314e+02  -1.573505e+02
22  4.095317e+02  -1.478134e+02
23  -7.234347e+02  -5.795834e+01
24  -1.120058e+03  1.765132e+01
25  -8.753859e+02  2.010673e+01
26  -5.401399e+02  1.900612e+01
27  -3.162346e+02  2.454206e+01
28  1.521019e+02  1.843070e+01
29  5.011193e+02  3.444399e+01
30  7.088581e+02  4.354484e+01
31  4.369307e+02  4.249675e+01
32  4.420261e+02  5.512777e+01
33  3.595658e+02  3.771517e+01
34  2.915209e+02  1.003456e+01
35  2.355105e+02  -2.700531e+01
36  2.793910e+02  -3.993439e+01
37  1.441820e+02  -3.417459e+01
38  -8.137160e+01  -3.600298e+01
39  -3.525163e+02  -1.160056e+01
40  -1.337922e+03  3.720003e+01
41  -2.056222e+03  1.067136e+02
42  -1.725897e+03  1.212651e+02
43  -1.025287e+03  1.479370e+02
44  -5.005443e+02  7.208953e+01
45  -1.516269e+03  4.444290e+01
46  -3.044706e+03  -8.180950e+01
47  -3.864448e+03  -2.727153e+02
48  -4.957171e+03  -3.466862e+02
49  -6.340816e+03  -4.937289e+02
50  -5.763817e+03  -5.601991e+02
51  -4.596591e+03  -4.788572e+02
52  -5.584848e+03  -2.518490e+02
53  -5.994129e+03  -2.535176e+02
54  -2.717841e+03  1.207260e+01
55  9.329929e+03  3.751677e+02
56  2.058777e+04  8.984404e+02
57  2.695868e+04  9.321432e+02
58  3.275699e+04  8.306215e+02
59  6.227129e+04  8.005911e+02
60  1.202770e+05  1.927353e+03
61  2.624048e+05  2.248826e+03
62  5.287657e+05  1.403245e+03
63  1.261779e+06  -9.231930e+01
ENDPROP
STARTPROP
MASSES:  4.200000e-03   4.200000e-03
SOURCE: GAM_41
SINKS: GAM_41
0  -1.704169e+05  3.184591e+02
1  1.229416e+06  6.242397e+02
2  4.952784e+05  -4.052118e+02
3  2.582760e+05  -9.568675e+02
4  1.533060e+05  -1.452177e+03
5  9.041906e+04  -9.083820e+02
6  6.970739e+04  -8.775821e+02
7  2.772910e+04  -9.976459e+02
8  2.308878e+03  -3.388554e+02
9  1.431573e+03  -8.182477e+00
10  -1.383478e+03  3.304007e+02
11  2.967600e+03  4.589336e+02
12  3.994882e+03  5.824368e+02
13  5.541311e+03  6.569316e+02
14  5.911329e+03  6.172522e+02
15  3.730987e+03  5.761283e+02
16  3.756854e+03  6.318209e+02
17  3.858565e+03  2.874527e+02
18  2.655231e+03  1.008603e+02
19  2.187284e+03  -4.879571e+01
20  1.760503e+03  -1.185937e+02
21  8.529314e+02  -1.573505e+02
22  4.095317e+02  -1.478134e+02
23  -7.234347e+02  -5.795834e+01
24  -1.120058e+03  1.765132e+01
25  -8.753859e+02  2.010673e+01
26  -5.401399e+02  1.900612e+01
27  -3.162346e+02  2.454206e+01
28  1.521019e+02  1.843070e+01
29  5.011193e+02  3.444399e+01
30  7.088581e+02  4.354484e+01
31  4.369307e+02  4.249675e+01
32  4.420261e+02  5.512777e+01
33  3.595658e+02  3.771517e+01
34  2.915209e+02  1.003456e+01
35  2.355105e+02  -2.700531e+01
36  2.793910e+02  -3.993439e+01
37  1.441820e+02  -3.417459e+01
38  -8.137160e+01  -3.600298e+01
39  -3.525163e+02  -1.160056e+01
40  -1.337922e+03  3.720003e+01
41  -2.056222e+03  1.067136e+02
42  -1.725897e+03  1.212651e+02
43  -1.025287e+03  1.479370e+02
44  -5.005443e+02  7.208953e+01
45  -1.516269e+03  4.444290e+01
46  -3.044706e+03  -8.180950e+01
47  -3.864448e+03  -2.727153e+02
48  -4.957171e+03  -3.466862e+02
49  -6.340816e+03  -4.937289e+02
50  -5.763817e+03  -5.601991e+02
51  -4.596591e+03  -4.788572e+02
52  -5.584848e+03  -2.518490e+02
53  -5.994129e+03  -2.535176e+02
54  -2.717841e+03  1.207260e+01
55  9.329929e+03  3.751677e+02
56  2.058777e+04  8.984404e+02
57  2.695868e+04  9.321432e+02
58  3.275699e+04  8.306215e+02
59  6.227129e+04  8.005911e+02
60  1.202770e+05  1.927353e+03
61  2.624048e+05  2.248826e+03
62  5.287657e+05  1.403245e+03
63  1.261779e+06  -9.231930e+01
ENDPROP
STARTPROP
MASSES:  4.200000e-03   4.200000e-03
SOURCE: GAM_23
SINKS: GAM_23
0  6.528288e+05  -2.850735e+02
1  -7.954144e+05  -4.054662e+02
2  -2.043622e+05  1.481264e+02
3  -1.040553e+05  -9.625371e+01
4  -5.283508e+04  8.720210e+02
5  -2.048866e+04  1.030016e+03
6  -1.113238e+04  4.077260e+02
7  -2.340619e+04  2.812870e+02
8  -2.364516e+04  -4.502474e+02
9  -1.504079e+04  -4.545795e+02
10  -8.007758e+03  -4.225600e+02
11  -2.481801e+03  -4.210234e+02
12  3.352808e+03  -4.432784e+02
13  2.270918e+03  -2.297874e+02
14  -4.579522e+02  -3.428025e+01
15  -1.107636e+03  8.235898e+01
16  -2.910965e+03  1.331457e+02
17  -2.814300e+03  1.564032e+02
18  -1.616585e+03  1.291293e+02
19  -4.393398e+02  1.152875e+02
20  -4.883711e+02  6.697623e+01
21  -1.741537e+02  2.007753e+01
22  2.625192e+02  9.567825e+00
23  8.512524e+02  1.516406e+01
24  1.194361e+03  -2.437011e+01
25  1.017354e+03  -3.524165e+01
26  9.864056e+02  -4.804263e+01
27  7.017076e+02  -3.684503e+01
28  7.098620e+02  -3.104297e+01
29  5.296945e+02  -5.715209e+00
30  3.326018e+02  5.311160e+00
31  2.697938e+02  1.472205e+00
32  -1.145352e+02  -1.430736e+01
33  -4.209024e+02  -1.329771e+01
34  -5.564728e+02  -2.831094e+01
35  -5.580306e+02  -4.078012e+01
36  -5.628165e+02  -1.647932e+01
37  -2.780776e+02  7.436818e-01
38  -2.449627e+02  -3.282344e+00
39  7.264673e-01  1.002529e+00
40  2.481879e+02  -7.361034e+00
41  1.138604e+02  -4.948791e+01
42  6.268884e+01  -5.137977e+01
43  -3.162515e+02  -7.405982e+01
44  1.046834e+03  -9.137458e+01
45  1.639304e+03  -1.271780e+02
46  2.092771e+03  -6.451645e+01
47  4.276048e+03  -1.728197e-01
48  3.645938e+03  1.181149e+02
49  3.217351e+03  3.249791e+02
50  4.751356e+03  2.884545e+02
51  4.310876e+03  5.469664e+02
52  -3.416209e+02  6.978419e+02
53  -2.147240e+03  6.566005e+02
54  -2.266927e+03  8.413099e+02
55  -6.056855e+03  3.816642e+02
56  -1.563509e+04  6.964517e+02
57  -2.780011e+04  1.451393e+03
58  -3.864006e+04  1.001425e+03
59  -4.529270e+04  -6.501746e+02
60  -7.063708e+04  -2.208051e+03
61  -1.329629e+05  -1.602843e+03
62  -2.820304e+05  4.218194e+02
63  -8.566789e+05  8.692823e+02
ENDPROP
STARTPROP
MASSES:  4.200000e-03   4.200000e-03
SOURCE: GAM_32
SINKS: GAM_32
0  6.528288e+05  -2.850735e+02
1  -7.954144e+05  -4.054662e+02
2  -2.043622e+05  1.481264e+02
3  -1.040553e+05  -9.625371e+01
4  -5.283508e+04  8.720210e+02
5  -2.048866e+04  1.030016e+03
6  -1.113238e+04  4.077260e+02
7  -2.340619e+04  2.812870e+02
8  -2.364516e+04  -4.502474e+02
9  -1.504079e+04  -4.545795e+02
10  -8.007758e+03  -4.225600e+02
11  -2.481801e+03  -4.210234e+02
12  3.352808e+03  -4.432784e+02
13  2.270918e+03  -2.297874e+02
14  -4.579522e+02  -3.428025e+01
15  -1.107636e+03  8.235898e+01
16  -2.910965e+03  1.331457e+02
17  -2.814300e+03  1.564032e+02
18  -1.616585e+03  1.291293e+02
19  -4.393398e+02  1.152875e+02
20  -4.883711e+02  6.697623e+01
21  -1.741537e+02  2.007753e+01
22  2.625192e+02  9.567825e+00
23  8.512524e+02  1.516406e+01
24  1.194361e+03  -2.437011e+01
25  1.017354e+03  -3.524165e+01
26  9.864056e+02  -4.804263e+01
27  7.017076e+02  -3.684503e+01
28  7.098620e+02  -3.104297e+01
29  5.296945e+02  -5.715209e+00
30  3.326018e+02  5.311160e+00
31  2.697938e+02  1.472205e+00
32  -1.145352e+02  -1.430736e+01
33  -4.209024e+02  -1.329771e+01
34  -5.564728e+02  -2.831094e+01
35  -5.580306e+02  -4.078012e+01
36  -5.628165e+02  -1.647932e+01
37  -2.780776e+02  7.436818e-01
38  -2.449627e+02  -3.282344e+00
39  7.264673e-01  1.002529e+00
40  2.481879e+02  -7.361034e+00
41  1.138604e+02  -4.948791e+01
42  6.268884e+01  -5.137977e+01
43  -3.162515e+02  -7.405982e+01
44  1.046834e+03  -9.137458e+01
45  1.639304e+03  -1.271780e+02
46  2.092771e+03  -6.451645e+01
47  4.276048e+03  -1.728197e-01
48  3.645938e+03  1.181149e+02
49  3.217351e+03  3.249791e+02
50  4.751356e+03  2.884545e+02
51  4.310876e+03  5.469664e+02
52  -3.416209e+02  6.978419e+02
53  -2.147240e+03  6.566005e+02
54  -2.266927e+03  8.413099e+02
55  -6.056855e+03  3.816642e+02
56  -1.563509e+04  6.964517e+02
57  -2.780011e+04  1.451393e+03
58  -3.864006e+04  1.001425e+03
59  -4.529270e+04  -6.501746e+02
60  -7.063708e+04  -2.208051e+03
61  -1.329629e+05  -1.602843e+03
62  -2.820304e+05  4.218194e+02
63  -8.566789e+05  8.692823e+02
ENDPROP
STARTPROP
MASSES:  4.200000e-03   4.200000e-03
SOURCE: GAM_24
SINKS: GAM_24
0  -1.604855e+05  1.151538e+03
1  1.236284e+06  1.013429e+03
2  5.049099e+05  1.537727e+03
3  2.826085e+05  2.090824e+03
4  1.872085e+05  2.126758e+03
5  1.312195e+05  -1.775399e+02
6  7.049884e+04  -1.563818e+03
7  3.568466e+04  -1.002549e+03
8  1.249817e+04  -9.883457e+02
9  3.955405e+03  -1.236828e+02
10  6.436634e+03  8.427055e+01
11  -4.940024e+02  7.508488e+01
12  -7.886296e+03  8.722707e+01
13  -3.665791e+03  5.675511e+01
14  -1.016368e+03  9.085762e+01
15  -6.209839e+02  7.101967e+01
16  -5.908157e+02  -3.011545e+01
17  -1.981281e+03  -5.366549e+00
18  -9.480509e+02  -1.899748e+01
19  -1.919210e+02  -4.059013e+01
20  7.135857e+02  3.090620e+01
21  9.794033e+02  6.928867e+01
22  1.244597e+03  8.510171e+01
23  1.321226e+03  2.933346e+00
24  1.141050e+03  -1.385728e+01
25  1.055104e+03  3.268742e+01
26  6.956381e+02  7.413054e+01
27  5.764724e+02  5.341174e+01
28  6.612952e+02  2.410632e+01
29  7.643377e+02  -5.698319e+00
30  3.936433e+02  1.315084e+01
31  1.799138e+02  5.958105e-01
32  -1.919048e+02  -1.097797e+01
33  -2.301083e+02  2.284179e+01
34  -2.981119e+02  2.712399e+01
35  -4.082055e+02  2.876810e+00
36  -3.439944e+02  -2.158714e+01
37  -1.658624e+02  -1.584732e+01
38  3.560848e+01  2.782752e+01
39  1.400632e+02  1.998390e+01
40  -1.109064e+01  5.770249e+01
41  -4.706111e+02  9.807299e+01
42  -2.763346e+02  1.251641e+02
43  1.026853e+02  1.436559e+02
44  1.574814e+03  8.510473e+01
45  2.664189e+03  6.256672e+01
46  1.754013e+03  8.603316e+01
47  -9.692664e+02  2.132496e+01
48  -2.011553e+03  -1.482381e+01
49  -2.539094e+03  -7.830037e+01
50  -1.387190e+03  -1.096065e+02
51  3.710993e+01  4.526399e+01
52  -3.535873e+02  1.315033e+02
53  -3.526387e+03  -2.286881e+02
54  -4.196203e+03  -5.052341e+02
55  -6.896903e+02  -7.677519e+02
56  6.072025e+03  -9.469487e+02
57  1.286945e+04  -4.269033e+02
58  2.380654e+04  -1.586065e+02
59  3.871216e+04  1.046067e+03
60  1.066223e+05  1.422907e+03
61  2.463140e+05  1.568923e+03
62  4.931465e+05  1.861856e+03
63  1.224182e+06  1.817429e+03
ENDPROP
STARTPROP
MASSES:  4.200000e-03   4.200000e-03
SOURCE: GAM_42
SINKS: GAM_42
0  -1.604855e+05  1.151538e+03
1  1.236284e+06  1.013429e+03
2  5.049099e+05  1.537727e+03
3  2.826085e+05  2.090824e+03
4  1.872085e+05  2.126758e+03
5  1.312195e+05  -1.775399e+02
6  7.049884e+04  -1.563818e+03
7  3.568466e+04  -1.002549e+03
8  1.249817e+04  -9.883457e+02
9  3.955405e+03  -1.236828e+02
10  6.436634e+03  8.427055e+01
11  -4.940024e+02  7.508488e+01
12  -7.886296e+03  8.722707e+01
13  -3.665791e+03  5.675511e+01
14  -1.016368e+03  9.085762e+01
15  -6.209839e+02  7.101967e+01
16  -5.908157e+02  -3.011545e+01
17  -1.981281e+03  -5.366549e+00
18  -9.480509e+02  -1.899748e+01
19  -1.919210e+02  -4.059013e+01
20  7.135857e+02  3.090620e+01
21  9.794033e+02  6.928867e+01
22  1.244597e+03  8.510171e+01
23  1.321226e+03  2.933346e+00
24  1.141050e+03  -1.385728e+01
25  1.055104e+03  3.268742e+01
26  6.956381e+02  7.413054e+01
27  5.764724e+02  5.341174e+01
28  6.612952e+02  2.410632e+01
29  7.643377e+02  -5.698319e+00
30  3.936433e+02  1.315084e+01
31  1.799138e+02  5.958105e-01
32  -1.919048e+02  -1.097797e+01
33  -2.301083e+02  2.284179e+01
34  -2.981119e+02  2.712399e+01
35  -4.082055e+02  2.876810e+00
36  -3.439944e+02  -2.158714e+01
37  -1.658624e+02  -1.584732e+01
38  3.560848e+01  2.782752e+01
39  1.400632e+02  1.998390e+01
40  -1.109064e+01  5.770249e+01
41  -4.706111e+02  9.807299e+01
42  -2.763346e+02  1.251641e+02
43  1.026853e+02  1.436559e+02
44  1.574814e+03  8.510473e+01
45  2.664189e+03  6.256672e+01
46  1.754013e+03  8.603316e+01
47  -9.692664e+02  2.132496e+01
48  -2.011553e+03  -1.482381e+01
49  -2.539094e+03  -7.830037e+01
50  -1.387190e+03  -1.096065e+02
51  3.710993e+01  4.526399e+01
52  -3.535873e+02  1.315033e+02
53  -3.526387e+03  -2.286881e+02
54  -4.196203e+03  -5.052341e+02
55  -6.896903e+02  -7.677519e+02
56  6.072025e+03  -9.469487e+02
57  1.286945e+04  -4.269033e+02
58  2.380654e+04  -1.586065e+02
59  3.871216e+04  1.046067e+03
60  1.066223e+05  1.422907e+03
61  2.463140e+05  1.568923e+03
62  4.931465e+05  1.861856e+03
63  1.224182e+06  1.817429e+03
ENDPROP
STARTPROP
MASSES:  4.200000e-03   4.200000e-03
SOURCE: GAM_34
SINKS: GAM_34
0  -1.940396e+05  9.189180e+02
1  1.194602e+06  1.448575e+03
2  4.672296e+05  1.478331e+03
3  2.183753e+05  9.984066e+02
4  9.664541e+04  1.420693e+02
5  3.622202e+04  2.482875e+02
6  2.284328e+04  7.854970e+01
7  1.677812e+04  2.426257e+01
8  6.706554e+03  4.350317e+02
9  -2.740606e+03  3.632228e+02
10  9.113220e+02  1.687251e+02
11  7.543653e+03  -6.849089e+01
12  6.415128e+03  -1.528544e+01
13  1.982398e+03  9.732427e+01
14  -1.854975e+03  3.185554e+02
15  -8.476920e+02  4.034378e+02
16  -1.590114e+02  5.567870e+02
17  -3.777418e+02  5.453141e+02
18  2.792500e+02  3.513739e+02
19  -4.551447e+02  2.788242e+02
20  -2.821230e+02  2.584238e+02
21  -3.720944e+02  1.374066e+02
22  -1.215135e+03  4.561825e+01
23  -1.293246e+03  2.500892e+01
24  -9.185458e+02  3.824784e+01
25  -5.807668e+02  9.168249e+01
26  -5.850678e+02  7.450861e+01
27  -2.555403e+02  5.132609e+01
28  -2.715469e+02  3.121024e+01
29  -9.067003e+01  6.067974e+01
30  -8.099377e+01  6.348593e+01
31  1.353088e+02  6.119336e+01
32  -1.787337e+02  6.534292e+01
33  -2.539932e+02  7.872044e+01
34  -1.918488e+02  1.012037e+02
35  -5.373421e+01  9.367517e+01
36  -1.643657e+02  1.037163e+02
37  -1.246684e+02  7.378191e+01
38  -3.454555e+02  4.208791e+01
39  -2.535941e+02  1.560234e+01
40  -2.305678e+02  -1.498548e+01
41  -6.473617e+01  -2.768123e+01
42  4.634181e+02  -4.959020e+01
43  5.566372e+02  -2.565188e+01
44  6.507164e+02  6.296561e-01
45  1.361017e+03  -2.324618e+01
46  2.471031e+03  -4.616587e+01
47  1.701107e+03  6.147956e+01
48  3.887913e+02  1.923633e+02
49  -2.028129e+03  2.427928e+02
50  -2.505227e+03  1.662727e+02
51  -3.208220e+03  1.087071e+02
52  -7.735982e+03  1.546949e+02
53  -1.023924e+04  4.088007e+02
54  -3.864185e+03  4.708940e+02
55  1.545838e+03  1.713281e+02
56  1.781565e+04  -3.437241e+02
57  2.805472e+04  -6.630937e+02
58  3.784560e+04  -1.485813e+03
59  5.377975e+04  -6.385686e+02
60  1.095150e+05  4.777035e+02
61  2.359795e+05  1.397880e+03
62  5.073687e+05  1.933356e+03
63  1.247399e+06  1.022440e+03
ENDPROP
STARTPROP
MASSES:  4.200000e-03   4.200000e-03
SOURCE: GAM_43
SINKS: GAM_43
0  -1.940396e+05  9.189180e+02
1  1.194602e+06  1.448575e+03
2  4.672296e+05  1.478331e+03
3  2.183753e+05  9.984066e+02
4  9.664541e+04  1.420693e+02
5  3.622202e+04  2.482875e+02
6  2.284328e+04  7.854970e+01
7  1.677812e+04  2.426257e+01
8  6.706554e+03  4.350317e+02
9  -2.740606e+03  3.632228e+02
10  9.113220e+02  1.687251e+02
11  7.543653e+03  -6.849089e+01
12  6.415128e+03  -1.528544e+01
13  1.982398e+03  9.732427e+01
14  -1.854975e+03  3.185554e+02
15  -8.476920e+02  4.034378e+02
16  -1.590114e+02  5.567870e+02
17  -3.777418e+02  5.453141e+02
18  2.792500e+02  3.513739e+02
19  -4.551447e+02  2.788242e+02
20  -2.821230e+02  2.584238e+02
21  -3.720944e+02  1.374066e+02
22  -1.215135e+03  4.561825e+01
23  -1.293246e+03  2.500892e+01
24  -9.185458e+02  3.824784e+01
25  -5.807668e+02  9.168249e+01
26  -5.850678e+02  7.450861e+01
27  -2.555403e+02  5.132609e+01
28  -2.715469e+02  3.121024e+01
29  -9.067003e+01  6.067974e+01
30  -8.099377e+01  6.348593e+01
31  1.353088e+02  6.119336e+01
32  -1.787337e+02  6.534292e+01
33  -2.539932e+02  7.872044e+01
34  -1.918488e+02  1.012037e+02
35  -5.373421e+01  9.367517e+01
36  -1.643657e+02  1.037163e+02
37  -1.246684e+02  7.378191e+01
38  -3.454555e+02  4.208791e+01
39  -2.535941e+02  1.560234e+01
40  -2.305678e+02  -1.498548e+01
41  -6.473617e+01  -2.768123e+01
42  4.634181e+02  -4.959020e+01
43  5.566372e+02  -2.565188e+01
44  6.507164e+02  6.296561e-01
45  1.361017e+03  -2.324618e+01
46  2.471031e+03  -4.616587e+01
47  1.701107e+03  6.147956e+01
48  3.887913e+02  1.923633e+02
49  -2.028129e+03  2.427928e+02
50  -2.505227e+03  1.662727e+02
51  -3.208220e+03  1.087071e+02
52  -7.735982e+03  1.546949e+02
53  -1.023924e+04  4.088007e+02
54  -3.864185e+03  4.708940e+02
55  1.545838e+03  1.713281e+02
56  1.781565e+04  -3.437241e+02
57  2.805472e+04  -6.630937e+02
58  3.784560e+04  -1.485813e+03
59  5.377975e+04  -6.385686e+02
60  1.095150e+05  4.777035e+02
61  2.359795e+05  1.397880e+03
62  5.073687e+05  1.933356e+03
63  1.247399e+06  1.022440e+03
ENDPROP
STARTPROP
MASSES:  4.200000e-03   4.200000e-03
SOURCE: GAM_15
SINKS: GAM_15
0  -4.565694e+05  3.023947e+03
1  -1.371704e+06  1.167170e+03
2  -5.029203e+05  4.019187e+02
3  -2.519747e+05  6.003888e+02
4  -1.287893e+05  5.507039e+02
5  -7.903159e+04  -4.026575e+02
6  -3.665661e+04  -5.947546e+02
7  -1.721066e+02  -9.819958e+02
8  1.909021e+04  -1.200725e+03
9  2.444961e+04  -2.412830e+02
10  2.182452e+04  5.309020e+02
11  1.159480e+04  6.349727e+02
12  6.583905e+03  6.202387e+02
13  9.074903e+03  5.652206e+02
14  7.829598e+03  -1.276840e+01
15  4.286757e+03  -3.472907e+02
16  2.234659e+03  -3.129002e+02
17  1.612141e+03  -3.099302e+01
18  1.812254e+03  1.631050e+02
19  2.472667e+03  1.678982e+02
20  1.834688e+03  2.040342e+02
21  7.604091e+02  1.500410e+02
22  4.409879e+02  2.117429e+01
23  3.903087e+01  -7.169465e+01
24  5.847761e+02  -6.016739e+01
25  9.322499e+02  -3.734400e+01
26  9.335368e+02  -2.767699e+01
27  6.311519e+02  3.681259e-01
28  5.699511e+01  -2.293384e+01
29  -1.999203e+02  -3.740373e+01
30  -2.179097e+02  -3.323111e+01
31  -1.822805e+02  -3.466581e+01
32  -1.347557e+02  -3.216093e+01
33  3.198321e+02  -2.638154e+01
34  3.268190e+02  -2.092827e+01
35  7.471279e+01  -1.128813e+00
36  6.309659e+01  1.821436e+01
37  9.423193e+01  1.209397e+01
38  3.400504e+02  -1.845734e+01
39  2.873006e+02  -3.416435e+01
40  2.201564e+02  -4.208729e+01
41  -4.675020e+01  -6.840680e+01
42  -9.441455e+01  -7.448902e+01
43  -2.679023e+02  -4.989130e+01
44  -6.315809e+02  8.869778e+01
45  -1.144754e+03  8.634949e+01
46  -2.180290e+03  -3.914561e+01
47  -3.341623e+03  3.276986e+01
48  -2.206796e+03  1.220843e+02
49  -1.352465e+03  2.527055e+02
50  5.907118e+02  2.572388e+02
51  6.859999e+02  4.072276e+02
52  -1.459545e+03  7.520395e+02
53  -4.949969e+03  9.874040e+02
54  -9.762862e+03  9.452699e+02
55  -1.152387e+04  1.105605e+03
56  -1.178383e+04  1.103824e+03
57  -2.445099e+04  6.496968e+02
58  -3.541643e+04  1.095220e+03
59  -5.412920e+04  1.572041e+03
60  -1.009017e+05  7.107270e+02
61  -2.071371e+05  -1.064263e+02
62  -4.473356e+05  1.572260e+03
63  -1.299338e+06  4.007480e+03
ENDPROP
STARTPROP
MASSES:  4.200000e-03   4.200000e-03
SOURCE: GAM_25
SINKS: GAM_25
0  -3.727494e+05  1.435720e+03
1  -1.285258e+06  4.716992e+02
2  -4.768933e+05  2.613553e+02
3  -2.279051e+05  -7.036807e+01
4  -8.517427e+04  3.964036e+02
5  -1.956695e+04  1.040661e+03
6  -1.704712e+04  1.017310e+03
7  -9.346457e+03  8.801452e+02
8  -1.687025e+04  6.908542e+02
9  -1.283683e+04  6.074565e+02
10  -8.821880e+03  4.673330e+02
11  -3.933910e+02  9.488969e+01
12  6.180228e+03  5.364784e+02
13  7.538738e+03  7.805378e+02
14  3.802047e+03  6.671329e+02
15  2.241831e+03  3.990889e+02
16  -7.720750e+01  1.937069e+02
17  -1.492079e+03  1.715763e+02
18  -3.092111e+03  8.958148e+01
19  -4.084956e+03  2.684758e+01
20  -3.165211e+03  1.183675e+01
21  -3.415860e+03  4.356837e+01
22  -3.174645e+03  6.174579e+01
23  -2.388592e+03  6.575344e+01
24  -1.469835e+03  7.234894e+01
25  -4.838553e+02  3.285809e+01
26  4.276379e+02  -1.444306e+01
27  5.848158e+02  -4.478879e+01
28  2.369331e+02  -5.285297e+01
29  -3.281641e+02  -4.962507e+01
30  -4.836796e+02  -4.440789e+01
31  -2.853419e+02  -3.908784e+01
32  1.506194e+02  -3.954745e+01
33  2.479141e+02  -1.612011e+01
34  5.412124e+02  9.240403e+00
35  1.131599e+03  -7.523958e+00
36  1.612022e+03  -4.525061e+01
37  2.012772e+03  -6.598359e+01
38  2.255471e+03  -1.005362e+02
39  1.878969e+03  -1.405103e+02
40  1.899457e+03  -1.022123e+02
41  2.540704e+03  -1.168306e+02
42  2.621133e+03  -1.763001e+02
43  2.013034e+03  -1.736917e+02
44  8.899012e+02  -2.294792e+02
45  1.650502e+02  -2.796243e+02
46  -4.444531e+02  -4.261855e+02
47  -1.580654e+03  -4.477728e+02
48  -6.036953e+03  -1.818415e+02
49  -1.145282e+04  -8.297851e+01
50  -1.257391e+04  1.215612e+01
51  -1.086899e+04  2.499198e+02
52  -5.567262e+03  6.956825e+02
53  -5.038510e+03  8.278731e+02
54  -3.592633e+03  8.977969e+02
55  -6.348719e+03  4.074840e+02
56  -1.053446e+04  5.175250e+02
57  -3.700691e+04  8.723904e+02
58  -4.751031e+04  1.478947e+03
59  -6.367771e+04  1.717310e+03
60  -1.185386e+05  1.351429e+03
61  -2.141991e+05  2.082841e+03
62  -4.521401e+05  3.128651e+03
63  -1.273303e+06  2.271849e+03
ENDPROP
STARTPROP
MASSES:  4.200000e-03   4.200000e-03
SOURCE: GAM_35
SINKS: GAM_35
0  -3.102271e+05  5.211556e+02
1  -1.227059e+06  -2.093385e+03
2  -4.146681e+05  -1.636876e+03
3  -1.649157e+05  5.629920e+01
4  -3.200101e+04  4.961468e+02
5  -1.209440e+03  8.416434e+02
6  -9.005625e+03  -4.283787e+02
7  -1.096202e+04  -5.972208e+02
8  -1.210459e+04  -2.060629e+01
9  -8.248354e+03  3.015900e+02
10  -1.601687e+03  1.372561e+02
11  1.444571e+03  3.127054e+02
12  1.148551e+03  5.337235e+01
13  -2.239033e+03  -1.987628e+02
14  -3.586236e+03  -3.470064e+02
15  -3.815449e+03  -2.990297e+02
16  -4.301473e+03  -3.340769e+02
17  -5.397136e+03  -3.836022e+02
18  -4.392014e+03  -3.532670e+02
19  -3.986267e+03  -2.765085e+02
20  -3.690635e+03  -2.230858e+02
21  -2.634682e+03  -1.659007e+02
22  -2.052237e+03  -1.634386e+02
23  -1.045210e+03  -1.131734e+02
24  -4.763454e+01  -6.182799e+01
25  -4.875224e+01  -5.234938e+01
26  2.697060e-01  -5.042753e+01
27  1.680313e+02  -5.132322e+01
28  2.097246e+02  -4.320023e+01
29  2.127036e+02  -4.830709e+01
30  4.421801e+02  -8.497835e+01
31  6.589484e+02  -1.006160e+02
32  5.510167e+02  -9.805187e+01
33  4.982640e+02  -8.584843e+01
34  6.192474e+02  -9.202955e+01
35  6.280360e+02  -6.005150e+01
36  3.502955e+02  -6.612519e+01
37  1.383624e+02  -5.716303e+01
38  1.446926e+02  2.211923e+00
39  -6.333538e+00  6.815056e+01
40  -8.876333e+01  4.458143e+01
41  2.240761e+02  -1.214783e+00
42  6.452867e+02  -3.154534e+01
43  1.079528e+03  2.379309e+01
44  1.516883e+03  1.386606e+01
45  5.141995e+02  -1.244943e+02
46  -1.943155e+03  -1.776130e+02
47  -2.139449e+03  -1.982840e+02
48  1.805401e+03  -3.019323e+02
49  9.929172e+02  -4.278107e+02
50  -1.133184e+02  -3.781517e+02
51  -1.460830e+03  -2.097471e+02
52  -7.113226e+03  4.598070e+01
53  -8.161873e+03  -6.202810e+01
54  -5.797915e+03  -2.840397e+01
55  -6.832534e+03  3.441071e+02
56  -6.104242e+03  1.131315e+03
57  1.518638e+03  1.427404e+03
58  1.741340e+04  4.477883e+02
59  3.425111e+04  -6.798767e+02
60  -5.135260e+03  -8.244594e+02
61  -1.216050e+05  -7.636099e+02
62  -3.670488e+05  4.751991e+02
63  -1.182124e+06  3.241021e+03
ENDPROP
STARTPROP
MASSES:  4.200000e-03   4.200000e-03
SOURCE: GAM_45
SINKS: GAM_45
0  -1.877907e+06  -1.480645e+03
1  5.634502e+05  -4.380408e+02
2  2.239897e+05  -7.216545e+02
3  1.843438e+05  -1.044365e+03
4  1.491775e+05  -2.021279e+02
5  1.187648e+05  -7.079167e+02
6  9.550620e+04  -9.511427e+02
7  7.862223e+04  -1.052694e+03
8  6.479540e+04  -7.919485e+02
9  5.347844e+04  -9.507706e+02
10  4.453566e+04  -6.536511e+02
11  4.144173e+04  -5.011321e+02
12  3.542371e+04  -2.847339e+02
13  2.927599e+04  -3.074882e+02
14  2.527220e+04  -1.610379e+02
15  2.148702e+04  -1.390074e+02
16  1.800433e+04  3.739191e+01
17  1.487660e+04  4.023421e+01
18  1.166937e+04  4.970568e+01
19  1.082001e+04  1.328470e+02
20  8.883963e+03  1.533509e+02
21  7.505295e+03  2.378930e+02
22  5.767968e+03  1.945670e+02
23  4.823916e+03  1.873930e+02
24  3.982194e+03  1.874374e+02
25  3.232199e+03  1.425255e+02
26  2.824495e+03  1.091383e+02
27  2.352835e+03  9.855912e+01
28  2.121107e+03  7.889441e+01
29  1.880914e+03  6.012211e+01
30  1.844216e+03  4.507159e+01
31  1.803771e+03  4.676919e+01
32  1.880435e+03  2.666744e+01
33  2.183760e+03  2.008461e+01
34  2.333926e+03  1.520115e+01
35  2.656002e+03  2.450928e+01
36  2.874314e+03  3.339081e+01
37  3.340255e+03  1.654692e+01
38  3.781258e+03  2.653586e-01
39  4.245149e+03  -1.612811e+01
40  4.965639e+03  -6.079677e+00
41  5.598466e+03  -1.584882e+01
42  6.201913e+03  -6.875899e+01
43  7.297724e+03  -1.003310e+02
44  7.754516e+03  -1.031144e+02
45  1.038292e+04  -6.173768e+01
46  1.230736e+04  1.917676e+01
47  1.573372e+04  6.032929e+01
48  1.927698e+04  4.637259e+01
49  2.369195e+04  5.195300e+01
50  2.788898e+04  1.715457e+01
51  3.550131e+04  8.455801e+00
52  4.315605e+04  2.543278e+02
53  5.146883e+04  5.184572e+02
54  6.173642e+04  6.261815e+02
55  6.945694e+04  5.133345e+02
56  8.136183e+04  6.180416e+02
57  9.911800e+04  5.813890e+02
58  1.240301e+05  4.900065e+02
59  1.414331e+05  -5.752013e+02
60  1.615184e+05  -1.198069e+03
61  1.977671e+05  -1.421073e+03
62  2.327523e+05  -1.540612e+03
63  5.667770e+05  -2.746245e+03
ENDPROP
STARTPROP
MASSES:  4.200000e-03   4.200000e-03
SOURCE: PSAX4
SINKS: GAM_4
0  -1.510845e+03  -1.636737e+02
1  1.436647e+06  9.170273e+02
2  1.085971e+06  -3.381706e+02
3  9.085720e+05  -1.163187e+03
4  7.626490e+05  1.838390e+01
5  6.146554e+05  -6.602571e+02
6  5.124387e+05  -1.714085e+02
7  4.206597e+05  -1.711277e+02
8  3.567629e+05  5.506407e+02
9  2.915152e+05  3.650470e+02
10  2.449411e+05  3.945178e+02
11  2.003341e+05  3.556668e+02
12  1.691158e+05  2.560395e+02
13  1.413568e+05  1.445489e+02
14  1.179059e+05  1.859237e+02
15  9.892223e+04  2.288221e+02
16  8.277881e+04  2.275937e+02
17  6.740761e+04  1.307009e+02
18  5.593028e+04  1.343038e+02
19  4.701678e+04  1.839990e+02
20  3.966213e+04  1.417013e+02
21  3.244664e+04  1.589305e+02
22  2.645810e+04  5.133570e+01
23  2.163284e+04  3.869216e+01
24  1.814268e+04  5.142048e+01
25  1.414606e+04  4.830419e+01
26  1.125633e+04  1.536396e+01
27  9.013338e+03  2.066105e+00
28  6.767924e+03  -3.211203e+00
29  4.660252e+03  -3.367566e+01
30  2.912526e+03  -2.455707e+01
31  1.089478e+03  -3.835364e+01
32  -7.005030e+02  -3.279902e+01
33  -2.668900e+03  -2.325579e+01
34  -4.607688e+03  -1.211719e+01
35  -6.443563e+03  -1.076575e+01
36  -8.370494e+03  5.767920e+00
37  -1.059451e+04  1.906959e+01
38  -1.294802e+04  3.682685e+01
39  -1.567483e+04  5.076578e+01
40  -1.907626e+04  4.001695e+01
41  -2.222277e+04  6.146611e+01
42  -2.730807e+04  8.376801e+01
43  -3.245478e+04  1.602084e+02
44  -3.909045e+04  8.582940e+01
45  -4.703539e+04  9.515292e+01
46  -5.774006e+04  7.014483e+01
47  -6.955472e+04  -5.487681e+01
48  -8.360066e+04  1.055115e+01
49  -1.000026e+05  -5.576853e+01
50  -1.209574e+05  -5.441712e+01
51  -1.443241e+05  -1.077628e+02
52  -1.758026e+05  -1.587079e+02
53  -2.056640e+05  -3.365340e+02
54  -2.485237e+05  -4.790652e+02
55  -2.934724e+05  -5.747793e+02
56  -3.575359e+05  -9.004683e+02
57  -4.304227e+05  -1.192660e+03
58  -5.311679e+05  -8.185554e+02
59  -6.410828e+05  8.581562e+02
60  -7.584975e+05  3.956121e+02
61  -9.148986e+05  1.588893e+02
62  -1.100304e+06  -7.717742e+02
63  -1.456779e+06  -1.951898e+03
ENDPROP
STARTPROP
MASSES:  4.200000e-03   4.200000e-03
SOURCE: WWPSAX4
SINKS: GAM_4
0  -9.048290e+06  7.602118e+06
1  1.078810e+09  2.596621e+06
2  4.702967e+08  -1.567473e+07
3  8.329231e+08  -1.271125e+07
4  4.109536e+08  -1.623671e+07
5  5.025752e+08  5.895632e+06
6  4.004395e+08  1.086958e+06
7  2.848807e+08  -9.097692e+05
8  1.834378e+08  -6.175264e+06
9  4.905830e+07  -3.730585e+06
10  1.180624e+08  -3.430687e+06
11  2.065209e+08  -1.530040e+05
12  9.790605e+07  3.900104e+06
13  1.611383e+08  2.099196e+06
14  7.353833e+07  -3.668419e+05
15  1.212552e+08  -1.454514e+06
16  5.430816e+07  -2.717526e+05
17  3.048525e+07  3.991955e+05
18  4.219609e+07  1.726068e+06
19  4.332325e+07  3.451842e+05
20  2.250450e+07  4.350953e+05
21  1.344954e+07  2.030573e+05
22  1.280239e+07  3.260316e+05
23  6.707279e+06  2.958069e+05
24  8.975240e+06  -3.083671e+05
25  1.132033e+07  -3.462930e+05
26  8.557738e+06  -5.023260e+05
27  3.516174e+06  -6.207745e+04
28  4.998066e+06  -3.703798e+05
29  1.231613e+04  1.477148e+05
30  4.201473e+05  2.950648e+05
31  -3.001567e+06  -2.301808e+05
32  -4.624019e+06  -4.432005e+05
33  1.811310e+06  2.774591e+05
34  -2.348592e+06  -2.518701e+03
35  -1.849348e+06  -2.067827e+04
36  -7.641250e+06  -7.074869e+03
37  -3.825713e+06  -3.022957e+05
38  -6.651830e+06  8.853806e+04
39  -5.791922e+06  3.880883e+05
40  -1.301148e+07  -3.615865e+04
41  -8.346639e+06  6.496926e+05
42  -1.613683e+07  -1.957237e+05
43  -9.223142e+06  -1.018108e+06
44  -1.595451e+07  -1.909577e+05
45  -4.600051e+07  1.781686e+06
46  -4.504270e+07  5.524491e+05
47  -7.741380e+07  1.302678e+06
48  -1.082068e+08  -2.721012e+06
49  -3.976916e+07  -8.627949e+05
50  -6.715034e+07  -2.317655e+06
51  -1.876857e+08  -4.227327e+06
52  -1.420241e+08  -2.889642e+05
53  -3.114023e+08  -1.259720e+06
54  -1.738158e+08  -7.717755e+05
55  -2.749610e+08  -3.088612e+05
56  -2.770969e+08  -2.755834e+06
57  -3.053717e+08  8.080759e+06
58  -3.500649e+08  -8.551223e+06
59  -2.234589e+08  6.961475e+06
60  -5.042982e+08  2.729213e+06
61  -6.210079e+08  6.728606e+06
62  -5.834814e+08  7.027423e+06
63  -1.305009e+09  -8.039800e+06
ENDPROP
STARTPROP
MASSES:  4.200000e-03   4.200000e-03
SOURCE: WWGAM_5
SINKS: GAM_5
0  1.229093e+10  -7.154200e+00
1  4.168102e+09  7.651861e+06
2  3.174601e+09  -1.614757e+07
3  2.291840e+09  -1.014126e+07
4  1.998615e+09  -1.176864e+07
5  1.665553e+09  -8.999293e+06
6  1.425531e+09  -3.552760e+06
7  1.236820e+09  -6.565367e+06
8  9.466050e+08  1.780124e+06
9  7.920408e+08  -2.983674e+06
10  6.066360e+08  -2.549335e+06
11  7.055938e+08  -2.482224e+06
12  4.253102e+08  4.083702e+06
13  4.993452e+08  7.078208e+06
14  3.284135e+08  -7.768908e+05
15  2.646027e+08  -1.433596e+06
16  2.378333e+08  6.918454e+05
17  1.503328e+08  1.621625e+06
18  1.545040e+08  1.016892e+06
19  1.380471e+08  3.025495e+05
20  9.119058e+07  7.430231e+05
21  7.106565e+07  -2.604299e+05
22  7.078513e+07  4.940948e+05
23  5.616299e+07  -2.959291e+05
24  5.322133e+07  -4.121875e+04
25  3.930346e+07  2.502046e+04
26  4.153997e+07  -4.211524e+05
27  2.976101e+07  7.273247e+04
28  2.916098e+07  -2.118260e+05
29  2.442102e+07  1.624217e+05
30  2.184627e+07  -1.194688e+05
31  2.429350e+07  -2.376477e+05
32  2.402836e+07  1.218855e+05
33  2.036517e+07  2.477453e+05
34  1.774358e+07  -1.459474e+05
35  2.157462e+07  -2.590970e+05
36  3.065867e+07  -6.679237e+04
37  2.793361e+07  4.114052e+04
38  4.270532e+07  2.682611e+04
39  4.396567e+07  2.623225e+05
40  4.952637e+07  -1.911349e+05
41  6.668569e+07  -7.114367e+05
42  7.903048e+07  -5.368005e+05
43  1.014094e+08  -2.111672e+05
44  1.208027e+08  -1.043460e+05
45  1.464632e+08  -1.879601e+06
46  1.638396e+08  1.064207e+06
47  2.124637e+08  -1.347991e+06
48  2.529386e+08  1.820149e+06
49  2.259955e+08  1.201649e+06
50  2.990039e+08  3.277203e+06
51  5.011398e+08  4.814255e+06
52  4.558523e+08  -4.165286e+05
53  6.465404e+08  -4.580158e+06
54  6.301088e+08  1.701327e+06
55  8.702224e+08  4.643227e+06
56  9.833794e+08  -3.489875e+06
57  1.157423e+09  -6.572023e+06
58  1.638689e+09  5.397585e+06
59  1.699016e+09  -1.020158e+07
60  1.755800e+09  -2.763563e+06
61  2.430265e+09  -7.473894e+06
62  2.829035e+09  7.921721e+06
63  4.113505e+09  -1.403132e+06
ENDPROP
