STARTPROP
MASSES:  4.500000e-02   4.500000e-02
SOURCE: GAM_1
SINKS: GAM_1
0  1.260707e+06  -1.192550e+02
1  1.893917e+06  -1.497799e+02
2  8.274912e+05  -2.937910e+02
3  4.108337e+05  -9.170725e+01
4  1.979665e+05  4.481972e+01
5  9.507031e+04  9.359417e+01
6  4.528245e+04  1.684957e+02
7  2.074574e+04  1.204367e+02
8  9.658609e+03  4.507927e+01
9  4.540071e+03  1.066328e+01
10  2.069826e+03  1.206797e+00
11  8.544301e+02  5.082600e+00
12  3.696161e+02  6.455224e+00
13  1.644325e+02  3.933426e+00
14  7.477748e+01  -2.541072e-01
15  2.425568e+01  -1.016711e+00
16  1.778214e+01  -1.144370e+00
17  1.716492e+01  -1.176927e+00
18  8.323410e+00  -1.219219e+00
19  2.616718e+00  -6.935382e-01
20  1.683930e+00  -4.199942e-01
21  1.149904e+00  -2.261992e-01
22  2.643144e-01  -1.167858e-01
23  -3.782956e-01  -6.718010e-02
24  -2.671175e-01  -4.536546e-02
25  -2.449289e-01  -2.737017e-02
26  -2.074936e-01  -1.493166e-02
27  -1.362664e-01  -8.539012e-03
28  -7.414051e-02  -1.725730e-03
29  -3.678415e-02  -6.106109e-04
30  -1.102195e-02  -2.552527e-04
31  -3.824559e-03  -6.422944e-04
32  8.072817e-04  -1.611677e-03
33  -3.148466e-03  -3.423029e-03
34  1.160139e-02  -5.516731e-03
35  4.007304e-02  -6.670517e-03
36  5.281747e-02  -6.193211e-03
37  4.528316e-02  -9.922312e-03
38  -5.392549e-02  -1.155775e-02
39  -1.886380e-01  -1.040912e-02
40  -2.942186e-01  1.025933e-02
41  2.722340e-02  1.630248e-02
42  4.979355e-01  4.830008e-02
43  1.698055e+00  1.038484e-01
44  3.003080e+00  2.846528e-01
45  4.644613e+00  4.041292e-01
46  9.564589e+00  3.447224e-01
47  2.416302e+01  3.780704e-01
48  5.072702e+01  3.499048e-01
49  1.151163e+02  1.051741e+00
50  2.330531e+02  -2.770999e-01
51  4.109698e+02  6.070669e-01
52  7.399714e+02  3.228362e+00
53  1.341184e+03  7.395371e+00
54  2.596646e+03  8.860691e+00
55  5.403995e+03  9.424405e+00
56  1.087796e+04  1.965897e+01
57  2.209800e+04  3.149628e+01
58  4.578773e+04  1.210630e+02
59  9.276654e+04  3.795036e+01
60  1.881929e+05  -3.076696e+02
61  3.890849e+05  -4.839970e+02
62  8.040070e+05  -5.498467e+02
63  1.865739e+06  -6.154528e+02
ENDPROP
STARTPROP
MASSES:  4.500000e-02   4.500000e-02
SOURCE: GAM_2
SINKS: GAM_2
0  1.308934e+06  -4.245338e+02
1  1.932219e+06  -4.572093e+02
2  8.455099e+05  -3.737303e+02
3  4.140095e+05  -2.648049e+02
4  1.988427e+05  -1.272720e+02
5  9.584353e+04  -1.013193e+02
6  4.531729e+04  -1.291580e+01
7  2.053185e+04  6.360273e+01
8  9.709903e+03  5.689886e+01
9  4.444163e+03  4.550820e+01
10  2.102675e+03  3.264542e+01
11  1.064050e+03  2.038307e+01
12  5.280405e+02  9.706790e+00
13  2.822140e+02  5.109992e+00
14  1.498489e+02  3.829147e+00
15  6.855371e+01  2.935267e+00
16  3.896125e+01  1.296645e+00
17  2.327093e+01  6.623900e-01
18  1.163657e+01  4.668699e-01
19  2.081948e+00  5.139864e-01
20  -1.134137e+00  2.750031e-01
21  -1.007552e+00  1.085860e-01
22  1.858763e-02  3.109083e-02
23  -4.893681e-02  1.980519e-02
24  -4.193960e-01  8.103313e-03
25  -3.422890e-01  3.061013e-03
26  -1.267255e-01  4.472922e-03
27  -9.086406e-03  4.360197e-03
28  5.526360e-02  5.054697e-03
29  5.301246e-02  3.676184e-03
30  2.753586e-02  1.442506e-03
31  1.972495e-02  4.613593e-04
32  1.621574e-02  1.550056e-04
33  1.917409e-02  -6.355294e-05
34  2.113703e-02  3.834528e-04
35  2.418382e-02  9.466579e-04
36  2.920571e-02  5.216649e-04
37  5.351544e-02  -2.256829e-04
38  1.174884e-01  -1.891868e-03
39  2.212755e-01  -9.634044e-03
40  3.211804e-01  -2.996950e-02
41  6.220264e-01  -6.356908e-02
42  1.080032e+00  -7.231261e-02
43  1.366255e+00  -1.102718e-01
44  2.006210e+00  -3.128230e-02
45  2.607282e+00  -7.417024e-02
46  4.689440e+00  -1.540352e-01
47  3.430359e+00  1.658060e-02
48  1.492300e+01  1.066186e-01
49  5.636257e+01  -9.141999e-02
50  1.599727e+02  1.612522e+00
51  3.660439e+02  4.478373e+00
52  6.615171e+02  3.930320e+00
53  1.171834e+03  9.606688e+00
54  2.353070e+03  2.746170e+01
55  4.823663e+03  3.676145e+01
56  9.957477e+03  8.166529e+01
57  2.098309e+04  1.383526e+02
58  4.433723e+04  2.078290e+02
59  9.471195e+04  3.269614e+02
60  1.945035e+05  3.136355e+02
61  4.065284e+05  2.645714e+02
62  8.337566e+05  1.525731e+01
63  1.903325e+06  -6.000970e+02
ENDPROP
STARTPROP
MASSES:  4.500000e-02   4.500000e-02
SOURCE: GAM_3
SINKS: GAM_3
0  1.356339e+06  6.715276e+02
1  1.956256e+06  -1.405087e+01
2  8.530370e+05  -1.462232e+02
3  4.167030e+05  -1.497112e+02
4  1.935350e+05  3.387576e+01
5  8.889361e+04  -2.759878e+01
6  4.108517e+04  4.254186e+01
7  1.913473e+04  -4.275614e+00
8  9.486098e+03  -3.967469e+01
9  4.260358e+03  -2.212246e+01
10  2.053150e+03  -5.719863e+00
11  1.047000e+03  -1.072486e-01
12  5.187712e+02  3.751193e+00
13  2.782882e+02  1.210498e+00
14  1.195905e+02  4.533321e-01
15  5.278723e+01  1.468227e+00
16  2.109862e+01  1.711362e+00
17  8.258837e+00  1.289057e+00
18  1.274031e+00  5.663867e-01
19  4.985539e-01  3.354279e-01
20  -3.645473e-01  2.529041e-01
21  6.903350e-01  1.590592e-01
22  3.332712e-01  5.247219e-02
23  -3.306102e-01  2.564210e-02
24  -2.506211e-01  1.164999e-02
25  -2.025106e-01  1.928089e-02
26  -1.607491e-01  1.107266e-02
27  -9.234727e-02  9.581490e-03
28  -1.647332e-02  4.665262e-03
29  9.765229e-03  2.157401e-03
30  5.425617e-03  4.678434e-04
31  -6.508199e-03  -1.536310e-03
32  3.777486e-03  -1.501969e-03
33  1.173531e-02  -5.731347e-04
34  6.632659e-03  2.105363e-04
35  -1.509336e-02  5.468667e-04
36  -4.782281e-02  9.139428e-04
37  -7.230990e-02  3.480715e-03
38  -2.159504e-01  7.732356e-03
39  -4.802697e-01  1.597711e-02
40  -8.240150e-01  2.556754e-03
41  -1.476532e+00  -2.153462e-02
42  -2.448461e+00  -7.124019e-02
43  -2.458247e+00  -1.542194e-01
44  -2.814802e+00  -1.278689e-01
45  -2.124258e+00  -1.423657e-01
46  1.354574e+00  -5.312209e-02
47  8.807961e+00  4.707949e-01
48  1.897205e+01  9.893615e-01
49  3.042765e+01  2.156392e+00
50  7.310803e+01  1.777198e+00
51  1.835403e+02  1.091365e+00
52  4.832053e+02  6.937517e+00
53  1.100806e+03  2.013360e+01
54  2.592722e+03  3.267392e+01
55  5.892717e+03  4.106686e+01
56  1.223110e+04  5.973855e+01
57  2.355570e+04  9.993413e+01
58  4.710919e+04  8.131332e+01
59  9.648141e+04  5.639523e+01
60  1.958363e+05  5.715978e+00
61  4.046204e+05  -8.236854e+01
62  8.413780e+05  1.293656e+02
63  1.942543e+06  4.280504e+02
ENDPROP
STARTPROP
MASSES:  4.500000e-02   4.500000e-02
SOURCE: GAM_4
SINKS: GAM_4
0  2.141996e+06  8.450393e+02
1  -2.726652e+05  8.065559e+02
2  -1.607038e+03  2.640187e+02
3  -3.051351e+03  1.623524e+02
4  -3.538533e+02  1.114720e+02
5  -6.763784e+01  6.551598e+01
6  -1.235308e+02  4.926842e+01
7  -9.802733e+01  3.442876e+01
8  3.476062e+01  2.441982e+01
9  4.263352e+01  1.071586e+01
10  1.762015e+01  6.413127e-01
11  5.519705e+00  3.752184e+00
12  2.083984e+01  3.204407e+00
13  6.176863e+00  1.026168e+00
14  1.581419e+00  2.780161e-01
15  1.753902e+00  -2.748338e-01
16  -3.108184e+00  -1.984636e-01
17  -1.450644e+00  -2.537836e-01
18  -2.946509e-02  -1.200761e-01
19  -4.031880e-01  -1.772474e-02
20  -4.765470e-01  3.959895e-03
21  1.843823e-02  -1.083044e-02
22  -3.841074e-03  4.172377e-03
23  -8.499984e-02  -7.675797e-03
24  -5.493077e-02  -1.460987e-03
25  -2.776863e-03  -9.597437e-04
26  -1.028477e-03  -4.935011e-03
27  1.092694e-04  -3.469601e-03
28  -2.159389e-02  -2.952897e-03
29  -1.527137e-02  -1.973839e-03
30  -2.227238e-02  -2.054864e-03
31  -1.916942e-02  -1.955871e-03
32  -1.848964e-02  -1.452569e-03
33  -2.110009e-02  -1.546829e-03
34  -1.711340e-02  -1.185506e-03
35  -1.655899e-02  -5.470490e-04
36  -2.287555e-02  -6.776273e-04
37  -1.146177e-02  -4.662845e-04
38  -3.255733e-02  -1.304945e-04
39  8.349998e-03  4.479592e-04
40  5.693022e-03  2.211908e-03
41  -3.881947e-02  2.496554e-03
42  -1.843074e-02  3.882028e-03
43  -1.891264e-01  -3.532094e-03
44  -2.494380e-01  3.815603e-02
45  -6.437837e-01  4.589094e-02
46  -9.279166e-01  6.184619e-02
47  -5.319032e-01  6.441679e-02
48  1.652177e-01  -1.510253e-01
49  1.195643e+00  1.846942e-01
50  1.916298e+00  8.469354e-01
51  6.285019e+00  4.183805e-01
52  -1.637154e+01  1.214666e+00
53  6.320848e+00  1.856597e+00
54  7.243964e+00  3.992213e+00
55  -6.623921e+01  -3.128125e+00
56  2.991280e+01  -1.012241e+01
57  -6.926580e+01  -8.219685e+00
58  -1.817487e+02  -6.803281e+00
59  -2.230537e+02  1.159113e+01
60  1.118383e+02  4.598582e+01
61  -1.809250e+03  1.341318e+02
62  -3.000428e+03  1.947944e+02
63  -2.639106e+05  6.821523e+02
ENDPROP
STARTPROP
MASSES:  4.500000e-02   4.500000e-02
SOURCE: GAM_5
SINKS: GAM_5
0  5.492130e+06  3.167006e+02
1  5.307592e+06  -5.788194e+02
2  3.287762e+06  -2.883694e+02
3  2.075056e+06  -3.203407e+01
4  1.269002e+06  5.349001e+02
5  7.842237e+05  5.231672e+02
6  4.825925e+05  5.697594e+02
7  2.928607e+05  4.304695e+02
8  1.810791e+05  2.398482e+02
9  1.121396e+05  1.306522e+02
10  6.874171e+04  8.598191e+01
11  4.237411e+04  5.832809e+01
12  2.610438e+04  4.733800e+01
13  1.579391e+04  3.911033e+01
14  9.477831e+03  2.444814e+01
15  5.777044e+03  9.987957e+00
16  3.530231e+03  5.700485e+00
17  2.154377e+03  2.764414e+00
18  1.324785e+03  2.056435e+00
19  8.123203e+02  2.087769e+00
20  4.978194e+02  1.546537e+00
21  3.011946e+02  1.186718e+00
22  1.865169e+02  7.708288e-01
23  1.161366e+02  4.788505e-01
24  6.969881e+01  2.969834e-01
25  4.216699e+01  2.149798e-01
26  2.594560e+01  1.514956e-01
27  1.582603e+01  9.322784e-02
28  9.716664e+00  5.337055e-02
29  6.095888e+00  3.064934e-02
30  4.066265e+00  2.263157e-02
31  3.052628e+00  2.325076e-02
32  2.743955e+00  2.702107e-02
33  3.091804e+00  3.386064e-02
34  4.158169e+00  4.262297e-02
35  6.195638e+00  5.652992e-02
36  9.767288e+00  7.999737e-02
37  1.554190e+01  1.089981e-01
38  2.503587e+01  1.474798e-01
39  4.122254e+01  2.174891e-01
40  6.778933e+01  3.433200e-01
41  1.105790e+02  5.515435e-01
42  1.785736e+02  8.352915e-01
43  2.925015e+02  1.353895e+00
44  4.846021e+02  2.589513e+00
45  8.140368e+02  4.577608e+00
46  1.352430e+03  6.941187e+00
47  2.233154e+03  1.141095e+01
48  3.649033e+03  1.467772e+01
49  5.853943e+03  1.807297e+01
50  9.374463e+03  2.624246e+01
51  1.519818e+04  3.645680e+01
52  2.459784e+04  4.270576e+01
53  4.011987e+04  6.042822e+01
54  6.601387e+04  1.325680e+02
55  1.082600e+05  2.431971e+02
56  1.783853e+05  2.342004e+02
57  2.914588e+05  2.791943e+02
58  4.781863e+05  3.201794e+02
59  7.781275e+05  4.265313e+02
60  1.254975e+06  1.654759e+02
61  2.049668e+06  -3.629167e+02
62  3.263044e+06  -3.162886e+02
63  5.281137e+06  -2.753416e+02
ENDPROP
STARTPROP
MASSES:  4.500000e-02   4.500000e-02
SOURCE: GAM_12
SINKS: GAM_12
0  9.302550e+05  4.247877e+02
1  -6.206022e+05  4.022462e+02
2  -1.361263e+05  1.925366e+02
3  -4.602588e+04  6.886669e+01
4  -1.296763e+04  9.714116e+01
5  -4.122977e+03  4.422992e+01
6  -2.181456e+02  -3.516930e+01
7  6.941297e+02  -1.459533e+01
8  7.714286e+02  -5.953302e+00
9  4.144416e+02  6.574749e+00
10  2.271286e+02  2.988938e+00
11  3.192857e+01  -3.826205e+00
12  -3.618525e+01  -2.997005e+00
13  -1.122785e+01  -3.139494e+00
14  1.260387e+01  -1.501749e+00
15  6.221177e+00  7.886052e-02
16  -3.354844e+00  1.314208e-01
17  -6.731624e+00  2.005371e-01
18  -7.109481e+00  3.231519e-01
19  -3.826770e+00  2.040777e-01
20  -1.376583e+00  9.167753e-02
21  -4.302492e-01  4.057697e-02
22  3.157279e-01  4.061709e-02
23  4.167079e-01  3.207755e-02
24  2.799869e-01  1.519606e-02
25  1.075858e-01  4.998296e-03
26  4.954991e-02  1.137974e-03
27  4.674193e-02  2.103282e-03
28  4.943655e-02  2.799817e-03
29  4.162567e-02  2.595339e-03
30  2.246466e-02  1.362888e-03
31  1.016499e-02  1.113513e-03
32  6.873315e-03  1.569896e-03
33  4.920288e-03  8.093316e-04
34  -1.789954e-03  -2.668570e-04
35  -1.939254e-02  -2.616592e-03
36  -2.991467e-02  -4.792519e-03
37  1.354863e-02  -2.945247e-03
38  5.484985e-02  -7.593582e-04
39  9.351523e-02  1.187080e-03
40  7.806876e-02  -6.151177e-03
41  6.102504e-02  -1.101745e-02
42  3.852663e-02  -4.843219e-04
43  2.116897e-01  1.077835e-02
44  -2.731428e-02  -1.751710e-02
45  -9.008798e-02  -3.239946e-02
46  2.611517e+00  -2.312721e-02
47  5.992564e+00  8.717315e-02
48  1.155455e+01  7.391797e-01
49  9.140627e+00  1.574790e+00
50  1.997115e+00  1.833478e+00
51  1.295530e+01  2.213798e+00
52  6.455410e+01  7.712881e-01
53  1.413781e+02  -3.939142e+00
54  1.621466e+02  -7.982836e+00
55  -6.001211e+01  5.657772e+00
56  -5.662078e+02  2.020317e+01
57  -9.564961e+02  1.661072e+01
58  -2.131789e+03  1.064762e+01
59  -4.255708e+03  5.451318e+01
60  -1.374985e+04  4.865498e+01
61  -4.668517e+04  3.271639e+01
62  -1.374952e+05  3.970014e+01
63  -6.137641e+05  5.023279e+02
ENDPROP
STARTPROP
MASSES:  4.500000e-02   4.500000e-02
SOURCE: GAM_21
SINKS: GAM_21
0  9.302550e+05  4.247877e+02
1  -6.206022e+05  4.022462e+02
2  -1.361263e+05  1.925366e+02
3  -4.602588e+04  6.886669e+01
4  -1.296763e+04  9.714116e+01
5  -4.122977e+03  4.422992e+01
6  -2.181456e+02  -3.516930e+01
7  6.941297e+02  -1.459533e+01
8  7.714286e+02  -5.953302e+00
9  4.144416e+02  6.574749e+00
10  2.271286e+02  2.988938e+00
11  3.192857e+01  -3.826205e+00
12  -3.618525e+01  -2.997005e+00
13  -1.122785e+01  -3.139494e+00
14  1.260387e+01  -1.501749e+00
15  6.221177e+00  7.886052e-02
16  -3.354844e+00  1.314208e-01
17  -6.731624e+00  2.005371e-01
18  -7.109481e+00  3.231519e-01
19  -3.826770e+00  2.040777e-01
20  -1.376583e+00  9.167753e-02
21  -4.302492e-01  4.057697e-02
22  3.157279e-01  4.061709e-02
23  4.167079e-01  3.207755e-02
24  2.799869e-01  1.519606e-02
25  1.075858e-01  4.998296e-03
26  4.954991e-02  1.137974e-03
27  4.674193e-02  2.103282e-03
28  4.943655e-02  2.799817e-03
29  4.162567e-02  2.595339e-03
30  2.246466e-02  1.362888e-03
31  1.016499e-02  1.113513e-03
32  6.873315e-03  1.569896e-03
33  4.920288e-03  8.093316e-04
34  -1.789954e-03  -2.668570e-04
35  -1.939254e-02  -2.616592e-03
36  -2.991467e-02  -4.792519e-03
37  1.354863e-02  -2.945247e-03
38  5.484985e-02  -7.593582e-04
39  9.351523e-02  1.187080e-03
40  7.806876e-02  -6.151177e-03
41  6.102504e-02  -1.101745e-02
42  3.852663e-02  -4.843219e-04
43  2.116897e-01  1.077835e-02
44  -2.731428e-02  -1.751710e-02
45  -9.008798e-02  -3.239946e-02
46  2.611517e+00  -2.312721e-02
47  5.992564e+00  8.717315e-02
48  1.155455e+01  7.391797e-01
49  9.140627e+00  1.574790e+00
50  1.997115e+00  1.833478e+00
51  1.295530e+01  2.213798e+00
52  6.455410e+01  7.712881e-01
53  1.413781e+02  -3.939142e+00
54  1.621466e+02  -7.982836e+00
55  -6.001211e+01  5.657772e+00
56  -5.662078e+02  2.020317e+01
57  -9.564961e+02  1.661072e+01
58  -2.131789e+03  1.064762e+01
59  -4.255708e+03  5.451318e+01
60  -1.374985e+04  4.865498e+01
61  -4.668517e+04  3.271639e+01
62  -1.374952e+05  3.970014e+01
63  -6.137641e+05  5.023279e+02
ENDPROP
STARTPROP
MASSES:  4.500000e-02   4.500000e-02
SOURCE: GAM_13
SINKS: GAM_13
0  9.249707e+05  -1.841861e+02
1  -6.223635e+05  -1.723370e+02
2  -1.325010e+05  -8.490873e+01
3  -4.322433e+04  -8.511947e+01
4  -1.443379e+04  -3.314795e+01
5  -6.667684e+03  4.700450e+01
6  -3.080591e+03  1.092223e+01
7  -1.418146e+03  4.083407e+00
8  -7.382007e+02  7.903573e+00
9  -2.914701e+02  -1.055030e+01
10  -2.050433e+01  -1.310985e+01
11  -2.698307e+01  -7.817146e+00
12  -8.489506e-01  -4.024084e+00
13  9.061227e+00  -2.335281e+00
14  9.678133e+00  -1.777181e+00
15  4.208710e+00  -8.431748e-01
16  -1.158310e-01  -1.395888e-01
17  -3.809367e-01  4.298446e-02
18  1.475404e+00  9.908965e-02
19  8.088804e-01  3.975209e-02
20  9.514485e-01  -2.147518e-02
21  6.657008e-01  6.253277e-03
22  5.230052e-01  -6.856857e-03
23  1.580926e-01  -1.262417e-02
24  -9.230930e-04  3.765564e-03
25  4.834806e-02  -1.428657e-03
26  4.935157e-02  1.321977e-04
27  4.569764e-03  5.191334e-04
28  -1.301555e-02  1.232825e-03
29  -1.908273e-02  1.920109e-03
30  -1.402414e-02  9.431155e-04
31  -5.697557e-03  3.952162e-04
32  -4.907671e-03  2.419195e-04
33  -4.680595e-03  5.099973e-04
34  1.284608e-03  2.559471e-04
35  4.009474e-03  6.569124e-04
36  2.656762e-02  4.135773e-04
37  1.863691e-03  -1.677060e-03
38  -2.869857e-03  -2.356215e-03
39  6.122229e-03  -2.919822e-03
40  1.076223e-01  -1.088735e-02
41  2.789954e-01  -7.480284e-03
42  5.687364e-01  -2.233493e-02
43  9.792441e-01  -4.413359e-02
44  1.378670e+00  -4.189131e-02
45  3.089791e+00  -1.377058e-02
46  6.108465e+00  -3.991276e-02
47  1.199001e+01  9.928649e-02
48  1.246634e+01  -1.084884e-01
49  1.631314e+01  -7.816197e-01
50  1.299478e+01  -8.391220e-01
51  2.640803e+01  -1.100126e+00
52  1.099217e+01  -1.931846e+00
53  9.821940e+00  -1.232378e+00
54  7.729053e+01  -3.166096e+00
55  1.618102e+02  -1.054047e+01
56  1.793082e+02  -2.491485e+01
57  -1.513580e+02  -4.463581e+01
58  -1.380167e+03  -3.470357e+01
59  -5.803797e+03  -1.983563e+01
60  -1.709446e+04  3.495670e+01
61  -5.057812e+04  1.127733e+02
62  -1.352632e+05  3.333663e+02
63  -6.130973e+05  4.217626e+02
ENDPROP
STARTPROP
MASSES:  4.500000e-02   4.500000e-02
SOURCE: GAM_31
SINKS: GAM_31
0  9.249707e+05  -1.841861e+02
1  -6.223635e+05  -1.723370e+02
2  -1.325010e+05  -8.490873e+01
3  -4.322433e+04  -8.511947e+01
4  -1.443379e+04  -3.314795e+01
5  -6.667684e+03  4.700450e+01
6  -3.080591e+03  1.092223e+01
7  -1.418146e+03  4.083407e+00
8  -7.382007e+02  7.903573e+00
9  -2.914701e+02  -1.055030e+01
10  -2.050433e+01  -1.310985e+01
11  -2.698307e+01  -7.817146e+00
12  -8.489506e-01  -4.024084e+00
13  9.061227e+00  -2.335281e+00
14  9.678133e+00  -1.777181e+00
15  4.208710e+00  -8.431748e-01
16  -1.158310e-01  -1.395888e-01
17  -3.809367e-01  4.298446e-02
18  1.475404e+00  9.908965e-02
19  8.088804e-01  3.975209e-02
20  9.514485e-01  -2.147518e-02
21  6.657008e-01  6.253277e-03
22  5.230052e-01  -6.856857e-03
23  1.580926e-01  -1.262417e-02
24  -9.230930e-04  3.765564e-03
25  4.834806e-02  -1.428657e-03
26  4.935157e-02  1.321977e-04
27  4.569764e-03  5.191334e-04
28  -1.301555e-02  1.232825e-03
29  -1.908273e-02  1.920109e-03
30  -1.402414e-02  9.431155e-04
31  -5.697557e-03  3.952162e-04
32  -4.907671e-03  2.419195e-04
33  -4.680595e-03  5.099973e-04
34  1.284608e-03  2.559471e-04
35  4.009474e-03  6.569124e-04
36  2.656762e-02  4.135773e-04
37  1.863691e-03  -1.677060e-03
38  -2.869857e-03  -2.356215e-03
39  6.122229e-03  -2.919822e-03
40  1.076223e-01  -1.088735e-02
41  2.789954e-01  -7.480284e-03
42  5.687364e-01  -2.233493e-02
43  9.792441e-01  -4.413359e-02
44  1.378670e+00  -4.189131e-02
45  3.089791e+00  -1.377058e-02
46  6.108465e+00  -3.991276e-02
47  1.199001e+01  9.928649e-02
48  1.246634e+01  -1.084884e-01
49  1.631314e+01  -7.816197e-01
50  1.299478e+01  -8.391220e-01
51  2.640803e+01  -1.100126e+00
52  1.099217e+01  -1.931846e+00
53  9.821940e+00  -1.232378e+00
54  7.729053e+01  -3.166096e+00
55  1.618102e+02  -1.054047e+01
56  1.793082e+02  -2.491485e+01
57  -1.513580e+02  -4.463581e+01
58  -1.380167e+03  -3.470357e+01
59  -5.803797e+03  -1.983563e+01
60  -1.709446e+04  3.495670e+01
61  -5.057812e+04  1.127733e+02
62  -1.352632e+05  3.333663e+02
63  -6.130973e+05  4.217626e+02
ENDPROP
STARTPROP
MASSES:  4.500000e-02   4.500000e-02
SOURCE: GAM_14
SINKS: GAM_14
0  1.976980e+05  -4.776824e+02
1  1.396761e+06  -4.150046e+02
2  5.559420e+05  -4.372927e+02
3  2.659333e+05  -4.137967e+02
4  1.236158e+05  -1.994460e+02
5  5.770609e+04  -3.870751e+01
6  2.682382e+04  5.271820e+01
7  1.231711e+04  2.748614e+01
8  5.545002e+03  -2.162162e+01
9  2.281834e+03  -3.041874e+01
10  7.628494e+02  -1.885986e+01
11  2.872305e+02  -1.104362e+01
12  1.380629e+02  -5.623588e+00
13  8.349061e+01  -2.942430e-01
14  4.955535e+01  -1.304818e-01
15  2.951863e+01  -9.945270e-01
16  1.509784e+01  -1.649553e+00
17  8.772747e+00  -1.292044e+00
18  3.149184e+00  -9.738494e-01
19  2.822994e+00  -4.305051e-01
20  2.038358e+00  -1.716536e-01
21  1.415847e+00  -5.873644e-02
22  4.688597e-01  -3.438041e-02
23  2.228184e-01  -1.877602e-02
24  -2.095819e-02  -1.619089e-02
25  -3.362280e-02  -1.285029e-02
26  -1.192828e-02  -1.009096e-02
27  -3.713476e-02  -6.082327e-03
28  -3.319136e-02  -3.325784e-03
29  -1.238724e-02  -1.289956e-03
30  -2.336912e-03  -8.657366e-04
31  -7.314295e-03  -1.327425e-03
32  -1.085584e-02  -9.438379e-04
33  -1.466066e-02  -1.211043e-03
34  -8.823621e-03  -1.272703e-03
35  -1.692269e-03  -1.374686e-03
36  3.278559e-02  4.591343e-04
37  6.527487e-02  9.700654e-04
38  9.709354e-02  -2.595960e-03
39  1.305039e-01  3.410844e-03
40  2.053080e-01  7.763704e-03
41  3.255710e-01  7.214484e-04
42  2.992577e-01  -4.386048e-03
43  -8.087606e-02  -1.962922e-02
44  2.808789e-01  4.042194e-02
45  1.201518e+00  3.087787e-02
46  5.006592e+00  -2.809472e-02
47  1.405557e+01  -1.785008e-01
48  2.707791e+01  -4.856356e-01
49  5.369619e+01  -6.170764e-01
50  1.240594e+02  -9.167343e-01
51  2.479232e+02  -8.802150e-01
52  5.039384e+02  2.071165e+00
53  8.991044e+02  5.633307e+00
54  1.773923e+03  6.153285e+00
55  3.583903e+03  -3.294476e+00
56  7.157995e+03  -7.866887e+00
57  1.419713e+04  2.601030e+01
58  2.873740e+04  6.544831e+01
59  5.807705e+04  9.983383e+00
60  1.204844e+05  -5.487712e+01
61  2.593239e+05  -6.645353e+01
62  5.495405e+05  -6.785828e+01
63  1.373399e+06  -4.346108e+02
ENDPROP
STARTPROP
MASSES:  4.500000e-02   4.500000e-02
SOURCE: GAM_41
SINKS: GAM_41
0  1.976980e+05  -4.776824e+02
1  1.396761e+06  -4.150046e+02
2  5.559420e+05  -4.372927e+02
3  2.659333e+05  -4.137967e+02
4  1.236158e+05  -1.994460e+02
5  5.770609e+04  -3.870751e+01
6  2.682382e+04  5.271820e+01
7  1.231711e+04  2.748614e+01
8  5.545002e+03  -2.162162e+01
9  2.281834e+03  -3.041874e+01
10  7.628494e+02  -1.885986e+01
11  2.872305e+02  -1.104362e+01
12  1.380629e+02  -5.623588e+00
13  8.349061e+01  -2.942430e-01
14  4.955535e+01  -1.304818e-01
15  2.951863e+01  -9.945270e-01
16  1.509784e+01  -1.649553e+00
17  8.772747e+00  -1.292044e+00
18  3.149184e+00  -9.738494e-01
19  2.822994e+00  -4.305051e-01
20  2.038358e+00  -1.716536e-01
21  1.415847e+00  -5.873644e-02
22  4.688597e-01  -3.438041e-02
23  2.228184e-01  -1.877602e-02
24  -2.095819e-02  -1.619089e-02
25  -3.362280e-02  -1.285029e-02
26  -1.192828e-02  -1.009096e-02
27  -3.713476e-02  -6.082327e-03
28  -3.319136e-02  -3.325784e-03
29  -1.238724e-02  -1.289956e-03
30  -2.336912e-03  -8.657366e-04
31  -7.314295e-03  -1.327425e-03
32  -1.085584e-02  -9.438379e-04
33  -1.466066e-02  -1.211043e-03
34  -8.823621e-03  -1.272703e-03
35  -1.692269e-03  -1.374686e-03
36  3.278559e-02  4.591343e-04
37  6.527487e-02  9.700654e-04
38  9.709354e-02  -2.595960e-03
39  1.305039e-01  3.410844e-03
40  2.053080e-01  7.763704e-03
41  3.255710e-01  7.214484e-04
42  2.992577e-01  -4.386048e-03
43  -8.087606e-02  -1.962922e-02
44  2.808789e-01  4.042194e-02
45  1.201518e+00  3.087787e-02
46  5.006592e+00  -2.809472e-02
47  1.405557e+01  -1.785008e-01
48  2.707791e+01  -4.856356e-01
49  5.369619e+01  -6.170764e-01
50  1.240594e+02  -9.167343e-01
51  2.479232e+02  -8.802150e-01
52  5.039384e+02  2.071165e+00
53  8.991044e+02  5.633307e+00
54  1.773923e+03  6.153285e+00
55  3.583903e+03  -3.294476e+00
56  7.157995e+03  -7.866887e+00
57  1.419713e+04  2.601030e+01
58  2.873740e+04  6.544831e+01
59  5.807705e+04  9.983383e+00
60  1.204844e+05  -5.487712e+01
61  2.593239e+05  -6.645353e+01
62  5.495405e+05  -6.785828e+01
63  1.373399e+06  -4.346108e+02
ENDPROP
STARTPROP
MASSES:  4.500000e-02   4.500000e-02
SOURCE: GAM_23
SINKS: GAM_23
0  8.878917e+05  1.512733e+01
1  -6.399529e+05  -3.031559e+01
2  -1.411814e+05  4.692954e+01
3  -4.892848e+04  7.927842e+01
4  -1.630830e+04  7.640934e+01
5  -4.994428e+03  6.454643e+01
6  -1.461481e+03  3.649842e+01
7  -6.307021e+02  4.491286e+00
8  -1.531848e+02  -2.720252e+00
9  -6.983860e+01  -7.265442e-01
10  1.212375e+02  -9.396598e-01
11  1.245770e+02  5.918959e+00
12  1.071477e+02  3.263321e+00
13  6.776425e+01  8.737442e-01
14  3.917730e+01  1.189825e+00
15  2.369035e+01  6.605516e-01
16  1.571690e+01  4.866230e-02
17  1.058996e+01  -5.788559e-02
18  2.938496e+00  4.441756e-02
19  1.334853e-01  -1.893425e-02
20  1.974629e-02  -6.452592e-02
21  -5.756011e-02  -3.683480e-02
22  -1.244885e-02  -1.581994e-02
23  -2.394067e-03  -2.122520e-03
24  -3.724800e-02  7.354497e-03
25  4.354427e-02  1.478427e-03
26  4.190338e-02  5.897129e-04
27  3.174132e-02  -1.606038e-03
28  1.979835e-02  -8.343046e-04
29  1.952477e-02  -9.299340e-04
30  1.335741e-02  -1.823222e-04
31  7.152088e-03  6.817707e-05
32  2.039772e-03  1.614723e-04
33  -5.168022e-04  6.780778e-04
34  4.497929e-04  2.096410e-04
35  2.719917e-03  6.340803e-04
36  -6.567114e-03  -2.067260e-05
37  -6.742826e-03  9.354253e-04
38  5.637448e-03  -2.261712e-03
39  1.139810e-01  1.652217e-03
40  2.397282e-01  3.169823e-03
41  4.021117e-01  1.323917e-02
42  7.489745e-01  2.429148e-02
43  1.178706e+00  2.389677e-02
44  1.637369e+00  -1.489937e-02
45  2.059159e+00  -9.724616e-02
46  4.254646e+00  -1.846705e-01
47  9.115799e+00  -2.094678e-01
48  1.530524e+01  6.490446e-02
49  1.797524e+01  -4.999172e-02
50  2.345539e+01  4.547331e-01
51  3.092299e+01  3.349126e-01
52  5.710893e+00  -3.026068e+00
53  -4.902086e+01  -3.216477e+00
54  -9.773993e+01  -9.749368e+00
55  -8.086524e+01  -1.940582e+01
56  8.320644e+00  -3.215696e+01
57  -1.711689e+02  -5.164631e+01
58  -1.218987e+03  -6.108963e+01
59  -5.479262e+03  -1.593081e+01
60  -1.639529e+04  -5.737837e+01
61  -4.906868e+04  -6.146498e+01
62  -1.399417e+05  -1.107748e+02
63  -6.305248e+05  1.162660e+02
ENDPROP
STARTPROP
MASSES:  4.500000e-02   4.500000e-02
SOURCE: GAM_32
SINKS: GAM_32
0  8.878917e+05  1.512733e+01
1  -6.399529e+05  -3.031559e+01
2  -1.411814e+05  4.692954e+01
3  -4.892848e+04  7.927842e+01
4  -1.630830e+04  7.640934e+01
5  -4.994428e+03  6.454643e+01
6  -1.461481e+03  3.649842e+01
7  -6.307021e+02  4.491286e+00
8  -1.531848e+02  -2.720252e+00
9  -6.983860e+01  -7.265442e-01
10  1.212375e+02  -9.396598e-01
11  1.245770e+02  5.918959e+00
12  1.071477e+02  3.263321e+00
13  6.776425e+01  8.737442e-01
14  3.917730e+01  1.189825e+00
15  2.369035e+01  6.605516e-01
16  1.571690e+01  4.866230e-02
17  1.058996e+01  -5.788559e-02
18  2.938496e+00  4.441756e-02
19  1.334853e-01  -1.893425e-02
20  1.974629e-02  -6.452592e-02
21  -5.756011e-02  -3.683480e-02
22  -1.244885e-02  -1.581994e-02
23  -2.394067e-03  -2.122520e-03
24  -3.724800e-02  7.354497e-03
25  4.354427e-02  1.478427e-03
26  4.190338e-02  5.897129e-04
27  3.174132e-02  -1.606038e-03
28  1.979835e-02  -8.343046e-04
29  1.952477e-02  -9.299340e-04
30  1.335741e-02  -1.823222e-04
31  7.152088e-03  6.817707e-05
32  2.039772e-03  1.614723e-04
33  -5.168022e-04  6.780778e-04
34  4.497929e-04  2.096410e-04
35  2.719917e-03  6.340803e-04
36  -6.567114e-03  -2.067260e-05
37  -6.742826e-03  9.354253e-04
38  5.637448e-03  -2.261712e-03
39  1.139810e-01  1.652217e-03
40  2.397282e-01  3.169823e-03
41  4.021117e-01  1.323917e-02
42  7.489745e-01  2.429148e-02
43  1.178706e+00  2.389677e-02
44  1.637369e+00  -1.489937e-02
45  2.059159e+00  -9.724616e-02
46  4.254646e+00  -1.846705e-01
47  9.115799e+00  -2.094678e-01
48  1.530524e+01  6.490446e-02
49  1.797524e+01  -4.999172e-02
50  2.345539e+01  4.547331e-01
51  3.092299e+01  3.349126e-01
52  5.710893e+00  -3.026068e+00
53  -4.902086e+01  -3.216477e+00
54  -9.773993e+01  -9.749368e+00
55  -8.086524e+01  -1.940582e+01
56  8.320644e+00  -3.215696e+01
57  -1.711689e+02  -5.164631e+01
58  -1.218987e+03  -6.108963e+01
59  -5.479262e+03  -1.593081e+01
60  -1.639529e+04  -5.737837e+01
61  -4.906868e+04  -6.146498e+01
62  -1.399417e+05  -1.107748e+02
63  -6.305248e+05  1.162660e+02
ENDPROP
STARTPROP
MASSES:  4.500000e-02   4.500000e-02
SOURCE: GAM_24
SINKS: GAM_24
0  1.484353e+05  2.392552e+02
1  1.368684e+06  -7.384833e-01
2  5.483374e+05  -5.243168e+01
3  2.696322e+05  -1.072165e+02
4  1.256850e+05  4.659129e+01
5  5.969391e+04  -3.019723e+01
6  2.892869e+04  -3.664347e+01
7  1.294642e+04  -3.927088e+01
8  6.080622e+03  -4.347222e+01
9  2.591089e+03  -2.927847e+01
10  1.154820e+03  -1.296099e+01
11  5.979050e+02  -2.347340e+00
12  3.667454e+02  1.491630e+00
13  1.966604e+02  9.661178e-01
14  8.839825e+01  2.336006e-01
15  3.997553e+01  1.344982e-01
16  2.012341e+01  -8.906199e-02
17  1.083932e+01  1.130651e-01
18  2.303563e+00  1.849192e-01
19  1.797441e-01  2.768602e-01
20  -3.215581e-01  2.718060e-01
21  4.970662e-01  1.559239e-01
22  6.306858e-01  6.976069e-02
23  3.732194e-01  2.929490e-02
24  2.489891e-01  -2.368298e-03
25  1.619276e-01  -1.651529e-02
26  6.651963e-02  -1.340754e-02
27  2.063168e-02  -6.523196e-03
28  1.253247e-02  -2.669336e-03
29  -1.273011e-03  -1.944454e-03
30  -9.122393e-03  -7.722069e-04
31  -8.892250e-04  -5.226623e-04
32  8.752088e-04  -6.609424e-04
33  -4.816240e-03  -7.766710e-04
34  -9.631818e-03  4.560378e-05
35  -9.631259e-03  1.843799e-03
36  1.053164e-02  1.074581e-03
37  4.643359e-02  -8.532202e-04
38  7.220006e-02  -2.310801e-03
39  1.111991e-01  -3.274964e-03
40  1.651062e-01  -1.457362e-02
41  2.223075e-01  -2.437793e-02
42  4.261851e-01  -1.566974e-02
43  1.616440e+00  -3.177321e-02
44  1.763299e+00  8.451300e-02
45  3.155546e+00  1.629144e-01
46  5.738174e+00  3.582259e-01
47  6.181383e+00  5.825081e-01
48  2.079420e+00  9.330879e-01
49  1.396736e+01  1.200087e+00
50  5.252607e+01  2.050435e+00
51  1.453927e+02  4.216341e+00
52  2.308377e+02  3.770665e+00
53  4.812718e+02  7.187840e+00
54  1.152161e+03  1.490900e+01
55  2.490819e+03  1.249467e+01
56  6.106287e+03  3.653057e+01
57  1.326049e+04  6.728799e+01
58  2.785842e+04  1.137773e+02
59  5.836505e+04  1.382416e+02
60  1.227661e+05  1.595654e+02
61  2.536557e+05  8.087062e+01
62  5.320868e+05  1.138154e+02
63  1.346232e+06  -2.321984e+01
ENDPROP
STARTPROP
MASSES:  4.500000e-02   4.500000e-02
SOURCE: GAM_42
SINKS: GAM_42
0  1.484353e+05  2.392552e+02
1  1.368684e+06  -7.384833e-01
2  5.483374e+05  -5.243168e+01
3  2.696322e+05  -1.072165e+02
4  1.256850e+05  4.659129e+01
5  5.969391e+04  -3.019723e+01
6  2.892869e+04  -3.664347e+01
7  1.294642e+04  -3.927088e+01
8  6.080622e+03  -4.347222e+01
9  2.591089e+03  -2.927847e+01
10  1.154820e+03  -1.296099e+01
11  5.979050e+02  -2.347340e+00
12  3.667454e+02  1.491630e+00
13  1.966604e+02  9.661178e-01
14  8.839825e+01  2.336006e-01
15  3.997553e+01  1.344982e-01
16  2.012341e+01  -8.906199e-02
17  1.083932e+01  1.130651e-01
18  2.303563e+00  1.849192e-01
19  1.797441e-01  2.768602e-01
20  -3.215581e-01  2.718060e-01
21  4.970662e-01  1.559239e-01
22  6.306858e-01  6.976069e-02
23  3.732194e-01  2.929490e-02
24  2.489891e-01  -2.368298e-03
25  1.619276e-01  -1.651529e-02
26  6.651963e-02  -1.340754e-02
27  2.063168e-02  -6.523196e-03
28  1.253247e-02  -2.669336e-03
29  -1.273011e-03  -1.944454e-03
30  -9.122393e-03  -7.722069e-04
31  -8.892250e-04  -5.226623e-04
32  8.752088e-04  -6.609424e-04
33  -4.816240e-03  -7.766710e-04
34  -9.631818e-03  4.560378e-05
35  -9.631259e-03  1.843799e-03
36  1.053164e-02  1.074581e-03
37  4.643359e-02  -8.532202e-04
38  7.220006e-02  -2.310801e-03
39  1.111991e-01  -3.274964e-03
40  1.651062e-01  -1.457362e-02
41  2.223075e-01  -2.437793e-02
42  4.261851e-01  -1.566974e-02
43  1.616440e+00  -3.177321e-02
44  1.763299e+00  8.451300e-02
45  3.155546e+00  1.629144e-01
46  5.738174e+00  3.582259e-01
47  6.181383e+00  5.825081e-01
48  2.079420e+00  9.330879e-01
49  1.396736e+01  1.200087e+00
50  5.252607e+01  2.050435e+00
51  1.453927e+02  4.216341e+00
52  2.308377e+02  3.770665e+00
53  4.812718e+02  7.187840e+00
54  1.152161e+03  1.490900e+01
55  2.490819e+03  1.249467e+01
56  6.106287e+03  3.653057e+01
57  1.326049e+04  6.728799e+01
58  2.785842e+04  1.137773e+02
59  5.836505e+04  1.382416e+02
60  1.227661e+05  1.595654e+02
61  2.536557e+05  8.087062e+01
62  5.320868e+05  1.138154e+02
63  1.346232e+06  -2.321984e+01
ENDPROP
STARTPROP
MASSES:  4.500000e-02   4.500000e-02
SOURCE: GAM_34
SINKS: GAM_34
0  1.352651e+05  -6.248884e+02
1  1.358597e+06  -6.195122e+02
2  5.363405e+05  -3.587834e+02
3  2.567647e+05  -2.630017e+02
4  1.183520e+05  6.445372e+01
5  5.688960e+04  3.777266e+01
6  2.610562e+04  1.447923e+02
7  1.226997e+04  1.061369e+02
8  6.754524e+03  6.087644e+01
9  3.505286e+03  3.996068e+01
10  1.625887e+03  2.093398e+01
11  7.130845e+02  9.307715e+00
12  3.566035e+02  5.892612e+00
13  1.344216e+02  2.956860e+00
14  4.453837e+01  2.587072e-01
15  1.493930e+01  1.314389e+00
16  1.627038e+00  1.064730e+00
17  7.868971e+00  4.802251e-01
18  7.855035e+00  3.742652e-01
19  3.274596e+00  2.563858e-01
20  1.908558e+00  9.246130e-02
21  8.465840e-01  7.688276e-02
22  8.204146e-01  2.578091e-02
23  4.021158e-01  1.289686e-02
24  8.493409e-02  -2.753451e-03
25  -1.068038e-01  -1.908165e-03
26  -3.816797e-02  -3.118768e-03
27  -2.763830e-02  -1.253039e-03
28  -1.161968e-02  -7.532575e-04
29  -3.101687e-02  -4.707607e-04
30  -1.944805e-02  -3.133780e-04
31  -7.188458e-03  -7.073592e-04
32  1.178940e-03  -6.419100e-04
33  2.092521e-04  -4.469731e-04
34  -1.163179e-02  8.742798e-04
35  -2.342178e-02  1.860691e-03
36  -3.051832e-02  2.852643e-03
37  -4.571752e-02  2.979442e-03
38  -1.453528e-01  2.473341e-03
39  -4.204494e-01  2.568672e-03
40  -8.205652e-01  -6.475842e-03
41  -9.547195e-01  -1.566593e-02
42  -8.386674e-01  -2.535466e-02
43  -1.318499e+00  -5.286389e-02
44  -1.074233e+00  -7.453633e-02
45  4.461781e-01  2.653515e-02
46  6.502884e+00  2.362279e-01
47  1.743995e+01  7.333557e-01
48  2.555281e+01  1.674860e+00
49  2.755512e+01  2.424666e+00
50  3.504518e+01  2.567462e+00
51  1.065988e+02  3.400871e+00
52  3.249944e+02  7.066869e+00
53  7.715072e+02  1.392055e+01
54  1.714250e+03  2.787179e+01
55  3.726945e+03  5.532688e+01
56  7.306389e+03  9.910561e+01
57  1.473987e+04  1.420487e+02
58  3.060430e+04  1.802808e+02
59  6.366754e+04  2.130933e+02
60  1.287356e+05  1.806486e+02
61  2.623615e+05  6.039993e+01
62  5.433847e+05  2.740154e+02
63  1.350056e+06  -3.171993e+02
ENDPROP
STARTPROP
MASSES:  4.500000e-02   4.500000e-02
SOURCE: GAM_43
SINKS: GAM_43
0  1.352651e+05  -6.248884e+02
1  1.358597e+06  -6.195122e+02
2  5.363405e+05  -3.587834e+02
3  2.567647e+05  -2.630017e+02
4  1.183520e+05  6.445372e+01
5  5.688960e+04  3.777266e+01
6  2.610562e+04  1.447923e+02
7  1.226997e+04  1.061369e+02
8  6.754524e+03  6.087644e+01
9  3.505286e+03  3.996068e+01
10  1.625887e+03  2.093398e+01
11  7.130845e+02  9.307715e+00
12  3.566035e+02  5.892612e+00
13  1.344216e+02  2.956860e+00
14  4.453837e+01  2.587072e-01
15  1.493930e+01  1.314389e+00
16  1.627038e+00  1.064730e+00
17  7.868971e+00  4.802251e-01
18  7.855035e+00  3.742652e-01
19  3.274596e+00  2.563858e-01
20  1.908558e+00  9.246130e-02
21  8.465840e-01  7.688276e-02
22  8.204146e-01  2.578091e-02
23  4.021158e-01  1.289686e-02
24  8.493409e-02  -2.753451e-03
25  -1.068038e-01  -1.908165e-03
26  -3.816797e-02  -3.118768e-03
27  -2.763830e-02  -1.253039e-03
28  -1.161968e-02  -7.532575e-04
29  -3.101687e-02  -4.707607e-04
30  -1.944805e-02  -3.133780e-04
31  -7.188458e-03  -7.073592e-04
32  1.178940e-03  -6.419100e-04
33  2.092521e-04  -4.469731e-04
34  -1.163179e-02  8.742798e-04
35  -2.342178e-02  1.860691e-03
36  -3.051832e-02  2.852643e-03
37  -4.571752e-02  2.979442e-03
38  -1.453528e-01  2.473341e-03
39  -4.204494e-01  2.568672e-03
40  -8.205652e-01  -6.475842e-03
41  -9.547195e-01  -1.566593e-02
42  -8.386674e-01  -2.535466e-02
43  -1.318499e+00  -5.286389e-02
44  -1.074233e+00  -7.453633e-02
45  4.461781e-01  2.653515e-02
46  6.502884e+00  2.362279e-01
47  1.743995e+01  7.333557e-01
48  2.555281e+01  1.674860e+00
49  2.755512e+01  2.424666e+00
50  3.504518e+01  2.567462e+00
51  1.065988e+02  3.400871e+00
52  3.249944e+02  7.066869e+00
53  7.715072e+02  1.392055e+01
54  1.714250e+03  2.787179e+01
55  3.726945e+03  5.532688e+01
56  7.306389e+03  9.910561e+01
57  1.473987e+04  1.420487e+02
58  3.060430e+04  1.802808e+02
59  6.366754e+04  2.130933e+02
60  1.287356e+05  1.806486e+02
61  2.623615e+05  6.039993e+01
62  5.433847e+05  2.740154e+02
63  1.350056e+06  -3.171993e+02
ENDPROP
STARTPROP
MASSES:  4.500000e-02   4.500000e-02
SOURCE: GAM_15
SINKS: GAM_15
0  1.426609e+05  -2.050043e+02
1  -8.704420e+05  -1.009320e+02
2  -2.307019e+05  1.419395e+02
3  -8.084456e+04  1.725925e+02
4  -2.505176e+04  1.587855e+02
5  -7.484368e+03  1.032484e+02
6  -1.419750e+03  9.179938e+01
7  -4.405066e+02  7.083589e+01
8  -6.409479e+02  3.667853e+01
9  -6.288952e+02  3.158772e+01
10  -3.563110e+02  1.714353e+01
11  -1.875285e+02  6.847114e+00
12  -1.178092e+02  5.893803e-01
13  -8.194813e+01  -7.865174e-02
14  -3.534132e+01  9.854397e-02
15  -7.318392e+00  -3.092737e-01
16  3.938243e+00  -4.191526e-01
17  3.876274e+00  -3.221297e-01
18  3.107848e+00  -2.934937e-01
19  -3.511548e-01  -1.178530e-01
20  -7.005150e-01  -1.510904e-02
21  -1.044320e+00  4.322796e-02
22  -1.034080e+00  2.558683e-02
23  -9.631197e-01  1.557374e-02
24  -5.399169e-01  1.087860e-02
25  -1.245039e-01  9.422291e-03
26  1.764290e-02  7.900284e-03
27  4.161808e-02  5.454584e-03
28  1.768467e-02  4.453661e-03
29  9.218027e-03  3.579661e-03
30  1.341032e-02  2.490294e-03
31  6.740481e-03  1.561176e-03
32  4.186490e-03  1.128442e-03
33  1.094282e-02  2.019921e-03
34  8.616508e-03  1.705116e-03
35  7.450485e-03  1.459989e-03
36  2.530829e-02  -4.054699e-04
37  4.364548e-02  -2.115721e-03
38  5.707018e-02  -5.250355e-03
39  -7.042448e-03  -1.393813e-02
40  -1.447375e-03  -3.007232e-02
41  -5.231894e-02  -5.503417e-02
42  -1.687345e-01  -6.924978e-02
43  -3.609712e-01  -1.116053e-01
44  -7.299822e-01  -1.972479e-01
45  -9.513168e-01  -2.583625e-01
46  -4.137277e-01  -1.141372e-01
47  -2.916383e+00  1.171099e-01
48  -5.434737e+00  5.882980e-01
49  4.731249e+00  9.892578e-01
50  2.709311e+01  1.878273e+00
51  6.595072e+01  1.412979e+00
52  1.994597e+02  2.125750e-01
53  3.308320e+02  -2.350435e+00
54  2.297274e+02  -9.646248e+00
55  -1.206643e+01  5.524818e-01
56  -5.501473e+02  2.385980e+01
57  -1.808760e+03  7.232495e+01
58  -5.616575e+03  1.115607e+02
59  -1.437872e+04  1.426268e+02
60  -3.412232e+04  2.264697e+02
61  -9.002000e+04  2.114839e+02
62  -2.473326e+05  2.875817e+02
63  -8.828248e+05  4.745312e+02
ENDPROP
STARTPROP
MASSES:  4.500000e-02   4.500000e-02
SOURCE: GAM_25
SINKS: GAM_25
0  1.246055e+05  -6.331776e+01
1  -8.851449e+05  1.283982e+01
2  -2.401127e+05  2.049057e+02
3  -8.383757e+04  4.288565e+02
4  -2.590635e+04  3.004327e+02
5  -7.850842e+03  2.244667e+02
6  -2.402252e+03  1.178654e+02
7  -4.793587e+02  4.665187e+01
8  2.346099e+02  3.148967e+01
9  3.988300e+01  1.814026e+01
10  -3.079012e+00  1.829352e+01
11  -7.982490e+01  1.204498e+01
12  -5.025992e+01  6.877480e+00
13  -4.379363e+01  9.052704e-01
14  -1.585680e+01  -1.459814e+00
15  6.195009e+00  -1.151763e+00
16  5.568502e+00  -3.085175e-01
17  5.296727e+00  -1.008628e-01
18  5.470563e+00  -1.093015e-01
19  4.105776e+00  -1.780170e-01
20  1.376212e+00  -8.537466e-02
21  3.247109e-02  -2.440711e-02
22  -5.399614e-01  -2.659816e-02
23  -3.094337e-01  -8.928197e-03
24  -3.161483e-01  -9.591678e-04
25  -1.949516e-01  5.915790e-04
26  -1.223808e-01  3.641453e-03
27  -7.552981e-02  2.353260e-03
28  -3.645277e-02  2.207901e-03
29  -2.101557e-03  2.026683e-03
30  1.430221e-02  1.264592e-03
31  1.434351e-02  1.105607e-03
32  7.169861e-03  1.424185e-03
33  -4.379605e-03  9.796360e-04
34  -8.073347e-03  1.569401e-03
35  -1.737082e-03  3.594509e-03
36  1.751250e-02  4.368008e-03
37  4.821850e-02  3.136287e-03
38  8.594664e-02  -9.321708e-04
39  8.543245e-02  -6.202794e-04
40  -9.973636e-02  -6.058286e-03
41  -1.518793e-01  -1.491586e-02
42  1.057197e-01  -1.927193e-03
43  3.512633e-01  2.676372e-02
44  1.118602e-01  5.331028e-02
45  -4.385161e-01  -2.129318e-02
46  -1.548193e+00  -1.799233e-01
47  -6.949169e+00  -2.615156e-01
48  -1.543539e+01  -3.504949e-01
49  -1.110455e+01  -1.654866e-01
50  9.240347e+00  -6.766863e-01
51  5.087130e+01  -2.020273e+00
52  8.667158e+01  -7.851950e-01
53  1.973250e+02  4.111146e+00
54  3.281629e+02  -3.418026e-01
55  2.961871e+02  -3.766803e+00
56  2.063162e+02  -1.759521e+01
57  -7.793484e+02  -2.256343e+01
58  -4.709238e+03  8.477319e+00
59  -1.517367e+04  -2.903150e+01
60  -3.665209e+04  -7.956200e+01
61  -1.000913e+05  -1.108578e+02
62  -2.594359e+05  -1.564395e+02
63  -8.887460e+05  3.229928e+02
ENDPROP
STARTPROP
MASSES:  4.500000e-02   4.500000e-02
SOURCE: GAM_35
SINKS: GAM_35
0  1.063931e+05  -5.303562e+02
1  -8.991474e+05  -2.656236e+02
2  -2.504235e+05  -3.107407e+02
3  -9.015870e+04  -2.805870e+02
4  -3.023840e+04  -1.423819e+02
5  -1.072315e+04  -9.931727e+01
6  -4.368418e+03  -5.753166e+01
7  -1.563276e+03  -5.603252e+01
8  2.222056e+01  -3.860758e+01
9  6.076771e+02  -2.645598e+01
10  4.551064e+02  -1.706645e+01
11  2.671281e+02  -5.352063e+00
12  1.376255e+02  -5.527602e-01
13  3.923318e+01  -8.348412e-01
14  1.829597e+01  -5.909491e-01
15  9.110546e+00  -7.259050e-01
16  6.801773e+00  2.746584e-01
17  -6.389675e-01  3.248443e-01
18  2.599009e-01  1.788235e-01
19  1.219530e+00  -1.901580e-02
20  2.559413e-01  -3.669944e-02
21  1.048975e-02  -4.363856e-02
22  -1.730863e-01  -3.525940e-02
23  -3.663151e-01  -1.751668e-02
24  -2.642721e-01  -8.198860e-03
25  -2.199816e-01  -7.957590e-03
26  -1.579868e-01  -6.638496e-03
27  -1.072304e-01  -3.620834e-03
28  -4.826887e-02  -1.680900e-03
29  -1.719172e-02  -6.606231e-04
30  -5.700731e-03  -4.247318e-04
31  1.381789e-03  1.023620e-04
32  5.882942e-03  7.142948e-04
33  1.438826e-03  5.782491e-04
34  -1.621164e-02  -1.605228e-04
35  -2.993313e-02  -5.388337e-04
36  -3.540116e-02  9.651180e-04
37  -1.608366e-02  6.086449e-03
38  2.730065e-03  1.122490e-02
39  6.206124e-02  1.681530e-02
40  9.913889e-02  1.628205e-02
41  3.397594e-02  1.536314e-02
42  -6.352493e-02  2.989751e-02
43  -7.471503e-01  5.610654e-02
44  -2.100199e+00  1.813663e-01
45  -2.669010e+00  4.615121e-01
46  -2.203795e+00  7.455174e-01
47  1.548645e+00  9.813249e-01
48  4.947361e+00  9.307281e-01
49  3.814205e+00  4.574843e-01
50  1.531406e+01  -6.203360e-01
51  3.722525e+01  -5.039168e+00
52  1.603900e+01  -1.017411e+01
53  1.439505e+01  -1.940448e+01
54  4.713090e+01  -1.864181e+01
55  5.361879e+01  -2.743074e+01
56  5.001405e+02  -2.577361e+01
57  2.234762e+02  -2.968519e+01
58  -2.538894e+03  -9.885323e+01
59  -1.174191e+04  -1.740091e+02
60  -3.362668e+04  -2.467540e+02
61  -8.974798e+04  -1.942656e+02
62  -2.484023e+05  -2.822686e+02
63  -8.955997e+05  -4.279816e+02
ENDPROP
STARTPROP
MASSES:  4.500000e-02   4.500000e-02
SOURCE: GAM_45
SINKS: GAM_45
0  -1.015204e+06  -7.281615e+02
1  1.099192e+06  -7.126946e+02
2  5.261138e+05  -2.753631e+02
3  3.311165e+05  -1.810654e+02
4  2.025954e+05  -4.715417e+01
5  1.238657e+05  -2.403698e+01
6  7.601782e+04  2.332386e+01
7  4.588019e+04  2.744945e+01
8  2.852377e+04  2.564680e+01
9  1.760529e+04  3.569987e+01
10  1.081928e+04  2.976454e+01
11  6.582247e+03  1.976544e+01
12  4.030766e+03  9.841141e+00
13  2.463993e+03  6.105022e+00
14  1.528512e+03  3.317698e+00
15  9.446546e+02  5.880427e-01
16  5.916147e+02  4.177790e-02
17  3.627237e+02  2.643558e-01
18  2.219526e+02  2.595234e-01
19  1.365599e+02  1.723129e-01
20  8.413447e+01  1.507930e-01
21  5.105826e+01  7.519393e-02
22  3.187323e+01  6.632578e-02
23  1.947831e+01  4.905096e-02
24  1.163012e+01  3.343677e-02
25  7.147108e+00  3.624592e-02
26  4.313209e+00  2.442659e-02
27  2.667233e+00  1.055911e-02
28  1.647379e+00  5.673359e-03
29  1.047359e+00  4.780487e-03
30  6.995444e-01  4.089675e-03
31  5.212915e-01  4.267944e-03
32  4.571672e-01  5.046259e-03
33  5.209598e-01  6.778887e-03
34  6.890237e-01  9.170470e-03
35  1.040184e+00  1.225706e-02
36  1.639289e+00  1.636449e-02
37  2.613311e+00  2.122028e-02
38  4.222113e+00  2.610550e-02
39  6.909912e+00  3.011396e-02
40  1.124695e+01  3.530174e-02
41  1.846152e+01  6.349718e-02
42  3.011595e+01  9.001343e-02
43  4.896058e+01  1.704023e-01
44  8.009101e+01  3.213056e-01
45  1.323280e+02  5.785767e-01
46  2.130186e+02  1.044208e+00
47  3.544438e+02  1.856484e+00
48  5.875157e+02  3.042783e+00
49  9.636475e+02  5.009427e+00
50  1.550639e+03  6.858849e+00
51  2.511194e+03  1.124242e+01
52  4.048102e+03  1.171977e+01
53  6.505732e+03  1.775634e+01
54  1.051912e+04  2.805555e+01
55  1.707232e+04  3.868409e+01
56  2.814768e+04  3.991125e+01
57  4.606432e+04  6.605665e+01
58  7.499886e+04  1.355921e+02
59  1.241420e+05  1.197727e+02
60  2.009858e+05  4.299325e+00
61  3.251893e+05  -2.785402e+02
62  5.204654e+05  -3.083706e+02
63  1.090309e+06  -7.918897e+02
ENDPROP
STARTPROP
MASSES:  4.500000e-02   4.500000e-02
SOURCE: PSAX4
SINKS: GAM_4
0  6.562989e+03  6.150766e+01
1  1.686003e+06  -1.920156e+02
2  9.242319e+05  -1.194994e+02
3  5.707239e+05  -2.896000e+01
4  3.482028e+05  6.828938e+01
5  2.131130e+05  1.068027e+02
6  1.307400e+05  1.044883e+02
7  7.972676e+04  7.649991e+01
8  4.962135e+04  5.845466e+01
9  3.063294e+04  5.261136e+01
10  1.872188e+04  4.272843e+01
11  1.140050e+04  2.823479e+01
12  6.917203e+03  1.489739e+01
13  4.197794e+03  9.898003e+00
14  2.562119e+03  5.212736e+00
15  1.560816e+03  1.230019e+00
16  9.653921e+02  5.900896e-01
17  5.856717e+02  5.949935e-01
18  3.584197e+02  4.075149e-01
19  2.199800e+02  3.368258e-01
20  1.349643e+02  2.375300e-01
21  8.198699e+01  1.614893e-01
22  5.097109e+01  1.443742e-01
23  3.111363e+01  1.118695e-01
24  1.859188e+01  7.314806e-02
25  1.137792e+01  6.829979e-02
26  6.862373e+00  4.299331e-02
27  4.204768e+00  2.027617e-02
28  2.537847e+00  1.148250e-02
29  1.509180e+00  7.958450e-03
30  8.490170e-01  4.587812e-03
31  3.837211e-01  2.631652e-03
32  3.039059e-03  -5.880671e-04
33  -3.845161e-01  -4.822725e-03
34  -8.487578e-01  -9.547361e-03
35  -1.536737e+00  -1.575303e-02
36  -2.593158e+00  -2.455267e-02
37  -4.214238e+00  -3.383676e-02
38  -6.869251e+00  -4.622970e-02
39  -1.123922e+01  -5.972642e-02
40  -1.824473e+01  -7.171564e-02
41  -2.995165e+01  -1.319041e-01
42  -4.888401e+01  -1.967436e-01
43  -7.986236e+01  -3.499646e-01
44  -1.306401e+02  -5.906829e-01
45  -2.159943e+02  -9.538662e-01
46  -3.504824e+02  -1.607005e+00
47  -5.843024e+02  -2.661843e+00
48  -9.702516e+02  -4.057210e+00
49  -1.593793e+03  -6.529764e+00
50  -2.577832e+03  -8.764196e+00
51  -4.203278e+03  -1.298057e+01
52  -6.828784e+03  -1.255313e+01
53  -1.107537e+04  -1.656802e+01
54  -1.793143e+04  -2.657127e+01
55  -2.908266e+04  -3.129685e+01
56  -4.783733e+04  -2.086734e+01
57  -7.799854e+04  -5.864589e+01
58  -1.274569e+05  -8.439132e+01
59  -2.115073e+05  -3.624631e+01
60  -3.425502e+05  7.206071e+01
61  -5.589741e+05  4.213082e+02
62  -9.124464e+05  2.723486e+02
63  -1.669250e+06  2.279380e+02
ENDPROP
STARTPROP
MASSES:  4.500000e-02   4.500000e-02
SOURCE: WWPSAX4
SINKS: GAM_4
0  1.329150e+08  5.183159e+06
1  1.809927e+09  8.776334e+05
2  7.368819e+08  -6.018557e+05
3  2.906637e+08  5.234722e+05
4  1.599843e+08  6.577162e+05
5  1.516258e+08  -6.768635e+05
6  4.488165e+07  -1.372684e+05
7  3.098246e+07  8.194363e+04
8  2.195136e+07  -2.940378e+05
9  1.281782e+07  -1.082866e+05
10  9.883961e+06  2.957007e+01
11  5.982399e+06  3.262486e+04
12  3.416249e+06  3.696389e+04
13  1.874598e+06  3.668210e+04
14  1.802145e+06  -3.224992e+03
15  9.872976e+05  3.105311e+03
16  5.762641e+05  4.977931e+02
17  2.993957e+05  4.389919e+03
18  1.623750e+05  1.910542e+03
19  8.397039e+04  1.010900e+03
20  5.213973e+04  1.591254e+01
21  4.662962e+04  3.609955e+02
22  2.363685e+04  2.754094e+02
23  1.539314e+04  1.287806e+02
24  1.003607e+04  -2.176565e+00
25  6.069688e+03  1.809401e+02
26  3.232456e+03  -3.174740e+01
27  1.439054e+03  4.669716e+00
28  9.127941e+02  -8.435023e-01
29  7.015700e+02  -1.035265e+00
30  5.534207e+02  1.753493e+00
31  1.670512e+02  -2.463570e+00
32  1.893955e+01  3.443846e+00
33  -2.609869e+02  -8.312128e+00
34  -3.840593e+02  8.717441e-01
35  -6.967372e+02  -2.460993e+01
36  -1.031910e+03  -1.725891e+01
37  -1.923185e+03  -4.303610e+01
38  -2.727095e+03  -2.999008e+01
39  -4.018302e+03  -7.576000e+01
40  -7.465956e+03  -1.059150e+02
41  -1.637429e+04  -9.298688e+01
42  -3.312122e+04  -2.876550e+02
43  -4.286154e+04  -2.665027e+02
44  -7.541056e+04  -1.779707e+03
45  -1.040154e+05  7.001614e+02
46  -1.748465e+05  -3.048556e+03
47  -2.917908e+05  9.551120e+02
48  -4.564568e+05  1.197249e+01
49  -8.635533e+05  -1.747220e+03
50  -1.048737e+06  -7.685961e+03
51  -2.299366e+06  2.169082e+04
52  -3.618979e+06  2.173104e+03
53  -4.885020e+06  1.599432e+04
54  -1.068447e+07  -2.932405e+04
55  -1.448719e+07  7.479638e+04
56  -2.350605e+07  2.190099e+05
57  -4.033665e+07  -1.142352e+05
58  -5.851110e+07  2.518253e+05
59  -1.786948e+08  5.891125e+05
60  -1.569889e+08  1.252663e+06
61  -2.881963e+08  1.218457e+06
62  -1.045694e+09  -5.347338e+04
63  -1.746316e+09  -6.323472e+05
ENDPROP
STARTPROP
MASSES:  4.500000e-02   4.500000e-02
SOURCE: WWGAM_5
SINKS: GAM_5
0  2.067610e+10  7.485569e-01
1  2.374919e+09  1.642082e+06
2  1.045285e+09  1.022962e+06
3  4.647561e+08  1.234969e+06
4  2.869634e+08  4.780845e+05
5  2.050143e+08  -1.097640e+06
6  8.782140e+07  -8.881658e+04
7  5.981004e+07  3.313045e+05
8  4.698448e+07  -1.409048e+05
9  2.134051e+07  -7.685289e+04
10  1.658865e+07  4.893236e+04
11  1.032084e+07  3.235732e+04
12  5.801714e+06  4.744090e+04
13  3.242236e+06  4.469156e+04
14  2.648050e+06  1.973030e+03
15  1.470707e+06  5.339252e+03
16  8.527731e+05  9.643922e+02
17  5.108194e+05  1.031330e+03
18  2.893008e+05  2.562134e+03
19  1.552010e+05  -3.482676e+02
20  8.667416e+04  4.454137e+02
21  7.482887e+04  4.949996e+02
22  4.107490e+04  1.839662e+02
23  2.504104e+04  3.009059e+02
24  1.522993e+04  -1.559795e+01
25  1.036277e+04  1.382105e+02
26  5.206094e+03  1.315214e+01
27  2.690616e+03  2.936489e+00
28  1.905195e+03  4.081280e+00
29  1.313654e+03  6.525568e+00
30  9.861823e+02  -1.484398e+00
31  6.959602e+02  3.404862e+00
32  5.867386e+02  2.594061e+00
33  7.942461e+02  1.748944e+01
34  8.614997e+02  -2.761977e-01
35  1.369173e+03  3.285133e+01
36  2.240675e+03  3.796095e+01
37  3.520504e+03  8.027856e+01
38  5.109862e+03  5.337146e+01
39  7.657870e+03  8.239244e+01
40  1.310843e+04  2.351763e+02
41  2.672895e+04  1.124456e+02
42  5.312279e+04  2.320393e+02
43  6.927930e+04  3.308256e+02
44  1.068629e+05  1.507774e+03
45  1.751304e+05  -2.564246e+02
46  2.960830e+05  3.286532e+03
47  5.189032e+05  1.723861e+03
48  8.012518e+05  2.362747e+02
49  1.348679e+06  -1.280675e+03
50  1.946220e+06  2.309439e+04
51  3.697390e+06  -2.662792e+04
52  5.535398e+06  8.470252e+03
53  8.010287e+06  -4.368010e+04
54  1.577940e+07  5.335250e+04
55  2.457801e+07  3.191390e+04
56  4.338848e+07  -5.987741e+04
57  6.686932e+07  2.977746e+05
58  9.906067e+07  7.363617e+04
59  2.564069e+08  -6.221925e+05
60  2.818780e+08  -1.157647e+06
61  5.207167e+08  -6.663038e+05
62  1.367528e+09  -3.743181e+05
63  2.355096e+09  -1.599203e+06
ENDPROP
