STARTPROP
MASSES:  4.500000e-02   4.500000e-02
SOURCE: GAM_1
SINKS: GAM_1
0  1.307275e+06  3.054642e-13
1  1.928016e+06  4.073349e-13
2  8.503672e+05  -7.379422e-14
3  4.204035e+05  -1.246918e-13
4  2.035137e+05  1.797041e-14
5  9.896773e+04  1.130481e-13
6  4.744570e+04  -7.244919e-14
7  2.259443e+04  -5.467882e-15
8  1.096870e+04  -1.478821e-14
9  5.099560e+03  6.544693e-15
10  2.031889e+03  -4.984927e-15
11  7.270919e+02  3.070749e-17
12  2.105125e+02  -1.077943e-15
13  3.894064e+01  -2.774202e-16
14  -4.215910e+00  2.995550e-16
15  -8.379750e+00  -5.669753e-17
16  -1.283114e+01  2.122768e-17
17  -1.527103e+01  3.426805e-17
18  -1.296403e+01  1.986570e-18
19  -7.770197e+00  4.009145e-17
20  -3.724460e+00  -6.055453e-17
21  -2.320132e+00  -1.642377e-18
22  -1.303311e+00  3.890990e-18
23  -5.799657e-01  -1.012077e-17
24  -2.583375e-01  2.092448e-18
25  -6.757619e-02  -8.033198e-19
26  2.059896e-02  2.392647e-18
27  6.942990e-02  7.451119e-20
28  6.354034e-02  3.995594e-19
29  4.247985e-02  5.437110e-19
30  1.670778e-02  -3.204283e-19
31  1.252054e-02  -1.223747e-19
32  1.721764e-02  2.217050e-19
33  1.565044e-02  1.066804e-20
34  3.401434e-02  -6.927255e-20
35  6.219244e-02  -7.500357e-20
36  1.032405e-01  4.368629e-19
37  1.744787e-01  7.441813e-20
38  2.289535e-01  4.975837e-19
39  4.049608e-01  1.115211e-18
40  6.135817e-01  -5.411153e-18
41  8.794047e-01  -7.923043e-18
42  7.427131e-01  -2.048401e-17
43  2.774613e+00  1.147504e-17
44  7.432727e+00  -9.002671e-17
45  1.045091e+01  8.736612e-18
46  1.613550e+01  2.509888e-17
47  2.710986e+01  5.903660e-17
48  4.272766e+01  1.737409e-17
49  7.718450e+01  3.944423e-16
50  1.150576e+02  -3.159105e-17
51  1.989886e+02  9.835507e-16
52  4.363754e+02  1.141385e-15
53  1.041458e+03  -2.115131e-15
54  2.326117e+03  3.934515e-15
55  4.869840e+03  -8.247681e-15
56  1.026095e+04  -2.733782e-16
57  2.201788e+04  -2.403814e-14
58  4.713746e+04  -8.501900e-15
59  9.916308e+04  8.237063e-15
60  2.049279e+05  1.517161e-13
61  4.148957e+05  2.902057e-13
62  8.517750e+05  -2.327683e-13
63  1.954236e+06  3.105941e-13
ENDPROP
STARTPROP
MASSES:  4.500000e-02   4.500000e-02
SOURCE: GAM_2
SINKS: GAM_2
0  1.311252e+06  1.404296e-13
1  1.922402e+06  -1.398247e-13
2  8.309133e+05  -2.147821e-13
3  4.062048e+05  -1.304823e-13
4  1.939168e+05  1.789408e-14
5  9.103287e+04  -6.175737e-14
6  4.266340e+04  -7.067026e-15
7  2.048805e+04  3.144335e-14
8  9.857234e+03  -2.111453e-14
9  4.710840e+03  3.896529e-15
10  2.249068e+03  -5.003682e-16
11  9.988128e+02  5.674549e-15
12  3.612356e+02  2.920011e-16
13  1.767099e+02  -1.437178e-15
14  1.387014e+02  -7.313272e-17
15  1.126366e+02  -4.286717e-17
16  8.231950e+01  4.050615e-17
17  4.386224e+01  5.214384e-17
18  2.316204e+01  1.561127e-16
19  1.203201e+01  8.213647e-17
20  7.982862e+00  -2.613535e-17
21  4.679640e+00  1.023006e-17
22  2.137604e+00  -3.220487e-18
23  1.026067e+00  3.890426e-18
24  5.271065e-01  3.820239e-19
25  2.132712e-01  -3.622854e-18
26  7.882310e-02  -3.273745e-19
27  2.011719e-02  9.429450e-19
28  1.958566e-02  3.373421e-19
29  7.442815e-03  -8.942624e-20
30  8.677667e-03  9.398915e-20
31  8.162634e-03  2.067571e-19
32  9.667620e-03  -2.581325e-19
33  1.111040e-02  -1.315872e-19
34  1.104558e-02  1.812573e-19
35  2.154405e-02  -2.636868e-19
36  3.524579e-02  8.533102e-20
37  -2.998191e-04  4.913172e-19
38  -7.182828e-02  -1.261664e-18
39  -2.030144e-01  -5.562479e-18
40  -2.407638e-01  1.229373e-18
41  -9.174411e-01  -1.124765e-17
42  -1.820449e+00  -7.350554e-18
43  -1.743991e+00  8.504072e-18
44  -1.543947e+00  8.642042e-18
45  2.296161e-01  -4.468787e-17
46  2.392762e+00  -7.317219e-17
47  -1.203558e+00  -1.761489e-16
48  -6.684233e-01  8.548909e-17
49  2.226098e+01  5.478027e-16
50  9.440111e+01  -4.895106e-16
51  2.283571e+02  6.878346e-16
52  5.368735e+02  -1.002923e-15
53  1.122770e+03  3.467399e-15
54  2.275247e+03  5.204766e-15
55  4.646389e+03  1.017152e-15
56  9.970660e+03  -6.531176e-15
57  2.158197e+04  2.159159e-14
58  4.515762e+04  1.555593e-15
59  9.343933e+04  1.469110e-14
60  2.017302e+05  -2.123277e-13
61  4.227261e+05  -7.577497e-14
62  8.583332e+05  2.979426e-13
63  1.945123e+06  -4.855469e-13
ENDPROP
STARTPROP
MASSES:  4.500000e-02   4.500000e-02
SOURCE: GAM_3
SINKS: GAM_3
0  1.337860e+06  -4.581304e-13
1  1.944325e+06  7.430551e-13
2  8.560616e+05  1.655269e-13
3  4.257668e+05  5.959724e-14
4  2.075791e+05  6.057940e-14
5  9.749899e+04  4.491906e-14
6  4.553133e+04  2.917415e-14
7  2.083906e+04  -3.417795e-14
8  1.001578e+04  -5.072381e-15
9  4.488367e+03  1.752008e-15
10  2.032746e+03  1.510420e-15
11  9.641487e+02  1.730996e-15
12  4.511272e+02  -4.309375e-15
13  1.836830e+02  -1.009125e-16
14  6.337428e+01  -1.697689e-16
15  2.473430e+01  3.980619e-16
16  2.648151e+01  -7.177056e-18
17  2.275271e+01  3.893272e-17
18  1.558606e+01  8.563080e-18
19  7.157253e+00  -9.708893e-18
20  2.849228e+00  2.454960e-17
21  1.169772e+00  1.339001e-17
22  6.723160e-01  -1.116210e-17
23  3.346863e-01  -4.594198e-18
24  7.511893e-04  -1.112329e-18
25  -9.126893e-02  -1.254251e-18
26  -2.850869e-02  1.992480e-19
27  -1.519841e-02  1.616000e-18
28  -4.227025e-03  -1.752419e-19
29  -2.262285e-02  9.741047e-19
30  -1.742992e-02  -1.593008e-19
31  -1.576689e-02  -1.445490e-19
32  -1.000214e-02  4.005105e-21
33  3.793854e-03  4.251814e-20
34  1.144079e-02  -3.972805e-19
35  7.933978e-03  1.500077e-20
36  1.318098e-02  -7.781212e-19
37  4.771927e-02  -3.437593e-19
38  9.359960e-02  -2.749352e-19
39  1.196328e-01  -5.633026e-19
40  -1.009763e-01  2.930936e-18
41  -5.493652e-01  -7.347041e-18
42  -1.101152e+00  -1.857233e-17
43  -1.563378e+00  7.501496e-18
44  -2.676239e+00  6.650295e-17
45  -2.181037e+00  4.046646e-17
46  -1.785397e+00  -6.738606e-17
47  1.059451e-01  7.320270e-18
48  1.115876e+01  4.206428e-16
49  5.367209e+01  3.121300e-16
50  1.605321e+02  -3.754272e-16
51  3.053150e+02  2.190882e-17
52  6.702722e+02  -6.704694e-16
53  1.398262e+03  -1.380015e-15
54  2.871657e+03  -3.255203e-15
55  5.690998e+03  1.294195e-14
56  1.083930e+04  -6.158844e-15
57  2.168165e+04  -7.940182e-15
58  4.538029e+04  3.553344e-14
59  9.416746e+04  -5.957055e-14
60  1.986892e+05  1.831271e-13
61  4.173215e+05  5.053033e-14
62  8.569634e+05  5.948200e-13
63  1.948786e+06  -2.456542e-13
ENDPROP
STARTPROP
MASSES:  4.500000e-02   4.500000e-02
SOURCE: GAM_4
SINKS: GAM_4
0  2.132554e+06  -8.524811e-14
1  -2.674100e+05  -1.661343e-13
2  -2.648880e+03  -9.468164e-14
3  -9.050194e+02  -2.538708e-13
4  5.336199e+02  4.569808e-14
5  7.407334e+01  4.781865e-14
6  -6.048480e+01  2.936497e-14
7  1.019582e+02  -2.444236e-14
8  1.231508e+02  9.258595e-16
9  4.469958e+00  3.614884e-15
10  2.864498e+01  -6.552249e-15
11  8.693366e+00  -7.224937e-17
12  9.671271e+00  1.181541e-16
13  -2.114276e+01  5.442653e-17
14  6.851443e+00  -1.612937e-15
15  2.821151e+00  2.352422e-17
16  -2.894965e+00  -2.489304e-16
17  1.541642e+00  -1.187933e-16
18  1.575394e+00  1.163463e-16
19  3.188532e-01  1.327704e-17
20  1.014340e-01  1.787710e-17
21  -2.589641e-02  -3.147288e-17
22  4.607043e-02  4.758309e-18
23  -2.445813e-02  8.613587e-18
24  -2.098031e-03  -5.858043e-18
25  -8.799242e-03  9.356204e-19
26  -1.046641e-02  -5.742255e-19
27  2.252323e-03  7.314066e-19
28  8.412020e-03  -1.231229e-19
29  9.444248e-03  5.638094e-20
30  8.431299e-03  1.671991e-20
31  7.307557e-03  -3.745019e-19
32  8.888699e-03  -4.343245e-19
33  1.270066e-02  -1.622918e-19
34  5.730255e-03  6.836927e-20
35  7.327724e-03  -2.865761e-19
36  7.010949e-03  -7.043764e-19
37  1.122464e-02  7.463324e-19
38  2.153682e-02  2.837858e-18
39  6.224652e-04  9.174956e-18
40  5.578781e-02  2.239916e-18
41  6.839825e-02  -9.532175e-18
42  1.966600e-02  -1.833368e-17
43  1.287434e-02  8.014798e-18
44  -1.309114e-01  7.962180e-17
45  -2.115625e-01  -1.413034e-16
46  -8.126742e-01  -2.952125e-16
47  7.772244e-01  -5.717261e-18
48  5.134404e-01  -2.355299e-16
49  3.952698e+00  -5.393109e-16
50  -4.898424e-01  -4.553465e-16
51  -6.304361e+00  6.181116e-16
52  -2.137235e+00  4.015898e-16
53  5.675055e+00  -2.496580e-15
54  -3.376078e+01  -6.455334e-15
55  -1.117177e+01  2.979106e-15
56  1.680786e+01  3.222343e-14
57  -1.999005e+02  1.268481e-14
58  -1.542153e+02  -4.815796e-15
59  -1.188809e+01  2.483675e-14
60  -6.589344e+02  1.276464e-13
61  -9.615090e+02  -2.215676e-15
62  -4.484323e+03  -4.939306e-13
63  -2.723635e+05  -4.361685e-13
ENDPROP
STARTPROP
MASSES:  4.500000e-02   4.500000e-02
SOURCE: GAM_5
SINKS: GAM_5
0  5.435673e+06  0.000000e+00
1  5.301578e+06  0.000000e+00
2  3.330384e+06  0.000000e+00
3  2.113866e+06  0.000000e+00
4  1.302982e+06  0.000000e+00
5  8.002377e+05  0.000000e+00
6  4.925766e+05  0.000000e+00
7  2.948374e+05  0.000000e+00
8  1.765812e+05  0.000000e+00
9  1.069178e+05  0.000000e+00
10  6.493449e+04  0.000000e+00
11  3.955182e+04  0.000000e+00
12  2.413205e+04  0.000000e+00
13  1.478376e+04  0.000000e+00
14  8.934172e+03  0.000000e+00
15  5.398738e+03  0.000000e+00
16  3.294549e+03  0.000000e+00
17  2.017351e+03  0.000000e+00
18  1.223577e+03  0.000000e+00
19  7.342979e+02  0.000000e+00
20  4.442786e+02  0.000000e+00
21  2.717935e+02  0.000000e+00
22  1.654745e+02  0.000000e+00
23  9.989646e+01  0.000000e+00
24  6.086594e+01  0.000000e+00
25  3.719877e+01  0.000000e+00
26  2.238128e+01  0.000000e+00
27  1.361908e+01  0.000000e+00
28  8.590094e+00  0.000000e+00
29  5.476987e+00  0.000000e+00
30  3.622853e+00  0.000000e+00
31  2.697379e+00  0.000000e+00
32  2.426788e+00  0.000000e+00
33  2.713619e+00  0.000000e+00
34  3.669316e+00  0.000000e+00
35  5.506688e+00  0.000000e+00
36  8.618763e+00  0.000000e+00
37  1.342385e+01  0.000000e+00
38  2.190126e+01  0.000000e+00
39  3.646288e+01  0.000000e+00
40  6.110942e+01  0.000000e+00
41  1.020485e+02  0.000000e+00
42  1.693852e+02  0.000000e+00
43  2.816148e+02  0.000000e+00
44  4.672584e+02  0.000000e+00
45  7.605154e+02  0.000000e+00
46  1.237675e+03  0.000000e+00
47  1.995346e+03  0.000000e+00
48  3.230616e+03  0.000000e+00
49  5.353287e+03  0.000000e+00
50  8.770793e+03  0.000000e+00
51  1.461230e+04  0.000000e+00
52  2.437349e+04  0.000000e+00
53  4.011551e+04  0.000000e+00
54  6.624632e+04  0.000000e+00
55  1.104768e+05  0.000000e+00
56  1.801102e+05  0.000000e+00
57  2.928542e+05  0.000000e+00
58  4.769980e+05  0.000000e+00
59  7.806127e+05  0.000000e+00
60  1.280184e+06  0.000000e+00
61  2.058130e+06  0.000000e+00
62  3.291830e+06  0.000000e+00
63  5.292900e+06  0.000000e+00
ENDPROP
STARTPROP
MASSES:  4.500000e-02   4.500000e-02
SOURCE: GAM_12
SINKS: GAM_12
0  9.519044e+05  0.000000e+00
1  -5.986591e+05  0.000000e+00
2  -1.221775e+05  0.000000e+00
3  -3.997477e+04  0.000000e+00
4  -1.095970e+04  0.000000e+00
5  -5.304509e+03  0.000000e+00
6  -2.120273e+03  0.000000e+00
7  -4.524403e+02  0.000000e+00
8  -5.570423e+01  0.000000e+00
9  -1.100827e+02  0.000000e+00
10  -6.335232e+01  0.000000e+00
11  -7.013370e+01  0.000000e+00
12  -5.033292e+01  0.000000e+00
13  3.391504e+00  0.000000e+00
14  1.283669e+01  0.000000e+00
15  8.616042e+00  0.000000e+00
16  7.632924e+00  0.000000e+00
17  3.370916e+00  0.000000e+00
18  1.455695e+00  0.000000e+00
19  3.049133e-01  0.000000e+00
20  -4.422014e-01  0.000000e+00
21  -3.510244e-01  0.000000e+00
22  1.542771e-01  0.000000e+00
23  1.685207e-01  0.000000e+00
24  6.434884e-02  0.000000e+00
25  2.873040e-02  0.000000e+00
26  -2.352104e-02  0.000000e+00
27  -5.595975e-03  0.000000e+00
28  1.824328e-03  0.000000e+00
29  2.525335e-03  0.000000e+00
30  1.077227e-03  0.000000e+00
31  5.380845e-03  0.000000e+00
32  1.014202e-02  0.000000e+00
33  9.900423e-03  0.000000e+00
34  1.735467e-02  0.000000e+00
35  3.226720e-02  0.000000e+00
36  4.324500e-02  0.000000e+00
37  8.340295e-02  0.000000e+00
38  1.353330e-01  0.000000e+00
39  2.025359e-01  0.000000e+00
40  2.517696e-01  0.000000e+00
41  3.470002e-02  0.000000e+00
42  1.133097e-01  0.000000e+00
43  -2.376908e-01  0.000000e+00
44  -8.093617e-01  0.000000e+00
45  3.296188e-01  0.000000e+00
46  1.056861e+00  0.000000e+00
47  4.580352e+00  0.000000e+00
48  6.895957e+00  0.000000e+00
49  2.090751e+00  0.000000e+00
50  1.751058e+01  0.000000e+00
51  4.181849e+00  0.000000e+00
52  -7.032478e+01  0.000000e+00
53  -1.442866e+02  0.000000e+00
54  -3.486454e+02  0.000000e+00
55  -5.725135e+02  0.000000e+00
56  -8.025072e+02  0.000000e+00
57  -1.159738e+03  0.000000e+00
58  -1.658657e+03  0.000000e+00
59  -3.729027e+03  0.000000e+00
60  -1.167783e+04  0.000000e+00
61  -4.408684e+04  0.000000e+00
62  -1.358791e+05  0.000000e+00
63  -6.159737e+05  0.000000e+00
ENDPROP
STARTPROP
MASSES:  4.500000e-02   4.500000e-02
SOURCE: GAM_21
SINKS: GAM_21
0  9.519044e+05  0.000000e+00
1  -5.986591e+05  0.000000e+00
2  -1.221775e+05  0.000000e+00
3  -3.997477e+04  0.000000e+00
4  -1.095970e+04  0.000000e+00
5  -5.304509e+03  0.000000e+00
6  -2.120273e+03  0.000000e+00
7  -4.524403e+02  0.000000e+00
8  -5.570423e+01  0.000000e+00
9  -1.100827e+02  0.000000e+00
10  -6.335232e+01  0.000000e+00
11  -7.013370e+01  0.000000e+00
12  -5.033292e+01  0.000000e+00
13  3.391504e+00  0.000000e+00
14  1.283669e+01  0.000000e+00
15  8.616042e+00  0.000000e+00
16  7.632924e+00  0.000000e+00
17  3.370916e+00  0.000000e+00
18  1.455695e+00  0.000000e+00
19  3.049133e-01  0.000000e+00
20  -4.422014e-01  0.000000e+00
21  -3.510244e-01  0.000000e+00
22  1.542771e-01  0.000000e+00
23  1.685207e-01  0.000000e+00
24  6.434884e-02  0.000000e+00
25  2.873040e-02  0.000000e+00
26  -2.352104e-02  0.000000e+00
27  -5.595975e-03  0.000000e+00
28  1.824328e-03  0.000000e+00
29  2.525335e-03  0.000000e+00
30  1.077227e-03  0.000000e+00
31  5.380845e-03  0.000000e+00
32  1.014202e-02  0.000000e+00
33  9.900423e-03  0.000000e+00
34  1.735467e-02  0.000000e+00
35  3.226720e-02  0.000000e+00
36  4.324500e-02  0.000000e+00
37  8.340295e-02  0.000000e+00
38  1.353330e-01  0.000000e+00
39  2.025359e-01  0.000000e+00
40  2.517696e-01  0.000000e+00
41  3.470002e-02  0.000000e+00
42  1.133097e-01  0.000000e+00
43  -2.376908e-01  0.000000e+00
44  -8.093617e-01  0.000000e+00
45  3.296188e-01  0.000000e+00
46  1.056861e+00  0.000000e+00
47  4.580352e+00  0.000000e+00
48  6.895957e+00  0.000000e+00
49  2.090751e+00  0.000000e+00
50  1.751058e+01  0.000000e+00
51  4.181849e+00  0.000000e+00
52  -7.032478e+01  0.000000e+00
53  -1.442866e+02  0.000000e+00
54  -3.486454e+02  0.000000e+00
55  -5.725135e+02  0.000000e+00
56  -8.025072e+02  0.000000e+00
57  -1.159738e+03  0.000000e+00
58  -1.658657e+03  0.000000e+00
59  -3.729027e+03  0.000000e+00
60  -1.167783e+04  0.000000e+00
61  -4.408684e+04  0.000000e+00
62  -1.358791e+05  0.000000e+00
63  -6.159737e+05  0.000000e+00
ENDPROP
STARTPROP
MASSES:  4.500000e-02   4.500000e-02
SOURCE: GAM_13
SINKS: GAM_13
0  9.027175e+05  3.374098e-13
1  -6.201726e+05  1.766095e-13
2  -1.366247e+05  -8.430104e-14
3  -5.050939e+04  -5.298146e-14
4  -1.674731e+04  -7.511895e-15
5  -4.707975e+03  -5.782653e-14
6  -1.296002e+03  -3.783111e-14
7  -2.352706e+01  4.755278e-14
8  2.777698e+02  8.955490e-15
9  2.132156e+02  4.119506e-15
10  1.841593e+02  -1.397833e-15
11  9.722048e+01  -9.868074e-16
12  6.483889e+01  -1.328952e-15
13  3.365050e+01  1.985721e-16
14  2.413815e+01  3.012331e-16
15  1.076067e+01  -6.992892e-17
16  1.025308e+01  -1.416360e-16
17  1.596089e+01  3.964337e-17
18  1.041120e+01  -3.685443e-17
19  4.824573e+00  1.753762e-17
20  2.266257e+00  1.142953e-17
21  4.907007e-01  1.863461e-17
22  1.896624e-01  -3.269460e-18
23  -7.559091e-02  1.817891e-18
24  -1.951088e-01  1.376295e-18
25  -1.146984e-01  2.973365e-18
26  -2.202389e-02  8.285982e-20
27  -2.380546e-03  2.233131e-19
28  -1.725822e-03  -2.008904e-19
29  -3.501593e-03  -2.078503e-19
30  -2.838820e-03  1.998903e-19
31  9.746168e-04  2.157796e-19
32  3.352150e-03  1.358453e-20
33  8.807253e-03  4.748355e-20
34  8.929775e-03  1.097056e-19
35  1.922868e-02  1.824540e-19
36  1.934396e-02  -3.246385e-19
37  -2.787427e-02  -4.981787e-19
38  -7.903830e-02  -1.124347e-19
39  -1.367258e-01  -1.012121e-18
40  -2.164293e-01  3.471742e-18
41  -1.950211e-01  1.271823e-18
42  -2.719611e-01  -6.017989e-18
43  1.855672e-01  8.437401e-18
44  4.812382e-01  -1.300526e-17
45  1.399807e+00  -8.801713e-17
46  1.938242e+00  5.864943e-17
47  -8.238516e-01  1.636674e-17
48  -5.905548e+00  1.271148e-16
49  -1.419970e+01  -9.196025e-17
50  -1.149291e+01  -2.062663e-17
51  -2.360400e+01  4.546493e-16
52  -5.858471e+01  4.197476e-16
53  -7.140704e+01  1.977253e-15
54  -1.531438e+02  1.051935e-15
55  -4.392398e+02  -3.847201e-15
56  -1.102152e+03  4.545868e-15
57  -1.784498e+03  4.758414e-15
58  -3.024718e+03  4.098345e-15
59  -6.426359e+03  4.382268e-14
60  -1.661114e+04  -3.356089e-14
61  -5.161694e+04  1.377555e-14
62  -1.398827e+05  -2.797961e-13
63  -6.303438e+05  -2.960617e-13
ENDPROP
STARTPROP
MASSES:  4.500000e-02   4.500000e-02
SOURCE: GAM_31
SINKS: GAM_31
0  9.027175e+05  3.374098e-13
1  -6.201726e+05  1.766095e-13
2  -1.366247e+05  -8.430104e-14
3  -5.050939e+04  -5.298146e-14
4  -1.674731e+04  -7.511895e-15
5  -4.707975e+03  -5.782653e-14
6  -1.296002e+03  -3.783111e-14
7  -2.352706e+01  4.755278e-14
8  2.777698e+02  8.955490e-15
9  2.132156e+02  4.119506e-15
10  1.841593e+02  -1.397833e-15
11  9.722048e+01  -9.868074e-16
12  6.483889e+01  -1.328952e-15
13  3.365050e+01  1.985721e-16
14  2.413815e+01  3.012331e-16
15  1.076067e+01  -6.992892e-17
16  1.025308e+01  -1.416360e-16
17  1.596089e+01  3.964337e-17
18  1.041120e+01  -3.685443e-17
19  4.824573e+00  1.753762e-17
20  2.266257e+00  1.142953e-17
21  4.907007e-01  1.863461e-17
22  1.896624e-01  -3.269460e-18
23  -7.559091e-02  1.817891e-18
24  -1.951088e-01  1.376295e-18
25  -1.146984e-01  2.973365e-18
26  -2.202389e-02  8.285982e-20
27  -2.380546e-03  2.233131e-19
28  -1.725822e-03  -2.008904e-19
29  -3.501593e-03  -2.078503e-19
30  -2.838820e-03  1.998903e-19
31  9.746168e-04  2.157796e-19
32  3.352150e-03  1.358453e-20
33  8.807253e-03  4.748355e-20
34  8.929775e-03  1.097056e-19
35  1.922868e-02  1.824540e-19
36  1.934396e-02  -3.246385e-19
37  -2.787427e-02  -4.981787e-19
38  -7.903830e-02  -1.124347e-19
39  -1.367258e-01  -1.012121e-18
40  -2.164293e-01  3.471742e-18
41  -1.950211e-01  1.271823e-18
42  -2.719611e-01  -6.017989e-18
43  1.855672e-01  8.437401e-18
44  4.812382e-01  -1.300526e-17
45  1.399807e+00  -8.801713e-17
46  1.938242e+00  5.864943e-17
47  -8.238516e-01  1.636674e-17
48  -5.905548e+00  1.271148e-16
49  -1.419970e+01  -9.196025e-17
50  -1.149291e+01  -2.062663e-17
51  -2.360400e+01  4.546493e-16
52  -5.858471e+01  4.197476e-16
53  -7.140704e+01  1.977253e-15
54  -1.531438e+02  1.051935e-15
55  -4.392398e+02  -3.847201e-15
56  -1.102152e+03  4.545868e-15
57  -1.784498e+03  4.758414e-15
58  -3.024718e+03  4.098345e-15
59  -6.426359e+03  4.382268e-14
60  -1.661114e+04  -3.356089e-14
61  -5.161694e+04  1.377555e-14
62  -1.398827e+05  -2.797961e-13
63  -6.303438e+05  -2.960617e-13
ENDPROP
STARTPROP
MASSES:  4.500000e-02   4.500000e-02
SOURCE: GAM_14
SINKS: GAM_14
0  1.899426e+05  -1.062353e-13
1  1.386151e+06  9.507052e-14
2  5.554948e+05  8.309023e-14
3  2.712473e+05  -1.172434e-13
4  1.293307e+05  2.156594e-13
5  6.250939e+04  -3.460638e-14
6  2.989554e+04  4.099863e-14
7  1.422551e+04  -1.078034e-14
8  6.578404e+03  -3.038605e-15
9  2.951622e+03  5.243607e-15
10  1.310785e+03  8.747631e-16
11  5.251720e+02  -1.231918e-15
12  1.704150e+02  2.356606e-16
13  4.054279e+01  6.938830e-16
14  1.799110e+01  -2.453539e-16
15  5.197741e+00  -6.612291e-16
16  4.454629e+00  2.899370e-17
17  -3.811558e+00  9.280824e-17
18  -3.943004e+00  8.422446e-18
19  -3.669288e+00  8.017952e-17
20  -3.200220e+00  -2.354975e-17
21  -2.075544e+00  -1.717349e-17
22  -1.083827e+00  -7.590281e-18
23  -3.604292e-01  -1.796240e-18
24  -2.644632e-01  -5.498584e-19
25  -4.445429e-02  2.605305e-19
26  3.864760e-02  6.073982e-19
27  6.333420e-02  -3.328434e-19
28  5.261301e-02  -2.498728e-19
29  4.018760e-02  7.752037e-20
30  2.643426e-02  7.115118e-20
31  1.953267e-02  -2.320097e-19
32  1.848070e-02  1.745084e-19
33  2.037769e-02  -1.828863e-19
34  3.837265e-02  -2.206770e-19
35  6.661338e-02  1.555541e-19
36  9.765470e-02  -7.168213e-19
37  1.391824e-01  3.514747e-19
38  1.507015e-01  2.444969e-18
39  2.274616e-01  -4.029041e-18
40  2.888672e-01  -1.224839e-19
41  6.046723e-01  -1.183461e-18
42  1.207350e+00  4.968876e-18
43  2.657544e+00  -4.326221e-19
44  5.651057e+00  -7.257292e-18
45  9.313284e+00  -9.189781e-17
46  1.420125e+01  7.445507e-17
47  2.116524e+01  -9.000202e-18
48  2.650817e+01  1.835150e-19
49  3.753026e+01  -1.206781e-16
50  6.112206e+01  -7.781152e-17
51  1.236955e+02  -5.162944e-16
52  3.102061e+02  -2.323013e-15
53  6.812100e+02  -1.169105e-16
54  1.561821e+03  -4.095963e-16
55  3.267398e+03  4.583664e-15
56  7.157251e+03  5.452153e-15
57  1.511595e+04  2.559374e-14
58  3.115636e+04  -3.239742e-14
59  6.359212e+04  3.352448e-15
60  1.327952e+05  -5.791380e-14
61  2.763569e+05  8.883183e-14
62  5.677196e+05  6.821375e-14
63  1.398423e+06  2.274986e-13
ENDPROP
STARTPROP
MASSES:  4.500000e-02   4.500000e-02
SOURCE: GAM_41
SINKS: GAM_41
0  1.899426e+05  -1.062353e-13
1  1.386151e+06  9.507052e-14
2  5.554948e+05  8.309023e-14
3  2.712473e+05  -1.172434e-13
4  1.293307e+05  2.156594e-13
5  6.250939e+04  -3.460638e-14
6  2.989554e+04  4.099863e-14
7  1.422551e+04  -1.078034e-14
8  6.578404e+03  -3.038605e-15
9  2.951622e+03  5.243607e-15
10  1.310785e+03  8.747631e-16
11  5.251720e+02  -1.231918e-15
12  1.704150e+02  2.356606e-16
13  4.054279e+01  6.938830e-16
14  1.799110e+01  -2.453539e-16
15  5.197741e+00  -6.612291e-16
16  4.454629e+00  2.899370e-17
17  -3.811558e+00  9.280824e-17
18  -3.943004e+00  8.422446e-18
19  -3.669288e+00  8.017952e-17
20  -3.200220e+00  -2.354975e-17
21  -2.075544e+00  -1.717349e-17
22  -1.083827e+00  -7.590281e-18
23  -3.604292e-01  -1.796240e-18
24  -2.644632e-01  -5.498584e-19
25  -4.445429e-02  2.605305e-19
26  3.864760e-02  6.073982e-19
27  6.333420e-02  -3.328434e-19
28  5.261301e-02  -2.498728e-19
29  4.018760e-02  7.752037e-20
30  2.643426e-02  7.115118e-20
31  1.953267e-02  -2.320097e-19
32  1.848070e-02  1.745084e-19
33  2.037769e-02  -1.828863e-19
34  3.837265e-02  -2.206770e-19
35  6.661338e-02  1.555541e-19
36  9.765470e-02  -7.168213e-19
37  1.391824e-01  3.514747e-19
38  1.507015e-01  2.444969e-18
39  2.274616e-01  -4.029041e-18
40  2.888672e-01  -1.224839e-19
41  6.046723e-01  -1.183461e-18
42  1.207350e+00  4.968876e-18
43  2.657544e+00  -4.326221e-19
44  5.651057e+00  -7.257292e-18
45  9.313284e+00  -9.189781e-17
46  1.420125e+01  7.445507e-17
47  2.116524e+01  -9.000202e-18
48  2.650817e+01  1.835150e-19
49  3.753026e+01  -1.206781e-16
50  6.112206e+01  -7.781152e-17
51  1.236955e+02  -5.162944e-16
52  3.102061e+02  -2.323013e-15
53  6.812100e+02  -1.169105e-16
54  1.561821e+03  -4.095963e-16
55  3.267398e+03  4.583664e-15
56  7.157251e+03  5.452153e-15
57  1.511595e+04  2.559374e-14
58  3.115636e+04  -3.239742e-14
59  6.359212e+04  3.352448e-15
60  1.327952e+05  -5.791380e-14
61  2.763569e+05  8.883183e-14
62  5.677196e+05  6.821375e-14
63  1.398423e+06  2.274986e-13
ENDPROP
STARTPROP
MASSES:  4.500000e-02   4.500000e-02
SOURCE: GAM_23
SINKS: GAM_23
0  8.937919e+05  -3.638149e-14
1  -6.384591e+05  5.149426e-14
2  -1.463735e+05  4.016623e-14
3  -5.286464e+04  -1.446729e-13
4  -1.621224e+04  6.394050e-14
5  -6.490740e+03  -9.887269e-14
6  -2.373711e+03  -6.276053e-15
7  -6.696301e+02  -1.778949e-14
8  2.295113e+02  6.635947e-15
9  2.431809e+02  -1.356583e-15
10  1.203405e+02  2.301389e-17
11  1.232494e+02  2.180936e-16
12  1.028095e+02  -9.884037e-16
13  2.534683e+00  -2.070561e-15
14  -3.631549e+01  1.674561e-16
15  -3.717854e+01  1.965781e-16
16  -2.037514e+01  1.228450e-16
17  -9.912371e+00  -1.147826e-16
18  -2.388931e+00  -5.472283e-18
19  6.922926e-01  7.175441e-18
20  8.412415e-01  -1.073160e-17
21  4.638669e-01  2.677693e-17
22  1.737833e-01  1.966173e-17
23  -6.143210e-02  -5.148910e-19
24  -8.516880e-02  1.360730e-18
25  1.129666e-03  -2.507785e-18
26  2.485867e-02  -1.577788e-18
27  2.373233e-02  1.208751e-19
28  1.344077e-02  1.482504e-20
29  8.287393e-03  1.525021e-20
30  1.403030e-04  1.634182e-19
31  3.694549e-05  -2.686225e-20
32  2.801824e-03  -1.981133e-19
33  4.273754e-03  -1.530714e-19
34  5.155188e-03  -1.097422e-19
35  -8.644818e-03  -1.994851e-19
36  -2.216280e-02  4.305907e-19
37  -3.432337e-02  7.654886e-19
38  -2.102802e-02  1.037571e-18
39  2.396684e-02  -4.686435e-19
40  -1.927860e-02  -3.157403e-18
41  -1.329512e-01  -1.605495e-18
42  -4.548533e-01  1.716827e-17
43  -1.697001e-01  7.719223e-18
44  -2.370500e-01  -5.522569e-18
45  6.984297e-02  2.690355e-18
46  4.242767e-01  4.313518e-17
47  3.320584e+00  1.320935e-16
48  6.448657e+00  -1.862722e-16
49  4.730884e+00  -2.500018e-18
50  -1.276764e+01  3.412868e-16
51  -1.113022e+01  5.873935e-17
52  -1.617099e+01  -3.565954e-16
53  4.515567e+00  -6.380864e-16
54  -2.111768e+02  1.129320e-15
55  -3.376204e+02  -6.104618e-15
56  -3.480173e+02  -1.357646e-14
57  -4.367626e+02  1.042012e-14
58  -1.202167e+03  -6.853615e-15
59  -5.200927e+03  -7.694271e-15
60  -1.638425e+04  8.907744e-15
61  -5.232738e+04  8.063103e-15
62  -1.436123e+05  -2.286183e-13
63  -6.287025e+05  -5.574702e-14
ENDPROP
STARTPROP
MASSES:  4.500000e-02   4.500000e-02
SOURCE: GAM_32
SINKS: GAM_32
0  8.937919e+05  -3.638149e-14
1  -6.384591e+05  5.149426e-14
2  -1.463735e+05  4.016623e-14
3  -5.286464e+04  -1.446729e-13
4  -1.621224e+04  6.394050e-14
5  -6.490740e+03  -9.887269e-14
6  -2.373711e+03  -6.276053e-15
7  -6.696301e+02  -1.778949e-14
8  2.295113e+02  6.635947e-15
9  2.431809e+02  -1.356583e-15
10  1.203405e+02  2.301389e-17
11  1.232494e+02  2.180936e-16
12  1.028095e+02  -9.884037e-16
13  2.534683e+00  -2.070561e-15
14  -3.631549e+01  1.674561e-16
15  -3.717854e+01  1.965781e-16
16  -2.037514e+01  1.228450e-16
17  -9.912371e+00  -1.147826e-16
18  -2.388931e+00  -5.472283e-18
19  6.922926e-01  7.175441e-18
20  8.412415e-01  -1.073160e-17
21  4.638669e-01  2.677693e-17
22  1.737833e-01  1.966173e-17
23  -6.143210e-02  -5.148910e-19
24  -8.516880e-02  1.360730e-18
25  1.129666e-03  -2.507785e-18
26  2.485867e-02  -1.577788e-18
27  2.373233e-02  1.208751e-19
28  1.344077e-02  1.482504e-20
29  8.287393e-03  1.525021e-20
30  1.403030e-04  1.634182e-19
31  3.694549e-05  -2.686225e-20
32  2.801824e-03  -1.981133e-19
33  4.273754e-03  -1.530714e-19
34  5.155188e-03  -1.097422e-19
35  -8.644818e-03  -1.994851e-19
36  -2.216280e-02  4.305907e-19
37  -3.432337e-02  7.654886e-19
38  -2.102802e-02  1.037571e-18
39  2.396684e-02  -4.686435e-19
40  -1.927860e-02  -3.157403e-18
41  -1.329512e-01  -1.605495e-18
42  -4.548533e-01  1.716827e-17
43  -1.697001e-01  7.719223e-18
44  -2.370500e-01  -5.522569e-18
45  6.984297e-02  2.690355e-18
46  4.242767e-01  4.313518e-17
47  3.320584e+00  1.320935e-16
48  6.448657e+00  -1.862722e-16
49  4.730884e+00  -2.500018e-18
50  -1.276764e+01  3.412868e-16
51  -1.113022e+01  5.873935e-17
52  -1.617099e+01  -3.565954e-16
53  4.515567e+00  -6.380864e-16
54  -2.111768e+02  1.129320e-15
55  -3.376204e+02  -6.104618e-15
56  -3.480173e+02  -1.357646e-14
57  -4.367626e+02  1.042012e-14
58  -1.202167e+03  -6.853615e-15
59  -5.200927e+03  -7.694271e-15
60  -1.638425e+04  8.907744e-15
61  -5.232738e+04  8.063103e-15
62  -1.436123e+05  -2.286183e-13
63  -6.287025e+05  -5.574702e-14
ENDPROP
STARTPROP
MASSES:  4.500000e-02   4.500000e-02
SOURCE: GAM_24
SINKS: GAM_24
0  1.645228e+05  -2.155160e-13
1  1.370133e+06  9.256558e-14
2  5.448339e+05  2.135750e-14
3  2.621712e+05  -1.412997e-13
4  1.255949e+05  1.448836e-13
5  5.855452e+04  -5.435014e-14
6  2.783813e+04  1.605548e-14
7  1.290628e+04  -1.477835e-16
8  5.769883e+03  5.219763e-15
9  2.817283e+03  -3.153973e-15
10  1.282305e+03  5.188261e-15
11  6.204210e+02  2.941534e-17
12  2.831454e+02  -1.454936e-15
13  1.126612e+02  2.141032e-16
14  6.835098e+01  -2.059431e-16
15  4.626841e+01  -3.188414e-16
16  4.143860e+01  8.913643e-17
17  2.016276e+01  -5.782302e-17
18  8.042480e+00  -5.394755e-17
19  2.852344e+00  -2.735513e-17
20  1.250304e+00  -2.959736e-17
21  1.466371e+00  7.559233e-18
22  1.009875e+00  1.741521e-19
23  4.650814e-01  -7.990176e-19
24  3.501148e-01  -5.147871e-18
25  2.502548e-01  4.260035e-18
26  2.109912e-01  -1.530897e-18
27  1.458996e-01  -1.562106e-19
28  8.157520e-02  -7.409269e-19
29  4.248531e-02  2.614589e-19
30  3.074650e-02  2.867111e-19
31  2.004872e-02  4.824575e-20
32  8.236105e-03  -7.094671e-20
33  1.820910e-03  -1.377983e-19
34  4.462726e-03  1.986712e-20
35  1.091193e-02  1.339481e-19
36  2.897614e-02  9.953565e-19
37  1.791775e-02  -7.908271e-20
38  1.129126e-02  1.486552e-18
39  8.553431e-02  -1.585236e-19
40  2.246905e-01  2.724981e-19
41  2.161382e-01  -4.892248e-18
42  -3.218142e-01  -8.399845e-18
43  -4.963393e-01  2.611583e-17
44  -3.910026e-01  6.336740e-18
45  8.839865e-01  -6.482114e-17
46  -3.128606e-01  9.566816e-17
47  -2.361685e+00  2.236222e-16
48  1.940342e+00  1.798680e-16
49  1.685188e+01  1.304367e-16
50  5.763641e+01  -2.813366e-16
51  1.209356e+02  -7.118980e-16
52  3.041979e+02  1.400734e-15
53  6.016307e+02  1.072378e-15
54  1.391843e+03  4.149392e-15
55  3.099939e+03  -6.029943e-17
56  6.336218e+03  1.713692e-14
57  1.367801e+04  -1.158702e-14
58  2.985270e+04  4.293707e-14
59  6.034873e+04  3.216707e-14
60  1.274693e+05  -1.308060e-13
61  2.671751e+05  -8.549921e-14
62  5.533525e+05  -9.971790e-14
63  1.379291e+06  1.410886e-13
ENDPROP
STARTPROP
MASSES:  4.500000e-02   4.500000e-02
SOURCE: GAM_42
SINKS: GAM_42
0  1.645228e+05  -2.155160e-13
1  1.370133e+06  9.256558e-14
2  5.448339e+05  2.135750e-14
3  2.621712e+05  -1.412997e-13
4  1.255949e+05  1.448836e-13
5  5.855452e+04  -5.435014e-14
6  2.783813e+04  1.605548e-14
7  1.290628e+04  -1.477835e-16
8  5.769883e+03  5.219763e-15
9  2.817283e+03  -3.153973e-15
10  1.282305e+03  5.188261e-15
11  6.204210e+02  2.941534e-17
12  2.831454e+02  -1.454936e-15
13  1.126612e+02  2.141032e-16
14  6.835098e+01  -2.059431e-16
15  4.626841e+01  -3.188414e-16
16  4.143860e+01  8.913643e-17
17  2.016276e+01  -5.782302e-17
18  8.042480e+00  -5.394755e-17
19  2.852344e+00  -2.735513e-17
20  1.250304e+00  -2.959736e-17
21  1.466371e+00  7.559233e-18
22  1.009875e+00  1.741521e-19
23  4.650814e-01  -7.990176e-19
24  3.501148e-01  -5.147871e-18
25  2.502548e-01  4.260035e-18
26  2.109912e-01  -1.530897e-18
27  1.458996e-01  -1.562106e-19
28  8.157520e-02  -7.409269e-19
29  4.248531e-02  2.614589e-19
30  3.074650e-02  2.867111e-19
31  2.004872e-02  4.824575e-20
32  8.236105e-03  -7.094671e-20
33  1.820910e-03  -1.377983e-19
34  4.462726e-03  1.986712e-20
35  1.091193e-02  1.339481e-19
36  2.897614e-02  9.953565e-19
37  1.791775e-02  -7.908271e-20
38  1.129126e-02  1.486552e-18
39  8.553431e-02  -1.585236e-19
40  2.246905e-01  2.724981e-19
41  2.161382e-01  -4.892248e-18
42  -3.218142e-01  -8.399845e-18
43  -4.963393e-01  2.611583e-17
44  -3.910026e-01  6.336740e-18
45  8.839865e-01  -6.482114e-17
46  -3.128606e-01  9.566816e-17
47  -2.361685e+00  2.236222e-16
48  1.940342e+00  1.798680e-16
49  1.685188e+01  1.304367e-16
50  5.763641e+01  -2.813366e-16
51  1.209356e+02  -7.118980e-16
52  3.041979e+02  1.400734e-15
53  6.016307e+02  1.072378e-15
54  1.391843e+03  4.149392e-15
55  3.099939e+03  -6.029943e-17
56  6.336218e+03  1.713692e-14
57  1.367801e+04  -1.158702e-14
58  2.985270e+04  4.293707e-14
59  6.034873e+04  3.216707e-14
60  1.274693e+05  -1.308060e-13
61  2.671751e+05  -8.549921e-14
62  5.533525e+05  -9.971790e-14
63  1.379291e+06  1.410886e-13
ENDPROP
STARTPROP
MASSES:  4.500000e-02   4.500000e-02
SOURCE: GAM_34
SINKS: GAM_34
0  1.455072e+05  0.000000e+00
1  1.370808e+06  0.000000e+00
2  5.549084e+05  0.000000e+00
3  2.746391e+05  0.000000e+00
4  1.304906e+05  0.000000e+00
5  6.011002e+04  0.000000e+00
6  2.641435e+04  0.000000e+00
7  1.140154e+04  0.000000e+00
8  5.611656e+03  0.000000e+00
9  2.494905e+03  0.000000e+00
10  9.970982e+02  0.000000e+00
11  4.084919e+02  0.000000e+00
12  1.657473e+02  0.000000e+00
13  9.959956e+01  0.000000e+00
14  4.191736e+01  0.000000e+00
15  2.407424e+01  0.000000e+00
16  1.342149e+01  0.000000e+00
17  1.183236e+01  0.000000e+00
18  8.132237e+00  0.000000e+00
19  5.102100e+00  0.000000e+00
20  2.930318e+00  0.000000e+00
21  9.066589e-01  0.000000e+00
22  -1.198146e-01  0.000000e+00
23  -1.666007e-01  0.000000e+00
24  -1.465751e-01  0.000000e+00
25  -1.386424e-01  0.000000e+00
26  -8.430122e-03  0.000000e+00
27  8.839701e-03  0.000000e+00
28  -3.871455e-03  0.000000e+00
29  -6.119873e-03  0.000000e+00
30  1.676419e-03  0.000000e+00
31  7.573135e-03  0.000000e+00
32  5.991602e-03  0.000000e+00
33  5.704826e-03  0.000000e+00
34  1.227194e-02  0.000000e+00
35  5.998634e-03  0.000000e+00
36  -6.204580e-03  0.000000e+00
37  -1.638571e-02  0.000000e+00
38  -3.053554e-02  0.000000e+00
39  -4.644172e-02  0.000000e+00
40  -1.672108e-01  0.000000e+00
41  -5.069886e-01  0.000000e+00
42  -7.436602e-01  0.000000e+00
43  -8.759334e-01  0.000000e+00
44  -1.403275e+00  0.000000e+00
45  -7.323904e-01  0.000000e+00
46  2.128141e+00  0.000000e+00
47  3.966265e+00  0.000000e+00
48  1.327153e+01  0.000000e+00
49  4.408619e+01  0.000000e+00
50  1.083883e+02  0.000000e+00
51  2.452439e+02  0.000000e+00
52  5.112347e+02  0.000000e+00
53  9.032849e+02  0.000000e+00
54  1.825614e+03  0.000000e+00
55  3.608048e+03  0.000000e+00
56  6.934986e+03  0.000000e+00
57  1.350470e+04  0.000000e+00
58  2.820603e+04  0.000000e+00
59  5.961066e+04  0.000000e+00
60  1.260587e+05  0.000000e+00
61  2.667181e+05  0.000000e+00
62  5.531526e+05  0.000000e+00
63  1.376503e+06  0.000000e+00
ENDPROP
STARTPROP
MASSES:  4.500000e-02   4.500000e-02
SOURCE: GAM_43
SINKS: GAM_43
0  1.455072e+05  0.000000e+00
1  1.370808e+06  0.000000e+00
2  5.549084e+05  0.000000e+00
3  2.746391e+05  0.000000e+00
4  1.304906e+05  0.000000e+00
5  6.011002e+04  0.000000e+00
6  2.641435e+04  0.000000e+00
7  1.140154e+04  0.000000e+00
8  5.611656e+03  0.000000e+00
9  2.494905e+03  0.000000e+00
10  9.970982e+02  0.000000e+00
11  4.084919e+02  0.000000e+00
12  1.657473e+02  0.000000e+00
13  9.959956e+01  0.000000e+00
14  4.191736e+01  0.000000e+00
15  2.407424e+01  0.000000e+00
16  1.342149e+01  0.000000e+00
17  1.183236e+01  0.000000e+00
18  8.132237e+00  0.000000e+00
19  5.102100e+00  0.000000e+00
20  2.930318e+00  0.000000e+00
21  9.066589e-01  0.000000e+00
22  -1.198146e-01  0.000000e+00
23  -1.666007e-01  0.000000e+00
24  -1.465751e-01  0.000000e+00
25  -1.386424e-01  0.000000e+00
26  -8.430122e-03  0.000000e+00
27  8.839701e-03  0.000000e+00
28  -3.871455e-03  0.000000e+00
29  -6.119873e-03  0.000000e+00
30  1.676419e-03  0.000000e+00
31  7.573135e-03  0.000000e+00
32  5.991602e-03  0.000000e+00
33  5.704826e-03  0.000000e+00
34  1.227194e-02  0.000000e+00
35  5.998634e-03  0.000000e+00
36  -6.204580e-03  0.000000e+00
37  -1.638571e-02  0.000000e+00
38  -3.053554e-02  0.000000e+00
39  -4.644172e-02  0.000000e+00
40  -1.672108e-01  0.000000e+00
41  -5.069886e-01  0.000000e+00
42  -7.436602e-01  0.000000e+00
43  -8.759334e-01  0.000000e+00
44  -1.403275e+00  0.000000e+00
45  -7.323904e-01  0.000000e+00
46  2.128141e+00  0.000000e+00
47  3.966265e+00  0.000000e+00
48  1.327153e+01  0.000000e+00
49  4.408619e+01  0.000000e+00
50  1.083883e+02  0.000000e+00
51  2.452439e+02  0.000000e+00
52  5.112347e+02  0.000000e+00
53  9.032849e+02  0.000000e+00
54  1.825614e+03  0.000000e+00
55  3.608048e+03  0.000000e+00
56  6.934986e+03  0.000000e+00
57  1.350470e+04  0.000000e+00
58  2.820603e+04  0.000000e+00
59  5.961066e+04  0.000000e+00
60  1.260587e+05  0.000000e+00
61  2.667181e+05  0.000000e+00
62  5.531526e+05  0.000000e+00
63  1.376503e+06  0.000000e+00
ENDPROP
STARTPROP
MASSES:  4.500000e-02   4.500000e-02
SOURCE: GAM_15
SINKS: GAM_15
0  1.749169e+05  -6.236676e-13
1  -8.467409e+05  -2.667787e-13
2  -2.273497e+05  3.525869e-13
3  -8.258678e+04  1.520903e-13
4  -2.832945e+04  -2.927652e-14
5  -1.029891e+04  1.479511e-14
6  -4.353410e+03  2.802426e-14
7  -1.916440e+03  -1.055756e-14
8  -8.525908e+02  1.882047e-15
9  -2.851094e+02  -4.234445e-15
10  4.220462e+01  -1.244619e-14
11  8.816177e+01  1.534225e-15
12  8.287326e+01  1.324107e-15
13  4.420376e+01  -1.523819e-15
14  3.028566e+01  1.358062e-15
15  1.310503e+01  8.029142e-17
16  5.014269e-01  -2.821863e-16
17  4.972060e-01  -3.861744e-17
18  -4.484534e-01  -1.341689e-16
19  2.146500e+00  1.555460e-17
20  1.808946e+00  -3.014605e-17
21  1.248840e+00  -2.382659e-17
22  6.002001e-01  3.729630e-18
23  1.336636e-01  -2.530931e-18
24  -1.840291e-02  9.028695e-18
25  -1.954241e-04  4.288063e-18
26  3.032728e-02  -1.228737e-18
27  7.910434e-03  1.011462e-18
28  -1.274210e-02  4.629942e-19
29  -1.916480e-02  2.942466e-19
30  -7.467988e-03  -1.051496e-19
31  -1.435395e-03  1.361953e-19
32  -1.815118e-03  1.710617e-19
33  -4.820174e-03  8.240115e-20
34  -9.863288e-03  2.810682e-19
35  -3.003363e-02  -9.480828e-19
36  -7.441287e-02  -1.614088e-20
37  -8.626562e-02  -4.598479e-19
38  -8.930403e-02  1.771309e-18
39  -8.355898e-02  -1.148485e-18
40  -3.323838e-02  3.610595e-18
41  1.347260e-01  -1.573904e-17
42  7.009109e-01  7.868299e-18
43  1.625874e+00  7.058828e-20
44  2.415829e+00  -7.664105e-17
45  2.125604e+00  1.121831e-16
46  5.175979e+00  2.976080e-16
47  1.545572e+01  -1.099634e-16
48  2.188568e+01  3.366174e-16
49  1.590158e+01  6.810104e-16
50  1.950866e+01  -1.218102e-16
51  -2.049152e+01  1.272084e-15
52  -1.018284e+02  -3.310621e-15
53  -1.736964e+02  -2.784192e-15
54  -4.571655e+02  3.963463e-15
55  -8.784419e+02  -1.874623e-14
56  -1.644681e+03  1.523362e-15
57  -1.864648e+03  -2.423157e-14
58  -3.035881e+03  1.434267e-14
59  -1.026648e+04  1.446661e-13
60  -3.025799e+04  4.114833e-14
61  -8.548967e+04  -1.418969e-14
62  -2.352796e+05  3.889566e-13
63  -8.603357e+05  -1.046155e-13
ENDPROP
STARTPROP
MASSES:  4.500000e-02   4.500000e-02
SOURCE: GAM_25
SINKS: GAM_25
0  1.313341e+05  -6.959292e-13
1  -8.754087e+05  6.791193e-14
2  -2.455893e+05  1.206995e-13
3  -9.761832e+04  1.628837e-13
4  -3.511520e+04  2.478213e-13
5  -1.385174e+04  3.981712e-15
6  -5.707618e+03  1.653562e-14
7  -2.192624e+03  2.932091e-14
8  -1.032395e+03  5.187779e-15
9  -4.862422e+02  5.024750e-15
10  -3.386727e+02  5.494648e-16
11  -7.863852e+01  -3.880633e-15
12  -2.254827e+01  4.527882e-16
13  1.047646e+01  8.105902e-16
14  2.031698e+01  4.120749e-16
15  5.925632e+00  3.393954e-16
16  -5.625302e+00  -9.011311e-17
17  -2.080538e+00  8.118453e-18
18  1.144312e+00  4.412473e-18
19  3.516277e-01  -9.874572e-17
20  9.174651e-02  -6.877583e-17
21  -2.744864e-01  -4.288865e-17
22  -3.490103e-01  -1.069259e-17
23  -2.946707e-01  3.992070e-18
24  -8.644611e-02  -3.284676e-18
25  -7.667885e-02  2.971456e-18
26  -2.602923e-02  1.504440e-18
27  -7.836892e-03  2.528513e-19
28  2.115061e-02  1.278074e-19
29  2.812659e-02  5.380134e-19
30  2.188846e-02  -5.845031e-20
31  1.432658e-02  -5.656641e-19
32  1.292217e-02  1.970550e-19
33  1.529243e-02  -6.718619e-20
34  1.569744e-02  -4.491404e-19
35  1.097803e-02  -3.018297e-19
36  -6.526459e-03  4.220796e-19
37  -4.078443e-03  -1.782905e-20
38  5.881888e-02  -1.772319e-18
39  1.023161e-01  -2.555671e-18
40  6.332689e-02  -7.147359e-18
41  -1.018388e-02  4.448297e-18
42  -1.780973e-01  1.046636e-17
43  -1.521771e-02  5.565755e-17
44  -3.976552e-01  2.803825e-17
45  -2.354132e+00  -6.312199e-18
46  -3.262823e+00  -5.721070e-17
47  -3.709758e+00  1.395911e-16
48  -1.064867e+01  -5.456273e-17
49  -2.504228e+01  7.278751e-16
50  -2.613551e+01  -2.191377e-16
51  -4.164547e+01  3.244194e-15
52  -7.328747e+00  -1.423106e-15
53  -1.046358e+00  2.385908e-15
54  -1.409758e+02  1.935463e-15
55  -3.735405e+02  -1.934633e-14
56  -8.388414e+02  -1.115378e-14
57  -1.849489e+03  4.441491e-14
58  -4.528797e+03  -4.581797e-14
59  -1.255774e+04  -1.313733e-14
60  -3.541703e+04  1.371948e-13
61  -9.816595e+04  2.568478e-13
62  -2.578806e+05  -1.175722e-13
63  -8.935571e+05  3.656325e-14
ENDPROP
STARTPROP
MASSES:  4.500000e-02   4.500000e-02
SOURCE: GAM_35
SINKS: GAM_35
0  1.013478e+05  3.990867e-13
1  -8.911023e+05  2.658119e-13
2  -2.506676e+05  -3.210670e-14
3  -9.812436e+04  -4.379575e-14
4  -3.677825e+04  1.525108e-14
5  -1.404327e+04  5.196377e-14
6  -4.633031e+03  -3.094356e-14
7  -1.581014e+03  -5.646956e-15
8  -7.024643e+02  5.411421e-15
9  -3.727157e+02  1.209009e-14
10  -2.083803e+02  4.796746e-15
11  -1.736779e+02  2.091710e-15
12  -5.177768e+01  -6.635585e-15
13  -2.165675e+01  3.743204e-16
14  -1.350157e+01  1.592927e-15
15  -1.034231e+01  8.025510e-17
16  -3.319321e+00  -2.803960e-16
17  2.674177e-02  -4.957206e-17
18  -4.720990e-01  -5.707520e-17
19  -2.385633e-01  6.632502e-17
20  3.843312e-01  3.554324e-17
21  4.058921e-01  -3.293999e-18
22  4.042013e-02  -2.001020e-17
23  -1.192046e-01  -1.312911e-17
24  5.287832e-03  -8.984441e-18
25  6.077957e-02  2.152516e-18
26  -9.164890e-03  4.245683e-18
27  -3.602615e-02  -2.384461e-19
28  -2.778056e-02  -1.146791e-19
29  -1.080234e-02  8.912737e-20
30  -6.362542e-04  8.489397e-19
31  4.474896e-03  -2.879556e-19
32  7.141495e-03  1.274337e-19
33  5.101264e-03  6.496452e-20
34  9.939641e-03  -5.175592e-19
35  1.882823e-02  -5.441866e-19
36  4.544204e-02  8.413187e-20
37  5.781423e-02  2.166476e-18
38  8.094698e-03  2.303063e-18
39  -1.072878e-01  8.984646e-19
40  -2.802564e-01  1.584260e-18
41  -4.122038e-01  1.140775e-17
42  6.962865e-02  3.976108e-18
43  8.650869e-01  -5.487570e-17
44  1.200160e+00  1.284934e-17
45  1.931977e+00  1.005279e-16
46  3.693827e-01  7.651128e-17
47  3.927156e+00  1.841875e-16
48  7.079370e+00  1.593162e-16
49  1.812720e+01  3.250185e-16
50  2.572328e+01  -8.697963e-16
51  6.855476e+01  7.250139e-16
52  1.206051e+02  -1.319906e-15
53  1.249352e+02  3.469730e-15
54  2.332808e+01  3.933274e-15
55  2.148041e+01  3.954997e-15
56  -1.652578e+02  -2.528113e-14
57  -8.069112e+02  -2.183502e-15
58  -3.867605e+03  -1.637816e-14
59  -1.278639e+04  1.065986e-13
60  -3.420989e+04  -7.373683e-14
61  -9.361516e+04  2.119810e-13
62  -2.512525e+05  6.516733e-14
63  -8.966154e+05  6.759518e-14
ENDPROP
STARTPROP
MASSES:  4.500000e-02   4.500000e-02
SOURCE: GAM_45
SINKS: GAM_45
0  -9.950529e+05  -7.329730e-13
1  1.117856e+06  -8.087064e-15
2  5.318363e+05  -1.371754e-13
3  3.339284e+05  2.135352e-14
4  2.059222e+05  -6.026230e-14
5  1.259596e+05  -1.988728e-15
6  7.595235e+04  3.580513e-14
7  4.577216e+04  -5.288410e-15
8  2.762376e+04  -7.065153e-16
9  1.671949e+04  8.774819e-15
10  1.005714e+04  -1.074269e-14
11  6.133931e+03  -5.259338e-16
12  3.687917e+03  -1.663136e-15
13  2.214121e+03  -9.313843e-16
14  1.341326e+03  5.730587e-16
15  8.159361e+02  6.536625e-16
16  4.924068e+02  1.025950e-16
17  2.983344e+02  -7.658733e-17
18  1.792380e+02  -1.167842e-16
19  1.097270e+02  2.585040e-17
20  6.778277e+01  6.052520e-18
21  4.109472e+01  -1.846754e-17
22  2.488058e+01  -2.975447e-17
23  1.503529e+01  1.906428e-17
24  9.155357e+00  -2.749308e-19
25  5.614888e+00  -2.400948e-18
26  3.394543e+00  1.651089e-18
27  2.097510e+00  8.389137e-19
28  1.300688e+00  5.372981e-19
29  8.245771e-01  -2.825911e-19
30  5.501508e-01  4.513140e-19
31  4.115793e-01  1.363318e-19
32  3.701712e-01  3.576844e-19
33  4.180208e-01  2.374284e-19
34  5.825312e-01  1.414391e-19
35  8.758819e-01  9.136035e-19
36  1.397430e+00  1.114230e-18
37  2.192911e+00  4.293038e-19
38  3.530547e+00  -8.349828e-19
39  5.694074e+00  2.062208e-18
40  9.411125e+00  5.782632e-18
41  1.551211e+01  -1.912207e-17
42  2.602090e+01  2.408658e-17
43  4.265070e+01  -1.983395e-17
44  7.122237e+01  -6.078123e-21
45  1.170875e+02  -2.879712e-17
46  1.899515e+02  -1.147681e-17
47  3.068301e+02  -1.390809e-16
48  4.951291e+02  -5.028535e-16
49  8.174933e+02  -2.817735e-17
50  1.351696e+03  -1.533149e-16
51  2.236889e+03  5.282041e-16
52  3.780920e+03  1.887326e-15
53  6.291536e+03  -1.311222e-15
54  1.038838e+04  -4.712913e-15
55  1.718537e+04  -8.786656e-15
56  2.863781e+04  -6.215006e-15
57  4.708962e+04  -1.515490e-14
58  7.727477e+04  -8.991439e-14
59  1.259130e+05  1.010796e-13
60  2.064910e+05  2.231915e-13
61  3.347750e+05  2.376341e-13
62  5.334814e+05  -1.388396e-13
63  1.111105e+06  -3.399261e-13
ENDPROP
STARTPROP
MASSES:  4.500000e-02   4.500000e-02
SOURCE: PSAX4
SINKS: GAM_4
0  1.765269e+04  -2.693646e-14
1  1.721054e+06  -1.196604e-13
2  9.390031e+05  1.341754e-14
3  5.790447e+05  -8.454609e-15
4  3.520099e+05  -4.645154e-14
5  2.145490e+05  2.677172e-14
6  1.291774e+05  -1.349000e-14
7  7.746988e+04  1.493023e-16
8  4.687122e+04  7.912114e-15
9  2.851831e+04  1.630555e-15
10  1.733752e+04  -4.869991e-16
11  1.061207e+04  -1.335704e-15
12  6.464352e+03  -8.168172e-16
13  3.914290e+03  -4.439509e-16
14  2.383841e+03  -3.291955e-16
15  1.452146e+03  -4.991248e-18
16  8.808129e+02  -5.873751e-17
17  5.335945e+02  -5.673930e-17
18  3.220946e+02  -4.368374e-19
19  1.959980e+02  8.824462e-18
20  1.199023e+02  1.193244e-18
21  7.281338e+01  2.985693e-18
22  4.426900e+01  -1.811218e-18
23  2.676376e+01  2.199759e-18
24  1.633803e+01  2.169368e-19
25  1.001611e+01  -4.037824e-19
26  6.034884e+00  1.183162e-19
27  3.689994e+00  3.938081e-19
28  2.261644e+00  3.241701e-19
29  1.342479e+00  -1.323886e-19
30  7.495390e-01  2.040143e-20
31  3.453697e-01  -2.910228e-21
32  1.259033e-02  6.766187e-20
33  -3.207994e-01  4.938333e-20
34  -7.469049e-01  7.095292e-20
35  -1.336045e+00  1.155878e-19
36  -2.270911e+00  -1.072036e-19
37  -3.666268e+00  7.548391e-19
38  -5.964162e+00  -1.271640e-19
39  -9.707009e+00  5.957520e-20
40  -1.609759e+01  7.152713e-19
41  -2.665910e+01  -1.196341e-18
42  -4.487345e+01  1.943163e-19
43  -7.428756e+01  1.038926e-17
44  -1.233554e+02  1.218448e-17
45  -2.037320e+02  6.094515e-18
46  -3.344579e+02  -2.874396e-17
47  -5.449516e+02  -7.878547e-17
48  -8.772313e+02  -2.224275e-17
49  -1.449475e+03  2.633534e-17
50  -2.363264e+03  -1.080969e-16
51  -3.878766e+03  3.939419e-16
52  -6.451953e+03  1.910332e-16
53  -1.073104e+04  7.235262e-16
54  -1.753988e+04  6.838182e-16
55  -2.888647e+04  1.808829e-15
56  -4.778207e+04  1.021684e-15
57  -7.837971e+04  -1.108621e-14
58  -1.283472e+05  -1.625790e-14
59  -2.110458e+05  3.033252e-14
60  -3.487207e+05  -2.594850e-14
61  -5.680743e+05  4.641068e-14
62  -9.260533e+05  6.502058e-14
63  -1.683617e+06  -7.225817e-14
ENDPROP
STARTPROP
MASSES:  4.500000e-02   4.500000e-02
SOURCE: WWPSAX4
SINKS: GAM_4
0  1.618944e+08  1.490116e-08
1  2.016682e+09  -3.725290e-09
2  7.854637e+08  -9.313226e-10
3  2.337359e+08  9.313226e-10
4  2.124106e+08  -5.820766e-10
5  1.134470e+08  2.910383e-11
6  6.468345e+07  2.910383e-11
7  4.865779e+07  9.458745e-10
8  3.179743e+07  -2.328306e-10
9  1.680455e+07  9.458745e-11
10  8.619025e+06  -1.818989e-12
11  6.304847e+06  -7.275958e-11
12  2.580665e+06  -1.909939e-11
13  2.034466e+06  1.455192e-11
14  9.070194e+05  7.275958e-12
15  7.341808e+05  7.275958e-12
16  5.778199e+05  2.501110e-12
17  2.985261e+05  2.728484e-12
18  1.641463e+05  7.389644e-13
19  7.449161e+04  4.547474e-13
20  5.881386e+04  4.547474e-13
21  4.460028e+04  -2.273737e-13
22  2.069142e+04  -2.842171e-14
23  1.180165e+04  -1.243450e-13
24  1.203546e+04  -2.131628e-13
25  5.019317e+03  6.750156e-14
26  2.875751e+03  2.842171e-14
27  1.675127e+03  -8.881784e-15
28  1.274069e+03  8.881784e-15
29  4.565097e+02  -3.552714e-15
30  4.322352e+02  -8.326673e-15
31  2.590345e+02  0.000000e+00
32  3.714524e+01  -2.109424e-15
33  -1.064392e+02  2.220446e-15
34  -4.941946e+02  2.775558e-16
35  -4.753985e+02  8.881784e-16
36  -9.260614e+02  4.440892e-16
37  -2.257612e+03  -5.329071e-15
38  -3.243838e+03  1.421085e-14
39  -4.451029e+03  -4.263256e-14
40  -8.218360e+03  1.421085e-14
41  -1.203380e+04  0.000000e+00
42  -1.751764e+04  1.705303e-13
43  -3.001505e+04  -6.394885e-14
44  -4.009672e+04  2.842171e-13
45  -1.119196e+05  -1.136868e-13
46  -1.711110e+05  -1.818989e-12
47  -2.523367e+05  -6.821210e-13
48  -3.127996e+05  -1.136868e-12
49  -7.071411e+05  4.547474e-12
50  -9.556244e+05  -5.456968e-12
51  -2.114709e+06  -1.091394e-11
52  -4.278418e+06  0.000000e+00
53  -5.105954e+06  -3.819878e-11
54  -8.463830e+06  2.910383e-11
55  -1.727977e+07  1.164153e-10
56  -2.829146e+07  -1.600711e-10
57  -3.180237e+07  1.164153e-10
58  -4.773141e+07  5.820766e-10
59  -9.761151e+07  2.910383e-10
60  -1.293335e+08  9.313226e-10
61  -2.469971e+08  6.984919e-10
62  -4.388679e+08  2.328306e-09
63  -1.342436e+09  -2.374873e-08
ENDPROP
STARTPROP
MASSES:  4.500000e-02   4.500000e-02
SOURCE: WWGAM_5
SINKS: GAM_5
0  2.085694e+10  0.000000e+00
1  2.586241e+09  0.000000e+00
2  1.078377e+09  0.000000e+00
3  4.184977e+08  0.000000e+00
4  3.083547e+08  0.000000e+00
5  1.858173e+08  0.000000e+00
6  1.038551e+08  0.000000e+00
7  7.717045e+07  0.000000e+00
8  4.342275e+07  0.000000e+00
9  2.761161e+07  0.000000e+00
10  1.462420e+07  0.000000e+00
11  9.695610e+06  0.000000e+00
12  4.605194e+06  0.000000e+00
13  3.532779e+06  0.000000e+00
14  1.801761e+06  0.000000e+00
15  1.299947e+06  0.000000e+00
16  8.552139e+05  0.000000e+00
17  5.850018e+05  0.000000e+00
18  2.551676e+05  0.000000e+00
19  1.305638e+05  0.000000e+00
20  9.488928e+04  0.000000e+00
21  6.286013e+04  0.000000e+00
22  3.779038e+04  0.000000e+00
23  2.098021e+04  0.000000e+00
24  1.828230e+04  0.000000e+00
25  8.178505e+03  0.000000e+00
26  4.687803e+03  0.000000e+00
27  2.953088e+03  0.000000e+00
28  2.023668e+03  0.000000e+00
29  9.762349e+02  0.000000e+00
30  8.940661e+02  0.000000e+00
31  6.244268e+02  0.000000e+00
32  4.230094e+02  0.000000e+00
33  5.187617e+02  0.000000e+00
34  8.890819e+02  0.000000e+00
35  1.134449e+03  0.000000e+00
36  1.737662e+03  0.000000e+00
37  3.401302e+03  0.000000e+00
38  5.228538e+03  0.000000e+00
39  8.145925e+03  0.000000e+00
40  1.485363e+04  0.000000e+00
41  1.947530e+04  0.000000e+00
42  3.453137e+04  0.000000e+00
43  5.457677e+04  0.000000e+00
44  7.711139e+04  0.000000e+00
45  1.789529e+05  0.000000e+00
46  2.936906e+05  0.000000e+00
47  4.225323e+05  0.000000e+00
48  6.030602e+05  0.000000e+00
49  1.225710e+06  0.000000e+00
50  1.619425e+06  0.000000e+00
51  3.473216e+06  0.000000e+00
52  6.298278e+06  0.000000e+00
53  8.848029e+06  0.000000e+00
54  1.414499e+07  0.000000e+00
55  2.612451e+07  0.000000e+00
56  4.296456e+07  0.000000e+00
57  6.279570e+07  0.000000e+00
58  9.165511e+07  0.000000e+00
59  1.582828e+08  0.000000e+00
60  2.438791e+08  0.000000e+00
61  4.942258e+08  0.000000e+00
62  8.190377e+08  0.000000e+00
63  2.062692e+09  0.000000e+00
ENDPROP
