STARTPROP
MASSES:  4.200000e-03   4.200000e-03
SOURCE: GAM_1
SINKS: GAM_1
0  1.246464e+06  -5.265839e+02
1  2.092630e+06  9.868889e+02
2  1.069316e+06  1.727589e+03
3  6.244083e+05  8.035486e+02
4  3.317025e+05  -5.468189e+02
5  1.628285e+05  -1.484754e+03
6  8.021911e+04  -1.536839e+03
7  3.942104e+04  -1.661107e+03
8  2.210045e+04  -1.028521e+03
9  1.171185e+04  -9.122552e+02
10  1.268203e+04  -9.695684e+02
11  1.540010e+04  -5.921770e+02
12  5.338897e+03  -1.701301e+02
13  -2.905072e+03  2.448091e+02
14  -4.896678e+03  2.578766e+02
15  -6.496348e+03  2.866078e+01
16  -4.252143e+03  -3.240326e+02
17  -9.703458e+02  -3.776499e+02
18  1.426742e+03  -3.408576e+02
19  5.507861e+03  -2.435207e+02
20  5.984607e+03  -1.407153e+02
21  4.334816e+03  5.141532e+01
22  2.763672e+03  1.841029e+02
23  1.438703e+01  1.103161e+02
24  -7.857781e+02  3.126603e+01
25  -1.396253e+03  2.664578e+01
26  -1.223740e+03  3.012768e+01
27  -1.627092e+02  5.226056e+00
28  5.663933e+02  -4.631574e+01
29  9.299582e+02  -3.999084e+01
30  6.489399e+02  -8.439498e+01
31  2.137777e+02  -9.557880e+01
32  -4.525027e+01  -7.838829e+01
33  -9.692922e+01  -4.867755e+01
34  -2.173904e+02  -4.244802e+01
35  -1.823384e+02  -6.827563e+01
36  1.683582e+02  -4.958731e+01
37  4.130888e+02  -3.043218e+01
38  3.286325e+02  -1.131243e+01
39  2.872069e+02  1.712174e+00
40  4.918212e+02  -4.286932e+01
41  7.403306e+02  -4.778635e+01
42  5.835317e+02  -1.744527e+01
43  -4.074365e+02  1.356930e+01
44  -1.480669e+03  1.840467e+02
45  -1.450373e+03  3.104638e+02
46  3.992939e+02  4.542226e+02
47  2.422300e+03  3.785614e+02
48  9.257010e+02  2.847756e+02
49  -8.458939e+02  3.201880e+02
50  -1.339103e+03  3.939915e+02
51  -3.881396e+03  4.610738e+02
52  -6.409436e+03  3.505357e+02
53  -1.114493e+04  2.367001e+01
54  -1.270209e+04  -3.554399e+02
55  -7.349716e+03  -2.998153e+02
56  2.335156e+02  -1.011822e+02
57  1.730148e+04  -3.419774e+02
58  4.306962e+04  -9.077723e+02
59  7.873806e+04  -2.185122e+03
60  1.632924e+05  -2.486242e+03
61  4.196892e+05  -4.643062e+03
62  8.759424e+05  -4.157839e+03
63  1.961349e+06  -1.252260e+03
ENDPROP
STARTPROP
MASSES:  4.200000e-03   4.200000e-03
SOURCE: GAM_2
SINKS: GAM_2
0  1.154213e+06  8.501709e+02
1  1.910327e+06  -1.022668e+03
2  9.293733e+05  9.002242e+02
3  5.301598e+05  1.514555e+03
4  2.735122e+05  1.660849e+03
5  1.457128e+05  2.407125e+03
6  6.632722e+04  2.601216e+03
7  4.279800e+04  1.459999e+03
8  2.433911e+04  1.847403e+03
9  1.427789e+04  1.094870e+03
10  9.875389e+03  6.601851e+02
11  4.225754e+03  1.136344e+02
12  -2.913389e+02  -6.077478e+01
13  -7.231334e+03  -6.016887e+02
14  -9.561766e+03  -5.243432e+02
15  -1.066582e+04  -2.966682e+02
16  -7.113086e+03  -1.479458e+02
17  -4.269667e+03  -2.763557e+02
18  1.145228e+03  -2.556285e+02
19  4.640088e+03  -2.402254e+02
20  5.610787e+03  -2.049417e+02
21  5.473341e+03  -1.422753e+02
22  3.777364e+03  -7.309981e+01
23  2.151866e+03  -7.281154e+01
24  1.420295e+03  -3.644885e+00
25  1.077127e+03  6.971256e+01
26  9.885856e+02  1.329610e+02
27  -2.854633e+01  1.106904e+02
28  -5.609998e+02  4.405023e+01
29  -7.326022e+02  1.782419e+00
30  -7.729621e+02  -1.258664e+01
31  -4.823024e+02  -2.725057e+01
32  -2.019086e+02  -5.877278e+01
33  -2.122239e+01  -4.166661e+01
34  2.536468e+02  -2.580516e+01
35  4.108532e+02  -2.069472e+01
36  2.562799e+02  -4.900517e+01
37  -1.549134e+02  -6.919647e+01
38  -4.262177e+02  -8.072008e+01
39  -8.044108e+02  -8.817745e+01
40  -9.592831e+02  -9.204944e+01
41  -3.901836e+02  -5.722134e+01
42  -7.950123e+02  -4.701824e+01
43  -1.190822e+03  5.237563e+01
44  -1.605374e+03  1.220079e+02
45  -2.168086e+02  1.076184e+02
46  7.856471e+02  9.864690e+01
47  2.692620e+02  2.124528e+02
48  8.516661e+02  -4.704939e+01
49  2.309598e+03  -3.720793e+02
50  1.453579e+02  -3.971623e+02
51  -1.966407e+03  -1.916599e+02
52  -8.275089e+03  -7.494821e+01
53  -1.525996e+04  3.894893e+02
54  -1.520206e+04  6.580370e+02
55  -3.191497e+03  8.890199e+02
56  1.217532e+04  1.359373e+03
57  3.731180e+04  6.244163e+02
58  9.577949e+04  1.616372e+03
59  1.890307e+05  1.491113e+03
60  3.319950e+05  1.816453e+03
61  5.908035e+05  3.982337e+03
62  9.817243e+05  4.806263e+03
63  1.974760e+06  3.595030e+03
ENDPROP
STARTPROP
MASSES:  4.200000e-03   4.200000e-03
SOURCE: GAM_3
SINKS: GAM_3
0  1.218238e+06  5.133743e+02
1  2.039644e+06  -4.507416e+03
2  1.035518e+06  -3.079105e+03
3  5.659517e+05  -1.703011e+03
4  2.782308e+05  -2.078358e+03
5  1.064714e+05  -7.322065e+02
6  3.288643e+04  -7.532774e+02
7  4.263457e+03  -1.186230e+02
8  1.628270e+03  1.967236e+02
9  4.135495e+03  -9.418158e+02
10  9.179228e+03  -9.122479e+02
11  2.027853e+03  -2.546754e+02
12  -6.333267e+03  -1.823240e+02
13  -3.894275e+03  -5.325814e+02
14  -1.478818e+03  -3.708101e+02
15  -5.452829e+02  -4.780142e+02
16  -5.722881e+02  -4.813164e+02
17  -4.976687e+03  4.136800e+01
18  -5.528131e+03  3.665445e+02
19  -2.147513e+03  2.432231e+02
20  -1.588929e+02  5.586687e+01
21  -3.884944e+01  -3.734093e+01
22  1.638059e+03  1.767158e+01
23  1.669394e+03  2.857761e+01
24  6.742255e+02  2.453972e+01
25  3.997441e+02  1.322776e+01
26  6.349181e+02  -3.052240e+01
27  5.556562e+02  -2.594228e+00
28  1.234247e+03  2.439945e+01
29  1.437614e+03  7.598939e-01
30  1.362707e+03  1.228795e+01
31  1.292549e+03  -6.263286e+00
32  1.255741e+03  -3.513106e+01
33  1.133058e+03  -6.680174e+00
34  1.330883e+03  4.154449e+01
35  1.446107e+03  6.015683e+01
36  1.116920e+03  8.087925e+01
37  1.069692e+03  7.982850e+01
38  1.329708e+03  3.633398e+01
39  2.397231e+03  2.079009e+01
40  2.955279e+03  3.345454e+01
41  2.999568e+03  3.205500e+01
42  2.077605e+03  -1.828087e+01
43  2.219524e+03  -6.237433e+00
44  2.690550e+03  2.648712e+01
45  3.143199e+03  6.099647e+01
46  2.635623e+03  -3.811272e+01
47  2.095042e+03  5.326938e+01
48  2.092062e+03  9.469261e+01
49  -3.779488e+02  2.775007e+02
50  2.158751e+02  2.893012e+02
51  6.131949e+03  2.377456e+02
52  1.431448e+04  -1.235535e+00
53  1.630300e+04  -1.402638e+02
54  2.094098e+04  -7.000569e+02
55  2.657002e+04  -1.616989e+03
56  2.751318e+04  -2.109673e+03
57  4.194254e+04  -2.543367e+03
58  8.122036e+04  -2.705807e+03
59  1.628311e+05  -2.435086e+03
60  2.786779e+05  -1.319168e+03
61  5.396544e+05  1.199124e+03
62  9.836451e+05  2.052011e+03
63  1.984020e+06  3.901579e+03
ENDPROP
STARTPROP
MASSES:  4.200000e-03   4.200000e-03
SOURCE: GAM_4
SINKS: GAM_4
0  2.161795e+06  -7.444196e+00
1  -2.973092e+05  1.764064e+03
2  -7.512598e+03  5.126632e+02
3  -1.087326e+04  -7.427671e+01
4  2.984342e+03  6.097189e+02
5  -1.444419e+03  6.492464e+02
6  1.004416e+03  -5.133804e+01
7  2.187287e+03  -6.871239e+02
8  -9.457918e+02  -7.376022e+02
9  -3.021610e+03  -3.657399e+02
10  1.546760e+03  -2.489374e+02
11  -1.483209e+03  2.062626e+02
12  -3.471264e+02  3.346563e+02
13  -7.083892e+02  4.312066e+02
14  2.237634e+02  2.517466e+02
15  -5.081215e+02  1.213902e+02
16  -1.324861e+03  1.083820e+01
17  -3.437998e+02  2.936027e+01
18  -5.318500e+02  -7.433945e+00
19  -3.227365e+02  -3.863394e+01
20  -2.171440e+02  -9.979227e+01
21  -1.986689e+01  -6.958687e+01
22  -3.711831e+02  -4.739117e+01
23  -9.373534e+01  -4.006869e+01
24  -2.646176e+02  -1.022782e+01
25  -2.337827e+02  -3.178568e+01
26  -2.354964e+02  -3.668026e+01
27  -1.660834e+02  -7.910823e+01
28  -2.129497e+02  -8.745125e+01
29  -2.344661e+02  -6.853601e+01
30  -2.705269e+02  -7.242924e+01
31  -2.838101e+02  -5.907244e+01
32  -1.450309e+02  -5.643903e+01
33  -2.101725e+02  -2.850713e+01
34  -2.337829e+02  -2.231562e+01
35  -1.052436e+02  -3.024531e+01
36  -1.957158e+02  -3.510252e+01
37  -2.174647e+02  -3.992603e+01
38  -2.860177e+02  -4.045222e+01
39  -1.703734e+02  -2.553700e+01
40  -3.369354e+02  -1.415412e+01
41  -2.942958e+02  -1.311832e+01
42  -2.329380e+02  -1.848307e+01
43  -3.210591e+02  1.325972e+01
44  -4.955136e+02  2.634357e+01
45  -5.331292e+02  4.190909e+01
46  3.031320e+02  9.289354e+01
47  -2.919975e+02  9.672340e+01
48  5.437411e+02  6.177081e+01
49  -5.015716e+02  -5.728299e+00
50  3.659641e+02  7.464511e+01
51  1.009338e+03  -1.581340e+01
52  -6.399710e+02  -1.820633e+01
53  -1.208361e+03  -1.872948e+02
54  -7.898324e+02  -1.059897e+02
55  -1.124841e+03  -1.928265e+02
56  9.112861e+02  -1.670889e+02
57  -3.706931e+03  -4.501771e+02
58  -9.025032e+02  -6.481817e+02
59  7.760296e+02  -3.786091e+02
60  -1.006190e+03  -3.017293e+02
61  3.811393e+03  -8.886187e+02
62  -4.944003e+03  -1.796346e+03
63  -2.818976e+05  -3.014828e+03
ENDPROP
STARTPROP
MASSES:  4.200000e-03   4.200000e-03
SOURCE: GAM_5
SINKS: GAM_5
0  1.613444e+07  -1.369057e+04
1  1.558822e+07  -2.513112e+04
2  1.296097e+07  -2.424730e+04
3  1.123435e+07  -3.103729e+04
4  9.636266e+06  -2.935111e+04
5  8.112047e+06  -2.206758e+04
6  7.120922e+06  -1.616780e+04
7  5.888515e+06  -5.856130e+03
8  4.834705e+06  2.407270e+02
9  3.982616e+06  -1.226713e+03
10  3.350566e+06  2.316000e+03
11  2.821709e+06  5.228624e+03
12  2.375975e+06  4.858377e+03
13  1.960909e+06  3.072301e+03
14  1.582905e+06  1.765693e+03
15  1.305148e+06  1.924160e+03
16  1.070069e+06  2.723971e+03
17  8.820397e+05  1.961792e+03
18  7.381760e+05  1.638540e+03
19  6.159407e+05  1.774717e+03
20  5.098660e+05  2.319410e+03
21  4.347397e+05  2.395516e+03
22  3.745138e+05  1.847032e+03
23  3.134456e+05  1.206092e+03
24  2.625766e+05  1.175952e+03
25  2.211228e+05  1.075838e+03
26  1.883138e+05  1.021874e+03
27  1.636298e+05  1.009038e+03
28  1.468921e+05  8.719192e+02
29  1.331669e+05  7.319650e+02
30  1.188704e+05  4.906525e+02
31  1.074675e+05  2.421414e+02
32  1.019873e+05  4.423376e+01
33  1.027799e+05  -2.405294e+01
34  1.062200e+05  6.973241e-01
35  1.109600e+05  -8.460993e+01
36  1.194979e+05  -3.679508e+02
37  1.324306e+05  -7.121350e+02
38  1.508117e+05  -9.936017e+02
39  1.744836e+05  -9.584598e+02
40  2.044333e+05  -1.056060e+03
41  2.471293e+05  -1.348543e+03
42  3.016241e+05  -1.918361e+03
43  3.644087e+05  -2.613212e+03
44  4.340030e+05  -3.226407e+03
45  5.151462e+05  -3.467027e+03
46  6.167858e+05  -3.053040e+03
47  7.382186e+05  -2.234767e+03
48  8.933706e+05  -2.033409e+03
49  1.106987e+06  -1.425476e+03
50  1.366346e+06  -1.238806e+03
51  1.655162e+06  -1.525021e+03
52  1.963964e+06  1.439092e+03
53  2.317697e+06  3.216997e+03
54  2.843940e+06  4.586424e+03
55  3.484878e+06  5.844402e+03
56  4.191343e+06  1.514512e+03
57  4.999482e+06  -5.218218e+03
58  6.113971e+06  -9.600134e+03
59  7.656249e+06  -1.434277e+04
60  9.433966e+06  -1.468670e+04
61  1.143671e+07  -1.359913e+04
62  1.350184e+07  -1.030422e+04
63  1.612199e+07  -5.919466e+03
ENDPROP
STARTPROP
MASSES:  4.200000e-03   4.200000e-03
SOURCE: GAM_12
SINKS: GAM_12
0  6.586602e+05  2.102668e+03
1  -8.927258e+05  3.763234e+03
2  -3.051393e+05  2.782053e+03
3  -1.549838e+05  1.738924e+03
4  -9.658993e+04  7.697478e+02
5  -6.681669e+04  1.471658e+03
6  -3.131641e+04  1.106269e+03
7  -8.537095e+03  2.036020e+03
8  -7.938037e+03  1.292794e+03
9  -8.994360e+03  7.508475e+02
10  -8.864854e+03  9.360961e+02
11  -5.800098e+03  4.578428e+02
12  -6.838505e+03  1.305391e+02
13  -5.276881e+03  3.964430e+02
14  -4.219083e+03  2.235097e+02
15  -2.567042e+02  2.452452e+02
16  8.547474e+02  1.903291e+02
17  5.486725e+02  1.585962e+02
18  4.246937e+02  1.238458e+02
19  5.414517e+02  2.103606e+01
20  5.088262e+02  7.698318e+01
21  3.779720e+01  1.131167e+02
22  -1.919824e+02  2.177018e+02
23  1.560053e+02  8.576395e+01
24  3.406705e+02  -3.230494e+00
25  4.707875e+02  -7.080255e+01
26  2.037543e+02  -6.903546e+01
27  -1.696469e+02  -1.059954e+02
28  -3.458996e+02  -9.409370e+01
29  2.773747e+02  -4.874138e+01
30  4.759879e+02  -1.789148e+01
31  3.912296e+02  8.036785e-01
32  3.984732e+02  -3.438646e+00
33  4.493945e+02  -1.612973e+00
34  5.443015e+01  -2.454055e+01
35  5.180179e+01  -5.438194e+00
36  -8.071438e+01  -1.608438e+01
37  -6.478087e+01  -8.287114e+00
38  8.272462e+01  -3.771708e+00
39  1.253119e+01  4.488443e+00
40  4.655481e+02  1.787410e+01
41  7.905688e+02  5.435284e+01
42  1.133922e+03  5.834434e+00
43  1.733756e+03  7.568760e-01
44  2.018739e+03  -9.957436e+00
45  1.583529e+03  8.892627e+01
46  2.372205e+03  2.869378e+02
47  3.245868e+03  3.445357e+02
48  2.706251e+03  2.053081e+02
49  2.637808e+03  -1.531626e+01
50  1.436541e+03  3.590657e+00
51  2.308338e+03  1.908036e+02
52  1.965358e+03  2.323218e+02
53  -9.813592e+01  2.337495e+02
54  -4.253019e+03  8.306971e+01
55  -8.514612e+03  8.422262e+01
56  -7.156865e+03  6.145768e+02
57  -1.259038e+04  1.053110e+03
58  -9.890733e+03  1.430162e+03
59  -1.029136e+04  7.562854e+02
60  -2.402206e+04  7.621630e+02
61  -6.437929e+04  7.440718e+02
62  -2.094613e+05  -2.616879e+02
63  -8.227041e+05  -1.102510e+03
ENDPROP
STARTPROP
MASSES:  4.200000e-03   4.200000e-03
SOURCE: GAM_21
SINKS: GAM_21
0  6.586602e+05  2.102668e+03
1  -8.927258e+05  3.763234e+03
2  -3.051393e+05  2.782053e+03
3  -1.549838e+05  1.738924e+03
4  -9.658993e+04  7.697478e+02
5  -6.681669e+04  1.471658e+03
6  -3.131641e+04  1.106269e+03
7  -8.537095e+03  2.036020e+03
8  -7.938037e+03  1.292794e+03
9  -8.994360e+03  7.508475e+02
10  -8.864854e+03  9.360961e+02
11  -5.800098e+03  4.578428e+02
12  -6.838505e+03  1.305391e+02
13  -5.276881e+03  3.964430e+02
14  -4.219083e+03  2.235097e+02
15  -2.567042e+02  2.452452e+02
16  8.547474e+02  1.903291e+02
17  5.486725e+02  1.585962e+02
18  4.246937e+02  1.238458e+02
19  5.414517e+02  2.103606e+01
20  5.088262e+02  7.698318e+01
21  3.779720e+01  1.131167e+02
22  -1.919824e+02  2.177018e+02
23  1.560053e+02  8.576395e+01
24  3.406705e+02  -3.230494e+00
25  4.707875e+02  -7.080255e+01
26  2.037543e+02  -6.903546e+01
27  -1.696469e+02  -1.059954e+02
28  -3.458996e+02  -9.409370e+01
29  2.773747e+02  -4.874138e+01
30  4.759879e+02  -1.789148e+01
31  3.912296e+02  8.036785e-01
32  3.984732e+02  -3.438646e+00
33  4.493945e+02  -1.612973e+00
34  5.443015e+01  -2.454055e+01
35  5.180179e+01  -5.438194e+00
36  -8.071438e+01  -1.608438e+01
37  -6.478087e+01  -8.287114e+00
38  8.272462e+01  -3.771708e+00
39  1.253119e+01  4.488443e+00
40  4.655481e+02  1.787410e+01
41  7.905688e+02  5.435284e+01
42  1.133922e+03  5.834434e+00
43  1.733756e+03  7.568760e-01
44  2.018739e+03  -9.957436e+00
45  1.583529e+03  8.892627e+01
46  2.372205e+03  2.869378e+02
47  3.245868e+03  3.445357e+02
48  2.706251e+03  2.053081e+02
49  2.637808e+03  -1.531626e+01
50  1.436541e+03  3.590657e+00
51  2.308338e+03  1.908036e+02
52  1.965358e+03  2.323218e+02
53  -9.813592e+01  2.337495e+02
54  -4.253019e+03  8.306971e+01
55  -8.514612e+03  8.422262e+01
56  -7.156865e+03  6.145768e+02
57  -1.259038e+04  1.053110e+03
58  -9.890733e+03  1.430162e+03
59  -1.029136e+04  7.562854e+02
60  -2.402206e+04  7.621630e+02
61  -6.437929e+04  7.440718e+02
62  -2.094613e+05  -2.616879e+02
63  -8.227041e+05  -1.102510e+03
ENDPROP
STARTPROP
MASSES:  4.200000e-03   4.200000e-03
SOURCE: GAM_13
SINKS: GAM_13
0  7.718793e+05  -1.247451e+03
1  -7.948732e+05  1.259409e+03
2  -2.357406e+05  1.245789e+03
3  -1.104371e+05  5.838248e+02
4  -5.759514e+04  -1.706365e+02
5  -3.858533e+04  -6.048342e+01
6  -3.259390e+04  4.874000e+02
7  -1.513138e+04  7.267019e+02
8  -4.312013e+03  9.872932e+02
9  4.597598e+02  2.388008e+02
10  -1.022793e+03  4.301448e+02
11  -3.778573e+03  3.035231e+02
12  -1.344184e+04  2.944308e+02
13  -1.296378e+04  1.082976e+01
14  -6.155785e+03  -1.245125e+02
15  -2.799838e+03  -3.495165e+01
16  -1.785744e+03  -7.414101e+01
17  -6.435590e+02  -1.615434e+01
18  -1.383489e+03  6.089757e+01
19  -3.841066e+02  -4.227052e+00
20  -3.894765e+02  1.925915e+01
21  -1.390439e+03  -7.007313e+01
22  -1.506841e+03  -1.407253e+02
23  -1.393455e+03  -9.925450e+01
24  -1.029822e+03  3.239414e+00
25  -5.754090e+02  6.632776e+01
26  -2.535751e+02  3.122130e+01
27  -4.193455e+02  -2.618259e+01
28  -3.260869e+02  -1.529992e+01
29  1.406470e+02  6.925376e+00
30  2.177034e+02  7.019641e+01
31  5.832489e+01  7.185482e+01
32  -3.380143e+01  4.856789e+01
33  -2.067040e+02  4.046689e+00
34  -3.833504e+02  -4.113717e+00
35  -3.334352e+02  1.067673e+00
36  -1.412984e+02  4.130718e+00
37  -2.141715e+00  8.533229e+00
38  -1.842035e+01  -1.042067e+01
39  -2.013374e+02  -7.108374e+00
40  -5.281588e+02  -3.503374e+01
41  2.951435e+02  -6.469602e+01
42  1.342633e+03  -1.269104e+02
43  1.992133e+03  -1.411900e+02
44  2.119150e+03  -1.803388e+02
45  1.906779e+03  -1.852635e+02
46  2.062665e+03  -7.876112e+01
47  8.217967e+02  4.616045e+01
48  -9.164675e+02  -3.727595e+01
49  -2.487438e+03  5.651057e+01
50  -5.554347e+02  3.621259e+02
51  5.342030e+03  6.510471e+02
52  5.104023e+03  8.694952e+02
53  2.249725e+03  6.606230e+02
54  2.830509e+03  4.784249e+02
55  8.330601e+03  6.772696e+02
56  1.709978e+04  5.076407e+02
57  1.434998e+04  6.112550e+02
58  1.252831e+04  5.542172e+02
59  -3.887854e+03  -1.355362e+03
60  7.926434e+03  -2.088779e+03
61  -1.674231e+04  -2.249975e+03
62  -1.274491e+05  -9.045600e+02
63  -6.884785e+05  -1.251294e+03
ENDPROP
STARTPROP
MASSES:  4.200000e-03   4.200000e-03
SOURCE: GAM_31
SINKS: GAM_31
0  7.718793e+05  -1.247451e+03
1  -7.948732e+05  1.259409e+03
2  -2.357406e+05  1.245789e+03
3  -1.104371e+05  5.838248e+02
4  -5.759514e+04  -1.706365e+02
5  -3.858533e+04  -6.048342e+01
6  -3.259390e+04  4.874000e+02
7  -1.513138e+04  7.267019e+02
8  -4.312013e+03  9.872932e+02
9  4.597598e+02  2.388008e+02
10  -1.022793e+03  4.301448e+02
11  -3.778573e+03  3.035231e+02
12  -1.344184e+04  2.944308e+02
13  -1.296378e+04  1.082976e+01
14  -6.155785e+03  -1.245125e+02
15  -2.799838e+03  -3.495165e+01
16  -1.785744e+03  -7.414101e+01
17  -6.435590e+02  -1.615434e+01
18  -1.383489e+03  6.089757e+01
19  -3.841066e+02  -4.227052e+00
20  -3.894765e+02  1.925915e+01
21  -1.390439e+03  -7.007313e+01
22  -1.506841e+03  -1.407253e+02
23  -1.393455e+03  -9.925450e+01
24  -1.029822e+03  3.239414e+00
25  -5.754090e+02  6.632776e+01
26  -2.535751e+02  3.122130e+01
27  -4.193455e+02  -2.618259e+01
28  -3.260869e+02  -1.529992e+01
29  1.406470e+02  6.925376e+00
30  2.177034e+02  7.019641e+01
31  5.832489e+01  7.185482e+01
32  -3.380143e+01  4.856789e+01
33  -2.067040e+02  4.046689e+00
34  -3.833504e+02  -4.113717e+00
35  -3.334352e+02  1.067673e+00
36  -1.412984e+02  4.130718e+00
37  -2.141715e+00  8.533229e+00
38  -1.842035e+01  -1.042067e+01
39  -2.013374e+02  -7.108374e+00
40  -5.281588e+02  -3.503374e+01
41  2.951435e+02  -6.469602e+01
42  1.342633e+03  -1.269104e+02
43  1.992133e+03  -1.411900e+02
44  2.119150e+03  -1.803388e+02
45  1.906779e+03  -1.852635e+02
46  2.062665e+03  -7.876112e+01
47  8.217967e+02  4.616045e+01
48  -9.164675e+02  -3.727595e+01
49  -2.487438e+03  5.651057e+01
50  -5.554347e+02  3.621259e+02
51  5.342030e+03  6.510471e+02
52  5.104023e+03  8.694952e+02
53  2.249725e+03  6.606230e+02
54  2.830509e+03  4.784249e+02
55  8.330601e+03  6.772696e+02
56  1.709978e+04  5.076407e+02
57  1.434998e+04  6.112550e+02
58  1.252831e+04  5.542172e+02
59  -3.887854e+03  -1.355362e+03
60  7.926434e+03  -2.088779e+03
61  -1.674231e+04  -2.249975e+03
62  -1.274491e+05  -9.045600e+02
63  -6.884785e+05  -1.251294e+03
ENDPROP
STARTPROP
MASSES:  4.200000e-03   4.200000e-03
SOURCE: GAM_14
SINKS: GAM_14
0  -6.684365e+04  2.242834e+03
1  1.337566e+06  -9.170229e+02
2  6.145510e+05  3.400360e+02
3  3.315680e+05  1.115646e+03
4  1.974577e+05  8.404626e+01
5  1.027661e+05  -6.334354e+02
6  5.373101e+04  -1.286789e+03
7  3.203979e+04  -8.880694e+02
8  1.814410e+04  -1.714308e+02
9  1.560674e+04  2.551715e+02
10  1.667039e+04  -2.628571e+02
11  7.348029e+03  9.141387e+00
12  6.268944e+03  -3.677005e+02
13  4.485569e+03  -9.686365e+02
14  4.173058e+03  -4.566356e+02
15  2.688578e+03  -4.959364e+02
16  5.300470e+02  -3.072602e+02
17  -2.246041e+03  -1.544148e+02
18  -2.964251e+03  -6.574540e+01
19  -3.195890e+03  -1.282445e+02
20  -2.810215e+03  -2.731095e+02
21  -1.428177e+03  -2.350700e+02
22  -3.556996e+02  -9.240928e+01
23  -3.160566e+02  -3.832002e+01
24  -1.929701e+02  3.501021e+01
25  -5.397986e+02  5.114729e+01
26  -1.483073e+03  2.201180e+01
27  -1.482766e+03  1.496910e+00
28  -9.670764e+02  1.334342e+01
29  -4.358174e+02  3.158084e+01
30  -3.793901e+02  1.455855e+01
31  -7.057920e+02  1.241319e+01
32  -6.651926e+02  1.378911e+01
33  -4.331914e+02  -2.020161e+00
34  -4.348823e+02  -2.454671e+00
35  -4.970487e+02  -1.942152e+01
36  -5.787205e+02  -3.963363e+01
37  -6.600165e+02  -6.229977e+01
38  -9.238010e+02  -4.719437e+01
39  -9.714152e+02  5.336448e+00
40  -1.171067e+03  2.800952e+01
41  -9.590282e+02  4.706326e+01
42  -1.110364e+03  8.651246e+01
43  -1.470024e+03  7.966261e+01
44  -1.103851e+03  8.433711e+00
45  -1.317868e+03  -1.853252e+01
46  1.083588e+01  -4.912614e+01
47  1.951478e+03  -4.701815e+01
48  -7.833505e+02  5.371990e+01
49  -4.545194e+03  9.637537e+01
50  -8.776665e+03  5.845295e+01
51  -5.713589e+03  4.074281e+02
52  -5.002933e+03  4.436766e+02
53  2.164721e+03  2.656853e+02
54  9.281274e+03  5.731237e+02
55  7.496175e+03  9.774938e+02
56  9.543165e+03  1.121097e+03
57  1.542424e+04  1.416936e+03
58  4.282973e+04  7.339307e+02
59  8.962981e+04  -3.565548e+02
60  1.656126e+05  -7.532277e+02
61  3.071439e+05  5.856663e+02
62  5.741296e+05  1.211038e+03
63  1.333383e+06  3.821924e+03
ENDPROP
STARTPROP
MASSES:  4.200000e-03   4.200000e-03
SOURCE: GAM_41
SINKS: GAM_41
0  -6.684365e+04  2.242834e+03
1  1.337566e+06  -9.170229e+02
2  6.145510e+05  3.400360e+02
3  3.315680e+05  1.115646e+03
4  1.974577e+05  8.404626e+01
5  1.027661e+05  -6.334354e+02
6  5.373101e+04  -1.286789e+03
7  3.203979e+04  -8.880694e+02
8  1.814410e+04  -1.714308e+02
9  1.560674e+04  2.551715e+02
10  1.667039e+04  -2.628571e+02
11  7.348029e+03  9.141387e+00
12  6.268944e+03  -3.677005e+02
13  4.485569e+03  -9.686365e+02
14  4.173058e+03  -4.566356e+02
15  2.688578e+03  -4.959364e+02
16  5.300470e+02  -3.072602e+02
17  -2.246041e+03  -1.544148e+02
18  -2.964251e+03  -6.574540e+01
19  -3.195890e+03  -1.282445e+02
20  -2.810215e+03  -2.731095e+02
21  -1.428177e+03  -2.350700e+02
22  -3.556996e+02  -9.240928e+01
23  -3.160566e+02  -3.832002e+01
24  -1.929701e+02  3.501021e+01
25  -5.397986e+02  5.114729e+01
26  -1.483073e+03  2.201180e+01
27  -1.482766e+03  1.496910e+00
28  -9.670764e+02  1.334342e+01
29  -4.358174e+02  3.158084e+01
30  -3.793901e+02  1.455855e+01
31  -7.057920e+02  1.241319e+01
32  -6.651926e+02  1.378911e+01
33  -4.331914e+02  -2.020161e+00
34  -4.348823e+02  -2.454671e+00
35  -4.970487e+02  -1.942152e+01
36  -5.787205e+02  -3.963363e+01
37  -6.600165e+02  -6.229977e+01
38  -9.238010e+02  -4.719437e+01
39  -9.714152e+02  5.336448e+00
40  -1.171067e+03  2.800952e+01
41  -9.590282e+02  4.706326e+01
42  -1.110364e+03  8.651246e+01
43  -1.470024e+03  7.966261e+01
44  -1.103851e+03  8.433711e+00
45  -1.317868e+03  -1.853252e+01
46  1.083588e+01  -4.912614e+01
47  1.951478e+03  -4.701815e+01
48  -7.833505e+02  5.371990e+01
49  -4.545194e+03  9.637537e+01
50  -8.776665e+03  5.845295e+01
51  -5.713589e+03  4.074281e+02
52  -5.002933e+03  4.436766e+02
53  2.164721e+03  2.656853e+02
54  9.281274e+03  5.731237e+02
55  7.496175e+03  9.774938e+02
56  9.543165e+03  1.121097e+03
57  1.542424e+04  1.416936e+03
58  4.282973e+04  7.339307e+02
59  8.962981e+04  -3.565548e+02
60  1.656126e+05  -7.532277e+02
61  3.071439e+05  5.856663e+02
62  5.741296e+05  1.211038e+03
63  1.333383e+06  3.821924e+03
ENDPROP
STARTPROP
MASSES:  4.200000e-03   4.200000e-03
SOURCE: GAM_23
SINKS: GAM_23
0  8.369902e+05  -1.534542e+03
1  -7.148393e+05  2.454558e+03
2  -1.701356e+05  1.299626e+03
3  -6.766935e+04  3.795061e+02
4  1.606232e+04  9.875413e+02
5  3.263420e+04  9.434448e+02
6  4.313876e+04  1.073037e+03
7  3.478197e+04  5.891729e+02
8  2.302995e+04  7.019737e+02
9  9.530226e+03  1.261563e+03
10  4.220027e+03  7.854787e+02
11  3.314410e+03  2.336709e+02
12  -5.848934e+02  -2.250965e+02
13  -1.974975e+03  -3.261420e+02
14  -1.728233e+02  -4.341405e+02
15  -1.679706e+02  -4.956303e+02
16  -1.232368e+03  -4.366440e+02
17  -7.095508e+02  -3.600844e+02
18  -3.392440e+02  -2.718236e+02
19  -7.907036e+02  5.145592e+00
20  -5.556240e+02  6.831539e+01
21  2.128796e+02  -2.158327e+01
22  -2.649886e+02  9.832837e+01
23  -9.221270e+02  8.022703e+01
24  -8.195871e+02  6.956207e+01
25  -6.284177e+02  3.640633e+01
26  -2.928336e+02  4.527214e+00
27  -3.270615e+02  2.293042e+01
28  -4.136810e+02  1.873876e+01
29  -4.664199e+02  2.709656e+01
30  -5.699241e+01  5.559103e+01
31  1.412268e+02  7.566845e+01
32  -3.605657e+01  5.332425e+01
33  -8.030133e+01  5.355270e+01
34  -1.279327e+02  4.559363e+01
35  -2.043672e+01  2.093920e+01
36  -1.268914e+01  3.269244e+01
37  -7.264380e+01  4.161639e+01
38  -3.551073e+02  5.395490e+01
39  -8.147026e+02  3.149066e+01
40  -3.480195e+02  6.555777e+01
41  -3.970843e+01  5.800117e+01
42  -1.575944e+01  6.419619e+01
43  5.102271e+02  8.621242e+01
44  1.508022e+03  1.038226e+02
45  2.792575e+03  2.318399e+02
46  4.891802e+03  2.553887e+02
47  5.505822e+03  2.878833e+02
48  4.319841e+03  2.663484e+02
49  5.036973e+02  8.131161e+01
50  3.905503e+01  3.091498e+02
51  -2.849737e+03  4.166319e+02
52  -8.804205e+03  5.265674e+02
53  -9.924361e+03  5.908303e+02
54  -7.433380e+03  8.766820e+02
55  -6.964303e+02  7.444117e+02
56  -4.174161e+03  4.277192e+02
57  -2.825680e+03  5.289908e+00
58  3.937745e+02  -5.924517e+02
59  9.067509e+03  -1.162071e+03
60  6.345931e+02  -2.246244e+03
61  -4.460960e+04  -4.106949e+03
62  -1.583253e+05  -4.218854e+03
63  -7.148719e+05  -4.385165e+03
ENDPROP
STARTPROP
MASSES:  4.200000e-03   4.200000e-03
SOURCE: GAM_32
SINKS: GAM_32
0  8.369902e+05  -1.534542e+03
1  -7.148393e+05  2.454558e+03
2  -1.701356e+05  1.299626e+03
3  -6.766935e+04  3.795061e+02
4  1.606232e+04  9.875413e+02
5  3.263420e+04  9.434448e+02
6  4.313876e+04  1.073037e+03
7  3.478197e+04  5.891729e+02
8  2.302995e+04  7.019737e+02
9  9.530226e+03  1.261563e+03
10  4.220027e+03  7.854787e+02
11  3.314410e+03  2.336709e+02
12  -5.848934e+02  -2.250965e+02
13  -1.974975e+03  -3.261420e+02
14  -1.728233e+02  -4.341405e+02
15  -1.679706e+02  -4.956303e+02
16  -1.232368e+03  -4.366440e+02
17  -7.095508e+02  -3.600844e+02
18  -3.392440e+02  -2.718236e+02
19  -7.907036e+02  5.145592e+00
20  -5.556240e+02  6.831539e+01
21  2.128796e+02  -2.158327e+01
22  -2.649886e+02  9.832837e+01
23  -9.221270e+02  8.022703e+01
24  -8.195871e+02  6.956207e+01
25  -6.284177e+02  3.640633e+01
26  -2.928336e+02  4.527214e+00
27  -3.270615e+02  2.293042e+01
28  -4.136810e+02  1.873876e+01
29  -4.664199e+02  2.709656e+01
30  -5.699241e+01  5.559103e+01
31  1.412268e+02  7.566845e+01
32  -3.605657e+01  5.332425e+01
33  -8.030133e+01  5.355270e+01
34  -1.279327e+02  4.559363e+01
35  -2.043672e+01  2.093920e+01
36  -1.268914e+01  3.269244e+01
37  -7.264380e+01  4.161639e+01
38  -3.551073e+02  5.395490e+01
39  -8.147026e+02  3.149066e+01
40  -3.480195e+02  6.555777e+01
41  -3.970843e+01  5.800117e+01
42  -1.575944e+01  6.419619e+01
43  5.102271e+02  8.621242e+01
44  1.508022e+03  1.038226e+02
45  2.792575e+03  2.318399e+02
46  4.891802e+03  2.553887e+02
47  5.505822e+03  2.878833e+02
48  4.319841e+03  2.663484e+02
49  5.036973e+02  8.131161e+01
50  3.905503e+01  3.091498e+02
51  -2.849737e+03  4.166319e+02
52  -8.804205e+03  5.265674e+02
53  -9.924361e+03  5.908303e+02
54  -7.433380e+03  8.766820e+02
55  -6.964303e+02  7.444117e+02
56  -4.174161e+03  4.277192e+02
57  -2.825680e+03  5.289908e+00
58  3.937745e+02  -5.924517e+02
59  9.067509e+03  -1.162071e+03
60  6.345931e+02  -2.246244e+03
61  -4.460960e+04  -4.106949e+03
62  -1.583253e+05  -4.218854e+03
63  -7.148719e+05  -4.385165e+03
ENDPROP
STARTPROP
MASSES:  4.200000e-03   4.200000e-03
SOURCE: GAM_24
SINKS: GAM_24
0  -8.475797e+04  -5.807342e+02
1  1.292143e+06  5.781705e+02
2  5.401749e+05  2.713441e+03
3  2.872141e+05  9.094240e+02
4  1.377611e+05  -4.720997e+02
5  6.130312e+04  -1.061260e+03
6  3.792038e+04  -1.597591e+02
7  1.960792e+04  -1.349189e+03
8  2.062157e+04  -1.834883e+02
9  1.380539e+04  2.134496e+02
10  1.127385e+04  1.278872e+03
11  7.687418e+03  7.233506e+02
12  -6.141282e+03  3.871795e+02
13  -6.259241e+03  5.987205e+02
14  -5.345274e+03  1.292481e+02
15  -3.592492e+03  3.546998e+02
16  -4.731939e+03  2.716152e+02
17  -4.443056e+03  2.281980e+02
18  -3.298514e+03  1.704993e+02
19  -1.853879e+03  -1.758354e+01
20  -1.269389e+03  -1.124310e+02
21  -2.107404e+03  -1.962966e+01
22  -1.752838e+03  -4.113655e+01
23  -7.731411e+02  -7.157584e+01
24  4.988819e+02  -1.002839e+02
25  5.310942e+02  -5.850177e+01
26  -2.722047e+02  -1.559526e+01
27  -4.352246e+02  -2.505340e+01
28  3.657147e+02  -8.774928e+01
29  6.622718e+02  -1.203651e+02
30  4.026927e+02  -1.093118e+02
31  2.351198e+02  -9.681328e+01
32  2.745527e+02  -5.462822e+01
33  2.462315e+02  -3.651539e+01
34  2.992486e+01  -2.969756e+01
35  -2.064947e+02  -3.167056e+01
36  1.764090e+02  -3.572492e+01
37  4.495353e+02  -8.302184e+00
38  7.535202e+02  -1.889151e+01
39  8.023111e+02  -2.118646e+01
40  5.952404e+02  -6.053432e+01
41  -1.287594e+02  -2.539308e+01
42  2.457404e+02  4.048830e+01
43  -6.597183e+01  1.373653e+01
44  -1.027196e+03  1.199149e+02
45  -7.781654e+02  3.889882e+01
46  -2.818841e+02  -3.055045e+01
47  -4.385342e+02  1.154784e+02
48  4.929625e+02  3.870450e+02
49  3.451891e+03  4.346742e+02
50  7.161700e+03  1.932669e+02
51  4.943389e+03  2.437697e+02
52  6.353447e+02  3.993748e+02
53  -1.574747e+03  6.078482e+02
54  -6.260822e+02  8.748289e+02
55  -7.172349e+03  1.401453e+03
56  -2.925495e+03  1.892686e+03
57  1.482813e+04  1.719706e+03
58  3.754382e+04  6.392117e+02
59  7.125613e+04  -1.483042e+03
60  1.696100e+05  -1.537200e+03
61  3.019698e+05  -1.738608e+03
62  5.583263e+05  -1.658037e+03
63  1.308903e+06  -1.949381e+03
ENDPROP
STARTPROP
MASSES:  4.200000e-03   4.200000e-03
SOURCE: GAM_42
SINKS: GAM_42
0  -8.475797e+04  -5.807342e+02
1  1.292143e+06  5.781705e+02
2  5.401749e+05  2.713441e+03
3  2.872141e+05  9.094240e+02
4  1.377611e+05  -4.720997e+02
5  6.130312e+04  -1.061260e+03
6  3.792038e+04  -1.597591e+02
7  1.960792e+04  -1.349189e+03
8  2.062157e+04  -1.834883e+02
9  1.380539e+04  2.134496e+02
10  1.127385e+04  1.278872e+03
11  7.687418e+03  7.233506e+02
12  -6.141282e+03  3.871795e+02
13  -6.259241e+03  5.987205e+02
14  -5.345274e+03  1.292481e+02
15  -3.592492e+03  3.546998e+02
16  -4.731939e+03  2.716152e+02
17  -4.443056e+03  2.281980e+02
18  -3.298514e+03  1.704993e+02
19  -1.853879e+03  -1.758354e+01
20  -1.269389e+03  -1.124310e+02
21  -2.107404e+03  -1.962966e+01
22  -1.752838e+03  -4.113655e+01
23  -7.731411e+02  -7.157584e+01
24  4.988819e+02  -1.002839e+02
25  5.310942e+02  -5.850177e+01
26  -2.722047e+02  -1.559526e+01
27  -4.352246e+02  -2.505340e+01
28  3.657147e+02  -8.774928e+01
29  6.622718e+02  -1.203651e+02
30  4.026927e+02  -1.093118e+02
31  2.351198e+02  -9.681328e+01
32  2.745527e+02  -5.462822e+01
33  2.462315e+02  -3.651539e+01
34  2.992486e+01  -2.969756e+01
35  -2.064947e+02  -3.167056e+01
36  1.764090e+02  -3.572492e+01
37  4.495353e+02  -8.302184e+00
38  7.535202e+02  -1.889151e+01
39  8.023111e+02  -2.118646e+01
40  5.952404e+02  -6.053432e+01
41  -1.287594e+02  -2.539308e+01
42  2.457404e+02  4.048830e+01
43  -6.597183e+01  1.373653e+01
44  -1.027196e+03  1.199149e+02
45  -7.781654e+02  3.889882e+01
46  -2.818841e+02  -3.055045e+01
47  -4.385342e+02  1.154784e+02
48  4.929625e+02  3.870450e+02
49  3.451891e+03  4.346742e+02
50  7.161700e+03  1.932669e+02
51  4.943389e+03  2.437697e+02
52  6.353447e+02  3.993748e+02
53  -1.574747e+03  6.078482e+02
54  -6.260822e+02  8.748289e+02
55  -7.172349e+03  1.401453e+03
56  -2.925495e+03  1.892686e+03
57  1.482813e+04  1.719706e+03
58  3.754382e+04  6.392117e+02
59  7.125613e+04  -1.483042e+03
60  1.696100e+05  -1.537200e+03
61  3.019698e+05  -1.738608e+03
62  5.583263e+05  -1.658037e+03
63  1.308903e+06  -1.949381e+03
ENDPROP
STARTPROP
MASSES:  4.200000e-03   4.200000e-03
SOURCE: GAM_34
SINKS: GAM_34
0  -9.989683e+04  9.692552e+02
1  1.337518e+06  -1.542869e+03
2  6.152438e+05  -2.782564e+02
3  3.666635e+05  2.829068e+02
4  2.022781e+05  -1.026095e+03
5  1.193239e+05  -2.190348e+03
6  6.182542e+04  -1.643402e+03
7  4.959970e+04  -1.323816e+03
8  3.528531e+04  -1.211029e+02
9  1.441813e+04  2.647814e+02
10  2.724566e+03  5.414643e+02
11  -1.250816e+03  2.341331e+02
12  -7.368940e+03  2.508545e+02
13  -8.877679e+03  -1.211903e+02
14  -1.047281e+04  -4.098810e+02
15  -9.998708e+03  -4.911510e+02
16  -7.111135e+03  -3.079869e+02
17  -3.566701e+03  -1.384582e+02
18  -4.325623e+03  -1.265367e+02
19  -2.802796e+03  -1.258599e+02
20  -9.889903e+02  -3.496791e+00
21  -9.387077e+02  1.132115e+02
22  -6.701784e+02  1.164622e+02
23  -1.387352e+02  6.367582e+01
24  3.632215e+02  5.515956e+01
25  5.178873e+02  2.395856e+01
26  2.961721e+02  7.139319e+01
27  1.389920e+02  4.069014e+01
28  5.712366e+01  2.809224e+01
29  -2.572568e+02  3.010467e+01
30  8.867579e+01  2.606281e+01
31  3.571773e+02  1.382218e+01
32  5.635382e+02  1.836920e+01
33  4.546132e+02  4.932654e+00
34  3.504859e+02  1.773816e-01
35  1.551634e+02  -2.647174e+01
36  -5.941572e+01  -3.227379e+00
37  -1.901866e+01  2.979547e+01
38  2.345788e+02  8.314026e+01
39  6.938953e-01  7.971065e+01
40  -4.170489e+02  8.197295e+01
41  -3.421828e+00  6.560460e+01
42  2.285702e+02  6.676584e+01
43  7.257181e+02  4.395000e+01
44  5.527785e+02  -2.770365e+01
45  -3.058893e+02  6.873686e+01
46  8.025819e+01  1.290402e+02
47  6.337841e+02  1.647657e+02
48  2.716432e+03  7.656850e+01
49  4.292279e+03  3.149369e+01
50  4.075288e+03  2.462709e+02
51  4.769567e+03  3.142431e+02
52  2.401248e+03  -1.040888e+02
53  7.753067e+03  -5.250267e+02
54  1.589105e+04  -9.770954e+02
55  2.160939e+04  -1.178105e+03
56  2.690305e+04  -1.134446e+03
57  3.053059e+04  -6.748447e+02
58  4.393835e+04  -1.208445e+03
59  6.800362e+04  -1.921527e+03
60  1.373676e+05  -2.424388e+03
61  2.967214e+05  -7.834711e+02
62  5.521166e+05  1.026227e+03
63  1.290059e+06  3.134812e+03
ENDPROP
STARTPROP
MASSES:  4.200000e-03   4.200000e-03
SOURCE: GAM_43
SINKS: GAM_43
0  -9.989683e+04  9.692552e+02
1  1.337518e+06  -1.542869e+03
2  6.152438e+05  -2.782564e+02
3  3.666635e+05  2.829068e+02
4  2.022781e+05  -1.026095e+03
5  1.193239e+05  -2.190348e+03
6  6.182542e+04  -1.643402e+03
7  4.959970e+04  -1.323816e+03
8  3.528531e+04  -1.211029e+02
9  1.441813e+04  2.647814e+02
10  2.724566e+03  5.414643e+02
11  -1.250816e+03  2.341331e+02
12  -7.368940e+03  2.508545e+02
13  -8.877679e+03  -1.211903e+02
14  -1.047281e+04  -4.098810e+02
15  -9.998708e+03  -4.911510e+02
16  -7.111135e+03  -3.079869e+02
17  -3.566701e+03  -1.384582e+02
18  -4.325623e+03  -1.265367e+02
19  -2.802796e+03  -1.258599e+02
20  -9.889903e+02  -3.496791e+00
21  -9.387077e+02  1.132115e+02
22  -6.701784e+02  1.164622e+02
23  -1.387352e+02  6.367582e+01
24  3.632215e+02  5.515956e+01
25  5.178873e+02  2.395856e+01
26  2.961721e+02  7.139319e+01
27  1.389920e+02  4.069014e+01
28  5.712366e+01  2.809224e+01
29  -2.572568e+02  3.010467e+01
30  8.867579e+01  2.606281e+01
31  3.571773e+02  1.382218e+01
32  5.635382e+02  1.836920e+01
33  4.546132e+02  4.932654e+00
34  3.504859e+02  1.773816e-01
35  1.551634e+02  -2.647174e+01
36  -5.941572e+01  -3.227379e+00
37  -1.901866e+01  2.979547e+01
38  2.345788e+02  8.314026e+01
39  6.938953e-01  7.971065e+01
40  -4.170489e+02  8.197295e+01
41  -3.421828e+00  6.560460e+01
42  2.285702e+02  6.676584e+01
43  7.257181e+02  4.395000e+01
44  5.527785e+02  -2.770365e+01
45  -3.058893e+02  6.873686e+01
46  8.025819e+01  1.290402e+02
47  6.337841e+02  1.647657e+02
48  2.716432e+03  7.656850e+01
49  4.292279e+03  3.149369e+01
50  4.075288e+03  2.462709e+02
51  4.769567e+03  3.142431e+02
52  2.401248e+03  -1.040888e+02
53  7.753067e+03  -5.250267e+02
54  1.589105e+04  -9.770954e+02
55  2.160939e+04  -1.178105e+03
56  2.690305e+04  -1.134446e+03
57  3.053059e+04  -6.748447e+02
58  4.393835e+04  -1.208445e+03
59  6.800362e+04  -1.921527e+03
60  1.373676e+05  -2.424388e+03
61  2.967214e+05  -7.834711e+02
62  5.521166e+05  1.026227e+03
63  1.290059e+06  3.134812e+03
ENDPROP
STARTPROP
MASSES:  4.200000e-03   4.200000e-03
SOURCE: GAM_15
SINKS: GAM_15
0  -2.707576e+05  -7.496180e+01
1  -1.233910e+06  2.869722e+03
2  -5.081107e+05  3.284284e+02
3  -2.848551e+05  2.043766e+02
4  -1.768197e+05  1.459085e+03
5  -8.490885e+04  1.244158e+03
6  -3.321209e+04  2.668961e+02
7  -2.008000e+04  4.924513e+02
8  -1.211539e+04  8.540248e+02
9  -2.043218e+04  1.669795e+03
10  -1.674299e+04  1.355228e+03
11  -4.346194e+03  6.181992e+02
12  3.316009e+03  2.295731e+01
13  5.306968e+03  2.091888e+02
14  1.125863e+04  1.973412e+02
15  1.241640e+04  1.060850e+02
16  9.800447e+03  3.306339e+01
17  8.055088e+03  -5.275292e+01
18  5.072121e+03  -7.634583e+01
19  2.199297e+03  -1.316799e+02
20  -1.940514e+02  -1.103846e+02
21  -1.382997e+03  -2.783190e+02
22  -1.101290e+03  -3.849251e+02
23  -5.988184e+02  -2.855412e+02
24  1.342597e+02  -1.702763e+02
25  2.005210e+02  -6.284591e+01
26  -3.760321e+02  -7.589462e+00
27  -2.259099e+02  -4.373117e+01
28  2.434339e+02  -6.518069e+01
29  3.224108e+02  -4.971476e+01
30  7.413636e+02  -4.013149e+01
31  6.596520e+02  -2.302468e+01
32  2.991179e+02  -9.620446e+00
33  5.621550e+02  -2.013161e+01
34  6.995858e+02  -2.043626e+01
35  6.974306e+02  -1.574120e+01
36  9.716159e+02  -9.099642e+00
37  9.671928e+02  -1.428836e+01
38  6.468761e+02  5.496960e+01
39  5.694370e+02  1.037637e+02
40  3.716079e+02  6.810581e+01
41  2.578570e+01  -3.940221e+00
42  -3.178483e+02  3.905023e+01
43  -8.701742e+02  7.979683e+01
44  -6.016483e+01  -1.106463e+01
45  1.286043e+03  -3.329629e+01
46  8.656913e+02  4.153390e+01
47  1.911484e+02  1.456214e+02
48  -8.416521e+02  3.048496e+02
49  -3.356411e+02  1.983958e+02
50  -7.207833e+02  -1.473019e+02
51  6.369446e+01  -5.879663e+01
52  -2.701836e+03  1.056677e+02
53  -5.295405e+03  -2.083149e+02
54  -5.952786e+03  -6.654123e+02
55  1.572463e+03  -1.223596e+03
56  -2.070682e+03  -1.262242e+03
57  -8.846486e+03  -1.663267e+03
58  -1.456235e+04  -2.034202e+03
59  -2.896088e+04  -2.117321e+03
60  -6.684306e+04  -1.778455e+03
61  -1.228568e+05  -1.720636e+03
62  -3.610654e+05  -3.253881e+03
63  -1.198395e+06  -3.902197e+03
ENDPROP
STARTPROP
MASSES:  4.200000e-03   4.200000e-03
SOURCE: GAM_25
SINKS: GAM_25
0  -2.836925e+05  3.088357e+03
1  -1.275665e+06  4.270930e+03
2  -5.107808e+05  1.771674e+03
3  -2.522005e+05  2.741057e+02
4  -1.217333e+05  8.044257e+02
5  -6.291717e+04  9.148539e+02
6  -3.438211e+04  1.143695e+03
7  -8.573743e+03  1.562162e+03
8  2.667292e+02  1.557412e+03
9  4.402243e+03  1.226857e+03
10  3.499852e+03  1.775263e+03
11  -5.660310e+03  1.558030e+03
12  -1.542636e+04  8.544063e+02
13  -1.587847e+04  3.544339e+02
14  -1.972545e+04  4.602483e+02
15  -1.485931e+04  1.029548e+02
16  -7.759316e+03  -2.253010e+02
17  -2.594703e+03  -2.484735e+02
18  3.269319e+02  -4.189759e+02
19  1.756638e+02  -4.710070e+02
20  -3.639221e+02  -3.118077e+02
21  4.044665e+02  -7.574873e+01
22  -1.227008e+02  -2.523389e-01
23  -5.919231e+02  7.243864e+01
24  -1.035610e+03  5.503701e+01
25  -1.445466e+03  3.257873e+01
26  -1.751422e+03  4.368624e+01
27  -1.370597e+03  3.609109e+01
28  -1.010917e+03  8.244694e+01
29  -9.902521e+02  8.557899e+01
30  -7.219275e+02  8.284099e+01
31  -5.138936e+02  7.789910e+01
32  -3.490549e+02  5.341208e+01
33  -3.833737e+02  2.395570e+01
34  -3.049342e+02  2.516030e+00
35  -4.611555e+02  8.274760e+00
36  -9.348717e+02  3.718424e+01
37  -1.170868e+03  8.658406e+01
38  -9.877089e+02  9.939613e+01
39  -8.564972e+02  8.496845e+01
40  -3.529905e+02  9.043177e+01
41  1.091846e+02  1.125420e+02
42  -9.231979e+00  1.041776e+02
43  -2.893726e+02  1.166000e+02
44  -6.315703e+02  1.801492e+02
45  -2.567885e+02  2.760605e+02
46  5.585437e+01  1.341757e+02
47  4.884617e+02  -9.800891e+01
48  2.158486e+03  -5.155937e+02
49  1.219837e+03  -9.897824e+02
50  4.748726e+02  -1.276374e+03
51  -2.475703e+03  -1.588178e+03
52  -5.702545e+03  -1.694682e+03
53  -1.291197e+04  -1.338920e+03
54  -1.949737e+04  -1.085594e+03
55  -1.658949e+04  -5.018171e+02
56  -1.634437e+04  5.495569e+02
57  -1.690692e+04  1.911272e+03
58  -1.874628e+04  2.089170e+03
59  -3.334203e+04  2.153852e+03
60  -9.036446e+04  1.090473e+03
61  -2.180496e+05  4.067485e+02
62  -4.336296e+05  1.585387e+02
63  -1.226308e+06  6.270959e+02
ENDPROP
STARTPROP
MASSES:  4.200000e-03   4.200000e-03
SOURCE: GAM_35
SINKS: GAM_35
0  -1.760321e+05  1.175576e+03
1  -1.119104e+06  4.186863e+03
2  -3.721670e+05  2.818092e+03
3  -1.350169e+05  1.052573e+03
4  -4.701991e+04  1.490441e+03
5  -1.144825e+04  2.682962e+03
6  -2.815155e+04  2.763497e+03
7  -3.140902e+04  1.700417e+03
8  -1.625242e+04  5.318275e+02
9  -1.505786e+04  4.550556e+02
10  -1.404946e+04  3.784765e+02
11  -7.866962e+03  6.399798e+02
12  -5.047341e+03  7.605483e+02
13  -5.109027e+03  4.677424e+02
14  -3.340989e+03  5.714712e+02
15  1.044294e+03  6.494010e+02
16  -7.615469e+02  6.079664e+02
17  -1.695500e+03  6.163012e+02
18  -5.968420e+02  2.627347e+02
19  9.950536e+02  -2.469517e+01
20  7.611119e+02  -1.223853e+02
21  1.206519e+01  -8.827269e+01
22  8.417298e+02  1.743597e+01
23  1.457765e+03  5.215232e+01
24  1.081075e+03  3.559564e+01
25  7.523264e+02  -3.102622e+01
26  1.018729e+03  -3.411148e+01
27  8.186946e+02  1.453549e+00
28  -9.740436e+01  1.125833e+01
29  -2.957367e+02  2.617263e+01
30  -5.169650e+02  1.403185e+01
31  -6.244751e+02  2.082444e+00
32  -4.702678e+02  2.764951e+01
33  -1.553062e+02  7.712266e+01
34  3.814541e+02  1.046677e+02
35  6.503777e+02  9.275529e+01
36  6.248511e+02  8.730364e+01
37  9.732810e+02  8.932435e+01
38  1.409971e+03  1.175965e+02
39  1.293348e+03  1.441319e+02
40  1.138889e+03  1.105360e+02
41  1.680152e+03  9.227344e+01
42  3.135103e+03  6.401717e+01
43  3.548018e+03  7.320772e+01
44  3.532753e+03  1.129703e+02
45  4.759630e+03  -1.060816e+02
46  5.088163e+03  -3.384518e+02
47  3.961820e+03  -3.035460e+02
48  1.958653e+03  -2.818890e+02
49  -3.045093e+03  -1.580617e+02
50  -6.710290e+03  -1.215524e+02
51  -5.104741e+03  -1.881901e+02
52  4.352946e+03  -1.502925e+02
53  1.745432e+04  -7.043945e+01
54  1.775183e+04  5.461204e+02
55  2.026051e+04  1.237154e+03
56  3.754948e+03  1.030376e+03
57  -5.718450e+03  -2.866629e+01
58  -3.577028e+04  -9.332413e+02
59  -9.504467e+04  -1.689429e+03
60  -1.318150e+05  -1.384379e+03
61  -2.011338e+05  -8.080027e+02
62  -3.880399e+05  8.354008e+02
63  -1.144394e+06  -2.436254e+02
ENDPROP
STARTPROP
MASSES:  4.200000e-03   4.200000e-03
SOURCE: GAM_45
SINKS: GAM_45
0  -1.715815e+06  1.385016e+02
1  6.707260e+05  -4.223108e+02
2  3.363965e+05  -6.217558e+01
3  2.751144e+05  -1.186234e+03
4  2.375184e+05  -1.772499e+03
5  1.919275e+05  -1.863943e+03
6  1.684654e+05  -1.014481e+03
7  1.375311e+05  -3.738178e+02
8  1.191581e+05  -2.044893e+02
9  1.032000e+05  -4.525719e+01
10  8.807409e+04  3.779917e+01
11  7.070954e+04  -1.677823e+01
12  6.000690e+04  -1.819666e+02
13  5.063811e+04  -4.016117e+02
14  4.158204e+04  -2.560762e+02
15  3.356578e+04  -2.058580e+02
16  2.613503e+04  -6.448135e+01
17  2.245765e+04  -6.877580e+01
18  1.816156e+04  1.053912e+02
19  1.514913e+04  1.352997e+02
20  1.252147e+04  9.614897e+01
21  1.091247e+04  8.376689e+01
22  9.426860e+03  9.454163e+01
23  7.497012e+03  7.133543e+01
24  6.301916e+03  7.795972e+01
25  5.771025e+03  8.215569e+01
26  5.112584e+03  5.712348e+01
27  4.309415e+03  4.481245e+01
28  3.805612e+03  5.457349e+01
29  3.337590e+03  3.053538e+01
30  2.902501e+03  4.571973e+01
31  2.646914e+03  6.557175e+01
32  2.371169e+03  5.226116e+01
33  2.352859e+03  6.714770e+01
34  2.253413e+03  6.487382e+01
35  2.416164e+03  5.559181e+01
36  2.346545e+03  4.959462e+01
37  2.636378e+03  5.620614e+01
38  3.395412e+03  6.719543e+01
39  3.939605e+03  4.411181e+01
40  4.300037e+03  7.554373e+01
41  5.435427e+03  5.428946e+01
42  6.816796e+03  8.645230e+01
43  8.173234e+03  8.681843e+01
44  1.056980e+04  1.072127e+02
45  1.227449e+04  1.163660e+02
46  1.571988e+04  1.095290e+02
47  1.928386e+04  1.161190e+02
48  2.284066e+04  2.045204e+02
49  2.910910e+04  1.768454e+02
50  3.601310e+04  2.665855e+02
51  4.239587e+04  2.878718e+02
52  5.256887e+04  6.846838e+02
53  6.576189e+04  1.035697e+03
54  7.872166e+04  1.227491e+03
55  9.762789e+04  1.383894e+03
56  1.157030e+05  1.315555e+03
57  1.449905e+05  9.493814e+02
58  1.673660e+05  9.410415e+02
59  2.044121e+05  6.052131e+02
60  2.466091e+05  1.945952e+03
61  2.855409e+05  3.142570e+03
62  3.364304e+05  3.211511e+03
63  6.687285e+05  3.629227e+03
ENDPROP
STARTPROP
MASSES:  4.200000e-03   4.200000e-03
SOURCE: PSAX4
SINKS: GAM_4
0  3.675825e+04  -5.163295e+02
1  1.777378e+06  -2.298204e+03
2  1.370665e+06  -4.373172e+03
3  1.141309e+06  -4.771788e+03
4  9.840070e+05  -4.813573e+03
5  8.119536e+05  -4.822633e+03
6  6.884191e+05  -3.328158e+03
7  5.676766e+05  -1.349969e+03
8  4.733714e+05  -3.730161e+02
9  4.022171e+05  2.173926e+01
10  3.393120e+05  7.977618e+02
11  2.752942e+05  4.534583e+02
12  2.281485e+05  6.363586e+02
13  1.839728e+05  3.821189e+01
14  1.495366e+05  1.130656e+02
15  1.246357e+05  -3.215438e+01
16  1.002044e+05  5.880918e+01
17  8.475631e+04  5.992432e+01
18  7.069017e+04  5.823647e+01
19  5.905109e+04  1.253129e+02
20  5.021439e+04  8.075962e+01
21  4.237412e+04  1.051847e+02
22  3.480178e+04  3.388727e+01
23  2.836410e+04  3.469344e+01
24  2.358022e+04  8.762220e+01
25  1.945581e+04  9.877732e+01
26  1.589625e+04  9.285502e+01
27  1.278301e+04  1.033221e+02
28  1.003135e+04  7.525980e+01
29  7.520320e+03  5.473007e+01
30  5.317827e+03  5.271520e+01
31  3.395037e+03  6.763946e+01
32  1.602289e+03  6.762140e+01
33  -2.629916e+02  6.064289e+01
34  -2.203624e+03  6.096685e+01
35  -4.069007e+03  6.744624e+01
36  -6.113239e+03  7.104610e+01
37  -8.500698e+03  7.930149e+01
38  -1.136190e+04  8.622956e+01
39  -1.455766e+04  1.412633e+02
40  -1.780284e+04  1.705829e+02
41  -2.197547e+04  1.902080e+02
42  -2.720711e+04  1.582628e+02
43  -3.312984e+04  1.806317e+02
44  -4.106088e+04  2.440789e+02
45  -4.880234e+04  2.650581e+02
46  -5.977108e+04  3.027286e+02
47  -7.014589e+04  3.681530e+02
48  -8.239896e+04  2.448481e+02
49  -1.014520e+05  3.338478e+02
50  -1.260238e+05  1.977364e+02
51  -1.501177e+05  2.813247e+02
52  -1.805896e+05  6.465948e+00
53  -2.183822e+05  -3.238744e+02
54  -2.641498e+05  -6.592127e+02
55  -3.257416e+05  -7.269914e+02
56  -3.901212e+05  -5.488644e+02
57  -4.744525e+05  4.025978e+02
58  -5.659998e+05  1.499457e+03
59  -6.845235e+05  2.425643e+03
60  -8.447775e+05  3.323257e+03
61  -1.033688e+06  3.333594e+03
62  -1.264335e+06  2.731321e+03
63  -1.693100e+06  1.113805e+03
ENDPROP
STARTPROP
MASSES:  4.200000e-03   4.200000e-03
SOURCE: WWPSAX4
SINKS: GAM_4
0  7.037283e+08  -4.137444e+07
1  1.138228e+09  -1.987752e+07
2  1.334330e+09  1.235265e+07
3  1.384525e+09  1.805516e+06
4  5.296635e+08  9.607271e+05
5  5.097579e+08  -7.597517e+06
6  2.711063e+08  -1.862112e+07
7  6.525806e+08  -1.049991e+07
8  2.510440e+08  1.350353e+07
9  2.185277e+08  5.297816e+06
10  1.963212e+08  -2.979758e+06
11  1.221094e+08  1.805714e+06
12  1.801459e+08  8.143795e+05
13  8.246457e+07  8.045284e+06
14  9.810881e+07  1.387581e+06
15  2.162843e+07  3.173206e+06
16  8.551061e+07  -1.745751e+06
17  4.547246e+07  -1.936569e+06
18  6.129924e+07  3.256780e+06
19  4.924135e+07  -1.094761e+06
20  3.481934e+07  6.946813e+05
21  3.632770e+06  -5.391006e+05
22  2.146778e+07  8.364107e+05
23  2.740950e+07  -1.070274e+04
24  1.842262e+07  1.003357e+06
25  9.231873e+06  1.974956e+05
26  9.685472e+06  -8.709871e+04
27  7.467431e+06  -2.177491e+05
28  8.407148e+06  1.023143e+05
29  1.196831e+06  2.274403e+05
30  3.273037e+06  -2.243648e+05
31  1.302801e+06  -1.802571e+05
32  1.923315e+06  4.821182e+04
33  -7.859181e+05  8.245258e+04
34  4.495852e+06  -6.136076e+04
35  2.481083e+06  3.778331e+05
36  -2.888686e+06  -1.442393e+05
37  -2.307982e+06  -1.971526e+05
38  -6.454242e+06  5.309540e+05
39  -7.088049e+06  -5.647115e+05
40  -6.261494e+06  2.184407e+05
41  -1.609405e+07  2.642759e+05
42  -2.373191e+07  -9.717194e+05
43  -2.643530e+07  1.284588e+06
44  -1.096187e+07  -4.649875e+05
45  -2.210180e+07  1.218383e+06
46  -7.720358e+07  2.234882e+06
47  -2.745036e+07  -1.101870e+06
48  -7.963527e+07  -2.161719e+05
49  -3.716984e+07  3.220484e+06
50  -1.065747e+08  2.643311e+06
51  -7.872497e+07  -2.457116e+06
52  -1.083346e+08  1.428587e+06
53  -1.295890e+08  -8.499604e+04
54  -3.015928e+08  2.668880e+06
55  -2.723933e+08  -1.563253e+06
56  -2.046321e+08  5.068056e+06
57  -1.973972e+08  1.145965e+06
58  -3.084406e+08  -6.630201e+05
59  -1.056856e+09  -1.230214e+07
60  -4.579001e+08  -1.792898e+07
61  -1.162288e+09  8.543891e+06
62  -1.338125e+09  -1.241533e+06
63  -1.337662e+09  -7.404551e+06
ENDPROP
STARTPROP
MASSES:  4.200000e-03   4.200000e-03
SOURCE: WWGAM_5
SINKS: GAM_5
0  1.858593e+10  -2.097323e+01
1  3.883504e+09  -6.787729e+06
2  4.244708e+09  9.901214e+06
3  3.650840e+09  -1.356109e+07
4  2.082325e+09  -6.968529e+06
5  2.036716e+09  8.446275e+06
6  1.881763e+09  5.020281e+06
7  1.822821e+09  -3.490360e+06
8  1.028522e+09  1.167909e+07
9  9.869036e+08  -1.050272e+06
10  8.281601e+08  3.424647e+06
11  5.933633e+08  -3.639547e+06
12  5.053485e+08  4.816868e+06
13  4.413858e+08  3.025541e+06
14  4.255519e+08  -1.791738e+05
15  3.134057e+08  -3.803619e+04
16  2.648139e+08  -1.356719e+06
17  2.492626e+08  -6.979078e+05
18  2.143760e+08  2.396380e+06
19  1.545167e+08  8.818490e+05
20  1.258489e+08  1.312207e+06
21  1.119229e+08  1.079190e+04
22  1.035151e+08  5.666776e+05
23  8.406966e+07  -5.684581e+05
24  6.016752e+07  1.227660e+06
25  7.055488e+07  -4.539542e+04
26  4.823458e+07  -7.959475e+04
27  4.301702e+07  2.460503e+05
28  3.409543e+07  -1.888274e+05
29  2.925857e+07  3.719050e+05
30  2.899736e+07  3.661958e+05
31  2.676453e+07  1.180945e+05
32  3.078866e+07  -2.646837e+04
33  2.599456e+07  -2.038057e+05
34  2.555750e+07  7.824306e+04
35  2.646510e+07  1.338354e+05
36  2.854173e+07  -3.142561e+04
37  3.460099e+07  -2.384574e+05
38  3.605713e+07  -6.616225e+05
39  4.900230e+07  5.157189e+05
40  5.964592e+07  2.905259e+04
41  6.975733e+07  4.327070e+05
42  7.444902e+07  1.067394e+05
43  8.216107e+07  -1.051878e+06
44  1.051676e+08  -1.017212e+06
45  1.302782e+08  -1.713493e+06
46  2.095353e+08  -5.010425e+06
47  2.210923e+08  -3.636143e+05
48  2.071823e+08  7.221885e+05
49  2.730820e+08  -3.046350e+06
50  3.143251e+08  -4.831165e+06
51  4.049662e+08  -2.726046e+06
52  4.787032e+08  4.536738e+06
53  4.922326e+08  -4.989062e+06
54  6.970867e+08  -6.149184e+06
55  9.113886e+08  4.731413e+06
56  1.078670e+09  2.967873e+06
57  9.905847e+08  -1.309978e+06
58  1.511048e+09  2.900855e+06
59  2.404168e+09  -1.972418e+06
60  2.399298e+09  1.419463e+06
61  2.794725e+09  6.098420e+06
62  3.685703e+09  1.818439e+06
63  4.491275e+09  3.030268e+06
ENDPROP
