STARTPROP
MASSES:  4.500000e-02   4.200000e-03
SOURCE: GAM_1
SINKS: GAM_1
0  1.294826e+06  -4.177227e+03
1  1.958494e+06  5.887481e+03
2  8.838071e+05  1.384153e+04
3  4.691291e+05  1.494021e+04
4  2.591056e+05  1.146728e+04
5  1.383600e+05  6.708502e+03
6  6.888769e+04  2.279481e+03
7  3.110167e+04  -9.682724e+02
8  1.058240e+04  -2.065350e+03
9  2.836237e+03  -2.406305e+03
10  1.357728e+01  -6.484605e+02
11  -1.496595e+02  -2.337429e+02
12  4.427049e+00  -2.837253e+02
13  1.965813e+02  -3.756511e+02
14  3.637312e+02  -2.490631e+02
15  8.214704e+01  -1.638556e+02
16  -5.714816e+01  -1.797630e+02
17  3.177986e+01  -2.358716e+02
18  5.679300e+01  -2.204514e+02
19  5.130531e+01  -1.706668e+02
20  4.126695e+01  -1.082138e+02
21  3.250595e+01  -5.537852e+01
22  2.107824e+01  -1.727803e+01
23  1.197904e+01  -1.332419e+01
24  1.073258e+01  -6.121820e+00
25  1.495698e+01  -5.651088e+00
26  1.239784e+01  1.137899e+00
27  5.758156e+00  2.764949e+00
28  1.510022e+00  6.981189e-01
29  1.378942e+00  1.272103e+00
30  2.617697e+00  4.662974e-01
31  3.619676e+00  -2.406311e-01
32  3.015497e+00  -1.172196e+00
33  2.194023e+00  -1.637186e+00
34  6.130956e-01  -8.382419e-01
35  -2.722048e+00  -5.467993e-01
36  -5.097642e+00  1.044557e+00
37  -4.754678e+00  1.030814e+00
38  -1.009507e+01  -3.925822e+00
39  -1.024003e+01  -1.013265e+01
40  -1.514792e+01  -1.180689e+01
41  -2.925680e+01  -1.608567e+01
42  -4.801418e+01  -2.879120e+01
43  -5.407355e+01  -2.271213e+01
44  -7.177260e+01  -2.901446e+01
45  -4.267846e+01  -6.376555e+01
46  -7.589027e+01  -7.607104e+01
47  -2.023787e+02  -1.869559e+01
48  -3.293955e+02  -6.394767e+01
49  -3.861048e+02  -2.080516e+02
50  -3.725293e+02  -3.037954e+02
51  -1.315187e+02  -5.579361e+02
52  -1.415872e+02  -7.922329e+02
53  4.027268e+02  -6.935966e+02
54  3.519950e+03  1.806533e+02
55  8.047860e+03  8.069921e+02
56  1.765904e+04  8.316089e+01
57  3.463803e+04  -5.275350e+02
58  7.000526e+04  -1.209660e+03
59  1.377645e+05  -3.589919e+03
60  2.589855e+05  -9.030057e+03
61  5.028572e+05  -1.119926e+04
62  9.353885e+05  -1.551606e+04
63  1.992502e+06  -1.684855e+04
ENDPROP
STARTPROP
MASSES:  4.500000e-02   4.200000e-03
SOURCE: GAM_2
SINKS: GAM_2
0  1.267514e+06  1.371636e+04
1  1.964937e+06  1.528271e+04
2  8.970862e+05  1.312309e+04
3  4.645571e+05  1.321203e+04
4  2.242610e+05  1.024221e+04
5  1.025537e+05  7.215318e+03
6  4.685006e+04  1.013465e+03
7  2.225703e+04  -4.349311e+02
8  1.009310e+04  -1.542588e+03
9  5.911927e+03  -7.392529e+02
10  3.684112e+03  -8.880664e+02
11  1.316932e+03  -5.431278e+01
12  -2.628830e+02  2.756980e+02
13  -5.621572e+02  4.711318e+02
14  -6.407959e+02  7.252320e+02
15  -5.854089e+02  4.029647e+02
16  -3.391912e+02  1.597590e+02
17  -1.086945e+02  1.238280e+02
18  -4.191411e+01  9.544625e+01
19  -2.707242e+01  7.993624e+01
20  -3.317698e+01  6.138469e+01
21  -3.161875e+01  1.367597e+01
22  -2.156266e+01  -2.587384e+01
23  -2.357071e+01  -1.469531e+01
24  -1.722362e+01  -9.835667e+00
25  -7.398134e+00  -3.161298e+00
26  -2.889149e+00  -4.536808e-01
27  -3.874701e+00  -3.929270e+00
28  -3.404591e+00  -3.322889e+00
29  -3.643840e+00  -2.082946e+00
30  -2.257045e+00  -1.703126e+00
31  -1.072112e+00  -1.156024e+00
32  4.846875e-01  1.204571e+00
33  2.651709e-01  2.426281e+00
34  -1.336260e+00  3.913638e+00
35  -5.529716e+00  4.478861e+00
36  -9.096182e+00  5.357968e+00
37  -1.009342e+01  7.450054e+00
38  -1.266747e+01  3.200106e+00
39  -1.230973e+01  -4.462327e+00
40  1.688803e+00  -1.478907e+01
41  1.806452e+01  -4.074701e+01
42  9.783126e+00  -7.345856e+01
43  -1.028965e+01  -1.213500e+02
44  -1.140703e+00  -1.594507e+02
45  -1.061798e+01  -1.636014e+02
46  -9.609104e+01  -8.699697e+01
47  -3.500921e+02  1.650165e+01
48  -6.653282e+02  2.049533e+02
49  -8.279533e+02  2.770778e+02
50  -8.671105e+02  1.546814e+02
51  -6.941950e+02  8.796224e+01
52  -6.329911e+02  -2.213381e+02
53  -5.705939e+02  1.464574e+02
54  7.367577e+02  1.145032e+03
55  5.261572e+03  7.792791e+02
56  1.421358e+04  1.051108e+03
57  3.128143e+04  1.639673e+03
58  6.849692e+04  4.498299e+03
59  1.413294e+05  5.334441e+03
60  2.659125e+05  4.071232e+03
61  4.953108e+05  3.946063e+03
62  9.353197e+05  2.321293e+02
63  1.984801e+06  -2.639653e+03
ENDPROP
STARTPROP
MASSES:  4.500000e-02   4.200000e-03
SOURCE: GAM_3
SINKS: GAM_3
0  1.384920e+06  2.717852e+03
1  2.070523e+06  2.200634e+03
2  9.623826e+05  2.494841e+02
3  5.129236e+05  -1.249325e+04
4  2.707645e+05  -1.922419e+04
5  1.317787e+05  -1.570842e+04
6  6.214492e+04  -9.246453e+03
7  3.291152e+04  -3.628309e+03
8  1.798786e+04  -3.051444e+03
9  1.127169e+04  -1.539875e+03
10  7.519566e+03  -7.714592e+02
11  5.234527e+03  -2.656760e+02
12  3.315355e+03  7.133257e+01
13  2.055374e+03  1.061260e+02
14  1.508786e+03  2.940437e+01
15  8.949088e+02  -2.498324e+01
16  5.045302e+02  -2.898860e+01
17  2.948837e+02  -5.381120e+01
18  1.746105e+02  -5.479846e+01
19  1.086476e+02  -2.053748e+01
20  7.053863e+01  -1.125236e+00
21  5.782129e+01  -1.617708e+01
22  3.748926e+01  -9.809818e+00
23  2.053693e+01  -5.874950e+00
24  8.317989e+00  -5.069528e+00
25  2.948853e-01  -1.401178e+00
26  -3.447433e+00  2.940603e+00
27  -9.759141e-01  3.790289e+00
28  -2.378689e-02  3.162468e+00
29  -5.078151e-02  3.262339e+00
30  -6.195191e-02  6.925276e-01
31  -8.506127e-01  -8.072245e-01
32  -1.523905e-01  -7.475709e-01
33  1.329827e+00  7.745308e-01
34  2.199593e+00  2.851632e+00
35  1.175099e+00  3.841796e+00
36  -2.323450e-01  5.625039e+00
37  -2.267691e+00  9.060152e+00
38  -4.690370e+00  6.172274e+00
39  -5.966753e+00  6.663229e+00
40  -7.804001e+00  3.646072e+00
41  -8.089458e+00  3.526899e+00
42  2.614241e+00  1.033330e+01
43  6.572402e-01  2.505671e+01
44  -3.603935e+01  4.394252e+01
45  -7.408265e+01  4.448398e+01
46  -7.234201e+01  5.303094e+01
47  -1.108301e+02  1.296461e+02
48  -2.167213e+02  2.947545e+02
49  -2.197902e+02  6.087919e+02
50  -1.748266e+02  8.767595e+02
51  4.571006e+02  1.199435e+03
52  1.894882e+03  1.760638e+03
53  3.633231e+03  2.289076e+03
54  6.899764e+03  3.093463e+03
55  1.057141e+04  3.704484e+03
56  1.734891e+04  4.962248e+03
57  3.767813e+04  5.123708e+03
58  7.597652e+04  4.444532e+03
59  1.496809e+05  2.626023e+03
60  2.853672e+05  -4.981036e+02
61  5.400323e+05  -5.254163e+03
62  9.694096e+05  -1.523292e+04
63  2.038472e+06  -1.616343e+04
ENDPROP
STARTPROP
MASSES:  4.500000e-02   4.200000e-03
SOURCE: GAM_4
SINKS: GAM_4
0  2.139092e+06  4.559461e+03
1  -2.892524e+05  2.977400e+03
2  1.605931e+03  4.630612e+03
3  1.413441e+03  4.121585e+03
4  1.783035e+03  3.110347e+03
5  3.424723e+03  4.492916e+03
6  3.129171e+03  3.277939e+03
7  2.035579e+03  2.589176e+03
8  1.071775e+03  1.716556e+03
9  6.274621e+02  1.133860e+03
10  -4.444519e+02  9.100608e+02
11  -3.784827e+02  1.225281e+03
12  -1.615502e+02  8.753844e+02
13  3.297151e+01  7.170768e+02
14  -1.010791e+02  5.494379e+02
15  -7.193840e+00  3.729724e+02
16  7.177279e+01  2.717379e+02
17  4.182604e+01  1.805654e+02
18  4.624618e+01  1.572489e+02
19  3.662818e+01  1.177643e+02
20  1.500483e+01  8.011358e+01
21  7.607178e+00  5.513864e+01
22  -1.192698e+00  3.802241e+01
23  -1.774850e-01  2.238659e+01
24  -3.135247e+00  1.678398e+01
25  -1.215347e+00  1.222846e+01
26  -3.022396e+00  1.135278e+01
27  -1.877084e+00  8.001248e+00
28  -2.005000e+00  6.684521e+00
29  -1.255398e+00  5.637812e+00
30  -1.390524e+00  3.663459e+00
31  -1.959122e+00  3.022046e+00
32  -2.260967e+00  1.813930e+00
33  -2.228421e+00  1.052101e+00
34  -2.400634e+00  5.921995e-02
35  -3.118777e+00  -5.658448e-01
36  -3.352107e+00  -1.791368e+00
37  -3.962164e+00  -2.680075e+00
38  -8.301012e+00  -4.889746e+00
39  -9.956476e+00  -8.322377e+00
40  -1.288459e+01  -1.396021e+01
41  -2.342093e+01  -1.705158e+01
42  -2.910622e+01  -1.988935e+01
43  -3.819894e+01  -3.201837e+01
44  -4.985020e+01  -4.469720e+01
45  -5.765512e+01  -4.372727e+01
46  -5.957886e+01  -5.395913e+01
47  -7.329140e+01  -3.516692e+01
48  -1.035559e+02  -3.381653e+01
49  -1.144846e+02  2.865046e+01
50  -4.344667e+01  7.286999e+01
51  1.964692e+01  2.949543e+02
52  1.064843e+02  5.184261e+02
53  3.132486e+02  5.140504e+02
54  3.539107e+02  6.586878e+02
55  2.997174e+02  7.939536e+02
56  1.235020e+03  8.016484e+02
57  1.103794e+03  3.578402e+02
58  1.345362e+03  5.086718e+02
59  2.567764e+03  8.740278e+02
60  6.520332e+02  -2.112624e+02
61  5.557331e+02  -1.318538e+03
62  -5.174392e+03  7.261742e+03
63  -2.851408e+05  7.057297e+03
ENDPROP
STARTPROP
MASSES:  4.500000e-02   4.200000e-03
SOURCE: GAM_5
SINKS: GAM_5
0  7.528647e+06  -1.374398e+04
1  7.311474e+06  2.471111e+04
2  5.070192e+06  4.264350e+04
3  3.629236e+06  4.442161e+04
4  2.594210e+06  4.049926e+04
5  1.871042e+06  3.345180e+04
6  1.291957e+06  2.420364e+04
7  8.736088e+05  1.465341e+04
8  5.869477e+05  6.131441e+03
9  4.009217e+05  1.663029e+03
10  2.764543e+05  -1.509165e+03
11  1.903919e+05  -3.291635e+03
12  1.289524e+05  -4.276109e+03
13  8.732993e+04  -3.370614e+03
14  6.036640e+04  -1.950652e+03
15  4.220197e+04  -1.483630e+03
16  2.941354e+04  -1.223014e+03
17  2.039643e+04  -6.939490e+02
18  1.394603e+04  -2.494096e+02
19  9.565867e+03  -1.342924e+02
20  6.442689e+03  -1.041145e+02
21  4.297146e+03  -5.305429e+01
22  2.957281e+03  -7.676550e+00
23  2.063532e+03  9.326123e+00
24  1.419396e+03  2.356572e+01
25  9.548249e+02  3.483847e+01
26  6.683838e+02  2.322762e+01
27  4.610075e+02  1.902200e+00
28  3.214317e+02  -4.723061e+00
29  2.327419e+02  -1.691284e+00
30  1.811057e+02  -2.473135e+00
31  1.562119e+02  -2.272497e+00
32  1.521058e+02  -4.318991e-01
33  1.632003e+02  1.537309e+00
34  1.957408e+02  1.824875e-01
35  2.518754e+02  -6.122169e+00
36  3.401828e+02  -1.148211e+01
37  4.660367e+02  -2.006964e+01
38  6.511984e+02  -1.934626e+01
39  9.190611e+02  -2.994237e+00
40  1.343443e+03  4.217403e+01
41  1.998145e+03  1.191157e+02
42  2.982530e+03  2.259908e+02
43  4.578464e+03  3.914678e+02
44  6.866784e+03  5.263056e+02
45  1.005028e+04  5.645012e+02
46  1.437415e+04  5.365779e+02
47  2.052210e+04  5.191136e+02
48  2.984036e+04  7.507740e+02
49  4.325873e+04  1.327883e+03
50  6.235373e+04  2.145869e+03
51  8.972530e+04  2.999908e+03
52  1.295131e+05  3.679763e+03
53  1.885989e+05  4.155007e+03
54  2.761566e+05  4.868882e+03
55  4.040984e+05  5.782708e+03
56  5.856600e+05  7.465131e+03
57  8.359171e+05  8.221426e+03
58  1.199476e+06  8.269010e+03
59  1.755624e+06  1.869079e+02
60  2.531227e+06  -1.922529e+04
61  3.630013e+06  -4.899332e+04
62  5.114983e+06  -6.758670e+04
63  7.360579e+06  -6.375176e+04
ENDPROP
STARTPROP
MASSES:  4.500000e-02   4.200000e-03
SOURCE: GAM_12
SINKS: GAM_12
0  8.804323e+05  4.921938e+03
1  -6.644932e+05  -4.189615e+02
2  -1.468735e+05  -4.898683e+03
3  -5.604653e+04  -6.594458e+03
4  -2.242886e+04  -7.940485e+03
5  -4.195843e+03  -7.177499e+03
6  3.519250e+03  -3.678496e+03
7  1.854315e+03  -2.369269e+03
8  -1.507782e+03  -2.021220e+02
9  -2.052975e+03  -1.186871e+03
10  -8.840751e+02  -5.220358e+02
11  -3.841772e+01  7.121962e+01
12  -3.898341e+01  3.329344e+02
13  1.558769e+01  2.634752e+02
14  5.438495e+01  1.957745e+02
15  2.782215e+01  2.900188e+01
16  3.603486e+01  2.965822e+01
17  -2.469463e+01  -5.300923e+00
18  -3.018383e+01  1.956868e+00
19  -1.265771e+01  1.420738e+01
20  2.440427e+01  -4.481219e+00
21  2.364872e+01  -2.922032e+00
22  8.179097e+00  3.642364e+00
23  8.252182e+00  4.721481e-01
24  1.207911e+00  -4.825629e-01
25  -1.678131e+00  3.836341e+00
26  -9.500313e-01  5.338513e+00
27  -1.880703e+00  2.692736e+00
28  -2.471849e+00  8.808688e-01
29  -1.931443e+00  -6.781339e-01
30  1.868366e-01  -2.033756e+00
31  6.536570e-01  -2.121083e+00
32  5.954087e-01  -1.651318e+00
33  4.086202e-01  -2.294030e+00
34  7.464582e-01  -1.464484e+00
35  2.635733e+00  6.430900e-02
36  2.728722e+00  1.268352e+00
37  2.326649e+00  2.767283e+00
38  3.102802e+00  4.340747e+00
39  1.557637e+00  9.108467e+00
40  -2.229601e+00  1.094648e+01
41  -2.468960e+00  1.267831e+01
42  -7.998216e+00  1.480560e+01
43  -1.799912e+01  3.396455e+01
44  -1.897919e+01  3.347288e+01
45  -3.539057e+01  2.526323e+01
46  -1.351474e+01  -2.510424e+01
47  -4.302265e+01  -4.574961e+01
48  -5.746894e+01  3.662109e+01
49  -1.601119e+00  5.904108e+01
50  2.478449e+02  2.377928e+02
51  1.179067e+02  3.625642e+02
52  -2.107810e+02  3.692434e+02
53  -6.441479e+02  2.604540e+02
54  -1.433559e+03  -3.181015e+02
55  -2.477935e+03  -4.894723e+02
56  -3.104661e+03  4.145906e+02
57  -4.109018e+03  9.100533e+02
58  -5.248465e+03  4.587502e+02
59  -1.112918e+04  -1.303420e+03
60  -2.330428e+04  -2.426982e+03
61  -6.208572e+04  -1.695107e+03
62  -1.579601e+05  6.590771e+03
63  -6.627121e+05  4.803653e+03
ENDPROP
STARTPROP
MASSES:  4.500000e-02   4.200000e-03
SOURCE: GAM_21
SINKS: GAM_21
0  8.804323e+05  4.921938e+03
1  -6.644932e+05  -4.189615e+02
2  -1.468735e+05  -4.898683e+03
3  -5.604653e+04  -6.594458e+03
4  -2.242886e+04  -7.940485e+03
5  -4.195843e+03  -7.177499e+03
6  3.519250e+03  -3.678496e+03
7  1.854315e+03  -2.369269e+03
8  -1.507782e+03  -2.021220e+02
9  -2.052975e+03  -1.186871e+03
10  -8.840751e+02  -5.220358e+02
11  -3.841772e+01  7.121962e+01
12  -3.898341e+01  3.329344e+02
13  1.558769e+01  2.634752e+02
14  5.438495e+01  1.957745e+02
15  2.782215e+01  2.900188e+01
16  3.603486e+01  2.965822e+01
17  -2.469463e+01  -5.300923e+00
18  -3.018383e+01  1.956868e+00
19  -1.265771e+01  1.420738e+01
20  2.440427e+01  -4.481219e+00
21  2.364872e+01  -2.922032e+00
22  8.179097e+00  3.642364e+00
23  8.252182e+00  4.721481e-01
24  1.207911e+00  -4.825629e-01
25  -1.678131e+00  3.836341e+00
26  -9.500313e-01  5.338513e+00
27  -1.880703e+00  2.692736e+00
28  -2.471849e+00  8.808688e-01
29  -1.931443e+00  -6.781339e-01
30  1.868366e-01  -2.033756e+00
31  6.536570e-01  -2.121083e+00
32  5.954087e-01  -1.651318e+00
33  4.086202e-01  -2.294030e+00
34  7.464582e-01  -1.464484e+00
35  2.635733e+00  6.430900e-02
36  2.728722e+00  1.268352e+00
37  2.326649e+00  2.767283e+00
38  3.102802e+00  4.340747e+00
39  1.557637e+00  9.108467e+00
40  -2.229601e+00  1.094648e+01
41  -2.468960e+00  1.267831e+01
42  -7.998216e+00  1.480560e+01
43  -1.799912e+01  3.396455e+01
44  -1.897919e+01  3.347288e+01
45  -3.539057e+01  2.526323e+01
46  -1.351474e+01  -2.510424e+01
47  -4.302265e+01  -4.574961e+01
48  -5.746894e+01  3.662109e+01
49  -1.601119e+00  5.904108e+01
50  2.478449e+02  2.377928e+02
51  1.179067e+02  3.625642e+02
52  -2.107810e+02  3.692434e+02
53  -6.441479e+02  2.604540e+02
54  -1.433559e+03  -3.181015e+02
55  -2.477935e+03  -4.894723e+02
56  -3.104661e+03  4.145906e+02
57  -4.109018e+03  9.100533e+02
58  -5.248465e+03  4.587502e+02
59  -1.112918e+04  -1.303420e+03
60  -2.330428e+04  -2.426982e+03
61  -6.208572e+04  -1.695107e+03
62  -1.579601e+05  6.590771e+03
63  -6.627121e+05  4.803653e+03
ENDPROP
STARTPROP
MASSES:  4.500000e-02   4.200000e-03
SOURCE: GAM_13
SINKS: GAM_13
0  8.528748e+05  -3.154838e+03
1  -6.701819e+05  -9.838753e+03
2  -1.554611e+05  -9.264146e+03
3  -5.738143e+04  1.524310e+03
4  -2.115052e+04  4.324819e+03
5  -9.219642e+03  5.693806e+03
6  -7.168235e+03  5.869066e+03
7  -4.041403e+03  4.686319e+03
8  -1.617864e+03  3.354473e+03
9  -1.513945e+03  1.679769e+03
10  -1.519232e+03  4.886408e+02
11  -8.868738e+02  3.889622e+02
12  9.217697e+01  5.666940e+00
13  2.316112e+02  6.591750e+01
14  2.931364e+02  1.539213e+01
15  1.316731e+02  1.026241e+01
16  -9.781778e+01  -1.150184e+02
17  -3.345724e+01  -5.590551e+01
18  -1.283387e+01  -2.860740e+01
19  -5.926507e+00  -6.207717e+00
20  4.211343e+01  -1.360376e+01
21  3.481094e+01  -8.839447e+00
22  1.923502e+01  -8.655246e+00
23  8.848181e+00  -1.012801e+01
24  3.857626e+00  -1.113938e+01
25  6.575653e-01  -7.150835e+00
26  1.993136e+00  -3.894809e-01
27  2.675966e+00  1.788779e+00
28  8.623317e-03  2.431085e+00
29  -1.068680e+00  2.156466e+00
30  -1.206332e+00  8.584309e-01
31  1.364385e-01  -8.571253e-01
32  8.100537e-01  -1.065006e+00
33  1.822670e+00  -7.458767e-01
34  2.072072e+00  -1.453460e+00
35  3.719056e+00  -6.856964e-01
36  4.783556e+00  -1.418262e+00
37  5.413461e+00  -3.077388e+00
38  8.494163e+00  -2.275329e+00
39  1.503749e+01  8.970449e-01
40  1.545210e+01  3.278147e+00
41  9.736883e+00  5.557414e+00
42  1.176016e+01  1.629331e+01
43  1.273013e+01  4.107560e+01
44  2.465709e+01  8.274364e+01
45  8.780162e+00  1.370167e+02
46  3.475250e+01  1.660614e+02
47  6.680532e+01  1.709909e+02
48  1.981052e+01  1.593966e+02
49  7.365745e-01  5.358181e+01
50  -1.446770e+02  -1.280672e+02
51  -1.707372e+02  -1.454671e+02
52  1.372438e+01  -3.353252e+02
53  4.007135e+01  -5.927265e+02
54  2.597457e+02  -9.369150e+02
55  3.389356e+02  -6.457616e+02
56  -6.767064e+02  -3.837107e+02
57  -3.738833e+03  -9.096935e+02
58  -5.977486e+03  -2.831751e+03
59  -1.344133e+04  -3.163451e+03
60  -3.152751e+04  -7.258727e+01
61  -6.141207e+04  -1.733095e+03
62  -1.518730e+05  4.100102e+03
63  -6.703409e+05  3.440570e+02
ENDPROP
STARTPROP
MASSES:  4.500000e-02   4.200000e-03
SOURCE: GAM_31
SINKS: GAM_31
0  8.528748e+05  -3.154838e+03
1  -6.701819e+05  -9.838753e+03
2  -1.554611e+05  -9.264146e+03
3  -5.738143e+04  1.524310e+03
4  -2.115052e+04  4.324819e+03
5  -9.219642e+03  5.693806e+03
6  -7.168235e+03  5.869066e+03
7  -4.041403e+03  4.686319e+03
8  -1.617864e+03  3.354473e+03
9  -1.513945e+03  1.679769e+03
10  -1.519232e+03  4.886408e+02
11  -8.868738e+02  3.889622e+02
12  9.217697e+01  5.666940e+00
13  2.316112e+02  6.591750e+01
14  2.931364e+02  1.539213e+01
15  1.316731e+02  1.026241e+01
16  -9.781778e+01  -1.150184e+02
17  -3.345724e+01  -5.590551e+01
18  -1.283387e+01  -2.860740e+01
19  -5.926507e+00  -6.207717e+00
20  4.211343e+01  -1.360376e+01
21  3.481094e+01  -8.839447e+00
22  1.923502e+01  -8.655246e+00
23  8.848181e+00  -1.012801e+01
24  3.857626e+00  -1.113938e+01
25  6.575653e-01  -7.150835e+00
26  1.993136e+00  -3.894809e-01
27  2.675966e+00  1.788779e+00
28  8.623317e-03  2.431085e+00
29  -1.068680e+00  2.156466e+00
30  -1.206332e+00  8.584309e-01
31  1.364385e-01  -8.571253e-01
32  8.100537e-01  -1.065006e+00
33  1.822670e+00  -7.458767e-01
34  2.072072e+00  -1.453460e+00
35  3.719056e+00  -6.856964e-01
36  4.783556e+00  -1.418262e+00
37  5.413461e+00  -3.077388e+00
38  8.494163e+00  -2.275329e+00
39  1.503749e+01  8.970449e-01
40  1.545210e+01  3.278147e+00
41  9.736883e+00  5.557414e+00
42  1.176016e+01  1.629331e+01
43  1.273013e+01  4.107560e+01
44  2.465709e+01  8.274364e+01
45  8.780162e+00  1.370167e+02
46  3.475250e+01  1.660614e+02
47  6.680532e+01  1.709909e+02
48  1.981052e+01  1.593966e+02
49  7.365745e-01  5.358181e+01
50  -1.446770e+02  -1.280672e+02
51  -1.707372e+02  -1.454671e+02
52  1.372438e+01  -3.353252e+02
53  4.007135e+01  -5.927265e+02
54  2.597457e+02  -9.369150e+02
55  3.389356e+02  -6.457616e+02
56  -6.767064e+02  -3.837107e+02
57  -3.738833e+03  -9.096935e+02
58  -5.977486e+03  -2.831751e+03
59  -1.344133e+04  -3.163451e+03
60  -3.152751e+04  -7.258727e+01
61  -6.141207e+04  -1.733095e+03
62  -1.518730e+05  4.100102e+03
63  -6.703409e+05  3.440570e+02
ENDPROP
STARTPROP
MASSES:  4.500000e-02   4.200000e-03
SOURCE: GAM_14
SINKS: GAM_14
0  1.105328e+05  -4.906546e+02
1  1.393170e+06  -4.311333e+03
2  5.802612e+05  1.354937e+03
3  3.038203e+05  1.726352e+03
4  1.512775e+05  -1.751765e+02
5  7.352605e+04  6.742359e+02
6  3.394356e+04  -1.826650e+03
7  1.437867e+04  -1.449070e+03
8  5.930766e+03  -6.742714e+02
9  2.578832e+03  4.145734e+02
10  1.948934e+03  5.595508e+02
11  1.422723e+03  5.425594e+02
12  1.137705e+03  5.837716e+02
13  6.608998e+02  4.414132e+02
14  3.239744e+02  2.735334e+02
15  1.544349e+02  9.314190e+01
16  4.714302e+01  -4.896544e+01
17  2.619250e+01  -4.251319e+01
18  1.229610e+01  -4.842120e+01
19  -6.510186e+00  -2.985066e+01
20  -1.250871e+00  -3.364332e+01
21  4.071541e+00  -2.375725e+01
22  1.000550e+01  -2.915229e+01
23  1.123218e+01  -2.489149e+01
24  1.179701e+01  -1.921612e+01
25  1.097353e+01  -1.071932e+01
26  9.418510e+00  -5.410103e+00
27  8.348749e+00  -2.498508e+00
28  3.670122e+00  -3.018253e+00
29  1.021397e+00  -4.130981e+00
30  6.170368e-01  -3.293458e+00
31  1.155913e+00  -2.357846e+00
32  1.398642e+00  -3.620356e-01
33  1.828222e+00  1.453245e+00
34  4.232650e-01  3.098080e+00
35  -1.041835e+00  3.831160e+00
36  -2.345667e+00  2.858457e+00
37  -5.624923e+00  9.787018e-01
38  -8.524043e+00  -1.998976e+00
39  -1.138845e+01  -4.347659e+00
40  -1.013387e+01  -3.171817e+00
41  -8.912888e+00  -1.088231e+01
42  -1.524534e+01  -6.225414e+00
43  -1.720963e+01  -7.035129e+00
44  -3.820585e+01  5.151619e+00
45  -7.353059e+01  -5.228983e+00
46  -5.945183e+01  -6.464093e+01
47  1.005465e+01  -5.188296e+01
48  7.484992e+00  -1.836595e+01
49  1.356862e+01  -8.192437e+01
50  -2.135451e+02  -2.071518e+02
51  -3.165375e+02  -3.872133e+02
52  -2.441508e+01  -2.443235e+02
53  3.463137e+02  -1.565112e+02
54  1.959208e+03  7.626486e+02
55  5.305490e+03  6.734201e+02
56  1.219476e+04  4.037034e+02
57  2.464583e+04  2.122001e+02
58  5.028488e+04  1.783612e+03
59  9.499747e+04  -1.183583e+03
60  1.706889e+05  -1.926780e+03
61  3.216126e+05  8.711785e+02
62  5.995543e+05  4.165823e+03
63  1.402036e+06  1.781285e+03
ENDPROP
STARTPROP
MASSES:  4.500000e-02   4.200000e-03
SOURCE: GAM_41
SINKS: GAM_41
0  1.105328e+05  -4.906546e+02
1  1.393170e+06  -4.311333e+03
2  5.802612e+05  1.354937e+03
3  3.038203e+05  1.726352e+03
4  1.512775e+05  -1.751765e+02
5  7.352605e+04  6.742359e+02
6  3.394356e+04  -1.826650e+03
7  1.437867e+04  -1.449070e+03
8  5.930766e+03  -6.742714e+02
9  2.578832e+03  4.145734e+02
10  1.948934e+03  5.595508e+02
11  1.422723e+03  5.425594e+02
12  1.137705e+03  5.837716e+02
13  6.608998e+02  4.414132e+02
14  3.239744e+02  2.735334e+02
15  1.544349e+02  9.314190e+01
16  4.714302e+01  -4.896544e+01
17  2.619250e+01  -4.251319e+01
18  1.229610e+01  -4.842120e+01
19  -6.510186e+00  -2.985066e+01
20  -1.250871e+00  -3.364332e+01
21  4.071541e+00  -2.375725e+01
22  1.000550e+01  -2.915229e+01
23  1.123218e+01  -2.489149e+01
24  1.179701e+01  -1.921612e+01
25  1.097353e+01  -1.071932e+01
26  9.418510e+00  -5.410103e+00
27  8.348749e+00  -2.498508e+00
28  3.670122e+00  -3.018253e+00
29  1.021397e+00  -4.130981e+00
30  6.170368e-01  -3.293458e+00
31  1.155913e+00  -2.357846e+00
32  1.398642e+00  -3.620356e-01
33  1.828222e+00  1.453245e+00
34  4.232650e-01  3.098080e+00
35  -1.041835e+00  3.831160e+00
36  -2.345667e+00  2.858457e+00
37  -5.624923e+00  9.787018e-01
38  -8.524043e+00  -1.998976e+00
39  -1.138845e+01  -4.347659e+00
40  -1.013387e+01  -3.171817e+00
41  -8.912888e+00  -1.088231e+01
42  -1.524534e+01  -6.225414e+00
43  -1.720963e+01  -7.035129e+00
44  -3.820585e+01  5.151619e+00
45  -7.353059e+01  -5.228983e+00
46  -5.945183e+01  -6.464093e+01
47  1.005465e+01  -5.188296e+01
48  7.484992e+00  -1.836595e+01
49  1.356862e+01  -8.192437e+01
50  -2.135451e+02  -2.071518e+02
51  -3.165375e+02  -3.872133e+02
52  -2.441508e+01  -2.443235e+02
53  3.463137e+02  -1.565112e+02
54  1.959208e+03  7.626486e+02
55  5.305490e+03  6.734201e+02
56  1.219476e+04  4.037034e+02
57  2.464583e+04  2.122001e+02
58  5.028488e+04  1.783612e+03
59  9.499747e+04  -1.183583e+03
60  1.706889e+05  -1.926780e+03
61  3.216126e+05  8.711785e+02
62  5.995543e+05  4.165823e+03
63  1.402036e+06  1.781285e+03
ENDPROP
STARTPROP
MASSES:  4.500000e-02   4.200000e-03
SOURCE: GAM_23
SINKS: GAM_23
0  8.637347e+05  1.286258e+04
1  -6.808799e+05  1.310568e+04
2  -1.477140e+05  3.646929e+03
3  -4.664454e+04  2.906490e+03
4  -7.243954e+03  1.506447e+03
5  6.581789e+03  4.022111e+03
6  7.568471e+03  4.261974e+03
7  5.490092e+03  4.851651e+03
8  3.358745e+03  3.900639e+03
9  2.102917e+03  2.493185e+03
10  1.518049e+03  1.900138e+03
11  7.631289e+02  6.970748e+02
12  4.460276e+02  1.222724e+02
13  3.258047e+02  1.338299e+02
14  1.125189e+02  1.530925e+02
15  5.652976e+01  8.263818e+01
16  9.587546e+01  -3.410145e+01
17  8.589912e+01  -9.509388e+01
18  1.074367e+02  -6.116238e+01
19  1.159213e+02  -1.735335e+01
20  9.840195e+01  1.923884e+01
21  6.389515e+01  2.886230e+01
22  4.338740e+01  2.562926e+01
23  2.035252e+01  1.542820e+01
24  1.372555e+01  4.206158e+00
25  9.145356e+00  -7.194367e-01
26  9.120711e+00  -2.848353e+00
27  8.110776e+00  -6.724051e-01
28  6.280939e+00  1.465790e+00
29  3.658591e+00  1.408948e+00
30  2.039080e+00  7.002116e-01
31  9.860363e-01  1.522249e+00
32  8.217738e-01  9.699402e-01
33  1.086234e-01  8.783933e-01
34  -1.073218e+00  1.211439e+00
35  -2.208880e+00  2.957067e+00
36  -1.677813e+00  2.104032e+00
37  -2.216224e+00  -2.048571e-01
38  -1.692700e+00  -3.931946e+00
39  -2.543759e+00  -4.528943e+00
40  -4.051289e+00  -2.595697e-01
41  -1.993527e+01  6.884609e+00
42  -1.432618e+01  8.767321e+00
43  6.249194e+00  1.043086e+01
44  -4.378903e+00  7.676967e+00
45  -1.610702e-01  -2.905639e+01
46  -3.665811e+01  -5.538622e+01
47  -8.239851e+01  -4.708020e+01
48  -1.207585e+02  -1.516366e+00
49  -3.170158e+02  4.181481e+01
50  -6.871138e+02  1.205825e+02
51  -6.769005e+02  3.811001e+01
52  -4.486431e+02  1.463900e+02
53  -8.231895e+02  1.621806e+02
54  -1.733919e+03  1.607390e+01
55  -4.016250e+02  -4.094169e+02
56  -4.671231e+02  -1.128018e+03
57  -1.439797e+03  -2.735251e+03
58  -1.841801e+03  -2.851412e+03
59  -7.403282e+03  -8.040038e+02
60  -2.403871e+04  -7.167728e+02
61  -6.346209e+04  -1.602528e+03
62  -1.528190e+05  4.109832e+03
63  -6.626633e+05  1.040230e+04
ENDPROP
STARTPROP
MASSES:  4.500000e-02   4.200000e-03
SOURCE: GAM_32
SINKS: GAM_32
0  8.637347e+05  1.286258e+04
1  -6.808799e+05  1.310568e+04
2  -1.477140e+05  3.646929e+03
3  -4.664454e+04  2.906490e+03
4  -7.243954e+03  1.506447e+03
5  6.581789e+03  4.022111e+03
6  7.568471e+03  4.261974e+03
7  5.490092e+03  4.851651e+03
8  3.358745e+03  3.900639e+03
9  2.102917e+03  2.493185e+03
10  1.518049e+03  1.900138e+03
11  7.631289e+02  6.970748e+02
12  4.460276e+02  1.222724e+02
13  3.258047e+02  1.338299e+02
14  1.125189e+02  1.530925e+02
15  5.652976e+01  8.263818e+01
16  9.587546e+01  -3.410145e+01
17  8.589912e+01  -9.509388e+01
18  1.074367e+02  -6.116238e+01
19  1.159213e+02  -1.735335e+01
20  9.840195e+01  1.923884e+01
21  6.389515e+01  2.886230e+01
22  4.338740e+01  2.562926e+01
23  2.035252e+01  1.542820e+01
24  1.372555e+01  4.206158e+00
25  9.145356e+00  -7.194367e-01
26  9.120711e+00  -2.848353e+00
27  8.110776e+00  -6.724051e-01
28  6.280939e+00  1.465790e+00
29  3.658591e+00  1.408948e+00
30  2.039080e+00  7.002116e-01
31  9.860363e-01  1.522249e+00
32  8.217738e-01  9.699402e-01
33  1.086234e-01  8.783933e-01
34  -1.073218e+00  1.211439e+00
35  -2.208880e+00  2.957067e+00
36  -1.677813e+00  2.104032e+00
37  -2.216224e+00  -2.048571e-01
38  -1.692700e+00  -3.931946e+00
39  -2.543759e+00  -4.528943e+00
40  -4.051289e+00  -2.595697e-01
41  -1.993527e+01  6.884609e+00
42  -1.432618e+01  8.767321e+00
43  6.249194e+00  1.043086e+01
44  -4.378903e+00  7.676967e+00
45  -1.610702e-01  -2.905639e+01
46  -3.665811e+01  -5.538622e+01
47  -8.239851e+01  -4.708020e+01
48  -1.207585e+02  -1.516366e+00
49  -3.170158e+02  4.181481e+01
50  -6.871138e+02  1.205825e+02
51  -6.769005e+02  3.811001e+01
52  -4.486431e+02  1.463900e+02
53  -8.231895e+02  1.621806e+02
54  -1.733919e+03  1.607390e+01
55  -4.016250e+02  -4.094169e+02
56  -4.671231e+02  -1.128018e+03
57  -1.439797e+03  -2.735251e+03
58  -1.841801e+03  -2.851412e+03
59  -7.403282e+03  -8.040038e+02
60  -2.403871e+04  -7.167728e+02
61  -6.346209e+04  -1.602528e+03
62  -1.528190e+05  4.109832e+03
63  -6.626633e+05  1.040230e+04
ENDPROP
STARTPROP
MASSES:  4.500000e-02   4.200000e-03
SOURCE: GAM_24
SINKS: GAM_24
0  1.000733e+05  3.339685e+03
1  1.378463e+06  9.616111e+03
2  5.682633e+05  7.790594e+03
3  2.887880e+05  1.124045e+04
4  1.415132e+05  7.853466e+03
5  7.064974e+04  6.680166e+03
6  3.857842e+04  3.702405e+03
7  1.970330e+04  1.735660e+03
8  9.831153e+03  1.160365e+03
9  4.936696e+03  1.315054e+03
10  1.683721e+03  8.605811e+02
11  1.207879e+03  2.421603e+02
12  6.333361e+02  9.609798e+01
13  1.976165e+02  -1.201599e+02
14  1.124722e+02  -2.082390e+01
15  -1.079130e+02  -7.007827e+01
16  -1.344716e+02  -1.307374e+02
17  -3.712186e+01  -7.250702e+01
18  -3.755679e+01  -8.177480e+00
19  -6.093844e+01  4.477190e+00
20  -3.678772e+01  -1.340562e+01
21  -2.827488e+01  -2.065450e+01
22  -2.131112e+01  -2.404871e-01
23  -9.170144e+00  -3.956331e+00
24  -6.519484e+00  9.052227e-01
25  2.189401e+00  -3.169093e-01
26  5.679717e-01  -2.480161e+00
27  -1.785748e+00  -5.344194e+00
28  -2.183330e+00  -2.536822e+00
29  -5.178215e-01  5.095421e-01
30  3.357988e-01  -5.081335e-02
31  -3.852631e-02  -8.828500e-01
32  2.387275e-01  -1.147511e-01
33  -8.007125e-01  1.780487e-01
34  -7.194067e-01  -3.291407e-01
35  -8.014706e-01  -3.772188e-01
36  -2.050376e+00  -3.417936e-01
37  -2.692048e+00  1.886682e+00
38  -4.538859e+00  1.374252e+00
39  -7.671924e+00  -1.731593e+00
40  -6.904768e+00  4.190621e+00
41  -1.636043e+01  5.242315e+00
42  -3.008554e+01  9.769258e+00
43  -3.769301e+01  1.460618e+01
44  -4.741167e+01  2.309172e+01
45  -5.548627e+01  1.821571e+01
46  -2.516315e+01  5.147755e+00
47  -7.268526e+01  5.597898e+01
48  -1.258379e+02  1.211987e+02
49  -7.727496e+01  2.137632e+02
50  -1.617842e+02  1.502956e+02
51  -3.599247e+01  7.487878e+01
52  -2.418491e+02  1.270893e+02
53  7.929601e+02  6.033152e+02
54  3.677450e+03  1.028373e+03
55  8.645284e+03  7.884951e+02
56  1.519250e+04  -2.621918e+02
57  2.628923e+04  -9.617618e+02
58  4.844669e+04  -1.837105e+03
59  8.915961e+04  -4.291324e+03
60  1.678103e+05  -4.799609e+03
61  3.193251e+05  -4.894794e+03
62  5.907932e+05  -7.661624e+03
63  1.371175e+06  -8.952545e+03
ENDPROP
STARTPROP
MASSES:  4.500000e-02   4.200000e-03
SOURCE: GAM_42
SINKS: GAM_42
0  1.000733e+05  3.339685e+03
1  1.378463e+06  9.616111e+03
2  5.682633e+05  7.790594e+03
3  2.887880e+05  1.124045e+04
4  1.415132e+05  7.853466e+03
5  7.064974e+04  6.680166e+03
6  3.857842e+04  3.702405e+03
7  1.970330e+04  1.735660e+03
8  9.831153e+03  1.160365e+03
9  4.936696e+03  1.315054e+03
10  1.683721e+03  8.605811e+02
11  1.207879e+03  2.421603e+02
12  6.333361e+02  9.609798e+01
13  1.976165e+02  -1.201599e+02
14  1.124722e+02  -2.082390e+01
15  -1.079130e+02  -7.007827e+01
16  -1.344716e+02  -1.307374e+02
17  -3.712186e+01  -7.250702e+01
18  -3.755679e+01  -8.177480e+00
19  -6.093844e+01  4.477190e+00
20  -3.678772e+01  -1.340562e+01
21  -2.827488e+01  -2.065450e+01
22  -2.131112e+01  -2.404871e-01
23  -9.170144e+00  -3.956331e+00
24  -6.519484e+00  9.052227e-01
25  2.189401e+00  -3.169093e-01
26  5.679717e-01  -2.480161e+00
27  -1.785748e+00  -5.344194e+00
28  -2.183330e+00  -2.536822e+00
29  -5.178215e-01  5.095421e-01
30  3.357988e-01  -5.081335e-02
31  -3.852631e-02  -8.828500e-01
32  2.387275e-01  -1.147511e-01
33  -8.007125e-01  1.780487e-01
34  -7.194067e-01  -3.291407e-01
35  -8.014706e-01  -3.772188e-01
36  -2.050376e+00  -3.417936e-01
37  -2.692048e+00  1.886682e+00
38  -4.538859e+00  1.374252e+00
39  -7.671924e+00  -1.731593e+00
40  -6.904768e+00  4.190621e+00
41  -1.636043e+01  5.242315e+00
42  -3.008554e+01  9.769258e+00
43  -3.769301e+01  1.460618e+01
44  -4.741167e+01  2.309172e+01
45  -5.548627e+01  1.821571e+01
46  -2.516315e+01  5.147755e+00
47  -7.268526e+01  5.597898e+01
48  -1.258379e+02  1.211987e+02
49  -7.727496e+01  2.137632e+02
50  -1.617842e+02  1.502956e+02
51  -3.599247e+01  7.487878e+01
52  -2.418491e+02  1.270893e+02
53  7.929601e+02  6.033152e+02
54  3.677450e+03  1.028373e+03
55  8.645284e+03  7.884951e+02
56  1.519250e+04  -2.621918e+02
57  2.628923e+04  -9.617618e+02
58  4.844669e+04  -1.837105e+03
59  8.915961e+04  -4.291324e+03
60  1.678103e+05  -4.799609e+03
61  3.193251e+05  -4.894794e+03
62  5.907932e+05  -7.661624e+03
63  1.371175e+06  -8.952545e+03
ENDPROP
STARTPROP
MASSES:  4.500000e-02   4.200000e-03
SOURCE: GAM_34
SINKS: GAM_34
0  5.427821e+04  -7.112991e+02
1  1.347602e+06  -3.997846e+03
2  5.470138e+05  -1.848269e+03
3  2.819861e+05  -2.736139e+03
4  1.483278e+05  -6.322996e+03
5  7.430325e+04  -7.158132e+03
6  3.591555e+04  -4.593303e+03
7  1.777243e+04  -3.707477e+03
8  1.181781e+04  -1.567907e+03
9  9.437333e+03  -8.476161e+01
10  5.365735e+03  -6.045418e+02
11  3.526630e+03  -7.450138e+02
12  2.506222e+03  -1.087033e+02
13  1.251960e+03  1.454895e+02
14  4.900480e+02  6.738479e+01
15  2.902653e+02  5.927912e+00
16  3.362303e+02  -3.178378e+01
17  3.067451e+02  -2.570712e+01
18  2.935720e+02  -3.514983e+01
19  2.105103e+02  -2.864879e+01
20  1.276554e+02  5.027856e+00
21  6.709798e+01  1.653776e+01
22  3.274268e+01  1.046227e+01
23  2.660726e+01  4.105639e+00
24  1.726898e+01  6.596531e+00
25  1.541354e+01  6.964183e+00
26  8.878847e+00  1.298607e+00
27  3.442525e+00  1.733630e+00
28  9.719348e-01  1.835915e+00
29  -1.193045e+00  2.326359e+00
30  -1.693135e+00  3.018161e+00
31  -1.963684e+00  2.989716e+00
32  -7.521329e-01  2.765837e+00
33  -2.240362e-01  2.087921e+00
34  -1.129604e-02  9.777979e-01
35  -1.796487e-01  2.567786e-01
36  -8.058103e-01  3.094105e-01
37  -1.196404e+00  1.405149e+00
38  7.162065e-01  2.231324e+00
39  4.748975e-01  -1.334105e+00
40  2.717789e+00  -6.333790e+00
41  -2.999817e+00  -1.285584e+01
42  -7.151898e+00  -5.278067e-01
43  5.612516e+00  -2.105126e+00
44  4.497455e+01  -7.774604e+00
45  2.611442e+01  4.324996e+00
46  4.402760e+01  3.308663e+01
47  8.029602e+01  1.221642e+02
48  1.538491e+02  3.070850e+02
49  1.168005e+02  4.453443e+02
50  1.057395e+02  5.226822e+02
51  -7.764233e+01  7.952154e+02
52  -3.308726e+02  1.168817e+03
53  -3.544958e+02  8.592252e+02
54  4.882551e+02  1.065218e+03
55  2.541960e+03  1.037844e+03
56  6.049266e+03  1.229426e+03
57  1.551195e+04  3.978441e+03
58  3.618587e+04  2.623991e+03
59  7.677089e+04  4.757709e+02
60  1.616308e+05  -1.215939e+03
61  3.213762e+05  -9.938405e+03
62  6.005485e+05  -1.080831e+04
63  1.369412e+06  -4.675942e+03
ENDPROP
STARTPROP
MASSES:  4.500000e-02   4.200000e-03
SOURCE: GAM_43
SINKS: GAM_43
0  5.427821e+04  -7.112991e+02
1  1.347602e+06  -3.997846e+03
2  5.470138e+05  -1.848269e+03
3  2.819861e+05  -2.736139e+03
4  1.483278e+05  -6.322996e+03
5  7.430325e+04  -7.158132e+03
6  3.591555e+04  -4.593303e+03
7  1.777243e+04  -3.707477e+03
8  1.181781e+04  -1.567907e+03
9  9.437333e+03  -8.476161e+01
10  5.365735e+03  -6.045418e+02
11  3.526630e+03  -7.450138e+02
12  2.506222e+03  -1.087033e+02
13  1.251960e+03  1.454895e+02
14  4.900480e+02  6.738479e+01
15  2.902653e+02  5.927912e+00
16  3.362303e+02  -3.178378e+01
17  3.067451e+02  -2.570712e+01
18  2.935720e+02  -3.514983e+01
19  2.105103e+02  -2.864879e+01
20  1.276554e+02  5.027856e+00
21  6.709798e+01  1.653776e+01
22  3.274268e+01  1.046227e+01
23  2.660726e+01  4.105639e+00
24  1.726898e+01  6.596531e+00
25  1.541354e+01  6.964183e+00
26  8.878847e+00  1.298607e+00
27  3.442525e+00  1.733630e+00
28  9.719348e-01  1.835915e+00
29  -1.193045e+00  2.326359e+00
30  -1.693135e+00  3.018161e+00
31  -1.963684e+00  2.989716e+00
32  -7.521329e-01  2.765837e+00
33  -2.240362e-01  2.087921e+00
34  -1.129604e-02  9.777979e-01
35  -1.796487e-01  2.567786e-01
36  -8.058103e-01  3.094105e-01
37  -1.196404e+00  1.405149e+00
38  7.162065e-01  2.231324e+00
39  4.748975e-01  -1.334105e+00
40  2.717789e+00  -6.333790e+00
41  -2.999817e+00  -1.285584e+01
42  -7.151898e+00  -5.278067e-01
43  5.612516e+00  -2.105126e+00
44  4.497455e+01  -7.774604e+00
45  2.611442e+01  4.324996e+00
46  4.402760e+01  3.308663e+01
47  8.029602e+01  1.221642e+02
48  1.538491e+02  3.070850e+02
49  1.168005e+02  4.453443e+02
50  1.057395e+02  5.226822e+02
51  -7.764233e+01  7.952154e+02
52  -3.308726e+02  1.168817e+03
53  -3.544958e+02  8.592252e+02
54  4.882551e+02  1.065218e+03
55  2.541960e+03  1.037844e+03
56  6.049266e+03  1.229426e+03
57  1.551195e+04  3.978441e+03
58  3.618587e+04  2.623991e+03
59  7.677089e+04  4.757709e+02
60  1.616308e+05  -1.215939e+03
61  3.213762e+05  -9.938405e+03
62  6.005485e+05  -1.080831e+04
63  1.369412e+06  -4.675942e+03
ENDPROP
STARTPROP
MASSES:  4.500000e-02   4.200000e-03
SOURCE: GAM_15
SINKS: GAM_15
0  2.738330e+04  -3.845409e+03
1  -9.706986e+05  -1.113743e+04
2  -2.946966e+05  -1.153235e+04
3  -1.274628e+05  -2.417533e+03
4  -4.889699e+04  3.200430e+03
5  -2.170109e+04  6.659375e+03
6  -1.272242e+04  6.033040e+03
7  -6.232177e+03  2.210212e+03
8  -4.112120e+03  -3.189931e+02
9  -1.912712e+03  -9.832513e+02
10  -8.427684e+02  -7.018455e+02
11  -3.326351e+02  -1.442940e+02
12  -2.294948e+02  -1.054458e+02
13  -1.752666e+02  -8.513098e+01
14  -1.715844e+02  -1.611264e+02
15  -6.186619e+01  -7.457596e+01
16  -1.718555e+01  -1.046126e+02
17  -5.989579e+00  -1.769321e+02
18  -6.731563e+01  -1.425966e+02
19  -4.811426e+01  -1.143651e+02
20  -4.697096e+01  -4.196204e+01
21  1.953600e+00  -1.196599e+01
22  1.966843e+01  -1.014520e+01
23  1.911503e+01  -1.395638e+01
24  1.057549e+01  -1.314730e+01
25  7.288721e+00  -6.363289e+00
26  6.916694e+00  -2.259891e+00
27  4.790963e+00  2.584550e+00
28  1.249305e+00  4.373476e+00
29  -4.539327e-01  3.528422e+00
30  -7.435822e-01  2.484888e+00
31  -8.406137e-01  2.176994e+00
32  -1.122363e+00  2.699619e+00
33  -7.590302e-01  2.948153e+00
34  -1.149844e+00  3.573863e+00
35  -2.234036e+00  3.060949e+00
36  -2.604388e+00  1.979542e+00
37  -3.771703e+00  -1.896704e-01
38  -3.719993e+00  -3.161802e+00
39  -6.673818e+00  -7.101311e+00
40  -6.158057e+00  -1.823852e+01
41  -5.512906e+00  -2.286208e+01
42  5.679456e+00  -4.103782e+01
43  3.325774e+01  -6.027869e+01
44  5.583075e+01  -9.059399e+01
45  8.457899e+01  -9.605908e+01
46  1.321661e+02  -1.415615e+02
47  1.510007e+02  -1.467714e+02
48  1.673525e+02  -1.045660e+02
49  1.819852e+02  -1.651500e+01
50  2.272736e+02  1.592290e+02
51  2.071266e+02  3.069071e+02
52  4.160438e+02  4.318697e+02
53  1.335514e+03  4.441741e+02
54  2.672164e+03  6.493162e+02
55  4.900595e+03  7.520554e+02
56  5.159758e+03  5.887524e+02
57  4.671999e+03  -2.901070e+02
58  2.891707e+03  -2.657387e+03
59  -9.627427e+03  -5.718109e+03
60  -3.803858e+04  -5.293099e+03
61  -1.104739e+05  2.294493e+03
62  -2.791112e+05  9.328872e+03
63  -9.578209e+05  8.336497e+03
ENDPROP
STARTPROP
MASSES:  4.500000e-02   4.200000e-03
SOURCE: GAM_25
SINKS: GAM_25
0  4.819114e+04  2.052505e+04
1  -9.523458e+05  1.576741e+04
2  -2.751772e+05  9.412262e+03
3  -9.929811e+04  7.333719e+03
4  -2.500238e+04  9.735764e+02
5  -1.876399e+03  -6.826814e+02
6  4.202426e+03  1.670532e+03
7  3.869030e+03  3.120243e+03
8  2.018730e+03  4.285540e+03
9  2.381804e+03  4.590334e+03
10  1.386876e+03  3.469534e+03
11  8.442973e+02  2.435881e+03
12  3.058854e+01  1.191367e+03
13  7.872407e+00  1.001487e+03
14  7.590612e+01  5.797123e+02
15  1.402517e+02  1.709726e+02
16  1.408674e+02  3.819034e+01
17  1.582979e+02  2.988872e+01
18  5.901801e+01  2.600565e+01
19  1.846625e+01  4.379275e+01
20  2.710877e+00  5.816250e+01
21  9.442689e+00  6.690178e+01
22  8.842596e+00  4.688543e+01
23  4.480827e-01  1.561286e+01
24  1.986837e-01  -2.743423e-01
25  3.261348e+00  -1.508973e-01
26  5.971794e+00  -4.198551e+00
27  3.389962e+00  -5.349181e+00
28  1.181017e+00  -3.215388e+00
29  -8.524199e-01  -6.304479e-01
30  -1.594086e+00  1.848692e+00
31  -1.623484e+00  6.050064e-01
32  -1.838376e+00  -1.931695e-02
33  -1.290596e+00  -2.258889e-01
34  -2.374930e+00  -7.198301e-01
35  -3.726721e+00  -8.292386e-01
36  -6.764586e+00  -4.754807e-01
37  -1.025671e+01  -9.905431e-01
38  -1.442053e+01  -4.521493e+00
39  -1.312260e+01  -4.720583e+00
40  -6.001430e+00  -4.401341e+00
41  3.274212e+00  -7.311483e+00
42  1.744946e+01  -1.478803e+01
43  3.365095e+01  -1.676829e+01
44  3.923999e+01  -2.773891e+01
45  3.245961e+01  -7.676255e+00
46  8.450857e+00  2.239728e+01
47  -1.281255e+01  1.678421e+01
48  5.721909e+01  -4.745552e+01
49  3.856268e+02  -1.782887e+02
50  5.649077e+02  -4.531721e+02
51  3.199801e+02  -5.832296e+02
52  -5.564837e+01  -4.087440e+02
53  2.038268e+02  -6.067894e+02
54  3.105981e+02  -2.339375e+02
55  2.429606e+03  8.535298e+02
56  2.550464e+03  8.335096e+02
57  1.395058e+03  -5.372539e+02
58  -2.171541e+03  -1.686208e+03
59  -9.990063e+03  -2.597820e+03
60  -3.218740e+04  -1.935384e+03
61  -9.870668e+04  -1.001766e+03
62  -2.711498e+05  1.954372e+04
63  -9.505923e+05  3.453499e+04
ENDPROP
STARTPROP
MASSES:  4.500000e-02   4.200000e-03
SOURCE: GAM_35
SINKS: GAM_35
0  6.578088e+04  -1.086848e+04
1  -9.424178e+05  -2.175538e+04
2  -2.731887e+05  -3.003856e+04
3  -1.032432e+05  -2.118949e+04
4  -3.770583e+04  -1.498176e+04
5  -1.456670e+04  -1.150696e+04
6  -4.697909e+03  -6.596319e+03
7  -2.583135e+03  -2.478782e+03
8  -4.285860e+03  5.839135e+01
9  -3.173274e+03  8.032351e+02
10  -1.737460e+03  1.663141e+03
11  -8.352870e+02  1.002619e+03
12  7.428796e+01  8.878743e+02
13  4.617833e+02  6.851865e+02
14  3.872439e+02  4.972351e+02
15  1.704794e+02  3.103485e+02
16  9.074665e+00  1.416443e+02
17  -4.048144e+01  -6.478229e+00
18  -2.374176e+01  -1.900256e+01
19  -8.011171e+00  1.358264e+01
20  -4.838339e+01  1.028921e+01
21  -2.408172e+01  2.324717e+01
22  -1.769824e+00  2.392238e+01
23  1.352307e+01  2.403090e+01
24  8.925876e+00  1.041027e+01
25  9.691324e-01  -6.401465e-01
26  -5.082752e+00  -7.041506e+00
27  -1.888410e+00  -1.005042e+01
28  3.327154e-01  -6.943830e+00
29  -8.747062e-01  -5.161883e+00
30  -3.476284e+00  -5.395840e+00
31  -3.899415e+00  -4.462183e+00
32  -3.418653e+00  -2.182676e+00
33  -3.257749e+00  -5.307365e-01
34  -1.934947e+00  2.238399e+00
35  -5.455419e-01  3.009144e+00
36  -8.501608e-01  3.319353e+00
37  -2.349589e+00  4.715300e+00
38  -6.336645e+00  2.226416e+00
39  -9.019967e+00  3.023054e+00
40  -5.099193e+00  3.848955e+00
41  -1.262673e+00  3.854359e-02
42  -1.209886e+01  -7.248020e+00
43  -2.748095e+01  -1.254626e+00
44  -4.290414e+01  -3.751191e+00
45  -7.595803e+01  1.785014e+01
46  -1.706225e+02  -2.421967e+01
47  -2.975757e+02  -1.713590e+02
48  -4.018439e+02  -2.574778e+02
49  -4.945261e+02  -1.485780e+02
50  -8.845328e+02  2.463181e+02
51  -1.236130e+03  2.642361e+02
52  -1.312786e+03  6.869052e+01
53  -1.524782e+03  6.118434e+01
54  -1.964656e+03  -6.270283e+01
55  -2.811424e+03  -2.505659e+02
56  -4.845929e+03  -1.772042e+03
57  -8.939410e+03  -4.445133e+03
58  -1.851051e+04  -6.282230e+03
59  -2.463950e+04  -9.836551e+03
60  -4.090756e+04  -1.484161e+04
61  -8.830775e+04  -1.415656e+04
62  -2.347363e+05  -5.358807e+03
63  -9.094336e+05  6.196994e+02
ENDPROP
STARTPROP
MASSES:  4.500000e-02   4.200000e-03
SOURCE: GAM_45
SINKS: GAM_45
0  -1.228920e+06  -2.602058e+03
1  1.023053e+06  -5.278131e+03
2  5.109879e+05  -2.272423e+03
3  3.759250e+05  -2.556951e+03
4  2.658912e+05  -1.467833e+03
5  1.836040e+05  -1.966634e+03
6  1.228067e+05  -3.340732e+03
7  8.392391e+04  -2.965025e+03
8  5.721189e+04  -2.328544e+03
9  3.894014e+04  -2.174271e+03
10  2.659254e+04  -1.295863e+03
11  1.833911e+04  -1.163891e+03
12  1.258273e+04  -9.831994e+02
13  8.780992e+03  -6.997624e+02
14  6.082845e+03  -3.800849e+02
15  4.123442e+03  -2.435575e+02
16  2.850876e+03  -1.557946e+02
17  1.996783e+03  -8.957396e+01
18  1.402764e+03  -5.145956e+01
19  9.373082e+02  -3.438691e+01
20  6.442341e+02  -3.365646e+01
21  4.370274e+02  -1.129081e+01
22  3.050711e+02  -3.355031e+00
23  2.107334e+02  3.775161e+00
24  1.475737e+02  2.970987e+00
25  9.806840e+01  -2.264222e-01
26  6.822075e+01  -1.192971e+00
27  4.719211e+01  -1.373435e+00
28  3.262319e+01  -2.705777e+00
29  2.417949e+01  -1.884014e+00
30  1.905766e+01  -1.743624e+00
31  1.660036e+01  -1.715542e+00
32  1.596981e+01  -1.859590e+00
33  1.722073e+01  -1.775316e+00
34  2.060918e+01  -2.556205e+00
35  2.663574e+01  -3.627897e+00
36  3.745309e+01  -4.243378e+00
37  5.019431e+01  -5.707934e+00
38  6.645030e+01  -7.069777e+00
39  9.305641e+01  -8.473692e+00
40  1.301925e+02  -5.869160e+00
41  1.811140e+02  -4.096060e-02
42  2.656540e+02  1.172600e+01
43  3.984691e+02  2.670840e+01
44  6.275365e+02  6.132795e+01
45  9.133450e+02  8.777245e+01
46  1.360852e+03  1.174984e+02
47  1.976347e+03  1.439045e+02
48  2.855213e+03  1.343290e+02
49  4.261748e+03  1.931502e+02
50  6.139728e+03  2.589903e+02
51  8.622002e+03  2.549837e+02
52  1.294516e+04  3.675809e+02
53  1.864332e+04  3.461339e+02
54  2.705950e+04  7.368020e+02
55  3.984799e+04  9.874847e+02
56  5.961065e+04  1.364416e+03
57  8.723238e+04  9.207221e+02
58  1.265334e+05  4.750651e+02
59  1.828467e+05  1.670055e+02
60  2.609406e+05  9.066776e+02
61  3.790313e+05  2.372034e+02
62  5.219603e+05  -3.152410e+03
63  1.012088e+06  -7.406327e+03
ENDPROP
STARTPROP
MASSES:  4.500000e-02   4.200000e-03
SOURCE: PSAX4
SINKS: GAM_4
0  3.481122e+03  7.364307e+03
1  1.780084e+06  1.132577e+04
2  1.091303e+06  8.069401e+03
3  7.772116e+05  4.430918e+03
4  5.482975e+05  6.936111e+03
5  3.732817e+05  3.572796e+03
6  2.510862e+05  -2.587735e+01
7  1.716452e+05  -6.512098e+02
8  1.184373e+05  -9.381637e+02
9  8.061614e+04  -1.423827e+03
10  5.522828e+04  -9.393069e+02
11  3.791055e+04  -1.023525e+03
12  2.596165e+04  -9.303412e+02
13  1.803886e+04  -5.948052e+02
14  1.246959e+04  -3.068833e+02
15  8.563428e+03  -1.981311e+02
16  5.799500e+03  -1.075269e+02
17  3.958881e+03  -1.903697e+01
18  2.720762e+03  4.777566e+00
19  1.854183e+03  -1.054706e+01
20  1.260300e+03  -8.808681e+00
21  8.616635e+02  -2.080225e+00
22  5.958500e+02  5.545067e+00
23  4.069172e+02  8.751577e+00
24  2.802708e+02  4.778969e+00
25  1.865513e+02  1.820635e+00
26  1.293489e+02  5.101288e-03
27  8.675286e+01  2.088826e-01
28  5.618150e+01  1.337570e-01
29  3.625162e+01  9.238315e-01
30  2.055382e+01  9.380184e-01
31  8.084749e+00  1.309290e+00
32  -3.208781e+00  1.545025e+00
33  -1.456571e+01  1.272968e+00
34  -2.832823e+01  1.663660e+00
35  -4.489670e+01  1.832387e+00
36  -6.910990e+01  1.913941e+00
37  -9.821385e+01  4.114336e+00
38  -1.369786e+02  4.584809e+00
39  -1.963824e+02  5.660988e+00
40  -2.792924e+02  3.400061e+00
41  -3.969653e+02  1.467719e+00
42  -5.811345e+02  -1.709197e+01
43  -8.639132e+02  -3.957731e+01
44  -1.299366e+03  -8.437634e+01
45  -1.910551e+03  -1.064378e+02
46  -2.816284e+03  -1.554120e+02
47  -4.131225e+03  -1.878780e+02
48  -6.052655e+03  -2.066321e+02
49  -8.870505e+03  -2.903860e+02
50  -1.284169e+04  -4.326233e+02
51  -1.817797e+04  -5.869847e+02
52  -2.679528e+04  -8.539920e+02
53  -3.831185e+04  -1.122282e+03
54  -5.530542e+04  -1.458541e+03
55  -8.069053e+04  -1.707883e+03
56  -1.168590e+05  -2.140065e+03
57  -1.704207e+05  -2.259277e+03
58  -2.472868e+05  -1.954747e+03
59  -3.599915e+05  -2.844466e+03
60  -5.187989e+05  -3.722252e+03
61  -7.585766e+05  -2.345112e+03
62  -1.078048e+06  7.265932e+03
63  -1.753167e+06  1.500626e+04
ENDPROP
STARTPROP
MASSES:  4.500000e-02   4.200000e-03
SOURCE: WWPSAX4
SINKS: GAM_4
0  3.966436e+08  -5.372477e+06
1  2.036420e+09  -5.074399e+07
2  5.995414e+08  -2.207017e+07
3  4.570850e+08  5.852302e+07
4  3.427367e+08  6.166098e+05
5  3.417227e+08  1.777780e+07
6  1.546413e+08  -1.327153e+06
7  1.227148e+08  3.116693e+05
8  7.312027e+07  8.246293e+06
9  5.090463e+07  -9.260657e+06
10  3.209221e+07  -3.331735e+05
11  1.251441e+07  -2.493056e+05
12  2.354342e+07  -6.604610e+06
13  1.029661e+07  1.077050e+06
14  8.325173e+06  -1.564580e+06
15  4.516359e+06  -1.492650e+06
16  4.284922e+06  1.253481e+05
17  1.903599e+06  -6.056267e+05
18  1.597639e+06  -9.319792e+04
19  9.995790e+05  2.192736e+05
20  8.435072e+05  2.949084e+05
21  7.303796e+05  1.689925e+05
22  3.881286e+04  4.817417e+04
23  2.153594e+05  -9.095521e+04
24  2.681011e+05  3.540488e+02
25  5.970697e+04  4.207153e+04
26  5.878424e+04  2.715481e+04
27  9.543191e+04  3.649593e+03
28  4.263686e+04  2.471647e+03
29  6.426150e+03  -8.031025e+03
30  7.335238e+03  5.766464e+03
31  2.041429e+03  3.774005e+03
32  1.167652e+03  8.078155e+03
33  3.433663e+03  -4.164795e+02
34  -1.918803e+04  -8.639078e+01
35  -1.990799e+04  -9.203630e+03
36  -4.504611e+04  1.037046e+04
37  -5.041855e+04  2.351083e+03
38  -1.021914e+05  -2.554810e+04
39  9.454352e+03  -3.686062e+04
40  -1.861760e+05  2.387466e+04
41  -1.376844e+05  6.036853e+04
42  -5.716443e+05  2.406182e+05
43  -6.718685e+05  -9.380428e+04
44  -5.208440e+05  1.950258e+05
45  -4.366874e+05  -1.972001e+05
46  -6.252501e+05  -3.470182e+05
47  -2.810420e+06  8.383883e+05
48  -4.253465e+06  1.490228e+06
49  -4.292551e+06  1.145902e+06
50  -6.490926e+06  -1.068793e+06
51  -7.128953e+06  5.413915e+05
52  -1.464182e+07  2.966552e+06
53  -2.265167e+07  -2.793572e+06
54  -3.255684e+07  5.808112e+06
55  -3.942550e+07  1.060509e+05
56  -7.515166e+07  -1.136516e+07
57  -8.953871e+07  -4.615628e+06
58  -1.375810e+08  9.608018e+06
59  -1.661555e+08  -1.437473e+07
60  -3.548189e+08  2.215776e+07
61  -6.624798e+08  -2.950472e+07
62  -6.875918e+08  2.386247e+07
63  -3.102317e+09  7.852082e+07
ENDPROP
STARTPROP
MASSES:  4.500000e-02   4.200000e-03
SOURCE: WWGAM_5
SINKS: GAM_5
0  1.954028e+10  -8.187685e+00
1  3.058538e+09  5.133830e+06
2  1.227031e+09  9.292170e+07
3  8.429795e+08  6.097272e+06
4  7.169435e+08  4.871969e+07
5  5.716135e+08  4.553002e+07
6  3.326282e+08  6.350564e+06
7  2.281162e+08  -8.600550e+06
8  1.320962e+08  9.373663e+06
9  9.057433e+07  -2.030712e+06
10  5.876035e+07  -9.151150e+05
11  3.565491e+07  3.591666e+06
12  3.852865e+07  -7.278955e+06
13  1.932993e+07  -1.402296e+06
14  1.429297e+07  -3.191108e+06
15  8.317583e+06  -1.233220e+06
16  7.298093e+06  3.369347e+05
17  4.684075e+06  -9.768698e+05
18  2.511254e+06  -3.333919e+05
19  1.969760e+06  -3.986699e+05
20  1.936711e+06  2.197838e+05
21  1.138514e+06  1.020616e+05
22  5.631116e+05  8.248670e+03
23  5.416157e+05  -1.086024e+05
24  3.833929e+05  2.014307e+04
25  1.638237e+05  2.975256e+04
26  1.405696e+05  2.118743e+04
27  1.561214e+05  1.507802e+03
28  7.394118e+04  -2.561415e+03
29  4.372273e+04  -8.608006e+03
30  3.602410e+04  -5.544335e+03
31  4.241774e+04  8.944875e+02
32  5.555190e+04  -5.720012e+03
33  2.996340e+04  5.984160e+03
34  3.282867e+04  -6.877665e+03
35  6.087455e+04  -5.964493e+03
36  8.003258e+04  -1.102187e+03
37  1.047683e+05  -1.417638e+04
38  1.649439e+05  -2.651317e+03
39  1.265906e+05  -1.168335e+04
40  3.124729e+05  -3.026790e+04
41  3.992099e+05  -2.277374e+04
42  7.980029e+05  -1.885389e+05
43  1.524697e+06  2.870475e+05
44  1.871321e+06  -1.250841e+05
45  1.978774e+06  2.714016e+05
46  2.510137e+06  1.521819e+05
47  4.535803e+06  -3.326337e+05
48  6.293304e+06  -8.422431e+05
49  9.218135e+06  -1.980920e+06
50  1.481429e+07  2.171566e+06
51  1.565388e+07  2.709496e+05
52  2.698134e+07  1.247290e+06
53  4.455014e+07  3.516913e+05
54  8.144371e+07  3.844391e+06
55  1.074369e+08  4.560350e+06
56  1.421849e+08  7.534998e+06
57  1.929261e+08  1.543424e+07
58  2.658247e+08  -1.180846e+07
59  3.791475e+08  2.326691e+07
60  6.030432e+08  -8.402100e+06
61  1.073850e+09  -6.117209e+06
62  1.233008e+09  -6.709738e+07
63  4.131645e+09  -1.121561e+08
ENDPROP
