STARTPROP
MASSES:  4.500000e-02   4.200000e-03
SOURCE: GAM_1
SINKS: GAM_1
0  1.166100e+06  1.556295e+04
1  1.871356e+06  5.308460e+04
2  8.238913e+05  4.286579e+04
3  4.232963e+05  3.152110e+04
4  2.241079e+05  2.510118e+04
5  1.150809e+05  1.755234e+04
6  6.058603e+04  9.682804e+03
7  3.020558e+04  4.201870e+03
8  1.465598e+04  2.165663e+03
9  7.654666e+03  9.932074e+02
10  3.397995e+03  1.034860e+03
11  1.567400e+03  8.617369e+02
12  5.164140e+02  5.669096e+02
13  -5.082578e+01  3.572913e+02
14  -1.917467e+01  2.305808e+02
15  -7.751101e+01  7.885126e+01
16  -1.249215e+02  -1.835748e+01
17  -1.136644e+02  -3.799220e+01
18  -1.160839e+02  -5.340567e+01
19  -1.068783e+02  -4.360129e+01
20  -7.771655e+01  -4.485611e+01
21  -5.546768e+01  -3.935659e+01
22  -3.024256e+01  -1.632967e+01
23  -7.055894e+00  -1.835842e+00
24  6.301257e-01  6.214528e+00
25  5.707903e+00  8.183288e+00
26  7.832206e-01  5.464509e+00
27  -2.389910e+00  3.571887e+00
28  -3.200512e+00  8.160813e-01
29  -2.648135e+00  -8.792249e-02
30  -6.005564e-01  -3.183336e-01
31  3.828840e-01  -2.845993e-01
32  9.727709e-01  -6.272921e-01
33  8.946174e-01  -9.822258e-01
34  6.670669e-01  -9.498522e-01
35  -1.079095e+00  -5.614668e-01
36  -3.462813e+00  5.933516e-01
37  -3.712092e+00  2.394671e+00
38  -2.280251e+00  6.561977e+00
39  -5.391258e+00  1.076990e+01
40  -5.731739e+00  1.700976e+01
41  -7.150829e+00  1.884440e+01
42  -2.221192e+01  1.856202e+01
43  -4.626716e+01  2.637405e+01
44  -5.570752e+01  2.638995e+01
45  -8.189617e+01  1.972794e+01
46  -7.786733e+01  -8.890907e+00
47  -1.148128e+02  -1.641742e+01
48  -7.058008e+01  -1.670043e+02
49  -5.896894e+01  -2.602072e+02
50  -2.015004e+02  -2.050699e+02
51  -1.429185e+01  -1.461510e+02
52  -1.512841e+01  -4.731142e+02
53  -9.317084e+01  -4.818149e+02
54  8.124397e+02  2.192001e+02
55  3.075643e+03  7.378219e+02
56  1.043477e+04  1.089815e+03
57  2.564516e+04  7.690169e+02
58  5.290761e+04  7.045042e+02
59  1.066818e+05  5.368291e+03
60  2.121123e+05  6.897757e+03
61  4.265615e+05  1.074669e+04
62  8.386430e+05  -1.346196e+03
63  1.868555e+06  -1.911030e+04
ENDPROP
STARTPROP
MASSES:  4.500000e-02   4.200000e-03
SOURCE: GAM_2
SINKS: GAM_2
0  1.137898e+06  2.258481e+04
1  1.850304e+06  3.113669e+04
2  8.476297e+05  1.540123e+04
3  4.416315e+05  8.622278e+03
4  2.269342e+05  8.941494e+03
5  1.160244e+05  1.059760e+04
6  5.672317e+04  9.146599e+03
7  2.736150e+04  6.063136e+03
8  1.371807e+04  2.816266e+03
9  6.372492e+03  2.694509e+02
10  3.314977e+03  -7.652020e+02
11  2.110120e+03  -9.909585e+02
12  9.144653e+02  -2.373143e+02
13  7.443491e+02  1.388334e+02
14  3.147943e+02  1.407589e+02
15  1.760287e+02  -1.694176e+02
16  1.232531e+02  -1.224305e+02
17  -8.017393e+01  -7.263819e+01
18  -9.221853e+01  -7.008437e+01
19  -6.325068e+01  -7.175036e+01
20  -4.555751e+01  -3.959018e+01
21  -3.023594e+01  8.321444e+00
22  -1.522127e+01  1.016781e+01
23  -1.815103e+01  -2.058133e+00
24  -1.597167e+01  -5.781706e+00
25  -1.759086e+01  -3.865303e+00
26  -1.548453e+01  -3.854076e+00
27  -7.241706e+00  -4.047598e+00
28  -1.792058e+00  -1.126440e+00
29  -1.364084e-01  9.174647e-01
30  3.615283e-02  7.324175e-01
31  4.562202e-01  -1.510712e-01
32  1.440934e+00  2.610507e-01
33  2.295465e+00  1.796142e+00
34  2.345671e+00  2.801671e+00
35  1.968887e+00  1.429373e+00
36  -2.575931e-01  -9.399740e-02
37  -2.202935e+00  -2.365624e+00
38  -3.794362e+00  -2.270247e+00
39  -5.850547e+00  6.602701e-01
40  -5.924549e+00  5.666712e+00
41  -1.410385e+01  1.115367e+01
42  -1.687495e+01  2.380574e+00
43  -4.436968e+01  -2.632974e+01
44  -7.863745e+01  -9.363898e+01
45  -2.885483e+01  -1.618154e+02
46  5.700555e+01  -2.166447e+02
47  9.231005e+01  -2.472769e+02
48  1.381958e+02  -3.244098e+02
49  2.421206e+02  -5.022894e+02
50  7.491252e+02  -5.831077e+02
51  1.422856e+03  -5.108625e+02
52  2.195086e+03  -4.433105e+02
53  3.847663e+03  -2.928534e+02
54  6.824673e+03  -4.295509e+01
55  1.050863e+04  6.246353e+02
56  1.681334e+04  1.071754e+03
57  3.154683e+04  1.888222e+03
58  5.795250e+04  5.486767e+02
59  1.119694e+05  -1.297947e+03
60  2.157238e+05  -1.797300e+03
61  4.208815e+05  1.015556e+02
62  8.291545e+05  1.024878e+03
63  1.849263e+06  -4.778229e+02
ENDPROP
STARTPROP
MASSES:  4.500000e-02   4.200000e-03
SOURCE: GAM_3
SINKS: GAM_3
0  1.130571e+06  -1.359963e+04
1  1.861245e+06  1.658597e+04
2  8.235889e+05  1.182865e+04
3  4.098601e+05  1.696802e+04
4  2.101834e+05  1.866163e+04
5  1.019946e+05  1.513188e+04
6  5.094413e+04  1.187173e+04
7  2.725253e+04  7.183330e+03
8  1.456070e+04  4.133225e+03
9  6.329110e+03  1.744151e+03
10  2.124382e+03  8.738199e+02
11  1.123212e+03  6.424916e+02
12  1.094926e+03  3.939277e+02
13  6.085270e+02  1.840365e-01
14  1.797586e+02  1.964701e+01
15  8.705369e+01  7.775733e+01
16  6.370734e+01  1.819275e+02
17  7.086810e+01  1.244501e+02
18  7.913141e+01  6.350857e+01
19  4.573516e+01  3.401379e+01
20  4.810318e+01  4.365777e+01
21  3.380311e+01  3.805304e+01
22  2.103165e+01  3.201312e+01
23  1.175331e+01  2.036902e+01
24  7.289049e+00  7.799839e+00
25  4.351099e+00  9.591384e-01
26  9.133947e+00  -5.657672e-02
27  6.873861e+00  7.799588e-01
28  1.690117e+00  1.075937e+00
29  -3.494580e-01  -1.723384e-01
30  -1.792721e+00  -1.081404e+00
31  -1.240690e+00  -1.435916e+00
32  -1.318404e+00  -1.744736e+00
33  -8.709330e-01  -2.713272e+00
34  -4.688654e-03  -4.086233e+00
35  1.757893e+00  -4.271878e+00
36  3.044467e+00  -4.579446e+00
37  6.711012e+00  -5.793766e+00
38  1.394612e+01  -7.115678e+00
39  1.965683e+01  -7.617447e+00
40  2.707252e+01  -4.502712e+00
41  2.777300e+01  -4.644523e+00
42  3.034346e+01  -6.256902e+00
43  2.188384e+01  1.461424e+00
44  1.475879e+01  2.032447e+01
45  2.692577e+01  2.583637e+01
46  4.473951e+01  2.090530e+00
47  2.533034e+01  -6.593560e+01
48  5.995593e+01  -1.982348e+02
49  -1.946017e+02  -3.605777e+02
50  -5.571782e+02  -3.410822e+02
51  -7.644524e+02  -3.033353e+02
52  -6.513066e+02  -4.007803e+01
53  2.356968e+01  -1.489109e+02
54  1.709348e+03  -1.153014e+03
55  4.874327e+03  -1.548369e+03
56  7.832464e+03  -1.148225e+03
57  2.041747e+04  -8.683517e+02
58  4.610646e+04  1.626777e+03
59  9.500288e+04  2.362410e+03
60  1.969444e+05  7.887242e+02
61  4.047980e+05  -4.393812e+03
62  8.097618e+05  -1.296193e+04
63  1.838104e+06  -3.330308e+04
ENDPROP
STARTPROP
MASSES:  4.500000e-02   4.200000e-03
SOURCE: GAM_4
SINKS: GAM_4
0  2.111445e+06  2.078674e+04
1  -3.092196e+05  -5.025523e+03
2  -7.681521e+03  2.123425e+03
3  -3.503072e+03  1.804439e+03
4  -2.701106e+02  2.918345e+03
5  -1.282464e+03  1.641461e+03
6  -1.146566e+03  1.293152e+03
7  -5.236031e+01  1.015044e+03
8  9.153158e+02  1.073528e+03
9  8.902231e+02  1.380309e+03
10  8.635227e+02  1.131210e+03
11  8.838409e+02  7.482831e+02
12  5.733318e+02  4.826257e+02
13  4.560346e+02  3.602656e+02
14  2.700548e+02  1.975799e+02
15  1.696284e+02  1.100456e+02
16  1.492534e+02  3.076512e+01
17  4.973609e+01  -8.957198e+00
18  2.831532e+01  3.272984e+00
19  4.596688e+00  -2.530286e+00
20  -4.444738e-01  -1.260766e+01
21  -2.488548e+00  -9.290493e+00
22  -4.257956e+00  -1.329410e+01
23  -4.739775e+00  -9.900328e+00
24  -3.936204e+00  -7.294283e+00
25  -3.563742e+00  -4.618026e+00
26  -4.389244e+00  -3.240802e+00
27  -4.137778e+00  -2.689699e+00
28  -3.877373e+00  -1.933033e+00
29  -3.544708e+00  -1.224104e+00
30  -2.721005e+00  -1.438036e+00
31  -2.638346e+00  -1.185302e+00
32  -2.386906e+00  -9.886970e-01
33  -2.359718e+00  -8.874600e-01
34  -2.215730e+00  -1.441198e+00
35  -1.990757e+00  -1.390544e+00
36  -1.794948e+00  -1.232191e+00
37  -2.765920e+00  -9.133060e-01
38  3.166604e-01  -1.246244e+00
39  3.041410e+00  -2.116456e-01
40  2.248401e+00  -3.538905e+00
41  2.912778e+00  -5.187423e+00
42  7.035738e+00  8.546549e-01
43  4.194184e+00  -1.697428e+00
44  3.261629e+00  -4.967863e+00
45  8.921241e+00  -1.999057e+01
46  2.284778e+01  -4.058187e+01
47  3.831647e+01  -1.385224e+02
48  4.734168e+01  -2.172518e+02
49  5.453310e+01  -3.461869e+02
50  1.079954e+02  -4.810926e+02
51  2.040905e+02  -6.729982e+02
52  2.502667e+02  -6.800338e+02
53  5.080703e+02  -7.485857e+02
54  3.083632e+02  -7.107844e+02
55  2.677145e+02  -9.282767e+02
56  2.731351e+02  -6.329106e+02
57  -1.410623e+03  1.089733e+03
58  -2.662432e+03  3.457747e+03
59  -4.492979e+03  5.254101e+03
60  -7.757690e+03  1.050416e+04
61  -1.418569e+04  1.969799e+04
62  -2.129376e+04  3.164719e+04
63  -3.087896e+05  4.352957e+04
ENDPROP
STARTPROP
MASSES:  4.500000e-02   4.200000e-03
SOURCE: GAM_5
SINKS: GAM_5
0  6.651201e+06  -5.799743e+03
1  6.561919e+06  2.691288e+04
2  4.504773e+06  -5.185927e+03
3  3.121336e+06  -5.762874e+03
4  2.195108e+06  5.138223e+03
5  1.541878e+06  7.362348e+03
6  1.061949e+06  2.584375e+03
7  7.171352e+05  3.143747e+03
8  4.868535e+05  2.906752e+02
9  3.259493e+05  -2.303725e+02
10  2.211840e+05  -3.359916e+03
11  1.534192e+05  -5.358913e+03
12  1.068705e+05  -5.015764e+03
13  7.404485e+04  -3.829799e+03
14  5.049683e+04  -2.402134e+03
15  3.416994e+04  -1.594507e+03
16  2.397486e+04  -1.136145e+03
17  1.706133e+04  -8.655116e+02
18  1.174679e+04  -5.853814e+02
19  7.995183e+03  -2.866906e+02
20  5.433741e+03  -1.175075e+02
21  3.669035e+03  -4.095901e+01
22  2.453031e+03  6.125842e+00
23  1.605371e+03  4.140133e+01
24  1.055623e+03  5.585082e+01
25  7.182932e+02  5.531522e+01
26  5.065129e+02  4.313889e+01
27  3.551059e+02  2.238667e+01
28  2.483842e+02  1.090487e+01
29  1.752064e+02  8.398820e+00
30  1.341332e+02  7.607502e+00
31  1.172222e+02  7.179570e+00
32  1.165184e+02  6.736022e+00
33  1.289424e+02  9.954767e+00
34  1.548334e+02  1.347376e+01
35  2.063099e+02  1.720189e+01
36  2.964766e+02  2.173556e+01
37  4.264484e+02  3.181973e+01
38  5.984560e+02  4.483133e+01
39  8.600286e+02  7.148650e+01
40  1.255942e+03  1.055883e+02
41  1.804832e+03  1.343853e+02
42  2.596914e+03  1.583168e+02
43  3.713380e+03  1.513921e+02
44  5.382889e+03  1.446264e+02
45  7.988543e+03  1.651586e+02
46  1.173118e+04  2.040993e+02
47  1.706362e+04  3.594877e+02
48  2.469208e+04  4.675882e+02
49  3.540454e+04  9.394008e+02
50  5.087047e+04  1.905488e+03
51  7.323903e+04  2.663754e+03
52  1.051252e+05  3.154145e+03
53  1.517655e+05  3.536483e+03
54  2.201387e+05  5.818356e+03
55  3.247071e+05  9.996390e+03
56  4.885295e+05  1.360311e+04
57  7.374849e+05  1.679415e+04
58  1.080283e+06  1.178727e+04
59  1.524495e+06  1.956466e+03
60  2.143206e+06  -1.503386e+04
61  3.057246e+06  -2.500274e+04
62  4.421308e+06  -4.663349e+04
63  6.501284e+06  -6.718231e+04
ENDPROP
STARTPROP
MASSES:  4.500000e-02   4.200000e-03
SOURCE: GAM_12
SINKS: GAM_12
0  7.151089e+05  -1.968357e+04
1  -7.726621e+05  -3.454792e+04
2  -1.951486e+05  -1.704210e+04
3  -6.750541e+04  -1.045367e+04
4  -2.234520e+04  -4.829948e+03
5  -8.609328e+03  -1.678427e+03
6  -4.182147e+03  -2.016791e+03
7  -1.659833e+03  -1.208495e+03
8  5.167395e+02  6.285945e+02
9  6.643225e+02  8.577300e+02
10  1.119857e+03  4.830673e+02
11  1.144737e+03  3.616453e+02
12  4.211176e+02  4.258855e+02
13  4.074564e+02  1.629256e+02
14  4.103486e+02  -1.266847e+01
15  2.047852e+02  -9.749838e+01
16  1.362505e+02  -6.778916e+01
17  5.321678e+01  -5.254933e+01
18  -4.685557e+01  -2.151236e+01
19  -2.528473e+01  1.699523e+01
20  -8.040271e+00  3.047441e+01
21  1.386728e+01  1.086944e+01
22  1.660579e+01  3.805234e+00
23  1.163726e+01  -2.382798e+00
24  3.880631e+00  -3.039286e+00
25  1.603252e+00  2.060765e+00
26  2.482304e-01  1.717953e+00
27  1.029406e+00  1.160625e-01
28  7.039219e-01  -4.657598e-01
29  5.601060e-01  6.366334e-01
30  1.343184e+00  1.276249e+00
31  1.748425e-01  1.290630e+00
32  5.459759e-01  1.590278e+00
33  6.597264e-01  1.825989e+00
34  3.993261e-01  8.966834e-01
35  -1.021388e-01  -8.305692e-01
36  1.025382e+00  -2.654910e+00
37  1.481542e+00  -4.185906e+00
38  4.147846e+00  -4.273965e+00
39  1.900684e-01  -3.402205e+00
40  -9.277597e+00  1.602243e+00
41  -1.507414e+01  -3.962413e+00
42  -2.367419e+01  -4.513644e+00
43  -4.229495e+01  -4.754781e-01
44  -3.759392e+01  -2.988209e-01
45  -1.897602e+01  -6.374401e+00
46  1.519950e+01  -3.462925e+01
47  7.570640e+01  -5.171531e+01
48  9.131696e+01  -6.721443e-01
49  8.683657e+01  -2.779482e+01
50  -1.725861e+02  -1.195479e+02
51  -4.427918e+02  -2.905558e+01
52  -8.000017e+02  1.523647e+02
53  -8.931429e+02  2.704694e+02
54  -1.931046e+03  5.256588e+02
55  -3.344474e+03  2.670502e+02
56  -4.522271e+03  -2.343439e+02
57  -6.639964e+03  2.842433e+02
58  -1.124765e+04  -5.040177e+01
59  -1.554303e+04  -5.536604e+02
60  -3.490500e+04  -1.405711e+02
61  -8.217363e+04  1.443404e+03
62  -2.060164e+05  6.281342e+03
63  -7.749013e+05  1.155566e+04
ENDPROP
STARTPROP
MASSES:  4.500000e-02   4.200000e-03
SOURCE: GAM_21
SINKS: GAM_21
0  7.151089e+05  -1.968357e+04
1  -7.726621e+05  -3.454792e+04
2  -1.951486e+05  -1.704210e+04
3  -6.750541e+04  -1.045367e+04
4  -2.234520e+04  -4.829948e+03
5  -8.609328e+03  -1.678427e+03
6  -4.182147e+03  -2.016791e+03
7  -1.659833e+03  -1.208495e+03
8  5.167395e+02  6.285945e+02
9  6.643225e+02  8.577300e+02
10  1.119857e+03  4.830673e+02
11  1.144737e+03  3.616453e+02
12  4.211176e+02  4.258855e+02
13  4.074564e+02  1.629256e+02
14  4.103486e+02  -1.266847e+01
15  2.047852e+02  -9.749838e+01
16  1.362505e+02  -6.778916e+01
17  5.321678e+01  -5.254933e+01
18  -4.685557e+01  -2.151236e+01
19  -2.528473e+01  1.699523e+01
20  -8.040271e+00  3.047441e+01
21  1.386728e+01  1.086944e+01
22  1.660579e+01  3.805234e+00
23  1.163726e+01  -2.382798e+00
24  3.880631e+00  -3.039286e+00
25  1.603252e+00  2.060765e+00
26  2.482304e-01  1.717953e+00
27  1.029406e+00  1.160625e-01
28  7.039219e-01  -4.657598e-01
29  5.601060e-01  6.366334e-01
30  1.343184e+00  1.276249e+00
31  1.748425e-01  1.290630e+00
32  5.459759e-01  1.590278e+00
33  6.597264e-01  1.825989e+00
34  3.993261e-01  8.966834e-01
35  -1.021388e-01  -8.305692e-01
36  1.025382e+00  -2.654910e+00
37  1.481542e+00  -4.185906e+00
38  4.147846e+00  -4.273965e+00
39  1.900684e-01  -3.402205e+00
40  -9.277597e+00  1.602243e+00
41  -1.507414e+01  -3.962413e+00
42  -2.367419e+01  -4.513644e+00
43  -4.229495e+01  -4.754781e-01
44  -3.759392e+01  -2.988209e-01
45  -1.897602e+01  -6.374401e+00
46  1.519950e+01  -3.462925e+01
47  7.570640e+01  -5.171531e+01
48  9.131696e+01  -6.721443e-01
49  8.683657e+01  -2.779482e+01
50  -1.725861e+02  -1.195479e+02
51  -4.427918e+02  -2.905558e+01
52  -8.000017e+02  1.523647e+02
53  -8.931429e+02  2.704694e+02
54  -1.931046e+03  5.256588e+02
55  -3.344474e+03  2.670502e+02
56  -4.522271e+03  -2.343439e+02
57  -6.639964e+03  2.842433e+02
58  -1.124765e+04  -5.040177e+01
59  -1.554303e+04  -5.536604e+02
60  -3.490500e+04  -1.405711e+02
61  -8.217363e+04  1.443404e+03
62  -2.060164e+05  6.281342e+03
63  -7.749013e+05  1.155566e+04
ENDPROP
STARTPROP
MASSES:  4.500000e-02   4.200000e-03
SOURCE: GAM_13
SINKS: GAM_13
0  7.962382e+05  2.102343e+04
1  -7.210186e+05  -7.582961e+02
2  -1.638440e+05  -1.339694e+03
3  -5.491667e+04  -3.174923e+03
4  -1.229364e+04  -8.779407e+02
5  -3.462818e+03  -9.313170e+02
6  -5.644986e+02  3.491294e+02
7  8.362579e+02  2.493339e+03
8  2.212959e+02  4.610987e+02
9  5.531460e+02  4.455832e+02
10  3.333737e+02  4.725185e+02
11  2.764121e+02  3.805931e+02
12  5.690510e+01  4.107778e+01
13  1.428979e+02  2.646415e+00
14  2.761690e+02  -6.069972e+01
15  1.941083e+02  -9.491189e+01
16  1.227412e+02  -5.780005e+01
17  1.495192e+02  -5.272880e+01
18  1.177471e+02  -4.688610e+01
19  5.041468e+01  -2.978251e+01
20  3.040517e+01  -4.750575e+00
21  1.457544e+01  -5.819540e+00
22  8.827247e+00  -8.378435e+00
23  -2.001928e+00  -1.029370e+01
24  -4.102223e+00  -8.129013e+00
25  -9.469898e-01  -1.293208e+00
26  9.593419e-01  -2.204155e-01
27  9.637179e-01  -3.354337e-03
28  8.720364e-01  3.015082e-01
29  5.987682e-01  -7.854762e-01
30  -2.662153e-02  -2.416229e-01
31  3.547833e-01  8.189343e-01
32  -1.047756e-01  1.338665e+00
33  -3.709297e-01  1.439067e+00
34  -1.386901e+00  1.211892e+00
35  -1.469986e+00  4.119624e-01
36  -1.486880e+00  -8.135950e-02
37  -2.275530e+00  -9.905989e-01
38  -3.594537e+00  -1.429930e+00
39  -8.135256e+00  -3.114027e+00
40  -9.374642e+00  -2.391019e-01
41  -9.322121e+00  -1.484974e+00
42  -5.048395e+00  -6.911009e+00
43  1.521890e+01  -1.264862e+01
44  4.195159e+01  -2.275399e+01
45  5.089482e+01  -4.586147e+01
46  5.670968e+01  -9.024803e+01
47  4.825646e+01  -1.078387e+02
48  -5.897541e+01  -5.242531e+01
49  -1.271354e+02  9.635759e+01
50  -3.281149e+01  6.785046e+01
51  -6.398003e+01  8.055585e+01
52  -3.255012e+02  1.760220e+02
53  2.659921e+02  3.430011e+02
54  1.398759e+03  1.026647e+03
55  1.227616e+03  1.754173e+03
56  4.189672e+02  2.539333e+03
57  -1.630393e+03  3.845203e+03
58  -5.220215e+03  4.976862e+03
59  -8.883678e+03  8.344742e+03
60  -2.336850e+04  1.139023e+04
61  -6.350936e+04  1.510338e+04
62  -1.729414e+05  2.799045e+04
63  -7.126504e+05  4.687349e+04
ENDPROP
STARTPROP
MASSES:  4.500000e-02   4.200000e-03
SOURCE: GAM_31
SINKS: GAM_31
0  7.962382e+05  2.102343e+04
1  -7.210186e+05  -7.582961e+02
2  -1.638440e+05  -1.339694e+03
3  -5.491667e+04  -3.174923e+03
4  -1.229364e+04  -8.779407e+02
5  -3.462818e+03  -9.313170e+02
6  -5.644986e+02  3.491294e+02
7  8.362579e+02  2.493339e+03
8  2.212959e+02  4.610987e+02
9  5.531460e+02  4.455832e+02
10  3.333737e+02  4.725185e+02
11  2.764121e+02  3.805931e+02
12  5.690510e+01  4.107778e+01
13  1.428979e+02  2.646415e+00
14  2.761690e+02  -6.069972e+01
15  1.941083e+02  -9.491189e+01
16  1.227412e+02  -5.780005e+01
17  1.495192e+02  -5.272880e+01
18  1.177471e+02  -4.688610e+01
19  5.041468e+01  -2.978251e+01
20  3.040517e+01  -4.750575e+00
21  1.457544e+01  -5.819540e+00
22  8.827247e+00  -8.378435e+00
23  -2.001928e+00  -1.029370e+01
24  -4.102223e+00  -8.129013e+00
25  -9.469898e-01  -1.293208e+00
26  9.593419e-01  -2.204155e-01
27  9.637179e-01  -3.354337e-03
28  8.720364e-01  3.015082e-01
29  5.987682e-01  -7.854762e-01
30  -2.662153e-02  -2.416229e-01
31  3.547833e-01  8.189343e-01
32  -1.047756e-01  1.338665e+00
33  -3.709297e-01  1.439067e+00
34  -1.386901e+00  1.211892e+00
35  -1.469986e+00  4.119624e-01
36  -1.486880e+00  -8.135950e-02
37  -2.275530e+00  -9.905989e-01
38  -3.594537e+00  -1.429930e+00
39  -8.135256e+00  -3.114027e+00
40  -9.374642e+00  -2.391019e-01
41  -9.322121e+00  -1.484974e+00
42  -5.048395e+00  -6.911009e+00
43  1.521890e+01  -1.264862e+01
44  4.195159e+01  -2.275399e+01
45  5.089482e+01  -4.586147e+01
46  5.670968e+01  -9.024803e+01
47  4.825646e+01  -1.078387e+02
48  -5.897541e+01  -5.242531e+01
49  -1.271354e+02  9.635759e+01
50  -3.281149e+01  6.785046e+01
51  -6.398003e+01  8.055585e+01
52  -3.255012e+02  1.760220e+02
53  2.659921e+02  3.430011e+02
54  1.398759e+03  1.026647e+03
55  1.227616e+03  1.754173e+03
56  4.189672e+02  2.539333e+03
57  -1.630393e+03  3.845203e+03
58  -5.220215e+03  4.976862e+03
59  -8.883678e+03  8.344742e+03
60  -2.336850e+04  1.139023e+04
61  -6.350936e+04  1.510338e+04
62  -1.729414e+05  2.799045e+04
63  -7.126504e+05  4.687349e+04
ENDPROP
STARTPROP
MASSES:  4.500000e-02   4.200000e-03
SOURCE: GAM_14
SINKS: GAM_14
0  -6.095635e+04  9.947276e+03
1  1.255983e+06  2.228157e+04
2  5.004557e+05  1.347491e+04
3  2.512574e+05  1.356746e+04
4  1.280659e+05  1.058429e+04
5  6.489981e+04  9.518558e+03
6  3.833034e+04  5.826328e+03
7  2.024642e+04  5.250937e+03
8  9.707738e+03  4.135872e+03
9  4.920915e+03  2.035969e+03
10  2.199231e+03  6.420501e+02
11  1.546822e+03  2.153073e+02
12  6.190525e+02  1.181435e+02
13  5.564255e+02  3.120384e+02
14  3.291271e+02  1.776995e+02
15  2.463140e+02  1.339589e+02
16  2.339950e+02  1.040685e+02
17  2.150328e+02  1.839949e+01
18  9.286569e+01  -2.909982e+01
19  4.239497e+01  -2.744761e+01
20  1.533427e+01  -6.821993e+00
21  -1.868533e+01  -1.511696e+01
22  -1.703123e+01  -9.124888e+00
23  -9.423848e+00  2.427381e+00
24  -8.825471e+00  5.205355e+00
25  -3.255052e+00  1.944866e+00
26  -1.161442e+00  5.083988e-01
27  6.164894e-01  -9.094030e-01
28  -2.790465e-01  -1.580508e+00
29  -7.576608e-01  -5.775351e-01
30  -8.368076e-01  -4.121756e-02
31  -1.731931e+00  6.154354e-03
32  -8.736238e-01  -4.350880e-01
33  -1.090458e+00  -1.564586e-01
34  -1.340534e+00  5.656702e-01
35  -1.259133e+00  1.661381e+00
36  6.422384e-01  3.072792e+00
37  1.240007e+00  4.621700e+00
38  -1.410793e+00  6.354733e+00
39  -4.781831e+00  8.329808e+00
40  -1.418063e+01  1.026821e+01
41  -2.535379e+01  1.454615e+01
42  -4.300848e+01  2.300878e+01
43  -5.813639e+01  2.096190e+01
44  -8.801310e+01  2.295722e-01
45  -1.400357e+02  -2.113247e+01
46  -2.053219e+02  -3.478204e+01
47  -2.627173e+02  -1.000674e+02
48  -3.758156e+02  -1.579324e+02
49  -4.675639e+02  -2.064439e+02
50  -5.296664e+02  -3.944065e+02
51  -5.371040e+02  -7.705283e+02
52  -8.178026e+02  -1.317141e+03
53  -7.495842e+02  -1.951602e+03
54  5.800398e+02  -9.992909e+02
55  3.293365e+03  7.427845e+02
56  7.823012e+03  2.239379e+03
57  1.635367e+04  3.350997e+03
58  3.049883e+04  4.532045e+03
59  5.986130e+04  1.158829e+03
60  1.204924e+05  -2.736392e+03
61  2.517394e+05  -4.538674e+03
62  5.122140e+05  -6.133093e+03
63  1.267892e+06  -8.383827e+03
ENDPROP
STARTPROP
MASSES:  4.500000e-02   4.200000e-03
SOURCE: GAM_41
SINKS: GAM_41
0  -6.095635e+04  9.947276e+03
1  1.255983e+06  2.228157e+04
2  5.004557e+05  1.347491e+04
3  2.512574e+05  1.356746e+04
4  1.280659e+05  1.058429e+04
5  6.489981e+04  9.518558e+03
6  3.833034e+04  5.826328e+03
7  2.024642e+04  5.250937e+03
8  9.707738e+03  4.135872e+03
9  4.920915e+03  2.035969e+03
10  2.199231e+03  6.420501e+02
11  1.546822e+03  2.153073e+02
12  6.190525e+02  1.181435e+02
13  5.564255e+02  3.120384e+02
14  3.291271e+02  1.776995e+02
15  2.463140e+02  1.339589e+02
16  2.339950e+02  1.040685e+02
17  2.150328e+02  1.839949e+01
18  9.286569e+01  -2.909982e+01
19  4.239497e+01  -2.744761e+01
20  1.533427e+01  -6.821993e+00
21  -1.868533e+01  -1.511696e+01
22  -1.703123e+01  -9.124888e+00
23  -9.423848e+00  2.427381e+00
24  -8.825471e+00  5.205355e+00
25  -3.255052e+00  1.944866e+00
26  -1.161442e+00  5.083988e-01
27  6.164894e-01  -9.094030e-01
28  -2.790465e-01  -1.580508e+00
29  -7.576608e-01  -5.775351e-01
30  -8.368076e-01  -4.121756e-02
31  -1.731931e+00  6.154354e-03
32  -8.736238e-01  -4.350880e-01
33  -1.090458e+00  -1.564586e-01
34  -1.340534e+00  5.656702e-01
35  -1.259133e+00  1.661381e+00
36  6.422384e-01  3.072792e+00
37  1.240007e+00  4.621700e+00
38  -1.410793e+00  6.354733e+00
39  -4.781831e+00  8.329808e+00
40  -1.418063e+01  1.026821e+01
41  -2.535379e+01  1.454615e+01
42  -4.300848e+01  2.300878e+01
43  -5.813639e+01  2.096190e+01
44  -8.801310e+01  2.295722e-01
45  -1.400357e+02  -2.113247e+01
46  -2.053219e+02  -3.478204e+01
47  -2.627173e+02  -1.000674e+02
48  -3.758156e+02  -1.579324e+02
49  -4.675639e+02  -2.064439e+02
50  -5.296664e+02  -3.944065e+02
51  -5.371040e+02  -7.705283e+02
52  -8.178026e+02  -1.317141e+03
53  -7.495842e+02  -1.951602e+03
54  5.800398e+02  -9.992909e+02
55  3.293365e+03  7.427845e+02
56  7.823012e+03  2.239379e+03
57  1.635367e+04  3.350997e+03
58  3.049883e+04  4.532045e+03
59  5.986130e+04  1.158829e+03
60  1.204924e+05  -2.736392e+03
61  2.517394e+05  -4.538674e+03
62  5.122140e+05  -6.133093e+03
63  1.267892e+06  -8.383827e+03
ENDPROP
STARTPROP
MASSES:  4.500000e-02   4.200000e-03
SOURCE: GAM_23
SINKS: GAM_23
0  7.471993e+05  1.978346e+04
1  -7.225537e+05  -2.915217e+03
2  -1.636043e+05  -2.346451e+03
3  -5.989980e+04  -7.345011e+02
4  -1.950549e+04  -1.585001e+02
5  -4.498913e+03  2.102988e+03
6  -2.598156e+03  8.228590e+02
7  -6.233182e+03  -1.416189e+03
8  -7.288309e+03  -1.571094e+03
9  -5.392490e+03  -9.726101e+02
10  -2.733929e+03  -8.024315e+02
11  -1.370652e+03  -6.598175e+02
12  -6.322024e+02  -6.683127e+02
13  -4.503043e+02  -5.571248e+02
14  -2.771167e+02  -3.314492e+02
15  -1.180315e+02  -1.009417e+02
16  -1.081788e+02  -5.995676e+01
17  -4.489067e+01  1.200882e+00
18  -1.529586e+01  -2.353591e+01
19  -2.539875e+00  -3.459819e+01
20  -8.985545e+00  -2.550540e+01
21  -9.787725e+00  -1.163895e+01
22  7.506357e+00  2.444015e-01
23  1.006750e+01  1.373869e+01
24  8.708208e+00  9.369477e+00
25  4.387802e+00  4.892576e+00
26  1.952717e+00  2.852414e+00
27  1.442478e+00  2.095415e+00
28  1.391646e+00  1.675653e+00
29  1.302930e+00  1.733506e+00
30  -1.756418e-01  1.442904e+00
31  -7.182124e-01  1.055911e+00
32  -9.242574e-01  9.487746e-01
33  -1.666945e+00  7.237873e-01
34  -2.741965e+00  1.103360e+00
35  -4.304808e+00  7.992053e-01
36  -4.511114e+00  -3.317004e-02
37  -4.604436e+00  -1.510778e+00
38  -4.888704e+00  -5.288593e+00
39  -4.575047e+00  -7.090971e+00
40  -7.299462e+00  -1.069495e+01
41  -8.602252e+00  -1.026288e+01
42  -1.297320e+01  -2.149254e+00
43  -1.204540e+01  1.069381e+00
44  -3.223694e+00  6.639878e+00
45  -1.347337e+01  1.275474e+01
46  -2.292105e+01  -1.221053e+00
47  4.708868e+01  -1.473747e+01
48  2.680368e+01  -1.900669e+01
49  9.170495e+01  4.708231e+00
50  7.136738e+01  -7.644584e+00
51  1.875846e+02  -2.338547e+02
52  1.012633e+02  -4.768761e+02
53  2.141204e+02  -4.435384e+02
54  -7.876920e+01  -5.672065e+02
55  -6.056285e+02  -1.655813e+02
56  -2.259928e+03  1.246035e+02
57  -6.471895e+03  -1.333818e+02
58  -1.333969e+04  1.578288e+03
59  -2.094496e+04  3.870931e+03
60  -3.812608e+04  6.329729e+03
61  -8.812970e+04  1.308404e+04
62  -2.163639e+05  2.893319e+04
63  -7.602318e+05  3.958844e+04
ENDPROP
STARTPROP
MASSES:  4.500000e-02   4.200000e-03
SOURCE: GAM_32
SINKS: GAM_32
0  7.471993e+05  1.978346e+04
1  -7.225537e+05  -2.915217e+03
2  -1.636043e+05  -2.346451e+03
3  -5.989980e+04  -7.345011e+02
4  -1.950549e+04  -1.585001e+02
5  -4.498913e+03  2.102988e+03
6  -2.598156e+03  8.228590e+02
7  -6.233182e+03  -1.416189e+03
8  -7.288309e+03  -1.571094e+03
9  -5.392490e+03  -9.726101e+02
10  -2.733929e+03  -8.024315e+02
11  -1.370652e+03  -6.598175e+02
12  -6.322024e+02  -6.683127e+02
13  -4.503043e+02  -5.571248e+02
14  -2.771167e+02  -3.314492e+02
15  -1.180315e+02  -1.009417e+02
16  -1.081788e+02  -5.995676e+01
17  -4.489067e+01  1.200882e+00
18  -1.529586e+01  -2.353591e+01
19  -2.539875e+00  -3.459819e+01
20  -8.985545e+00  -2.550540e+01
21  -9.787725e+00  -1.163895e+01
22  7.506357e+00  2.444015e-01
23  1.006750e+01  1.373869e+01
24  8.708208e+00  9.369477e+00
25  4.387802e+00  4.892576e+00
26  1.952717e+00  2.852414e+00
27  1.442478e+00  2.095415e+00
28  1.391646e+00  1.675653e+00
29  1.302930e+00  1.733506e+00
30  -1.756418e-01  1.442904e+00
31  -7.182124e-01  1.055911e+00
32  -9.242574e-01  9.487746e-01
33  -1.666945e+00  7.237873e-01
34  -2.741965e+00  1.103360e+00
35  -4.304808e+00  7.992053e-01
36  -4.511114e+00  -3.317004e-02
37  -4.604436e+00  -1.510778e+00
38  -4.888704e+00  -5.288593e+00
39  -4.575047e+00  -7.090971e+00
40  -7.299462e+00  -1.069495e+01
41  -8.602252e+00  -1.026288e+01
42  -1.297320e+01  -2.149254e+00
43  -1.204540e+01  1.069381e+00
44  -3.223694e+00  6.639878e+00
45  -1.347337e+01  1.275474e+01
46  -2.292105e+01  -1.221053e+00
47  4.708868e+01  -1.473747e+01
48  2.680368e+01  -1.900669e+01
49  9.170495e+01  4.708231e+00
50  7.136738e+01  -7.644584e+00
51  1.875846e+02  -2.338547e+02
52  1.012633e+02  -4.768761e+02
53  2.141204e+02  -4.435384e+02
54  -7.876920e+01  -5.672065e+02
55  -6.056285e+02  -1.655813e+02
56  -2.259928e+03  1.246035e+02
57  -6.471895e+03  -1.333818e+02
58  -1.333969e+04  1.578288e+03
59  -2.094496e+04  3.870931e+03
60  -3.812608e+04  6.329729e+03
61  -8.812970e+04  1.308404e+04
62  -2.163639e+05  2.893319e+04
63  -7.602318e+05  3.958844e+04
ENDPROP
STARTPROP
MASSES:  4.500000e-02   4.200000e-03
SOURCE: GAM_24
SINKS: GAM_24
0  -6.437759e+04  -4.815367e+03
1  1.264691e+06  1.672186e+04
2  5.049831e+05  7.981043e+03
3  2.550301e+05  6.863208e+03
4  1.397425e+05  9.179040e+03
5  7.636375e+04  6.473555e+03
6  3.967544e+04  4.222789e+03
7  2.034784e+04  1.794556e+02
8  8.338983e+03  -2.878278e+02
9  3.098987e+03  -7.097762e+02
10  1.823725e+03  3.230589e+02
11  6.870794e+02  4.834177e+02
12  -2.691705e+02  6.471684e+02
13  -8.594160e+01  2.343012e+02
14  8.656678e+01  7.412961e+01
15  4.098082e+01  -4.460155e+01
16  4.703646e+01  -1.774747e+01
17  -3.815439e+01  6.137214e+00
18  -5.603763e+01  -1.730799e+01
19  -3.451989e+01  -3.635759e+01
20  1.133344e+01  -2.456555e+01
21  1.373025e+01  -1.972772e+01
22  1.780029e+01  -2.530670e+01
23  1.060585e+01  -1.888023e+01
24  -5.941565e-01  -1.568348e+01
25  -3.209889e+00  -1.626319e+01
26  -2.100033e+00  -1.162124e+01
27  -9.501556e-01  -4.893105e+00
28  9.465779e-01  -1.947734e+00
29  1.752737e+00  -1.550960e+00
30  1.595386e+00  -1.481100e+00
31  1.758587e+00  -6.661486e-01
32  1.307336e+00  3.860598e-01
33  2.051829e+00  7.025403e-01
34  1.199324e+00  5.676758e-01
35  1.354092e+00  7.636408e-01
36  1.663051e+00  1.530774e+00
37  2.185790e+00  1.216747e+00
38  4.715373e-01  3.681960e+00
39  -1.689080e+00  2.392433e+00
40  -2.875527e+00  3.607630e+00
41  -1.047368e+01  1.504966e+00
42  -1.971538e+01  -6.024876e+00
43  -8.737635e+00  -1.341147e+01
44  1.518500e+01  -2.193778e+01
45  5.278658e+01  -3.702961e+01
46  7.172449e+01  -6.439473e+01
47  9.627200e+01  -3.467286e+01
48  8.132543e+01  7.411453e+01
49  1.162800e+02  5.939146e+01
50  4.476538e+02  1.300054e+02
51  6.464016e+02  1.625168e+02
52  7.776924e+02  2.327255e+02
53  7.869169e+02  -1.655997e+01
54  1.786920e+03  4.924916e+00
55  4.399943e+03  -2.372714e+02
56  1.024605e+04  -1.215455e+03
57  1.826264e+04  -1.040517e+03
58  3.205665e+04  -6.828228e+02
59  5.797140e+04  -4.462879e+02
60  1.210151e+05  -6.410153e+02
61  2.500026e+05  -3.468747e+03
62  4.968482e+05  -1.294249e+04
63  1.243295e+06  -2.645307e+04
ENDPROP
STARTPROP
MASSES:  4.500000e-02   4.200000e-03
SOURCE: GAM_42
SINKS: GAM_42
0  -6.437759e+04  -4.815367e+03
1  1.264691e+06  1.672186e+04
2  5.049831e+05  7.981043e+03
3  2.550301e+05  6.863208e+03
4  1.397425e+05  9.179040e+03
5  7.636375e+04  6.473555e+03
6  3.967544e+04  4.222789e+03
7  2.034784e+04  1.794556e+02
8  8.338983e+03  -2.878278e+02
9  3.098987e+03  -7.097762e+02
10  1.823725e+03  3.230589e+02
11  6.870794e+02  4.834177e+02
12  -2.691705e+02  6.471684e+02
13  -8.594160e+01  2.343012e+02
14  8.656678e+01  7.412961e+01
15  4.098082e+01  -4.460155e+01
16  4.703646e+01  -1.774747e+01
17  -3.815439e+01  6.137214e+00
18  -5.603763e+01  -1.730799e+01
19  -3.451989e+01  -3.635759e+01
20  1.133344e+01  -2.456555e+01
21  1.373025e+01  -1.972772e+01
22  1.780029e+01  -2.530670e+01
23  1.060585e+01  -1.888023e+01
24  -5.941565e-01  -1.568348e+01
25  -3.209889e+00  -1.626319e+01
26  -2.100033e+00  -1.162124e+01
27  -9.501556e-01  -4.893105e+00
28  9.465779e-01  -1.947734e+00
29  1.752737e+00  -1.550960e+00
30  1.595386e+00  -1.481100e+00
31  1.758587e+00  -6.661486e-01
32  1.307336e+00  3.860598e-01
33  2.051829e+00  7.025403e-01
34  1.199324e+00  5.676758e-01
35  1.354092e+00  7.636408e-01
36  1.663051e+00  1.530774e+00
37  2.185790e+00  1.216747e+00
38  4.715373e-01  3.681960e+00
39  -1.689080e+00  2.392433e+00
40  -2.875527e+00  3.607630e+00
41  -1.047368e+01  1.504966e+00
42  -1.971538e+01  -6.024876e+00
43  -8.737635e+00  -1.341147e+01
44  1.518500e+01  -2.193778e+01
45  5.278658e+01  -3.702961e+01
46  7.172449e+01  -6.439473e+01
47  9.627200e+01  -3.467286e+01
48  8.132543e+01  7.411453e+01
49  1.162800e+02  5.939146e+01
50  4.476538e+02  1.300054e+02
51  6.464016e+02  1.625168e+02
52  7.776924e+02  2.327255e+02
53  7.869169e+02  -1.655997e+01
54  1.786920e+03  4.924916e+00
55  4.399943e+03  -2.372714e+02
56  1.024605e+04  -1.215455e+03
57  1.826264e+04  -1.040517e+03
58  3.205665e+04  -6.828228e+02
59  5.797140e+04  -4.462879e+02
60  1.210151e+05  -6.410153e+02
61  2.500026e+05  -3.468747e+03
62  4.968482e+05  -1.294249e+04
63  1.243295e+06  -2.645307e+04
ENDPROP
STARTPROP
MASSES:  4.500000e-02   4.200000e-03
SOURCE: GAM_34
SINKS: GAM_34
0  -4.091884e+04  7.862739e+03
1  1.267660e+06  2.047451e+04
2  4.996089e+05  5.940756e+03
3  2.393542e+05  9.902876e+03
4  1.154756e+05  1.092223e+04
5  5.631692e+04  1.011279e+04
6  3.210443e+04  6.728433e+03
7  1.754837e+04  4.502948e+03
8  9.646336e+03  1.775776e+03
9  4.238468e+03  8.752857e+02
10  2.100411e+03  6.029738e+02
11  1.170423e+03  4.390994e+02
12  3.827893e+02  3.962473e+02
13  -1.483714e+02  3.359314e+02
14  -1.363184e+02  2.180835e+02
15  5.848331e+01  -5.852541e+00
16  5.544766e+01  3.975334e+01
17  1.921609e+01  2.581804e+01
18  2.809027e+01  -2.192271e+01
19  3.301376e+00  -3.696848e+01
20  -1.938849e+01  -1.082595e+01
21  -2.840578e+01  -4.149684e+00
22  -3.419563e+01  -5.087481e+00
23  -2.017874e+01  -7.288536e+00
24  -1.015912e+01  -8.378305e+00
25  -4.024325e+00  -6.143594e+00
26  -1.222609e-01  -4.138722e+00
27  1.359873e-01  -3.752311e+00
28  7.260010e-01  -2.802767e+00
29  4.429011e-01  -2.876047e+00
30  -1.435499e-01  -2.810474e+00
31  -3.082775e-01  -2.534911e+00
32  -1.023530e+00  -2.674632e+00
33  -1.012693e+00  -2.666832e+00
34  4.122189e-01  -1.807076e+00
35  2.464012e+00  -8.771433e-01
36  2.793909e+00  -2.517335e+00
37  4.166825e+00  -5.726436e+00
38  3.944582e+00  -6.642168e+00
39  7.172136e+00  -4.076338e+00
40  1.494876e+01  -7.077198e+00
41  1.323836e+01  1.167139e+00
42  1.760323e+01  3.110950e-01
43  2.567329e+01  -7.294110e+00
44  2.880483e+01  -9.719630e+00
45  5.721857e+01  -1.457681e+01
46  1.002355e+02  -2.972389e+01
47  1.009859e+02  -4.239956e+01
48  7.134260e+01  -6.934967e+01
49  -5.137623e+01  -6.008774e+01
50  -7.007861e+01  -2.244663e+01
51  -2.747108e+02  -5.577883e+01
52  -3.775715e+02  1.697992e+02
53  3.937450e+02  1.106979e+02
54  2.147929e+03  -1.711317e+02
55  4.866024e+03  -8.755877e+02
56  1.048233e+04  -1.023018e+03
57  1.926775e+04  -2.644643e+03
58  3.477897e+04  -3.364679e+03
59  6.510544e+04  -2.217267e+03
60  1.303126e+05  -2.652362e+02
61  2.611184e+05  4.543334e+03
62  5.247477e+05  1.081131e+03
63  1.286566e+06  -1.510068e+04
ENDPROP
STARTPROP
MASSES:  4.500000e-02   4.200000e-03
SOURCE: GAM_43
SINKS: GAM_43
0  -4.091884e+04  7.862739e+03
1  1.267660e+06  2.047451e+04
2  4.996089e+05  5.940756e+03
3  2.393542e+05  9.902876e+03
4  1.154756e+05  1.092223e+04
5  5.631692e+04  1.011279e+04
6  3.210443e+04  6.728433e+03
7  1.754837e+04  4.502948e+03
8  9.646336e+03  1.775776e+03
9  4.238468e+03  8.752857e+02
10  2.100411e+03  6.029738e+02
11  1.170423e+03  4.390994e+02
12  3.827893e+02  3.962473e+02
13  -1.483714e+02  3.359314e+02
14  -1.363184e+02  2.180835e+02
15  5.848331e+01  -5.852541e+00
16  5.544766e+01  3.975334e+01
17  1.921609e+01  2.581804e+01
18  2.809027e+01  -2.192271e+01
19  3.301376e+00  -3.696848e+01
20  -1.938849e+01  -1.082595e+01
21  -2.840578e+01  -4.149684e+00
22  -3.419563e+01  -5.087481e+00
23  -2.017874e+01  -7.288536e+00
24  -1.015912e+01  -8.378305e+00
25  -4.024325e+00  -6.143594e+00
26  -1.222609e-01  -4.138722e+00
27  1.359873e-01  -3.752311e+00
28  7.260010e-01  -2.802767e+00
29  4.429011e-01  -2.876047e+00
30  -1.435499e-01  -2.810474e+00
31  -3.082775e-01  -2.534911e+00
32  -1.023530e+00  -2.674632e+00
33  -1.012693e+00  -2.666832e+00
34  4.122189e-01  -1.807076e+00
35  2.464012e+00  -8.771433e-01
36  2.793909e+00  -2.517335e+00
37  4.166825e+00  -5.726436e+00
38  3.944582e+00  -6.642168e+00
39  7.172136e+00  -4.076338e+00
40  1.494876e+01  -7.077198e+00
41  1.323836e+01  1.167139e+00
42  1.760323e+01  3.110950e-01
43  2.567329e+01  -7.294110e+00
44  2.880483e+01  -9.719630e+00
45  5.721857e+01  -1.457681e+01
46  1.002355e+02  -2.972389e+01
47  1.009859e+02  -4.239956e+01
48  7.134260e+01  -6.934967e+01
49  -5.137623e+01  -6.008774e+01
50  -7.007861e+01  -2.244663e+01
51  -2.747108e+02  -5.577883e+01
52  -3.775715e+02  1.697992e+02
53  3.937450e+02  1.106979e+02
54  2.147929e+03  -1.711317e+02
55  4.866024e+03  -8.755877e+02
56  1.048233e+04  -1.023018e+03
57  1.926775e+04  -2.644643e+03
58  3.477897e+04  -3.364679e+03
59  6.510544e+04  -2.217267e+03
60  1.303126e+05  -2.652362e+02
61  2.611184e+05  4.543334e+03
62  5.247477e+05  1.081131e+03
63  1.286566e+06  -1.510068e+04
ENDPROP
STARTPROP
MASSES:  4.500000e-02   4.200000e-03
SOURCE: GAM_15
SINKS: GAM_15
0  -1.943102e+05  -7.593302e+03
1  -1.148670e+06  -2.320507e+04
2  -3.777413e+05  -8.585020e+03
3  -1.699648e+05  -2.664969e+03
4  -7.398734e+04  -8.386386e+02
5  -3.642937e+04  -9.450089e+02
6  -1.697668e+04  -3.069572e+03
7  -5.129918e+03  -1.915379e+03
8  -6.990684e+02  -1.589352e+03
9  1.328481e+03  -2.074506e+03
10  1.357193e+03  -2.139499e+03
11  5.081703e+02  -1.375319e+03
12  1.151169e+02  -4.230996e+02
13  2.966471e+02  -2.980150e+02
14  2.967873e+02  -1.918570e+02
15  2.243133e+02  -4.387972e+01
16  1.798857e+02  1.099058e+02
17  1.366902e+02  8.920914e+01
18  9.199032e+01  4.648316e+01
19  3.835059e+01  6.234923e+00
20  -2.325265e+00  -4.182422e+00
21  -1.353846e+01  -3.330168e+00
22  -1.475872e+01  9.106079e-01
23  -2.319473e+01  6.684519e+00
24  -1.255470e+01  3.164395e+00
25  -6.639997e-01  1.578679e-01
26  4.163248e+00  7.015710e-01
27  2.884772e+00  3.910234e-01
28  -1.200368e+00  -3.428140e-01
29  -3.199102e+00  -3.490771e-01
30  -2.978729e+00  -1.576217e-01
31  -1.765857e+00  3.095295e-01
32  -3.432402e-01  1.284223e+00
33  1.577755e+00  1.330407e+00
34  2.078520e+00  -4.150547e-01
35  1.182600e+00  -4.546859e-01
36  1.411291e+00  5.001138e-01
37  5.333858e+00  -1.507899e+00
38  8.028121e+00  -3.075808e+00
39  1.116091e+01  -2.506633e+00
40  1.100169e+01  -4.152948e+00
41  2.803098e+00  -1.129997e+01
42  -6.924421e+00  -3.089814e+01
43  -5.011406e+00  -5.764264e+01
44  1.703016e+01  -7.184206e+01
45  2.214897e+01  -1.062551e+02
46  -4.387047e+01  -1.768742e+02
47  -7.016376e+01  -1.880643e+02
48  3.492034e+01  -1.288214e+02
49  6.122886e+01  5.538009e+01
50  9.464729e+01  3.758887e+02
51  -1.361867e+02  5.400776e+02
52  -4.487185e+02  5.515010e+02
53  -5.326331e+02  5.533643e+02
54  -8.157676e+02  6.989689e+02
55  -9.786769e+02  9.178179e+02
56  -2.889560e+03  1.773333e+03
57  -7.123522e+03  3.209401e+03
58  -1.366046e+04  4.535629e+03
59  -2.388770e+04  4.109032e+03
60  -5.472573e+04  4.263542e+03
61  -1.323907e+05  1.886740e+03
62  -3.342310e+05  1.846535e+03
63  -1.091982e+06  1.501190e+04
ENDPROP
STARTPROP
MASSES:  4.500000e-02   4.200000e-03
SOURCE: GAM_25
SINKS: GAM_25
0  -1.848684e+05  -9.803675e+03
1  -1.112581e+06  -1.745596e+04
2  -3.602974e+05  -9.448252e+01
3  -1.508697e+05  2.427806e+03
4  -6.032195e+04  1.438363e+03
5  -2.312476e+04  -2.691458e+03
6  -1.166720e+04  -4.696676e+03
7  -5.999736e+03  -5.573470e+03
8  -5.420489e+03  -2.968547e+03
9  -3.619593e+03  -1.536044e+03
10  -2.821785e+03  -9.837398e+02
11  -2.007306e+03  -6.809411e+02
12  -1.233387e+03  -2.514688e+02
13  -4.442710e+02  -3.609107e+01
14  -1.365475e+02  1.607632e+02
15  2.785914e+01  1.142528e+02
16  8.620190e+01  9.634664e+01
17  1.096760e+02  5.017752e+01
18  8.360651e+01  4.435762e+00
19  3.394167e+01  -3.089165e+01
20  1.561359e+01  -3.300182e+01
21  -1.267821e+01  -3.449208e+01
22  -2.303469e+01  -2.222752e+01
23  -1.345142e+01  -1.133254e+01
24  -2.568223e+00  5.586754e-01
25  -2.382875e+00  5.503781e+00
26  1.804411e+00  7.802024e+00
27  2.602074e+00  7.355839e+00
28  2.794507e+00  3.742411e+00
29  1.775055e+00  9.419178e-01
30  -3.226641e-01  -8.406968e-01
31  -1.474585e+00  -2.168643e+00
32  -1.687245e+00  -2.559147e+00
33  -1.042461e+00  -3.153051e+00
34  4.892224e-01  -3.073544e+00
35  3.721008e+00  -2.464046e+00
36  7.511810e+00  -2.525015e+00
37  1.237272e+01  -3.906892e+00
38  1.884726e+01  -8.018134e+00
39  2.003871e+01  -8.493665e+00
40  1.936376e+01  1.486384e+00
41  3.363969e+01  1.101484e+01
42  4.832989e+01  2.073177e+01
43  6.627679e+01  4.484952e+01
44  7.011594e+01  5.183252e+01
45  3.075171e+01  5.580970e+01
46  -1.159805e+01  5.060769e+01
47  -4.576586e+01  1.984126e+01
48  -1.313104e+02  -7.648449e+01
49  -2.159817e+02  -1.187434e+02
50  -9.897122e+01  -1.131853e+02
51  -3.455723e+01  -1.285471e+02
52  4.714440e+01  -1.085347e+02
53  -1.169403e+02  1.396275e+02
54  1.538404e+02  3.890437e+02
55  -1.484726e+02  8.054611e+02
56  -1.946397e+03  2.286757e+03
57  -8.525148e+03  4.027765e+03
58  -1.160301e+04  6.178485e+03
59  -2.367058e+04  7.765377e+03
60  -5.831940e+04  7.316670e+03
61  -1.448226e+05  1.138148e+04
62  -3.593681e+05  1.798557e+04
63  -1.111874e+06  1.633786e+04
ENDPROP
STARTPROP
MASSES:  4.500000e-02   4.200000e-03
SOURCE: GAM_35
SINKS: GAM_35
0  -1.411895e+05  5.052762e+03
1  -1.076876e+06  -2.171876e+04
2  -3.325583e+05  -1.298616e+04
3  -1.268323e+05  -7.252085e+03
4  -4.249014e+04  -7.001338e+03
5  -1.590911e+04  -4.475617e+03
6  -9.484707e+03  -3.756959e+03
7  -7.880275e+03  -3.366602e+03
8  -5.646554e+03  -3.005619e+03
9  -2.807648e+03  -1.292771e+03
10  -5.833649e+02  -4.404267e+02
11  2.088849e+02  2.284862e+02
12  2.188127e+02  7.171617e+02
13  -1.358937e+02  7.947529e+02
14  -2.837213e+02  4.445433e+02
15  -2.618508e+02  1.115453e+02
16  -3.224148e+02  1.071430e+02
17  -3.278741e+02  1.526672e+02
18  -2.477515e+02  1.253000e+02
19  -1.700992e+02  7.673570e+01
20  -1.035737e+02  6.035209e+01
21  -3.683433e+01  5.467959e+01
22  -1.550810e+01  3.351758e+01
23  -2.091319e+00  2.072227e+01
24  3.387896e+00  2.281728e+01
25  2.789795e+00  1.337639e+01
26  2.727945e+00  5.895072e+00
27  3.133018e+00  1.271608e+00
28  1.297109e+00  -1.737110e+00
29  8.290677e-01  -2.860110e+00
30  6.565794e-01  -1.063060e+00
31  8.766174e-01  1.579863e-01
32  1.026320e+00  5.306131e-01
33  6.154741e-01  3.257569e-01
34  9.082873e-02  -2.362171e-02
35  1.906368e-01  -3.893589e-01
36  2.418826e-01  -1.503638e-01
37  -9.441500e-01  7.597420e-02
38  -2.825844e+00  7.934352e-01
39  -5.832874e+00  -1.425089e+00
40  -1.188029e+01  5.261240e+00
41  -2.040490e+01  1.149602e+01
42  -2.302909e+01  9.078108e+00
43  -1.824458e+01  8.432743e+00
44  1.092884e+01  1.081823e+01
45  3.423280e+01  2.503294e+01
46  2.566770e+01  4.482371e+01
47  1.774862e+01  1.368381e+02
48  1.564591e+02  1.887660e+02
49  8.650615e+01  1.801720e+02
50  -7.078167e+01  1.268163e+02
51  -2.414762e+02  -1.414290e+02
52  -6.505694e+02  -5.254342e+02
53  -2.495893e+02  -8.983769e+02
54  8.803935e+02  -1.682655e+03
55  1.215429e+03  -2.781523e+03
56  1.622928e+03  -3.916445e+03
57  2.263563e+03  -3.703755e+03
58  3.397395e+03  -3.641326e+03
59  3.315106e+03  -3.142417e+03
60  -2.364559e+04  -8.707468e+02
61  -1.063908e+05  5.250790e+03
62  -3.159598e+05  2.032406e+04
63  -1.060775e+06  3.039684e+04
ENDPROP
STARTPROP
MASSES:  4.500000e-02   4.200000e-03
SOURCE: GAM_45
SINKS: GAM_45
0  -1.449126e+06  3.923651e+02
1  8.395994e+05  2.657943e+04
2  3.891010e+05  1.767795e+04
3  2.726016e+05  1.561951e+04
4  1.885714e+05  9.902819e+03
5  1.270713e+05  6.537323e+03
6  8.619202e+04  4.237483e+03
7  5.668733e+04  2.957564e+03
8  3.872516e+04  2.083264e+03
9  2.608172e+04  8.405628e+02
10  1.761598e+04  2.272712e+02
11  1.267576e+04  -1.357934e+02
12  8.752308e+03  -1.767390e+02
13  6.185018e+03  -4.397373e+01
14  4.236517e+03  -9.274564e+01
15  2.951907e+03  -4.354158e+01
16  2.087939e+03  -4.781888e+01
17  1.436048e+03  -2.212654e+01
18  9.388976e+02  1.001700e+01
19  6.555827e+02  1.724713e+01
20  4.500415e+02  1.262302e+01
21  3.048396e+02  1.548414e+01
22  1.931191e+02  1.427606e+01
23  1.280404e+02  1.145096e+01
24  9.051379e+01  4.177369e+00
25  6.028329e+01  1.628530e+00
26  3.977722e+01  -1.538378e+00
27  2.742802e+01  -3.323973e+00
28  1.843873e+01  -3.449020e+00
29  1.286314e+01  -2.297258e+00
30  9.946001e+00  -2.082730e+00
31  8.566035e+00  -1.641695e+00
32  8.364031e+00  -1.304890e+00
33  9.523582e+00  -8.927595e-01
34  1.191664e+01  -3.883678e-02
35  1.617345e+01  2.332116e-01
36  2.372776e+01  6.760303e-01
37  3.615779e+01  3.799537e+00
38  5.350630e+01  5.204817e+00
39  7.671827e+01  1.043701e+01
40  1.170063e+02  1.632045e+01
41  1.639257e+02  1.883726e+01
42  2.399326e+02  2.881729e+01
43  3.528550e+02  2.381299e+01
44  4.981813e+02  2.629083e+01
45  7.443254e+02  2.592295e+01
46  1.100601e+03  9.614050e+00
47  1.638990e+03  1.227335e+00
48  2.438788e+03  -3.164267e+01
49  3.617322e+03  -3.041282e+01
50  5.263603e+03  3.210361e+01
51  7.566753e+03  2.582255e+01
52  1.095184e+04  3.973115e+01
53  1.551807e+04  -4.769850e+02
54  2.220755e+04  -8.197624e+02
55  3.132365e+04  -1.636793e+03
56  4.522727e+04  -1.791562e+03
57  6.697626e+04  -2.306305e+03
58  9.990300e+04  -2.896542e+03
59  1.408746e+05  -2.613259e+03
60  1.992489e+05  -5.198515e+03
61  2.879751e+05  -8.915680e+03
62  4.023162e+05  -1.233329e+04
63  8.402154e+05  -2.227748e+04
ENDPROP
STARTPROP
MASSES:  4.500000e-02   4.200000e-03
SOURCE: PSAX4
SINKS: GAM_4
0  9.973818e+03  2.652365e+03
1  1.516545e+06  2.573421e+03
2  9.324262e+05  1.032896e+03
3  6.432231e+05  4.051606e+03
4  4.493842e+05  3.582304e+02
5  3.040202e+05  4.073719e+02
6  2.090948e+05  -1.530254e+03
7  1.404668e+05  -1.014780e+03
8  9.730628e+04  -1.791117e+03
9  6.589834e+04  -1.772160e+03
10  4.562495e+04  -1.799668e+03
11  3.134109e+04  -1.615014e+03
12  2.172555e+04  -1.139888e+03
13  1.517345e+04  -6.117249e+02
14  1.035910e+04  -3.698693e+02
15  7.101713e+03  -2.547598e+02
16  4.991831e+03  -1.192444e+02
17  3.340142e+03  -9.599855e+01
18  2.245532e+03  -3.408604e+01
19  1.515158e+03  -3.066967e+00
20  1.031833e+03  1.057475e+01
21  6.914878e+02  1.711461e+01
22  4.574567e+02  1.931232e+01
23  3.023647e+02  1.986531e+01
24  2.117118e+02  1.273624e+01
25  1.427014e+02  8.572041e+00
26  9.568550e+01  5.823640e+00
27  6.464036e+01  2.336408e+00
28  4.284754e+01  1.062827e+00
29  2.614127e+01  6.740241e-01
30  1.490329e+01  2.233869e-01
31  5.310632e+00  -4.755867e-01
32  -3.497333e+00  -1.114192e+00
33  -1.310136e+01  -1.748867e+00
34  -2.408660e+01  -3.067209e+00
35  -3.764499e+01  -4.279227e+00
36  -5.705124e+01  -4.659224e+00
37  -8.500919e+01  -8.467593e+00
38  -1.238930e+02  -1.044729e+01
39  -1.772437e+02  -1.654434e+01
40  -2.598948e+02  -2.281232e+01
41  -3.694930e+02  -3.417020e+01
42  -5.345338e+02  -4.534339e+01
43  -7.774983e+02  -5.387060e+01
44  -1.113234e+03  -5.613993e+01
45  -1.612595e+03  -7.693013e+01
46  -2.370698e+03  -6.320172e+01
47  -3.461727e+03  -6.315176e+01
48  -5.036642e+03  -7.941250e+01
49  -7.273936e+03  -9.093132e+01
50  -1.061820e+04  -2.297343e+02
51  -1.519550e+04  -4.327459e+02
52  -2.209027e+04  -7.259985e+02
53  -3.169023e+04  -9.101175e+02
54  -4.601409e+04  -1.260437e+03
55  -6.600691e+04  -1.986616e+03
56  -9.702390e+04  -2.727267e+03
57  -1.433858e+05  -3.407698e+03
58  -2.137248e+05  -4.813697e+03
59  -3.113184e+05  -6.336848e+03
60  -4.467119e+05  -5.397336e+03
61  -6.470796e+05  -3.670065e+03
62  -9.317719e+05  -6.307843e+01
63  -1.504835e+06  3.746780e+03
ENDPROP
STARTPROP
MASSES:  4.500000e-02   4.200000e-03
SOURCE: WWPSAX4
SINKS: GAM_4
0  -3.036508e+07  5.099860e+08
1  1.280036e+09  7.755091e+07
2  5.698147e+08  6.576687e+07
3  4.992968e+08  1.284121e+08
4  2.160069e+08  -6.225176e+07
5  1.616755e+08  1.170908e+07
6  7.282986e+07  -1.220646e+07
7  9.830805e+07  1.853917e+07
8  4.623591e+07  -3.928455e+06
9  2.235859e+07  -5.777023e+06
10  1.838357e+07  5.966858e+06
11  2.477173e+07  -7.825822e+06
12  9.179665e+06  -1.593758e+06
13  1.314175e+07  4.656105e+05
14  4.760220e+06  -5.228938e+05
15  5.289666e+06  -1.909511e+06
16  3.784892e+06  -6.931884e+05
17  9.214318e+05  -9.491989e+05
18  1.670724e+06  2.052891e+04
19  8.127674e+05  4.701544e+05
20  5.588421e+05  3.838063e+04
21  1.134428e+05  2.386633e+05
22  1.815759e+05  1.784981e+05
23  1.520533e+05  -8.907789e+04
24  8.924409e+04  1.394649e+05
25  1.592039e+05  1.402310e+04
26  9.304057e+04  -4.690502e+04
27  4.189338e+04  -3.330920e+03
28  5.739745e+04  9.243875e+03
29  6.563802e+03  -7.202835e+03
30  -6.733681e+02  5.001677e+03
31  2.265268e+03  1.488330e+04
32  -1.720049e+04  -1.332601e+03
33  3.485524e+03  -7.005322e+03
34  -1.095072e+04  -8.306647e+03
35  -1.825478e+04  -1.777315e+04
36  -6.978558e+04  2.173848e+03
37  -4.398953e+04  2.154644e+04
38  -5.615654e+04  -2.243722e+04
39  -6.682235e+04  -1.847913e+04
40  -1.988232e+05  -3.042891e+04
41  -1.816358e+05  -9.169182e+04
42  -3.057555e+05  -4.630604e+04
43  -5.352911e+05  1.923524e+05
44  -7.209375e+05  -6.144221e+03
45  -6.671147e+05  2.337082e+04
46  -2.036554e+06  -8.332614e+05
47  -2.087627e+06  -4.046361e+05
48  -2.589796e+06  6.355680e+05
49  -3.122050e+06  1.468649e+06
50  -4.328395e+06  -3.495154e+04
51  -1.388859e+07  8.035609e+05
52  -1.186736e+07  -2.473481e+06
53  -2.936944e+07  1.357107e+06
54  -2.030574e+07  -4.474206e+06
55  -5.249721e+07  9.196801e+05
56  -7.251126e+07  4.830703e+06
57  -8.375437e+07  -1.563117e+07
58  -1.474210e+08  -3.038101e+05
59  -1.163090e+08  3.303948e+07
60  -2.169640e+08  7.713237e+06
61  -3.421834e+08  -9.717143e+06
62  -3.115254e+08  -3.811508e+06
63  -1.396073e+09  -1.131212e+08
ENDPROP
STARTPROP
MASSES:  4.500000e-02   4.200000e-03
SOURCE: WWGAM_5
SINKS: GAM_5
0  1.414052e+10  -1.929089e+01
1  2.279978e+09  5.620154e+06
2  1.216970e+09  -8.954676e+06
3  8.271003e+08  7.330902e+07
4  5.076893e+08  -2.386523e+07
5  3.631021e+08  8.562925e+05
6  1.932908e+08  -1.968143e+07
7  1.779762e+08  1.637357e+07
8  1.149579e+08  4.361945e+06
9  7.276441e+07  -4.234449e+06
10  4.518172e+07  2.236050e+06
11  4.708346e+07  -3.655237e+06
12  2.212449e+07  -1.069716e+06
13  2.370936e+07  -4.335127e+06
14  1.190136e+07  -2.034862e+06
15  9.034656e+06  -1.689057e+06
16  6.776593e+06  -1.783021e+05
17  2.879180e+06  -1.068290e+06
18  2.501792e+06  -6.569800e+04
19  2.016807e+06  2.391437e+05
20  1.254173e+06  -3.883452e+04
21  5.287924e+05  1.392951e+05
22  4.330790e+05  1.196644e+05
23  3.602126e+05  -2.868218e+04
24  2.178008e+05  7.739156e+04
25  2.093501e+05  1.242312e+04
26  1.434171e+05  -4.442179e+04
27  9.005098e+04  3.327370e+03
28  1.018035e+05  7.912654e+03
29  1.914030e+04  8.924681e+03
30  3.090759e+04  2.654778e+02
31  2.512657e+04  1.105079e+04
32  3.090929e+04  2.459738e+03
33  2.998340e+04  7.396298e+03
34  2.326861e+04  6.169127e+03
35  3.757413e+04  1.166687e+04
36  1.036193e+05  8.576451e+03
37  9.754093e+04  -1.443846e+04
38  1.615976e+05  -2.287218e+04
39  1.986753e+05  3.406121e+04
40  3.608258e+05  6.573117e+04
41  4.584476e+05  -8.715694e+03
42  5.828570e+05  1.338854e+05
43  1.022392e+06  -9.763371e+04
44  1.653379e+06  4.538551e+04
45  2.156014e+06  3.509300e+05
46  3.905974e+06  3.665823e+05
47  4.359609e+06  5.169762e+05
48  5.540367e+06  -7.307893e+04
49  6.653211e+06  -7.465597e+03
50  1.059675e+07  1.321922e+06
51  2.642314e+07  2.945606e+06
52  2.306198e+07  3.011075e+06
53  4.360540e+07  -8.733295e+05
54  4.953260e+07  3.586616e+06
55  9.981781e+07  -1.174155e+06
56  1.255508e+08  -5.991064e+06
57  1.617271e+08  3.634250e+07
58  2.698197e+08  6.172292e+06
59  3.517640e+08  -1.198658e+07
60  4.764861e+08  -4.392179e+07
61  8.330633e+08  5.141167e+06
62  9.730031e+08  -7.876378e+07
63  2.369989e+09  1.093926e+08
ENDPROP
