STARTPROP
MASSES:  4.500000e-02   4.200000e-03
SOURCE: GAM_1
SINKS: GAM_1
0  1.238454e+06  1.809007e+04
1  1.943562e+06  1.585567e+04
2  8.884895e+05  1.894034e+04
3  4.636851e+05  1.087924e+04
4  2.460261e+05  6.801416e+03
5  1.250189e+05  6.542988e+03
6  5.723896e+04  7.211427e+03
7  2.462986e+04  6.536920e+03
8  1.010532e+04  3.614897e+03
9  3.132280e+03  6.895463e+02
10  1.975433e+03  -1.060129e+03
11  1.936032e+03  -1.408848e+03
12  1.172497e+03  -1.045979e+03
13  4.213264e+02  -7.083693e+02
14  -9.624724e+01  -3.057847e+02
15  -2.947520e+02  -9.213699e+00
16  -2.939228e+02  1.867053e+01
17  -1.201211e+02  -1.733684e+01
18  -9.695952e+01  2.462373e+00
19  -7.767951e+01  2.189366e+01
20  -4.608691e+00  6.132822e+01
21  2.829955e+00  8.027945e+01
22  3.194100e+00  7.477215e+01
23  -3.500197e+00  5.304745e+01
24  -6.635968e+00  3.547631e+01
25  -7.811182e+00  1.858934e+01
26  -4.874309e+00  6.364593e+00
27  -1.803174e+00  4.738344e+00
28  1.724983e+00  1.308128e+00
29  2.793478e+00  -1.363338e+00
30  3.662595e+00  -5.251737e-01
31  3.756711e+00  9.638707e-01
32  3.623541e+00  1.571571e+00
33  3.365442e+00  2.265086e-01
34  1.221198e+00  -8.831646e-01
35  1.592953e-01  -2.089012e+00
36  1.230364e+00  -2.186431e+00
37  4.446725e+00  -2.951723e+00
38  1.220635e+01  4.644837e-01
39  2.166778e+01  2.429975e+00
40  2.733017e+01  3.144530e+00
41  3.198967e+01  -5.024213e+00
42  5.024999e+01  -1.619293e+01
43  7.957655e+01  -1.166536e+01
44  1.218176e+02  -2.029421e+01
45  1.767715e+02  -3.297824e+01
46  2.061367e+02  -4.647975e+01
47  3.094964e+02  -8.826480e+01
48  5.079206e+02  -9.070194e+01
49  8.439681e+02  -5.321863e+01
50  1.139230e+03  -9.970667e+01
51  1.702040e+03  -3.721256e+02
52  2.220145e+03  -9.120857e+02
53  3.324136e+03  -1.891560e+03
54  6.863110e+03  -3.545450e+03
55  1.144734e+04  -4.739172e+03
56  2.002462e+04  -5.205470e+03
57  3.718179e+04  -1.527428e+03
58  6.845569e+04  4.419514e+03
59  1.280776e+05  7.520947e+03
60  2.506798e+05  1.125717e+04
61  4.782375e+05  1.816187e+04
62  9.175896e+05  2.893801e+04
63  1.971230e+06  2.616954e+04
ENDPROP
STARTPROP
MASSES:  4.500000e-02   4.200000e-03
SOURCE: GAM_2
SINKS: GAM_2
0  1.203108e+06  -1.852324e+04
1  1.953307e+06  -2.722190e+04
2  9.039609e+05  -3.329466e+04
3  4.792523e+05  -2.449732e+04
4  2.610756e+05  -1.054991e+04
5  1.363617e+05  -3.016074e+03
6  7.405968e+04  -2.135172e+02
7  4.106559e+04  -5.330155e+02
8  2.120946e+04  -1.170069e+03
9  9.295457e+03  -6.499682e+02
10  4.184419e+03  1.590226e+02
11  1.871118e+03  2.560056e+02
12  1.024280e+03  1.356269e+02
13  6.507456e+02  -4.294003e+02
14  5.300764e+02  -4.886049e+02
15  2.710014e+02  -3.570798e+02
16  1.135158e+02  -2.166185e+02
17  9.065068e+01  -2.452689e+02
18  1.105271e+02  -2.033944e+02
19  7.100409e+01  -9.804743e+01
20  5.434710e+01  -5.125237e+01
21  3.609884e+01  -3.092295e+01
22  2.381800e+01  -9.644965e+00
23  8.182236e+00  -2.140819e+00
24  5.219531e+00  -4.668428e+00
25  1.466748e+00  -2.308561e-01
26  -9.854121e-01  -4.112051e-01
27  -2.260041e+00  -7.554535e-01
28  -2.389105e+00  -7.236828e-01
29  -2.424420e+00  2.315723e+00
30  -2.587183e+00  3.167633e+00
31  -3.700483e+00  2.991484e+00
32  -3.384236e+00  2.701738e+00
33  -3.315394e+00  2.189715e+00
34  -4.026304e+00  1.702258e+00
35  -2.999264e+00  2.590104e+00
36  -1.855267e+00  2.181580e+00
37  -2.381456e+00  7.495526e-01
38  -5.224263e+00  2.649450e+00
39  -1.859795e+01  6.499622e+00
40  -3.321424e+01  4.242098e+00
41  -4.034524e+01  1.443657e+00
42  -2.121046e+01  1.567595e+00
43  3.540574e+01  6.428774e-01
44  7.036337e+01  -3.899600e-01
45  1.236885e+02  -1.227100e+01
46  2.120977e+02  -2.255089e+01
47  2.705359e+02  2.271652e+01
48  1.265380e+02  1.025120e+02
49  9.540806e+01  2.372543e+02
50  3.259326e+02  3.790715e+02
51  5.031153e+02  1.658188e+02
52  9.471584e+02  7.578937e+01
53  2.969939e+03  -3.181111e+02
54  6.370175e+03  -3.175931e+02
55  1.125305e+04  7.593103e+02
56  1.968465e+04  1.176943e+03
57  3.724909e+04  2.822477e+03
58  7.432129e+04  5.888854e+03
59  1.484668e+05  7.523666e+03
60  2.845091e+05  5.460074e+03
61  5.138939e+05  -8.709879e+02
62  9.226097e+05  -6.891140e+03
63  1.945024e+06  -1.265411e+04
ENDPROP
STARTPROP
MASSES:  4.500000e-02   4.200000e-03
SOURCE: GAM_3
SINKS: GAM_3
0  1.273209e+06  1.400040e+04
1  1.979447e+06  -1.428859e+03
2  9.049913e+05  -2.122207e+03
3  4.640846e+05  3.021274e+03
4  2.447542e+05  6.680720e+02
5  1.297164e+05  -4.126120e+03
6  6.302290e+04  -4.828208e+03
7  2.845032e+04  -3.462001e+03
8  1.403281e+04  -1.481456e+03
9  7.802344e+03  -8.686209e+02
10  4.494239e+03  -1.576817e+03
11  2.398722e+03  -1.503275e+03
12  8.285505e+02  -1.051787e+03
13  3.096427e+02  -4.601298e+02
14  3.414167e+02  -1.289268e+02
15  3.749288e+02  -1.320088e+02
16  2.621435e+02  -6.199614e+01
17  1.028490e+02  7.627800e+01
18  -2.942284e+01  6.271249e+01
19  -9.986359e+01  3.659521e+01
20  -6.868214e+01  -3.047344e+01
21  -2.966689e+01  -4.090289e+01
22  -2.973185e+01  -1.783874e+01
23  -3.012988e+01  -7.996334e+00
24  -1.643304e+01  4.643497e-01
25  -1.735247e+00  4.102363e+00
26  5.855528e+00  5.319885e+00
27  4.452681e+00  -3.707616e-01
28  2.285532e+00  -2.502591e+00
29  1.875045e+00  -9.743358e-01
30  3.626865e-01  -1.266306e+00
31  1.893228e-01  -1.178779e+00
32  -2.950822e-01  -4.720308e-01
33  -1.561213e+00  1.546466e-01
34  -2.779614e+00  -7.461023e-01
35  -3.861927e+00  -1.124175e+00
36  -6.172462e+00  -3.043826e+00
37  -1.498843e+01  -6.169927e+00
38  -2.329103e+01  -1.134407e+01
39  -3.064465e+01  -1.758695e+01
40  -4.129529e+01  -2.286631e+01
41  -6.813408e+01  -2.493006e+01
42  -9.483851e+01  -7.574009e+00
43  -1.138033e+02  -5.839219e+00
44  -1.230810e+02  -4.607747e+01
45  -9.723512e+01  -1.312630e+02
46  -1.197914e+02  -1.803128e+02
47  -1.552772e+02  -2.117435e+02
48  -2.520594e+02  -2.726079e+02
49  -2.773147e+02  -3.318542e+02
50  -2.521781e+02  -5.242774e+02
51  -2.455357e+02  -4.867719e+02
52  -3.936482e+02  -4.016126e+02
53  5.887606e+02  -5.323080e+02
54  3.251709e+03  -3.454392e+02
55  6.199275e+03  -8.047472e+02
56  1.396217e+04  -2.875333e+03
57  2.885460e+04  -5.067221e+03
58  6.120432e+04  -4.017883e+03
59  1.208003e+05  2.142352e+03
60  2.394553e+05  1.455320e+04
61  4.658275e+05  2.952693e+04
62  8.887964e+05  3.245916e+04
63  1.951002e+06  2.578350e+04
ENDPROP
STARTPROP
MASSES:  4.500000e-02   4.200000e-03
SOURCE: GAM_4
SINKS: GAM_4
0  2.153376e+06  -1.407029e+03
1  -2.875832e+05  -9.571818e+02
2  -3.597716e+03  2.667588e+03
3  2.694231e+03  1.523019e+03
4  4.261849e+03  1.118142e+03
5  4.578931e+03  -2.159981e+02
6  3.329586e+03  1.994227e+02
7  2.141781e+03  -6.381061e+02
8  1.420609e+03  -1.029178e+03
9  8.135208e+02  -8.325258e+02
10  6.023972e+02  -7.922035e+02
11  4.755708e+02  -5.572755e+02
12  1.822309e+02  -3.803812e+02
13  2.527411e+01  -2.685921e+02
14  -7.272125e+00  -1.592047e+02
15  9.726970e+00  -3.581977e+01
16  5.931397e+01  -5.399865e+01
17  2.327641e+01  -2.967734e+01
18  6.912956e+00  -2.688987e+00
19  -3.973537e+00  -1.169293e+01
20  1.286674e+01  -3.795258e+00
21  1.647401e+00  3.000136e+00
22  -2.751039e+00  5.461517e+00
23  -4.761362e+00  6.130389e+00
24  -4.945473e+00  5.752863e+00
25  -4.036502e+00  4.242677e+00
26  -3.830662e+00  5.520648e+00
27  -2.833650e+00  4.974530e+00
28  -2.267244e+00  3.196749e+00
29  -2.501158e+00  2.789868e+00
30  -2.207996e+00  3.119629e+00
31  -2.066694e+00  2.953697e+00
32  -1.956856e+00  3.388774e+00
33  -2.142046e+00  4.247353e+00
34  -2.498259e+00  4.877936e+00
35  -2.128201e+00  6.450153e+00
36  -3.794138e+00  7.457742e+00
37  -3.719817e+00  8.890483e+00
38  -4.617889e+00  9.644383e+00
39  -3.716635e+00  1.073225e+01
40  -5.041925e+00  1.327562e+01
41  -5.682387e+00  8.710437e+00
42  -8.374673e+00  1.259237e+01
43  -2.019980e+01  1.103800e+01
44  -1.620440e+01  7.595930e+00
45  -5.232381e+01  -1.435631e+01
46  -5.525328e+01  -5.510048e+01
47  -1.018046e+02  -1.310650e+02
48  -1.310753e+02  -2.346786e+02
49  -1.578444e+02  -4.456807e+02
50  -3.042711e+02  -7.176128e+02
51  -2.635880e+02  -1.045924e+03
52  -6.378136e+01  -1.193365e+03
53  -4.197191e+01  -1.809961e+03
54  6.250268e+02  -2.292948e+03
55  1.009132e+02  -2.928355e+03
56  8.206160e+02  -3.924632e+03
57  1.491151e+03  -4.271902e+03
58  1.178069e+03  -5.945598e+03
59  2.777987e+03  -7.446577e+03
60  1.813684e+03  -6.669133e+03
61  -1.656853e+03  -1.000896e+04
62  -3.400494e+02  -9.908996e+03
63  -2.885317e+05  -5.854363e+03
ENDPROP
STARTPROP
MASSES:  4.500000e-02   4.200000e-03
SOURCE: GAM_5
SINKS: GAM_5
0  7.172568e+06  2.446153e+04
1  7.075825e+06  -9.348531e+03
2  5.008458e+06  -3.620993e+04
3  3.583596e+06  -5.282256e+04
4  2.520579e+06  -4.766909e+04
5  1.742145e+06  -3.504829e+04
6  1.172251e+06  -2.456334e+04
7  7.818075e+05  -1.385440e+04
8  5.290823e+05  -7.578828e+03
9  3.665797e+05  -4.649298e+03
10  2.587441e+05  -3.743575e+03
11  1.824887e+05  -1.845630e+03
12  1.261931e+05  -6.164140e+02
13  8.632417e+04  -5.481960e+02
14  5.895775e+04  -5.688793e+02
15  3.918242e+04  -6.174689e+02
16  2.621974e+04  -6.435455e+02
17  1.811414e+04  -6.939284e+02
18  1.272554e+04  -5.860467e+02
19  8.886740e+03  -4.449554e+02
20  6.033942e+03  -3.298521e+02
21  4.151881e+03  -2.030311e+02
22  2.787151e+03  -6.294077e+01
23  1.912676e+03  -8.257584e+00
24  1.348534e+03  1.142103e+01
25  9.421895e+02  1.287487e+01
26  6.418848e+02  1.294617e+01
27  4.407766e+02  1.103922e+01
28  3.164765e+02  2.507701e+00
29  2.291927e+02  -3.207819e+00
30  1.756581e+02  -2.506466e+00
31  1.530927e+02  -1.835155e+00
32  1.504375e+02  -2.635374e+00
33  1.709539e+02  -4.576047e+00
34  2.135431e+02  -5.522685e+00
35  2.845835e+02  -9.342977e+00
36  3.925541e+02  -1.461639e+01
37  5.508382e+02  -2.939876e+01
38  7.948881e+02  -4.271829e+01
39  1.144090e+03  -5.377127e+01
40  1.623368e+03  -5.757914e+01
41  2.319971e+03  -6.185994e+01
42  3.321239e+03  -6.357601e+01
43  4.817179e+03  -7.046967e+01
44  7.037934e+03  -1.641908e+02
45  1.010489e+04  -3.378234e+02
46  1.408189e+04  -5.636885e+02
47  1.980043e+04  -9.713414e+02
48  2.855265e+04  -1.455355e+03
49  4.085886e+04  -1.481796e+03
50  5.811312e+04  -1.623031e+03
51  8.217583e+04  -1.770711e+03
52  1.191255e+05  -2.287311e+02
53  1.743242e+05  1.053681e+03
54  2.586371e+05  9.976628e+02
55  3.803814e+05  2.419164e+03
56  5.614116e+05  6.191643e+03
57  8.256675e+05  6.623990e+03
58  1.191627e+06  1.078115e+04
59  1.692874e+06  2.984758e+04
60  2.409435e+06  5.042300e+04
61  3.449537e+06  5.196404e+04
62  4.905116e+06  4.085739e+04
63  7.048974e+06  4.017869e+04
ENDPROP
STARTPROP
MASSES:  4.500000e-02   4.200000e-03
SOURCE: GAM_12
SINKS: GAM_12
0  8.973278e+05  7.366411e+03
1  -6.791568e+05  -5.381856e+03
2  -1.707321e+05  -1.070996e+04
3  -7.231066e+04  -7.385788e+03
4  -2.648118e+04  -4.065982e+03
5  -3.815414e+03  -9.878297e+02
6  5.365520e+03  -2.073339e+02
7  2.877915e+03  1.378762e+02
8  1.651624e+03  6.771232e+02
9  1.869973e+03  6.391763e+02
10  9.883000e+02  8.879189e+02
11  1.481214e+02  1.089568e+03
12  4.850378e+01  5.146392e+02
13  3.587952e+02  4.406611e+02
14  4.598405e+02  3.865837e+02
15  2.834357e+02  2.547569e+02
16  7.742124e+01  2.274395e+02
17  -1.683915e+01  2.003515e+02
18  -6.138385e+01  1.293671e+02
19  -4.429587e+01  6.312095e+01
20  -1.661526e+01  3.233546e+01
21  -1.020986e+01  1.381622e+01
22  -2.413993e+01  7.786300e+00
23  -1.926677e+01  7.157528e+00
24  -5.705242e+00  5.847577e+00
25  -2.913960e+00  4.656566e+00
26  1.139528e+00  3.874393e+00
27  3.813887e+00  4.131836e+00
28  1.580224e+00  3.656437e+00
29  -3.143203e-01  1.828675e+00
30  -1.009866e+00  1.505117e+00
31  -6.211681e-01  9.896926e-01
32  -8.527273e-02  2.254453e-01
33  -2.646920e-01  2.794325e-01
34  -1.521871e+00  -1.289492e+00
35  -1.149021e+00  -2.801969e+00
36  1.726049e+00  -3.252714e+00
37  1.472266e+00  -6.229123e+00
38  1.756143e+00  -5.496815e+00
39  -2.143521e+00  -5.353293e+00
40  -7.074785e+00  -7.753392e+00
41  -1.624287e+00  -1.922593e+01
42  4.710940e+00  -3.093504e+01
43  3.518841e+01  -3.449161e+01
44  4.090205e+01  -5.529917e+01
45  -1.811253e+00  -9.268661e+01
46  -6.387463e+01  -1.728796e+02
47  -7.859595e+01  -1.528412e+02
48  -6.165066e+01  -2.337679e+02
49  -7.175571e+01  -4.242465e+02
50  -1.580444e+02  -5.818072e+02
51  -5.780656e+02  -9.556650e+02
52  -9.954620e+02  -1.215806e+03
53  -1.274056e+03  -1.178366e+03
54  -1.714823e+03  -9.451712e+02
55  -1.472727e+03  -7.138855e+02
56  -1.728501e+03  -6.000868e+00
57  -6.176367e+01  8.567241e+02
58  4.346074e+03  1.245835e+03
59  4.259704e+03  2.681042e+03
60  -9.907524e+03  3.608699e+03
61  -5.069436e+04  7.770690e+03
62  -1.448545e+05  1.060657e+04
63  -6.670566e+05  1.304868e+04
ENDPROP
STARTPROP
MASSES:  4.500000e-02   4.200000e-03
SOURCE: GAM_21
SINKS: GAM_21
0  8.973278e+05  7.366411e+03
1  -6.791568e+05  -5.381856e+03
2  -1.707321e+05  -1.070996e+04
3  -7.231066e+04  -7.385788e+03
4  -2.648118e+04  -4.065982e+03
5  -3.815414e+03  -9.878297e+02
6  5.365520e+03  -2.073339e+02
7  2.877915e+03  1.378762e+02
8  1.651624e+03  6.771232e+02
9  1.869973e+03  6.391763e+02
10  9.883000e+02  8.879189e+02
11  1.481214e+02  1.089568e+03
12  4.850378e+01  5.146392e+02
13  3.587952e+02  4.406611e+02
14  4.598405e+02  3.865837e+02
15  2.834357e+02  2.547569e+02
16  7.742124e+01  2.274395e+02
17  -1.683915e+01  2.003515e+02
18  -6.138385e+01  1.293671e+02
19  -4.429587e+01  6.312095e+01
20  -1.661526e+01  3.233546e+01
21  -1.020986e+01  1.381622e+01
22  -2.413993e+01  7.786300e+00
23  -1.926677e+01  7.157528e+00
24  -5.705242e+00  5.847577e+00
25  -2.913960e+00  4.656566e+00
26  1.139528e+00  3.874393e+00
27  3.813887e+00  4.131836e+00
28  1.580224e+00  3.656437e+00
29  -3.143203e-01  1.828675e+00
30  -1.009866e+00  1.505117e+00
31  -6.211681e-01  9.896926e-01
32  -8.527273e-02  2.254453e-01
33  -2.646920e-01  2.794325e-01
34  -1.521871e+00  -1.289492e+00
35  -1.149021e+00  -2.801969e+00
36  1.726049e+00  -3.252714e+00
37  1.472266e+00  -6.229123e+00
38  1.756143e+00  -5.496815e+00
39  -2.143521e+00  -5.353293e+00
40  -7.074785e+00  -7.753392e+00
41  -1.624287e+00  -1.922593e+01
42  4.710940e+00  -3.093504e+01
43  3.518841e+01  -3.449161e+01
44  4.090205e+01  -5.529917e+01
45  -1.811253e+00  -9.268661e+01
46  -6.387463e+01  -1.728796e+02
47  -7.859595e+01  -1.528412e+02
48  -6.165066e+01  -2.337679e+02
49  -7.175571e+01  -4.242465e+02
50  -1.580444e+02  -5.818072e+02
51  -5.780656e+02  -9.556650e+02
52  -9.954620e+02  -1.215806e+03
53  -1.274056e+03  -1.178366e+03
54  -1.714823e+03  -9.451712e+02
55  -1.472727e+03  -7.138855e+02
56  -1.728501e+03  -6.000868e+00
57  -6.176367e+01  8.567241e+02
58  4.346074e+03  1.245835e+03
59  4.259704e+03  2.681042e+03
60  -9.907524e+03  3.608699e+03
61  -5.069436e+04  7.770690e+03
62  -1.448545e+05  1.060657e+04
63  -6.670566e+05  1.304868e+04
ENDPROP
STARTPROP
MASSES:  4.500000e-02   4.200000e-03
SOURCE: GAM_13
SINKS: GAM_13
0  8.023754e+05  -1.920679e+04
1  -7.105374e+05  -1.012716e+04
2  -1.532893e+05  -1.427319e+03
3  -4.681029e+04  1.466931e+03
4  -1.532338e+04  -7.339670e+02
5  -9.817667e+03  -2.967186e+03
6  -5.199213e+03  -1.600305e+03
7  -1.751806e+03  -1.316935e+03
8  -1.548903e+03  -2.397268e+03
9  -1.465397e+03  -2.056499e+03
10  -8.244129e+02  -9.041076e+02
11  -8.217948e+02  -4.692946e+02
12  -4.507255e+02  1.240791e+01
13  -6.154943e+02  3.687566e+02
14  -5.636333e+02  1.695614e+02
15  -3.010802e+02  9.906500e+01
16  -2.107330e+02  3.174166e+01
17  -8.175976e+01  1.707867e+01
18  -2.673049e+01  5.079058e+01
19  -3.841242e+00  4.348972e+01
20  -6.362078e+00  5.701266e+01
21  -1.253596e+01  4.460359e+01
22  -9.223469e+00  2.190530e+01
23  -1.011761e+01  1.442133e+01
24  -1.215635e+01  9.626976e+00
25  -8.092677e+00  2.641694e+00
26  -3.150748e+00  2.075661e+00
27  -2.422938e+00  -1.527158e+00
28  -1.087589e+00  -2.124865e+00
29  6.856813e-01  -8.682214e-01
30  1.011998e+00  -5.853582e-01
31  1.635291e+00  1.056757e-01
32  1.853346e+00  5.449479e-01
33  2.964937e+00  9.718272e-01
34  4.425499e+00  1.926708e+00
35  4.344546e+00  3.494685e+00
36  2.761252e+00  2.866922e+00
37  2.793660e+00  2.872308e+00
38  1.425109e+00  2.458448e+00
39  5.305288e+00  2.660420e+00
40  5.519308e+00  1.966294e+00
41  7.134372e+00  1.822978e+00
42  -3.416799e-01  9.059229e+00
43  -1.962016e+01  1.956232e+01
44  -2.446259e+01  7.222595e+00
45  -2.161154e+01  7.227475e+00
46  -4.863893e+01  -2.505326e+00
47  -1.464946e+01  5.825670e+01
48  8.345912e+01  7.193003e+01
49  1.180340e+02  2.726896e+01
50  2.023032e+02  3.690071e+01
51  2.739432e+02  1.920445e+02
52  7.458575e+01  1.798020e+02
53  -4.125234e+02  2.879150e+02
54  -6.103668e+02  -3.538790e+01
55  -7.774798e+02  -3.013500e+02
56  -1.226930e+03  -9.561742e+02
57  -3.153812e+03  -1.136180e+03
58  -4.178667e+03  -1.979456e+03
59  -6.690713e+03  -2.288714e+03
60  -2.048008e+04  -2.322319e+03
61  -5.892823e+04  -5.963129e+03
62  -1.509698e+05  -1.446215e+04
63  -7.100518e+05  -2.172353e+04
ENDPROP
STARTPROP
MASSES:  4.500000e-02   4.200000e-03
SOURCE: GAM_31
SINKS: GAM_31
0  8.023754e+05  -1.920679e+04
1  -7.105374e+05  -1.012716e+04
2  -1.532893e+05  -1.427319e+03
3  -4.681029e+04  1.466931e+03
4  -1.532338e+04  -7.339670e+02
5  -9.817667e+03  -2.967186e+03
6  -5.199213e+03  -1.600305e+03
7  -1.751806e+03  -1.316935e+03
8  -1.548903e+03  -2.397268e+03
9  -1.465397e+03  -2.056499e+03
10  -8.244129e+02  -9.041076e+02
11  -8.217948e+02  -4.692946e+02
12  -4.507255e+02  1.240791e+01
13  -6.154943e+02  3.687566e+02
14  -5.636333e+02  1.695614e+02
15  -3.010802e+02  9.906500e+01
16  -2.107330e+02  3.174166e+01
17  -8.175976e+01  1.707867e+01
18  -2.673049e+01  5.079058e+01
19  -3.841242e+00  4.348972e+01
20  -6.362078e+00  5.701266e+01
21  -1.253596e+01  4.460359e+01
22  -9.223469e+00  2.190530e+01
23  -1.011761e+01  1.442133e+01
24  -1.215635e+01  9.626976e+00
25  -8.092677e+00  2.641694e+00
26  -3.150748e+00  2.075661e+00
27  -2.422938e+00  -1.527158e+00
28  -1.087589e+00  -2.124865e+00
29  6.856813e-01  -8.682214e-01
30  1.011998e+00  -5.853582e-01
31  1.635291e+00  1.056757e-01
32  1.853346e+00  5.449479e-01
33  2.964937e+00  9.718272e-01
34  4.425499e+00  1.926708e+00
35  4.344546e+00  3.494685e+00
36  2.761252e+00  2.866922e+00
37  2.793660e+00  2.872308e+00
38  1.425109e+00  2.458448e+00
39  5.305288e+00  2.660420e+00
40  5.519308e+00  1.966294e+00
41  7.134372e+00  1.822978e+00
42  -3.416799e-01  9.059229e+00
43  -1.962016e+01  1.956232e+01
44  -2.446259e+01  7.222595e+00
45  -2.161154e+01  7.227475e+00
46  -4.863893e+01  -2.505326e+00
47  -1.464946e+01  5.825670e+01
48  8.345912e+01  7.193003e+01
49  1.180340e+02  2.726896e+01
50  2.023032e+02  3.690071e+01
51  2.739432e+02  1.920445e+02
52  7.458575e+01  1.798020e+02
53  -4.125234e+02  2.879150e+02
54  -6.103668e+02  -3.538790e+01
55  -7.774798e+02  -3.013500e+02
56  -1.226930e+03  -9.561742e+02
57  -3.153812e+03  -1.136180e+03
58  -4.178667e+03  -1.979456e+03
59  -6.690713e+03  -2.288714e+03
60  -2.048008e+04  -2.322319e+03
61  -5.892823e+04  -5.963129e+03
62  -1.509698e+05  -1.446215e+04
63  -7.100518e+05  -2.172353e+04
ENDPROP
STARTPROP
MASSES:  4.500000e-02   4.200000e-03
SOURCE: GAM_14
SINKS: GAM_14
0  3.801503e+04  -2.590301e+03
1  1.358418e+06  -4.308637e+03
2  5.629446e+05  -6.784303e+03
3  2.886318e+05  4.650731e+03
4  1.517556e+05  5.867611e+03
5  7.498254e+04  8.452482e+03
6  3.415322e+04  5.700674e+03
7  1.849132e+04  3.922549e+03
8  8.383276e+03  1.847196e+03
9  3.528461e+03  2.313345e+02
10  9.210796e+02  -8.314497e+01
11  1.911417e+02  2.002495e+02
12  2.806128e+02  4.838486e+02
13  1.166012e+02  3.837958e+02
14  -2.944338e+02  3.408364e+02
15  -3.484683e+02  2.449844e+02
16  -1.907771e+02  1.703768e+02
17  -1.953198e+02  7.191929e+01
18  -1.236975e+02  4.398420e+01
19  -8.787036e+01  3.832391e+01
20  -3.947877e+01  2.985096e+01
21  -1.924937e+01  1.504899e+01
22  -1.937914e+01  1.004909e+01
23  -1.830418e+01  5.216163e+00
24  -9.834569e+00  -4.231663e+00
25  -2.229256e-01  -7.377249e+00
26  2.402389e+00  -4.918284e+00
27  -8.266753e-02  -6.794553e+00
28  -1.610444e+00  -6.397834e+00
29  -1.848839e+00  -2.812044e+00
30  -4.049831e-01  -2.030922e+00
31  1.705237e-01  4.439318e-02
32  1.212027e-01  1.536016e+00
33  -2.391616e-01  2.386235e+00
34  -7.942499e-01  2.632578e+00
35  -9.257202e-01  3.511729e+00
36  1.585879e+00  4.215994e+00
37  3.098080e+00  4.070839e+00
38  6.410975e+00  5.641455e+00
39  1.717458e+01  2.352271e+00
40  2.608594e+01  -8.061135e+00
41  4.513741e+01  -1.134399e+01
42  4.038487e+01  -2.139558e+01
43  4.390896e+01  -1.036103e+01
44  6.307442e+01  9.542585e+00
45  6.989620e+01  2.126740e+01
46  1.565125e+02  1.499700e+01
47  2.032068e+02  -1.932454e+01
48  1.558809e+02  1.221788e+02
49  6.706049e+01  1.991148e+02
50  2.891987e+02  1.314829e+02
51  1.058278e+03  1.888540e+02
52  1.437883e+03  8.441828e+01
53  1.932750e+03  -3.408537e+02
54  3.045399e+03  -1.040047e+03
55  4.712007e+03  -1.667132e+03
56  8.838825e+03  -1.486247e+03
57  1.471065e+04  3.455742e+02
58  3.599595e+04  2.284141e+02
59  7.552251e+04  2.490461e+03
60  1.507105e+05  1.184113e+04
61  3.080800e+05  2.411433e+04
62  5.758254e+05  2.248288e+04
63  1.349716e+06  9.698716e+03
ENDPROP
STARTPROP
MASSES:  4.500000e-02   4.200000e-03
SOURCE: GAM_41
SINKS: GAM_41
0  3.801503e+04  -2.590301e+03
1  1.358418e+06  -4.308637e+03
2  5.629446e+05  -6.784303e+03
3  2.886318e+05  4.650731e+03
4  1.517556e+05  5.867611e+03
5  7.498254e+04  8.452482e+03
6  3.415322e+04  5.700674e+03
7  1.849132e+04  3.922549e+03
8  8.383276e+03  1.847196e+03
9  3.528461e+03  2.313345e+02
10  9.210796e+02  -8.314497e+01
11  1.911417e+02  2.002495e+02
12  2.806128e+02  4.838486e+02
13  1.166012e+02  3.837958e+02
14  -2.944338e+02  3.408364e+02
15  -3.484683e+02  2.449844e+02
16  -1.907771e+02  1.703768e+02
17  -1.953198e+02  7.191929e+01
18  -1.236975e+02  4.398420e+01
19  -8.787036e+01  3.832391e+01
20  -3.947877e+01  2.985096e+01
21  -1.924937e+01  1.504899e+01
22  -1.937914e+01  1.004909e+01
23  -1.830418e+01  5.216163e+00
24  -9.834569e+00  -4.231663e+00
25  -2.229256e-01  -7.377249e+00
26  2.402389e+00  -4.918284e+00
27  -8.266753e-02  -6.794553e+00
28  -1.610444e+00  -6.397834e+00
29  -1.848839e+00  -2.812044e+00
30  -4.049831e-01  -2.030922e+00
31  1.705237e-01  4.439318e-02
32  1.212027e-01  1.536016e+00
33  -2.391616e-01  2.386235e+00
34  -7.942499e-01  2.632578e+00
35  -9.257202e-01  3.511729e+00
36  1.585879e+00  4.215994e+00
37  3.098080e+00  4.070839e+00
38  6.410975e+00  5.641455e+00
39  1.717458e+01  2.352271e+00
40  2.608594e+01  -8.061135e+00
41  4.513741e+01  -1.134399e+01
42  4.038487e+01  -2.139558e+01
43  4.390896e+01  -1.036103e+01
44  6.307442e+01  9.542585e+00
45  6.989620e+01  2.126740e+01
46  1.565125e+02  1.499700e+01
47  2.032068e+02  -1.932454e+01
48  1.558809e+02  1.221788e+02
49  6.706049e+01  1.991148e+02
50  2.891987e+02  1.314829e+02
51  1.058278e+03  1.888540e+02
52  1.437883e+03  8.441828e+01
53  1.932750e+03  -3.408537e+02
54  3.045399e+03  -1.040047e+03
55  4.712007e+03  -1.667132e+03
56  8.838825e+03  -1.486247e+03
57  1.471065e+04  3.455742e+02
58  3.599595e+04  2.284141e+02
59  7.552251e+04  2.490461e+03
60  1.507105e+05  1.184113e+04
61  3.080800e+05  2.411433e+04
62  5.758254e+05  2.248288e+04
63  1.349716e+06  9.698716e+03
ENDPROP
STARTPROP
MASSES:  4.500000e-02   4.200000e-03
SOURCE: GAM_23
SINKS: GAM_23
0  8.090242e+05  1.763452e+04
1  -7.416848e+05  1.470064e+04
2  -2.010475e+05  1.535411e+04
3  -7.542215e+04  1.131536e+04
4  -2.147261e+04  4.317859e+03
5  -3.855659e+03  6.086828e+02
6  6.801454e+02  -2.334837e+02
7  1.991854e+03  -9.448965e+00
8  1.058588e+03  8.513848e+02
9  1.340729e+03  9.539742e+02
10  7.115600e+02  4.917784e+02
11  3.014549e+02  -1.164851e+02
12  4.907364e+01  -3.041246e+01
13  3.883041e+01  -2.862639e+02
14  1.628344e+02  -2.378444e+02
15  6.084357e+01  -2.228168e+02
16  2.972987e+01  -1.345826e+02
17  4.065054e+01  -1.005440e+02
18  6.279765e+01  -2.818328e+01
19  7.549715e+01  -2.261409e+01
20  4.955584e+01  6.553186e+00
21  2.369416e+01  2.355544e+01
22  4.242538e+00  1.657421e+01
23  -3.535582e+00  1.616512e+01
24  -6.741688e+00  8.313982e+00
25  -4.492619e+00  3.321030e+00
26  9.001835e-01  -1.286550e+00
27  1.421207e+00  -2.790793e+00
28  2.547540e+00  -3.343152e+00
29  5.249311e-01  -4.010978e+00
30  -3.022458e-01  -3.497653e+00
31  1.022232e-01  -2.093773e+00
32  4.214836e-01  -2.143705e+00
33  -6.153234e-01  -2.427829e+00
34  -1.211043e+00  -2.831332e+00
35  -1.732335e+00  -4.030467e+00
36  -1.848054e+00  -4.541830e+00
37  -3.251223e+00  -2.091171e+00
38  -3.407594e+00  -7.752158e-01
39  -3.355836e+00  -1.322566e+00
40  7.484699e+00  -3.878517e+00
41  2.835428e+01  -2.269736e+00
42  4.023067e+01  -4.102207e+00
43  6.160346e+01  -1.455660e+01
44  7.001937e+01  -2.928758e+01
45  3.602448e+01  -1.772719e+01
46  1.358087e+01  -1.150483e+01
47  4.964754e+01  -2.456727e+01
48  -8.691253e+01  6.109281e+00
49  -2.315944e+02  -3.010047e+01
50  -3.816698e+02  -1.718737e+02
51  -3.325889e+02  -2.144986e+02
52  -7.173729e+02  -4.547146e+02
53  -3.828482e+02  -6.046537e+02
54  -6.507004e+01  -8.026442e+02
55  -1.177730e+03  -4.943049e+02
56  -9.229325e+02  1.395668e+02
57  -9.524674e+02  1.666703e+03
58  -3.225230e+03  1.866823e+03
59  -1.027779e+04  3.439763e+03
60  -3.146481e+04  5.562971e+03
61  -7.801317e+04  6.103428e+03
62  -1.818000e+05  6.394876e+03
63  -7.219445e+05  1.457218e+04
ENDPROP
STARTPROP
MASSES:  4.500000e-02   4.200000e-03
SOURCE: GAM_32
SINKS: GAM_32
0  8.090242e+05  1.763452e+04
1  -7.416848e+05  1.470064e+04
2  -2.010475e+05  1.535411e+04
3  -7.542215e+04  1.131536e+04
4  -2.147261e+04  4.317859e+03
5  -3.855659e+03  6.086828e+02
6  6.801454e+02  -2.334837e+02
7  1.991854e+03  -9.448965e+00
8  1.058588e+03  8.513848e+02
9  1.340729e+03  9.539742e+02
10  7.115600e+02  4.917784e+02
11  3.014549e+02  -1.164851e+02
12  4.907364e+01  -3.041246e+01
13  3.883041e+01  -2.862639e+02
14  1.628344e+02  -2.378444e+02
15  6.084357e+01  -2.228168e+02
16  2.972987e+01  -1.345826e+02
17  4.065054e+01  -1.005440e+02
18  6.279765e+01  -2.818328e+01
19  7.549715e+01  -2.261409e+01
20  4.955584e+01  6.553186e+00
21  2.369416e+01  2.355544e+01
22  4.242538e+00  1.657421e+01
23  -3.535582e+00  1.616512e+01
24  -6.741688e+00  8.313982e+00
25  -4.492619e+00  3.321030e+00
26  9.001835e-01  -1.286550e+00
27  1.421207e+00  -2.790793e+00
28  2.547540e+00  -3.343152e+00
29  5.249311e-01  -4.010978e+00
30  -3.022458e-01  -3.497653e+00
31  1.022232e-01  -2.093773e+00
32  4.214836e-01  -2.143705e+00
33  -6.153234e-01  -2.427829e+00
34  -1.211043e+00  -2.831332e+00
35  -1.732335e+00  -4.030467e+00
36  -1.848054e+00  -4.541830e+00
37  -3.251223e+00  -2.091171e+00
38  -3.407594e+00  -7.752158e-01
39  -3.355836e+00  -1.322566e+00
40  7.484699e+00  -3.878517e+00
41  2.835428e+01  -2.269736e+00
42  4.023067e+01  -4.102207e+00
43  6.160346e+01  -1.455660e+01
44  7.001937e+01  -2.928758e+01
45  3.602448e+01  -1.772719e+01
46  1.358087e+01  -1.150483e+01
47  4.964754e+01  -2.456727e+01
48  -8.691253e+01  6.109281e+00
49  -2.315944e+02  -3.010047e+01
50  -3.816698e+02  -1.718737e+02
51  -3.325889e+02  -2.144986e+02
52  -7.173729e+02  -4.547146e+02
53  -3.828482e+02  -6.046537e+02
54  -6.507004e+01  -8.026442e+02
55  -1.177730e+03  -4.943049e+02
56  -9.229325e+02  1.395668e+02
57  -9.524674e+02  1.666703e+03
58  -3.225230e+03  1.866823e+03
59  -1.027779e+04  3.439763e+03
60  -3.146481e+04  5.562971e+03
61  -7.801317e+04  6.103428e+03
62  -1.818000e+05  6.394876e+03
63  -7.219445e+05  1.457218e+04
ENDPROP
STARTPROP
MASSES:  4.500000e-02   4.200000e-03
SOURCE: GAM_24
SINKS: GAM_24
0  7.808308e+04  -3.983617e+02
1  1.368571e+06  2.030830e+03
2  5.643366e+05  2.941714e+03
3  2.808432e+05  5.614308e+03
4  1.344130e+05  3.433803e+03
5  6.055532e+04  7.717837e+02
6  2.580312e+04  -9.013912e+02
7  1.208255e+04  -3.437251e+02
8  4.580061e+03  4.948473e+01
9  1.622051e+03  6.701969e+02
10  1.359826e+03  3.603438e+02
11  1.213274e+03  4.044106e+02
12  9.114967e+02  7.410494e+01
13  4.622025e+02  -6.247848e+01
14  3.255296e+02  -8.302712e+01
15  1.876463e+02  3.113883e+01
16  1.098817e+02  2.073378e+02
17  1.274405e+02  1.370849e+02
18  8.944203e+01  9.168724e+01
19  4.837880e+01  7.521203e+01
20  2.912947e+01  6.253694e+01
21  1.821317e+01  2.532843e+01
22  9.203943e+00  1.685379e+01
23  2.175295e+00  1.480784e+01
24  9.222086e+00  1.386937e+01
25  6.536688e+00  1.359740e+01
26  5.999139e+00  1.253070e+01
27  4.550079e+00  8.880410e+00
28  2.307149e+00  5.839708e+00
29  1.582499e+00  4.245892e+00
30  -2.418741e-01  3.960152e+00
31  1.133022e-01  2.971974e+00
32  3.039298e-01  2.108585e+00
33  8.806024e-01  1.520684e+00
34  3.045007e+00  6.352161e-01
35  4.096423e+00  -6.312205e-01
36  2.803676e+00  -3.761495e+00
37  8.778320e-01  -5.535329e+00
38  -3.102275e+00  -6.068239e+00
39  -9.391151e+00  -3.373062e+00
40  -2.794753e+01  -7.952541e+00
41  -3.998337e+01  -1.531044e+01
42  -5.333883e+01  -1.644354e+01
43  -4.433629e+01  -2.769319e+01
44  -3.348553e+01  -5.888779e+01
45  3.252716e+01  -8.407018e+01
46  1.114040e+02  -1.435149e+02
47  1.433277e+02  -1.299857e+02
48  7.260817e+01  -2.164940e+02
49  2.976523e+01  -1.770319e+02
50  1.340578e+02  -1.277397e+02
51  2.439794e+02  -2.044790e+02
52  3.237701e+02  -5.171292e+02
53  8.125217e+02  -1.859430e+02
54  2.069366e+03  -6.403677e+01
55  5.545037e+03  -3.268007e+02
56  8.264399e+03  1.037782e+03
57  1.878622e+04  3.618125e+03
58  4.175690e+04  3.724337e+03
59  7.763767e+04  4.307783e+03
60  1.495237e+05  7.403553e+03
61  3.006931e+05  1.498923e+04
62  5.713546e+05  1.633379e+04
63  1.366275e+06  3.603656e+03
ENDPROP
STARTPROP
MASSES:  4.500000e-02   4.200000e-03
SOURCE: GAM_42
SINKS: GAM_42
0  7.808308e+04  -3.983617e+02
1  1.368571e+06  2.030830e+03
2  5.643366e+05  2.941714e+03
3  2.808432e+05  5.614308e+03
4  1.344130e+05  3.433803e+03
5  6.055532e+04  7.717837e+02
6  2.580312e+04  -9.013912e+02
7  1.208255e+04  -3.437251e+02
8  4.580061e+03  4.948473e+01
9  1.622051e+03  6.701969e+02
10  1.359826e+03  3.603438e+02
11  1.213274e+03  4.044106e+02
12  9.114967e+02  7.410494e+01
13  4.622025e+02  -6.247848e+01
14  3.255296e+02  -8.302712e+01
15  1.876463e+02  3.113883e+01
16  1.098817e+02  2.073378e+02
17  1.274405e+02  1.370849e+02
18  8.944203e+01  9.168724e+01
19  4.837880e+01  7.521203e+01
20  2.912947e+01  6.253694e+01
21  1.821317e+01  2.532843e+01
22  9.203943e+00  1.685379e+01
23  2.175295e+00  1.480784e+01
24  9.222086e+00  1.386937e+01
25  6.536688e+00  1.359740e+01
26  5.999139e+00  1.253070e+01
27  4.550079e+00  8.880410e+00
28  2.307149e+00  5.839708e+00
29  1.582499e+00  4.245892e+00
30  -2.418741e-01  3.960152e+00
31  1.133022e-01  2.971974e+00
32  3.039298e-01  2.108585e+00
33  8.806024e-01  1.520684e+00
34  3.045007e+00  6.352161e-01
35  4.096423e+00  -6.312205e-01
36  2.803676e+00  -3.761495e+00
37  8.778320e-01  -5.535329e+00
38  -3.102275e+00  -6.068239e+00
39  -9.391151e+00  -3.373062e+00
40  -2.794753e+01  -7.952541e+00
41  -3.998337e+01  -1.531044e+01
42  -5.333883e+01  -1.644354e+01
43  -4.433629e+01  -2.769319e+01
44  -3.348553e+01  -5.888779e+01
45  3.252716e+01  -8.407018e+01
46  1.114040e+02  -1.435149e+02
47  1.433277e+02  -1.299857e+02
48  7.260817e+01  -2.164940e+02
49  2.976523e+01  -1.770319e+02
50  1.340578e+02  -1.277397e+02
51  2.439794e+02  -2.044790e+02
52  3.237701e+02  -5.171292e+02
53  8.125217e+02  -1.859430e+02
54  2.069366e+03  -6.403677e+01
55  5.545037e+03  -3.268007e+02
56  8.264399e+03  1.037782e+03
57  1.878622e+04  3.618125e+03
58  4.175690e+04  3.724337e+03
59  7.763767e+04  4.307783e+03
60  1.495237e+05  7.403553e+03
61  3.006931e+05  1.498923e+04
62  5.713546e+05  1.633379e+04
63  1.366275e+06  3.603656e+03
ENDPROP
STARTPROP
MASSES:  4.500000e-02   4.200000e-03
SOURCE: GAM_34
SINKS: GAM_34
0  -2.490678e+04  -1.950245e+04
1  1.340923e+06  -2.017659e+04
2  5.537749e+05  -1.631834e+04
3  2.738094e+05  -8.455326e+03
4  1.343619e+05  -6.229344e+03
5  6.957056e+04  -2.679922e+03
6  3.158168e+04  -8.376224e+02
7  1.484518e+04  -1.145777e+03
8  7.796568e+03  -1.816178e+02
9  4.393524e+03  5.774772e+02
10  2.121864e+03  7.561589e+02
11  9.515831e+02  2.908151e+02
12  9.634950e+01  -9.096450e+01
13  -5.274961e+01  -8.064830e+00
14  1.269463e+02  -1.105901e+02
15  1.495947e+02  -1.104325e+02
16  2.162210e+02  -9.767165e+01
17  5.223608e+01  -9.906979e+00
18  7.318217e+00  -2.865498e+01
19  -5.300028e+01  -5.261985e+01
20  -4.988627e+01  -5.335746e+01
21  -3.616858e+01  -3.699316e+01
22  -2.368811e+01  -2.233895e+01
23  -1.857101e+01  -1.041718e+01
24  -1.420566e+01  -2.989253e+00
25  -7.141802e+00  -2.536179e+00
26  -5.424964e+00  9.114023e-01
27  -3.052175e+00  2.849204e+00
28  -1.672041e+00  -8.861449e-01
29  -2.463165e+00  -1.521912e+00
30  -1.505925e+00  -2.083627e+00
31  -2.837449e+00  -2.464852e+00
32  -3.486613e+00  -2.253914e+00
33  -2.411269e+00  -2.111489e+00
34  -1.273767e+00  -1.277708e+00
35  -1.040759e+00  8.593165e-01
36  -7.972728e-01  1.815912e+00
37  -9.998248e-01  1.140399e+00
38  -2.432505e+00  6.538735e-01
39  -2.092315e+00  4.769338e-01
40  3.982184e+00  2.092472e+00
41  6.931734e+00  9.936611e+00
42  -6.052921e-01  2.039658e+01
43  -3.611997e+01  5.491399e-01
44  -8.681956e+01  -2.898644e+01
45  -9.319148e+01  -5.217803e+01
46  -8.337888e+01  -1.293349e+02
47  -2.511787e+01  -1.996855e+02
48  -4.876946e+01  -2.761049e+02
49  1.447174e+02  -3.330927e+02
50  2.712977e+02  -3.204814e+02
51  3.596196e+02  -3.458559e+02
52  5.288684e+02  -6.101190e+01
53  7.216309e+02  3.987932e+02
54  2.458640e+03  1.381429e+02
55  4.469928e+03  -6.317321e+02
56  9.956300e+03  -8.831687e+02
57  1.812144e+04  -1.902788e+03
58  3.366810e+04  -2.931676e+03
59  6.954850e+04  -2.227674e+03
60  1.416746e+05  -2.863511e+03
61  2.841078e+05  -5.197789e+03
62  5.340855e+05  -4.313666e+03
63  1.305571e+06  -9.294208e+03
ENDPROP
STARTPROP
MASSES:  4.500000e-02   4.200000e-03
SOURCE: GAM_43
SINKS: GAM_43
0  -2.490678e+04  -1.950245e+04
1  1.340923e+06  -2.017659e+04
2  5.537749e+05  -1.631834e+04
3  2.738094e+05  -8.455326e+03
4  1.343619e+05  -6.229344e+03
5  6.957056e+04  -2.679922e+03
6  3.158168e+04  -8.376224e+02
7  1.484518e+04  -1.145777e+03
8  7.796568e+03  -1.816178e+02
9  4.393524e+03  5.774772e+02
10  2.121864e+03  7.561589e+02
11  9.515831e+02  2.908151e+02
12  9.634950e+01  -9.096450e+01
13  -5.274961e+01  -8.064830e+00
14  1.269463e+02  -1.105901e+02
15  1.495947e+02  -1.104325e+02
16  2.162210e+02  -9.767165e+01
17  5.223608e+01  -9.906979e+00
18  7.318217e+00  -2.865498e+01
19  -5.300028e+01  -5.261985e+01
20  -4.988627e+01  -5.335746e+01
21  -3.616858e+01  -3.699316e+01
22  -2.368811e+01  -2.233895e+01
23  -1.857101e+01  -1.041718e+01
24  -1.420566e+01  -2.989253e+00
25  -7.141802e+00  -2.536179e+00
26  -5.424964e+00  9.114023e-01
27  -3.052175e+00  2.849204e+00
28  -1.672041e+00  -8.861449e-01
29  -2.463165e+00  -1.521912e+00
30  -1.505925e+00  -2.083627e+00
31  -2.837449e+00  -2.464852e+00
32  -3.486613e+00  -2.253914e+00
33  -2.411269e+00  -2.111489e+00
34  -1.273767e+00  -1.277708e+00
35  -1.040759e+00  8.593165e-01
36  -7.972728e-01  1.815912e+00
37  -9.998248e-01  1.140399e+00
38  -2.432505e+00  6.538735e-01
39  -2.092315e+00  4.769338e-01
40  3.982184e+00  2.092472e+00
41  6.931734e+00  9.936611e+00
42  -6.052921e-01  2.039658e+01
43  -3.611997e+01  5.491399e-01
44  -8.681956e+01  -2.898644e+01
45  -9.319148e+01  -5.217803e+01
46  -8.337888e+01  -1.293349e+02
47  -2.511787e+01  -1.996855e+02
48  -4.876946e+01  -2.761049e+02
49  1.447174e+02  -3.330927e+02
50  2.712977e+02  -3.204814e+02
51  3.596196e+02  -3.458559e+02
52  5.288684e+02  -6.101190e+01
53  7.216309e+02  3.987932e+02
54  2.458640e+03  1.381429e+02
55  4.469928e+03  -6.317321e+02
56  9.956300e+03  -8.831687e+02
57  1.812144e+04  -1.902788e+03
58  3.366810e+04  -2.931676e+03
59  6.954850e+04  -2.227674e+03
60  1.416746e+05  -2.863511e+03
61  2.841078e+05  -5.197789e+03
62  5.340855e+05  -4.313666e+03
63  1.305571e+06  -9.294208e+03
ENDPROP
STARTPROP
MASSES:  4.500000e-02   4.200000e-03
SOURCE: GAM_15
SINKS: GAM_15
0  -6.520742e+04  8.615672e+03
1  -1.056120e+06  1.388524e+04
2  -3.460231e+05  1.005823e+04
3  -1.376649e+05  4.156060e+03
4  -5.536412e+04  -1.692432e+03
5  -2.573608e+04  -4.453363e+03
6  -1.107321e+04  -1.217297e+03
7  -5.777955e+03  -5.972336e+02
8  -2.613778e+03  -1.298131e+03
9  -7.752513e+02  -1.069595e+03
10  2.397542e+02  -7.577422e+02
11  4.184477e+02  -8.846326e+02
12  1.453981e+02  -1.002974e+03
13  -2.236132e+02  -9.073585e+02
14  -2.532517e+02  -7.116388e+02
15  -2.228603e+02  -4.726666e+02
16  -1.460729e+01  -2.721735e+02
17  1.520225e+01  -1.607727e+02
18  -6.578300e+01  -9.411904e+01
19  -8.490176e+01  -2.361711e+01
20  -4.631049e+01  2.073540e+01
21  -9.194636e+00  2.157455e+01
22  -5.317126e+00  1.628406e+01
23  -1.300035e+01  1.384153e+01
24  -1.503597e+01  5.728437e+00
25  -1.118712e+01  -1.761977e+00
26  -6.085494e+00  -2.731031e+00
27  -4.040074e+00  -2.180345e+00
28  -3.789639e+00  -1.187929e+00
29  -5.944412e-01  -1.611894e+00
30  1.785622e-01  -2.748786e+00
31  4.685734e-01  -1.433113e+00
32  9.694989e-01  -9.037887e-01
33  -2.795579e-01  -8.785908e-01
34  -1.658853e+00  -1.423226e+00
35  -4.606723e+00  -1.609967e+00
36  -4.905045e+00  -3.621156e-01
37  -4.405180e+00  3.229856e+00
38  -4.857823e+00  2.001251e+00
39  -6.020433e+00  -4.849858e+00
40  -1.683826e+00  -2.298029e+00
41  -7.373657e+00  -4.103116e+00
42  4.428983e+00  -1.903230e+01
43  2.649684e+01  -2.894612e+01
44  -2.273642e+01  -3.129452e+01
45  -1.609374e+02  -1.703373e+01
46  -2.699473e+02  -6.170440e+01
47  -2.886599e+02  -1.693410e+02
48  -3.375917e+02  -3.691041e+02
49  -3.013035e+02  -4.113114e+02
50  -1.191145e+02  -4.896312e+02
51  3.503001e+02  -5.714462e+02
52  6.837289e+02  -4.580371e+02
53  1.427300e+03  -1.075242e+03
54  1.542374e+03  -1.626944e+03
55  1.138193e+03  -2.197013e+03
56  2.026245e+03  -3.140490e+03
57  3.304158e+03  -3.124352e+03
58  3.612811e+03  -5.063126e+03
59  -6.095066e+03  -8.703754e+03
60  -5.055053e+04  -8.183140e+03
61  -1.400154e+05  -9.856833e+03
62  -3.387497e+05  -7.265838e+03
63  -1.058330e+06  2.688185e+03
ENDPROP
STARTPROP
MASSES:  4.500000e-02   4.200000e-03
SOURCE: GAM_25
SINKS: GAM_25
0  -3.942854e+04  -1.139382e+04
1  -1.036399e+06  -1.161232e+04
2  -3.217926e+05  -8.889509e+03
3  -1.281638e+05  -6.466167e+03
4  -4.920801e+04  -4.850593e+03
5  -1.695058e+04  -7.932110e+03
6  -5.680029e+03  -7.630324e+03
7  -9.863392e+02  -4.339675e+03
8  6.481192e+02  -3.036962e+03
9  9.114775e+02  -2.382600e+03
10  2.745264e+02  -1.182119e+03
11  6.104081e+01  -1.296398e+02
12  3.575535e+02  5.205372e+02
13  4.018105e+02  8.545071e+02
14  5.391605e+02  5.760182e+02
15  5.846945e+02  3.329076e+02
16  3.481889e+02  1.648707e+02
17  1.688198e+02  -9.535691e+00
18  4.661488e+01  -4.473449e+01
19  -2.063780e+01  -4.965702e+01
20  -3.764459e+00  -4.333530e+01
21  1.639782e+01  -3.680502e+01
22  7.626254e+00  -3.314143e+01
23  -7.583756e+00  -2.584577e+01
24  -8.307850e+00  -1.471538e+01
25  -8.490464e+00  -1.395773e+01
26  -4.816507e+00  -1.414479e+01
27  -3.771110e+00  -1.213514e+01
28  -2.948066e+00  -7.866171e+00
29  -2.632915e+00  -5.147716e+00
30  -1.354632e+00  -3.680718e+00
31  -3.811012e-01  -1.546431e+00
32  -9.533057e-01  -7.876841e-01
33  -2.718408e+00  -3.290768e-02
34  -3.372535e+00  1.894169e+00
35  -5.070366e+00  2.992755e+00
36  -4.392123e+00  1.612712e+00
37  -5.178906e-01  3.524418e+00
38  -1.351129e+00  5.874374e+00
39  -7.477348e+00  1.299137e+01
40  -1.423235e+01  2.370185e+01
41  -3.109159e+01  4.051152e+01
42  -6.316293e+01  4.969727e+01
43  -9.312797e+01  3.792022e+01
44  -1.044656e+02  1.646513e+01
45  -8.329591e+01  -6.916094e+00
46  -5.870696e+01  -8.902332e+00
47  -3.136739e+01  -4.086091e+01
48  -3.897946e+01  -3.291868e+01
49  8.582808e-01  2.356831e+01
50  2.450658e+02  1.682471e+02
51  4.905482e+02  2.363488e+02
52  3.663830e+02  1.389413e+02
53  -5.853186e+02  -1.018948e+02
54  -8.783634e+02  -1.470783e+02
55  -1.578427e+03  -9.045759e+02
56  -3.594985e+03  -1.847925e+03
57  -8.019931e+03  -1.591476e+03
58  -1.608090e+04  -1.936888e+03
59  -3.783333e+04  -1.682756e+03
60  -7.814450e+04  6.111319e+02
61  -1.649582e+05  2.713315e+03
62  -3.419012e+05  4.445344e+03
63  -1.038032e+06  6.156423e+03
ENDPROP
STARTPROP
MASSES:  4.500000e-02   4.200000e-03
SOURCE: GAM_35
SINKS: GAM_35
0  -1.147515e+05  -8.730054e+03
1  -1.092004e+06  -6.690294e+03
2  -3.689028e+05  -1.299878e+03
3  -1.553754e+05  2.240600e+03
4  -6.924759e+04  2.220247e+03
5  -3.500021e+04  5.021802e+03
6  -1.467361e+04  5.492342e+03
7  -4.749023e+03  3.804479e+03
8  -7.244126e+02  1.210241e+03
9  -2.958294e+01  -2.394749e+02
10  -4.976876e+02  -2.893754e+02
11  -1.046451e+03  -5.169686e+02
12  -7.324835e+02  -4.311443e+02
13  -1.078055e+02  -8.262619e+01
14  -1.117687e+02  2.652722e+02
15  -2.110237e+02  3.605599e+02
16  -1.708710e+02  2.517385e+02
17  -6.469895e+01  1.537793e+02
18  -4.017689e+01  8.367369e+01
19  -4.367266e+01  6.048348e+01
20  -1.911827e+01  2.871677e+01
21  -2.580775e+01  3.215001e+01
22  -5.939194e+00  3.197079e+01
23  -5.225105e+00  2.322206e+01
24  -5.495966e+00  9.028538e+00
25  -1.121490e+00  3.541811e+00
26  1.785297e-01  2.243826e+00
27  -1.036436e+00  9.948033e-01
28  5.671269e-01  1.338088e+00
29  -2.021609e-01  1.229318e+00
30  -6.892813e-02  1.269103e+00
31  4.027918e-01  2.266954e+00
32  4.201658e-01  2.645230e+00
33  2.562954e-01  5.780867e-01
34  8.446381e-01  -1.637631e+00
35  1.408799e-01  -3.048920e+00
36  -1.798696e+00  -2.379578e+00
37  -3.496381e+00  -1.985307e+00
38  -1.792893e+00  -5.168846e+00
39  -2.339820e-01  -9.313340e+00
40  4.135743e+00  -1.040270e+01
41  -3.469614e+00  -1.890559e+01
42  -2.105511e+01  -2.606990e+01
43  -2.955800e+01  -3.095368e+01
44  -6.067035e+01  -2.965520e+01
45  -8.057649e+01  -1.839606e+01
46  -6.470558e+01  -3.950459e+01
47  -4.733763e+01  -7.397825e+01
48  7.825934e+00  -8.598175e+00
49  2.995321e+02  -9.930710e+00
50  4.311204e+02  5.752212e+00
51  6.306868e+02  1.736637e+02
52  8.880568e+02  7.072821e+02
53  3.022825e+02  8.404565e+02
54  -1.931797e+03  6.712287e+02
55  -3.799146e+03  1.545336e+03
56  -5.231217e+03  2.887459e+03
57  -8.339988e+03  3.246896e+03
58  -1.507753e+04  2.149331e+03
59  -3.062305e+04  9.356126e+02
60  -6.666971e+04  -3.434074e+03
61  -1.431781e+05  -8.733268e+03
62  -3.367229e+05  -1.034382e+04
63  -1.074610e+06  -2.143164e+03
ENDPROP
STARTPROP
MASSES:  4.500000e-02   4.200000e-03
SOURCE: GAM_45
SINKS: GAM_45
0  -1.336055e+06  -1.086740e+04
1  9.404397e+05  -8.933782e+03
2  4.737675e+05  -8.969133e+03
3  3.284087e+05  -7.266850e+03
4  2.220486e+05  -5.764524e+03
5  1.505712e+05  -4.109249e+03
6  9.874468e+04  -1.768214e+03
7  6.620271e+04  -1.143024e+03
8  4.701635e+04  -5.026790e+02
9  3.227200e+04  2.011999e+02
10  2.254219e+04  3.116218e+02
11  1.571098e+04  4.847677e+02
12  1.079799e+04  2.450875e+02
13  7.346249e+03  9.380205e+01
14  5.047390e+03  -7.681347e+00
15  3.355987e+03  -1.062867e+02
16  2.392116e+03  -1.206538e+02
17  1.670873e+03  -1.574587e+02
18  1.132235e+03  -1.206427e+02
19  8.056108e+02  -1.146504e+02
20  5.286479e+02  -6.763696e+01
21  3.455352e+02  -4.708425e+01
22  2.342001e+02  -2.873182e+01
23  1.580822e+02  -2.526827e+01
24  9.919931e+01  -1.675156e+01
25  7.030401e+01  -1.455789e+01
26  4.666484e+01  -8.695723e+00
27  3.385988e+01  -6.430063e+00
28  2.281170e+01  -4.557209e+00
29  1.718445e+01  -2.817301e+00
30  1.348570e+01  -2.353652e+00
31  1.064446e+01  -1.442669e+00
32  9.961029e+00  -1.190438e+00
33  1.043368e+01  -2.109679e+00
34  1.223183e+01  -1.282395e+00
35  1.595520e+01  -1.559268e+00
36  2.240243e+01  -2.801326e+00
37  3.133049e+01  -4.558692e+00
38  4.228213e+01  -5.651474e+00
39  6.547347e+01  -7.034251e+00
40  8.870134e+01  -5.994828e+00
41  1.383426e+02  -8.903348e+00
42  2.026611e+02  8.884983e-01
43  3.106850e+02  -2.564070e-01
44  4.854782e+02  1.645837e+01
45  7.270201e+02  1.039833e+00
46  1.094162e+03  -4.856764e+01
47  1.607653e+03  -7.763218e+01
48  2.334151e+03  -1.438129e+02
49  3.290517e+03  -2.027878e+02
50  4.725199e+03  -4.270079e+02
51  6.683020e+03  -5.754277e+02
52  9.736604e+03  -7.011721e+02
53  1.397305e+04  -6.530522e+02
54  2.054666e+04  -1.100679e+03
55  3.089269e+04  -1.889199e+03
56  4.579616e+04  -1.874604e+03
57  6.888526e+04  -2.719507e+03
58  1.032234e+05  -3.005427e+03
59  1.525784e+05  -3.480658e+03
60  2.245189e+05  -2.096904e+03
61  3.281869e+05  -1.912012e+03
62  4.629329e+05  -3.681829e+03
63  9.358025e+05  -3.047072e+03
ENDPROP
STARTPROP
MASSES:  4.500000e-02   4.200000e-03
SOURCE: PSAX4
SINKS: GAM_4
0  1.982080e+03  -1.862417e+04
1  1.679447e+06  -1.630623e+04
2  1.056097e+06  -1.619236e+04
3  7.253963e+05  -1.147792e+04
4  5.008298e+05  -7.167292e+03
5  3.424687e+05  -7.314363e+03
6  2.308551e+05  -3.672108e+03
7  1.570780e+05  -2.444295e+03
8  1.104618e+05  -1.505813e+03
9  7.704474e+04  -8.929042e+02
10  5.298954e+04  -1.039988e+03
11  3.641514e+04  -5.153869e+02
12  2.500453e+04  -6.474224e+02
13  1.709186e+04  -4.206667e+02
14  1.162840e+04  -3.046300e+02
15  7.780040e+03  -2.012333e+02
16  5.417930e+03  -1.579542e+02
17  3.765761e+03  -1.303612e+02
18  2.571094e+03  -9.832199e+01
19  1.806890e+03  -7.628257e+01
20  1.221009e+03  -2.882483e+01
21  8.300294e+02  -1.596018e+01
22  5.706881e+02  -3.832817e+00
23  3.906903e+02  -2.264541e+00
24  2.617706e+02  4.068127e+00
25  1.832344e+02  1.587070e+00
26  1.209577e+02  1.044473e+00
27  8.185370e+01  3.812808e-01
28  5.354092e+01  -4.073681e-01
29  3.375420e+01  -1.237014e-01
30  1.844985e+01  -2.461469e-02
31  6.045667e+00  2.925161e-03
32  -5.328794e+00  3.768511e-01
33  -1.707715e+01  9.887447e-01
34  -3.173544e+01  8.243185e-01
35  -5.003908e+01  1.694020e+00
36  -7.702463e+01  2.078891e+00
37  -1.104207e+02  3.613403e+00
38  -1.613317e+02  6.420929e+00
39  -2.338422e+02  7.979980e+00
40  -3.349096e+02  9.983013e+00
41  -4.884053e+02  1.837604e+01
42  -6.922987e+02  2.035347e+01
43  -9.915322e+02  2.628780e+01
44  -1.439523e+03  1.724415e+01
45  -2.070073e+03  4.770997e+01
46  -2.958968e+03  1.063421e+02
47  -4.306021e+03  8.369984e+01
48  -6.149551e+03  2.169162e+02
49  -8.707312e+03  2.680652e+02
50  -1.234181e+04  4.759431e+02
51  -1.759887e+04  5.958330e+02
52  -2.507401e+04  7.158149e+02
53  -3.587479e+04  4.994527e+02
54  -5.220184e+04  7.278894e+02
55  -7.591641e+04  9.393811e+02
56  -1.106789e+05  -1.093319e+02
57  -1.623047e+05  -8.939228e+00
58  -2.391462e+05  -9.870378e+02
59  -3.473975e+05  -2.069127e+03
60  -4.988746e+05  -5.672867e+03
61  -7.246280e+05  -1.199603e+04
62  -1.042784e+06  -1.195445e+04
63  -1.666451e+06  -1.452297e+04
ENDPROP
STARTPROP
MASSES:  4.500000e-02   4.200000e-03
SOURCE: WWPSAX4
SINKS: GAM_4
0  8.165175e+07  6.763888e+07
1  2.079003e+09  -1.426685e+08
2  2.935777e+08  -6.284824e+07
3  4.386467e+08  6.921440e+07
4  2.975749e+08  1.578740e+07
5  1.947121e+08  -3.212153e+07
6  1.697165e+08  -1.614410e+07
7  9.712168e+07  -1.337521e+07
8  9.257659e+07  -1.566409e+07
9  4.795746e+07  -2.005543e+06
10  3.611256e+07  2.792090e+06
11  1.850961e+07  3.697192e+06
12  1.989704e+07  6.531017e+05
13  1.151441e+07  -1.999425e+06
14  1.270410e+07  9.581196e+05
15  6.038106e+06  8.821122e+05
16  2.799562e+06  2.309154e+05
17  2.684294e+06  -2.906385e+05
18  1.658385e+06  1.850097e+05
19  1.749761e+06  -2.347647e+05
20  1.033346e+06  3.419256e+05
21  5.851752e+05  -1.424689e+05
22  4.093409e+05  1.417556e+05
23  1.824747e+05  -1.083694e+05
24  3.092334e+05  -7.153957e+04
25  5.745502e+04  -2.433307e+04
26  1.115957e+05  -6.292104e+04
27  1.821326e+04  -7.027659e+02
28  9.843591e+03  7.501880e+03
29  3.740654e+04  -9.178086e+03
30  -2.790599e+03  -1.039418e+04
31  -1.360136e+04  -1.268586e+03
32  1.316983e+04  2.309819e+03
33  1.495939e+03  -1.509488e+03
34  -8.689435e+03  -1.106403e+04
35  -2.803615e+04  8.045142e+03
36  -7.167540e+04  1.809668e+04
37  -6.090152e+04  1.175519e+04
38  -9.448691e+04  -5.808898e+04
39  -1.529377e+05  4.092541e+04
40  -2.996543e+05  1.150858e+05
41  -3.950378e+05  -1.496075e+04
42  -4.480038e+05  -6.781921e+04
43  -3.326683e+05  -7.670296e+04
44  -6.251233e+05  3.868529e+04
45  -8.347847e+05  2.130954e+05
46  -2.156641e+06  -3.420724e+05
47  -2.152343e+06  5.502593e+05
48  -3.009171e+06  1.610709e+06
49  -2.862752e+06  -1.121386e+06
50  -7.908309e+06  9.524748e+05
51  -6.264595e+06  1.071044e+06
52  -1.267563e+07  -7.098027e+05
53  -2.921008e+07  4.459379e+05
54  -3.339467e+07  1.571671e+07
55  -4.341587e+07  8.290787e+06
56  -3.409062e+07  -8.983225e+06
57  -1.263735e+08  -2.081627e+07
58  -1.285990e+08  -4.701971e+07
59  -2.766980e+08  -5.118875e+07
60  -3.955694e+08  -8.359832e+07
61  -3.092260e+08  4.856821e+07
62  -8.441758e+08  -5.546481e+07
63  -1.885727e+09  -1.613642e+08
ENDPROP
STARTPROP
MASSES:  4.500000e-02   4.200000e-03
SOURCE: WWGAM_5
SINKS: GAM_5
0  1.722687e+10  -6.549028e+01
1  2.983798e+09  -2.051499e+08
2  1.079931e+09  -7.029384e+07
3  9.179091e+08  6.373699e+07
4  5.415492e+08  1.289787e+06
5  3.755873e+08  -4.018562e+07
6  2.894070e+08  -2.530984e+07
7  1.687952e+08  -8.111408e+06
8  1.374848e+08  -1.373050e+07
9  9.406764e+07  -3.558688e+06
10  6.872481e+07  1.841345e+06
11  4.511565e+07  2.555910e+06
12  3.681850e+07  2.271473e+06
13  2.218840e+07  -3.191711e+06
14  1.823805e+07  1.211908e+06
15  1.007871e+07  1.814660e+05
16  6.053883e+06  -1.561327e+05
17  4.099558e+06  2.531503e+05
18  3.437049e+06  7.156961e+05
19  2.483015e+06  -3.852773e+05
20  1.829691e+06  2.547284e+05
21  9.230677e+05  -2.106503e+05
22  7.750757e+05  1.550366e+05
23  4.288695e+05  -5.504261e+04
24  4.944401e+05  -6.788417e+04
25  1.634775e+05  -2.744344e+04
26  1.626133e+05  9.060433e+03
27  5.913979e+04  3.040826e+04
28  9.269860e+04  1.899462e+04
29  7.494746e+04  -5.034535e+03
30  4.832857e+04  3.752638e+03
31  4.322089e+04  -1.239873e+04
32  4.987162e+04  5.008819e+03
33  1.773950e+04  -1.233216e+03
34  6.229317e+04  1.695528e+04
35  8.319281e+04  -3.510186e+03
36  9.724913e+04  -1.599703e+04
37  1.190930e+05  1.405807e+04
38  2.013483e+05  1.329562e+04
39  3.233931e+05  -4.581932e+04
40  4.991316e+05  -1.526654e+05
41  6.661178e+05  -3.002546e+04
42  7.993533e+05  2.306004e+05
43  6.907060e+05  1.135258e+05
44  1.511068e+06  -3.031873e+05
45  2.834265e+06  -1.069089e+05
46  3.584845e+06  3.829255e+05
47  4.397780e+06  -8.772672e+05
48  6.977367e+06  -9.846324e+05
49  7.130869e+06  5.984516e+05
50  1.645450e+07  -6.174537e+05
51  1.810858e+07  -3.595123e+06
52  2.037345e+07  1.947492e+06
53  4.163398e+07  2.542681e+06
54  5.901261e+07  -1.588797e+07
55  9.583800e+07  4.518740e+06
56  1.382483e+08  -7.982815e+06
57  2.505413e+08  1.041444e+07
58  3.091078e+08  3.172886e+07
59  4.951527e+08  4.499690e+07
60  8.073504e+08  7.074953e+07
61  6.204458e+08  -7.203835e+07
62  1.496266e+09  1.000690e+08
63  2.969000e+09  1.883713e+08
ENDPROP
