STARTPROP
MASSES:  4.500000e-02   4.200000e-03
SOURCE: GAM_1
SINKS: GAM_1
0  1.201597e+06  -1.735821e+04
1  1.913499e+06  -5.663433e+03
2  8.852175e+05  -6.398718e+03
3  4.705955e+05  3.022599e+02
4  2.631366e+05  2.330047e+03
5  1.448659e+05  2.811471e+03
6  7.980699e+04  1.960136e+03
7  3.860615e+04  2.253072e+03
8  1.579452e+04  2.123768e+03
9  7.473266e+03  8.949465e+02
10  3.475725e+03  6.978686e+02
11  2.139963e+03  8.854835e+02
12  1.716669e+03  5.786219e+02
13  1.164209e+03  3.141275e+02
14  4.870870e+02  2.985888e+02
15  2.105029e+02  3.295416e+02
16  1.161265e+02  1.885775e+02
17  1.177650e+02  1.823759e+02
18  7.079684e+01  1.468120e+02
19  2.447798e+01  5.383404e+01
20  5.251212e+00  -3.082446e+01
21  1.614118e+01  -4.273808e+01
22  2.148778e+01  -2.467443e+01
23  2.494960e+01  -1.399378e+00
24  1.679785e+01  9.132094e-01
25  4.784827e+00  -3.162432e+00
26  -1.891117e+00  -3.881547e+00
27  -3.636210e+00  -4.217584e+00
28  -5.112217e+00  -4.656155e+00
29  -4.863083e+00  -3.293204e+00
30  -3.785081e+00  -9.009673e-01
31  -1.102380e+00  4.187868e-01
32  1.572855e-01  8.605582e-01
33  -3.445191e-01  -8.321989e-01
34  -2.749544e+00  -1.931862e+00
35  -7.544068e+00  -2.656785e+00
36  -1.207801e+01  -3.282867e+00
37  -1.190134e+01  -3.700551e+00
38  -9.591089e+00  -3.279743e+00
39  -3.989144e+00  -3.614281e+00
40  8.739204e-01  -6.271577e+00
41  1.616867e+01  3.968749e+00
42  2.449663e+01  -3.001893e-01
43  2.893049e+01  5.495444e+00
44  -1.252584e+01  8.412191e+00
45  -2.752364e+01  -2.215638e+01
46  5.152004e+01  -1.096638e+02
47  1.346723e+02  -1.816238e+02
48  7.908430e+01  -3.894833e+02
49  -9.814556e+01  -5.733284e+02
50  8.184020e+01  -9.001477e+02
51  1.814006e+02  -1.310487e+03
52  1.392818e+02  -1.250065e+03
53  1.734360e+03  -1.331006e+03
54  5.460500e+03  -1.477540e+03
55  1.039483e+04  -2.001478e+03
56  1.871435e+04  -2.616670e+03
57  3.282141e+04  -1.672238e+03
58  5.990136e+04  -2.657505e+03
59  1.146949e+05  -5.790174e+02
60  2.260802e+05  3.634349e+02
61  4.360472e+05  -3.869538e+03
62  8.565764e+05  -9.747138e+03
63  1.904945e+06  -1.654029e+04
ENDPROP
STARTPROP
MASSES:  4.500000e-02   4.200000e-03
SOURCE: GAM_2
SINKS: GAM_2
0  1.229272e+06  1.160607e+04
1  1.929765e+06  1.567994e+04
2  8.831097e+05  7.707017e+03
3  4.708696e+05  6.193217e+03
4  2.531544e+05  4.916719e+02
5  1.308610e+05  -4.024122e+03
6  7.149472e+04  -2.766522e+03
7  3.770757e+04  -2.502406e+03
8  1.722586e+04  -1.692563e+03
9  7.032888e+03  -6.747287e+02
10  3.018989e+03  6.801251e+00
11  1.257042e+03  7.461904e+02
12  4.881125e+02  1.030651e+03
13  5.268618e+02  7.497895e+02
14  5.077249e+02  3.036462e+02
15  3.554186e+02  6.182797e+01
16  2.230286e+02  -1.056402e+02
17  3.715351e+01  -1.772930e+02
18  -1.789434e+01  -1.105044e+02
19  -5.051444e+00  -9.330860e+01
20  1.871944e+01  -7.224673e+01
21  2.490293e+01  -2.165820e+01
22  2.836086e+01  -1.569970e+01
23  2.616080e+01  -1.473769e+01
24  2.283164e+01  -1.708222e+01
25  1.883171e+01  -1.923010e+01
26  1.428803e+01  -1.327049e+01
27  9.501651e+00  -6.360414e+00
28  6.684142e+00  1.984122e+00
29  5.097412e+00  3.450040e+00
30  4.411881e+00  1.645533e+00
31  4.207969e+00  3.090074e-01
32  3.827286e+00  -6.378592e-01
33  3.273649e+00  -5.501926e-01
34  3.367409e+00  5.647416e-01
35  2.544151e+00  6.315158e-01
36  2.227533e+00  1.744759e+00
37  -3.969257e-01  3.498410e+00
38  -4.981798e+00  3.808123e+00
39  -1.918443e+01  4.313680e+00
40  -4.368093e+01  5.772770e+00
41  -5.632986e+01  1.794412e+01
42  -5.983214e+01  2.732605e+01
43  -8.662045e+01  3.473431e+01
44  -1.106424e+02  5.486300e+01
45  -9.195955e+01  4.241248e+01
46  1.307805e+01  1.717173e+00
47  2.361402e+02  2.261459e+01
48  6.705601e+02  3.479459e+01
49  1.102876e+03  4.428303e+01
50  1.596687e+03  7.818679e+01
51  2.284433e+03  1.425795e+01
52  2.756073e+03  5.611497e+02
53  4.051414e+03  6.482273e+02
54  6.906098e+03  8.993341e+02
55  1.313736e+04  1.694738e+03
56  2.488366e+04  1.150165e+03
57  4.300622e+04  -1.133885e+03
58  7.064135e+04  -3.210050e+03
59  1.254126e+05  -7.437110e+02
60  2.312971e+05  4.566908e+03
61  4.523525e+05  1.339574e+04
62  8.892544e+05  2.293793e+04
63  1.948925e+06  1.262255e+04
ENDPROP
STARTPROP
MASSES:  4.500000e-02   4.200000e-03
SOURCE: GAM_3
SINKS: GAM_3
0  1.240945e+06  1.033937e+03
1  1.936870e+06  3.075390e+03
2  8.895509e+05  -7.755537e+02
3  4.722099e+05  -2.745483e+03
4  2.476461e+05  -1.197512e+02
5  1.319660e+05  3.341436e+03
6  7.120010e+04  6.302292e+03
7  3.670178e+04  4.993702e+03
8  2.014526e+04  2.650214e+03
9  1.098196e+04  -2.998515e+02
10  6.061735e+03  -9.796227e+02
11  4.097634e+03  -8.260236e+02
12  2.559018e+03  -5.947665e+02
13  1.127022e+03  -2.540776e+02
14  3.077475e+02  -5.039412e+01
15  -1.249974e+02  5.839979e+01
16  -2.921806e+02  1.126562e+02
17  -2.438443e+02  7.574849e+01
18  -1.962902e+02  7.970351e+01
19  -1.060619e+02  2.555957e+01
20  -6.021908e+01  -7.163356e+00
21  -3.636222e+01  -1.365447e+00
22  -4.730727e+01  8.286231e+00
23  -4.669370e+01  9.727403e+00
24  -4.014174e+01  1.201264e+01
25  -3.504286e+01  1.341852e+01
26  -2.825166e+01  8.678150e+00
27  -2.248304e+01  4.863200e+00
28  -1.675969e+01  3.632097e+00
29  -1.085559e+01  9.912870e-01
30  -6.513431e+00  -1.814095e-01
31  -2.773285e+00  1.610089e-01
32  -6.127042e-01  1.537596e+00
33  -6.611643e-01  2.950462e+00
34  -9.444038e-01  5.017811e+00
35  -1.150073e+00  6.948457e+00
36  -5.973130e-01  7.488585e+00
37  -4.089883e+00  9.798935e+00
38  -5.618895e+00  1.069172e+01
39  -1.198266e+00  1.117682e+01
40  8.936908e+00  1.953073e+01
41  1.325367e+01  1.861655e+01
42  2.304859e+01  1.529451e+01
43  3.219914e+01  2.223487e+01
44  7.867661e+01  4.303034e+01
45  1.138485e+02  4.717924e+01
46  1.031252e+02  1.774979e+01
47  8.884976e+01  1.341500e+01
48  6.243322e+01  -9.533933e+00
49  7.452118e+01  2.054000e+02
50  5.375508e+01  4.551826e+02
51  3.343521e+02  9.011414e+02
52  6.759452e+02  1.664009e+03
53  1.615949e+03  1.465328e+03
54  4.234207e+03  1.034113e+03
55  9.693175e+03  9.867251e+02
56  1.775216e+04  2.154370e+03
57  3.305746e+04  2.285814e+03
58  6.024660e+04  3.336579e+03
59  1.165101e+05  8.638216e+03
60  2.291080e+05  1.318914e+04
61  4.601709e+05  2.224383e+04
62  8.987818e+05  1.231410e+04
63  1.952971e+06  -5.438469e+02
ENDPROP
STARTPROP
MASSES:  4.500000e-02   4.200000e-03
SOURCE: GAM_4
SINKS: GAM_4
0  2.102885e+06  -2.156840e+02
1  -3.024944e+05  -1.090681e+04
2  -1.637216e+04  9.987963e+02
3  -1.695897e+04  2.588535e+03
4  -7.111529e+03  6.260612e+03
5  -6.458720e+03  4.648341e+03
6  -4.415734e+03  2.542317e+03
7  -3.563771e+03  1.192900e+03
8  -2.391958e+03  5.193832e+02
9  -9.215602e+02  2.036526e+02
10  -7.302686e+02  7.835865e+01
11  -1.938667e+02  1.626962e+02
12  -3.304092e+00  -6.899653e+01
13  2.691794e+02  -5.825572e+00
14  2.551255e+02  -2.051918e+01
15  2.064022e+02  -5.763646e-01
16  1.449151e+02  7.859911e+00
17  1.420456e+02  2.682794e+01
18  7.818163e+01  7.603324e+00
19  6.225101e+01  -3.664506e+00
20  5.806266e+01  -2.922733e+00
21  3.134002e+01  -1.191711e+01
22  1.890585e+01  -9.350273e+00
23  1.284046e+01  -3.159281e+00
24  5.495888e+00  -1.699385e-01
25  2.440262e+00  2.232421e+00
26  9.161115e-01  2.889688e+00
27  -1.831562e-02  1.720759e+00
28  -8.992343e-01  -1.922359e-01
29  -8.234273e-01  5.547327e-02
30  -1.014889e+00  -6.602367e-01
31  -6.656799e-01  -1.758877e+00
32  1.702716e-01  -1.134361e+00
33  2.111158e-02  -9.113301e-01
34  6.644589e-01  -2.639487e-01
35  9.216090e-01  2.009065e-01
36  1.039681e+00  1.268333e+00
37  1.980150e+00  2.272712e+00
38  4.125392e+00  6.663983e+00
39  6.082802e+00  1.044471e+01
40  7.424848e+00  1.767707e+01
41  1.499218e+01  3.485574e+01
42  2.087850e+01  3.774486e+01
43  2.619738e+01  5.554278e+01
44  2.960524e+01  8.577264e+01
45  7.255284e+01  1.196748e+02
46  9.161229e+01  1.530798e+02
47  1.649378e+02  1.761302e+02
48  2.682613e+02  2.187654e+02
49  3.007120e+02  2.538638e+02
50  4.183608e+02  3.184043e+02
51  3.929557e+02  3.984474e+02
52  6.479306e+02  5.827428e+02
53  5.557328e+02  8.889035e+02
54  6.894833e+02  7.641379e+02
55  1.111343e+03  8.876678e+02
56  1.163618e+03  4.930489e+02
57  4.046678e+02  6.146637e+02
58  -1.134579e+03  4.670791e+02
59  -2.291494e+03  2.106652e+03
60  -5.392535e+03  3.197703e+03
61  -1.228355e+04  3.472988e+03
62  -2.210212e+04  6.715983e+03
63  -3.100027e+05  9.038916e+03
ENDPROP
STARTPROP
MASSES:  4.500000e-02   4.200000e-03
SOURCE: GAM_5
SINKS: GAM_5
0  6.991395e+06  -3.785487e+04
1  7.002002e+06  -4.504274e+04
2  4.855866e+06  -5.081123e+04
3  3.377121e+06  -4.635645e+04
4  2.368358e+06  -4.561530e+04
5  1.656637e+06  -3.532680e+04
6  1.157110e+06  -2.502400e+04
7  8.202224e+05  -1.794371e+04
8  5.707543e+05  -1.133492e+04
9  3.938623e+05  -6.022146e+03
10  2.658366e+05  -4.922144e+03
11  1.784845e+05  -3.617712e+03
12  1.214884e+05  -2.366088e+03
13  8.320505e+04  -1.168498e+03
14  5.628192e+04  2.433881e+02
15  3.960838e+04  8.588510e+02
16  2.798979e+04  9.656297e+02
17  1.942244e+04  9.887604e+02
18  1.316713e+04  8.370513e+02
19  8.792033e+03  6.016774e+02
20  5.913793e+03  4.234385e+02
21  3.976216e+03  3.200469e+02
22  2.744868e+03  2.304951e+02
23  1.910497e+03  1.728493e+02
24  1.317362e+03  1.494093e+02
25  9.186376e+02  1.367236e+02
26  6.442369e+02  1.057348e+02
27  4.680733e+02  7.476313e+01
28  3.452491e+02  4.768572e+01
29  2.562552e+02  2.813543e+01
30  1.900017e+02  1.684954e+01
31  1.479428e+02  9.339820e+00
32  1.282074e+02  4.226359e+00
33  1.300556e+02  1.109832e+00
34  1.551091e+02  -2.469393e+00
35  2.018376e+02  -7.884471e+00
36  2.737587e+02  -1.251429e+01
37  3.904782e+02  -1.053456e+01
38  5.703755e+02  -9.628117e-01
39  8.264392e+02  2.226159e+01
40  1.234976e+03  6.991743e+01
41  1.873544e+03  1.322634e+02
42  2.732566e+03  1.448292e+02
43  3.973647e+03  1.483818e+02
44  5.730605e+03  2.077603e+02
45  8.419280e+03  2.620736e+02
46  1.226695e+04  2.779075e+02
47  1.801207e+04  5.951895e+02
48  2.636474e+04  1.262842e+03
49  3.843958e+04  2.120730e+03
50  5.559093e+04  3.165143e+03
51  7.990736e+04  4.399345e+03
52  1.176168e+05  5.990531e+03
53  1.716530e+05  7.057318e+03
54  2.496899e+05  7.244291e+03
55  3.631179e+05  9.094505e+03
56  5.271251e+05  1.193555e+04
57  7.487529e+05  1.266989e+04
58  1.080226e+06  1.258811e+04
59  1.581185e+06  1.998990e+04
60  2.291502e+06  2.823980e+04
61  3.278523e+06  2.422396e+04
62  4.670795e+06  9.828868e+03
63  6.845213e+06  -1.968026e+04
ENDPROP
STARTPROP
MASSES:  4.500000e-02   4.200000e-03
SOURCE: GAM_12
SINKS: GAM_12
0  8.324027e+05  6.441139e+03
1  -6.770372e+05  -9.670076e+03
2  -1.529104e+05  2.288923e+02
3  -5.885657e+04  -6.729434e+03
4  -2.461754e+04  -8.357379e+01
5  -9.158574e+03  3.037155e+03
6  -2.899335e+03  1.964947e+03
7  -3.279377e+02  1.926965e+03
8  5.311420e+02  2.666707e+03
9  9.953773e+02  1.741018e+03
10  2.921866e+02  4.970269e+02
11  6.811023e+02  -2.128029e+02
12  6.356260e+02  1.616685e+01
13  1.792222e+02  2.793106e+02
14  -1.959871e+01  2.284548e+01
15  -1.885984e+02  1.011213e+02
16  -2.050594e+02  7.016479e+01
17  -2.043090e+02  1.477326e+01
18  -1.329653e+02  -2.033306e+01
19  -6.104907e+01  -4.972492e+01
20  -2.520681e+01  -2.158608e+01
21  -2.101526e+01  3.289021e+00
22  -2.864231e+00  2.042558e+00
23  -2.644265e+00  -3.463136e+00
24  -4.514789e-02  -2.936860e+00
25  4.968250e+00  -5.543827e+00
26  1.799299e+00  -2.045169e+00
27  7.603241e-01  2.057378e-01
28  -4.110357e-01  2.753281e-01
29  -8.097862e-01  2.212330e+00
30  1.257320e-01  2.654582e+00
31  1.834807e-01  2.485974e+00
32  6.264200e-01  2.661867e+00
33  1.261462e+00  1.920846e+00
34  1.489884e+00  3.872337e-01
35  2.481267e+00  -9.631148e-01
36  3.134382e+00  -2.292611e+00
37  5.317243e+00  -3.227186e+00
38  7.138952e+00  -5.336470e+00
39  7.925828e+00  -9.650004e+00
40  6.027368e+00  -1.375693e+01
41  3.637289e+00  -1.105523e+01
42  7.908693e+00  4.248837e+00
43  2.997949e+00  1.373130e+01
44  1.069020e+00  2.346626e+01
45  -1.308463e+01  -4.405271e-01
46  -2.566782e+01  -2.887423e+01
47  -2.777785e+01  1.662252e+01
48  -4.662489e+01  8.664615e+01
49  -2.778216e+01  9.647876e+01
50  7.066137e+01  1.597230e+02
51  2.107059e+01  -1.224890e+02
52  1.229079e+02  -1.191600e+02
53  -5.380951e+00  -1.148987e+01
54  -8.798814e+02  -2.164283e+02
55  -1.460003e+03  -4.669016e+02
56  -2.963088e+03  -1.620839e+03
57  -5.705999e+03  -1.238401e+03
58  -1.104046e+04  8.747158e+02
59  -1.694562e+04  1.166246e+03
60  -3.453880e+04  1.302315e+03
61  -7.989595e+04  3.809900e+03
62  -1.814584e+05  7.493052e+03
63  -7.010843e+05  1.163110e+04
ENDPROP
STARTPROP
MASSES:  4.500000e-02   4.200000e-03
SOURCE: GAM_21
SINKS: GAM_21
0  8.324027e+05  6.441139e+03
1  -6.770372e+05  -9.670076e+03
2  -1.529104e+05  2.288923e+02
3  -5.885657e+04  -6.729434e+03
4  -2.461754e+04  -8.357379e+01
5  -9.158574e+03  3.037155e+03
6  -2.899335e+03  1.964947e+03
7  -3.279377e+02  1.926965e+03
8  5.311420e+02  2.666707e+03
9  9.953773e+02  1.741018e+03
10  2.921866e+02  4.970269e+02
11  6.811023e+02  -2.128029e+02
12  6.356260e+02  1.616685e+01
13  1.792222e+02  2.793106e+02
14  -1.959871e+01  2.284548e+01
15  -1.885984e+02  1.011213e+02
16  -2.050594e+02  7.016479e+01
17  -2.043090e+02  1.477326e+01
18  -1.329653e+02  -2.033306e+01
19  -6.104907e+01  -4.972492e+01
20  -2.520681e+01  -2.158608e+01
21  -2.101526e+01  3.289021e+00
22  -2.864231e+00  2.042558e+00
23  -2.644265e+00  -3.463136e+00
24  -4.514789e-02  -2.936860e+00
25  4.968250e+00  -5.543827e+00
26  1.799299e+00  -2.045169e+00
27  7.603241e-01  2.057378e-01
28  -4.110357e-01  2.753281e-01
29  -8.097862e-01  2.212330e+00
30  1.257320e-01  2.654582e+00
31  1.834807e-01  2.485974e+00
32  6.264200e-01  2.661867e+00
33  1.261462e+00  1.920846e+00
34  1.489884e+00  3.872337e-01
35  2.481267e+00  -9.631148e-01
36  3.134382e+00  -2.292611e+00
37  5.317243e+00  -3.227186e+00
38  7.138952e+00  -5.336470e+00
39  7.925828e+00  -9.650004e+00
40  6.027368e+00  -1.375693e+01
41  3.637289e+00  -1.105523e+01
42  7.908693e+00  4.248837e+00
43  2.997949e+00  1.373130e+01
44  1.069020e+00  2.346626e+01
45  -1.308463e+01  -4.405271e-01
46  -2.566782e+01  -2.887423e+01
47  -2.777785e+01  1.662252e+01
48  -4.662489e+01  8.664615e+01
49  -2.778216e+01  9.647876e+01
50  7.066137e+01  1.597230e+02
51  2.107059e+01  -1.224890e+02
52  1.229079e+02  -1.191600e+02
53  -5.380951e+00  -1.148987e+01
54  -8.798814e+02  -2.164283e+02
55  -1.460003e+03  -4.669016e+02
56  -2.963088e+03  -1.620839e+03
57  -5.705999e+03  -1.238401e+03
58  -1.104046e+04  8.747158e+02
59  -1.694562e+04  1.166246e+03
60  -3.453880e+04  1.302315e+03
61  -7.989595e+04  3.809900e+03
62  -1.814584e+05  7.493052e+03
63  -7.010843e+05  1.163110e+04
ENDPROP
STARTPROP
MASSES:  4.500000e-02   4.200000e-03
SOURCE: GAM_13
SINKS: GAM_13
0  7.851489e+05  4.848206e+03
1  -7.061033e+05  -1.819700e+04
2  -1.592407e+05  -1.289798e+04
3  -5.586999e+04  -1.101224e+04
4  -1.839025e+04  -8.999737e+03
5  -7.339084e+03  -7.818108e+03
6  -3.847632e+03  -3.578938e+03
7  -3.428710e+03  -1.919810e+03
8  -2.609946e+03  -1.730429e+02
9  -1.934068e+03  4.126393e+01
10  -1.925680e+03  1.348516e+02
11  -1.460737e+03  -5.095287e+02
12  -3.259468e+02  -6.436994e+02
13  -2.435436e+01  -5.267820e+02
14  3.455241e+01  -4.241627e+02
15  1.363391e+02  -3.569425e+02
16  2.758576e+01  -2.496578e+02
17  -8.235686e+01  -1.024538e+02
18  -4.050612e+01  -4.769654e+01
19  -7.671589e+00  -3.769866e+01
20  5.004216e+00  -9.639279e+00
21  2.434671e+01  1.910134e+01
22  1.744082e+01  1.852650e+01
23  2.147022e+00  5.976413e+00
24  -4.834207e-01  3.665508e+00
25  6.453088e-01  2.321907e+00
26  5.681793e+00  3.220025e+00
27  4.077459e+00  1.428884e+00
28  1.972325e+00  7.141208e-01
29  -2.386442e-01  1.011696e+00
30  -1.796987e+00  7.843032e-01
31  -1.637016e+00  9.491777e-01
32  -1.514604e+00  1.402561e-01
33  -1.473692e+00  1.132875e-01
34  -3.047066e-01  -3.194468e-01
35  1.578843e+00  -5.789583e-01
36  3.341869e+00  -8.408466e-01
37  3.308808e+00  -2.884928e-01
38  4.153047e+00  1.286629e+00
39  2.526064e+00  -2.168958e+00
40  -4.856184e-01  -6.807966e+00
41  -2.147782e+00  -9.099321e+00
42  2.692605e+00  -2.078260e+01
43  7.952711e+00  -3.580349e+01
44  4.309066e+00  -2.507747e+01
45  2.810801e+00  3.287465e+00
46  2.600438e+01  2.139035e+01
47  7.593661e+01  1.088551e+02
48  8.174427e+01  5.590671e+01
49  1.601120e+02  -2.429178e+01
50  2.927320e+02  -2.331426e+02
51  3.009705e+02  -5.599159e+02
52  4.592123e+02  -6.034187e+02
53  7.977203e+02  -3.211169e+02
54  8.374670e+02  1.631821e+02
55  1.325564e+02  8.074794e+02
56  -9.344252e+02  1.786460e+03
57  -5.210837e+03  2.746097e+03
58  -1.323247e+04  2.779670e+03
59  -2.286126e+04  2.844868e+03
60  -4.823587e+04  1.673152e+03
61  -8.648417e+04  6.001810e+03
62  -1.836061e+05  1.079971e+04
63  -7.236600e+05  7.366039e+03
ENDPROP
STARTPROP
MASSES:  4.500000e-02   4.200000e-03
SOURCE: GAM_31
SINKS: GAM_31
0  7.851489e+05  4.848206e+03
1  -7.061033e+05  -1.819700e+04
2  -1.592407e+05  -1.289798e+04
3  -5.586999e+04  -1.101224e+04
4  -1.839025e+04  -8.999737e+03
5  -7.339084e+03  -7.818108e+03
6  -3.847632e+03  -3.578938e+03
7  -3.428710e+03  -1.919810e+03
8  -2.609946e+03  -1.730429e+02
9  -1.934068e+03  4.126393e+01
10  -1.925680e+03  1.348516e+02
11  -1.460737e+03  -5.095287e+02
12  -3.259468e+02  -6.436994e+02
13  -2.435436e+01  -5.267820e+02
14  3.455241e+01  -4.241627e+02
15  1.363391e+02  -3.569425e+02
16  2.758576e+01  -2.496578e+02
17  -8.235686e+01  -1.024538e+02
18  -4.050612e+01  -4.769654e+01
19  -7.671589e+00  -3.769866e+01
20  5.004216e+00  -9.639279e+00
21  2.434671e+01  1.910134e+01
22  1.744082e+01  1.852650e+01
23  2.147022e+00  5.976413e+00
24  -4.834207e-01  3.665508e+00
25  6.453088e-01  2.321907e+00
26  5.681793e+00  3.220025e+00
27  4.077459e+00  1.428884e+00
28  1.972325e+00  7.141208e-01
29  -2.386442e-01  1.011696e+00
30  -1.796987e+00  7.843032e-01
31  -1.637016e+00  9.491777e-01
32  -1.514604e+00  1.402561e-01
33  -1.473692e+00  1.132875e-01
34  -3.047066e-01  -3.194468e-01
35  1.578843e+00  -5.789583e-01
36  3.341869e+00  -8.408466e-01
37  3.308808e+00  -2.884928e-01
38  4.153047e+00  1.286629e+00
39  2.526064e+00  -2.168958e+00
40  -4.856184e-01  -6.807966e+00
41  -2.147782e+00  -9.099321e+00
42  2.692605e+00  -2.078260e+01
43  7.952711e+00  -3.580349e+01
44  4.309066e+00  -2.507747e+01
45  2.810801e+00  3.287465e+00
46  2.600438e+01  2.139035e+01
47  7.593661e+01  1.088551e+02
48  8.174427e+01  5.590671e+01
49  1.601120e+02  -2.429178e+01
50  2.927320e+02  -2.331426e+02
51  3.009705e+02  -5.599159e+02
52  4.592123e+02  -6.034187e+02
53  7.977203e+02  -3.211169e+02
54  8.374670e+02  1.631821e+02
55  1.325564e+02  8.074794e+02
56  -9.344252e+02  1.786460e+03
57  -5.210837e+03  2.746097e+03
58  -1.323247e+04  2.779670e+03
59  -2.286126e+04  2.844868e+03
60  -4.823587e+04  1.673152e+03
61  -8.648417e+04  6.001810e+03
62  -1.836061e+05  1.079971e+04
63  -7.236600e+05  7.366039e+03
ENDPROP
STARTPROP
MASSES:  4.500000e-02   4.200000e-03
SOURCE: GAM_14
SINKS: GAM_14
0  3.184458e+04  -6.204298e+03
1  1.330728e+06  -1.110508e+03
2  5.421428e+05  -1.962443e+03
3  2.857878e+05  -2.744273e+03
4  1.520200e+05  -2.105004e+03
5  7.661093e+04  -2.871225e+03
6  3.754073e+04  -3.883491e+03
7  1.824779e+04  -2.819921e+03
8  7.610985e+03  -1.954640e+03
9  1.920055e+03  -1.826932e+03
10  4.070388e+02  -1.045706e+03
11  -1.812796e+02  -2.479891e+01
12  -6.418789e+02  3.087690e+02
13  -1.224716e+02  3.756557e+02
14  -2.211942e+02  3.194397e+02
15  -2.575990e+02  2.283603e+02
16  -1.406527e+02  3.093450e+02
17  -8.670379e+01  2.557893e+02
18  -3.059026e+01  1.974165e+02
19  -4.903870e+01  6.784403e+01
20  -5.242816e+01  1.708047e+01
21  -2.271280e+01  8.707106e+00
22  -6.166911e+00  9.963513e-01
23  1.624109e+00  -1.278537e+00
24  9.830597e-01  -3.059637e+00
25  -3.959927e+00  -3.105394e+00
26  -7.664994e+00  -4.013973e+00
27  -5.188069e+00  -3.226624e+00
28  -5.596076e+00  -1.706157e+00
29  -3.656252e+00  3.616634e-01
30  -1.825837e+00  1.390822e+00
31  -1.077497e+00  1.502992e+00
32  -1.279847e+00  1.846013e+00
33  -1.671685e+00  1.917399e+00
34  -2.442523e+00  2.518590e+00
35  -2.613369e+00  3.249750e+00
36  -3.406691e+00  2.410622e+00
37  -4.044339e+00  1.571954e+00
38  -5.433447e+00  9.507875e-01
39  -7.472271e+00  7.242865e-01
40  -8.550800e+00  8.063295e+00
41  -5.282864e+00  1.616700e+01
42  4.953481e+00  1.251007e+01
43  1.925599e+01  5.361138e+00
44  8.098692e-01  1.103856e+01
45  1.894148e+01  2.630868e+01
46  -2.543754e+01  1.204065e+01
47  5.350212e+00  3.687447e+01
48  1.800218e+01  3.709768e+01
49  1.151916e+02  4.177810e+01
50  -1.689462e-01  -3.627703e+01
51  -1.434883e+01  -1.750253e+02
52  -3.756975e+02  -1.608085e+01
53  -3.346742e+02  4.990937e+02
54  6.408103e+02  8.158499e+02
55  2.869663e+03  8.669168e+02
56  6.842842e+03  7.412427e+02
57  1.415343e+04  -3.172365e+02
58  2.961984e+04  -9.815514e+02
59  6.587957e+04  8.936582e+01
60  1.326855e+05  3.609228e+01
61  2.679606e+05  2.159963e-02
62  5.471353e+05  3.584198e+03
63  1.333577e+06  2.076104e+02
ENDPROP
STARTPROP
MASSES:  4.500000e-02   4.200000e-03
SOURCE: GAM_41
SINKS: GAM_41
0  3.184458e+04  -6.204298e+03
1  1.330728e+06  -1.110508e+03
2  5.421428e+05  -1.962443e+03
3  2.857878e+05  -2.744273e+03
4  1.520200e+05  -2.105004e+03
5  7.661093e+04  -2.871225e+03
6  3.754073e+04  -3.883491e+03
7  1.824779e+04  -2.819921e+03
8  7.610985e+03  -1.954640e+03
9  1.920055e+03  -1.826932e+03
10  4.070388e+02  -1.045706e+03
11  -1.812796e+02  -2.479891e+01
12  -6.418789e+02  3.087690e+02
13  -1.224716e+02  3.756557e+02
14  -2.211942e+02  3.194397e+02
15  -2.575990e+02  2.283603e+02
16  -1.406527e+02  3.093450e+02
17  -8.670379e+01  2.557893e+02
18  -3.059026e+01  1.974165e+02
19  -4.903870e+01  6.784403e+01
20  -5.242816e+01  1.708047e+01
21  -2.271280e+01  8.707106e+00
22  -6.166911e+00  9.963513e-01
23  1.624109e+00  -1.278537e+00
24  9.830597e-01  -3.059637e+00
25  -3.959927e+00  -3.105394e+00
26  -7.664994e+00  -4.013973e+00
27  -5.188069e+00  -3.226624e+00
28  -5.596076e+00  -1.706157e+00
29  -3.656252e+00  3.616634e-01
30  -1.825837e+00  1.390822e+00
31  -1.077497e+00  1.502992e+00
32  -1.279847e+00  1.846013e+00
33  -1.671685e+00  1.917399e+00
34  -2.442523e+00  2.518590e+00
35  -2.613369e+00  3.249750e+00
36  -3.406691e+00  2.410622e+00
37  -4.044339e+00  1.571954e+00
38  -5.433447e+00  9.507875e-01
39  -7.472271e+00  7.242865e-01
40  -8.550800e+00  8.063295e+00
41  -5.282864e+00  1.616700e+01
42  4.953481e+00  1.251007e+01
43  1.925599e+01  5.361138e+00
44  8.098692e-01  1.103856e+01
45  1.894148e+01  2.630868e+01
46  -2.543754e+01  1.204065e+01
47  5.350212e+00  3.687447e+01
48  1.800218e+01  3.709768e+01
49  1.151916e+02  4.177810e+01
50  -1.689462e-01  -3.627703e+01
51  -1.434883e+01  -1.750253e+02
52  -3.756975e+02  -1.608085e+01
53  -3.346742e+02  4.990937e+02
54  6.408103e+02  8.158499e+02
55  2.869663e+03  8.669168e+02
56  6.842842e+03  7.412427e+02
57  1.415343e+04  -3.172365e+02
58  2.961984e+04  -9.815514e+02
59  6.587957e+04  8.936582e+01
60  1.326855e+05  3.609228e+01
61  2.679606e+05  2.159963e-02
62  5.471353e+05  3.584198e+03
63  1.333577e+06  2.076104e+02
ENDPROP
STARTPROP
MASSES:  4.500000e-02   4.200000e-03
SOURCE: GAM_23
SINKS: GAM_23
0  7.931782e+05  -1.480354e+04
1  -6.989627e+05  -2.010695e+04
2  -1.654752e+05  -6.154942e+03
3  -7.404911e+04  1.936215e+03
4  -3.593478e+04  1.926947e+03
5  -1.570538e+04  -1.031461e+03
6  -4.258959e+03  -2.981868e+03
7  -1.852157e+03  -2.431188e+03
8  6.263210e+02  4.677197e+01
9  1.690018e+03  2.129927e+02
10  1.089282e+03  2.436111e+01
11  2.887156e+02  3.536686e+01
12  -1.489564e+02  2.150076e+02
13  -4.987087e+02  2.140683e+02
14  -3.607461e+02  -1.971034e+02
15  -2.160629e+02  -2.253184e+02
16  -2.231308e+02  -1.430011e+02
17  -1.111712e+02  -1.024043e+02
18  -1.135340e+01  4.428114e+00
19  -2.514778e+00  5.022163e+01
20  -1.727684e+01  4.791970e+01
21  -1.684243e+01  1.602163e+01
22  -1.491814e+01  1.480459e+00
23  -9.682867e+00  6.436992e+00
24  -7.630615e-01  7.679925e+00
25  -3.079263e+00  3.122585e+00
26  -2.428256e+00  1.343392e+00
27  -1.767369e+00  2.258503e-02
28  -3.558246e-02  -4.063729e-01
29  -1.366285e+00  1.580658e+00
30  -2.106721e+00  3.905603e+00
31  -2.083482e+00  4.570396e+00
32  -2.374028e+00  3.927866e+00
33  -1.275680e+00  2.422509e+00
34  -9.271421e-01  -2.509562e-01
35  9.857613e-03  -1.736667e+00
36  4.755697e-01  -2.268180e+00
37  9.152129e-01  -4.119131e+00
38  4.669357e+00  -5.727351e+00
39  8.514823e+00  -8.091028e+00
40  7.337801e+00  -4.238658e+00
41  5.588680e+00  6.931200e+00
42  -3.342967e+00  1.161997e+01
43  1.647257e+01  2.028797e+01
44  1.839525e+01  4.409264e+01
45  5.829634e+01  1.339816e+01
46  7.679482e+01  -3.516206e+01
47  8.360199e+01  -4.745636e+01
48  6.549935e+01  -1.091851e+02
49  -1.188569e+02  -2.146278e+02
50  -2.105841e+02  -1.613106e+02
51  -2.266764e+02  -3.241201e+02
52  1.757529e+02  -2.940845e+02
53  8.763396e+01  -4.247219e+02
54  -3.530136e+02  -5.538480e+02
55  -1.409131e+03  1.049589e+02
56  -3.547893e+03  8.045856e+02
57  -6.361154e+03  8.842497e+02
58  -1.188891e+04  8.366921e+02
59  -1.927695e+04  -1.742895e+03
60  -4.079703e+04  -4.081516e+03
61  -8.605105e+04  -8.993372e+03
62  -2.019826e+05  -1.460191e+04
63  -7.394789e+05  -8.665220e+03
ENDPROP
STARTPROP
MASSES:  4.500000e-02   4.200000e-03
SOURCE: GAM_32
SINKS: GAM_32
0  7.931782e+05  -1.480354e+04
1  -6.989627e+05  -2.010695e+04
2  -1.654752e+05  -6.154942e+03
3  -7.404911e+04  1.936215e+03
4  -3.593478e+04  1.926947e+03
5  -1.570538e+04  -1.031461e+03
6  -4.258959e+03  -2.981868e+03
7  -1.852157e+03  -2.431188e+03
8  6.263210e+02  4.677197e+01
9  1.690018e+03  2.129927e+02
10  1.089282e+03  2.436111e+01
11  2.887156e+02  3.536686e+01
12  -1.489564e+02  2.150076e+02
13  -4.987087e+02  2.140683e+02
14  -3.607461e+02  -1.971034e+02
15  -2.160629e+02  -2.253184e+02
16  -2.231308e+02  -1.430011e+02
17  -1.111712e+02  -1.024043e+02
18  -1.135340e+01  4.428114e+00
19  -2.514778e+00  5.022163e+01
20  -1.727684e+01  4.791970e+01
21  -1.684243e+01  1.602163e+01
22  -1.491814e+01  1.480459e+00
23  -9.682867e+00  6.436992e+00
24  -7.630615e-01  7.679925e+00
25  -3.079263e+00  3.122585e+00
26  -2.428256e+00  1.343392e+00
27  -1.767369e+00  2.258503e-02
28  -3.558246e-02  -4.063729e-01
29  -1.366285e+00  1.580658e+00
30  -2.106721e+00  3.905603e+00
31  -2.083482e+00  4.570396e+00
32  -2.374028e+00  3.927866e+00
33  -1.275680e+00  2.422509e+00
34  -9.271421e-01  -2.509562e-01
35  9.857613e-03  -1.736667e+00
36  4.755697e-01  -2.268180e+00
37  9.152129e-01  -4.119131e+00
38  4.669357e+00  -5.727351e+00
39  8.514823e+00  -8.091028e+00
40  7.337801e+00  -4.238658e+00
41  5.588680e+00  6.931200e+00
42  -3.342967e+00  1.161997e+01
43  1.647257e+01  2.028797e+01
44  1.839525e+01  4.409264e+01
45  5.829634e+01  1.339816e+01
46  7.679482e+01  -3.516206e+01
47  8.360199e+01  -4.745636e+01
48  6.549935e+01  -1.091851e+02
49  -1.188569e+02  -2.146278e+02
50  -2.105841e+02  -1.613106e+02
51  -2.266764e+02  -3.241201e+02
52  1.757529e+02  -2.940845e+02
53  8.763396e+01  -4.247219e+02
54  -3.530136e+02  -5.538480e+02
55  -1.409131e+03  1.049589e+02
56  -3.547893e+03  8.045856e+02
57  -6.361154e+03  8.842497e+02
58  -1.188891e+04  8.366921e+02
59  -1.927695e+04  -1.742895e+03
60  -4.079703e+04  -4.081516e+03
61  -8.605105e+04  -8.993372e+03
62  -2.019826e+05  -1.460191e+04
63  -7.394789e+05  -8.665220e+03
ENDPROP
STARTPROP
MASSES:  4.500000e-02   4.200000e-03
SOURCE: GAM_24
SINKS: GAM_24
0  2.605335e+04  -3.670129e+03
1  1.311292e+06  -8.165854e+03
2  5.346923e+05  -1.138298e+04
3  2.924224e+05  -8.681888e+03
4  1.558896e+05  -8.399603e+03
5  8.009140e+04  -4.400489e+03
6  4.686836e+04  -1.798971e+03
7  2.518337e+04  1.033908e+03
8  1.199372e+04  1.285801e+03
9  5.928926e+03  1.520736e+03
10  2.648288e+03  1.695299e+03
11  1.445900e+03  1.184721e+03
12  8.625399e+02  6.559068e+02
13  4.853703e+02  6.241637e+02
14  2.585917e+02  4.974183e+02
15  2.244121e+02  4.178290e+02
16  1.073472e+02  1.770511e+02
17  1.251962e+02  4.252829e+01
18  1.325813e+02  1.999484e+01
19  8.018505e+01  2.330765e+01
20  5.901887e+01  1.045119e+01
21  5.154230e+01  1.864542e+01
22  2.690385e+01  1.162900e+01
23  2.430164e+01  -2.410385e+00
24  2.259582e+01  -6.204208e-01
25  1.677678e+01  -2.435729e+00
26  8.419171e+00  -1.641052e+00
27  6.271150e+00  6.670973e-01
28  6.616504e+00  -1.112935e-01
29  4.307740e+00  -1.562822e-01
30  2.514693e+00  1.449122e+00
31  5.388598e-01  1.415660e+00
32  -4.277421e-01  6.502378e-01
33  6.585486e-01  1.880946e-02
34  1.476346e+00  -1.435109e-01
35  1.086110e+00  -6.532621e-01
36  7.336575e-01  1.488775e+00
37  2.110083e-01  2.690994e+00
38  6.228587e-01  7.443630e+00
39  3.019513e+00  7.445562e+00
40  -7.511916e+00  1.912556e+00
41  -1.632609e+01  3.996117e+00
42  -1.601068e+01  1.939768e+00
43  6.158894e+00  1.321554e+01
44  1.751642e+01  3.829862e+01
45  8.743093e+01  5.584477e+01
46  1.706517e+02  6.550687e+01
47  3.296004e+02  -1.411347e+01
48  5.115316e+02  -1.718934e+02
49  8.041479e+02  -2.515178e+02
50  1.061262e+03  -1.813937e+02
51  1.562502e+03  -8.446134e+01
52  2.027131e+03  1.505058e+02
53  4.090043e+03  -1.050446e+02
54  5.954873e+03  -1.826210e+02
55  8.903099e+03  -1.295500e+02
56  1.572734e+04  2.684673e+02
57  2.442191e+04  4.013157e+02
58  4.233605e+04  -2.086981e+03
59  7.304514e+04  -3.182964e+03
60  1.484717e+05  -5.256957e+03
61  2.827222e+05  -3.860641e+03
62  5.515791e+05  1.530375e+03
63  1.335184e+06  -1.647584e+03
ENDPROP
STARTPROP
MASSES:  4.500000e-02   4.200000e-03
SOURCE: GAM_42
SINKS: GAM_42
0  2.605335e+04  -3.670129e+03
1  1.311292e+06  -8.165854e+03
2  5.346923e+05  -1.138298e+04
3  2.924224e+05  -8.681888e+03
4  1.558896e+05  -8.399603e+03
5  8.009140e+04  -4.400489e+03
6  4.686836e+04  -1.798971e+03
7  2.518337e+04  1.033908e+03
8  1.199372e+04  1.285801e+03
9  5.928926e+03  1.520736e+03
10  2.648288e+03  1.695299e+03
11  1.445900e+03  1.184721e+03
12  8.625399e+02  6.559068e+02
13  4.853703e+02  6.241637e+02
14  2.585917e+02  4.974183e+02
15  2.244121e+02  4.178290e+02
16  1.073472e+02  1.770511e+02
17  1.251962e+02  4.252829e+01
18  1.325813e+02  1.999484e+01
19  8.018505e+01  2.330765e+01
20  5.901887e+01  1.045119e+01
21  5.154230e+01  1.864542e+01
22  2.690385e+01  1.162900e+01
23  2.430164e+01  -2.410385e+00
24  2.259582e+01  -6.204208e-01
25  1.677678e+01  -2.435729e+00
26  8.419171e+00  -1.641052e+00
27  6.271150e+00  6.670973e-01
28  6.616504e+00  -1.112935e-01
29  4.307740e+00  -1.562822e-01
30  2.514693e+00  1.449122e+00
31  5.388598e-01  1.415660e+00
32  -4.277421e-01  6.502378e-01
33  6.585486e-01  1.880946e-02
34  1.476346e+00  -1.435109e-01
35  1.086110e+00  -6.532621e-01
36  7.336575e-01  1.488775e+00
37  2.110083e-01  2.690994e+00
38  6.228587e-01  7.443630e+00
39  3.019513e+00  7.445562e+00
40  -7.511916e+00  1.912556e+00
41  -1.632609e+01  3.996117e+00
42  -1.601068e+01  1.939768e+00
43  6.158894e+00  1.321554e+01
44  1.751642e+01  3.829862e+01
45  8.743093e+01  5.584477e+01
46  1.706517e+02  6.550687e+01
47  3.296004e+02  -1.411347e+01
48  5.115316e+02  -1.718934e+02
49  8.041479e+02  -2.515178e+02
50  1.061262e+03  -1.813937e+02
51  1.562502e+03  -8.446134e+01
52  2.027131e+03  1.505058e+02
53  4.090043e+03  -1.050446e+02
54  5.954873e+03  -1.826210e+02
55  8.903099e+03  -1.295500e+02
56  1.572734e+04  2.684673e+02
57  2.442191e+04  4.013157e+02
58  4.233605e+04  -2.086981e+03
59  7.304514e+04  -3.182964e+03
60  1.484717e+05  -5.256957e+03
61  2.827222e+05  -3.860641e+03
62  5.515791e+05  1.530375e+03
63  1.335184e+06  -1.647584e+03
ENDPROP
STARTPROP
MASSES:  4.500000e-02   4.200000e-03
SOURCE: GAM_34
SINKS: GAM_34
0  2.869921e+04  1.422380e+04
1  1.333868e+06  1.934655e+04
2  5.528028e+05  8.924610e+03
3  3.005389e+05  1.113207e+04
4  1.658030e+05  6.907600e+03
5  8.944379e+04  1.090339e+03
6  5.112612e+04  1.379589e+03
7  2.656957e+04  2.098115e+03
8  1.277621e+04  1.617574e+03
9  6.086683e+03  1.085388e+03
10  3.521224e+03  7.355626e+02
11  1.913560e+03  2.164544e+01
12  9.541158e+02  -8.896242e+01
13  2.014885e+02  -9.177662e+01
14  -4.305810e+01  -5.286468e+01
15  -5.272264e+01  9.148562e+01
16  1.158973e+01  1.747696e+02
17  3.729873e+00  8.769610e+01
18  -9.147955e+00  9.492300e+01
19  -5.464093e+00  3.188113e+01
20  -3.218387e+01  1.674606e+01
21  -3.643680e+01  3.058585e+01
22  -1.791911e+01  1.636466e+01
23  -1.968816e+01  6.107097e+00
24  -2.208433e+01  1.597513e+00
25  -1.343038e+01  1.605458e+00
26  -6.266837e+00  -8.191367e-01
27  -4.359996e+00  3.110192e+00
28  -8.809891e-01  3.342837e+00
29  7.922386e-01  1.882498e+00
30  3.269046e-01  6.917421e-01
31  1.121018e-01  4.144388e-01
32  3.856133e-01  6.540843e-01
33  3.495941e-01  1.121783e+00
34  4.647846e-02  2.283727e+00
35  -5.055737e-01  2.915532e+00
36  -2.478914e+00  3.552703e+00
37  -1.585644e+00  3.175807e+00
38  6.625028e-01  -3.235379e-01
39  -8.752169e-01  -3.609746e+00
40  -4.649867e-01  1.104842e+00
41  -2.055162e+00  -1.280948e+01
42  3.685565e+00  -2.808441e+01
43  1.094467e+01  -3.827110e+01
44  2.134441e+00  -3.762012e+01
45  2.296234e+00  -3.541068e+01
46  1.252376e+01  -5.951138e+01
47  -9.394233e+01  -1.904692e+01
48  -2.082601e+02  -8.794706e+00
49  -4.300380e+02  -4.190618e+01
50  -4.799252e+02  1.017748e+02
51  -3.744952e+02  7.917375e+01
52  -1.571333e+02  2.554189e+02
53  3.880180e+02  -2.999002e+01
54  1.871805e+03  -4.325196e+02
55  5.387928e+03  -4.014138e+02
56  1.244558e+04  -5.960334e+02
57  2.376296e+04  -3.324920e+02
58  4.170458e+04  -3.168375e+03
59  7.939321e+04  -4.016732e+02
60  1.510339e+05  2.573323e+03
61  2.958370e+05  5.464842e+03
62  5.669629e+05  7.623374e+03
63  1.341672e+06  1.726833e+04
ENDPROP
STARTPROP
MASSES:  4.500000e-02   4.200000e-03
SOURCE: GAM_43
SINKS: GAM_43
0  2.869921e+04  1.422380e+04
1  1.333868e+06  1.934655e+04
2  5.528028e+05  8.924610e+03
3  3.005389e+05  1.113207e+04
4  1.658030e+05  6.907600e+03
5  8.944379e+04  1.090339e+03
6  5.112612e+04  1.379589e+03
7  2.656957e+04  2.098115e+03
8  1.277621e+04  1.617574e+03
9  6.086683e+03  1.085388e+03
10  3.521224e+03  7.355626e+02
11  1.913560e+03  2.164544e+01
12  9.541158e+02  -8.896242e+01
13  2.014885e+02  -9.177662e+01
14  -4.305810e+01  -5.286468e+01
15  -5.272264e+01  9.148562e+01
16  1.158973e+01  1.747696e+02
17  3.729873e+00  8.769610e+01
18  -9.147955e+00  9.492300e+01
19  -5.464093e+00  3.188113e+01
20  -3.218387e+01  1.674606e+01
21  -3.643680e+01  3.058585e+01
22  -1.791911e+01  1.636466e+01
23  -1.968816e+01  6.107097e+00
24  -2.208433e+01  1.597513e+00
25  -1.343038e+01  1.605458e+00
26  -6.266837e+00  -8.191367e-01
27  -4.359996e+00  3.110192e+00
28  -8.809891e-01  3.342837e+00
29  7.922386e-01  1.882498e+00
30  3.269046e-01  6.917421e-01
31  1.121018e-01  4.144388e-01
32  3.856133e-01  6.540843e-01
33  3.495941e-01  1.121783e+00
34  4.647846e-02  2.283727e+00
35  -5.055737e-01  2.915532e+00
36  -2.478914e+00  3.552703e+00
37  -1.585644e+00  3.175807e+00
38  6.625028e-01  -3.235379e-01
39  -8.752169e-01  -3.609746e+00
40  -4.649867e-01  1.104842e+00
41  -2.055162e+00  -1.280948e+01
42  3.685565e+00  -2.808441e+01
43  1.094467e+01  -3.827110e+01
44  2.134441e+00  -3.762012e+01
45  2.296234e+00  -3.541068e+01
46  1.252376e+01  -5.951138e+01
47  -9.394233e+01  -1.904692e+01
48  -2.082601e+02  -8.794706e+00
49  -4.300380e+02  -4.190618e+01
50  -4.799252e+02  1.017748e+02
51  -3.744952e+02  7.917375e+01
52  -1.571333e+02  2.554189e+02
53  3.880180e+02  -2.999002e+01
54  1.871805e+03  -4.325196e+02
55  5.387928e+03  -4.014138e+02
56  1.244558e+04  -5.960334e+02
57  2.376296e+04  -3.324920e+02
58  4.170458e+04  -3.168375e+03
59  7.939321e+04  -4.016732e+02
60  1.510339e+05  2.573323e+03
61  2.958370e+05  5.464842e+03
62  5.669629e+05  7.623374e+03
63  1.341672e+06  1.726833e+04
ENDPROP
STARTPROP
MASSES:  4.500000e-02   4.200000e-03
SOURCE: GAM_15
SINKS: GAM_15
0  -2.331930e+04  1.912216e+04
1  -9.876359e+05  -1.154388e+04
2  -2.799485e+05  -1.242683e+04
3  -1.112672e+05  -9.744273e+03
4  -3.709259e+04  -1.017307e+03
5  -6.866941e+03  2.764158e+03
6  2.158943e+03  1.210697e+03
7  4.222529e+03  -1.096063e+03
8  1.836199e+03  -3.163679e+02
9  3.749002e+02  -4.835150e+02
10  -5.472695e+02  4.139309e+02
11  -1.493835e+03  9.512670e+02
12  -1.468853e+03  1.011803e+03
13  -1.217479e+03  8.971051e+02
14  -8.819464e+02  4.708761e+02
15  -6.622617e+02  6.492286e+01
16  -4.369076e+02  -4.051199e+00
17  -2.989876e+02  7.544090e+01
18  -1.654589e+02  1.372022e+02
19  -6.292531e+01  1.322236e+02
20  -1.843908e+01  9.696927e+01
21  -5.107582e+00  4.574310e+01
22  3.531324e+00  1.024758e+01
23  -1.561304e-01  -8.615497e+00
24  -1.080672e+01  -1.170659e+01
25  -7.548260e+00  -3.347834e+00
26  -1.898363e+00  4.201001e+00
27  3.196013e+00  2.299331e+00
28  4.254339e+00  -3.944497e-01
29  2.509840e+00  -4.330820e-01
30  -1.587098e-01  2.033770e+00
31  -1.308137e-01  2.894012e+00
32  -7.254744e-01  3.741672e+00
33  -1.176120e+00  3.765647e+00
34  -1.644661e+00  4.557593e+00
35  -1.411222e+00  6.410178e+00
36  -2.187123e+00  6.267216e+00
37  -1.303781e+00  3.016400e+00
38  -2.053659e+00  9.515891e-01
39  -9.291159e+00  -2.352892e+00
40  -1.471799e+01  -8.835788e+00
41  -2.043325e+01  -1.244174e+01
42  -2.074294e+01  -2.246887e+01
43  -3.547500e+00  -8.251769e+00
44  -3.821706e+00  4.245469e+01
45  -3.087825e+01  6.678053e+01
46  -8.226011e+01  5.207049e+01
47  -1.199162e+02  2.677806e+01
48  -1.197654e+02  3.452077e+01
49  -1.631244e+02  3.265215e+01
50  -4.217675e+02  1.658215e+01
51  -6.458450e+02  2.288185e+02
52  -1.137482e+03  3.173902e+02
53  -1.970664e+03  1.645416e+01
54  -2.864453e+03  -3.188321e+02
55  -3.535085e+03  -7.145316e+02
56  -4.742084e+03  -4.144915e+03
57  -8.944897e+03  -5.745211e+03
58  -1.612888e+04  -5.626554e+03
59  -2.842624e+04  -6.276204e+03
60  -5.067397e+04  -1.311799e+04
61  -1.178078e+05  -1.136659e+04
62  -2.967584e+05  3.129821e+03
63  -1.005137e+06  2.324485e+04
ENDPROP
STARTPROP
MASSES:  4.500000e-02   4.200000e-03
SOURCE: GAM_25
SINKS: GAM_25
0  -5.985053e+04  -1.414410e+04
1  -1.040316e+06  -7.625738e+03
2  -3.350135e+05  4.670838e+03
3  -1.472748e+05  3.583810e+03
4  -7.090507e+04  6.077803e+03
5  -3.003019e+04  5.353651e+03
6  -1.517688e+04  2.848680e+03
7  -7.235090e+03  1.578332e+03
8  -3.973647e+03  1.560610e+03
9  -7.787607e+02  1.179579e+03
10  -5.477415e+02  1.052931e+03
11  -8.705703e+02  3.891644e+02
12  -1.266729e+03  3.049430e+02
13  -1.364438e+03  3.012832e+02
14  -6.278516e+02  3.575450e+01
15  -2.712504e+02  -3.500911e+01
16  -6.124846e+01  -2.853662e+01
17  4.944464e+01  4.246088e+01
18  8.782618e+01  1.092367e+02
19  6.661296e+01  5.502877e+01
20  4.222788e+01  2.216982e+01
21  2.354864e+01  2.219214e+01
22  4.133831e+00  2.497244e+01
23  -6.394724e+00  1.274061e+01
24  1.158911e-01  2.404655e+00
25  9.886236e-01  -1.579107e+00
26  1.413078e+00  -3.067897e+00
27  2.091858e+00  -5.243453e+00
28  1.794063e+00  -3.241568e+00
29  -8.630007e-03  -2.883428e+00
30  -5.502404e-01  -1.702885e+00
31  -2.565838e-01  -1.392981e+00
32  -3.917026e-01  -2.188943e+00
33  -1.364948e+00  -2.548054e+00
34  -1.440843e+00  -2.093257e+00
35  -1.964291e+00  -1.481216e+00
36  -3.295641e+00  -1.063634e+00
37  -3.059791e+00  -4.411694e-01
38  4.515088e+00  -3.374653e+00
39  1.434353e+01  -9.746849e+00
40  2.396639e+01  -1.911978e+01
41  3.325610e+01  -2.351219e+01
42  2.846458e+01  -2.405974e+01
43  7.069230e+00  -2.092965e+01
44  -1.784082e+01  -4.563091e+01
45  -3.730454e+01  -5.210935e+01
46  -6.381071e+00  -4.632619e+01
47  5.740177e+01  3.044151e+00
48  2.827901e+02  1.916196e+01
49  3.457482e+02  -1.106240e+02
50  2.179253e+02  -8.321371e+01
51  9.641797e+01  -9.803048e+01
52  -3.509748e+02  -1.255431e+02
53  -1.381831e+03  -6.338647e+01
54  -3.555512e+03  -2.514860e+02
55  -6.605561e+03  -1.078471e+03
56  -9.477487e+03  -1.922524e+03
57  -1.197256e+04  -2.754872e+03
58  -1.316017e+04  -5.282140e+03
59  -2.379030e+04  -8.899809e+03
60  -5.216786e+04  -1.621701e+04
61  -1.349754e+05  -1.545365e+04
62  -3.390681e+05  -1.662536e+04
63  -1.039017e+06  -1.541782e+04
ENDPROP
STARTPROP
MASSES:  4.500000e-02   4.200000e-03
SOURCE: GAM_35
SINKS: GAM_35
0  -7.522592e+04  1.508200e+03
1  -1.024660e+06  -2.232294e+04
2  -2.984139e+05  -1.439204e+04
3  -1.136419e+05  -7.391510e+03
4  -4.656872e+04  -2.537265e+03
5  -2.062476e+04  1.146231e+03
6  -1.034687e+04  2.862378e+03
7  -7.817986e+03  2.565793e+03
8  -5.625546e+03  2.208132e+03
9  -3.615492e+03  5.537260e+02
10  -2.919402e+03  -5.105470e+02
11  -2.346340e+03  -3.590319e+02
12  -1.771830e+03  -1.957731e+02
13  -1.066769e+03  9.623400e+01
14  -7.163316e+02  2.326795e+02
15  -5.280463e+02  3.343376e+02
16  -3.805646e+02  2.535257e+02
17  -2.294710e+02  1.272821e+02
18  -1.627831e+02  9.214700e+01
19  -1.230405e+02  4.859713e+01
20  -9.274670e+01  2.784481e+01
21  -7.512639e+01  9.622021e+00
22  -5.638865e+01  8.367140e+00
23  -4.171497e+01  1.252999e+01
24  -2.735511e+01  6.694355e+00
25  -1.789498e+01  -1.308480e+00
26  -6.076799e+00  -5.142267e+00
27  -5.639782e-02  -1.175453e+00
28  -1.897743e+00  3.750780e+00
29  -2.732385e+00  3.683988e+00
30  -1.347727e+00  2.253127e+00
31  -9.884424e-01  2.744377e+00
32  -1.875019e+00  2.617297e+00
33  -2.646081e+00  1.709580e+00
34  -2.689027e+00  -1.958439e-01
35  -1.226235e+00  -1.801370e+00
36  8.973189e-01  -4.099622e+00
37  2.360496e+00  -6.841021e+00
38  4.388310e+00  -8.971451e+00
39  8.742468e+00  -1.370668e+01
40  1.098058e+01  -1.157252e+01
41  1.385638e+01  -1.028318e+01
42  1.357012e+01  -1.669613e+01
43  9.544264e+00  -3.642160e+01
44  2.290737e+01  -9.423329e+01
45  1.579493e+01  -1.308904e+02
46  -3.887976e+01  -8.733333e+01
47  -1.731026e+02  -4.401260e+01
48  -2.400718e+02  2.616693e+01
49  -1.680631e+02  1.178150e+02
50  -2.020647e+02  1.421807e+02
51  -7.478086e+01  7.520893e+01
52  -2.631456e+02  -1.154591e+01
53  1.295317e+02  2.107882e+02
54  1.981953e+02  -3.543628e+02
55  8.086475e+02  -1.374639e+03
56  9.021240e+02  -2.803501e+03
57  -2.885408e+03  -2.660683e+03
58  -1.161520e+04  -2.559142e+03
59  -2.580791e+04  -2.732009e+03
60  -5.787397e+04  1.484463e+03
61  -1.373535e+05  2.001736e+04
62  -3.279442e+05  2.707975e+04
63  -1.045027e+06  2.415629e+04
ENDPROP
STARTPROP
MASSES:  4.500000e-02   4.200000e-03
SOURCE: GAM_45
SINKS: GAM_45
0  -1.311725e+06  1.854619e+04
1  9.429378e+05  2.816115e+04
2  4.755725e+05  2.198124e+04
3  3.456098e+05  1.659169e+04
4  2.451113e+05  1.176856e+04
5  1.735734e+05  6.019682e+03
6  1.215093e+05  4.392197e+03
7  8.372727e+04  4.228873e+03
8  5.646837e+04  2.509509e+03
9  3.984959e+04  1.765083e+03
10  2.709044e+04  1.331450e+03
11  1.819199e+04  6.338176e+02
12  1.272594e+04  9.046343e+02
13  8.883219e+03  7.423107e+02
14  6.095002e+03  6.026205e+02
15  4.222195e+03  3.900051e+02
16  2.960619e+03  2.611021e+02
17  1.990737e+03  2.153780e+02
18  1.272610e+03  1.516407e+02
19  8.593826e+02  1.003598e+02
20  5.812933e+02  7.312378e+01
21  4.004439e+02  4.662403e+01
22  2.729659e+02  4.033694e+01
23  1.837203e+02  2.899063e+01
24  1.300876e+02  2.642024e+01
25  8.622499e+01  1.970711e+01
26  5.919359e+01  1.332777e+01
27  4.301107e+01  7.605517e+00
28  2.975318e+01  5.084588e+00
29  2.146888e+01  2.384582e+00
30  1.600160e+01  1.370095e+00
31  1.303163e+01  4.016964e-01
32  1.168743e+01  3.827165e-01
33  1.252160e+01  -1.251926e-01
34  1.468179e+01  -7.075140e-01
35  1.806618e+01  -1.840369e+00
36  2.296939e+01  -3.404812e+00
37  3.312282e+01  -5.385056e+00
38  4.686398e+01  -9.622351e+00
39  6.648614e+01  -8.430896e+00
40  9.745748e+01  -1.077154e+01
41  1.476185e+02  -1.211752e+01
42  2.198911e+02  -1.884315e+00
43  3.236997e+02  -2.312113e+00
44  4.828676e+02  -1.073740e+01
45  7.270095e+02  -2.501490e+00
46  1.024759e+03  -1.831536e+01
47  1.518397e+03  1.125324e+01
48  2.222571e+03  6.367763e+01
49  3.316045e+03  1.679655e+02
50  4.847937e+03  3.461662e+02
51  7.247571e+03  5.668154e+02
52  1.034389e+04  8.662152e+02
53  1.520786e+04  9.419805e+02
54  2.246508e+04  1.261361e+03
55  3.297697e+04  1.964953e+03
56  4.908966e+04  2.325213e+03
57  7.048180e+04  3.501833e+03
58  1.028065e+05  4.681496e+03
59  1.518300e+05  5.331749e+03
60  2.213029e+05  4.916506e+03
61  3.211547e+05  9.029486e+03
62  4.552197e+05  1.046028e+04
63  9.323165e+05  1.192081e+04
ENDPROP
STARTPROP
MASSES:  4.500000e-02   4.200000e-03
SOURCE: PSAX4
SINKS: GAM_4
0  4.458678e+04  -1.579824e+04
1  1.682154e+06  -1.661953e+04
2  1.026143e+06  -1.136267e+04
3  7.127926e+05  -1.023606e+04
4  5.007444e+05  -8.133076e+03
5  3.498759e+05  -8.062579e+03
6  2.426930e+05  -4.835043e+03
7  1.677139e+05  -2.775415e+03
8  1.131110e+05  -1.869209e+03
9  7.936393e+04  -6.462105e+02
10  5.395371e+04  -6.052030e+02
11  3.633937e+04  -4.289784e+02
12  2.518396e+04  3.080892e+02
13  1.747279e+04  4.144593e+02
14  1.199341e+04  4.989463e+02
15  8.253514e+03  4.288712e+02
16  5.748741e+03  3.244337e+02
17  3.894559e+03  2.752610e+02
18  2.582613e+03  2.155808e+02
19  1.738040e+03  1.510368e+02
20  1.194195e+03  9.836653e+01
21  8.221037e+02  7.441685e+01
22  5.804179e+02  5.866083e+01
23  3.981146e+02  4.451941e+01
24  2.804945e+02  3.597016e+01
25  1.960095e+02  2.581075e+01
26  1.367432e+02  1.813965e+01
27  9.653676e+01  9.356191e+00
28  6.567108e+01  5.083524e+00
29  4.296106e+01  2.077794e+00
30  2.599480e+01  3.371943e-01
31  1.294260e+01  -4.898489e-01
32  2.148445e+00  -7.485807e-01
33  -7.348028e+00  -1.054656e+00
34  -1.803086e+01  -8.539886e-01
35  -3.069626e+01  1.363698e-01
36  -4.907897e+01  3.018910e-01
37  -7.412161e+01  1.173006e+00
38  -1.124794e+02  4.514451e+00
39  -1.625732e+02  1.386963e-01
40  -2.406415e+02  -2.100330e+00
41  -3.580979e+02  -9.666677e+00
42  -5.336756e+02  -2.478615e+01
43  -7.881642e+02  -3.644840e+01
44  -1.174300e+03  -5.350503e+01
45  -1.725391e+03  -6.416663e+01
46  -2.462189e+03  -7.837096e+01
47  -3.631447e+03  -1.409391e+02
48  -5.278412e+03  -2.082474e+02
49  -7.818427e+03  -3.637389e+02
50  -1.141161e+04  -6.009135e+02
51  -1.673168e+04  -8.572699e+02
52  -2.401755e+04  -1.217496e+03
53  -3.514990e+04  -1.645807e+03
54  -5.110246e+04  -2.327723e+03
55  -7.386603e+04  -2.754055e+03
56  -1.094605e+05  -3.374179e+03
57  -1.557775e+05  -4.584651e+03
58  -2.263405e+05  -6.429627e+03
59  -3.306249e+05  -6.866627e+03
60  -4.769203e+05  -9.173625e+03
61  -6.881511e+05  -1.082540e+04
62  -9.896008e+05  -1.262892e+04
63  -1.611785e+06  -1.373893e+04
ENDPROP
STARTPROP
MASSES:  4.500000e-02   4.200000e-03
SOURCE: WWPSAX4
SINKS: GAM_4
0  1.349179e+08  1.400491e+08
1  3.352686e+09  1.297885e+08
2  7.304287e+08  -1.285709e+08
3  5.125059e+08  1.300425e+07
4  2.946062e+08  -3.273340e+07
5  1.958717e+08  3.081730e+07
6  2.051591e+08  -1.985327e+07
7  1.246508e+08  -1.417745e+07
8  5.796133e+07  -1.074972e+07
9  5.595701e+07  5.121174e+06
10  3.380115e+07  -7.858313e+05
11  2.361610e+07  -3.865080e+06
12  1.360844e+07  3.993634e+05
13  1.315646e+07  4.593178e+06
14  6.207322e+06  1.638098e+06
15  3.627784e+06  -1.592605e+05
16  2.422450e+06  -2.527300e+05
17  3.764044e+06  -8.587338e+05
18  1.244435e+06  1.958409e+05
19  4.487550e+05  5.975993e+05
20  3.843160e+05  3.150783e+05
21  1.694045e+05  -1.929694e+05
22  1.825706e+05  -1.182826e+05
23  3.528383e+05  8.916333e+04
24  7.003708e+04  1.567153e+04
25  4.207258e+04  -1.445615e+04
26  9.969012e+04  1.739512e+04
27  3.078542e+03  -2.181291e+02
28  6.308283e+04  3.439435e+03
29  1.782576e+04  -9.444615e+03
30  2.230670e+04  -1.361596e+04
31  9.615061e+02  -5.715463e+02
32  -2.146304e+04  -9.314347e+03
33  -1.763675e+04  -7.453850e+03
34  -8.968653e+03  1.031513e+04
35  -4.610011e+04  6.632597e+03
36  -1.981176e+04  1.685386e+04
37  -3.000432e+04  4.810075e+03
38  -1.565247e+05  1.179627e+05
39  -1.114538e+05  -3.200120e+04
40  -3.001046e+05  -3.711377e+04
41  -2.141277e+05  9.918450e+04
42  -3.277572e+05  1.187385e+05
43  -4.437004e+05  -3.290887e+05
44  -6.793809e+05  -1.773096e+05
45  -2.231531e+06  -4.048333e+05
46  -8.546233e+05  3.951221e+05
47  -1.375222e+06  1.273490e+06
48  -3.725447e+06  1.370560e+05
49  -7.263324e+06  -1.124396e+06
50  -1.150401e+07  1.752446e+06
51  -1.260814e+07  -5.125477e+06
52  -2.235870e+07  -4.791817e+06
53  -2.725539e+07  2.498876e+06
54  -2.059073e+07  -3.784244e+06
55  -3.889572e+07  7.483637e+06
56  -7.795362e+07  -8.375381e+06
57  -9.951271e+07  5.406107e+05
58  -2.106361e+08  1.486120e+06
59  -1.704535e+08  2.507068e+07
60  -2.780475e+08  6.373823e+07
61  -3.013467e+08  -1.067370e+08
62  -6.837327e+08  -7.152005e+07
63  -1.654506e+09  -1.219124e+08
ENDPROP
STARTPROP
MASSES:  4.500000e-02   4.200000e-03
SOURCE: WWGAM_5
SINKS: GAM_5
0  1.685197e+10  -1.060168e+02
1  4.403933e+09  5.936228e+07
2  1.269373e+09  -3.980359e+07
3  1.002317e+09  4.878486e+07
4  5.965955e+08  -2.088773e+07
5  3.899908e+08  4.715362e+07
6  3.205737e+08  -4.432506e+07
7  1.871785e+08  -6.667052e+06
8  1.232192e+08  8.343321e+06
9  1.012792e+08  1.133187e+07
10  7.252205e+07  -2.770610e+06
11  4.273311e+07  -4.483312e+06
12  2.765933e+07  -2.732765e+06
13  2.367444e+07  1.792860e+06
14  1.267164e+07  4.418407e+05
15  9.464297e+06  1.469730e+06
16  5.713111e+06  -5.917330e+05
17  5.597521e+06  -6.609302e+05
18  2.857685e+06  2.734688e+05
19  2.165841e+06  3.169729e+05
20  9.642722e+05  3.144611e+05
21  7.914675e+05  -2.158560e+05
22  5.293164e+05  -6.837540e+04
23  6.044034e+05  6.847589e+04
24  2.386093e+05  5.850757e+04
25  1.451040e+05  1.878787e+04
26  2.058496e+05  1.710856e+04
27  4.042324e+04  2.513027e+04
28  1.075831e+05  -1.048579e+04
29  7.233619e+04  -3.412747e+03
30  4.258017e+04  1.657930e+04
31  2.287780e+04  5.533323e+02
32  2.561474e+04  1.165400e+04
33  4.338811e+04  2.718158e+03
34  5.283673e+04  -4.480210e+03
35  6.053603e+04  -1.870020e+04
36  6.911826e+04  1.545132e+03
37  7.379993e+04  5.367381e+03
38  2.192472e+05  -1.045365e+05
39  2.415954e+05  5.282199e+04
40  3.875876e+05  4.592269e+04
41  5.548503e+05  -9.085124e+04
42  9.544513e+05  -3.240440e+04
43  7.986796e+05  3.965553e+05
44  1.681325e+06  -2.619190e+05
45  2.851868e+06  3.280391e+05
46  1.910193e+06  -3.591565e+05
47  4.195098e+06  -1.431574e+06
48  6.725166e+06  1.151924e+06
49  1.059464e+07  9.137552e+05
50  1.647407e+07  -7.706312e+05
51  2.251758e+07  2.633933e+06
52  3.118234e+07  2.977347e+06
53  4.935699e+07  -1.278231e+06
54  5.606684e+07  2.419986e+06
55  9.178796e+07  4.937117e+06
56  1.455566e+08  1.841907e+07
57  2.127768e+08  -1.614463e+07
58  3.561884e+08  1.527456e+07
59  3.624592e+08  -2.451024e+07
60  5.307122e+08  -3.015403e+07
61  8.470893e+08  3.557054e+07
62  1.366632e+09  5.722254e+07
63  2.739015e+09  1.827487e+08
ENDPROP
