STARTPROP
MASSES:  4.500000e-02   4.500000e-02
SOURCE: GAM_1
SINKS: GAM_1
0  1.299160e+06  1.693088e+02
1  1.927237e+06  -2.345314e+02
2  8.524682e+05  -1.405244e+03
3  4.253421e+05  -1.204348e+03
4  2.112761e+05  -8.275683e+02
5  1.049109e+05  -8.800338e+02
6  4.921032e+04  -5.564646e+02
7  2.409550e+04  -3.387919e+02
8  1.163979e+04  -1.804863e+02
9  5.336889e+03  -1.093761e+02
10  2.401951e+03  -5.230283e+01
11  1.143856e+03  -2.010225e+00
12  5.391167e+02  2.573127e-01
13  2.894716e+02  6.568252e+00
14  1.648484e+02  1.106967e+01
15  9.378868e+01  8.396816e+00
16  4.563863e+01  6.081829e+00
17  1.629176e+01  5.764372e+00
18  2.667512e+00  4.556583e+00
19  -1.452474e+00  1.987661e+00
20  2.124324e-01  5.850585e-01
21  1.297652e+00  2.062182e-01
22  7.084747e-01  4.735170e-02
23  4.640207e-01  5.000260e-02
24  2.631017e-01  3.642242e-02
25  1.067663e-01  1.906613e-02
26  1.090477e-02  -1.350061e-02
27  -1.727645e-02  -1.265091e-02
28  -1.918696e-02  -6.192578e-03
29  -2.056970e-02  -5.344360e-03
30  5.210919e-04  -9.362899e-04
31  1.099346e-02  1.309334e-03
32  1.665102e-02  2.245586e-03
33  1.293159e-02  8.740395e-04
34  2.942699e-02  -4.025048e-03
35  6.725143e-02  -1.217360e-02
36  1.408036e-01  -2.650778e-02
37  2.080873e-01  -5.034950e-02
38  1.681534e-01  -7.779893e-02
39  9.582005e-02  -9.822092e-02
40  8.121930e-02  -1.750484e-01
41  -2.435874e-01  -2.515947e-01
42  -4.757690e-01  -2.365429e-01
43  -4.033337e-01  -8.151532e-02
44  -5.529071e-01  1.246076e-01
45  7.892088e-01  1.541200e-01
46  2.212617e+00  7.535353e-01
47  1.508714e-01  9.868907e-01
48  1.481981e+00  1.614632e+00
49  -7.734365e+00  6.507002e-01
50  3.869001e+00  -4.510737e+00
51  6.404585e+01  -1.298318e+01
52  2.374900e+02  -2.609525e+01
53  7.384733e+02  -2.579443e+01
54  2.081606e+03  -6.177704e+01
55  4.637663e+03  -1.274929e+02
56  9.444619e+03  -1.853615e+02
57  2.076503e+04  -3.356246e+02
58  4.435237e+04  -5.575583e+02
59  9.688534e+04  -9.691088e+02
60  2.048884e+05  -1.209527e+03
61  4.233047e+05  -1.176696e+03
62  8.523910e+05  -1.815401e+03
63  1.918664e+06  -8.289392e+02
ENDPROP
STARTPROP
MASSES:  4.500000e-02   4.500000e-02
SOURCE: GAM_2
SINKS: GAM_2
0  1.288297e+06  -6.110721e+01
1  1.923814e+06  4.186685e+02
2  8.437323e+05  4.415432e+02
3  4.218808e+05  7.509461e+02
4  2.123223e+05  8.725004e+02
5  1.057758e+05  4.425117e+02
6  5.270577e+04  3.760197e+02
7  2.675904e+04  2.981050e+02
8  1.327206e+04  1.260030e+02
9  6.484462e+03  2.763483e+01
10  3.146732e+03  -3.682539e+01
11  1.571147e+03  -4.063502e+01
12  7.695944e+02  -2.871368e+01
13  4.447390e+02  -2.092035e+01
14  2.624873e+02  -1.375159e+01
15  1.535948e+02  -9.545153e+00
16  8.838235e+01  -4.916478e+00
17  3.970567e+01  -3.362810e+00
18  2.276052e+01  -1.963830e+00
19  1.117392e+01  -1.360051e+00
20  3.747958e+00  -8.642987e-01
21  1.584427e+00  -3.506363e-01
22  1.150163e+00  -1.368381e-01
23  7.677646e-01  -2.067610e-02
24  3.902097e-01  5.721804e-02
25  2.008517e-01  6.394661e-02
26  8.683099e-02  5.110295e-02
27  2.424029e-02  3.337920e-02
28  3.080491e-02  1.558894e-02
29  4.457827e-02  8.402842e-03
30  2.840616e-02  5.759280e-03
31  2.388661e-02  3.286566e-03
32  1.775609e-02  2.311603e-03
33  1.860234e-02  1.356610e-03
34  3.094926e-02  -3.712882e-03
35  3.176950e-02  -9.820088e-03
36  2.338441e-02  -1.193354e-02
37  3.937775e-02  -1.109087e-02
38  1.034290e-01  1.911110e-03
39  2.539130e-01  1.259596e-02
40  4.397031e-01  2.777055e-02
41  5.845939e-01  3.254700e-02
42  4.736345e-01  4.924961e-02
43  -5.183807e-01  9.800947e-02
44  -9.424920e-02  3.379270e-03
45  2.408194e+00  -4.753420e-01
46  5.638565e+00  -1.879993e+00
47  9.454492e+00  -4.189426e+00
48  1.572418e+01  -5.624025e+00
49  2.316625e+01  -3.568976e+00
50  6.686536e+01  3.437452e-01
51  1.859231e+02  -7.242744e-01
52  4.375523e+02  6.269802e-01
53  8.994464e+02  9.573321e+00
54  2.192730e+03  1.582852e+01
55  4.562096e+03  -1.736536e+01
56  9.527981e+03  -9.310034e+01
57  2.024457e+04  -3.020065e+02
58  4.337613e+04  -5.436708e+02
59  9.355375e+04  -8.864366e+02
60  1.983123e+05  -1.162386e+03
61  4.146195e+05  -1.065823e+03
62  8.331643e+05  -1.357830e+03
63  1.891780e+06  -3.125373e+02
ENDPROP
STARTPROP
MASSES:  4.500000e-02   4.500000e-02
SOURCE: GAM_3
SINKS: GAM_3
0  1.284117e+06  -7.470703e+02
1  1.910431e+06  -4.779436e+02
2  8.317632e+05  -7.753709e+01
3  4.159465e+05  3.377705e+02
4  2.045967e+05  2.215007e+02
5  1.002534e+05  1.689821e+02
6  4.844253e+04  1.016023e+01
7  2.401138e+04  1.176023e+02
8  1.207108e+04  1.009074e+02
9  5.858958e+03  8.256326e+01
10  3.134929e+03  1.179432e+01
11  1.532046e+03  3.778844e+00
12  6.403048e+02  1.195847e+01
13  2.648835e+02  1.702231e+01
14  8.445690e+01  8.194243e+00
15  3.595246e+01  5.203490e+00
16  2.249177e+01  4.674462e+00
17  5.871873e+00  2.189181e+00
18  1.109384e-01  4.065215e-01
19  -9.145497e-01  -9.175872e-02
20  -1.202723e+00  -8.249031e-02
21  -1.310366e+00  -7.859490e-03
22  -1.103632e+00  -2.443482e-02
23  -4.174222e-01  -5.265707e-02
24  -2.626207e-01  -5.852248e-02
25  -2.275326e-01  -2.116133e-02
26  -1.724260e-01  -2.295378e-02
27  -8.488856e-02  -7.198304e-03
28  -3.076204e-02  -8.214848e-05
29  5.572998e-03  3.025872e-04
30  8.961606e-03  -9.138259e-04
31  2.530242e-03  -7.517045e-04
32  1.731464e-03  -1.433226e-03
33  -7.136967e-03  -1.803217e-03
34  -1.429572e-02  -5.331476e-03
35  -1.289698e-03  -7.687012e-03
36  7.807005e-03  -6.042730e-03
37  2.307577e-03  -1.144184e-02
38  6.951433e-03  -1.502442e-02
39  5.102022e-02  -1.831135e-03
40  6.094074e-02  3.038180e-02
41  4.425868e-01  9.776289e-02
42  7.781221e-01  2.693964e-01
43  7.180182e-01  5.641177e-01
44  8.246784e-01  5.220686e-01
45  2.795203e+00  8.288866e-01
46  6.512555e+00  1.910650e+00
47  1.034663e+01  1.895108e+00
48  1.399194e+01  2.193693e+00
49  1.550446e+01  2.767803e+00
50  5.085356e+01  4.879889e+00
51  1.106920e+02  9.338300e-02
52  2.362155e+02  -3.806449e+00
53  4.653712e+02  6.679202e+00
54  1.164172e+03  1.814124e+01
55  2.478649e+03  6.734956e+01
56  6.277421e+03  5.773454e+01
57  1.557631e+04  1.485060e+02
58  3.557728e+04  1.892318e+02
59  8.172171e+04  8.913921e+01
60  1.839654e+05  2.375841e+02
61  3.983375e+05  2.590870e+02
62  8.334804e+05  -1.504684e+02
63  1.906938e+06  -8.648191e+01
ENDPROP
STARTPROP
MASSES:  4.500000e-02   4.500000e-02
SOURCE: GAM_4
SINKS: GAM_4
0  2.122024e+06  -1.189857e+02
1  -2.664173e+05  1.009392e+02
2  2.623777e+02  -2.229018e+02
3  1.094939e+02  -3.381687e+02
4  -6.044549e+02  -4.155333e+02
5  3.275976e+01  -1.982105e+02
6  3.216267e+02  -1.058446e+02
7  6.833153e+01  -1.523588e+01
8  2.427691e+01  -4.492582e+01
9  -4.380922e+01  -1.873475e+01
10  1.032359e+01  -2.203591e+01
11  -1.412780e+00  -1.480540e+01
12  5.466132e-02  -1.118975e+01
13  7.887270e-01  -3.617825e+00
14  -4.198731e+00  -2.906356e+00
15  -8.048747e-01  -1.498984e+00
16  4.737355e-02  -5.408391e-01
17  -4.460626e-01  4.603821e-02
18  -3.922303e-01  -2.043736e-01
19  3.629229e-02  -8.397643e-02
20  -8.743335e-02  -1.016655e-01
21  -1.157942e-01  -4.018937e-02
22  -5.638749e-02  -9.156509e-03
23  3.023729e-02  1.642148e-02
24  -4.853145e-02  5.312059e-03
25  -3.861646e-03  5.987582e-03
26  -1.077542e-02  -2.353758e-03
27  -5.697404e-03  -2.032127e-05
28  -5.644930e-03  -2.548576e-03
29  -6.208491e-03  -4.677377e-04
30  -2.960636e-03  7.930787e-04
31  -2.766891e-03  7.917777e-04
32  -1.018639e-03  6.782500e-04
33  4.410373e-06  6.250938e-04
34  -1.206269e-03  1.359092e-03
35  -2.022108e-03  7.990206e-04
36  -6.316675e-03  1.222897e-03
37  1.541171e-03  -4.798451e-04
38  1.110118e-04  3.080843e-03
39  3.245342e-03  1.976091e-04
40  -5.039084e-02  -6.142135e-03
41  9.900731e-02  -2.743045e-02
42  4.715551e-02  -7.200086e-02
43  -2.398585e-01  -1.842033e-01
44  -2.545678e-01  -3.197022e-01
45  4.842870e-01  -5.212429e-01
46  6.142218e-01  -4.496567e-01
47  -6.717739e-01  -7.353354e-01
48  -2.180801e+00  -8.189119e-01
49  3.288497e+00  -1.308782e+00
50  1.415210e+00  -7.086147e-01
51  -1.021334e+00  1.300061e+00
52  -1.013869e+01  -1.014397e+00
53  -8.052385e+00  -7.400870e+00
54  2.844760e+01  -1.927983e+01
55  -1.430805e+01  -1.610718e+01
56  -7.031269e+01  -4.995611e+00
57  1.979966e+02  3.025770e+01
58  -2.349582e+01  1.236016e+02
59  6.963504e+02  9.725826e+01
60  2.667813e+01  1.648614e+02
61  -1.895299e+03  1.742225e+02
62  -2.904764e+03  7.015115e+01
63  -2.740789e+05  -4.081814e+02
ENDPROP
STARTPROP
MASSES:  4.500000e-02   4.500000e-02
SOURCE: GAM_5
SINKS: GAM_5
0  5.279013e+06  -1.476656e+02
1  5.171929e+06  4.599018e+02
2  3.223053e+06  8.156507e+02
3  2.047853e+06  2.841720e+03
4  1.279676e+06  4.110510e+03
5  7.859096e+05  2.687587e+03
6  4.773798e+05  1.306950e+03
7  2.920817e+05  7.371704e+02
8  1.805995e+05  6.462952e+02
9  1.086762e+05  5.108560e+02
10  6.491243e+04  2.306256e+02
11  3.890384e+04  1.239357e+02
12  2.340241e+04  7.426162e+01
13  1.407293e+04  5.477251e+01
14  8.452669e+03  4.183017e+01
15  5.162179e+03  2.418017e+01
16  3.142427e+03  1.519188e+01
17  1.909664e+03  9.868845e+00
18  1.146342e+03  8.623455e+00
19  6.926017e+02  7.070345e+00
20  4.209170e+02  4.761533e+00
21  2.607257e+02  3.267968e+00
22  1.589946e+02  2.418399e+00
23  9.743529e+01  1.592472e+00
24  6.004230e+01  9.770885e-01
25  3.617266e+01  6.227191e-01
26  2.181452e+01  3.819819e-01
27  1.343320e+01  2.491190e-01
28  8.395284e+00  1.460018e-01
29  5.319896e+00  8.836235e-02
30  3.483845e+00  5.160452e-02
31  2.569457e+00  2.967130e-02
32  2.318310e+00  1.547738e-02
33  2.649329e+00  1.947885e-03
34  3.637544e+00  -1.374966e-02
35  5.488218e+00  -4.807459e-02
36  8.533014e+00  -1.058648e-01
37  1.344038e+01  -1.613956e-01
38  2.201889e+01  -2.384079e-01
39  3.636640e+01  -4.553277e-01
40  6.011523e+01  -6.469517e-01
41  9.931760e+01  -7.378123e-01
42  1.667558e+02  -4.056307e-01
43  2.757794e+02  -4.662294e-01
44  4.472962e+02  -2.212735e+00
45  7.280116e+02  -6.777784e+00
46  1.189761e+03  -9.944259e+00
47  1.978181e+03  -1.320838e+01
48  3.295838e+03  -1.817930e+01
49  5.434881e+03  -3.849870e+01
50  8.898557e+03  -6.811757e+01
51  1.443442e+04  -9.785859e+01
52  2.356794e+04  -6.605383e+01
53  3.892794e+04  1.375801e+01
54  6.453824e+04  1.129871e+01
55  1.051519e+05  -1.177707e+02
56  1.714805e+05  -4.655112e+02
57  2.854189e+05  -7.022214e+02
58  4.676402e+05  -8.648874e+02
59  7.680657e+05  -5.059107e+02
60  1.254355e+06  3.977155e+02
61  2.041803e+06  -6.373122e+02
62  3.232875e+06  -3.529204e+03
63  5.156837e+06  -1.337417e+03
ENDPROP
STARTPROP
MASSES:  4.500000e-02   4.500000e-02
SOURCE: GAM_12
SINKS: GAM_12
0  8.675980e+05  -1.765925e+03
1  -6.609686e+05  -7.982916e+02
2  -1.590573e+05  -7.859681e+02
3  -5.784010e+04  -5.396238e+02
4  -2.192502e+04  -6.127783e+01
5  -7.129214e+03  1.127303e+02
6  -1.584867e+03  3.326319e+01
7  -1.588867e+02  8.406086e+01
8  2.438081e+02  4.439774e+01
9  2.748147e+02  1.612910e+01
10  1.178453e+02  1.238674e+01
11  6.141795e+01  -2.632921e-01
12  6.881843e+01  8.144280e+00
13  2.178217e+01  6.579870e+00
14  -5.098655e-01  -1.789570e-01
15  1.109610e+01  -6.562412e-01
16  5.646727e+00  4.006345e-01
17  2.026671e+00  9.253595e-01
18  1.846567e+00  3.281650e-01
19  3.396632e+00  1.929461e-01
20  1.549677e+00  1.985754e-01
21  7.420028e-01  1.276790e-01
22  2.712882e-01  8.358213e-02
23  2.217503e-02  8.314083e-02
24  -6.211608e-02  3.843879e-02
25  -3.487053e-03  8.230143e-03
26  -4.583126e-02  5.820846e-03
27  -4.885740e-02  9.071804e-03
28  -3.368762e-02  7.957527e-03
29  -1.955022e-02  1.364641e-03
30  -6.428539e-03  -4.657343e-05
31  -4.761116e-03  -1.274719e-03
32  -3.881544e-03  -1.203315e-03
33  4.185650e-03  8.093153e-04
34  2.871590e-03  2.259037e-03
35  -7.043765e-03  3.850471e-03
36  -3.400517e-02  5.725401e-03
37  -5.256813e-02  1.026113e-02
38  -7.139867e-02  2.118537e-02
39  -1.073723e-01  3.177957e-02
40  -1.780434e-01  3.363101e-02
41  -3.851200e-01  1.280916e-03
42  -7.118386e-01  -5.157621e-02
43  -6.120875e-01  -5.940047e-02
44  -1.047371e+00  -3.487521e-02
45  -8.425821e-01  2.971046e-01
46  -2.620797e+00  6.261733e-01
47  -2.813902e+00  1.635181e+00
48  -3.795764e+00  2.308716e+00
49  -9.185333e+00  1.559606e+00
50  -1.208135e+01  2.034114e+00
51  -3.391562e+01  -4.492022e+00
52  -6.603173e+01  -1.531578e+01
53  -1.390644e+02  -2.815442e+01
54  -1.667371e+02  -2.530281e+01
55  -2.504292e+02  -5.560657e+01
56  -6.790008e+02  -1.085784e+02
57  -1.622464e+03  -1.366637e+02
58  -4.023671e+03  -2.677690e+02
59  -1.022710e+04  -3.768896e+02
60  -2.344168e+04  -4.594031e+02
61  -5.794245e+04  -6.424022e+02
62  -1.476005e+05  -5.556277e+02
63  -6.412772e+05  -1.699260e+03
ENDPROP
STARTPROP
MASSES:  4.500000e-02   4.500000e-02
SOURCE: GAM_21
SINKS: GAM_21
0  8.675980e+05  -1.765925e+03
1  -6.609686e+05  -7.982916e+02
2  -1.590573e+05  -7.859681e+02
3  -5.784010e+04  -5.396238e+02
4  -2.192502e+04  -6.127783e+01
5  -7.129214e+03  1.127303e+02
6  -1.584867e+03  3.326319e+01
7  -1.588867e+02  8.406086e+01
8  2.438081e+02  4.439774e+01
9  2.748147e+02  1.612910e+01
10  1.178453e+02  1.238674e+01
11  6.141795e+01  -2.632921e-01
12  6.881843e+01  8.144280e+00
13  2.178217e+01  6.579870e+00
14  -5.098655e-01  -1.789570e-01
15  1.109610e+01  -6.562412e-01
16  5.646727e+00  4.006345e-01
17  2.026671e+00  9.253595e-01
18  1.846567e+00  3.281650e-01
19  3.396632e+00  1.929461e-01
20  1.549677e+00  1.985754e-01
21  7.420028e-01  1.276790e-01
22  2.712882e-01  8.358213e-02
23  2.217503e-02  8.314083e-02
24  -6.211608e-02  3.843879e-02
25  -3.487053e-03  8.230143e-03
26  -4.583126e-02  5.820846e-03
27  -4.885740e-02  9.071804e-03
28  -3.368762e-02  7.957527e-03
29  -1.955022e-02  1.364641e-03
30  -6.428539e-03  -4.657343e-05
31  -4.761116e-03  -1.274719e-03
32  -3.881544e-03  -1.203315e-03
33  4.185650e-03  8.093153e-04
34  2.871590e-03  2.259037e-03
35  -7.043765e-03  3.850471e-03
36  -3.400517e-02  5.725401e-03
37  -5.256813e-02  1.026113e-02
38  -7.139867e-02  2.118537e-02
39  -1.073723e-01  3.177957e-02
40  -1.780434e-01  3.363101e-02
41  -3.851200e-01  1.280916e-03
42  -7.118386e-01  -5.157621e-02
43  -6.120875e-01  -5.940047e-02
44  -1.047371e+00  -3.487521e-02
45  -8.425821e-01  2.971046e-01
46  -2.620797e+00  6.261733e-01
47  -2.813902e+00  1.635181e+00
48  -3.795764e+00  2.308716e+00
49  -9.185333e+00  1.559606e+00
50  -1.208135e+01  2.034114e+00
51  -3.391562e+01  -4.492022e+00
52  -6.603173e+01  -1.531578e+01
53  -1.390644e+02  -2.815442e+01
54  -1.667371e+02  -2.530281e+01
55  -2.504292e+02  -5.560657e+01
56  -6.790008e+02  -1.085784e+02
57  -1.622464e+03  -1.366637e+02
58  -4.023671e+03  -2.677690e+02
59  -1.022710e+04  -3.768896e+02
60  -2.344168e+04  -4.594031e+02
61  -5.794245e+04  -6.424022e+02
62  -1.476005e+05  -5.556277e+02
63  -6.412772e+05  -1.699260e+03
ENDPROP
STARTPROP
MASSES:  4.500000e-02   4.500000e-02
SOURCE: GAM_13
SINKS: GAM_13
0  8.887940e+05  2.088025e+02
1  -6.348644e+05  2.386438e+02
2  -1.443205e+05  6.724625e+02
3  -5.527876e+04  4.708670e+02
4  -2.037025e+04  4.045830e+02
5  -6.019762e+03  3.164399e+02
6  -1.605199e+03  1.472677e+02
7  -3.644308e+02  2.807334e+01
8  2.445988e+02  -1.231338e+01
9  2.259918e+02  -3.099653e+01
10  1.522616e+02  -3.799815e+01
11  2.297962e+01  -3.237992e+01
12  1.550010e+01  -1.896124e+01
13  1.874215e+01  -1.077181e+01
14  2.438793e+00  -7.463059e+00
15  -2.493566e+00  -6.835062e-01
16  6.581213e-01  7.102261e-01
17  -1.999844e+00  7.856945e-01
18  -6.563595e-01  3.491863e-02
19  -4.283277e-01  -3.558343e-01
20  -2.921318e-01  -1.894959e-01
21  6.586882e-02  -4.653382e-02
22  2.667479e-01  -4.983136e-02
23  3.435871e-01  -1.148365e-02
24  2.148362e-01  2.515872e-02
25  1.403559e-01  8.355883e-03
26  9.611125e-02  -2.473920e-03
27  4.662089e-02  4.440157e-03
28  1.098151e-02  2.722507e-03
29  3.242516e-03  2.013741e-03
30  1.768319e-04  -6.460316e-05
31  7.266392e-04  -4.812404e-04
32  1.527126e-03  7.533962e-04
33  2.114628e-03  3.190532e-03
34  9.296972e-03  4.298660e-03
35  1.669380e-02  6.467487e-03
36  2.044742e-02  3.229111e-03
37  2.143302e-03  4.222865e-03
38  -5.163125e-02  1.189270e-02
39  -9.339803e-02  2.226571e-02
40  -1.139599e-01  2.245441e-02
41  -2.241982e-01  8.783174e-02
42  -1.037168e-01  8.906633e-02
43  2.116144e-01  1.160630e-01
44  5.815226e-01  2.528224e-01
45  1.150138e+00  2.164657e-01
46  1.474984e+00  5.500756e-01
47  4.118287e+00  8.995917e-01
48  3.648482e+00  1.720641e+00
49  -5.388731e+00  3.155530e+00
50  -2.532911e+01  5.761400e+00
51  -2.839796e+01  1.361808e+01
52  -7.445455e+00  2.673123e+01
53  2.081968e+01  3.987325e+01
54  -2.457674e+01  4.302133e+01
55  -8.160900e+01  5.156379e+01
56  -2.780533e+02  8.220150e+01
57  -1.167708e+03  1.442116e+02
58  -2.991283e+03  5.413386e+01
59  -6.679082e+03  -2.068472e+02
60  -1.907094e+04  -1.618547e+02
61  -5.467225e+04  -7.677631e+01
62  -1.481799e+05  3.297942e+02
63  -6.453035e+05  6.136409e+02
ENDPROP
STARTPROP
MASSES:  4.500000e-02   4.500000e-02
SOURCE: GAM_31
SINKS: GAM_31
0  8.887940e+05  2.088025e+02
1  -6.348644e+05  2.386438e+02
2  -1.443205e+05  6.724625e+02
3  -5.527876e+04  4.708670e+02
4  -2.037025e+04  4.045830e+02
5  -6.019762e+03  3.164399e+02
6  -1.605199e+03  1.472677e+02
7  -3.644308e+02  2.807334e+01
8  2.445988e+02  -1.231338e+01
9  2.259918e+02  -3.099653e+01
10  1.522616e+02  -3.799815e+01
11  2.297962e+01  -3.237992e+01
12  1.550010e+01  -1.896124e+01
13  1.874215e+01  -1.077181e+01
14  2.438793e+00  -7.463059e+00
15  -2.493566e+00  -6.835062e-01
16  6.581213e-01  7.102261e-01
17  -1.999844e+00  7.856945e-01
18  -6.563595e-01  3.491863e-02
19  -4.283277e-01  -3.558343e-01
20  -2.921318e-01  -1.894959e-01
21  6.586882e-02  -4.653382e-02
22  2.667479e-01  -4.983136e-02
23  3.435871e-01  -1.148365e-02
24  2.148362e-01  2.515872e-02
25  1.403559e-01  8.355883e-03
26  9.611125e-02  -2.473920e-03
27  4.662089e-02  4.440157e-03
28  1.098151e-02  2.722507e-03
29  3.242516e-03  2.013741e-03
30  1.768319e-04  -6.460316e-05
31  7.266392e-04  -4.812404e-04
32  1.527126e-03  7.533962e-04
33  2.114628e-03  3.190532e-03
34  9.296972e-03  4.298660e-03
35  1.669380e-02  6.467487e-03
36  2.044742e-02  3.229111e-03
37  2.143302e-03  4.222865e-03
38  -5.163125e-02  1.189270e-02
39  -9.339803e-02  2.226571e-02
40  -1.139599e-01  2.245441e-02
41  -2.241982e-01  8.783174e-02
42  -1.037168e-01  8.906633e-02
43  2.116144e-01  1.160630e-01
44  5.815226e-01  2.528224e-01
45  1.150138e+00  2.164657e-01
46  1.474984e+00  5.500756e-01
47  4.118287e+00  8.995917e-01
48  3.648482e+00  1.720641e+00
49  -5.388731e+00  3.155530e+00
50  -2.532911e+01  5.761400e+00
51  -2.839796e+01  1.361808e+01
52  -7.445455e+00  2.673123e+01
53  2.081968e+01  3.987325e+01
54  -2.457674e+01  4.302133e+01
55  -8.160900e+01  5.156379e+01
56  -2.780533e+02  8.220150e+01
57  -1.167708e+03  1.442116e+02
58  -2.991283e+03  5.413386e+01
59  -6.679082e+03  -2.068472e+02
60  -1.907094e+04  -1.618547e+02
61  -5.467225e+04  -7.677631e+01
62  -1.481799e+05  3.297942e+02
63  -6.453035e+05  6.136409e+02
ENDPROP
STARTPROP
MASSES:  4.500000e-02   4.500000e-02
SOURCE: GAM_14
SINKS: GAM_14
0  1.501345e+05  -2.215542e+03
1  1.366130e+06  -1.172113e+03
2  5.468337e+05  -5.367019e+02
3  2.751958e+05  -1.152752e+02
4  1.386749e+05  -1.652824e+02
5  6.925304e+04  -2.929778e+02
6  3.387280e+04  -1.929613e+02
7  1.739402e+04  -8.492599e+01
8  8.492650e+03  -9.046546e+01
9  3.891693e+03  -7.314735e+01
10  1.735995e+03  -3.384051e+01
11  7.493615e+02  -8.940021e+00
12  2.922424e+02  2.664453e+00
13  1.464916e+02  3.721276e+00
14  7.620729e+01  5.211213e+00
15  3.505513e+01  3.073557e+00
16  1.653470e+01  1.109823e+00
17  5.564905e+00  1.310272e+00
18  1.716171e+00  1.181456e+00
19  -3.270637e-01  5.579109e-01
20  2.231862e-01  4.507439e-02
21  5.723051e-01  2.079375e-02
22  4.959513e-01  5.828112e-02
23  2.875573e-01  3.326940e-02
24  2.461973e-02  5.733723e-03
25  -2.693349e-02  -5.624759e-03
26  -1.128203e-03  -7.994006e-03
27  1.423481e-02  3.987577e-03
28  1.320723e-02  7.048339e-03
29  1.059764e-02  4.935504e-03
30  1.495820e-02  3.478600e-03
31  1.693788e-02  1.999931e-03
32  1.417846e-02  5.632559e-05
33  1.429786e-02  -7.833381e-04
34  2.264499e-02  -4.930907e-03
35  3.421025e-02  -1.046953e-02
36  5.323826e-02  -1.263199e-02
37  7.747570e-02  -1.951798e-02
38  1.432227e-01  -3.166456e-02
39  1.916665e-01  -5.803474e-02
40  1.730644e-01  -1.379653e-01
41  -9.363596e-02  -2.047476e-01
42  -4.611900e-01  -2.450228e-01
43  -6.422138e-01  -1.648063e-01
44  -5.588981e-01  -1.428889e-01
45  -1.071477e+00  -2.078650e-01
46  -9.518714e-01  -7.605420e-02
47  -5.778941e+00  -5.241251e-01
48  -1.156345e+01  -5.358793e-01
49  -8.017703e+00  -2.916596e+00
50  1.650385e+01  -4.107205e+00
51  9.516124e+01  -1.041607e+01
52  1.996976e+02  -1.702443e+01
53  3.858416e+02  -2.197096e+01
54  1.115826e+03  -2.769943e+01
55  2.470799e+03  -7.033866e+01
56  5.815893e+03  -7.948362e+01
57  1.290132e+04  -1.558334e+02
58  2.650194e+04  -2.893554e+02
59  5.880021e+04  -6.211519e+02
60  1.239889e+05  -7.296103e+02
61  2.620933e+05  -8.289253e+02
62  5.399826e+05  -2.045589e+02
63  1.356089e+06  -7.978898e+02
ENDPROP
STARTPROP
MASSES:  4.500000e-02   4.500000e-02
SOURCE: GAM_41
SINKS: GAM_41
0  1.501345e+05  -2.215542e+03
1  1.366130e+06  -1.172113e+03
2  5.468337e+05  -5.367019e+02
3  2.751958e+05  -1.152752e+02
4  1.386749e+05  -1.652824e+02
5  6.925304e+04  -2.929778e+02
6  3.387280e+04  -1.929613e+02
7  1.739402e+04  -8.492599e+01
8  8.492650e+03  -9.046546e+01
9  3.891693e+03  -7.314735e+01
10  1.735995e+03  -3.384051e+01
11  7.493615e+02  -8.940021e+00
12  2.922424e+02  2.664453e+00
13  1.464916e+02  3.721276e+00
14  7.620729e+01  5.211213e+00
15  3.505513e+01  3.073557e+00
16  1.653470e+01  1.109823e+00
17  5.564905e+00  1.310272e+00
18  1.716171e+00  1.181456e+00
19  -3.270637e-01  5.579109e-01
20  2.231862e-01  4.507439e-02
21  5.723051e-01  2.079375e-02
22  4.959513e-01  5.828112e-02
23  2.875573e-01  3.326940e-02
24  2.461973e-02  5.733723e-03
25  -2.693349e-02  -5.624759e-03
26  -1.128203e-03  -7.994006e-03
27  1.423481e-02  3.987577e-03
28  1.320723e-02  7.048339e-03
29  1.059764e-02  4.935504e-03
30  1.495820e-02  3.478600e-03
31  1.693788e-02  1.999931e-03
32  1.417846e-02  5.632559e-05
33  1.429786e-02  -7.833381e-04
34  2.264499e-02  -4.930907e-03
35  3.421025e-02  -1.046953e-02
36  5.323826e-02  -1.263199e-02
37  7.747570e-02  -1.951798e-02
38  1.432227e-01  -3.166456e-02
39  1.916665e-01  -5.803474e-02
40  1.730644e-01  -1.379653e-01
41  -9.363596e-02  -2.047476e-01
42  -4.611900e-01  -2.450228e-01
43  -6.422138e-01  -1.648063e-01
44  -5.588981e-01  -1.428889e-01
45  -1.071477e+00  -2.078650e-01
46  -9.518714e-01  -7.605420e-02
47  -5.778941e+00  -5.241251e-01
48  -1.156345e+01  -5.358793e-01
49  -8.017703e+00  -2.916596e+00
50  1.650385e+01  -4.107205e+00
51  9.516124e+01  -1.041607e+01
52  1.996976e+02  -1.702443e+01
53  3.858416e+02  -2.197096e+01
54  1.115826e+03  -2.769943e+01
55  2.470799e+03  -7.033866e+01
56  5.815893e+03  -7.948362e+01
57  1.290132e+04  -1.558334e+02
58  2.650194e+04  -2.893554e+02
59  5.880021e+04  -6.211519e+02
60  1.239889e+05  -7.296103e+02
61  2.620933e+05  -8.289253e+02
62  5.399826e+05  -2.045589e+02
63  1.356089e+06  -7.978898e+02
ENDPROP
STARTPROP
MASSES:  4.500000e-02   4.500000e-02
SOURCE: GAM_23
SINKS: GAM_23
0  9.126825e+05  1.249212e+03
1  -6.172267e+05  4.733014e+01
2  -1.292946e+05  -4.909796e+02
3  -4.809998e+04  -6.002883e+02
4  -1.915494e+04  -4.842559e+01
5  -6.603487e+03  1.825744e+02
6  -2.728804e+03  1.428468e+02
7  -5.059481e+02  5.474766e+01
8  -2.601668e+00  -1.323531e+01
9  -7.567780e+01  -2.247161e+01
10  2.070193e+02  1.322825e+01
11  2.323850e+02  1.284416e+01
12  1.498287e+02  6.757374e+00
13  5.705456e+01  4.636199e+00
14  2.136451e+01  1.756533e+00
15  1.079820e+00  -1.116532e+00
16  -4.533267e+00  -1.190956e+00
17  -2.480532e+00  -3.761306e-01
18  1.309641e-01  -8.547811e-01
19  -6.735211e-01  -3.657718e-01
20  -6.326920e-01  -1.572601e-01
21  1.793067e-02  -7.335712e-02
22  1.847891e-01  -4.054970e-02
23  2.735707e-01  -1.348251e-02
24  2.095450e-01  -1.171915e-02
25  9.742285e-02  -1.426332e-02
26  1.780651e-02  -8.950856e-03
27  -1.706547e-02  -1.093845e-02
28  -1.099205e-02  -6.530553e-03
29  -8.476615e-03  -4.609998e-03
30  3.930033e-03  -2.161077e-03
31  5.337741e-03  -2.011760e-04
32  7.545152e-03  9.853972e-04
33  -9.063211e-04  4.441583e-04
34  -1.425044e-02  2.277947e-03
35  -4.077812e-02  7.546045e-03
36  -6.483912e-02  1.413281e-02
37  -8.254900e-02  1.531075e-02
38  -9.344488e-02  1.977731e-02
39  -1.248308e-01  1.304523e-02
40  -6.346188e-02  -5.234732e-03
41  1.760342e-01  -4.764953e-02
42  5.381400e-01  -8.669939e-02
43  8.720831e-01  -3.859073e-02
44  5.523507e-01  1.680629e-01
45  1.314414e-01  2.191135e-01
46  -1.973645e+00  -2.407002e-01
47  -5.989927e+00  -2.096066e-01
48  -1.180044e+01  9.987262e-01
49  -2.507245e+01  4.124066e+00
50  -4.464653e+01  4.643554e+00
51  -5.281267e+01  1.092254e+01
52  -3.384853e+01  1.507734e+01
53  -3.928637e+01  2.146758e+01
54  -1.228021e+02  2.288236e+01
55  -1.510866e+02  1.116919e+01
56  -2.612687e+02  -6.847256e+01
57  -6.662251e+02  -1.245436e+02
58  -2.513909e+03  -1.236251e+02
59  -7.519263e+03  -4.539816e+00
60  -2.075420e+04  2.278422e+02
61  -5.525442e+04  2.825427e+02
62  -1.396733e+05  -2.856435e+02
63  -6.191900e+05  6.422208e+02
ENDPROP
STARTPROP
MASSES:  4.500000e-02   4.500000e-02
SOURCE: GAM_32
SINKS: GAM_32
0  9.126825e+05  1.249212e+03
1  -6.172267e+05  4.733014e+01
2  -1.292946e+05  -4.909796e+02
3  -4.809998e+04  -6.002883e+02
4  -1.915494e+04  -4.842559e+01
5  -6.603487e+03  1.825744e+02
6  -2.728804e+03  1.428468e+02
7  -5.059481e+02  5.474766e+01
8  -2.601668e+00  -1.323531e+01
9  -7.567780e+01  -2.247161e+01
10  2.070193e+02  1.322825e+01
11  2.323850e+02  1.284416e+01
12  1.498287e+02  6.757374e+00
13  5.705456e+01  4.636199e+00
14  2.136451e+01  1.756533e+00
15  1.079820e+00  -1.116532e+00
16  -4.533267e+00  -1.190956e+00
17  -2.480532e+00  -3.761306e-01
18  1.309641e-01  -8.547811e-01
19  -6.735211e-01  -3.657718e-01
20  -6.326920e-01  -1.572601e-01
21  1.793067e-02  -7.335712e-02
22  1.847891e-01  -4.054970e-02
23  2.735707e-01  -1.348251e-02
24  2.095450e-01  -1.171915e-02
25  9.742285e-02  -1.426332e-02
26  1.780651e-02  -8.950856e-03
27  -1.706547e-02  -1.093845e-02
28  -1.099205e-02  -6.530553e-03
29  -8.476615e-03  -4.609998e-03
30  3.930033e-03  -2.161077e-03
31  5.337741e-03  -2.011760e-04
32  7.545152e-03  9.853972e-04
33  -9.063211e-04  4.441583e-04
34  -1.425044e-02  2.277947e-03
35  -4.077812e-02  7.546045e-03
36  -6.483912e-02  1.413281e-02
37  -8.254900e-02  1.531075e-02
38  -9.344488e-02  1.977731e-02
39  -1.248308e-01  1.304523e-02
40  -6.346188e-02  -5.234732e-03
41  1.760342e-01  -4.764953e-02
42  5.381400e-01  -8.669939e-02
43  8.720831e-01  -3.859073e-02
44  5.523507e-01  1.680629e-01
45  1.314414e-01  2.191135e-01
46  -1.973645e+00  -2.407002e-01
47  -5.989927e+00  -2.096066e-01
48  -1.180044e+01  9.987262e-01
49  -2.507245e+01  4.124066e+00
50  -4.464653e+01  4.643554e+00
51  -5.281267e+01  1.092254e+01
52  -3.384853e+01  1.507734e+01
53  -3.928637e+01  2.146758e+01
54  -1.228021e+02  2.288236e+01
55  -1.510866e+02  1.116919e+01
56  -2.612687e+02  -6.847256e+01
57  -6.662251e+02  -1.245436e+02
58  -2.513909e+03  -1.236251e+02
59  -7.519263e+03  -4.539816e+00
60  -2.075420e+04  2.278422e+02
61  -5.525442e+04  2.825427e+02
62  -1.396733e+05  -2.856435e+02
63  -6.191900e+05  6.422208e+02
ENDPROP
STARTPROP
MASSES:  4.500000e-02   4.500000e-02
SOURCE: GAM_24
SINKS: GAM_24
0  1.571820e+05  -1.138533e+03
1  1.374923e+06  1.663538e+02
2  5.552193e+05  1.291989e+02
3  2.781992e+05  2.589877e+02
4  1.372293e+05  4.300380e+02
5  6.866409e+04  3.465216e+02
6  3.286077e+04  2.661695e+02
7  1.521302e+04  1.872263e+02
8  7.106853e+03  1.277848e+02
9  3.398161e+03  9.697761e+01
10  1.617503e+03  3.644970e+01
11  7.320937e+02  2.737658e+01
12  3.668335e+02  -6.039309e-01
13  2.235443e+02  -3.576656e+00
14  1.267264e+02  -7.038987e+00
15  6.119324e+01  -2.371059e+00
16  2.687597e+01  6.500261e-02
17  1.008104e+01  -4.355407e-01
18  4.410247e+00  -4.372872e-02
19  1.992487e+00  -1.741639e-01
20  1.110086e+00  -2.397597e-01
21  2.210009e-01  -2.153699e-01
22  4.797844e-01  -7.691279e-02
23  2.411649e-01  -1.741285e-02
24  2.541467e-02  6.942427e-04
25  9.727101e-02  2.895393e-03
26  5.665659e-02  8.944701e-03
27  5.764112e-03  3.715968e-03
28  -5.016978e-03  -2.014174e-03
29  2.258181e-03  2.501093e-03
30  1.082371e-02  2.002232e-03
31  1.645045e-02  6.447007e-04
32  2.434825e-02  1.181264e-04
33  2.747733e-02  -4.770503e-05
34  3.372811e-02  -1.055362e-03
35  4.775037e-02  -3.748533e-03
36  4.573261e-02  -2.408489e-03
37  1.374553e-02  -5.057396e-03
38  6.363678e-03  -6.229547e-03
39  3.478474e-02  -3.424693e-03
40  1.680451e-01  1.376445e-02
41  1.313178e-01  7.110625e-03
42  1.324362e-01  8.637882e-02
43  -3.776950e-01  4.242493e-02
44  -2.002595e+00  -1.245403e-01
45  -2.605470e+00  -3.033874e-01
46  -3.076265e+00  -5.095090e-01
47  -3.758570e+00  -1.720214e+00
48  -3.975088e+00  -2.327482e+00
49  -2.612413e+00  -2.365614e+00
50  3.178305e+01  -5.288226e+00
51  1.030896e+02  -4.604557e+00
52  2.710427e+02  -4.874949e+00
53  5.971959e+02  4.051773e+00
54  1.374213e+03  -1.214956e+01
55  2.891952e+03  -5.666126e+01
56  6.053707e+03  -1.374733e+02
57  1.240856e+04  -2.820568e+02
58  2.695441e+04  -4.184472e+02
59  5.794275e+04  -2.960068e+02
60  1.230893e+05  -3.136515e+02
61  2.582854e+05  -6.522282e+02
62  5.425717e+05  -7.515754e+02
63  1.361546e+06  -7.367468e+02
ENDPROP
STARTPROP
MASSES:  4.500000e-02   4.500000e-02
SOURCE: GAM_42
SINKS: GAM_42
0  1.571820e+05  -1.138533e+03
1  1.374923e+06  1.663538e+02
2  5.552193e+05  1.291989e+02
3  2.781992e+05  2.589877e+02
4  1.372293e+05  4.300380e+02
5  6.866409e+04  3.465216e+02
6  3.286077e+04  2.661695e+02
7  1.521302e+04  1.872263e+02
8  7.106853e+03  1.277848e+02
9  3.398161e+03  9.697761e+01
10  1.617503e+03  3.644970e+01
11  7.320937e+02  2.737658e+01
12  3.668335e+02  -6.039309e-01
13  2.235443e+02  -3.576656e+00
14  1.267264e+02  -7.038987e+00
15  6.119324e+01  -2.371059e+00
16  2.687597e+01  6.500261e-02
17  1.008104e+01  -4.355407e-01
18  4.410247e+00  -4.372872e-02
19  1.992487e+00  -1.741639e-01
20  1.110086e+00  -2.397597e-01
21  2.210009e-01  -2.153699e-01
22  4.797844e-01  -7.691279e-02
23  2.411649e-01  -1.741285e-02
24  2.541467e-02  6.942427e-04
25  9.727101e-02  2.895393e-03
26  5.665659e-02  8.944701e-03
27  5.764112e-03  3.715968e-03
28  -5.016978e-03  -2.014174e-03
29  2.258181e-03  2.501093e-03
30  1.082371e-02  2.002232e-03
31  1.645045e-02  6.447007e-04
32  2.434825e-02  1.181264e-04
33  2.747733e-02  -4.770503e-05
34  3.372811e-02  -1.055362e-03
35  4.775037e-02  -3.748533e-03
36  4.573261e-02  -2.408489e-03
37  1.374553e-02  -5.057396e-03
38  6.363678e-03  -6.229547e-03
39  3.478474e-02  -3.424693e-03
40  1.680451e-01  1.376445e-02
41  1.313178e-01  7.110625e-03
42  1.324362e-01  8.637882e-02
43  -3.776950e-01  4.242493e-02
44  -2.002595e+00  -1.245403e-01
45  -2.605470e+00  -3.033874e-01
46  -3.076265e+00  -5.095090e-01
47  -3.758570e+00  -1.720214e+00
48  -3.975088e+00  -2.327482e+00
49  -2.612413e+00  -2.365614e+00
50  3.178305e+01  -5.288226e+00
51  1.030896e+02  -4.604557e+00
52  2.710427e+02  -4.874949e+00
53  5.971959e+02  4.051773e+00
54  1.374213e+03  -1.214956e+01
55  2.891952e+03  -5.666126e+01
56  6.053707e+03  -1.374733e+02
57  1.240856e+04  -2.820568e+02
58  2.695441e+04  -4.184472e+02
59  5.794275e+04  -2.960068e+02
60  1.230893e+05  -3.136515e+02
61  2.582854e+05  -6.522282e+02
62  5.425717e+05  -7.515754e+02
63  1.361546e+06  -7.367468e+02
ENDPROP
STARTPROP
MASSES:  4.500000e-02   4.500000e-02
SOURCE: GAM_34
SINKS: GAM_34
0  1.539208e+05  1.123771e+02
1  1.372547e+06  -2.762035e+02
2  5.493421e+05  -3.858695e+02
3  2.706585e+05  -2.401489e+02
4  1.318084e+05  8.269051e+01
5  6.465591e+04  1.672285e+02
6  3.070223e+04  2.458276e+02
7  1.572132e+04  2.437706e+02
8  8.363345e+03  1.600373e+02
9  4.002445e+03  8.786717e+01
10  1.900144e+03  3.064019e+01
11  8.558510e+02  3.128257e+01
12  3.262846e+02  1.598203e+01
13  7.906506e+01  1.150877e+01
14  -6.737048e+00  9.417236e+00
15  -1.010183e+01  7.347779e+00
16  -4.576015e-02  4.315155e+00
17  5.689501e-01  1.678076e+00
18  1.935640e+00  5.491991e-01
19  8.753752e-01  7.880270e-02
20  -7.420940e-01  2.216212e-01
21  -1.264014e+00  1.935716e-01
22  -9.718259e-01  1.479604e-01
23  -4.093937e-01  1.012402e-01
24  -1.950574e-01  5.455721e-02
25  -2.134742e-01  3.005426e-02
26  -1.457167e-01  1.071930e-02
27  -9.431014e-02  3.871603e-03
28  -3.837694e-02  9.072384e-03
29  -1.565999e-02  3.752417e-03
30  -9.861053e-03  7.708650e-04
31  -1.279219e-02  -2.286697e-04
32  -8.359285e-03  -1.509205e-03
33  -7.687344e-03  -4.425722e-03
34  -1.291526e-02  -8.396312e-03
35  -6.637475e-03  -1.110123e-02
36  -1.181970e-02  -7.055792e-03
37  1.145743e-02  -2.101578e-03
38  5.974599e-02  -1.188797e-03
39  2.525925e-01  2.947523e-02
40  4.137022e-01  6.145739e-02
41  6.778209e-01  1.075795e-01
42  1.396555e+00  2.295180e-01
43  2.740171e+00  5.948704e-01
44  5.093453e+00  9.482385e-01
45  7.747064e+00  1.342688e+00
46  6.805273e+00  1.525743e+00
47  7.073258e-01  2.348148e+00
48  -5.251375e+00  4.365680e+00
49  -1.187137e+01  3.920574e+00
50  9.899794e+00  2.000365e+00
51  3.106111e+01  4.379285e+00
52  1.273544e+02  3.593655e+00
53  3.319354e+02  -7.117035e+00
54  9.527010e+02  -2.339898e+01
55  2.026755e+03  -2.550663e+01
56  4.476777e+03  -5.345577e+01
57  1.006611e+04  9.494617e+00
58  2.373324e+04  2.424877e+02
59  5.178300e+04  2.782656e+02
60  1.154021e+05  2.983945e+02
61  2.549723e+05  1.942386e+02
62  5.387055e+05  -6.471022e+01
63  1.352780e+06  7.756877e+02
ENDPROP
STARTPROP
MASSES:  4.500000e-02   4.500000e-02
SOURCE: GAM_43
SINKS: GAM_43
0  1.539208e+05  1.123771e+02
1  1.372547e+06  -2.762035e+02
2  5.493421e+05  -3.858695e+02
3  2.706585e+05  -2.401489e+02
4  1.318084e+05  8.269051e+01
5  6.465591e+04  1.672285e+02
6  3.070223e+04  2.458276e+02
7  1.572132e+04  2.437706e+02
8  8.363345e+03  1.600373e+02
9  4.002445e+03  8.786717e+01
10  1.900144e+03  3.064019e+01
11  8.558510e+02  3.128257e+01
12  3.262846e+02  1.598203e+01
13  7.906506e+01  1.150877e+01
14  -6.737048e+00  9.417236e+00
15  -1.010183e+01  7.347779e+00
16  -4.576015e-02  4.315155e+00
17  5.689501e-01  1.678076e+00
18  1.935640e+00  5.491991e-01
19  8.753752e-01  7.880270e-02
20  -7.420940e-01  2.216212e-01
21  -1.264014e+00  1.935716e-01
22  -9.718259e-01  1.479604e-01
23  -4.093937e-01  1.012402e-01
24  -1.950574e-01  5.455721e-02
25  -2.134742e-01  3.005426e-02
26  -1.457167e-01  1.071930e-02
27  -9.431014e-02  3.871603e-03
28  -3.837694e-02  9.072384e-03
29  -1.565999e-02  3.752417e-03
30  -9.861053e-03  7.708650e-04
31  -1.279219e-02  -2.286697e-04
32  -8.359285e-03  -1.509205e-03
33  -7.687344e-03  -4.425722e-03
34  -1.291526e-02  -8.396312e-03
35  -6.637475e-03  -1.110123e-02
36  -1.181970e-02  -7.055792e-03
37  1.145743e-02  -2.101578e-03
38  5.974599e-02  -1.188797e-03
39  2.525925e-01  2.947523e-02
40  4.137022e-01  6.145739e-02
41  6.778209e-01  1.075795e-01
42  1.396555e+00  2.295180e-01
43  2.740171e+00  5.948704e-01
44  5.093453e+00  9.482385e-01
45  7.747064e+00  1.342688e+00
46  6.805273e+00  1.525743e+00
47  7.073258e-01  2.348148e+00
48  -5.251375e+00  4.365680e+00
49  -1.187137e+01  3.920574e+00
50  9.899794e+00  2.000365e+00
51  3.106111e+01  4.379285e+00
52  1.273544e+02  3.593655e+00
53  3.319354e+02  -7.117035e+00
54  9.527010e+02  -2.339898e+01
55  2.026755e+03  -2.550663e+01
56  4.476777e+03  -5.345577e+01
57  1.006611e+04  9.494617e+00
58  2.373324e+04  2.424877e+02
59  5.178300e+04  2.782656e+02
60  1.154021e+05  2.983945e+02
61  2.549723e+05  1.942386e+02
62  5.387055e+05  -6.471022e+01
63  1.352780e+06  7.756877e+02
ENDPROP
STARTPROP
MASSES:  4.500000e-02   4.500000e-02
SOURCE: GAM_15
SINKS: GAM_15
0  9.644279e+04  -2.007857e+03
1  -9.207715e+05  -1.479234e+03
2  -2.768081e+05  -4.794238e+02
3  -1.090061e+05  -7.796029e+02
4  -3.991479e+04  2.701374e+02
5  -1.433198e+04  3.744869e+02
6  -4.964797e+03  3.037406e+02
7  -1.259964e+03  3.497078e+01
8  -2.026415e+02  -8.356676e+01
9  4.760335e+01  -5.939400e+01
10  1.461078e+02  -1.308144e+01
11  5.539434e+01  -1.469205e+01
12  4.637589e+01  -2.713081e+01
13  7.191591e+01  -1.938952e+01
14  5.005465e+01  -1.143322e+01
15  2.205564e+01  -6.457992e+00
16  6.025922e+00  -3.566620e+00
17  -1.016644e+00  -7.629919e-01
18  -1.143246e+00  3.940407e-01
19  -1.277546e+00  1.546680e-02
20  2.928613e-01  6.497655e-02
21  7.913682e-01  2.578145e-01
22  4.659754e-01  2.121064e-01
23  1.686313e-01  7.391725e-02
24  -6.769072e-03  1.712879e-02
25  2.947002e-02  1.338468e-02
26  6.112668e-02  6.683620e-03
27  5.051131e-02  5.687048e-03
28  3.694112e-02  7.231171e-03
29  2.298783e-02  4.682280e-03
30  6.401045e-03  1.721131e-03
31  -1.230307e-03  3.341081e-04
32  -2.980925e-03  -1.298601e-04
33  -1.310888e-02  9.313696e-04
34  -2.312054e-02  3.832960e-03
35  -3.885165e-02  6.435744e-03
36  -6.103588e-02  7.315231e-03
37  -8.458733e-02  5.937267e-03
38  -7.203407e-02  5.537851e-03
39  -4.051753e-02  -4.966725e-03
40  -1.326842e-01  -4.939158e-02
41  -3.291884e-01  -1.136599e-01
42  -5.305760e-01  -2.288630e-01
43  -5.817558e-01  -4.081145e-01
44  -7.457354e-01  -5.725568e-01
45  -2.539299e+00  -5.728866e-01
46  -9.213700e+00  -3.366576e-01
47  -1.783762e+01  -4.536377e-01
48  -2.225137e+01  -8.919778e-01
49  -3.192833e+01  8.254880e-01
50  -4.858744e+01  6.216692e+00
51  -1.248104e+01  8.344550e+00
52  7.389943e+01  7.307039e+00
53  6.383164e+01  1.414576e+01
54  7.917961e+01  2.443945e+01
55  -1.060513e+02  9.608365e+00
56  -3.519691e+02  4.533397e+01
57  -1.274490e+03  1.911057e+02
58  -3.283284e+03  2.441066e+02
59  -1.093796e+04  2.274614e+02
60  -3.538562e+04  8.150991e+00
61  -9.418236e+04  -2.294875e+02
62  -2.478088e+05  5.152722e+02
63  -8.871757e+05  -8.839704e+01
ENDPROP
STARTPROP
MASSES:  4.500000e-02   4.500000e-02
SOURCE: GAM_25
SINKS: GAM_25
0  1.002296e+05  1.540425e+02
1  -9.014347e+05  1.444985e+03
2  -2.549190e+05  1.118060e+03
3  -9.611286e+04  1.738480e+02
4  -3.560219e+04  4.679610e+02
5  -1.369243e+04  6.203933e+02
6  -5.507639e+03  3.625125e+02
7  -2.429585e+03  1.824397e+02
8  -1.314174e+03  1.225855e+02
9  -5.338305e+02  7.866911e+01
10  -6.691142e+01  3.900730e+01
11  3.032392e+01  2.093739e+01
12  -7.886123e+00  1.318185e+01
13  -2.238939e+01  5.574371e+00
14  -4.026419e+00  2.004199e+00
15  -5.159967e+00  4.396822e-01
16  -1.276665e+01  3.969637e-01
17  -2.990972e+00  1.358830e+00
18  5.234082e+00  8.072598e-01
19  4.788203e+00  7.284125e-02
20  2.383990e+00  9.119887e-02
21  4.589319e-01  -1.768803e-02
22  1.235801e-01  -8.228742e-02
23  1.561651e-01  -5.501887e-02
24  4.485503e-02  -3.764417e-02
25  -5.188870e-02  -1.935391e-02
26  -7.109725e-03  -8.034722e-03
27  -2.652520e-03  -3.065022e-03
28  -2.155873e-03  -4.028236e-03
29  7.567278e-03  -4.477751e-03
30  6.720587e-03  -1.938666e-03
31  1.063915e-02  -1.039262e-03
32  9.405172e-03  8.502721e-04
33  7.601322e-03  3.331006e-03
34  1.964182e-02  6.569490e-03
35  2.411214e-02  1.328184e-02
36  2.465547e-02  1.984486e-02
37  8.990909e-03  3.037657e-02
38  1.167256e-02  4.083646e-02
39  5.409403e-02  3.110321e-02
40  6.796392e-03  -1.715919e-03
41  -6.099967e-02  -2.450186e-02
42  1.247676e-01  -1.053278e-01
43  5.293021e-01  -1.516741e-01
44  1.235199e+00  1.113595e-01
45  3.748157e+00  3.242091e-01
46  8.083843e+00  2.081932e-01
47  1.416970e+01  -3.120932e-01
48  1.825810e+01  6.541668e-01
49  2.113872e+01  3.169826e+00
50  4.852097e+01  -1.009833e+00
51  7.546625e+01  -2.915023e+00
52  3.270968e+01  -2.120368e+00
53  1.832189e+01  2.188002e+00
54  4.559339e+00  1.416309e+01
55  -1.782464e+02  8.631561e+01
56  -8.367091e+02  1.604697e+02
57  -1.994901e+03  1.964128e+02
58  -5.708496e+03  1.853657e+02
59  -1.576380e+04  2.286848e+02
60  -3.974177e+04  2.846307e+02
61  -1.013462e+05  4.510418e+02
62  -2.572021e+05  3.384146e+02
63  -8.908193e+05  9.195014e+01
ENDPROP
STARTPROP
MASSES:  4.500000e-02   4.500000e-02
SOURCE: GAM_35
SINKS: GAM_35
0  8.515805e+04  4.363330e+02
1  -9.081031e+05  -4.278244e+01
2  -2.590698e+05  -3.230920e+02
3  -9.743888e+04  -7.513184e+02
4  -3.897141e+04  -4.732381e+02
5  -1.539997e+04  -2.553473e+02
6  -6.256077e+03  7.510244e+01
7  -2.785002e+03  1.478006e+02
8  -8.910882e+02  9.742443e+01
9  -2.892386e+02  2.121758e+01
10  3.531621e+01  1.102292e+01
11  3.735366e+01  -1.128081e+01
12  2.450665e+01  -1.125302e+01
13  4.277180e+01  4.688401e-01
14  3.975602e+01  4.780814e+00
15  1.835748e+01  2.320663e+00
16  4.320488e+00  9.156958e-01
17  -2.964244e+00  -2.934226e-01
18  -6.869655e+00  -2.535847e-01
19  -5.122589e+00  1.163003e-04
20  -2.292904e+00  4.327086e-02
21  -7.975527e-01  5.429440e-02
22  -3.396879e-01  7.307243e-02
23  -1.869170e-01  2.797782e-02
24  -8.652164e-02  -9.665927e-03
25  -4.727548e-02  -1.872664e-02
26  -8.950109e-03  -1.075231e-02
27  -1.645821e-02  6.279400e-03
28  -1.771917e-02  2.404016e-03
29  -4.275617e-03  -2.727189e-03
30  5.958437e-03  -3.608432e-03
31  8.512529e-03  -2.449511e-03
32  1.243694e-02  -1.939776e-03
33  1.763840e-02  -1.676437e-03
34  1.866636e-02  -2.544140e-03
35  2.100444e-02  -6.620357e-03
36  1.861969e-02  -1.610107e-02
37  3.957312e-02  -2.996122e-02
38  1.905773e-02  -5.136204e-02
39  6.402836e-02  -8.846055e-02
40  1.225686e-01  -1.361919e-01
41  2.619723e-02  -1.869928e-01
42  7.392915e-02  -1.993285e-01
43  3.308842e-01  -2.022010e-01
44  8.367055e-01  -3.544371e-01
45  1.872738e+00  -2.802348e-01
46  4.751183e+00  5.408799e-01
47  7.612930e+00  1.048465e+00
48  1.969798e+01  3.158854e+00
49  2.161497e+01  3.935591e+00
50  7.031508e+00  3.863998e+00
51  3.856116e+00  1.483168e+00
52  4.818391e+01  -1.405540e+01
53  1.379562e+02  -4.041775e+01
54  2.814695e+02  -8.046292e+01
55  2.507294e+02  -9.383161e+01
56  3.301401e+01  -1.277703e+02
57  -1.516461e+03  -2.142912e+02
58  -5.880891e+03  -1.992857e+02
59  -1.622708e+04  7.159466e+01
60  -4.065462e+04  4.325637e+02
61  -1.108748e+05  6.389442e+02
62  -2.815164e+05  9.737930e+02
63  -9.252441e+05  1.254788e+03
ENDPROP
STARTPROP
MASSES:  4.500000e-02   4.500000e-02
SOURCE: GAM_45
SINKS: GAM_45
0  -1.010617e+06  -9.143597e+01
1  1.097905e+06  -8.463149e+01
2  5.219193e+05  -3.985780e+02
3  3.320039e+05  -2.576761e+02
4  2.059264e+05  1.649562e+02
5  1.268880e+05  3.464573e+02
6  7.733877e+04  1.462360e+02
7  4.718772e+04  1.254633e+02
8  2.869953e+04  1.330919e+02
9  1.722076e+04  1.307095e+02
10  1.023757e+04  7.687089e+01
11  6.163933e+03  4.906663e+01
12  3.702071e+03  1.251109e+01
13  2.232464e+03  1.498196e+01
14  1.342531e+03  1.204106e+01
15  8.279191e+02  8.022943e+00
16  4.988758e+02  6.734219e+00
17  3.019039e+02  4.834670e+00
18  1.824865e+02  3.877104e+00
19  1.124459e+02  2.331489e+00
20  6.950735e+01  1.458794e+00
21  4.275442e+01  1.059464e+00
22  2.635233e+01  7.972601e-01
23  1.632883e+01  4.798270e-01
24  1.005559e+01  3.247329e-01
25  6.068566e+00  2.121556e-01
26  3.654836e+00  1.302866e-01
27  2.289360e+00  8.554497e-02
28  1.386048e+00  5.189755e-02
29  8.691331e-01  2.947023e-02
30  5.661399e-01  1.808662e-02
31  4.108407e-01  9.415969e-03
32  3.648825e-01  3.626077e-03
33  4.227705e-01  -3.058881e-03
34  5.864765e-01  -1.081076e-02
35  9.224752e-01  -2.346212e-02
36  1.476602e+00  -3.591611e-02
37  2.327561e+00  -5.632680e-02
38  3.767359e+00  -9.136778e-02
39  6.041892e+00  -1.706878e-01
40  9.860592e+00  -2.506441e-01
41  1.589150e+01  -3.974057e-01
42  2.628219e+01  -5.532165e-01
43  4.393282e+01  -8.643860e-01
44  7.170323e+01  -1.504961e+00
45  1.177760e+02  -2.429088e+00
46  1.915891e+02  -3.163302e+00
47  3.131251e+02  -4.187272e+00
48  5.132123e+02  -4.446181e+00
49  8.529617e+02  -7.718440e+00
50  1.407199e+03  -1.310509e+01
51  2.315827e+03  -1.714277e+01
52  3.773085e+03  -2.866115e+01
53  6.155272e+03  -2.290596e+01
54  1.006784e+04  -1.110247e+01
55  1.657164e+04  -5.756469e+00
56  2.704402e+04  -8.871620e+01
57  4.446734e+04  -2.286799e+02
58  7.322239e+04  -4.462209e+02
59  1.194313e+05  -5.692973e+02
60  1.968624e+05  -5.957875e+02
61  3.229220e+05  -6.538294e+02
62  5.229155e+05  -1.030847e+03
63  1.092024e+06  -1.542461e+01
ENDPROP
STARTPROP
MASSES:  4.500000e-02   4.500000e-02
SOURCE: PSAX4
SINKS: GAM_4
0  7.451809e+03  -2.955262e+03
1  1.674070e+06  -6.137952e+00
2  9.152231e+05  8.313604e+02
3  5.687104e+05  5.943761e+02
4  3.474369e+05  6.804278e+02
5  2.114499e+05  6.816984e+02
6  1.289731e+05  3.396219e+02
7  7.827266e+04  2.505949e+02
8  4.771117e+04  2.298753e+02
9  2.862781e+04  1.924330e+02
10  1.707812e+04  9.240282e+01
11  1.033440e+04  5.281842e+01
12  6.196385e+03  1.391735e+01
13  3.746129e+03  1.757419e+01
14  2.259779e+03  1.360881e+01
15  1.392603e+03  7.196539e+00
16  8.432070e+02  6.683818e+00
17  5.129481e+02  4.791816e+00
18  3.087698e+02  3.852732e+00
19  1.890688e+02  2.264410e+00
20  1.151913e+02  1.364658e+00
21  7.078019e+01  1.025448e+00
22  4.314242e+01  7.493745e-01
23  2.652222e+01  3.931102e-01
24  1.621304e+01  2.585698e-01
25  9.772443e+00  1.731276e-01
26  5.890922e+00  1.027319e-01
27  3.659594e+00  6.751828e-02
28  2.189146e+00  4.300606e-02
29  1.297682e+00  2.575917e-02
30  7.184470e-01  1.811433e-02
31  3.176888e-01  1.370448e-02
32  -1.847734e-03  1.063822e-02
33  -3.315035e-01  1.172023e-02
34  -7.352849e-01  1.439397e-02
35  -1.350389e+00  2.399792e-02
36  -2.285730e+00  3.078476e-02
37  -3.709046e+00  4.472838e-02
38  -6.076262e+00  7.041397e-02
39  -9.884578e+00  1.366298e-01
40  -1.626283e+01  1.906548e-01
41  -2.631130e+01  3.111994e-01
42  -4.372434e+01  4.383555e-01
43  -7.300125e+01  5.780719e-01
44  -1.200693e+02  1.086539e+00
45  -1.979321e+02  2.007968e+00
46  -3.234990e+02  2.692734e+00
47  -5.331429e+02  2.728678e+00
48  -8.732713e+02  1.239806e+00
49  -1.445443e+03  2.870478e+00
50  -2.385614e+03  7.726075e+00
51  -3.937805e+03  7.885245e+00
52  -6.414379e+03  8.332623e+00
53  -1.049455e+04  -2.708511e+01
54  -1.733489e+04  -6.807356e+01
55  -2.853564e+04  -9.362370e+01
56  -4.663404e+04  -1.581242e+01
57  -7.698267e+04  7.483979e+01
58  -1.262772e+05  1.510507e+02
59  -2.072021e+05  2.665470e+02
60  -3.403742e+05  1.165044e+01
61  -5.596015e+05  -3.461727e+02
62  -9.165033e+05  -9.664766e+01
63  -1.661637e+06  -1.504272e+03
ENDPROP
STARTPROP
MASSES:  4.500000e-02   4.500000e-02
SOURCE: WWPSAX4
SINKS: GAM_4
0  -1.182479e+08  -1.603482e+07
1  1.191283e+09  2.290663e+06
2  4.004342e+08  4.039866e+05
3  3.755658e+08  -1.682635e+06
4  2.380876e+08  5.965257e+05
5  9.020838e+07  -1.123208e+06
6  6.152213e+07  -9.071387e+05
7  3.347057e+07  7.355605e+05
8  2.206738e+07  2.593602e+05
9  1.170254e+07  -1.565031e+05
10  1.036014e+07  2.343801e+05
11  4.693074e+06  -1.078258e+05
12  3.182326e+06  -1.264692e+05
13  1.741334e+06  1.622036e+04
14  1.330297e+06  4.428244e+04
15  5.786971e+05  -2.811561e+04
16  4.355497e+05  5.354238e+02
17  2.493044e+05  -8.685989e+03
18  1.474989e+05  4.340190e+03
19  1.138494e+05  5.338838e+03
20  7.520979e+04  3.417484e+03
21  4.351893e+04  1.427835e+03
22  1.710330e+04  1.003820e+03
23  1.506833e+04  4.243026e+02
24  5.576055e+03  2.335732e+02
25  6.062846e+03  2.884848e+02
26  3.621120e+03  1.479234e+02
27  1.881036e+03  1.782582e+02
28  1.339601e+03  7.344218e+00
29  7.399339e+02  2.464456e+00
30  3.714610e+02  -2.236366e+01
31  1.356688e+02  1.236782e+01
32  1.107796e+02  -4.160147e+00
33  -2.584856e+02  1.250247e+01
34  -3.241558e+02  -2.334312e+01
35  -7.093990e+02  3.950185e+00
36  -1.287951e+03  2.553015e+00
37  -1.641460e+03  5.709098e+01
38  -3.484439e+03  -3.102854e+01
39  -5.042757e+03  3.940874e+02
40  -1.224338e+04  7.687349e+02
41  -1.231609e+04  5.842629e+02
42  -2.436347e+04  6.194528e+02
43  -3.346247e+04  6.866780e+02
44  -6.284982e+04  4.259587e+02
45  -9.377099e+04  -1.314262e+03
46  -1.867099e+05  9.656054e+03
47  -3.086231e+05  -4.327180e+03
48  -3.934539e+05  -1.113285e+04
49  -5.840213e+05  3.959920e+03
50  -1.049723e+06  1.403302e+04
51  -3.116536e+06  1.337622e+05
52  -3.113725e+06  1.859436e+05
53  -7.763010e+06  -8.083393e+04
54  -1.082169e+07  2.954619e+05
55  -1.221617e+07  4.973155e+05
56  -1.971228e+07  -3.064766e+04
57  -2.402018e+07  -5.425683e+05
58  -7.893146e+07  1.153673e+06
59  -1.159413e+08  2.142492e+06
60  -1.926081e+08  2.218942e+06
61  -3.339890e+08  7.255006e+06
62  -6.012659e+08  9.724558e+04
63  -1.187792e+09  -1.581733e+07
ENDPROP
STARTPROP
MASSES:  4.500000e-02   4.500000e-02
SOURCE: WWGAM_5
SINKS: GAM_5
0  2.006371e+10  3.491492e-01
1  1.656943e+09  6.301264e+06
2  6.366536e+08  -7.770412e+06
3  5.841678e+08  -1.930655e+06
4  3.346419e+08  7.970507e+05
5  1.615159e+08  -4.077951e+05
6  1.007946e+08  -4.488120e+05
7  6.027218e+07  4.504414e+05
8  3.879301e+07  6.760718e+05
9  2.012538e+07  -1.051397e+05
10  1.740240e+07  3.329774e+05
11  8.443775e+06  4.924427e+04
12  5.355027e+06  -1.553377e+05
13  3.280803e+06  1.322429e+04
14  2.053898e+06  4.240444e+04
15  1.031330e+06  -6.576263e+03
16  7.331358e+05  1.523183e+03
17  4.385339e+05  4.493265e+03
18  2.595512e+05  1.483481e+03
19  1.651828e+05  7.766233e+03
20  1.193630e+05  2.296485e+03
21  6.854782e+04  1.371669e+03
22  3.020995e+04  9.732716e+02
23  2.461546e+04  4.923417e+02
24  1.023021e+04  4.704618e+02
25  9.806358e+03  7.877597e+01
26  4.982395e+03  1.422555e+02
27  3.025231e+03  2.067074e+02
28  2.296149e+03  5.146447e+01
29  1.266073e+03  -8.262298e+00
30  7.850051e+02  -1.193888e+01
31  5.258840e+02  -2.903655e+00
32  5.498837e+02  1.536369e+01
33  5.412076e+02  -1.015614e+01
34  7.583233e+02  3.258164e+01
35  1.306813e+03  9.274773e+00
36  2.256638e+03  -3.082425e+01
37  2.682432e+03  -5.341551e+01
38  5.470100e+03  -1.770787e+01
39  8.809864e+03  -4.223660e+02
40  1.586402e+04  -6.355511e+02
41  2.212128e+04  -4.624134e+02
42  4.193496e+04  -1.459422e+03
43  5.977687e+04  -6.363624e+01
44  1.035354e+05  -2.678227e+03
45  1.429224e+05  5.853894e+02
46  2.843212e+05  -1.125474e+04
47  4.964462e+05  -7.379244e+03
48  6.633075e+05  -9.810595e+03
49  1.067391e+06  -1.938775e+04
50  1.677807e+06  1.569346e+04
51  4.075555e+06  -1.490229e+05
52  4.871197e+06  -1.736109e+05
53  1.113485e+07  8.502673e+04
54  1.666231e+07  -2.284732e+05
55  2.071323e+07  -5.132918e+05
56  3.200947e+07  3.962155e+04
57  5.106420e+07  4.547614e+05
58  1.202299e+08  -9.703884e+05
59  1.876244e+08  -1.832938e+06
60  3.145259e+08  -2.142623e+06
61  5.267456e+08  -7.951841e+06
62  9.138973e+08  4.026303e+06
63  1.759033e+09  9.647308e+06
ENDPROP
