STARTPROP
MASSES:  4.200000e-03   4.500000e-02
SOURCE: GAM_1
SINKS: GAM_1
0  1.178784e+06  -1.531411e+04
1  1.910485e+06  -5.482432e+03
2  8.668098e+05  1.678000e+03
3  4.591513e+05  8.170064e+03
4  2.340920e+05  7.365348e+03
5  1.175664e+05  7.582347e+03
6  5.871494e+04  2.582152e+03
7  3.134710e+04  9.275603e+02
8  1.625810e+04  3.748614e+02
9  8.308245e+03  3.347949e+01
10  5.202385e+03  3.218917e+02
11  2.148571e+03  5.494729e+02
12  5.689855e+02  4.220998e+02
13  -5.158761e+01  1.077720e+02
14  -1.317030e+02  -1.659212e+02
15  -1.779095e+02  -3.627406e+02
16  -2.366571e+02  -3.134236e+02
17  -2.451591e+02  -1.414777e+02
18  -1.462965e+02  -3.489018e+01
19  -8.459487e+01  1.107966e+01
20  -7.028713e+01  1.476232e+01
21  -5.522817e+01  1.731689e+01
22  -3.419829e+01  1.940410e+01
23  -1.655666e+01  2.117196e+01
24  -5.012770e+00  1.844595e+01
25  -1.714075e-01  1.023191e+01
26  6.045851e-01  9.602168e+00
27  -1.139101e-01  8.950328e+00
28  -1.301307e+00  4.235700e+00
29  -6.014688e-01  1.583383e+00
30  1.423494e+00  3.111773e-01
31  2.544776e+00  -4.084581e-02
32  2.347966e+00  -6.531322e-01
33  2.112915e+00  -2.921784e+00
34  2.485161e+00  -4.692712e+00
35  1.491939e+00  -4.564327e+00
36  5.133558e-01  -6.075961e+00
37  1.444232e+00  -9.385990e+00
38  3.248678e-01  -1.072295e+01
39  -4.254768e+00  -9.317017e+00
40  -7.163977e+00  -4.361670e+00
41  -1.713819e+01  2.019757e+00
42  -3.903246e+01  -9.674728e+00
43  -9.899422e+01  -5.446819e+01
44  -1.811332e+02  -1.114226e+02
45  -2.851322e+02  -1.650308e+02
46  -3.288348e+02  -1.950952e+02
47  -3.296158e+02  -2.509303e+02
48  -1.471784e+02  -3.405816e+02
49  6.597281e+01  -2.833104e+02
50  2.417599e+02  6.321312e+01
51  3.103797e+02  2.462096e+02
52  6.976683e+02  5.156468e+02
53  1.582465e+03  -1.135235e+02
54  3.806677e+03  -8.052165e+02
55  8.137754e+03  -1.764208e+02
56  1.758200e+04  2.572353e+02
57  3.270112e+04  1.118260e+03
58  6.234143e+04  6.877838e+02
59  1.235463e+05  -5.776589e+02
60  2.381805e+05  9.919094e+02
61  4.542754e+05  -4.168965e+03
62  8.682785e+05  -1.369902e+04
63  1.909574e+06  -1.785911e+04
ENDPROP
STARTPROP
MASSES:  4.200000e-03   4.500000e-02
SOURCE: GAM_2
SINKS: GAM_2
0  1.216641e+06  8.155409e+03
1  1.909023e+06  5.279070e+03
2  8.562625e+05  1.173949e+04
3  4.416672e+05  9.290782e+03
4  2.104065e+05  5.901220e+03
5  9.667523e+04  5.381365e+03
6  4.452827e+04  1.536889e+03
7  2.120913e+04  -2.766917e+02
8  1.054689e+04  1.447870e+03
9  5.772547e+03  1.370361e+03
10  2.465433e+03  4.171128e+02
11  1.646691e+03  1.330155e+02
12  9.752255e+02  -7.926838e+01
13  3.911457e+02  -1.624052e+02
14  8.564949e+01  -3.474940e+02
15  2.025355e+01  -2.787929e+02
16  9.133843e+01  -1.174555e+02
17  1.435005e+02  -3.824717e+01
18  1.106559e+02  -6.736731e+01
19  7.141749e+01  -8.768483e+01
20  6.803865e+01  -2.661044e+01
21  7.100300e+01  1.230505e+01
22  6.183218e+01  1.948560e+01
23  4.539735e+01  2.593772e+01
24  3.023747e+01  1.975729e+01
25  1.741241e+01  9.933966e+00
26  1.216206e+01  9.389881e+00
27  6.461429e+00  7.589602e+00
28  1.184400e+00  5.439657e+00
29  -1.582197e+00  4.067705e+00
30  -1.877614e+00  4.413277e+00
31  -2.011984e+00  2.919596e+00
32  -3.486120e+00  3.164272e+00
33  -4.343485e+00  3.801625e+00
34  -4.623033e+00  2.911287e+00
35  -4.811858e+00  1.565661e+00
36  -3.596713e+00  9.469472e-01
37  -5.256742e+00  1.117044e+00
38  -6.126618e+00  3.751814e+00
39  -3.582215e+00  8.688881e+00
40  -7.672528e+00  2.140049e+01
41  -1.546895e+01  1.999622e+01
42  -2.372030e+01  1.236395e+01
43  -2.174982e+01  1.143232e+01
44  -7.739477e+01  -2.273006e+01
45  -1.346760e+02  -6.867142e+01
46  -9.606691e+01  -3.363675e+01
47  -1.028672e+02  -4.541080e+01
48  1.352925e+02  -8.372270e+01
49  3.798724e+02  -5.046952e+01
50  8.236252e+02  3.345882e+02
51  1.099200e+03  6.862428e+02
52  1.628398e+03  1.053958e+03
53  2.409852e+03  1.692686e+03
54  4.125264e+03  2.790142e+03
55  8.674715e+03  2.107784e+03
56  1.716298e+04  1.362850e+03
57  3.598510e+04  1.887954e+03
58  7.215658e+04  1.611971e+03
59  1.314540e+05  5.996767e+03
60  2.423331e+05  9.864891e+03
61  4.632952e+05  1.116821e+04
62  8.739549e+05  1.262723e+04
63  1.910805e+06  2.052527e+04
ENDPROP
STARTPROP
MASSES:  4.200000e-03   4.500000e-02
SOURCE: GAM_3
SINKS: GAM_3
0  1.217723e+06  1.869362e+04
1  1.923806e+06  1.400650e+04
2  8.762977e+05  3.748602e+03
3  4.346147e+05  -1.157679e+03
4  2.068270e+05  1.887218e+03
5  9.851292e+04  4.456597e+03
6  4.759887e+04  4.894556e+03
7  2.032495e+04  4.391211e+03
8  8.684607e+03  2.566492e+03
9  3.315015e+03  1.019002e+03
10  1.356105e+03  8.949061e+02
11  1.057506e+03  6.590783e+02
12  6.406565e+02  -3.268332e+02
13  3.896181e+02  -5.787136e+02
14  2.379538e+02  -3.272024e+02
15  2.052388e+02  -1.487510e+02
16  4.102675e+01  -1.647172e+02
17  -1.671774e+01  -9.961181e+01
18  -1.838026e+01  -6.860159e+01
19  -1.421131e+01  -1.041251e+01
20  -2.952504e+01  1.252897e+01
21  -3.415342e+01  -4.074390e+00
22  -2.220980e+01  2.176436e+00
23  -8.260172e+00  -3.934220e+00
24  -2.650091e+00  -3.123419e+00
25  -8.343362e-01  -5.841606e+00
26  -6.083710e+00  -7.644521e+00
27  -5.911782e+00  -8.542438e+00
28  -3.252363e+00  -6.456237e+00
29  -1.350080e+00  -4.017299e+00
30  -1.091863e+00  -3.592808e+00
31  -1.734159e-01  -1.416576e+00
32  3.844288e-01  3.262079e-01
33  1.614709e+00  8.047853e-01
34  2.102058e+00  1.766843e-01
35  4.137945e+00  -4.701697e-01
36  9.157637e+00  -4.015494e-01
37  1.211456e+01  1.629918e+00
38  1.276211e+01  4.546224e+00
39  1.663977e+01  1.311042e+01
40  2.719119e+01  1.302649e+01
41  5.276309e+01  1.481324e+01
42  8.716550e+01  1.996728e+01
43  1.120620e+02  1.769680e+01
44  1.101458e+02  4.037956e+01
45  1.231234e+02  1.051139e+02
46  1.937896e+02  1.820781e+02
47  2.904660e+02  2.605178e+02
48  3.602898e+02  3.183510e+02
49  5.772021e+02  2.802968e+02
50  5.204611e+02  3.347130e+02
51  8.065840e+02  3.279036e+02
52  1.958607e+03  1.034564e+02
53  3.711363e+03  1.837590e+02
54  6.473975e+03  -2.450377e+02
55  9.564993e+03  -8.749552e+01
56  1.721840e+04  -9.356996e+02
57  3.600536e+04  -1.919030e+03
58  7.102925e+04  -1.061696e+03
59  1.365562e+05  1.036039e+03
60  2.530738e+05  6.164864e+02
61  4.661274e+05  4.831852e+03
62  8.765173e+05  1.785670e+04
63  1.922522e+06  2.585586e+04
ENDPROP
STARTPROP
MASSES:  4.200000e-03   4.500000e-02
SOURCE: GAM_4
SINKS: GAM_4
0  2.127297e+06  -1.445574e+04
1  -3.035492e+05  -1.001973e+04
2  -1.321965e+04  -6.437427e+03
3  -1.295384e+04  -5.246811e+03
4  -4.156182e+03  -1.368604e+03
5  -2.715335e+03  -1.323484e+03
6  -1.730074e+03  -8.729120e+02
7  -1.691332e+03  -1.264132e+03
8  -9.926195e+02  -1.327957e+03
9  5.653052e+01  -6.000731e+02
10  3.077316e+02  -9.467889e+01
11  3.820801e+02  -1.316906e+02
12  4.613819e+02  3.089079e+01
13  2.560268e+02  1.023056e+02
14  2.081026e+02  -3.039322e+01
15  1.350483e+02  -1.432149e+02
16  5.305283e+01  -7.531211e+01
17  8.386779e+01  -6.511645e+01
18  5.843890e+01  -6.724639e+01
19  2.611775e+01  -2.910762e+01
20  2.250053e+01  -2.788696e+01
21  9.895859e+00  -2.564899e+01
22  6.210009e+00  -2.611266e+01
23  2.490431e-01  -2.412996e+01
24  2.883286e+00  -1.714068e+01
25  3.925946e+00  -1.132688e+01
26  2.750736e+00  -8.358262e+00
27  2.966902e+00  -7.124300e+00
28  3.518196e+00  -4.512587e+00
29  2.986731e+00  -3.185700e+00
30  3.509368e+00  -1.274097e+00
31  3.230349e+00  -5.000320e-01
32  2.990260e+00  1.164835e-01
33  2.673463e+00  7.250159e-01
34  2.260462e+00  1.007343e+00
35  2.894605e+00  4.950888e-01
36  2.106586e+00  1.083407e+00
37  1.794136e+00  3.370378e-01
38  -7.163778e-01  -2.287462e-02
39  -3.140411e+00  1.344651e+00
40  -4.393306e+00  7.522115e+00
41  -1.152676e+01  8.867885e+00
42  -1.626176e+01  8.131677e+00
43  -2.683205e+01  8.596951e+00
44  -4.605621e+01  2.420048e+01
45  -7.726958e+01  2.990620e+01
46  -1.194282e+02  3.173828e+01
47  -1.678925e+02  1.652355e+01
48  -1.808288e+02  1.117707e+01
49  -2.292828e+02  -4.705250e+01
50  -3.499222e+02  2.125532e+01
51  -4.311314e+02  -1.474096e+02
52  -4.877601e+02  -2.174712e+02
53  -5.041201e+02  -6.284295e+02
54  -8.432475e+02  -9.343885e+02
55  -1.158946e+03  -1.305912e+03
56  -1.560155e+03  -2.569277e+03
57  -2.671531e+03  -3.971363e+03
58  -3.202852e+03  -5.093554e+03
59  -4.144052e+03  -5.343435e+03
60  -5.226513e+03  -6.249536e+03
61  -1.390430e+04  -1.005022e+04
62  -1.325052e+04  -1.276503e+04
63  -3.110996e+05  -1.959058e+04
ENDPROP
STARTPROP
MASSES:  4.200000e-03   4.500000e-02
SOURCE: GAM_5
SINKS: GAM_5
0  7.071299e+06  -3.711231e+04
1  6.994668e+06  -4.361700e+04
2  4.988676e+06  -4.995095e+04
3  3.544875e+06  -3.776093e+04
4  2.459270e+06  -1.449403e+04
5  1.644299e+06  1.615168e+03
6  1.102811e+06  8.108904e+03
7  7.483485e+05  6.912729e+03
8  5.181166e+05  5.899852e+03
9  3.580843e+05  4.686836e+03
10  2.414567e+05  4.436681e+03
11  1.600060e+05  2.949375e+03
12  1.060925e+05  1.612731e+03
13  7.277752e+04  8.932001e+02
14  5.152646e+04  6.107800e+02
15  3.677048e+04  2.821874e+02
16  2.577706e+04  1.416618e+02
17  1.828455e+04  1.039861e+02
18  1.264090e+04  2.028732e+02
19  8.618227e+03  1.956193e+02
20  6.022240e+03  1.528873e+02
21  4.194448e+03  8.756905e+01
22  2.867548e+03  5.718910e+01
23  1.968192e+03  5.692973e+01
24  1.379513e+03  5.608854e+01
25  9.496300e+02  5.414543e+01
26  6.607657e+02  4.950042e+01
27  4.655593e+02  4.128564e+01
28  3.312302e+02  3.288642e+01
29  2.457127e+02  2.784564e+01
30  1.891927e+02  2.036674e+01
31  1.593755e+02  1.535060e+01
32  1.518232e+02  1.421928e+01
33  1.648845e+02  1.680203e+01
34  1.973052e+02  2.263211e+01
35  2.522170e+02  3.009684e+01
36  3.448419e+02  4.722046e+01
37  4.919563e+02  7.897571e+01
38  6.981991e+02  1.240434e+02
39  9.959747e+02  1.873478e+02
40  1.398902e+03  2.630206e+02
41  1.996128e+03  3.492431e+02
42  2.951816e+03  4.978267e+02
43  4.442479e+03  6.579283e+02
44  6.658181e+03  8.314135e+02
45  9.948519e+03  1.123128e+03
46  1.489678e+04  1.670274e+03
47  2.195637e+04  2.162592e+03
48  3.158088e+04  2.220029e+03
49  4.495970e+04  2.308701e+03
50  6.297492e+04  2.587976e+03
51  8.890948e+04  3.069884e+03
52  1.258378e+05  3.646161e+03
53  1.773317e+05  3.614171e+03
54  2.549075e+05  4.043100e+03
55  3.738844e+05  5.859861e+03
56  5.407582e+05  1.236315e+04
57  7.732117e+05  2.148606e+04
58  1.125037e+06  2.485610e+04
59  1.628898e+06  1.872639e+04
60  2.346664e+06  4.849435e+03
61  3.386780e+06  -1.560735e+02
62  4.884551e+06  -1.660005e+04
63  7.035756e+06  -2.778715e+04
ENDPROP
STARTPROP
MASSES:  4.200000e-03   4.500000e-02
SOURCE: GAM_12
SINKS: GAM_12
0  7.713121e+05  4.893824e+03
1  -7.587894e+05  -3.516552e+03
2  -2.066519e+05  -6.076896e+03
3  -8.557998e+04  -1.067587e+03
4  -2.716156e+04  1.154254e+03
5  -7.049618e+03  -3.558030e+01
6  -3.997703e+03  6.496191e+02
7  -7.201381e+02  4.872255e+02
8  -1.209705e+03  9.648761e+02
9  -1.258438e+03  3.582903e+02
10  -7.755808e+02  2.607813e+02
11  -1.065935e+03  -1.170499e+01
12  -4.645923e+02  -1.147791e+02
13  -1.484876e+02  -2.513406e+02
14  -1.555436e+02  -1.526838e+02
15  2.094697e+01  -1.436458e+02
16  -5.863693e+01  -1.261552e+02
17  -8.908031e+01  -7.390055e+01
18  -6.020961e+01  -4.250552e+01
19  -5.052360e+01  -1.157257e+01
20  -3.330082e+01  -6.552270e+00
21  -1.596338e+01  -8.970543e+00
22  -1.710561e+01  -1.821210e+01
23  -6.398448e+00  -1.422176e+01
24  -7.719942e+00  -5.499818e+00
25  -7.274028e+00  1.010580e+00
26  -5.595765e+00  2.300839e-01
27  -9.743245e-01  -5.085060e-01
28  -3.982686e-01  6.952003e-01
29  -5.723940e-01  1.220032e+00
30  -9.991897e-02  1.468067e+00
31  -4.657317e-01  1.747190e+00
32  -8.722971e-01  9.763089e-01
33  -1.045229e+00  1.025973e+00
34  -7.385182e-01  1.393792e+00
35  -2.102410e+00  1.306349e+00
36  -2.485479e+00  7.524075e-02
37  -1.568053e-01  8.066531e-01
38  7.716480e-01  -2.841966e+00
39  -1.786484e+00  -3.686828e+00
40  -3.853061e+00  -6.817040e+00
41  -1.035382e+01  -9.627143e+00
42  -2.178783e+01  -1.156936e+01
43  -3.202608e+01  -2.102754e+01
44  -1.619991e+01  -3.935110e+01
45  2.319831e+01  -4.509754e+01
46  1.015830e+01  -7.762481e+01
47  -8.085517e+01  -2.066610e+02
48  -2.786449e+02  -2.695926e+02
49  -4.100602e+02  -1.689684e+02
50  -6.906093e+02  3.311695e+01
51  -9.973364e+02  1.213549e+02
52  -6.780114e+02  1.007170e+02
53  -1.011864e+02  2.814273e+02
54  -5.487692e+02  1.201001e+02
55  -1.808911e+03  -3.087319e+02
56  -5.567764e+03  2.106929e+02
57  -7.898938e+03  1.593268e+03
58  -1.028649e+04  2.630018e+03
59  -1.489952e+04  3.512349e+03
60  -2.724710e+04  3.219008e+03
61  -6.638722e+04  3.047204e+03
62  -1.703098e+05  1.636490e+03
63  -7.253226e+05  3.583387e+03
ENDPROP
STARTPROP
MASSES:  4.200000e-03   4.500000e-02
SOURCE: GAM_21
SINKS: GAM_21
0  7.713121e+05  4.893824e+03
1  -7.587894e+05  -3.516552e+03
2  -2.066519e+05  -6.076896e+03
3  -8.557998e+04  -1.067587e+03
4  -2.716156e+04  1.154254e+03
5  -7.049618e+03  -3.558030e+01
6  -3.997703e+03  6.496191e+02
7  -7.201381e+02  4.872255e+02
8  -1.209705e+03  9.648761e+02
9  -1.258438e+03  3.582903e+02
10  -7.755808e+02  2.607813e+02
11  -1.065935e+03  -1.170499e+01
12  -4.645923e+02  -1.147791e+02
13  -1.484876e+02  -2.513406e+02
14  -1.555436e+02  -1.526838e+02
15  2.094697e+01  -1.436458e+02
16  -5.863693e+01  -1.261552e+02
17  -8.908031e+01  -7.390055e+01
18  -6.020961e+01  -4.250552e+01
19  -5.052360e+01  -1.157257e+01
20  -3.330082e+01  -6.552270e+00
21  -1.596338e+01  -8.970543e+00
22  -1.710561e+01  -1.821210e+01
23  -6.398448e+00  -1.422176e+01
24  -7.719942e+00  -5.499818e+00
25  -7.274028e+00  1.010580e+00
26  -5.595765e+00  2.300839e-01
27  -9.743245e-01  -5.085060e-01
28  -3.982686e-01  6.952003e-01
29  -5.723940e-01  1.220032e+00
30  -9.991897e-02  1.468067e+00
31  -4.657317e-01  1.747190e+00
32  -8.722971e-01  9.763089e-01
33  -1.045229e+00  1.025973e+00
34  -7.385182e-01  1.393792e+00
35  -2.102410e+00  1.306349e+00
36  -2.485479e+00  7.524075e-02
37  -1.568053e-01  8.066531e-01
38  7.716480e-01  -2.841966e+00
39  -1.786484e+00  -3.686828e+00
40  -3.853061e+00  -6.817040e+00
41  -1.035382e+01  -9.627143e+00
42  -2.178783e+01  -1.156936e+01
43  -3.202608e+01  -2.102754e+01
44  -1.619991e+01  -3.935110e+01
45  2.319831e+01  -4.509754e+01
46  1.015830e+01  -7.762481e+01
47  -8.085517e+01  -2.066610e+02
48  -2.786449e+02  -2.695926e+02
49  -4.100602e+02  -1.689684e+02
50  -6.906093e+02  3.311695e+01
51  -9.973364e+02  1.213549e+02
52  -6.780114e+02  1.007170e+02
53  -1.011864e+02  2.814273e+02
54  -5.487692e+02  1.201001e+02
55  -1.808911e+03  -3.087319e+02
56  -5.567764e+03  2.106929e+02
57  -7.898938e+03  1.593268e+03
58  -1.028649e+04  2.630018e+03
59  -1.489952e+04  3.512349e+03
60  -2.724710e+04  3.219008e+03
61  -6.638722e+04  3.047204e+03
62  -1.703098e+05  1.636490e+03
63  -7.253226e+05  3.583387e+03
ENDPROP
STARTPROP
MASSES:  4.200000e-03   4.500000e-02
SOURCE: GAM_13
SINKS: GAM_13
0  8.752844e+05  4.940363e+03
1  -6.663435e+05  3.162250e+02
2  -1.600569e+05  -5.602846e+03
3  -6.057643e+04  -6.259678e+03
4  -2.433923e+04  -1.216404e+03
5  -9.808075e+03  1.028279e+03
6  -5.097060e+03  8.027586e+02
7  -4.129748e+03  -1.966630e+02
8  -3.842344e+03  -1.619184e+03
9  -2.887599e+03  -1.945776e+03
10  -1.815810e+03  -1.501239e+03
11  -8.323902e+02  -8.858949e+02
12  -3.544229e+02  -4.888439e+02
13  -3.651227e+02  -2.412135e+02
14  -2.247782e+02  -1.963834e+02
15  -1.488052e+02  -1.323687e+02
16  -1.047206e+02  -1.612165e+02
17  -2.960205e+01  -1.037865e+02
18  3.767666e+01  -2.840432e+01
19  5.231972e+01  -1.484818e+01
20  5.379540e+01  -1.485606e+01
21  2.425957e+01  -1.122527e+01
22  3.747735e+00  -3.256015e+00
23  7.959340e-01  -2.228279e+00
24  -2.647035e+00  -1.730260e+00
25  -2.944129e+00  -2.098361e+00
26  -2.825132e+00  4.895475e+00
27  -3.795285e+00  5.601170e+00
28  -3.026754e+00  5.283705e+00
29  -3.644618e+00  3.943734e+00
30  -3.196623e+00  2.730593e+00
31  -1.753872e+00  1.537533e+00
32  -3.433136e-01  5.804406e-01
33  3.860728e-01  3.944193e-01
34  3.423902e-01  -3.646022e-01
35  4.942611e-01  -1.639857e+00
36  -1.374423e-01  -2.499177e+00
37  -1.555583e-01  -6.437338e-01
38  3.610934e-01  2.448626e+00
39  -2.543828e-01  4.043790e+00
40  -6.958957e-01  4.864936e+00
41  2.521416e+00  8.636820e+00
42  1.001435e+01  1.189078e+01
43  1.358576e+01  2.164845e+01
44  4.227882e+01  1.286808e+01
45  4.106836e+01  -1.121970e+01
46  4.571082e+01  -3.463807e+01
47  -2.016549e+01  -2.879829e+01
48  -7.932537e+01  5.654449e+01
49  1.025579e-01  6.271700e+01
50  -9.854055e+01  -2.369077e+01
51  -3.538066e+01  -2.142983e+02
52  -6.020694e+01  -2.934499e+02
53  3.720576e+02  -1.628267e+02
54  4.629887e+02  1.579798e+02
55  6.951834e+02  -4.551697e+01
56  -1.052441e+03  -9.530992e+02
57  -2.971413e+03  -1.754658e+03
58  -5.422101e+03  -1.327404e+03
59  -1.407335e+04  -1.565633e+03
60  -3.845649e+04  1.932533e+03
61  -7.654887e+04  4.817611e+02
62  -1.558444e+05  -3.295433e+03
63  -6.836480e+05  -3.695109e+03
ENDPROP
STARTPROP
MASSES:  4.200000e-03   4.500000e-02
SOURCE: GAM_31
SINKS: GAM_31
0  8.752844e+05  4.940363e+03
1  -6.663435e+05  3.162250e+02
2  -1.600569e+05  -5.602846e+03
3  -6.057643e+04  -6.259678e+03
4  -2.433923e+04  -1.216404e+03
5  -9.808075e+03  1.028279e+03
6  -5.097060e+03  8.027586e+02
7  -4.129748e+03  -1.966630e+02
8  -3.842344e+03  -1.619184e+03
9  -2.887599e+03  -1.945776e+03
10  -1.815810e+03  -1.501239e+03
11  -8.323902e+02  -8.858949e+02
12  -3.544229e+02  -4.888439e+02
13  -3.651227e+02  -2.412135e+02
14  -2.247782e+02  -1.963834e+02
15  -1.488052e+02  -1.323687e+02
16  -1.047206e+02  -1.612165e+02
17  -2.960205e+01  -1.037865e+02
18  3.767666e+01  -2.840432e+01
19  5.231972e+01  -1.484818e+01
20  5.379540e+01  -1.485606e+01
21  2.425957e+01  -1.122527e+01
22  3.747735e+00  -3.256015e+00
23  7.959340e-01  -2.228279e+00
24  -2.647035e+00  -1.730260e+00
25  -2.944129e+00  -2.098361e+00
26  -2.825132e+00  4.895475e+00
27  -3.795285e+00  5.601170e+00
28  -3.026754e+00  5.283705e+00
29  -3.644618e+00  3.943734e+00
30  -3.196623e+00  2.730593e+00
31  -1.753872e+00  1.537533e+00
32  -3.433136e-01  5.804406e-01
33  3.860728e-01  3.944193e-01
34  3.423902e-01  -3.646022e-01
35  4.942611e-01  -1.639857e+00
36  -1.374423e-01  -2.499177e+00
37  -1.555583e-01  -6.437338e-01
38  3.610934e-01  2.448626e+00
39  -2.543828e-01  4.043790e+00
40  -6.958957e-01  4.864936e+00
41  2.521416e+00  8.636820e+00
42  1.001435e+01  1.189078e+01
43  1.358576e+01  2.164845e+01
44  4.227882e+01  1.286808e+01
45  4.106836e+01  -1.121970e+01
46  4.571082e+01  -3.463807e+01
47  -2.016549e+01  -2.879829e+01
48  -7.932537e+01  5.654449e+01
49  1.025579e-01  6.271700e+01
50  -9.854055e+01  -2.369077e+01
51  -3.538066e+01  -2.142983e+02
52  -6.020694e+01  -2.934499e+02
53  3.720576e+02  -1.628267e+02
54  4.629887e+02  1.579798e+02
55  6.951834e+02  -4.551697e+01
56  -1.052441e+03  -9.530992e+02
57  -2.971413e+03  -1.754658e+03
58  -5.422101e+03  -1.327404e+03
59  -1.407335e+04  -1.565633e+03
60  -3.845649e+04  1.932533e+03
61  -7.654887e+04  4.817611e+02
62  -1.558444e+05  -3.295433e+03
63  -6.836480e+05  -3.695109e+03
ENDPROP
STARTPROP
MASSES:  4.200000e-03   4.500000e-02
SOURCE: GAM_14
SINKS: GAM_14
0  4.311392e+04  -7.697398e+03
1  1.347189e+06  -1.868765e+03
2  5.550039e+05  7.547221e+03
3  2.715504e+05  8.924683e+03
4  1.228780e+05  8.253722e+03
5  5.739243e+04  6.431506e+03
6  2.812014e+04  2.388729e+03
7  1.285799e+04  1.477660e+03
8  5.465449e+03  1.198245e+02
9  1.648476e+03  9.116151e+01
10  1.096113e+02  4.947923e+02
11  -3.151169e+02  1.669895e+02
12  -1.502779e+02  -3.040025e+02
13  1.078819e+01  -3.183570e+02
14  -1.355702e+02  -2.125109e+02
15  -3.375271e+02  -1.589384e+02
16  -3.375430e+02  -1.502854e+02
17  -2.802554e+02  -1.266986e+02
18  -1.762911e+02  -1.063608e+02
19  -1.062791e+02  -6.067663e+01
20  -9.315317e+01  -4.105561e+01
21  -3.893764e+01  -1.143521e+01
22  -2.622169e+01  -1.458200e+01
23  -1.960973e+01  -8.623245e+00
24  -1.371966e+01  -1.167290e+00
25  -1.234091e+01  2.263372e+00
26  -9.277070e+00  2.294587e+00
27  -7.196537e+00  3.349529e+00
28  -5.174189e+00  2.980456e+00
29  -1.904077e+00  2.522870e+00
30  -6.922820e-01  4.723338e-01
31  -5.147998e-01  -4.283879e-01
32  -5.321699e-01  -1.266094e+00
33  -1.753727e+00  -3.215962e+00
34  -3.163087e+00  -3.761925e+00
35  -4.603892e+00  -3.318645e+00
36  -5.723420e+00  -4.805132e+00
37  -3.698208e+00  -4.157694e+00
38  -4.248011e+00  -1.617934e+00
39  -8.517069e+00  4.189685e+00
40  -7.488676e-01  1.523445e+01
41  1.296570e+00  2.179438e+01
42  5.591981e+00  2.726777e+01
43  2.456137e+00  3.917146e+01
44  6.502702e-01  4.379196e+01
45  -1.722322e+01  6.196573e+01
46  -2.704485e+01  5.348077e+01
47  -8.431707e+01  -6.583158e+01
48  -6.265484e+01  -1.558438e+02
49  -3.861023e+01  -3.027271e+02
50  1.353423e+02  -2.928347e+02
51  3.281364e+02  -2.643389e+02
52  7.344190e+02  -4.312475e+02
53  1.246610e+03  -8.732336e+02
54  1.336204e+03  -1.326952e+03
55  3.117306e+03  -1.919238e+03
56  6.473752e+03  -1.293782e+03
57  1.527578e+04  1.868173e+02
58  3.615218e+04  1.955857e+03
59  7.549971e+04  1.861298e+03
60  1.504006e+05  3.494463e+03
61  2.900944e+05  3.670423e+03
62  5.545248e+05  -1.311828e+03
63  1.338288e+06  -2.758052e+03
ENDPROP
STARTPROP
MASSES:  4.200000e-03   4.500000e-02
SOURCE: GAM_41
SINKS: GAM_41
0  4.311392e+04  -7.697398e+03
1  1.347189e+06  -1.868765e+03
2  5.550039e+05  7.547221e+03
3  2.715504e+05  8.924683e+03
4  1.228780e+05  8.253722e+03
5  5.739243e+04  6.431506e+03
6  2.812014e+04  2.388729e+03
7  1.285799e+04  1.477660e+03
8  5.465449e+03  1.198245e+02
9  1.648476e+03  9.116151e+01
10  1.096113e+02  4.947923e+02
11  -3.151169e+02  1.669895e+02
12  -1.502779e+02  -3.040025e+02
13  1.078819e+01  -3.183570e+02
14  -1.355702e+02  -2.125109e+02
15  -3.375271e+02  -1.589384e+02
16  -3.375430e+02  -1.502854e+02
17  -2.802554e+02  -1.266986e+02
18  -1.762911e+02  -1.063608e+02
19  -1.062791e+02  -6.067663e+01
20  -9.315317e+01  -4.105561e+01
21  -3.893764e+01  -1.143521e+01
22  -2.622169e+01  -1.458200e+01
23  -1.960973e+01  -8.623245e+00
24  -1.371966e+01  -1.167290e+00
25  -1.234091e+01  2.263372e+00
26  -9.277070e+00  2.294587e+00
27  -7.196537e+00  3.349529e+00
28  -5.174189e+00  2.980456e+00
29  -1.904077e+00  2.522870e+00
30  -6.922820e-01  4.723338e-01
31  -5.147998e-01  -4.283879e-01
32  -5.321699e-01  -1.266094e+00
33  -1.753727e+00  -3.215962e+00
34  -3.163087e+00  -3.761925e+00
35  -4.603892e+00  -3.318645e+00
36  -5.723420e+00  -4.805132e+00
37  -3.698208e+00  -4.157694e+00
38  -4.248011e+00  -1.617934e+00
39  -8.517069e+00  4.189685e+00
40  -7.488676e-01  1.523445e+01
41  1.296570e+00  2.179438e+01
42  5.591981e+00  2.726777e+01
43  2.456137e+00  3.917146e+01
44  6.502702e-01  4.379196e+01
45  -1.722322e+01  6.196573e+01
46  -2.704485e+01  5.348077e+01
47  -8.431707e+01  -6.583158e+01
48  -6.265484e+01  -1.558438e+02
49  -3.861023e+01  -3.027271e+02
50  1.353423e+02  -2.928347e+02
51  3.281364e+02  -2.643389e+02
52  7.344190e+02  -4.312475e+02
53  1.246610e+03  -8.732336e+02
54  1.336204e+03  -1.326952e+03
55  3.117306e+03  -1.919238e+03
56  6.473752e+03  -1.293782e+03
57  1.527578e+04  1.868173e+02
58  3.615218e+04  1.955857e+03
59  7.549971e+04  1.861298e+03
60  1.504006e+05  3.494463e+03
61  2.900944e+05  3.670423e+03
62  5.545248e+05  -1.311828e+03
63  1.338288e+06  -2.758052e+03
ENDPROP
STARTPROP
MASSES:  4.200000e-03   4.500000e-02
SOURCE: GAM_23
SINKS: GAM_23
0  7.896447e+05  -2.126634e+03
1  -6.868112e+05  -7.532875e+03
2  -1.464277e+05  -7.345544e+03
3  -5.109787e+04  -6.597650e+03
4  -2.367913e+04  -7.530401e+03
5  -1.098839e+04  -4.802566e+03
6  -9.101121e+03  -2.511336e+03
7  -5.218536e+03  -2.463664e+03
8  -3.751905e+03  -6.218188e+02
9  -2.400509e+03  -9.588131e+02
10  -1.013847e+03  -1.304451e+03
11  2.583516e+02  -1.157652e+03
12  -7.460664e+01  -8.928387e+02
13  -1.403879e+02  -5.481948e+02
14  -4.046405e+01  -2.948968e+02
15  7.690466e+01  -2.497417e+02
16  3.334266e+01  -1.117132e+02
17  1.591401e+01  -4.623157e+01
18  7.383569e+01  -3.466450e+01
19  4.000024e+01  -3.012152e+01
20  6.239639e+00  -2.168822e+00
21  -1.605989e+01  -1.390814e+01
22  -2.660202e+01  -1.073542e+01
23  -1.672641e+01  -4.650079e+00
24  -1.051676e+01  -6.205119e+00
25  -6.082886e+00  -3.083686e+00
26  -1.768506e+00  4.919615e-01
27  -2.524835e-01  -1.499104e+00
28  6.909510e-02  8.367197e-01
29  -7.895606e-01  9.851619e-01
30  -8.732145e-01  4.253631e-01
31  -6.630635e-01  -4.595947e-01
32  -1.132559e+00  -1.417696e+00
33  -1.510486e+00  -1.266407e+00
34  -2.967464e-01  -3.159190e-01
35  8.285299e-01  -1.990369e+00
36  -2.811304e-01  -4.559764e+00
37  -2.132001e+00  -4.441707e+00
38  1.728848e+00  -2.206876e+00
39  4.784031e+00  -2.814781e+00
40  1.642458e+01  -5.130171e+00
41  1.814321e+01  -9.863793e+00
42  1.979749e+01  -7.728476e+00
43  3.238668e+01  -1.590262e+01
44  3.302328e+01  -4.424644e+01
45  1.419501e+01  -6.904487e+01
46  9.243916e+00  -7.001620e+01
47  1.823051e+01  -3.063809e+01
48  1.099819e+02  1.555778e+02
49  1.856470e+02  3.318545e+02
50  3.034447e+02  2.123509e+02
51  3.327949e+02  -5.764321e+01
52  5.184959e+02  -3.305718e+02
53  4.544434e+02  -6.565244e+02
54  5.407130e+02  -1.241047e+02
55  1.038810e+03  2.639316e+02
56  5.355421e+02  5.895901e+02
57  -2.280797e+02  8.415653e+02
58  -4.068830e+03  1.440017e+03
59  -1.442607e+04  -6.148590e+01
60  -3.223151e+04  9.622202e+02
61  -7.953124e+04  1.850538e+03
62  -1.760849e+05  -2.171373e+03
63  -7.194378e+05  -6.151160e+01
ENDPROP
STARTPROP
MASSES:  4.200000e-03   4.500000e-02
SOURCE: GAM_32
SINKS: GAM_32
0  7.896447e+05  -2.126634e+03
1  -6.868112e+05  -7.532875e+03
2  -1.464277e+05  -7.345544e+03
3  -5.109787e+04  -6.597650e+03
4  -2.367913e+04  -7.530401e+03
5  -1.098839e+04  -4.802566e+03
6  -9.101121e+03  -2.511336e+03
7  -5.218536e+03  -2.463664e+03
8  -3.751905e+03  -6.218188e+02
9  -2.400509e+03  -9.588131e+02
10  -1.013847e+03  -1.304451e+03
11  2.583516e+02  -1.157652e+03
12  -7.460664e+01  -8.928387e+02
13  -1.403879e+02  -5.481948e+02
14  -4.046405e+01  -2.948968e+02
15  7.690466e+01  -2.497417e+02
16  3.334266e+01  -1.117132e+02
17  1.591401e+01  -4.623157e+01
18  7.383569e+01  -3.466450e+01
19  4.000024e+01  -3.012152e+01
20  6.239639e+00  -2.168822e+00
21  -1.605989e+01  -1.390814e+01
22  -2.660202e+01  -1.073542e+01
23  -1.672641e+01  -4.650079e+00
24  -1.051676e+01  -6.205119e+00
25  -6.082886e+00  -3.083686e+00
26  -1.768506e+00  4.919615e-01
27  -2.524835e-01  -1.499104e+00
28  6.909510e-02  8.367197e-01
29  -7.895606e-01  9.851619e-01
30  -8.732145e-01  4.253631e-01
31  -6.630635e-01  -4.595947e-01
32  -1.132559e+00  -1.417696e+00
33  -1.510486e+00  -1.266407e+00
34  -2.967464e-01  -3.159190e-01
35  8.285299e-01  -1.990369e+00
36  -2.811304e-01  -4.559764e+00
37  -2.132001e+00  -4.441707e+00
38  1.728848e+00  -2.206876e+00
39  4.784031e+00  -2.814781e+00
40  1.642458e+01  -5.130171e+00
41  1.814321e+01  -9.863793e+00
42  1.979749e+01  -7.728476e+00
43  3.238668e+01  -1.590262e+01
44  3.302328e+01  -4.424644e+01
45  1.419501e+01  -6.904487e+01
46  9.243916e+00  -7.001620e+01
47  1.823051e+01  -3.063809e+01
48  1.099819e+02  1.555778e+02
49  1.856470e+02  3.318545e+02
50  3.034447e+02  2.123509e+02
51  3.327949e+02  -5.764321e+01
52  5.184959e+02  -3.305718e+02
53  4.544434e+02  -6.565244e+02
54  5.407130e+02  -1.241047e+02
55  1.038810e+03  2.639316e+02
56  5.355421e+02  5.895901e+02
57  -2.280797e+02  8.415653e+02
58  -4.068830e+03  1.440017e+03
59  -1.442607e+04  -6.148590e+01
60  -3.223151e+04  9.622202e+02
61  -7.953124e+04  1.850538e+03
62  -1.760849e+05  -2.171373e+03
63  -7.194378e+05  -6.151160e+01
ENDPROP
STARTPROP
MASSES:  4.200000e-03   4.500000e-02
SOURCE: GAM_24
SINKS: GAM_24
0  1.431662e+04  1.748783e+04
1  1.332083e+06  6.617414e+03
2  5.534980e+05  3.165335e+03
3  2.874056e+05  -6.257842e+02
4  1.432256e+05  -9.026585e+02
5  7.105466e+04  3.720781e+02
6  3.128669e+04  3.718564e+03
7  1.333944e+04  3.535905e+03
8  6.507830e+03  3.010541e+03
9  3.430931e+03  1.930637e+03
10  1.615895e+03  9.615241e+02
11  8.350248e+02  7.294102e+02
12  1.015961e+03  3.337970e+01
13  5.593004e+02  -2.870577e+01
14  3.885142e+02  1.680121e+01
15  2.654701e+02  -3.041075e+01
16  -1.162446e+02  -4.921327e+01
17  -4.124366e+01  1.310805e+01
18  4.126652e+01  9.493541e+00
19  5.101864e+01  -2.205506e+00
20  4.341979e+01  -3.372074e+00
21  2.588077e+01  3.169028e+01
22  1.096162e+01  2.070726e+01
23  1.118956e+01  1.021654e+01
24  -1.371007e+00  1.093888e+01
25  -8.177160e+00  1.015872e+01
26  -4.804955e+00  7.602778e+00
27  -4.962558e+00  6.579805e+00
28  -2.887977e+00  3.308363e+00
29  -7.073748e-01  1.790894e+00
30  -6.403716e-01  1.603729e+00
31  -8.541092e-01  1.660223e+00
32  -1.112891e+00  3.094599e+00
33  -8.231800e-01  4.616408e+00
34  -1.281116e-01  6.544101e+00
35  2.099713e-01  8.046648e+00
36  2.899477e+00  5.590581e+00
37  6.837231e+00  3.387088e+00
38  1.113632e+01  4.209196e+00
39  8.989739e+00  3.088063e+00
40  3.418630e+00  3.613712e+00
41  -4.798521e+00  6.149025e-02
42  -2.851531e+01  -8.572797e+00
43  -3.044838e+01  -2.250324e+01
44  -4.909021e+01  -2.935633e+01
45  -9.826778e+01  -1.467849e+01
46  -1.158667e+02  1.062719e+01
47  -6.764454e+01  8.155766e+01
48  6.640141e+01  2.739956e+01
49  1.756435e+02  -9.500007e+01
50  4.234855e+02  -1.756018e+02
51  6.057945e+02  -1.210212e+02
52  5.521931e+02  3.049542e+02
53  6.919221e+02  6.574593e+02
54  1.347094e+03  1.506707e+03
55  3.348158e+03  1.859257e+03
56  1.000853e+04  2.566271e+03
57  2.093378e+04  4.304176e+03
58  4.438765e+04  4.072505e+03
59  9.306319e+04  7.216806e+03
60  1.743413e+05  1.433034e+04
61  3.115735e+05  2.018391e+04
62  5.791033e+05  2.763379e+04
63  1.355311e+06  3.052659e+04
ENDPROP
STARTPROP
MASSES:  4.200000e-03   4.500000e-02
SOURCE: GAM_42
SINKS: GAM_42
0  1.431662e+04  1.748783e+04
1  1.332083e+06  6.617414e+03
2  5.534980e+05  3.165335e+03
3  2.874056e+05  -6.257842e+02
4  1.432256e+05  -9.026585e+02
5  7.105466e+04  3.720781e+02
6  3.128669e+04  3.718564e+03
7  1.333944e+04  3.535905e+03
8  6.507830e+03  3.010541e+03
9  3.430931e+03  1.930637e+03
10  1.615895e+03  9.615241e+02
11  8.350248e+02  7.294102e+02
12  1.015961e+03  3.337970e+01
13  5.593004e+02  -2.870577e+01
14  3.885142e+02  1.680121e+01
15  2.654701e+02  -3.041075e+01
16  -1.162446e+02  -4.921327e+01
17  -4.124366e+01  1.310805e+01
18  4.126652e+01  9.493541e+00
19  5.101864e+01  -2.205506e+00
20  4.341979e+01  -3.372074e+00
21  2.588077e+01  3.169028e+01
22  1.096162e+01  2.070726e+01
23  1.118956e+01  1.021654e+01
24  -1.371007e+00  1.093888e+01
25  -8.177160e+00  1.015872e+01
26  -4.804955e+00  7.602778e+00
27  -4.962558e+00  6.579805e+00
28  -2.887977e+00  3.308363e+00
29  -7.073748e-01  1.790894e+00
30  -6.403716e-01  1.603729e+00
31  -8.541092e-01  1.660223e+00
32  -1.112891e+00  3.094599e+00
33  -8.231800e-01  4.616408e+00
34  -1.281116e-01  6.544101e+00
35  2.099713e-01  8.046648e+00
36  2.899477e+00  5.590581e+00
37  6.837231e+00  3.387088e+00
38  1.113632e+01  4.209196e+00
39  8.989739e+00  3.088063e+00
40  3.418630e+00  3.613712e+00
41  -4.798521e+00  6.149025e-02
42  -2.851531e+01  -8.572797e+00
43  -3.044838e+01  -2.250324e+01
44  -4.909021e+01  -2.935633e+01
45  -9.826778e+01  -1.467849e+01
46  -1.158667e+02  1.062719e+01
47  -6.764454e+01  8.155766e+01
48  6.640141e+01  2.739956e+01
49  1.756435e+02  -9.500007e+01
50  4.234855e+02  -1.756018e+02
51  6.057945e+02  -1.210212e+02
52  5.521931e+02  3.049542e+02
53  6.919221e+02  6.574593e+02
54  1.347094e+03  1.506707e+03
55  3.348158e+03  1.859257e+03
56  1.000853e+04  2.566271e+03
57  2.093378e+04  4.304176e+03
58  4.438765e+04  4.072505e+03
59  9.306319e+04  7.216806e+03
60  1.743413e+05  1.433034e+04
61  3.115735e+05  2.018391e+04
62  5.791033e+05  2.763379e+04
63  1.355311e+06  3.052659e+04
ENDPROP
STARTPROP
MASSES:  4.200000e-03   4.500000e-02
SOURCE: GAM_34
SINKS: GAM_34
0  3.519710e+04  -5.404330e+03
1  1.352162e+06  2.120938e+02
2  5.634591e+05  8.026758e+03
3  2.886774e+05  9.889173e+03
4  1.374214e+05  1.628298e+03
5  6.700706e+04  3.415478e+03
6  3.111690e+04  1.714226e+03
7  1.572990e+04  9.552743e+02
8  9.154116e+03  1.230024e+03
9  6.509755e+03  1.425343e+03
10  4.226197e+03  8.216875e+02
11  2.442893e+03  7.920621e+02
12  1.289268e+03  7.008357e+02
13  3.842553e+02  4.189123e+02
14  -1.409658e+02  1.261325e+02
15  -2.603315e+02  8.144285e+01
16  -1.875577e+02  4.426574e+01
17  -9.744705e+01  1.053028e+01
18  -1.016634e+02  -3.907412e+01
19  -5.712640e+01  -3.101419e+01
20  -3.584064e+01  -3.799683e+01
21  -3.491372e+01  -2.851259e+01
22  -1.556835e+01  -3.338545e+01
23  -6.537532e+00  -1.830823e+01
24  -2.842174e+00  -5.726522e+00
25  -3.294616e-01  -4.045850e+00
26  -3.275474e+00  -4.318509e+00
27  -2.303494e+00  -4.751276e+00
28  -2.017480e+00  -2.854019e+00
29  -1.401433e+00  -2.171809e+00
30  7.323005e-02  -1.280351e+00
31  8.527389e-01  -4.229199e-01
32  1.370845e+00  -4.394735e-01
33  1.106436e+00  -5.837427e-01
34  1.742862e+00  -2.474897e+00
35  3.549409e+00  -2.599145e+00
36  4.503331e+00  -1.252853e+00
37  4.429784e+00  5.541154e-01
38  -8.369835e-01  2.914257e+00
39  6.022499e+00  7.357145e+00
40  1.107225e+01  1.213779e+01
41  2.712099e+01  1.929693e+01
42  3.834915e+01  2.502526e+01
43  3.594969e+01  2.926093e+01
44  1.586010e+01  3.073663e+01
45  -7.028360e+00  9.234535e+01
46  8.628527e-01  1.091920e+02
47  8.669574e+01  1.607917e+02
48  4.162914e+01  2.391812e+02
49  1.438647e+02  2.688878e+02
50  5.409368e+02  2.865391e+02
51  1.205815e+03  8.903231e+01
52  1.799818e+03  6.880942e+01
53  2.687593e+03  2.213586e+02
54  5.043505e+03  3.609056e+02
55  7.265937e+03  2.215967e+02
56  1.176006e+04  1.013705e+02
57  2.026155e+04  2.799199e+03
58  3.786649e+04  2.576839e+03
59  7.252475e+04  4.107564e+03
60  1.393229e+05  5.337735e+03
61  2.756930e+05  -1.004793e+03
62  5.385330e+05  -8.753863e+03
63  1.337230e+06  -4.350246e+03
ENDPROP
STARTPROP
MASSES:  4.200000e-03   4.500000e-02
SOURCE: GAM_43
SINKS: GAM_43
0  3.519710e+04  -5.404330e+03
1  1.352162e+06  2.120938e+02
2  5.634591e+05  8.026758e+03
3  2.886774e+05  9.889173e+03
4  1.374214e+05  1.628298e+03
5  6.700706e+04  3.415478e+03
6  3.111690e+04  1.714226e+03
7  1.572990e+04  9.552743e+02
8  9.154116e+03  1.230024e+03
9  6.509755e+03  1.425343e+03
10  4.226197e+03  8.216875e+02
11  2.442893e+03  7.920621e+02
12  1.289268e+03  7.008357e+02
13  3.842553e+02  4.189123e+02
14  -1.409658e+02  1.261325e+02
15  -2.603315e+02  8.144285e+01
16  -1.875577e+02  4.426574e+01
17  -9.744705e+01  1.053028e+01
18  -1.016634e+02  -3.907412e+01
19  -5.712640e+01  -3.101419e+01
20  -3.584064e+01  -3.799683e+01
21  -3.491372e+01  -2.851259e+01
22  -1.556835e+01  -3.338545e+01
23  -6.537532e+00  -1.830823e+01
24  -2.842174e+00  -5.726522e+00
25  -3.294616e-01  -4.045850e+00
26  -3.275474e+00  -4.318509e+00
27  -2.303494e+00  -4.751276e+00
28  -2.017480e+00  -2.854019e+00
29  -1.401433e+00  -2.171809e+00
30  7.323005e-02  -1.280351e+00
31  8.527389e-01  -4.229199e-01
32  1.370845e+00  -4.394735e-01
33  1.106436e+00  -5.837427e-01
34  1.742862e+00  -2.474897e+00
35  3.549409e+00  -2.599145e+00
36  4.503331e+00  -1.252853e+00
37  4.429784e+00  5.541154e-01
38  -8.369835e-01  2.914257e+00
39  6.022499e+00  7.357145e+00
40  1.107225e+01  1.213779e+01
41  2.712099e+01  1.929693e+01
42  3.834915e+01  2.502526e+01
43  3.594969e+01  2.926093e+01
44  1.586010e+01  3.073663e+01
45  -7.028360e+00  9.234535e+01
46  8.628527e-01  1.091920e+02
47  8.669574e+01  1.607917e+02
48  4.162914e+01  2.391812e+02
49  1.438647e+02  2.688878e+02
50  5.409368e+02  2.865391e+02
51  1.205815e+03  8.903231e+01
52  1.799818e+03  6.880942e+01
53  2.687593e+03  2.213586e+02
54  5.043505e+03  3.609056e+02
55  7.265937e+03  2.215967e+02
56  1.176006e+04  1.013705e+02
57  2.026155e+04  2.799199e+03
58  3.786649e+04  2.576839e+03
59  7.252475e+04  4.107564e+03
60  1.393229e+05  5.337735e+03
61  2.756930e+05  -1.004793e+03
62  5.385330e+05  -8.753863e+03
63  1.337230e+06  -4.350246e+03
ENDPROP
STARTPROP
MASSES:  4.200000e-03   4.500000e-02
SOURCE: GAM_15
SINKS: GAM_15
0  -5.353489e+04  -1.756117e+03
1  -1.035260e+06  -2.096509e+04
2  -3.211814e+05  -1.774207e+04
3  -1.451779e+05  -1.029842e+04
4  -6.877777e+04  -3.361447e+03
5  -3.884315e+04  -1.699808e+03
6  -2.111654e+04  -3.268509e+03
7  -1.161331e+04  -3.168966e+03
8  -5.316015e+03  -2.208874e+03
9  -1.175234e+03  -5.039672e+02
10  6.021076e+01  5.772296e+02
11  2.915275e+02  4.392092e+02
12  9.872769e+01  4.666232e+02
13  2.139233e+01  3.658074e+02
14  -8.212594e+01  1.185461e+02
15  -7.379071e+01  -1.996810e+01
16  3.683981e+01  1.916052e+01
17  5.305123e+01  5.153710e+01
18  -7.624845e+00  -4.514216e+01
19  5.220560e+00  -4.093302e+01
20  -6.131335e+00  6.882349e+00
21  -1.796041e+01  7.415792e-01
22  -1.539704e+01  8.296178e+00
23  -5.160090e+00  7.157814e+00
24  -6.371432e-01  -8.459713e-01
25  -1.296313e+00  -1.504012e+00
26  -2.950466e+00  -1.539690e+00
27  -3.709247e+00  -1.255073e+00
28  -3.755863e+00  -1.313170e+00
29  -3.658188e+00  -6.105562e-01
30  -2.917267e+00  -1.598039e+00
31  -3.256509e+00  -2.040955e+00
32  -4.329089e+00  -1.664492e+00
33  -6.976195e+00  -2.474625e-01
34  -8.062025e+00  6.476352e-01
35  -9.866360e+00  1.081869e+00
36  -1.248567e+01  -9.345754e-01
37  -1.290969e+01  -1.510513e-01
38  -1.384847e+01  2.229987e+00
39  -1.568510e+01  6.706472e+00
40  -1.636996e+01  1.597539e+01
41  -1.909016e+01  2.546052e+01
42  -2.266866e+01  4.263649e+01
43  -2.128834e+01  8.503290e+01
44  -4.291178e+01  1.409647e+02
45  -6.982933e+01  1.566997e+02
46  -5.559989e+01  1.923766e+02
47  -3.656996e+01  2.760906e+02
48  -3.506094e+01  3.686648e+02
49  3.827760e+01  4.989657e+02
50  5.289983e+01  5.244227e+02
51  -1.216641e+02  6.311596e+02
52  -8.142992e+02  3.288904e+02
53  -1.547185e+03  5.746877e+02
54  -1.218420e+03  6.718631e+02
55  -1.872137e+03  7.806547e+02
56  -1.514166e+02  1.515392e+03
57  3.292219e+03  9.826848e+02
58  6.382882e+02  1.639822e+03
59  -1.224364e+04  2.275565e+03
60  -3.779648e+04  -1.605252e+03
61  -1.026403e+05  -7.197578e+03
62  -2.911114e+05  4.706690e+02
63  -1.027351e+06  6.221998e+03
ENDPROP
STARTPROP
MASSES:  4.200000e-03   4.500000e-02
SOURCE: GAM_25
SINKS: GAM_25
0  -1.213628e+05  2.037680e+04
1  -1.050563e+06  2.150734e+04
2  -3.128583e+05  1.015585e+04
3  -1.328564e+05  4.451307e+03
4  -5.351579e+04  8.474650e+03
5  -2.232648e+04  6.203137e+03
6  -1.246616e+04  4.324873e+03
7  -7.535669e+03  5.533899e+02
8  -2.801907e+03  4.273799e+02
9  3.732674e+02  -9.109001e+02
10  5.580991e+02  -7.769495e+02
11  5.807976e+01  -7.618477e+02
12  6.067186e+01  -2.974668e+02
13  1.302826e+02  -5.244592e+01
14  1.247736e+02  -1.418120e+02
15  2.631845e+01  -1.620919e+02
16  3.137723e+01  -9.988408e+01
17  4.937494e+01  -7.181784e+01
18  7.970821e+01  -4.745732e+01
19  4.615611e+01  -6.512759e+00
20  -7.740518e+00  -7.606203e+00
21  2.734071e+00  -3.752653e+00
22  9.465032e+00  -4.829010e+00
23  9.196597e-01  1.167640e+01
24  -7.352405e+00  1.629981e+01
25  -2.319838e+00  1.051142e+01
26  -3.388453e+00  5.790612e+00
27  -4.191516e+00  2.896389e+00
28  -3.942421e+00  4.099476e+00
29  -2.666011e+00  4.069606e+00
30  -1.189729e+00  1.696916e+00
31  -1.387333e+00  1.292325e-01
32  -1.882516e+00  -8.079924e-01
33  -4.307413e-01  -7.262549e-01
34  -8.920878e-01  -1.665201e-01
35  3.294550e-01  1.181621e+00
36  3.848109e+00  2.616763e+00
37  7.255237e+00  4.049274e+00
38  3.679342e+00  1.027158e+00
39  1.447168e-01  -2.846013e+00
40  2.688239e+00  -1.340498e+01
41  1.309190e+01  -2.771804e+01
42  1.813175e+01  -3.878992e+01
43  1.736523e+01  -5.045919e+01
44  3.753068e+01  -4.827926e+01
45  2.592008e+01  -3.990396e+01
46  2.015886e+01  -4.423269e+01
47  1.230664e+02  -5.308281e+01
48  2.818250e+02  -1.657845e+01
49  3.628716e+02  -8.500857e+00
50  3.735885e+02  2.498497e+02
51  4.816386e+02  6.592945e+02
52  1.055362e+03  9.579354e+02
53  1.791196e+03  1.581122e+03
54  2.331042e+03  2.947375e+03
55  2.912424e+03  4.073540e+03
56  3.257105e+03  2.622660e+03
57  2.592146e+03  8.590323e+02
58  -5.652546e+03  7.768651e+02
59  -2.191870e+04  3.621057e+03
60  -5.816455e+04  7.447454e+03
61  -1.443456e+05  1.416664e+04
62  -3.450653e+05  2.002553e+04
63  -1.068154e+06  1.981683e+04
ENDPROP
STARTPROP
MASSES:  4.200000e-03   4.500000e-02
SOURCE: GAM_35
SINKS: GAM_35
0  -1.576680e+04  -6.870511e+03
1  -9.710594e+05  -1.308730e+04
2  -2.845662e+05  -1.251131e+04
3  -1.128956e+05  -7.487055e+03
4  -4.357772e+04  1.814290e+03
5  -1.627813e+04  3.085018e+03
6  -1.003190e+04  9.024793e+02
7  -7.563096e+03  8.170913e+02
8  -4.037945e+03  -6.040010e+02
9  -3.154865e+03  -1.305079e+03
10  -1.389120e+03  -1.116967e+03
11  -1.525578e+02  -1.068692e+03
12  1.093366e+02  -6.337002e+02
13  -2.916701e+01  -4.663262e+02
14  -1.702898e+02  -3.755244e+02
15  -2.188037e+02  -3.711568e+02
16  -2.129342e+02  -2.622102e+02
17  -1.488697e+02  -2.163451e+02
18  -4.850317e+01  -1.627541e+02
19  1.155649e+01  -9.632556e+01
20  -8.000851e+00  -4.762224e+01
21  -2.165721e+01  -3.788045e+00
22  -2.140868e+01  -1.554554e+01
23  -1.114647e+01  -2.200589e+01
24  -7.939951e+00  -1.771140e+01
25  -6.036788e+00  -1.019222e+01
26  -4.648158e+00  -4.329165e+00
27  -1.530883e+00  3.229198e+00
28  8.128763e-01  3.552978e+00
29  1.100439e+00  2.802354e+00
30  6.298847e-01  1.641978e+00
31  -6.647945e-01  2.037692e-01
32  -2.046833e+00  -1.847686e+00
33  -1.939855e+00  -3.484869e+00
34  -1.728056e+00  -4.124214e+00
35  -2.822754e+00  -4.560732e+00
36  -4.300252e+00  -4.307874e+00
37  -3.942213e+00  -2.248722e+00
38  -5.383367e+00  1.152138e+00
39  -7.849689e+00  5.454421e+00
40  -7.312815e+00  7.228061e+00
41  -2.858875e+00  1.084229e+01
42  1.212401e+01  7.247439e+00
43  2.663831e+01  2.167918e+01
44  5.590659e+01  4.126632e+01
45  5.642875e+01  4.572272e+01
46  4.438285e+01  9.161963e+01
47  9.558681e+01  1.341381e+02
48  1.978840e+02  2.208323e+02
49  1.982568e+02  1.454303e+02
50  -1.769675e+02  -4.879298e+01
51  -6.199527e+02  1.767741e+02
52  -5.778005e+02  3.411170e+02
53  -6.701762e+02  9.485685e+01
54  -1.208001e+03  3.516912e+02
55  -1.291308e+02  6.536664e+02
56  1.118876e+03  2.447096e+03
57  -1.380423e+03  5.460550e+03
58  -1.000320e+04  8.842764e+03
59  -2.741361e+04  8.437764e+03
60  -6.021688e+04  1.039149e+04
61  -1.319476e+05  1.053687e+04
62  -2.979549e+05  1.142023e+04
63  -9.977768e+05  4.179322e+03
ENDPROP
STARTPROP
MASSES:  4.200000e-03   4.500000e-02
SOURCE: GAM_45
SINKS: GAM_45
0  -1.315963e+06  -2.249991e+03
1  9.502507e+05  -3.075867e+03
2  4.677975e+05  -4.336895e+03
3  3.188172e+05  -2.229819e+03
4  2.110411e+05  -2.864358e+03
5  1.386429e+05  -1.099336e+03
6  9.465655e+04  3.686792e+01
7  6.461651e+04  -2.576905e+02
8  4.580082e+04  2.056357e+02
9  3.099506e+04  2.878504e+02
10  2.041410e+04  1.737349e+02
11  1.427815e+04  5.550521e+00
12  9.575853e+03  -1.136597e+02
13  6.685503e+03  -1.306652e+02
14  4.681846e+03  -8.920854e+01
15  3.302153e+03  -4.083548e+01
16  2.276689e+03  -2.642268e+01
17  1.550178e+03  -2.551328e+00
18  1.054998e+03  -1.996292e+01
19  7.232210e+02  1.057827e+01
20  5.303204e+02  6.877790e+00
21  3.622196e+02  5.415796e+00
22  2.549254e+02  1.517611e+01
23  1.747637e+02  1.306006e+01
24  1.218161e+02  1.085422e+01
25  8.704070e+01  8.460166e+00
26  6.200221e+01  8.421997e+00
27  4.322130e+01  7.337091e+00
28  3.044093e+01  5.950348e+00
29  2.290716e+01  4.585554e+00
30  1.760551e+01  3.082908e+00
31  1.434487e+01  3.412160e+00
32  1.351934e+01  3.680134e+00
33  1.404879e+01  4.571721e+00
34  1.682980e+01  5.549827e+00
35  2.078646e+01  6.855011e+00
36  2.774514e+01  8.257538e+00
37  3.931763e+01  1.272636e+01
38  5.755375e+01  1.868276e+01
39  7.915321e+01  2.745185e+01
40  1.152062e+02  4.095715e+01
41  1.599450e+02  5.805405e+01
42  2.335134e+02  8.716281e+01
43  3.502848e+02  1.149681e+02
44  5.398926e+02  1.485709e+02
45  8.555510e+02  2.102946e+02
46  1.289828e+03  3.037079e+02
47  1.912230e+03  4.068738e+02
48  2.958181e+03  4.627452e+02
49  4.444416e+03  5.365242e+02
50  6.474910e+03  5.545281e+02
51  9.340352e+03  5.905375e+02
52  1.319567e+04  4.757635e+02
53  1.867736e+04  3.726343e+02
54  2.640768e+04  9.007730e+02
55  3.836493e+04  7.542633e+02
56  5.491032e+04  1.136955e+03
57  7.766267e+04  1.534555e+03
58  1.100849e+05  3.048808e+03
59  1.592473e+05  4.060841e+03
60  2.292603e+05  4.030878e+03
61  3.297117e+05  5.043855e+03
62  4.663237e+05  1.567710e+03
63  9.515127e+05  2.823219e+03
ENDPROP
STARTPROP
MASSES:  4.200000e-03   4.500000e-02
SOURCE: PSAX4
SINKS: GAM_4
0  9.993738e+03  -8.669851e+03
1  1.670217e+06  2.932053e-01
2  1.029796e+06  -3.099791e+03
3  7.047499e+05  3.536895e+03
4  4.773813e+05  4.055195e+03
5  3.196717e+05  3.390614e+03
6  2.195296e+05  3.845997e+03
7  1.506679e+05  2.408474e+03
8  1.027677e+05  1.688561e+03
9  7.030419e+04  1.196676e+03
10  4.716364e+04  8.278369e+02
11  3.247626e+04  4.165472e+02
12  2.240276e+04  1.783516e+02
13  1.569741e+04  5.694291e+01
14  1.114750e+04  8.866513e+01
15  7.838295e+03  5.459499e+01
16  5.393069e+03  6.000371e+01
17  3.722719e+03  5.896633e+01
18  2.576640e+03  5.077072e+01
19  1.760130e+03  5.720672e+01
20  1.247995e+03  4.132793e+01
21  8.525141e+02  2.776445e+01
22  5.854592e+02  2.630119e+01
23  4.049319e+02  2.127174e+01
24  2.810860e+02  1.768955e+01
25  1.920207e+02  1.545039e+01
26  1.324330e+02  1.225713e+01
27  8.958589e+01  8.214442e+00
28  6.076653e+01  5.447964e+00
29  3.959627e+01  4.194752e+00
30  2.341006e+01  1.681779e+00
31  1.053995e+01  4.371883e-01
32  -7.407445e-01  -3.844193e-01
33  -1.312220e+01  -2.044344e+00
34  -2.741285e+01  -3.450804e+00
35  -4.355693e+01  -5.371222e+00
36  -6.577644e+01  -7.497786e+00
37  -9.764895e+01  -1.220363e+01
38  -1.439912e+02  -2.141336e+01
39  -2.060999e+02  -3.090901e+01
40  -2.945857e+02  -4.782901e+01
41  -4.170121e+02  -7.036264e+01
42  -6.046167e+02  -1.068591e+02
43  -8.884822e+02  -1.509379e+02
44  -1.303470e+03  -1.859392e+02
45  -1.949260e+03  -2.585660e+02
46  -2.885311e+03  -3.732673e+02
47  -4.167510e+03  -5.378244e+02
48  -6.255670e+03  -6.606405e+02
49  -9.187283e+03  -8.653335e+02
50  -1.325716e+04  -9.832487e+02
51  -1.898907e+04  -1.353178e+03
52  -2.688024e+04  -1.405869e+03
53  -3.836854e+04  -1.563415e+03
54  -5.446640e+04  -1.949068e+03
55  -7.805755e+04  -1.898964e+03
56  -1.134004e+05  -2.760162e+03
57  -1.621738e+05  -3.852062e+03
58  -2.346434e+05  -6.735509e+03
59  -3.379239e+05  -7.345940e+03
60  -4.878666e+05  -8.772810e+03
61  -7.022680e+05  -1.272904e+04
62  -1.015208e+06  -6.995386e+03
63  -1.648450e+06  -6.194112e+03
ENDPROP
STARTPROP
MASSES:  4.200000e-03   4.500000e-02
SOURCE: WWPSAX4
SINKS: GAM_4
0  5.718606e+07  -1.167629e+08
1  1.274509e+09  -1.460911e+08
2  1.252055e+09  1.261888e+08
3  5.905082e+08  1.189043e+08
4  2.886816e+08  -2.428287e+06
5  1.392246e+08  9.851143e+06
6  7.328710e+07  2.231465e+07
7  1.313056e+08  4.335158e+06
8  1.034402e+08  1.201271e+06
9  4.718164e+07  3.647244e+04
10  2.057142e+07  -2.902507e+06
11  2.133846e+07  2.487573e+06
12  1.442679e+07  1.915983e+06
13  7.019825e+06  2.418770e+05
14  4.202032e+06  -1.400966e+06
15  5.631684e+06  6.219193e+05
16  2.772815e+06  9.764801e+05
17  3.555406e+06  8.123910e+05
18  1.651872e+06  4.487327e+05
19  7.233584e+05  -3.054295e+05
20  7.124627e+05  1.828074e+04
21  6.297217e+05  -1.243361e+05
22  4.193884e+05  3.770468e+04
23  1.834326e+05  5.264793e+04
24  6.482244e+04  -1.276455e+04
25  8.459334e+04  5.177873e+04
26  5.840683e+04  -2.054045e+04
27  3.025437e+04  2.613743e+04
28  -8.814484e+03  8.298620e+03
29  2.858913e+04  -8.780633e+03
30  1.348251e+04  -1.117941e+04
31  1.728352e+04  -1.601078e+04
32  -1.738099e+03  -2.732613e+03
33  -3.642506e+03  -7.154143e+03
34  -4.712179e+03  -3.516937e+03
35  -4.025302e+04  -1.809316e+02
36  -2.528097e+04  -8.834238e+03
37  -8.320917e+04  -4.149582e+04
38  -6.576851e+04  -1.697159e+04
39  -1.362678e+05  -1.008709e+05
40  -1.532612e+05  -6.857724e+04
41  -2.493961e+05  -1.768675e+04
42  -2.919585e+05  -5.280206e+04
43  -4.612890e+05  -2.916096e+04
44  -5.090292e+05  -2.221832e+05
45  -9.457742e+05  4.502498e+03
46  -1.218272e+06  -3.221699e+05
47  -2.320398e+06  2.767953e+05
48  -4.350785e+06  1.285995e+06
49  -7.198226e+06  -1.461234e+06
50  -6.479294e+06  9.751324e+05
51  -9.649924e+06  -1.682735e+05
52  -1.852336e+07  -1.448655e+06
53  -2.509107e+07  -3.807901e+06
54  -1.595019e+07  5.006680e+06
55  -2.941760e+07  -9.268825e+04
56  -8.874374e+07  2.458262e+06
57  -5.477917e+07  -8.966636e+05
58  -9.400283e+07  -1.387312e+07
59  -2.844148e+08  -6.088173e+06
60  -2.201070e+08  -3.628124e+07
61  -4.421894e+08  -9.753653e+07
62  -6.691917e+08  -4.132049e+07
63  -2.533178e+09  1.530571e+08
ENDPROP
STARTPROP
MASSES:  4.200000e-03   4.500000e-02
SOURCE: WWGAM_5
SINKS: GAM_5
0  1.683439e+10  7.749708e+01
1  2.059903e+09  -5.615117e+07
2  1.639442e+09  5.122094e+07
3  9.817216e+08  6.938650e+07
4  6.477645e+08  4.748129e+07
5  3.257595e+08  1.767352e+06
6  2.505462e+08  2.373389e+07
7  2.102111e+08  -1.031312e+07
8  1.608031e+08  9.547786e+05
9  8.789612e+07  -1.986368e+06
10  4.253515e+07  -1.843982e+06
11  4.346327e+07  4.724595e+06
12  2.677304e+07  -4.370160e+05
13  1.370096e+07  4.185987e+05
14  8.378051e+06  -3.572537e+05
15  8.199043e+06  -9.119556e+04
16  5.045729e+06  2.197191e+05
17  5.895285e+06  6.263168e+05
18  2.617464e+06  9.307227e+04
19  1.716183e+06  -1.770486e+05
20  1.374998e+06  2.556086e+03
21  1.130366e+06  -2.893889e+05
22  6.578689e+05  5.789497e+03
23  6.541689e+05  6.594275e+04
24  2.450599e+05  -8.829424e+04
25  1.791163e+05  -7.200749e+03
26  1.472871e+05  -5.061758e+03
27  8.668799e+04  9.864175e+03
28  5.435482e+04  1.667711e+04
29  6.641669e+04  1.051891e+04
30  6.372515e+04  9.722053e+03
31  5.851372e+04  -2.522844e+03
32  3.076368e+04  -1.326260e+03
33  4.090236e+04  9.043951e+03
34  3.938615e+04  5.498586e+03
35  8.897600e+04  1.397736e+04
36  6.693604e+04  1.960609e+04
37  1.759410e+05  6.064280e+04
38  1.187221e+05  1.388261e+04
39  2.764046e+05  1.067564e+05
40  2.920381e+05  7.213535e+04
41  5.244899e+05  9.992910e+04
42  5.210267e+05  1.593538e+05
43  1.277692e+06  2.116093e+05
44  1.437314e+06  1.138295e+05
45  2.035570e+06  5.747896e+04
46  3.398140e+06  3.076387e+05
47  4.529304e+06  -8.466433e+04
48  8.375354e+06  -6.469035e+05
49  1.155032e+07  1.554343e+06
50  1.779068e+07  -2.032342e+06
51  2.081982e+07  2.965708e+06
52  3.275311e+07  1.402376e+06
53  4.528985e+07  -1.099214e+06
54  4.520483e+07  -5.565233e+06
55  7.294221e+07  -8.652461e+05
56  1.613746e+08  6.747481e+06
57  1.340269e+08  -2.758594e+06
58  2.322917e+08  3.773926e+06
59  4.879870e+08  3.796368e+07
60  5.124864e+08  1.441394e+07
61  8.941922e+08  8.491522e+07
62  1.305698e+09  4.316868e+07
63  3.500419e+09  -1.200411e+08
ENDPROP
