STARTPROP
MASSES:  4.200000e-03   4.500000e-02
SOURCE: GAM_1
SINKS: GAM_1
0  1.283350e+06  7.370403e+03
1  1.943774e+06  -7.650012e+03
2  8.763986e+05  -1.333072e+04
3  4.642876e+05  -1.368102e+04
4  2.562257e+05  -8.798129e+03
5  1.382575e+05  -2.956265e+03
6  6.878714e+04  7.266065e+02
7  3.102767e+04  2.480629e+03
8  1.043408e+04  2.884952e+03
9  2.302776e+03  2.861837e+03
10  -2.132490e+02  1.144159e+03
11  -2.064720e+02  7.660485e+02
12  1.720259e+01  6.331585e+02
13  2.505290e+02  4.961585e+02
14  4.554137e+02  3.524416e+02
15  1.893455e+02  2.603875e+02
16  1.951088e+00  2.295505e+02
17  4.258486e+01  2.455743e+02
18  6.890693e+01  1.932844e+02
19  5.945888e+01  1.427080e+02
20  4.172461e+01  9.263536e+01
21  2.877978e+01  5.620066e+01
22  1.363688e+01  2.583623e+01
23  8.194639e+00  1.962638e+01
24  1.059677e+01  1.150020e+01
25  1.548290e+01  8.407280e+00
26  1.299911e+01  1.113225e+00
27  6.364897e+00  -2.223809e+00
28  1.251614e+00  2.204124e-01
29  1.179607e+00  1.736751e-01
30  2.644734e+00  2.585357e-01
31  3.856868e+00  2.204633e-01
32  3.325498e+00  3.943787e-01
33  2.266754e+00  8.655095e-01
34  5.401411e-02  5.789836e-01
35  -3.664490e+00  1.166405e+00
36  -6.363205e+00  -5.279121e-01
37  -8.264076e+00  -1.076994e+00
38  -1.576868e+01  4.070207e+00
39  -1.587053e+01  1.092199e+01
40  -1.956292e+01  1.110280e+01
41  -3.060196e+01  1.125305e+01
42  -4.416145e+01  2.185409e+01
43  -5.145662e+01  1.598150e+01
44  -8.082238e+01  2.521699e+01
45  -6.228372e+01  5.991849e+01
46  -1.068970e+02  6.523754e+01
47  -2.192897e+02  -2.324808e+01
48  -3.313841e+02  -7.523972e+00
49  -3.322290e+02  9.255833e+01
50  -3.096298e+02  2.046914e+02
51  -8.747642e+01  5.572977e+02
52  -1.126172e+02  9.662797e+02
53  3.054203e+02  1.044168e+03
54  3.190378e+03  1.833080e+02
55  7.431307e+03  -2.060760e+02
56  1.645861e+04  1.313920e+03
57  3.298800e+04  1.813334e+03
58  6.777490e+04  2.707744e+03
59  1.352845e+05  3.247242e+03
60  2.561287e+05  8.061118e+03
61  4.981192e+05  1.084095e+04
62  9.279750e+05  1.662717e+04
63  1.976878e+06  2.129692e+04
ENDPROP
STARTPROP
MASSES:  4.200000e-03   4.500000e-02
SOURCE: GAM_2
SINKS: GAM_2
0  1.258796e+06  -9.498678e+03
1  1.956400e+06  -1.220884e+04
2  8.964838e+05  -9.073753e+03
3  4.644935e+05  -9.630479e+03
4  2.246723e+05  -9.067895e+03
5  1.035985e+05  -5.910603e+03
6  4.733705e+04  -6.812690e+02
7  2.246655e+04  8.111590e+02
8  1.038274e+04  1.316768e+03
9  6.184984e+03  1.839365e+02
10  3.944062e+03  2.393404e+02
11  1.390344e+03  -4.919949e+02
12  -2.871047e+02  -6.298312e+02
13  -5.673580e+02  -7.030447e+02
14  -5.492787e+02  -8.958138e+02
15  -4.649180e+02  -4.830821e+02
16  -2.283518e+02  -1.903436e+02
17  -3.206272e+01  -1.308026e+02
18  7.111717e-01  -7.629383e+01
19  -1.343366e+01  -5.508584e+01
20  -2.956321e+01  -3.563106e+01
21  -2.726876e+01  2.537046e+00
22  -1.504472e+01  3.426783e+01
23  -1.898869e+01  2.299749e+01
24  -1.684761e+01  1.509194e+01
25  -7.846461e+00  5.093342e+00
26  -3.786713e+00  1.962095e+00
27  -4.382741e+00  7.059116e+00
28  -4.368829e+00  5.732361e+00
29  -4.741110e+00  2.919699e+00
30  -3.062734e+00  1.168163e+00
31  -1.805914e+00  6.610688e-01
32  -4.718960e-01  -1.023887e+00
33  -9.397398e-01  -1.907484e+00
34  -2.733772e+00  -3.446876e+00
35  -6.304372e+00  -4.339171e+00
36  -1.003081e+01  -5.463524e+00
37  -1.040493e+01  -6.734898e+00
38  -1.320552e+01  -1.412693e+00
39  -1.547691e+01  6.148460e+00
40  -5.711630e+00  1.922292e+01
41  4.665992e+00  4.812942e+01
42  -9.462473e+00  8.546577e+01
43  -2.626802e+01  1.427552e+02
44  -1.349939e+01  1.912338e+02
45  -1.486735e+01  2.034810e+02
46  -9.861967e+01  1.329719e+02
47  -3.428884e+02  7.238782e+01
48  -6.191608e+02  -7.828953e+01
49  -7.242345e+02  -1.586727e+02
50  -6.594810e+02  1.204658e+01
51  -2.853576e+02  1.125319e+02
52  -1.387534e+02  3.077621e+02
53  -1.898170e+02  -1.060405e+02
54  1.028399e+03  -1.147465e+03
55  5.554805e+03  -8.596157e+02
56  1.442248e+04  -8.421461e+02
57  3.165049e+04  -1.083130e+03
58  6.806322e+04  -4.096828e+03
59  1.392866e+05  -5.033155e+03
60  2.630614e+05  -3.631640e+03
61  4.918666e+05  -1.228344e+03
62  9.292998e+05  4.585792e+03
63  1.971414e+06  7.597946e+03
ENDPROP
STARTPROP
MASSES:  4.200000e-03   4.500000e-02
SOURCE: GAM_3
SINKS: GAM_3
0  1.374631e+06  -7.343362e+03
1  2.058021e+06  -9.447568e+03
2  9.566239e+05  -3.695322e+03
3  5.071624e+05  9.858574e+03
4  2.671633e+05  1.589944e+04
5  1.305831e+05  1.288064e+04
6  6.190991e+04  8.318223e+03
7  3.227373e+04  3.390403e+03
8  1.750765e+04  3.198485e+03
9  1.113190e+04  1.480473e+03
10  7.392173e+03  9.132557e+02
11  5.018312e+03  6.591470e+02
12  3.120838e+03  3.972600e+02
13  1.928374e+03  3.252076e+02
14  1.456014e+03  2.230423e+02
15  8.728036e+02  1.345996e+02
16  4.782027e+02  7.993039e+01
17  2.597755e+02  6.572693e+01
18  1.379311e+02  5.136605e+01
19  8.224517e+01  1.054754e+00
20  4.398612e+01  -2.641026e+00
21  4.252753e+01  1.796124e+01
22  2.817495e+01  8.476935e+00
23  1.505421e+01  6.533335e+00
24  5.674191e+00  8.976327e+00
25  -3.924426e-01  4.808521e+00
26  -4.502315e+00  4.530550e-01
27  -2.473187e+00  -1.918964e+00
28  -2.141296e+00  -1.120334e+00
29  -1.881387e+00  -2.087360e+00
30  -1.293784e+00  -3.717474e-01
31  -1.700760e+00  7.354938e-01
32  -3.403180e-01  1.999968e-01
33  1.767859e+00  -1.432949e+00
34  3.103640e+00  -2.881682e+00
35  2.842122e+00  -3.288502e+00
36  2.368255e+00  -4.840056e+00
37  -2.588657e-01  -8.930327e+00
38  -2.493145e+00  -8.810530e+00
39  -3.015459e+00  -1.172684e+01
40  -6.669514e+00  -1.229804e+01
41  -7.315702e+00  -1.810220e+01
42  7.277568e+00  -3.033744e+01
43  4.409765e+00  -5.880356e+01
44  -3.294393e+01  -8.145044e+01
45  -7.479846e+01  -5.847794e+01
46  -9.104780e+01  -4.507466e+01
47  -1.360085e+02  -5.913092e+01
48  -2.238399e+02  -1.844449e+02
49  -2.141696e+02  -4.815256e+02
50  -1.304057e+02  -7.349755e+02
51  5.597371e+02  -1.093097e+03
52  1.961664e+03  -1.627628e+03
53  3.634591e+03  -1.881664e+03
54  6.936447e+03  -2.623855e+03
55  1.063438e+04  -3.224162e+03
56  1.766196e+04  -4.224306e+03
57  3.820662e+04  -5.246627e+03
58  7.593988e+04  -6.002513e+03
59  1.473355e+05  -4.723465e+03
60  2.808159e+05  -1.901042e+03
61  5.338873e+05  3.505259e+03
62  9.622897e+05  1.469631e+04
63  2.026179e+06  1.662212e+04
ENDPROP
STARTPROP
MASSES:  4.200000e-03   4.500000e-02
SOURCE: GAM_4
SINKS: GAM_4
0  2.124112e+06  -5.585259e+02
1  -2.854461e+05  -1.235507e+03
2  1.630925e+02  -3.145808e+03
3  7.088830e+02  -2.659679e+03
4  9.625291e+02  -1.672741e+03
5  2.426441e+03  -4.028423e+03
6  2.100342e+03  -3.473760e+03
7  1.143413e+03  -2.670287e+03
8  5.300653e+02  -1.607544e+03
9  3.162711e+02  -1.107636e+03
10  -6.441842e+02  -9.561462e+02
11  -5.201251e+02  -1.158206e+03
12  -3.041927e+02  -8.301666e+02
13  -9.482984e+01  -6.421881e+02
14  -1.533902e+02  -4.830020e+02
15  -4.740546e+01  -3.240290e+02
16  3.473933e+01  -2.425118e+02
17  2.433908e+01  -1.617459e+02
18  3.942046e+01  -1.442253e+02
19  3.801774e+01  -1.051997e+02
20  1.886010e+01  -6.316991e+01
21  1.298273e+01  -3.983508e+01
22  4.592339e+00  -2.795217e+01
23  5.701442e+00  -1.397870e+01
24  5.695691e-01  -1.012502e+01
25  1.708755e+00  -8.351040e+00
26  2.722742e-01  -8.280587e+00
27  6.539796e-01  -5.000882e+00
28  9.247934e-02  -4.199535e+00
29  7.603216e-03  -3.727819e+00
30  -3.709381e-01  -2.849519e+00
31  -1.183488e+00  -2.539299e+00
32  -1.604393e+00  -1.849356e+00
33  -1.580914e+00  -1.243523e+00
34  -1.676321e+00  -3.132872e-01
35  -2.300438e+00  -5.472268e-03
36  -2.355344e+00  1.015581e+00
37  -2.477856e+00  1.743396e+00
38  -6.492753e+00  3.925877e+00
39  -7.808721e+00  7.548992e+00
40  -1.036729e+01  1.288131e+01
41  -1.860946e+01  1.602255e+01
42  -2.612346e+01  1.993948e+01
43  -3.329399e+01  3.248974e+01
44  -4.625944e+01  4.578084e+01
45  -4.954247e+01  4.399854e+01
46  -4.743146e+01  5.331352e+01
47  -4.646353e+01  2.054627e+01
48  -6.256274e+01  1.989548e+01
49  -8.044420e+01  -2.510215e+01
50  -3.643965e+01  -3.669185e+01
51  3.377378e+01  -2.359977e+02
52  6.285418e+01  -3.998393e+02
53  2.046067e+02  -3.879297e+02
54  1.506612e+02  -5.379984e+02
55  -1.235375e+01  -6.421730e+02
56  9.776055e+02  -1.162193e+03
57  7.239995e+02  -1.155634e+03
58  6.266095e+02  -1.588627e+03
59  1.610931e+03  -1.875289e+03
60  -1.113390e+03  -1.755206e+03
61  -1.920282e+03  3.028731e+02
62  -8.249070e+03  -8.596694e+03
63  -2.836570e+05  -7.463744e+03
ENDPROP
STARTPROP
MASSES:  4.200000e-03   4.500000e-02
SOURCE: GAM_5
SINKS: GAM_5
0  7.434047e+06  3.648249e+04
1  7.220140e+06  -4.277218e+03
2  4.997965e+06  -1.977769e+04
3  3.574173e+06  -2.840207e+04
4  2.551762e+06  -3.776879e+04
5  1.836808e+06  -3.347244e+04
6  1.264739e+06  -1.884646e+04
7  8.531972e+05  -7.114392e+03
8  5.717179e+05  -4.986267e+01
9  3.888891e+05  1.422522e+03
10  2.679257e+05  2.488005e+03
11  1.845449e+05  4.023026e+03
12  1.253006e+05  4.152721e+03
13  8.491351e+04  2.873721e+03
14  5.872900e+04  1.322818e+03
15  4.097970e+04  7.950656e+02
16  2.845514e+04  6.781698e+02
17  1.971261e+04  3.598279e+02
18  1.348682e+04  5.149030e+01
19  9.240951e+03  6.307802e+01
20  6.190452e+03  1.010283e+02
21  4.094422e+03  8.884078e+01
22  2.801227e+03  5.695405e+01
23  1.945464e+03  3.006835e+01
24  1.338247e+03  1.624458e+00
25  9.034352e+02  -1.533063e+01
26  6.347839e+02  -7.352996e+00
27  4.385630e+02  1.119649e+01
28  3.070792e+02  1.404524e+01
29  2.214879e+02  9.317727e+00
30  1.715456e+02  9.116555e+00
31  1.476770e+02  8.076269e+00
32  1.430733e+02  5.399713e+00
33  1.520888e+02  1.418580e+00
34  1.820670e+02  1.666797e+00
35  2.352176e+02  7.408465e+00
36  3.185035e+02  1.614465e+01
37  4.378564e+02  3.036142e+01
38  6.157835e+02  3.628652e+01
39  8.749462e+02  3.107554e+01
40  1.282778e+03  -4.962937e+00
41  1.904211e+03  -8.038206e+01
42  2.851825e+03  -1.736244e+02
43  4.396869e+03  -2.970733e+02
44  6.603873e+03  -3.589730e+02
45  9.694506e+03  -2.877709e+02
46  1.388830e+04  -8.974922e+01
47  1.983459e+04  1.275611e+02
48  2.884748e+04  2.609451e+02
49  4.180042e+04  1.397470e+02
50  6.025517e+04  -3.317033e+02
51  8.691968e+04  -7.105687e+02
52  1.255251e+05  -1.103729e+03
53  1.832363e+05  -5.856171e+02
54  2.686606e+05  4.098842e+02
55  3.941367e+05  4.165676e+02
56  5.728425e+05  -1.437307e+03
57  8.168388e+05  -2.029522e+03
58  1.170847e+06  2.324389e+03
59  1.714211e+06  1.474613e+04
60  2.478228e+06  4.078346e+04
61  3.568304e+06  6.674865e+04
62  5.044344e+06  7.613361e+04
63  7.269932e+06  8.082223e+04
ENDPROP
STARTPROP
MASSES:  4.200000e-03   4.500000e-02
SOURCE: GAM_12
SINKS: GAM_12
0  8.802420e+05  -4.369607e+03
1  -6.567311e+05  3.383833e+02
2  -1.465008e+05  3.349765e+03
3  -5.659142e+04  5.136713e+03
4  -2.292892e+04  6.847162e+03
5  -5.444334e+03  5.986540e+03
6  2.811581e+03  2.687049e+03
7  1.258320e+03  2.179660e+03
8  -1.627266e+03  2.597211e+02
9  -1.819794e+03  1.412872e+03
10  -5.655885e+02  7.197892e+02
11  4.970393e+01  -3.017999e+01
12  -1.284225e+02  -3.195213e+02
13  -2.687762e+01  -2.285909e+02
14  4.858179e+01  -1.291902e+02
15  3.575602e+01  3.801243e+01
16  5.128111e+01  2.995963e+01
17  -2.388203e+00  4.415475e+01
18  -2.068480e+01  1.100343e+01
19  -1.168431e+01  -5.997765e+00
20  2.678061e+01  4.894959e+00
21  2.632329e+01  5.705585e+00
22  8.514317e+00  4.311826e+00
23  9.148204e+00  5.956530e+00
24  1.544585e+00  3.423237e+00
25  -5.020321e-01  -3.224126e+00
26  -1.221620e+00  -4.650176e+00
27  -1.782329e+00  -2.740384e+00
28  -2.583108e+00  -5.248184e-01
29  -2.356180e+00  1.308873e+00
30  -4.958752e-01  2.089578e+00
31  8.865710e-02  1.932529e+00
32  -1.930002e-01  1.324798e+00
33  -5.031907e-01  1.773002e+00
34  -2.978859e-01  7.714276e-01
35  1.415216e+00  -7.019349e-01
36  1.438112e+00  -2.763113e+00
37  1.609156e+00  -4.048465e+00
38  1.233940e+00  -5.525438e+00
39  -2.395870e+00  -9.163363e+00
40  -7.225785e+00  -1.103022e+01
41  -6.360209e+00  -1.191730e+01
42  -1.189351e+01  -1.577735e+01
43  -2.134510e+01  -3.904118e+01
44  -2.183655e+01  -3.787471e+01
45  -2.365664e+01  -1.413675e+01
46  9.562618e+00  5.324289e+01
47  -8.852466e+00  7.497236e+01
48  -2.010404e+01  2.498677e+01
49  3.895053e+01  -3.808292e+00
50  3.327999e+02  -1.970399e+02
51  2.810462e+02  -3.247471e+02
52  -6.326819e+01  -2.626442e+02
53  -6.347283e+02  -1.219422e+02
54  -1.647093e+03  3.635166e+02
55  -2.762108e+03  4.608308e+02
56  -3.298921e+03  -7.459803e+02
57  -4.167033e+03  -1.275211e+03
58  -5.490549e+03  -9.901862e+02
59  -1.058603e+04  1.031026e+03
60  -2.270210e+04  2.570097e+03
61  -6.176863e+04  1.478631e+03
62  -1.596352e+05  -7.311439e+03
63  -6.568939e+05  -5.254302e+03
ENDPROP
STARTPROP
MASSES:  4.200000e-03   4.500000e-02
SOURCE: GAM_21
SINKS: GAM_21
0  8.802420e+05  -4.369607e+03
1  -6.567311e+05  3.383833e+02
2  -1.465008e+05  3.349765e+03
3  -5.659142e+04  5.136713e+03
4  -2.292892e+04  6.847162e+03
5  -5.444334e+03  5.986540e+03
6  2.811581e+03  2.687049e+03
7  1.258320e+03  2.179660e+03
8  -1.627266e+03  2.597211e+02
9  -1.819794e+03  1.412872e+03
10  -5.655885e+02  7.197892e+02
11  4.970393e+01  -3.017999e+01
12  -1.284225e+02  -3.195213e+02
13  -2.687762e+01  -2.285909e+02
14  4.858179e+01  -1.291902e+02
15  3.575602e+01  3.801243e+01
16  5.128111e+01  2.995963e+01
17  -2.388203e+00  4.415475e+01
18  -2.068480e+01  1.100343e+01
19  -1.168431e+01  -5.997765e+00
20  2.678061e+01  4.894959e+00
21  2.632329e+01  5.705585e+00
22  8.514317e+00  4.311826e+00
23  9.148204e+00  5.956530e+00
24  1.544585e+00  3.423237e+00
25  -5.020321e-01  -3.224126e+00
26  -1.221620e+00  -4.650176e+00
27  -1.782329e+00  -2.740384e+00
28  -2.583108e+00  -5.248184e-01
29  -2.356180e+00  1.308873e+00
30  -4.958752e-01  2.089578e+00
31  8.865710e-02  1.932529e+00
32  -1.930002e-01  1.324798e+00
33  -5.031907e-01  1.773002e+00
34  -2.978859e-01  7.714276e-01
35  1.415216e+00  -7.019349e-01
36  1.438112e+00  -2.763113e+00
37  1.609156e+00  -4.048465e+00
38  1.233940e+00  -5.525438e+00
39  -2.395870e+00  -9.163363e+00
40  -7.225785e+00  -1.103022e+01
41  -6.360209e+00  -1.191730e+01
42  -1.189351e+01  -1.577735e+01
43  -2.134510e+01  -3.904118e+01
44  -2.183655e+01  -3.787471e+01
45  -2.365664e+01  -1.413675e+01
46  9.562618e+00  5.324289e+01
47  -8.852466e+00  7.497236e+01
48  -2.010404e+01  2.498677e+01
49  3.895053e+01  -3.808292e+00
50  3.327999e+02  -1.970399e+02
51  2.810462e+02  -3.247471e+02
52  -6.326819e+01  -2.626442e+02
53  -6.347283e+02  -1.219422e+02
54  -1.647093e+03  3.635166e+02
55  -2.762108e+03  4.608308e+02
56  -3.298921e+03  -7.459803e+02
57  -4.167033e+03  -1.275211e+03
58  -5.490549e+03  -9.901862e+02
59  -1.058603e+04  1.031026e+03
60  -2.270210e+04  2.570097e+03
61  -6.176863e+04  1.478631e+03
62  -1.596352e+05  -7.311439e+03
63  -6.568939e+05  -5.254302e+03
ENDPROP
STARTPROP
MASSES:  4.200000e-03   4.500000e-02
SOURCE: GAM_13
SINKS: GAM_13
0  8.479218e+05  1.957513e+03
1  -6.666514e+05  1.146015e+04
2  -1.566581e+05  1.036330e+04
3  -5.799262e+04  1.001076e+03
4  -2.138066e+04  -2.327966e+03
5  -9.888173e+03  -4.164235e+03
6  -7.989500e+03  -4.827730e+03
7  -4.541060e+03  -4.085854e+03
8  -1.499012e+03  -2.931884e+03
9  -1.179459e+03  -1.248637e+03
10  -1.094363e+03  -3.702970e+02
11  -5.897833e+02  -4.355250e+02
12  1.777383e+02  -5.549285e+01
13  2.782926e+02  -1.413644e+02
14  3.024655e+02  -9.256534e+01
15  1.155492e+02  -7.607470e+01
16  -8.693290e+01  6.787143e+01
17  -4.104125e+01  4.667334e+01
18  -1.883158e+01  4.298779e+01
19  1.468639e-01  1.650787e+01
20  4.218058e+01  2.503181e+01
21  2.780739e+01  1.419410e+01
22  1.557651e+01  1.118381e+01
23  6.307530e+00  9.404445e+00
24  3.472531e+00  1.062792e+01
25  7.316768e-01  7.125661e+00
26  7.887364e-01  1.327645e+00
27  1.281046e+00  -9.680674e-01
28  -8.212735e-01  -1.503215e+00
29  -1.440159e+00  -1.854489e+00
30  -1.326590e+00  -1.305789e+00
31  -2.388995e-01  4.155156e-01
32  3.440096e-02  7.513222e-01
33  1.033244e+00  7.077584e-01
34  1.563054e+00  1.675275e+00
35  3.440052e+00  1.168811e+00
36  3.921153e+00  1.031218e+00
37  4.919738e+00  8.111109e-01
38  8.251468e+00  -1.474296e+00
39  1.444580e+01  -4.222308e+00
40  1.512848e+01  -7.123562e+00
41  7.957889e+00  -9.948947e+00
42  7.450733e+00  -1.967442e+01
43  1.082988e+01  -4.538916e+01
44  2.401878e+01  -8.438147e+01
45  1.376270e+01  -1.408560e+02
46  4.098615e+01  -1.732789e+02
47  8.083129e+01  -1.659317e+02
48  3.259179e+01  -1.448169e+02
49  -2.226372e+01  -5.806309e+01
50  -1.601573e+02  3.971607e+01
51  -2.025345e+02  2.940811e+01
52  4.328037e+01  3.282214e+02
53  1.706535e+02  6.448348e+02
54  4.259434e+02  1.238837e+03
55  3.995160e+02  9.605301e+02
56  -7.148007e+02  9.736075e+02
57  -4.052693e+03  1.675606e+03
58  -6.326188e+03  3.594838e+03
59  -1.427511e+04  3.707598e+03
60  -3.252028e+04  -6.851948e+02
61  -6.349285e+04  5.019597e+02
62  -1.545143e+05  -6.277919e+03
63  -6.678265e+05  -4.507962e+03
ENDPROP
STARTPROP
MASSES:  4.200000e-03   4.500000e-02
SOURCE: GAM_31
SINKS: GAM_31
0  8.479218e+05  1.957513e+03
1  -6.666514e+05  1.146015e+04
2  -1.566581e+05  1.036330e+04
3  -5.799262e+04  1.001076e+03
4  -2.138066e+04  -2.327966e+03
5  -9.888173e+03  -4.164235e+03
6  -7.989500e+03  -4.827730e+03
7  -4.541060e+03  -4.085854e+03
8  -1.499012e+03  -2.931884e+03
9  -1.179459e+03  -1.248637e+03
10  -1.094363e+03  -3.702970e+02
11  -5.897833e+02  -4.355250e+02
12  1.777383e+02  -5.549285e+01
13  2.782926e+02  -1.413644e+02
14  3.024655e+02  -9.256534e+01
15  1.155492e+02  -7.607470e+01
16  -8.693290e+01  6.787143e+01
17  -4.104125e+01  4.667334e+01
18  -1.883158e+01  4.298779e+01
19  1.468639e-01  1.650787e+01
20  4.218058e+01  2.503181e+01
21  2.780739e+01  1.419410e+01
22  1.557651e+01  1.118381e+01
23  6.307530e+00  9.404445e+00
24  3.472531e+00  1.062792e+01
25  7.316768e-01  7.125661e+00
26  7.887364e-01  1.327645e+00
27  1.281046e+00  -9.680674e-01
28  -8.212735e-01  -1.503215e+00
29  -1.440159e+00  -1.854489e+00
30  -1.326590e+00  -1.305789e+00
31  -2.388995e-01  4.155156e-01
32  3.440096e-02  7.513222e-01
33  1.033244e+00  7.077584e-01
34  1.563054e+00  1.675275e+00
35  3.440052e+00  1.168811e+00
36  3.921153e+00  1.031218e+00
37  4.919738e+00  8.111109e-01
38  8.251468e+00  -1.474296e+00
39  1.444580e+01  -4.222308e+00
40  1.512848e+01  -7.123562e+00
41  7.957889e+00  -9.948947e+00
42  7.450733e+00  -1.967442e+01
43  1.082988e+01  -4.538916e+01
44  2.401878e+01  -8.438147e+01
45  1.376270e+01  -1.408560e+02
46  4.098615e+01  -1.732789e+02
47  8.083129e+01  -1.659317e+02
48  3.259179e+01  -1.448169e+02
49  -2.226372e+01  -5.806309e+01
50  -1.601573e+02  3.971607e+01
51  -2.025345e+02  2.940811e+01
52  4.328037e+01  3.282214e+02
53  1.706535e+02  6.448348e+02
54  4.259434e+02  1.238837e+03
55  3.995160e+02  9.605301e+02
56  -7.148007e+02  9.736075e+02
57  -4.052693e+03  1.675606e+03
58  -6.326188e+03  3.594838e+03
59  -1.427511e+04  3.707598e+03
60  -3.252028e+04  -6.851948e+02
61  -6.349285e+04  5.019597e+02
62  -1.545143e+05  -6.277919e+03
63  -6.678265e+05  -4.507962e+03
ENDPROP
STARTPROP
MASSES:  4.200000e-03   4.500000e-02
SOURCE: GAM_14
SINKS: GAM_14
0  1.093079e+05  -2.665111e+03
1  1.385115e+06  -1.556774e+03
2  5.771099e+05  -7.848677e+02
3  3.002073e+05  -1.159112e+03
4  1.488805e+05  -2.133694e+01
5  7.166565e+04  1.778582e+02
6  3.265669e+04  3.023195e+03
7  1.379199e+04  2.125764e+03
8  5.719400e+03  1.157808e+03
9  2.651192e+03  1.271484e+02
10  2.020458e+03  -4.649031e+02
11  1.374472e+03  -5.938428e+02
12  1.074160e+03  -7.527377e+02
13  6.146373e+02  -5.118867e+02
14  3.238589e+02  -2.982939e+02
15  1.463682e+02  -9.129835e+01
16  2.298396e+01  6.801215e+01
17  1.107720e+01  6.483161e+01
18  3.520179e-01  6.578341e+01
19  -1.347429e+01  4.904399e+01
20  -8.342083e+00  4.627618e+01
21  -3.936716e-02  3.387961e+01
22  8.477692e+00  3.105165e+01
23  9.984025e+00  2.464283e+01
24  1.106729e+01  1.772135e+01
25  1.034332e+01  1.093592e+01
26  8.504454e+00  5.811656e+00
27  6.580537e+00  3.395724e+00
28  2.437001e+00  3.306878e+00
29  6.691333e-01  4.154806e+00
30  6.812715e-01  3.634386e+00
31  1.064356e+00  2.632901e+00
32  1.248039e+00  7.004269e-01
33  1.515166e+00  -7.709505e-01
34  3.276371e-01  -1.934573e+00
35  -1.208030e+00  -2.395421e+00
36  -2.788176e+00  -1.145022e+00
37  -6.866326e+00  3.305516e-01
38  -9.913761e+00  3.027664e+00
39  -1.217664e+01  6.754486e+00
40  -1.154194e+01  5.279256e+00
41  -9.542232e+00  1.162879e+01
42  -1.881252e+01  1.114752e+01
43  -1.998135e+01  5.593288e+00
44  -4.897464e+01  -5.665534e+00
45  -7.963734e+01  -1.471092e+00
46  -9.223643e+01  4.859461e+01
47  -3.189167e+01  6.246639e+00
48  -6.741563e+01  -2.657328e+01
49  -1.159116e+02  4.942658e+01
50  -3.307115e+02  2.115409e+02
51  -3.919940e+02  4.630709e+02
52  -6.834888e+01  4.654650e+02
53  3.053692e+02  5.837396e+02
54  1.850374e+03  -8.291261e+01
55  5.227099e+03  1.952094e+02
56  1.248124e+04  5.056172e+02
57  2.443218e+04  7.115466e+02
58  4.964680e+04  5.537249e+01
59  9.297598e+04  3.913974e+03
60  1.676713e+05  4.523834e+03
61  3.188545e+05  2.994260e+03
62  5.952759e+05  -1.452080e+03
63  1.392720e+06  7.855442e+02
ENDPROP
STARTPROP
MASSES:  4.200000e-03   4.500000e-02
SOURCE: GAM_41
SINKS: GAM_41
0  1.093079e+05  -2.665111e+03
1  1.385115e+06  -1.556774e+03
2  5.771099e+05  -7.848677e+02
3  3.002073e+05  -1.159112e+03
4  1.488805e+05  -2.133694e+01
5  7.166565e+04  1.778582e+02
6  3.265669e+04  3.023195e+03
7  1.379199e+04  2.125764e+03
8  5.719400e+03  1.157808e+03
9  2.651192e+03  1.271484e+02
10  2.020458e+03  -4.649031e+02
11  1.374472e+03  -5.938428e+02
12  1.074160e+03  -7.527377e+02
13  6.146373e+02  -5.118867e+02
14  3.238589e+02  -2.982939e+02
15  1.463682e+02  -9.129835e+01
16  2.298396e+01  6.801215e+01
17  1.107720e+01  6.483161e+01
18  3.520179e-01  6.578341e+01
19  -1.347429e+01  4.904399e+01
20  -8.342083e+00  4.627618e+01
21  -3.936716e-02  3.387961e+01
22  8.477692e+00  3.105165e+01
23  9.984025e+00  2.464283e+01
24  1.106729e+01  1.772135e+01
25  1.034332e+01  1.093592e+01
26  8.504454e+00  5.811656e+00
27  6.580537e+00  3.395724e+00
28  2.437001e+00  3.306878e+00
29  6.691333e-01  4.154806e+00
30  6.812715e-01  3.634386e+00
31  1.064356e+00  2.632901e+00
32  1.248039e+00  7.004269e-01
33  1.515166e+00  -7.709505e-01
34  3.276371e-01  -1.934573e+00
35  -1.208030e+00  -2.395421e+00
36  -2.788176e+00  -1.145022e+00
37  -6.866326e+00  3.305516e-01
38  -9.913761e+00  3.027664e+00
39  -1.217664e+01  6.754486e+00
40  -1.154194e+01  5.279256e+00
41  -9.542232e+00  1.162879e+01
42  -1.881252e+01  1.114752e+01
43  -1.998135e+01  5.593288e+00
44  -4.897464e+01  -5.665534e+00
45  -7.963734e+01  -1.471092e+00
46  -9.223643e+01  4.859461e+01
47  -3.189167e+01  6.246639e+00
48  -6.741563e+01  -2.657328e+01
49  -1.159116e+02  4.942658e+01
50  -3.307115e+02  2.115409e+02
51  -3.919940e+02  4.630709e+02
52  -6.834888e+01  4.654650e+02
53  3.053692e+02  5.837396e+02
54  1.850374e+03  -8.291261e+01
55  5.227099e+03  1.952094e+02
56  1.248124e+04  5.056172e+02
57  2.443218e+04  7.115466e+02
58  4.964680e+04  5.537249e+01
59  9.297598e+04  3.913974e+03
60  1.676713e+05  4.523834e+03
61  3.188545e+05  2.994260e+03
62  5.952759e+05  -1.452080e+03
63  1.392720e+06  7.855442e+02
ENDPROP
STARTPROP
MASSES:  4.200000e-03   4.500000e-02
SOURCE: GAM_23
SINKS: GAM_23
0  8.557994e+05  -8.743240e+03
1  -6.775606e+05  -7.656621e+03
2  -1.486111e+05  -9.940160e+02
3  -4.641106e+04  -1.156532e+03
4  -7.062990e+03  -5.270881e+02
5  7.327139e+03  -3.319512e+03
6  7.557774e+03  -4.029827e+03
7  5.190646e+03  -4.454059e+03
8  3.009971e+03  -3.606642e+03
9  1.722100e+03  -2.490886e+03
10  1.412566e+03  -2.019774e+03
11  7.158850e+02  -9.268037e+02
12  4.330020e+02  -3.502045e+02
13  3.100063e+02  -2.694065e+02
14  1.495731e+02  -2.039370e+02
15  9.810733e+01  -9.934092e+01
16  1.145157e+02  -4.994060e+00
17  9.512195e+01  5.081455e+01
18  1.097580e+02  4.201260e+01
19  1.067077e+02  1.171011e+01
20  9.368181e+01  -1.414977e+01
21  5.919045e+01  -2.530902e+01
22  4.097843e+01  -2.253403e+01
23  2.103809e+01  -1.057560e+01
24  1.218637e+01  -1.444527e+00
25  6.249150e+00  2.340296e+00
26  5.997912e+00  3.797992e+00
27  5.980030e+00  2.384745e+00
28  4.845823e+00  -5.309801e-01
29  2.143328e+00  -1.064278e+00
30  9.270203e-01  -7.514868e-01
31  3.175734e-01  -1.935249e+00
32  6.723315e-01  -1.571308e+00
33  2.979308e-01  -9.627188e-01
34  -7.155548e-01  -9.091504e-01
35  -9.655118e-01  -2.121918e+00
36  -1.338634e-01  -1.955707e-01
37  -7.340758e-01  1.735870e+00
38  -9.623508e-01  5.280139e+00
39  -2.636924e+00  6.263742e+00
40  -4.894713e+00  4.826954e+00
41  -1.931508e+01  6.706552e-01
42  -1.467731e+01  -2.105626e+00
43  2.832125e+00  -5.641762e+00
44  -1.352174e+01  -4.561354e+00
45  2.377892e+00  2.453559e+01
46  -1.626080e+01  4.735816e+01
47  -6.285445e+01  7.329930e+01
48  -1.157453e+02  7.477304e+01
49  -2.975909e+02  2.215676e+01
50  -6.435200e+02  -4.730128e+01
51  -6.497167e+02  3.290169e+01
52  -4.511359e+02  2.655308e+01
53  -8.015661e+02  3.236804e+01
54  -1.719143e+03  1.162432e+02
55  -5.274645e+02  4.535008e+02
56  -3.974011e+02  9.803372e+02
57  -1.245501e+03  1.991275e+03
58  -1.791035e+03  1.627608e+03
59  -7.183595e+03  -4.138314e+02
60  -2.369164e+04  -5.718471e+01
61  -6.381173e+04  2.091545e+02
62  -1.563325e+05  -6.063469e+03
63  -6.625075e+05  -1.252960e+04
ENDPROP
STARTPROP
MASSES:  4.200000e-03   4.500000e-02
SOURCE: GAM_32
SINKS: GAM_32
0  8.557994e+05  -8.743240e+03
1  -6.775606e+05  -7.656621e+03
2  -1.486111e+05  -9.940160e+02
3  -4.641106e+04  -1.156532e+03
4  -7.062990e+03  -5.270881e+02
5  7.327139e+03  -3.319512e+03
6  7.557774e+03  -4.029827e+03
7  5.190646e+03  -4.454059e+03
8  3.009971e+03  -3.606642e+03
9  1.722100e+03  -2.490886e+03
10  1.412566e+03  -2.019774e+03
11  7.158850e+02  -9.268037e+02
12  4.330020e+02  -3.502045e+02
13  3.100063e+02  -2.694065e+02
14  1.495731e+02  -2.039370e+02
15  9.810733e+01  -9.934092e+01
16  1.145157e+02  -4.994060e+00
17  9.512195e+01  5.081455e+01
18  1.097580e+02  4.201260e+01
19  1.067077e+02  1.171011e+01
20  9.368181e+01  -1.414977e+01
21  5.919045e+01  -2.530902e+01
22  4.097843e+01  -2.253403e+01
23  2.103809e+01  -1.057560e+01
24  1.218637e+01  -1.444527e+00
25  6.249150e+00  2.340296e+00
26  5.997912e+00  3.797992e+00
27  5.980030e+00  2.384745e+00
28  4.845823e+00  -5.309801e-01
29  2.143328e+00  -1.064278e+00
30  9.270203e-01  -7.514868e-01
31  3.175734e-01  -1.935249e+00
32  6.723315e-01  -1.571308e+00
33  2.979308e-01  -9.627188e-01
34  -7.155548e-01  -9.091504e-01
35  -9.655118e-01  -2.121918e+00
36  -1.338634e-01  -1.955707e-01
37  -7.340758e-01  1.735870e+00
38  -9.623508e-01  5.280139e+00
39  -2.636924e+00  6.263742e+00
40  -4.894713e+00  4.826954e+00
41  -1.931508e+01  6.706552e-01
42  -1.467731e+01  -2.105626e+00
43  2.832125e+00  -5.641762e+00
44  -1.352174e+01  -4.561354e+00
45  2.377892e+00  2.453559e+01
46  -1.626080e+01  4.735816e+01
47  -6.285445e+01  7.329930e+01
48  -1.157453e+02  7.477304e+01
49  -2.975909e+02  2.215676e+01
50  -6.435200e+02  -4.730128e+01
51  -6.497167e+02  3.290169e+01
52  -4.511359e+02  2.655308e+01
53  -8.015661e+02  3.236804e+01
54  -1.719143e+03  1.162432e+02
55  -5.274645e+02  4.535008e+02
56  -3.974011e+02  9.803372e+02
57  -1.245501e+03  1.991275e+03
58  -1.791035e+03  1.627608e+03
59  -7.183595e+03  -4.138314e+02
60  -2.369164e+04  -5.718471e+01
61  -6.381173e+04  2.091545e+02
62  -1.563325e+05  -6.063469e+03
63  -6.625075e+05  -1.252960e+04
ENDPROP
STARTPROP
MASSES:  4.200000e-03   4.500000e-02
SOURCE: GAM_24
SINKS: GAM_24
0  1.015209e+05  -4.574080e+03
1  1.373448e+06  -1.305196e+04
2  5.679422e+05  -7.876255e+03
3  2.895048e+05  -1.011854e+04
4  1.425596e+05  -6.353196e+03
5  7.110438e+04  -5.476849e+03
6  3.877170e+04  -3.694854e+03
7  2.043034e+04  -1.973493e+03
8  1.092271e+04  -1.338932e+03
9  6.261045e+03  -1.527082e+03
10  2.381568e+03  -1.231751e+03
11  1.588864e+03  -5.988864e+02
12  7.997912e+02  -3.554603e+02
13  2.643296e+02  -8.300420e+01
14  1.281837e+02  -8.118990e+01
15  -2.999326e+01  4.215112e+01
16  -6.363730e+01  1.484158e+02
17  -1.067774e+01  1.057687e+02
18  -2.427777e+01  1.586137e+01
19  -4.586464e+01  1.525710e+00
20  -2.575389e+01  2.596464e+01
21  -2.012033e+01  3.472478e+01
22  -1.478867e+01  8.858215e+00
23  -5.137932e+00  5.965299e+00
24  -2.241318e+00  -1.588759e+00
25  5.200960e+00  -9.268654e-01
26  2.539273e+00  1.209350e+00
27  -8.433002e-01  4.485889e+00
28  -1.402334e+00  2.423689e+00
29  -1.989617e-01  -3.253161e-01
30  5.035663e-01  5.771969e-01
31  2.604191e-02  1.320459e+00
32  3.655438e-01  3.895512e-01
33  -7.529159e-01  6.252932e-02
34  -9.624869e-01  4.573724e-01
35  -1.284930e+00  5.365910e-02
36  -2.814255e+00  -2.686187e-01
37  -3.967879e+00  -1.906497e+00
38  -6.135477e+00  -1.063475e+00
39  -1.072886e+01  2.948196e+00
40  -1.303919e+01  9.298717e-01
41  -2.116661e+01  5.297918e+00
42  -3.035178e+01  4.283029e+00
43  -3.302157e+01  1.633823e+00
44  -4.447612e+01  -8.328870e+00
45  -5.400070e+01  3.085214e+00
46  -2.534519e+01  1.907478e+01
47  -6.431730e+01  -2.137058e+01
48  -1.023388e+02  -6.578690e+01
49  -4.769098e+01  -1.066603e+02
50  -1.332745e+02  -1.913661e+01
51  6.863396e-01  1.025943e+02
52  -1.422203e+02  1.266012e+01
53  8.191422e+02  -4.142429e+02
54  3.484052e+03  -6.537566e+02
55  8.378711e+03  -5.077975e+02
56  1.513261e+04  5.671420e+02
57  2.646148e+04  1.146206e+03
58  4.894210e+04  2.588708e+03
59  8.878459e+04  4.665332e+03
60  1.666995e+05  6.558109e+03
61  3.176689e+05  8.273163e+03
62  5.892250e+05  9.151207e+03
63  1.364005e+06  1.043134e+04
ENDPROP
STARTPROP
MASSES:  4.200000e-03   4.500000e-02
SOURCE: GAM_42
SINKS: GAM_42
0  1.015209e+05  -4.574080e+03
1  1.373448e+06  -1.305196e+04
2  5.679422e+05  -7.876255e+03
3  2.895048e+05  -1.011854e+04
4  1.425596e+05  -6.353196e+03
5  7.110438e+04  -5.476849e+03
6  3.877170e+04  -3.694854e+03
7  2.043034e+04  -1.973493e+03
8  1.092271e+04  -1.338932e+03
9  6.261045e+03  -1.527082e+03
10  2.381568e+03  -1.231751e+03
11  1.588864e+03  -5.988864e+02
12  7.997912e+02  -3.554603e+02
13  2.643296e+02  -8.300420e+01
14  1.281837e+02  -8.118990e+01
15  -2.999326e+01  4.215112e+01
16  -6.363730e+01  1.484158e+02
17  -1.067774e+01  1.057687e+02
18  -2.427777e+01  1.586137e+01
19  -4.586464e+01  1.525710e+00
20  -2.575389e+01  2.596464e+01
21  -2.012033e+01  3.472478e+01
22  -1.478867e+01  8.858215e+00
23  -5.137932e+00  5.965299e+00
24  -2.241318e+00  -1.588759e+00
25  5.200960e+00  -9.268654e-01
26  2.539273e+00  1.209350e+00
27  -8.433002e-01  4.485889e+00
28  -1.402334e+00  2.423689e+00
29  -1.989617e-01  -3.253161e-01
30  5.035663e-01  5.771969e-01
31  2.604191e-02  1.320459e+00
32  3.655438e-01  3.895512e-01
33  -7.529159e-01  6.252932e-02
34  -9.624869e-01  4.573724e-01
35  -1.284930e+00  5.365910e-02
36  -2.814255e+00  -2.686187e-01
37  -3.967879e+00  -1.906497e+00
38  -6.135477e+00  -1.063475e+00
39  -1.072886e+01  2.948196e+00
40  -1.303919e+01  9.298717e-01
41  -2.116661e+01  5.297918e+00
42  -3.035178e+01  4.283029e+00
43  -3.302157e+01  1.633823e+00
44  -4.447612e+01  -8.328870e+00
45  -5.400070e+01  3.085214e+00
46  -2.534519e+01  1.907478e+01
47  -6.431730e+01  -2.137058e+01
48  -1.023388e+02  -6.578690e+01
49  -4.769098e+01  -1.066603e+02
50  -1.332745e+02  -1.913661e+01
51  6.863396e-01  1.025943e+02
52  -1.422203e+02  1.266012e+01
53  8.191422e+02  -4.142429e+02
54  3.484052e+03  -6.537566e+02
55  8.378711e+03  -5.077975e+02
56  1.513261e+04  5.671420e+02
57  2.646148e+04  1.146206e+03
58  4.894210e+04  2.588708e+03
59  8.878459e+04  4.665332e+03
60  1.666995e+05  6.558109e+03
61  3.176689e+05  8.273163e+03
62  5.892250e+05  9.151207e+03
63  1.364005e+06  1.043134e+04
ENDPROP
STARTPROP
MASSES:  4.200000e-03   4.500000e-02
SOURCE: GAM_34
SINKS: GAM_34
0  5.288269e+04  4.307397e+03
1  1.337932e+06  3.562766e+03
2  5.437285e+05  1.615954e+03
3  2.803640e+05  1.476645e+03
4  1.469779e+05  4.150775e+03
5  7.279642e+04  5.219659e+03
6  3.541388e+04  3.277225e+03
7  1.750274e+04  2.010302e+03
8  1.165909e+04  9.183481e+01
9  9.490456e+03  -6.435413e+02
10  5.348981e+03  5.155129e+02
11  3.392496e+03  8.297054e+02
12  2.377161e+03  3.308912e+02
13  1.200708e+03  7.319761e+01
14  4.721214e+02  9.171912e+01
15  3.073818e+02  1.050882e+02
16  3.264590e+02  9.391911e+01
17  3.006149e+02  3.243914e+01
18  2.928679e+02  1.169479e+01
19  2.132406e+02  7.235629e+00
20  1.279228e+02  -2.606954e+01
21  6.757071e+01  -2.901342e+01
22  3.480636e+01  -1.839812e+01
23  2.849657e+01  -9.036961e+00
24  1.772046e+01  -5.954803e+00
25  1.414957e+01  -7.869282e+00
26  7.974724e+00  -2.996783e+00
27  3.089572e+00  -3.599730e+00
28  9.750322e-01  -3.076672e+00
29  -1.028297e+00  -3.132486e+00
30  -1.420410e+00  -3.995557e+00
31  -1.623746e+00  -3.785252e+00
32  -3.976005e-01  -3.069153e+00
33  -1.795783e-01  -2.394999e+00
34  -2.922236e-01  -1.735870e+00
35  2.542142e-02  -7.714861e-01
36  -4.527914e-01  -1.004994e+00
37  -8.882746e-01  -2.544137e+00
38  -2.738255e-01  -4.002408e+00
39  4.159597e-01  1.338331e+00
40  2.652415e+00  5.727452e+00
41  -3.385247e+00  9.150652e+00
42  -3.276429e+00  -2.700924e+00
43  9.365973e+00  -1.278344e+00
44  5.283749e+01  8.622955e+00
45  3.866221e+01  5.409780e+00
46  4.684796e+01  -1.922461e+01
47  7.614478e+01  -9.270619e+01
48  1.223266e+02  -2.720748e+02
49  1.099898e+02  -3.864888e+02
50  1.647825e+02  -4.185907e+02
51  5.738792e+01  -6.778122e+02
52  -1.661658e+02  -9.984181e+02
53  -2.123788e+02  -7.433003e+02
54  5.557264e+02  -8.122883e+02
55  2.432414e+03  -5.358212e+02
56  6.125590e+03  -4.896516e+02
57  1.632503e+04  -2.895020e+03
58  3.653144e+04  -1.339377e+03
59  7.623991e+04  9.468406e+02
60  1.602029e+05  3.816496e+03
61  3.193935e+05  1.101769e+04
62  5.979765e+05  1.108840e+04
63  1.360047e+06  6.877857e+03
ENDPROP
STARTPROP
MASSES:  4.200000e-03   4.500000e-02
SOURCE: GAM_43
SINKS: GAM_43
0  5.288269e+04  4.307397e+03
1  1.337932e+06  3.562766e+03
2  5.437285e+05  1.615954e+03
3  2.803640e+05  1.476645e+03
4  1.469779e+05  4.150775e+03
5  7.279642e+04  5.219659e+03
6  3.541388e+04  3.277225e+03
7  1.750274e+04  2.010302e+03
8  1.165909e+04  9.183481e+01
9  9.490456e+03  -6.435413e+02
10  5.348981e+03  5.155129e+02
11  3.392496e+03  8.297054e+02
12  2.377161e+03  3.308912e+02
13  1.200708e+03  7.319761e+01
14  4.721214e+02  9.171912e+01
15  3.073818e+02  1.050882e+02
16  3.264590e+02  9.391911e+01
17  3.006149e+02  3.243914e+01
18  2.928679e+02  1.169479e+01
19  2.132406e+02  7.235629e+00
20  1.279228e+02  -2.606954e+01
21  6.757071e+01  -2.901342e+01
22  3.480636e+01  -1.839812e+01
23  2.849657e+01  -9.036961e+00
24  1.772046e+01  -5.954803e+00
25  1.414957e+01  -7.869282e+00
26  7.974724e+00  -2.996783e+00
27  3.089572e+00  -3.599730e+00
28  9.750322e-01  -3.076672e+00
29  -1.028297e+00  -3.132486e+00
30  -1.420410e+00  -3.995557e+00
31  -1.623746e+00  -3.785252e+00
32  -3.976005e-01  -3.069153e+00
33  -1.795783e-01  -2.394999e+00
34  -2.922236e-01  -1.735870e+00
35  2.542142e-02  -7.714861e-01
36  -4.527914e-01  -1.004994e+00
37  -8.882746e-01  -2.544137e+00
38  -2.738255e-01  -4.002408e+00
39  4.159597e-01  1.338331e+00
40  2.652415e+00  5.727452e+00
41  -3.385247e+00  9.150652e+00
42  -3.276429e+00  -2.700924e+00
43  9.365973e+00  -1.278344e+00
44  5.283749e+01  8.622955e+00
45  3.866221e+01  5.409780e+00
46  4.684796e+01  -1.922461e+01
47  7.614478e+01  -9.270619e+01
48  1.223266e+02  -2.720748e+02
49  1.099898e+02  -3.864888e+02
50  1.647825e+02  -4.185907e+02
51  5.738792e+01  -6.778122e+02
52  -1.661658e+02  -9.984181e+02
53  -2.123788e+02  -7.433003e+02
54  5.557264e+02  -8.122883e+02
55  2.432414e+03  -5.358212e+02
56  6.125590e+03  -4.896516e+02
57  1.632503e+04  -2.895020e+03
58  3.653144e+04  -1.339377e+03
59  7.623991e+04  9.468406e+02
60  1.602029e+05  3.816496e+03
61  3.193935e+05  1.101769e+04
62  5.979765e+05  1.108840e+04
63  1.360047e+06  6.877857e+03
ENDPROP
STARTPROP
MASSES:  4.200000e-03   4.500000e-02
SOURCE: GAM_15
SINKS: GAM_15
0  3.246869e+04  2.890375e+02
1  -9.612275e+05  1.214363e+04
2  -2.924045e+05  1.137341e+04
3  -1.266292e+05  2.385517e+03
4  -4.774276e+04  -3.052082e+03
5  -2.057931e+04  -5.542304e+03
6  -1.160303e+04  -5.110517e+03
7  -6.007894e+03  -2.244367e+03
8  -3.703276e+03  2.647465e+02
9  -1.488600e+03  9.798356e+02
10  -6.398579e+02  8.968897e+02
11  -2.474768e+02  2.703807e+02
12  -2.492300e+02  2.181465e+02
13  -2.034649e+02  9.067184e+01
14  -1.565837e+02  1.747461e+02
15  -3.131778e+01  1.262664e+02
16  1.136808e+00  1.097636e+02
17  2.512016e+00  1.548255e+02
18  -6.974869e+01  1.475354e+02
19  -5.045021e+01  1.248782e+02
20  -4.022051e+01  5.339278e+01
21  1.169898e+01  2.398575e+01
22  3.259015e+01  2.077546e+01
23  2.927698e+01  2.266306e+01
24  1.532273e+01  1.835383e+01
25  8.060250e+00  8.203526e+00
26  6.867290e+00  3.171858e+00
27  4.216298e+00  -1.741477e+00
28  8.204192e-01  -3.856162e+00
29  -5.869281e-01  -3.280478e+00
30  -7.065675e-01  -2.544662e+00
31  -7.966214e-01  -1.754100e+00
32  -7.689780e-01  -1.748093e+00
33  -4.881121e-02  -1.926842e+00
34  -5.993832e-02  -2.847108e+00
35  -9.199856e-01  -3.314221e+00
36  -1.359597e+00  -1.848938e+00
37  -1.876256e+00  6.634888e-01
38  -1.334711e+00  2.861190e+00
39  -5.075836e+00  6.245148e+00
40  -2.945359e+00  1.586909e+01
41  -3.385224e+00  2.352162e+01
42  5.354269e+00  4.570241e+01
43  3.198647e+01  6.254379e+01
44  5.509367e+01  7.809495e+01
45  9.821151e+01  7.731682e+01
46  1.593806e+02  1.304482e+02
47  1.830859e+02  1.374652e+02
48  1.838970e+02  9.011809e+01
49  1.566297e+02  2.114725e+01
50  1.511746e+02  -1.044647e+02
51  2.093941e+02  -1.927860e+02
52  4.087743e+02  -3.010344e+02
53  1.336527e+03  -2.632746e+02
54  2.542593e+03  -5.433624e+02
55  4.440971e+03  -4.394571e+02
56  4.579355e+03  -1.229786e+02
57  3.684940e+03  7.525349e+02
58  2.372514e+03  2.899421e+03
59  -8.697312e+03  5.689001e+03
60  -3.569151e+04  5.088273e+03
61  -1.074202e+05  -3.524216e+03
62  -2.764475e+05  -1.293977e+04
63  -9.486555e+05  -1.321587e+04
ENDPROP
STARTPROP
MASSES:  4.200000e-03   4.500000e-02
SOURCE: GAM_25
SINKS: GAM_25
0  4.911557e+04  -2.183096e+04
1  -9.462277e+05  -1.371812e+04
2  -2.747993e+05  -8.426024e+03
3  -9.931292e+04  -6.627025e+03
4  -2.530173e+04  -1.820854e+03
5  -2.556836e+03  -8.869432e+02
6  3.738926e+03  -3.248085e+03
7  3.822447e+03  -4.277843e+03
8  2.064293e+03  -4.997336e+03
9  2.502544e+03  -4.802188e+03
10  1.494573e+03  -3.351801e+03
11  8.032286e+02  -2.051046e+03
12  -1.937265e+00  -8.727572e+02
13  -3.844375e+01  -7.580217e+02
14  -1.464247e+01  -4.296433e+02
15  8.524829e+01  -1.037792e+02
16  9.853361e+01  -2.178894e+01
17  1.077790e+02  -7.707986e+00
18  1.063928e+01  -5.629051e+00
19  7.123264e-01  -3.749045e+01
20  -1.367168e+00  -5.994799e+01
21  4.743472e+00  -6.845050e+01
22  5.246813e+00  -4.796976e+01
23  -2.833763e+00  -1.886521e+01
24  -1.928587e+00  -2.543281e+00
25  1.942658e+00  -3.188635e+00
26  4.482361e+00  1.967278e+00
27  2.209005e+00  3.502804e+00
28  4.021097e-02  8.578205e-01
29  -1.772637e+00  -1.522923e+00
30  -2.292839e+00  -3.234525e+00
31  -2.050198e+00  -9.581945e-01
32  -2.199332e+00  1.581285e-01
33  -1.516505e+00  4.256118e-01
34  -2.368905e+00  8.671024e-01
35  -3.762446e+00  1.060429e+00
36  -6.184777e+00  6.936457e-01
37  -8.423442e+00  4.587030e-01
38  -1.202132e+01  3.826372e+00
39  -1.153112e+01  4.394159e+00
40  -7.615605e+00  1.834869e+00
41  -4.214682e+00  7.989756e-01
42  1.349243e+00  4.152248e+00
43  1.401147e+01  3.512502e+00
44  2.427463e+01  2.110388e+01
45  2.081186e+01  -1.534842e+00
46  -1.003967e+01  -2.573943e+01
47  -2.583283e+01  -4.195263e+00
48  5.227965e+01  5.941991e+01
49  3.849913e+02  2.159298e+02
50  6.036217e+02  4.864385e+02
51  3.682847e+02  5.725046e+02
52  2.003606e+01  4.449340e+02
53  4.088798e+02  6.683672e+02
54  5.704025e+02  3.329835e+02
55  2.736369e+03  -8.535773e+02
56  2.899502e+03  -8.198068e+02
57  1.632262e+03  3.117422e+02
58  -2.170953e+03  1.568480e+03
59  -1.127288e+04  2.491348e+03
60  -3.357244e+04  2.553306e+03
61  -1.005917e+05  1.051248e+03
62  -2.728274e+05  -2.070814e+04
63  -9.467002e+05  -3.653355e+04
ENDPROP
STARTPROP
MASSES:  4.200000e-03   4.500000e-02
SOURCE: GAM_35
SINKS: GAM_35
0  6.670892e+04  7.545416e+03
1  -9.370542e+05  2.174814e+04
2  -2.723710e+05  2.708271e+04
3  -1.032858e+05  1.753999e+04
4  -3.769941e+04  1.150802e+04
5  -1.462688e+04  9.323021e+03
6  -4.647757e+03  5.198873e+03
7  -2.780883e+03  1.602652e+03
8  -4.760699e+03  -7.345280e+02
9  -3.575155e+03  -1.335585e+03
10  -1.926487e+03  -2.051923e+03
11  -8.488034e+02  -1.165731e+03
12  1.420712e+02  -8.115361e+02
13  5.019678e+02  -6.118523e+02
14  4.234043e+02  -4.952361e+02
15  2.174646e+02  -3.063377e+02
16  4.090277e+01  -1.607522e+02
17  -2.668150e+01  -7.546633e+00
18  -2.002941e+01  4.612041e+00
19  -1.367199e+01  -2.643079e+01
20  -5.356579e+01  -1.260213e+01
21  -3.106090e+01  -1.255812e+01
22  -8.390553e+00  -1.140968e+01
23  9.806761e+00  -1.672628e+01
24  8.645907e+00  -5.116053e+00
25  1.779104e+00  4.518817e+00
26  -5.534913e+00  7.899953e+00
27  -2.160485e+00  1.050544e+01
28  -4.425172e-02  8.046875e+00
29  -1.712750e+00  5.684858e+00
30  -4.222578e+00  5.220496e+00
31  -4.370223e+00  3.985782e+00
32  -3.619591e+00  2.100552e+00
33  -3.170103e+00  3.544644e-01
34  -1.557854e+00  -2.672594e+00
35  -9.258489e-02  -3.566209e+00
36  -1.261509e+00  -3.535567e+00
37  -3.728397e+00  -5.326023e+00
38  -9.104732e+00  -3.282309e+00
39  -1.253387e+01  -4.425202e+00
40  -8.412767e+00  -5.328047e+00
41  -4.455943e+00  -1.607241e+00
42  -1.425430e+01  8.056297e+00
43  -2.007160e+01  1.535102e+01
44  -2.437956e+01  3.200181e+01
45  -5.255036e+01  1.604032e+01
46  -1.501104e+02  3.650090e+01
47  -2.726361e+02  1.687159e+02
48  -3.471701e+02  2.850012e+02
49  -4.525475e+02  2.119763e+02
50  -7.991143e+02  -1.538242e+02
51  -1.091808e+03  -1.190944e+02
52  -1.196340e+03  -4.942043e+01
53  -1.469835e+03  -2.123639e+02
54  -1.927556e+03  -1.086699e+02
55  -2.863670e+03  -1.719179e+02
56  -5.242695e+03  1.187426e+03
57  -9.427472e+03  4.111546e+03
58  -1.829636e+04  5.826206e+03
59  -2.401599e+04  9.611317e+03
60  -3.905126e+04  1.464638e+04
61  -8.678904e+04  1.357591e+04
62  -2.347252e+05  3.380562e+03
63  -9.051680e+05  -3.784129e+03
ENDPROP
STARTPROP
MASSES:  4.200000e-03   4.500000e-02
SOURCE: GAM_45
SINKS: GAM_45
0  -1.216501e+06  -4.513514e+03
1  1.017962e+06  -4.977990e+03
2  5.122499e+05  -6.183992e+03
3  3.760632e+05  -4.972689e+03
4  2.649504e+05  -4.381844e+03
5  1.830848e+05  -2.137393e+03
6  1.213621e+05  8.762273e+02
7  8.249960e+04  1.607849e+03
8  5.616373e+04  1.533438e+03
9  3.826431e+04  1.034655e+03
10  2.601169e+04  3.541415e+02
11  1.792554e+04  6.150683e+02
12  1.231256e+04  5.028981e+02
13  8.617714e+03  3.495629e+02
14  5.961646e+03  6.394585e+01
15  4.042651e+03  2.259943e+01
16  2.797270e+03  4.455049e+00
17  1.964252e+03  7.592126e+00
18  1.381190e+03  8.262703e+00
19  9.232934e+02  2.061905e+01
20  6.371775e+02  2.513461e+01
21  4.303096e+02  6.017685e+00
22  3.025505e+02  1.108901e+00
23  2.089754e+02  -4.421469e+00
24  1.463941e+02  -2.389236e+00
25  9.871415e+01  1.107551e+00
26  6.983922e+01  3.017277e+00
27  4.811529e+01  3.115581e+00
28  3.265317e+01  4.169029e+00
29  2.343870e+01  2.881950e+00
30  1.806715e+01  2.534675e+00
31  1.592888e+01  2.192590e+00
32  1.508856e+01  1.972397e+00
33  1.596253e+01  1.634779e+00
34  1.881389e+01  2.331079e+00
35  2.448403e+01  3.414519e+00
36  3.478522e+01  4.585481e+00
37  4.661548e+01  6.794977e+00
38  6.204070e+01  8.491854e+00
39  8.763122e+01  1.156720e+01
40  1.231740e+02  1.182803e+01
41  1.736079e+02  8.882874e+00
42  2.558249e+02  -3.029017e+00
43  3.834051e+02  -1.592022e+01
44  5.976182e+02  -4.670181e+01
45  8.783734e+02  -6.729743e+01
46  1.318452e+03  -8.430237e+01
47  1.924250e+03  -9.803931e+01
48  2.768541e+03  -8.060187e+01
49  4.124152e+03  -1.143188e+02
50  5.937844e+03  -1.209948e+02
51  8.387424e+03  -6.754627e+00
52  1.257453e+04  -2.466905e+01
53  1.815951e+04  3.405038e+01
54  2.640673e+04  -3.592602e+02
55  3.901566e+04  -3.044675e+02
56  5.855092e+04  -1.054262e+02
57  8.617389e+04  1.021118e+03
58  1.252265e+05  1.360745e+03
59  1.814477e+05  1.815748e+03
60  2.588972e+05  2.114234e+03
61  3.771572e+05  4.258821e+03
62  5.206278e+05  5.237112e+03
63  1.006286e+06  6.164894e+03
ENDPROP
STARTPROP
MASSES:  4.200000e-03   4.500000e-02
SOURCE: PSAX4
SINKS: GAM_4
0  3.492430e+03  -8.029060e+03
1  1.769763e+06  -1.393138e+04
2  1.087097e+06  -1.166535e+04
3  7.721753e+05  -8.144631e+03
4  5.436141e+05  -9.941554e+03
5  3.696720e+05  -5.593559e+03
6  2.476479e+05  -9.880307e+02
7  1.688652e+05  6.729674e+02
8  1.164160e+05  1.610970e+03
9  7.915634e+04  1.304891e+03
10  5.415301e+04  8.454201e+02
11  3.723839e+04  1.123955e+03
12  2.555010e+04  8.831583e+02
13  1.771931e+04  5.167684e+02
14  1.225655e+04  1.945680e+02
15  8.402195e+03  1.043842e+02
16  5.689031e+03  4.601844e+01
17  3.874164e+03  1.265384e+01
18  2.650802e+03  -1.160670e+00
19  1.797189e+03  2.175101e+01
20  1.214590e+03  1.919636e+01
21  8.252680e+02  8.244995e+00
22  5.680399e+02  1.012106e+00
23  3.865621e+02  -2.803777e+00
24  2.660059e+02  -1.305541e-01
25  1.791837e+02  1.585154e+00
26  1.251206e+02  3.116218e+00
27  8.413623e+01  1.984885e+00
28  5.441530e+01  1.861825e+00
29  3.508325e+01  9.216730e-01
30  2.002285e+01  6.624530e-01
31  8.453107e+00  -3.883334e-01
32  -2.399317e+00  -1.036740e+00
33  -1.308009e+01  -9.541418e-01
34  -2.584363e+01  -1.591949e+00
35  -4.142899e+01  -1.800472e+00
36  -6.424804e+01  -2.502471e+00
37  -9.134337e+01  -5.432635e+00
38  -1.280920e+02  -7.307756e+00
39  -1.851099e+02  -1.100745e+01
40  -2.654347e+02  -1.163864e+01
41  -3.832712e+02  -1.316242e+01
42  -5.617051e+02  7.489443e+00
43  -8.388951e+02  2.859151e+01
44  -1.257863e+03  6.200048e+01
45  -1.853321e+03  7.792364e+01
46  -2.748321e+03  9.288485e+01
47  -4.032629e+03  9.843571e+01
48  -5.904852e+03  5.954968e+01
49  -8.690415e+03  5.438820e+01
50  -1.261755e+04  7.113560e+01
51  -1.791951e+04  -1.221221e+01
52  -2.629139e+04  8.771784e+01
53  -3.760474e+04  1.502195e+02
54  -5.428431e+04  2.916940e+02
55  -7.922907e+04  4.872862e+01
56  -1.151513e+05  -7.913898e+01
57  -1.682992e+05  -8.326957e+02
58  -2.444822e+05  -9.989958e+02
59  -3.559604e+05  2.055752e+02
60  -5.135649e+05  -1.385050e+02
61  -7.524635e+05  -2.352685e+03
62  -1.071115e+06  -9.979692e+03
63  -1.740390e+06  -1.495523e+04
ENDPROP
STARTPROP
MASSES:  4.200000e-03   4.500000e-02
SOURCE: WWPSAX4
SINKS: GAM_4
0  3.809375e+08  -5.311486e+07
1  2.025599e+09  9.729436e+06
2  5.962421e+08  3.163690e+06
3  4.521951e+08  -5.421642e+07
4  3.485425e+08  1.028549e+06
5  3.449865e+08  -7.383740e+06
6  1.480109e+08  1.984051e+06
7  1.184069e+08  -6.286531e+06
8  6.782132e+07  -1.199609e+07
9  5.176495e+07  9.583109e+06
10  3.264945e+07  5.025345e+05
11  1.318712e+07  1.471897e+06
12  2.304389e+07  7.129352e+06
13  1.002171e+07  -1.696119e+06
14  8.177929e+06  1.038120e+06
15  4.602008e+06  1.220185e+06
16  4.125908e+06  -3.320376e+05
17  1.916966e+06  4.242582e+05
18  1.707458e+06  1.130096e+05
19  8.994307e+05  -1.287414e+05
20  8.708124e+05  -2.664953e+05
21  7.244602e+05  -5.468688e+04
22  -2.699065e+04  -3.366420e+04
23  2.210741e+05  1.017185e+05
24  2.697470e+05  -1.107975e+04
25  4.899671e+04  -2.622466e+04
26  6.086330e+04  -2.507972e+04
27  9.661955e+04  5.964897e+03
28  4.758530e+04  -5.861516e+03
29  1.208397e+03  8.900275e+03
30  5.721740e+03  -4.484913e+03
31  4.781922e+03  -6.538716e+03
32  3.146041e+03  -9.219702e+03
33  3.313187e+03  1.492684e+03
34  -1.566668e+04  -4.123514e+03
35  -1.781388e+04  8.873119e+03
36  -4.606047e+04  -1.218766e+04
37  -4.971910e+04  1.372151e+04
38  -9.840154e+04  2.845762e+04
39  2.014495e+04  1.854375e+04
40  -1.871457e+05  6.687765e+03
41  -1.741936e+05  -1.391478e+05
42  -5.718667e+05  -2.312591e+05
43  -6.704456e+05  1.021713e+05
44  -6.346061e+05  -1.431731e+05
45  -3.872539e+05  3.011896e+04
46  -6.525409e+05  1.442534e+05
47  -2.492874e+06  -6.521997e+05
48  -4.060932e+06  -1.629306e+06
49  -3.815390e+06  -7.936340e+05
50  -6.289421e+06  1.025803e+06
51  -7.182944e+06  -1.007533e+06
52  -1.314172e+07  -3.864180e+06
53  -2.234504e+07  2.585839e+06
54  -3.206488e+07  -4.039060e+06
55  -3.554858e+07  -2.643828e+05
56  -7.354381e+07  6.622697e+06
57  -8.295498e+07  -2.735141e+06
58  -1.421159e+08  -1.144361e+07
59  -1.736476e+08  2.055330e+07
60  -3.479087e+08  -3.251609e+07
61  -6.726274e+08  3.259181e+07
62  -6.851504e+08  -2.047635e+07
63  -3.084122e+09  -9.305893e+07
ENDPROP
STARTPROP
MASSES:  4.200000e-03   4.500000e-02
SOURCE: WWGAM_5
SINKS: GAM_5
0  1.943427e+10  3.657993e+00
1  3.017293e+09  -3.469223e+07
2  1.209346e+09  -7.765991e+07
3  8.364029e+08  -3.356037e+06
4  7.106614e+08  -5.279551e+07
5  5.612387e+08  -4.442016e+07
6  3.227562e+08  -5.768994e+06
7  2.230356e+08  1.820945e+05
8  1.275528e+08  -1.253276e+07
9  8.848015e+07  8.491253e+05
10  5.756629e+07  1.492794e+06
11  3.452922e+07  -3.394133e+06
12  3.858431e+07  7.529461e+06
13  1.874933e+07  -3.026810e+05
14  1.381711e+07  2.448931e+06
15  8.091873e+06  4.187478e+05
16  6.837926e+06  -8.218642e+05
17  4.788515e+06  6.734027e+05
18  2.557361e+06  3.322094e+05
19  1.824836e+06  3.899362e+05
20  1.893054e+06  -1.623758e+05
21  1.112875e+06  -2.098848e+04
22  5.218600e+05  1.069625e+04
23  4.717216e+05  1.581467e+05
24  3.734399e+05  -5.207538e+04
25  1.528169e+05  -3.417279e+04
26  1.393215e+05  -1.812461e+04
27  1.503911e+05  7.555161e+03
28  7.126762e+04  -2.460354e+03
29  4.076788e+04  9.746654e+03
30  2.965174e+04  8.575991e+03
31  4.221339e+04  2.376553e+02
32  5.238365e+04  8.498135e+03
33  3.068740e+04  4.036386e+02
34  2.994384e+04  9.003093e+03
35  5.684490e+04  9.705460e+03
36  7.993225e+04  -3.512432e+03
37  1.051810e+05  3.680361e+03
38  1.518077e+05  1.150295e+04
39  1.052204e+05  4.026571e+04
40  3.005983e+05  3.768098e+04
41  4.300810e+05  9.113709e+04
42  7.560651e+05  1.812108e+05
43  1.496613e+06  -2.544496e+05
44  1.899946e+06  1.509007e+05
45  1.831434e+06  -2.120336e+05
46  2.441561e+06  6.921636e+04
47  4.111648e+06  3.400617e+05
48  6.097980e+06  1.202641e+06
49  8.543811e+06  1.791666e+06
50  1.456309e+07  -2.105783e+06
51  1.522243e+07  1.052369e+05
52  2.590054e+07  -4.771403e+04
53  4.316214e+07  -7.578089e+05
54  7.986870e+07  -4.002307e+06
55  1.044912e+08  -9.487342e+05
56  1.412220e+08  -1.911430e+06
57  1.890176e+08  -1.136097e+07
58  2.618819e+08  1.740083e+07
59  3.726647e+08  -2.172651e+07
60  6.002386e+08  1.921722e+07
61  1.068656e+09  9.044762e+06
62  1.223227e+09  5.871863e+07
63  4.075999e+09  1.459154e+08
ENDPROP
