STARTPROP
MASSES:  4.200000e-03   4.200000e-03
SOURCE: GAM_1
SINKS: GAM_1
0  1.165757e+06  -1.397056e+03
1  2.005479e+06  -2.704109e+03
2  1.013342e+06  -2.550744e+03
3  5.759351e+05  -2.055980e+03
4  3.364828e+05  -5.399703e+02
5  1.943136e+05  5.205938e+02
6  1.025876e+05  1.289791e+03
7  4.728768e+04  4.132950e+02
8  1.629935e+04  -7.136959e+02
9  -1.682906e+03  -7.050305e+02
10  -7.393461e+03  -6.185398e+02
11  -4.469711e+03  -6.996206e+02
12  -3.876662e+03  -4.786550e+02
13  1.314549e+03  -5.358085e+02
14  3.924288e+03  -7.401055e+02
15  8.093745e+03  -6.546797e+02
16  1.192886e+04  -5.510428e+02
17  1.228586e+04  -4.306723e+02
18  7.396422e+03  -3.105646e+02
19  2.168884e+03  -1.743057e+02
20  -7.273583e+02  -1.329397e+02
21  -1.173222e+03  -7.876426e+01
22  1.100471e+02  -5.213900e+01
23  2.616154e+02  -7.595530e+01
24  6.484122e+02  -1.197295e+02
25  1.092952e+03  -1.610009e+02
26  3.708774e+02  -1.617928e+02
27  -1.981096e+02  -1.348083e+02
28  -4.370150e+02  -1.379026e+02
29  -6.257937e+02  -1.204994e+02
30  -3.111400e+02  -1.144365e+02
31  3.851778e+01  -9.886270e+01
32  5.113926e+02  -8.502931e+01
33  7.559126e+02  -5.906355e+01
34  7.170122e+02  -3.544861e+01
35  6.724092e+02  -2.290826e+00
36  6.530383e+02  3.665701e+01
37  5.354974e+02  7.737888e+01
38  4.481855e+02  1.095056e+02
39  2.403064e+02  1.116166e+02
40  5.192592e+02  9.692446e+01
41  7.731759e+02  8.616983e+01
42  5.145332e+01  1.774831e+02
43  -2.006920e+03  2.209040e+02
44  -2.689493e+03  2.645658e+02
45  -3.546775e+03  2.507304e+02
46  -5.030283e+03  1.701638e+02
47  -6.340123e+03  1.672732e+01
48  -6.489808e+03  5.013553e-01
49  -4.908158e+03  -8.324261e+01
50  2.221986e+03  5.742523e+01
51  1.023823e+04  2.242133e+02
52  2.131283e+04  1.366135e+02
53  2.902385e+04  -1.759960e+02
54  4.015482e+04  -1.272815e+02
55  4.835166e+04  -3.440477e+02
56  5.962841e+04  -8.507432e+02
57  7.755975e+04  -1.339841e+03
58  9.360460e+04  -1.849429e+03
59  1.569313e+05  -1.871076e+03
60  2.776232e+05  -1.652094e+03
61  5.213771e+05  -3.519961e+03
62  9.390651e+05  -2.879605e+03
63  1.953097e+06  -1.862588e+03
ENDPROP
STARTPROP
MASSES:  4.200000e-03   4.200000e-03
SOURCE: GAM_2
SINKS: GAM_2
0  1.297663e+06  6.376760e+03
1  2.116095e+06  5.194788e+03
2  1.095822e+06  2.489578e+03
3  6.492685e+05  8.554983e+02
4  4.189520e+05  3.556009e+02
5  2.864228e+05  -2.997172e+02
6  2.074265e+05  -2.874767e+02
7  1.454160e+05  -6.626201e+02
8  9.460938e+04  -6.218517e+02
9  6.416589e+04  -6.466790e+02
10  3.759497e+04  -5.086572e+02
11  1.304253e+04  -7.083610e+02
12  1.548308e+03  -3.112545e+02
13  -1.303555e+03  9.407810e+01
14  -6.130991e+03  3.267609e+02
15  -4.869402e+03  3.363450e+02
16  3.217856e+02  1.040005e+02
17  2.769653e+03  1.206193e+02
18  1.297043e+03  2.188156e+02
19  -6.915648e+02  2.319141e+02
20  -1.801504e+03  2.183109e+02
21  -1.024540e+03  2.006238e+02
22  -1.330450e+03  1.300515e+02
23  -1.318588e+03  6.707011e+01
24  -1.284446e+03  5.411497e+01
25  -9.293650e+02  6.492220e+01
26  -9.002412e+02  6.118724e+01
27  -1.203205e+03  4.117606e+01
28  -1.280488e+03  1.979673e+01
29  -7.705570e+02  1.532851e+01
30  -3.682492e+02  1.777282e+01
31  -2.133362e+00  6.425150e+00
32  3.570472e+02  -9.187782e+00
33  6.723164e+02  -5.061900e-01
34  4.762891e+02  3.794785e+00
35  -1.508061e+02  1.260033e+01
36  -5.803610e+02  7.902891e+00
37  -5.434389e+02  -5.353288e+01
38  -5.855761e+02  -9.561333e+01
39  -7.806714e+02  -1.192322e+02
40  -1.299830e+03  -1.301839e+02
41  -1.765127e+03  -1.549648e+02
42  -2.378670e+03  -2.009774e+02
43  -3.007197e+03  -1.483593e+02
44  -3.219978e+03  3.382973e+00
45  -1.153619e+03  9.404681e+01
46  1.759826e+03  1.695720e+02
47  5.309374e+03  2.899725e+02
48  9.715639e+03  4.270083e+02
49  1.107967e+04  4.494514e+02
50  1.021924e+04  -5.934010e+01
51  1.033996e+04  -6.987340e+02
52  1.561253e+04  -1.123385e+03
53  1.394186e+04  -1.359437e+03
54  1.802097e+03  -1.744667e+03
55  -8.366689e+03  -1.437893e+03
56  -1.603253e+03  -1.936669e+03
57  1.158412e+04  -2.694391e+03
58  2.948712e+04  -3.084657e+03
59  8.253859e+04  -3.656584e+03
60  2.216487e+05  -1.675813e+03
61  4.639455e+05  -2.857092e+02
62  9.514736e+05  7.391001e+02
63  2.018492e+06  2.389196e+03
ENDPROP
STARTPROP
MASSES:  4.200000e-03   4.200000e-03
SOURCE: GAM_3
SINKS: GAM_3
0  1.142554e+06  1.705772e+03
1  1.948062e+06  9.286813e+02
2  9.344841e+05  2.723507e+03
3  5.346009e+05  1.496557e+03
4  3.521791e+05  -5.997045e+01
5  2.363437e+05  -3.605094e+02
6  1.449928e+05  -1.201945e+03
7  8.871522e+04  -7.377541e+02
8  6.986385e+04  -3.846572e+02
9  5.676297e+04  -1.110064e+02
10  3.677458e+04  -2.452679e+02
11  1.860804e+04  -3.907637e+02
12  1.451927e+04  -4.426367e+02
13  8.543425e+03  -3.941929e+02
14  6.658227e+03  -6.431485e+02
15  4.363806e+03  -5.310335e+02
16  1.228897e+03  -3.128704e+02
17  -2.268730e+01  -3.035905e+02
18  1.145782e+03  -4.050072e+01
19  1.795231e+03  1.224262e+02
20  2.950043e+03  2.233059e+02
21  3.324127e+03  2.109872e+02
22  2.580830e+03  1.482882e+02
23  2.168539e+03  5.333945e+01
24  8.326216e+02  -8.741036e+00
25  4.135542e+02  2.637874e+01
26  1.146596e+02  8.910987e+00
27  7.305505e+01  -2.475645e+01
28  1.573418e+02  -5.760711e+01
29  5.066366e+02  -7.858567e+01
30  6.433950e+02  -7.324552e+01
31  2.735679e+02  -6.096805e+01
32  -1.627577e+02  -4.416348e+01
33  -3.620710e+02  -3.759915e+01
34  -7.263643e+02  -4.950091e+01
35  -1.092283e+03  -7.330725e+01
36  -8.916995e+02  -7.858320e+01
37  -7.018416e+02  -5.075265e+01
38  -2.660814e+02  5.924977e+00
39  5.704259e+02  4.724432e+01
40  7.591509e+02  9.317093e+01
41  9.700449e+02  1.124954e+02
42  1.149806e+03  4.532174e+01
43  1.172211e+03  -8.044129e+00
44  2.199630e+03  -1.052748e+01
45  2.837371e+03  7.915312e+01
46  1.787140e+03  3.215188e+02
47  1.529874e+03  4.428952e+02
48  2.363698e+03  5.112501e+02
49  7.529022e+03  5.099883e+02
50  1.227846e+04  7.348052e+02
51  1.256890e+04  9.758662e+02
52  1.007261e+04  7.614213e+02
53  1.411769e+03  4.910455e+02
54  1.256567e+03  3.232411e+02
55  1.467433e+04  -3.138159e+02
56  2.446800e+04  -9.075188e+02
57  5.110078e+04  -1.597405e+03
58  9.464253e+04  -8.621217e+02
59  1.751574e+05  -3.563938e+02
60  2.783171e+05  8.186192e+01
61  4.904614e+05  1.996952e+03
62  9.249368e+05  3.185704e+03
63  1.955199e+06  2.546058e+03
ENDPROP
STARTPROP
MASSES:  4.200000e-03   4.200000e-03
SOURCE: GAM_4
SINKS: GAM_4
0  2.165283e+06  -7.161957e+01
1  -2.899087e+05  -3.110559e+02
2  1.248138e+03  -1.818775e+02
3  1.295368e+03  4.682739e+01
4  -3.713572e+03  -1.281894e+02
5  -8.456780e+03  -9.819396e+02
6  -6.977697e+03  -1.337464e+03
7  -5.794816e+02  -7.202562e+02
8  -1.852112e+03  -1.395809e+01
9  1.590363e+03  9.989361e+01
10  9.901292e+02  9.624521e+01
11  -7.904957e+02  2.071650e+02
12  -7.980645e+02  1.997721e+02
13  -2.511330e+03  2.817214e+02
14  -4.832426e+02  3.583574e+02
15  -2.200365e+02  3.727852e+02
16  -3.004823e+02  3.877575e+02
17  -1.004214e+02  3.209349e+02
18  2.034484e+02  2.529326e+02
19  -4.470598e+02  2.282275e+02
20  -2.525936e+02  1.839232e+02
21  -4.551822e+01  1.375701e+02
22  -5.071680e+00  1.206468e+02
23  2.261936e+02  9.473683e+01
24  -1.569457e+02  1.070214e+02
25  -3.239537e+01  8.582887e+01
26  3.596571e+01  7.798381e+01
27  5.874763e+01  4.623159e+01
28  -6.397480e+01  5.220392e+01
29  5.623641e+00  6.113180e+01
30  -1.431816e+02  5.616742e+01
31  -7.519588e+01  4.968867e+01
32  -1.330493e+02  2.812047e+01
33  -4.426562e+01  1.775183e+01
34  1.295611e+01  9.467813e+00
35  -7.546058e+01  1.267925e+01
36  -9.560451e+01  1.274013e+01
37  -1.265410e+02  9.617264e+00
38  3.022883e+00  2.769859e+01
39  1.045832e+02  2.987901e+01
40  1.503565e+02  1.906109e+01
41  1.748566e+02  4.752752e+01
42  -1.877399e+02  -1.350137e+01
43  3.454205e+02  -2.879491e+00
44  -5.550867e+01  5.124059e+01
45  6.847812e+00  7.834663e+01
46  6.435165e+00  5.325786e+01
47  -1.597377e+02  6.310695e+01
48  3.357032e+02  -3.284953e+01
49  9.011060e+02  -3.961135e+01
50  5.970988e+02  2.783254e+01
51  8.920250e+02  1.416360e+00
52  9.985402e+02  4.480456e+00
53  1.634627e+03  2.183017e+02
54  5.324153e+02  2.344160e+02
55  1.842237e+03  2.699774e+02
56  2.055211e+03  1.826896e+02
57  7.063658e+03  9.550540e+02
58  -1.092885e+02  3.040860e+02
59  -5.236940e+02  -4.930645e+01
60  7.697804e+03  1.814045e+02
61  -1.681649e+03  6.302647e+02
62  -6.336929e+03  3.401473e+02
63  -2.922462e+05  -7.790393e+02
ENDPROP
STARTPROP
MASSES:  4.200000e-03   4.200000e-03
SOURCE: GAM_5
SINKS: GAM_5
0  1.599321e+07  3.156349e+04
1  1.556759e+07  1.329972e+04
2  1.286938e+07  1.322744e+04
3  1.096309e+07  1.289105e+04
4  9.107152e+06  6.269634e+03
5  7.518503e+06  -1.045698e+03
6  6.295835e+06  -6.756213e+03
7  5.406196e+06  -6.477786e+03
8  4.568957e+06  -5.265999e+03
9  3.812554e+06  -1.715262e+03
10  3.235258e+06  5.581880e+02
11  2.780320e+06  1.736797e+03
12  2.377793e+06  1.575208e+03
13  1.998225e+06  -1.195029e+03
14  1.635080e+06  -2.813620e+03
15  1.313743e+06  -4.258520e+03
16  1.061719e+06  -4.176128e+03
17  8.761559e+05  -3.309002e+03
18  7.302253e+05  -2.586793e+03
19  6.087549e+05  -1.975644e+03
20  5.095836e+05  -5.732316e+02
21  4.329985e+05  6.662711e+02
22  3.747562e+05  1.585732e+03
23  3.218363e+05  1.489550e+03
24  2.673884e+05  1.243917e+03
25  2.254131e+05  7.773349e+02
26  1.927190e+05  4.432154e+02
27  1.594999e+05  3.326271e+02
28  1.336207e+05  1.430549e+02
29  1.182493e+05  1.573545e+01
30  1.101465e+05  -9.393756e+01
31  1.048245e+05  -3.002113e+02
32  1.039746e+05  -3.804740e+02
33  1.083085e+05  -2.737100e+02
34  1.131947e+05  -1.544102e+02
35  1.184218e+05  -5.764080e+01
36  1.269178e+05  -3.121896e+01
37  1.399796e+05  2.234700e+01
38  1.595333e+05  -2.723243e+01
39  1.801940e+05  -1.772672e+01
40  2.047955e+05  2.608464e+02
41  2.374837e+05  4.828710e+02
42  2.888951e+05  1.253902e+03
43  3.525496e+05  2.259077e+03
44  4.259470e+05  3.011541e+03
45  5.123344e+05  3.289442e+03
46  6.151936e+05  3.298089e+03
47  7.306512e+05  2.782658e+03
48  8.610602e+05  2.472760e+03
49  1.050758e+06  3.072781e+03
50  1.283933e+06  4.086722e+03
51  1.557262e+06  5.143492e+03
52  1.844655e+06  5.502368e+03
53  2.206390e+06  2.228170e+03
54  2.680832e+06  -1.957563e+03
55  3.247086e+06  -6.037145e+03
56  3.958862e+06  -1.188877e+04
57  4.841486e+06  -9.922943e+03
58  6.134997e+06  -4.796488e+03
59  7.814988e+06  -2.048967e+03
60  9.611912e+06  5.759222e+03
61  1.156496e+07  6.490758e+03
62  1.366807e+07  1.814799e+04
63  1.614062e+07  3.046195e+04
ENDPROP
STARTPROP
MASSES:  4.200000e-03   4.200000e-03
SOURCE: GAM_12
SINKS: GAM_12
0  7.255134e+05  -1.505791e+02
1  -8.451670e+05  1.368012e+03
2  -2.702302e+05  8.630438e+02
3  -1.540643e+05  4.525173e+02
4  -7.021876e+04  2.987134e+02
5  -4.396913e+04  2.430394e+02
6  -3.654204e+04  -5.102001e+02
7  -2.081855e+04  -1.551068e+03
8  -1.617721e+04  -1.555397e+03
9  -8.746453e+03  -1.393766e+03
10  4.256476e+03  -1.077018e+03
11  1.539287e+03  -1.419673e+03
12  -3.280494e+02  -7.304331e+02
13  -1.502730e+03  1.357404e+01
14  -5.180171e+03  1.418265e+02
15  -4.628840e+03  1.830269e+02
16  -1.515085e+03  -1.601403e+01
17  -1.597777e+03  -1.010906e+02
18  -1.318296e+03  -1.716278e+02
19  -5.178427e+02  -7.116927e+01
20  -1.000679e+03  -2.138775e+01
21  -8.591334e+02  -2.043284e+01
22  1.588735e+02  2.436681e+01
23  7.334653e+02  2.500251e+01
24  1.534503e+03  5.121895e+01
25  5.880522e+02  4.100184e+01
26  2.524233e+02  2.769612e+01
27  4.999185e+02  -3.217119e+01
28  2.937543e+02  -5.430273e+01
29  3.924236e+02  -6.212084e+01
30  2.483242e+02  -5.658383e+01
31  1.849338e+02  -4.219705e+01
32  -2.177065e+01  -2.599832e+01
33  6.901622e+01  2.582407e+01
34  -3.671850e+00  4.500433e+01
35  1.370804e+02  4.902353e+01
36  1.451333e+02  4.485934e+01
37  2.161109e+02  6.111286e+01
38  3.688207e+02  7.163849e+01
39  2.254094e+02  4.809871e+01
40  -9.730836e+01  2.549598e+01
41  -5.127994e+02  3.419423e+01
42  -7.067078e+02  2.524990e+01
43  -6.844607e+02  6.038316e+01
44  -4.631793e+02  7.364216e+01
45  -1.236503e+03  2.802272e+01
46  -2.822018e+02  1.835036e-01
47  3.281414e+03  -3.083172e+01
48  5.772058e+03  -3.733308e+01
49  4.785855e+03  -6.929856e+00
50  5.591419e+02  -1.099271e+02
51  -7.227809e+02  -1.220833e+02
52  -2.401621e+03  -3.896838e+02
53  -4.395573e+02  -5.311229e+01
54  -5.948227e+03  7.141007e+01
55  -1.611668e+04  5.416144e+01
56  -1.923605e+04  -1.404553e+02
57  -1.883571e+04  2.113642e+02
58  -4.351760e+04  1.010536e+03
59  -4.211423e+04  4.261180e+02
60  -5.949614e+04  1.331656e+03
61  -5.690777e+04  -5.486063e+02
62  -1.512696e+05  -1.965392e+02
63  -7.187248e+05  -2.374570e+02
ENDPROP
STARTPROP
MASSES:  4.200000e-03   4.200000e-03
SOURCE: GAM_21
SINKS: GAM_21
0  7.255134e+05  -1.505791e+02
1  -8.451670e+05  1.368012e+03
2  -2.702302e+05  8.630438e+02
3  -1.540643e+05  4.525173e+02
4  -7.021876e+04  2.987134e+02
5  -4.396913e+04  2.430394e+02
6  -3.654204e+04  -5.102001e+02
7  -2.081855e+04  -1.551068e+03
8  -1.617721e+04  -1.555397e+03
9  -8.746453e+03  -1.393766e+03
10  4.256476e+03  -1.077018e+03
11  1.539287e+03  -1.419673e+03
12  -3.280494e+02  -7.304331e+02
13  -1.502730e+03  1.357404e+01
14  -5.180171e+03  1.418265e+02
15  -4.628840e+03  1.830269e+02
16  -1.515085e+03  -1.601403e+01
17  -1.597777e+03  -1.010906e+02
18  -1.318296e+03  -1.716278e+02
19  -5.178427e+02  -7.116927e+01
20  -1.000679e+03  -2.138775e+01
21  -8.591334e+02  -2.043284e+01
22  1.588735e+02  2.436681e+01
23  7.334653e+02  2.500251e+01
24  1.534503e+03  5.121895e+01
25  5.880522e+02  4.100184e+01
26  2.524233e+02  2.769612e+01
27  4.999185e+02  -3.217119e+01
28  2.937543e+02  -5.430273e+01
29  3.924236e+02  -6.212084e+01
30  2.483242e+02  -5.658383e+01
31  1.849338e+02  -4.219705e+01
32  -2.177065e+01  -2.599832e+01
33  6.901622e+01  2.582407e+01
34  -3.671850e+00  4.500433e+01
35  1.370804e+02  4.902353e+01
36  1.451333e+02  4.485934e+01
37  2.161109e+02  6.111286e+01
38  3.688207e+02  7.163849e+01
39  2.254094e+02  4.809871e+01
40  -9.730836e+01  2.549598e+01
41  -5.127994e+02  3.419423e+01
42  -7.067078e+02  2.524990e+01
43  -6.844607e+02  6.038316e+01
44  -4.631793e+02  7.364216e+01
45  -1.236503e+03  2.802272e+01
46  -2.822018e+02  1.835036e-01
47  3.281414e+03  -3.083172e+01
48  5.772058e+03  -3.733308e+01
49  4.785855e+03  -6.929856e+00
50  5.591419e+02  -1.099271e+02
51  -7.227809e+02  -1.220833e+02
52  -2.401621e+03  -3.896838e+02
53  -4.395573e+02  -5.311229e+01
54  -5.948227e+03  7.141007e+01
55  -1.611668e+04  5.416144e+01
56  -1.923605e+04  -1.404553e+02
57  -1.883571e+04  2.113642e+02
58  -4.351760e+04  1.010536e+03
59  -4.211423e+04  4.261180e+02
60  -5.949614e+04  1.331656e+03
61  -5.690777e+04  -5.486063e+02
62  -1.512696e+05  -1.965392e+02
63  -7.187248e+05  -2.374570e+02
ENDPROP
STARTPROP
MASSES:  4.200000e-03   4.200000e-03
SOURCE: GAM_13
SINKS: GAM_13
0  9.645433e+05  1.912005e+03
1  -6.272258e+05  8.417324e+02
2  -1.474741e+05  2.800750e+03
3  -6.380621e+04  2.713700e+03
4  -2.421539e+04  1.521029e+03
5  -1.397961e+04  7.293606e+02
6  7.914526e+03  6.021203e+02
7  1.923891e+04  8.966119e+01
8  1.249625e+04  -9.066807e+01
9  1.090803e+04  -5.018189e+02
10  7.947297e+03  -5.704853e+02
11  2.893938e+03  -5.508483e+02
12  -4.539251e+03  2.251788e+02
13  -5.474622e+03  1.391810e+02
14  -1.134812e+03  9.219261e+01
15  -1.435792e+03  4.632222e+01
16  -1.551683e+03  8.772879e+01
17  -1.524330e+03  -7.112055e+01
18  -8.795305e+02  5.336217e+01
19  -2.791110e+02  1.688256e+02
20  -2.509245e+02  1.075661e+02
21  -2.351565e+02  -1.046968e+01
22  5.194500e+02  5.206030e+00
23  3.289490e+01  2.199995e-01
24  -2.171766e+02  -2.552925e+01
25  -4.051110e+02  -2.529824e+01
26  3.425162e+01  -1.296819e+01
27  1.380597e+02  -5.477961e+01
28  1.163545e+02  -6.900258e+01
29  8.264321e+01  -5.587799e+01
30  1.781234e+02  -4.024513e+01
31  4.733301e+02  -2.606149e+01
32  6.181729e+02  -2.726018e+00
33  4.526549e+02  2.296038e-01
34  4.162051e+02  1.187159e+01
35  2.864980e+02  -6.499684e+00
36  3.899756e+01  9.472704e+00
37  -9.204862e+01  1.225457e+01
38  8.961798e+01  2.062830e+01
39  2.908971e+02  3.311787e+01
40  -1.584366e+01  2.033333e+01
41  8.032925e+02  3.582495e+01
42  1.284687e+03  7.031920e+01
43  9.258871e+02  6.447510e+01
44  1.418080e+03  6.681211e+01
45  8.576525e+02  4.560653e+01
46  -2.707582e+02  1.784177e+02
47  -1.199017e+02  2.881611e+01
48  -1.837751e+03  -2.096140e+02
49  -2.355906e+03  -3.296395e+02
50  -2.985005e+03  -3.036717e+02
51  -1.730390e+03  -2.776944e+02
52  4.956035e+03  -2.525345e+02
53  1.874284e+04  -5.323945e+02
54  2.916387e+04  -8.906953e+02
55  3.079264e+04  -9.236928e+02
56  1.639992e+04  -7.457205e+02
57  4.461099e+03  -3.138837e+02
58  -2.825842e+03  6.916858e+02
59  -5.478289e+03  1.038730e+03
60  2.120572e+04  2.717576e+03
61  9.489385e+03  3.750610e+03
62  -6.386128e+04  2.066739e+03
63  -5.664760e+05  1.875114e+03
ENDPROP
STARTPROP
MASSES:  4.200000e-03   4.200000e-03
SOURCE: GAM_31
SINKS: GAM_31
0  9.645433e+05  1.912005e+03
1  -6.272258e+05  8.417324e+02
2  -1.474741e+05  2.800750e+03
3  -6.380621e+04  2.713700e+03
4  -2.421539e+04  1.521029e+03
5  -1.397961e+04  7.293606e+02
6  7.914526e+03  6.021203e+02
7  1.923891e+04  8.966119e+01
8  1.249625e+04  -9.066807e+01
9  1.090803e+04  -5.018189e+02
10  7.947297e+03  -5.704853e+02
11  2.893938e+03  -5.508483e+02
12  -4.539251e+03  2.251788e+02
13  -5.474622e+03  1.391810e+02
14  -1.134812e+03  9.219261e+01
15  -1.435792e+03  4.632222e+01
16  -1.551683e+03  8.772879e+01
17  -1.524330e+03  -7.112055e+01
18  -8.795305e+02  5.336217e+01
19  -2.791110e+02  1.688256e+02
20  -2.509245e+02  1.075661e+02
21  -2.351565e+02  -1.046968e+01
22  5.194500e+02  5.206030e+00
23  3.289490e+01  2.199995e-01
24  -2.171766e+02  -2.552925e+01
25  -4.051110e+02  -2.529824e+01
26  3.425162e+01  -1.296819e+01
27  1.380597e+02  -5.477961e+01
28  1.163545e+02  -6.900258e+01
29  8.264321e+01  -5.587799e+01
30  1.781234e+02  -4.024513e+01
31  4.733301e+02  -2.606149e+01
32  6.181729e+02  -2.726018e+00
33  4.526549e+02  2.296038e-01
34  4.162051e+02  1.187159e+01
35  2.864980e+02  -6.499684e+00
36  3.899756e+01  9.472704e+00
37  -9.204862e+01  1.225457e+01
38  8.961798e+01  2.062830e+01
39  2.908971e+02  3.311787e+01
40  -1.584366e+01  2.033333e+01
41  8.032925e+02  3.582495e+01
42  1.284687e+03  7.031920e+01
43  9.258871e+02  6.447510e+01
44  1.418080e+03  6.681211e+01
45  8.576525e+02  4.560653e+01
46  -2.707582e+02  1.784177e+02
47  -1.199017e+02  2.881611e+01
48  -1.837751e+03  -2.096140e+02
49  -2.355906e+03  -3.296395e+02
50  -2.985005e+03  -3.036717e+02
51  -1.730390e+03  -2.776944e+02
52  4.956035e+03  -2.525345e+02
53  1.874284e+04  -5.323945e+02
54  2.916387e+04  -8.906953e+02
55  3.079264e+04  -9.236928e+02
56  1.639992e+04  -7.457205e+02
57  4.461099e+03  -3.138837e+02
58  -2.825842e+03  6.916858e+02
59  -5.478289e+03  1.038730e+03
60  2.120572e+04  2.717576e+03
61  9.489385e+03  3.750610e+03
62  -6.386128e+04  2.066739e+03
63  -5.664760e+05  1.875114e+03
ENDPROP
STARTPROP
MASSES:  4.200000e-03   4.200000e-03
SOURCE: GAM_14
SINKS: GAM_14
0  -1.139856e+05  -2.895984e+03
1  1.302993e+06  -1.744293e+03
2  5.999660e+05  1.054456e+03
3  3.417537e+05  2.044266e+03
4  1.819202e+05  2.610800e+03
5  7.471662e+04  2.420317e+03
6  3.556465e+04  1.020377e+03
7  1.818378e+04  4.335358e+01
8  1.600844e+04  -2.185470e+02
9  1.583455e+04  3.037966e+01
10  4.158776e+03  -2.921299e+02
11  1.224027e+04  3.121900e+01
12  1.521364e+04  -5.953958e+01
13  9.248852e+03  2.064546e+02
14  3.192742e+03  4.884669e+02
15  2.068960e+03  5.184060e+02
16  1.707469e+03  5.233527e+02
17  2.236009e+03  4.215668e+02
18  7.955254e+02  2.170040e+02
19  -9.692902e+02  4.390528e+01
20  9.142544e+02  1.501295e+02
21  1.621095e+03  2.906883e+02
22  2.150911e+03  2.489626e+02
23  1.818286e+03  1.117471e+02
24  1.644492e+03  5.454842e+01
25  1.530616e+03  3.510123e+01
26  1.361615e+03  7.126676e+01
27  1.348344e+03  7.057540e+01
28  1.033580e+03  6.896286e+01
29  5.569143e+02  6.885038e+01
30  6.231142e+00  6.760378e+01
31  5.930716e+01  3.083132e+01
32  7.385807e+01  1.156022e+01
33  1.797153e+02  1.143258e+01
34  2.708012e+02  1.097380e+01
35  2.676236e+02  1.478731e+01
36  2.038039e+02  1.257773e+01
37  4.975071e+02  -9.976280e+00
38  4.706067e+02  -7.589475e+00
39  1.482355e+02  6.543043e+00
40  -5.740599e+01  7.495230e+01
41  2.604580e+02  1.692916e+02
42  8.617692e+02  2.018050e+02
43  1.174183e+03  1.337953e+02
44  5.719039e+02  -1.167866e+01
45  6.280022e+02  -4.698108e+01
46  1.450141e+03  -2.025931e+01
47  7.190645e+02  8.184961e+01
48  -1.260781e+03  2.299689e+02
49  -1.059608e+03  1.378840e+02
50  -2.245993e+03  3.114901e+02
51  -1.779287e+03  1.872614e+02
52  4.044595e+02  6.294626e+01
53  1.416265e+03  4.181571e+02
54  4.339222e+03  7.080698e+02
55  7.952069e+03  8.957791e+02
56  1.682996e+04  6.063315e+02
57  2.708662e+04  3.990852e+01
58  4.076387e+04  5.237231e+01
59  5.865750e+04  3.781786e+02
60  1.081818e+05  4.854139e+02
61  2.714947e+05  3.519682e+02
62  5.237449e+05  -1.323620e+03
63  1.284929e+06  -2.939594e+03
ENDPROP
STARTPROP
MASSES:  4.200000e-03   4.200000e-03
SOURCE: GAM_41
SINKS: GAM_41
0  -1.139856e+05  -2.895984e+03
1  1.302993e+06  -1.744293e+03
2  5.999660e+05  1.054456e+03
3  3.417537e+05  2.044266e+03
4  1.819202e+05  2.610800e+03
5  7.471662e+04  2.420317e+03
6  3.556465e+04  1.020377e+03
7  1.818378e+04  4.335358e+01
8  1.600844e+04  -2.185470e+02
9  1.583455e+04  3.037966e+01
10  4.158776e+03  -2.921299e+02
11  1.224027e+04  3.121900e+01
12  1.521364e+04  -5.953958e+01
13  9.248852e+03  2.064546e+02
14  3.192742e+03  4.884669e+02
15  2.068960e+03  5.184060e+02
16  1.707469e+03  5.233527e+02
17  2.236009e+03  4.215668e+02
18  7.955254e+02  2.170040e+02
19  -9.692902e+02  4.390528e+01
20  9.142544e+02  1.501295e+02
21  1.621095e+03  2.906883e+02
22  2.150911e+03  2.489626e+02
23  1.818286e+03  1.117471e+02
24  1.644492e+03  5.454842e+01
25  1.530616e+03  3.510123e+01
26  1.361615e+03  7.126676e+01
27  1.348344e+03  7.057540e+01
28  1.033580e+03  6.896286e+01
29  5.569143e+02  6.885038e+01
30  6.231142e+00  6.760378e+01
31  5.930716e+01  3.083132e+01
32  7.385807e+01  1.156022e+01
33  1.797153e+02  1.143258e+01
34  2.708012e+02  1.097380e+01
35  2.676236e+02  1.478731e+01
36  2.038039e+02  1.257773e+01
37  4.975071e+02  -9.976280e+00
38  4.706067e+02  -7.589475e+00
39  1.482355e+02  6.543043e+00
40  -5.740599e+01  7.495230e+01
41  2.604580e+02  1.692916e+02
42  8.617692e+02  2.018050e+02
43  1.174183e+03  1.337953e+02
44  5.719039e+02  -1.167866e+01
45  6.280022e+02  -4.698108e+01
46  1.450141e+03  -2.025931e+01
47  7.190645e+02  8.184961e+01
48  -1.260781e+03  2.299689e+02
49  -1.059608e+03  1.378840e+02
50  -2.245993e+03  3.114901e+02
51  -1.779287e+03  1.872614e+02
52  4.044595e+02  6.294626e+01
53  1.416265e+03  4.181571e+02
54  4.339222e+03  7.080698e+02
55  7.952069e+03  8.957791e+02
56  1.682996e+04  6.063315e+02
57  2.708662e+04  3.990852e+01
58  4.076387e+04  5.237231e+01
59  5.865750e+04  3.781786e+02
60  1.081818e+05  4.854139e+02
61  2.714947e+05  3.519682e+02
62  5.237449e+05  -1.323620e+03
63  1.284929e+06  -2.939594e+03
ENDPROP
STARTPROP
MASSES:  4.200000e-03   4.200000e-03
SOURCE: GAM_23
SINKS: GAM_23
0  7.040711e+05  -8.464992e+02
1  -8.349182e+05  -4.905204e+02
2  -2.060498e+05  2.905448e+02
3  -5.945366e+04  -1.085046e+03
4  -2.470042e+04  -2.423142e+03
5  4.985253e+03  -1.991135e+03
6  8.954349e+03  -1.436305e+03
7  1.024194e+04  -1.293010e+03
8  2.161180e+04  -6.812089e+01
9  8.331429e+03  2.650855e+02
10  1.921655e+03  5.160310e+01
11  -7.250147e+03  -1.353926e+02
12  -5.812265e+03  1.265602e+02
13  -6.946922e+03  2.719066e+02
14  -6.512282e+03  2.556069e+02
15  -4.962986e+03  2.009096e+02
16  -5.052926e+03  1.025286e+02
17  -1.347586e+03  7.453047e+01
18  -1.473720e+03  2.279903e+01
19  1.215967e+02  -1.483450e+01
20  1.579264e+03  -9.760571e+01
21  2.518509e+03  -1.523747e+02
22  2.387009e+03  -1.215913e+02
23  1.253883e+03  -2.282048e+01
24  8.430615e+02  -1.527402e+01
25  1.071245e+03  -9.755428e+00
26  1.071472e+02  1.066504e+01
27  -4.267161e+02  4.945703e+01
28  -4.469040e+02  7.860059e+01
29  -4.220525e+02  7.170174e+01
30  -3.116090e+02  5.445201e+01
31  -4.585021e+02  4.332799e+01
32  -3.445120e+02  3.458079e+01
33  -2.204520e+02  3.108461e+01
34  -1.592743e+02  -1.241534e+00
35  -1.546123e+02  -3.080720e+01
36  -3.161047e+02  -1.073445e+01
37  -3.081937e+02  9.461782e+00
38  -7.468365e+01  2.031231e+01
39  -2.738896e+02  -3.255434e+01
40  2.945903e+02  -1.732279e+01
41  3.810582e+02  -4.719118e+01
42  3.070499e+02  -7.895383e+01
43  5.813099e+02  -4.910257e+01
44  2.042845e+03  -5.924085e+01
45  2.190895e+03  1.367976e+01
46  3.031757e+03  -2.352276e+01
47  4.670641e+03  -5.549791e+01
48  6.413294e+03  -7.450191e+01
49  4.461343e+03  -1.488491e+02
50  -2.406455e+03  -7.698177e+01
51  -6.823496e+03  -2.031766e+02
52  -5.078420e+03  -1.857483e+02
53  -1.106844e+04  -7.240097e+00
54  -9.295672e+03  -3.260893e+02
55  -3.539009e+03  -8.697141e+02
56  1.038704e+04  -1.295742e+03
57  2.874954e+04  -1.768697e+03
58  4.188815e+04  -1.596566e+03
59  2.526228e+04  -1.247205e+03
60  2.439322e+04  -2.352104e+03
61  -1.987863e+04  -2.199086e+03
62  -1.470342e+05  -1.730613e+03
63  -7.627407e+05  -8.825159e+02
ENDPROP
STARTPROP
MASSES:  4.200000e-03   4.200000e-03
SOURCE: GAM_32
SINKS: GAM_32
0  7.040711e+05  -8.464992e+02
1  -8.349182e+05  -4.905204e+02
2  -2.060498e+05  2.905448e+02
3  -5.945366e+04  -1.085046e+03
4  -2.470042e+04  -2.423142e+03
5  4.985253e+03  -1.991135e+03
6  8.954349e+03  -1.436305e+03
7  1.024194e+04  -1.293010e+03
8  2.161180e+04  -6.812089e+01
9  8.331429e+03  2.650855e+02
10  1.921655e+03  5.160310e+01
11  -7.250147e+03  -1.353926e+02
12  -5.812265e+03  1.265602e+02
13  -6.946922e+03  2.719066e+02
14  -6.512282e+03  2.556069e+02
15  -4.962986e+03  2.009096e+02
16  -5.052926e+03  1.025286e+02
17  -1.347586e+03  7.453047e+01
18  -1.473720e+03  2.279903e+01
19  1.215967e+02  -1.483450e+01
20  1.579264e+03  -9.760571e+01
21  2.518509e+03  -1.523747e+02
22  2.387009e+03  -1.215913e+02
23  1.253883e+03  -2.282048e+01
24  8.430615e+02  -1.527402e+01
25  1.071245e+03  -9.755428e+00
26  1.071472e+02  1.066504e+01
27  -4.267161e+02  4.945703e+01
28  -4.469040e+02  7.860059e+01
29  -4.220525e+02  7.170174e+01
30  -3.116090e+02  5.445201e+01
31  -4.585021e+02  4.332799e+01
32  -3.445120e+02  3.458079e+01
33  -2.204520e+02  3.108461e+01
34  -1.592743e+02  -1.241534e+00
35  -1.546123e+02  -3.080720e+01
36  -3.161047e+02  -1.073445e+01
37  -3.081937e+02  9.461782e+00
38  -7.468365e+01  2.031231e+01
39  -2.738896e+02  -3.255434e+01
40  2.945903e+02  -1.732279e+01
41  3.810582e+02  -4.719118e+01
42  3.070499e+02  -7.895383e+01
43  5.813099e+02  -4.910257e+01
44  2.042845e+03  -5.924085e+01
45  2.190895e+03  1.367976e+01
46  3.031757e+03  -2.352276e+01
47  4.670641e+03  -5.549791e+01
48  6.413294e+03  -7.450191e+01
49  4.461343e+03  -1.488491e+02
50  -2.406455e+03  -7.698177e+01
51  -6.823496e+03  -2.031766e+02
52  -5.078420e+03  -1.857483e+02
53  -1.106844e+04  -7.240097e+00
54  -9.295672e+03  -3.260893e+02
55  -3.539009e+03  -8.697141e+02
56  1.038704e+04  -1.295742e+03
57  2.874954e+04  -1.768697e+03
58  4.188815e+04  -1.596566e+03
59  2.526228e+04  -1.247205e+03
60  2.439322e+04  -2.352104e+03
61  -1.987863e+04  -2.199086e+03
62  -1.470342e+05  -1.730613e+03
63  -7.627407e+05  -8.825159e+02
ENDPROP
STARTPROP
MASSES:  4.200000e-03   4.200000e-03
SOURCE: GAM_24
SINKS: GAM_24
0  -1.334688e+05  -1.988033e+03
1  1.282680e+06  8.756515e+02
2  5.606839e+05  3.163394e+03
3  3.200343e+05  2.625890e+03
4  2.153314e+05  8.088118e+02
5  1.472444e+05  4.061932e+02
6  1.099416e+05  7.421207e+02
7  8.493806e+04  2.093390e+02
8  6.748446e+04  -7.800913e+01
9  5.558582e+04  1.598264e+02
10  3.465798e+04  5.596592e-01
11  1.773481e+04  -1.683059e+02
12  1.074908e+04  -3.911602e+02
13  1.175221e+04  -4.467612e+02
14  6.560605e+03  -5.871630e+02
15  3.055837e+03  -6.367700e+02
16  6.939038e+02  -4.552130e+02
17  3.662708e+02  -6.124376e+02
18  -1.991642e+02  -4.758781e+02
19  2.723654e+02  -3.759430e+02
20  1.200251e+03  -2.193164e+02
21  1.340563e+02  -1.952937e+02
22  -1.985848e+02  -1.248878e+02
23  1.126482e+02  -5.995049e+01
24  2.872802e+02  -4.325087e+01
25  5.418082e+02  -5.121713e+01
26  1.139453e+02  -7.841461e+01
27  -1.301830e+01  -5.731930e+01
28  -1.394247e+02  -6.437795e+01
29  -7.027274e+01  -4.297171e+01
30  9.357784e+01  -8.616427e+00
31  1.336822e+02  3.969215e+00
32  2.210108e+02  -1.703648e+00
33  3.171566e+02  6.849962e+00
34  2.221198e+01  9.516478e+00
35  -3.529548e+02  3.099085e+01
36  -7.474790e+02  4.164548e+01
37  -6.367607e+02  4.016738e+01
38  -3.397991e+02  2.219893e+01
39  -1.832066e+01  2.953352e+01
40  1.621644e+02  1.794015e+01
41  2.930899e+01  -2.459687e+01
42  -1.328850e+02  -6.373615e+01
43  5.929854e+02  -5.015041e+01
44  1.280081e+03  -9.268779e+00
45  2.169888e+03  6.721985e+01
46  4.441143e+02  7.652186e+01
47  -7.448461e+02  1.212781e+02
48  -2.480023e+03  -4.587120e+01
49  -1.225365e+03  -1.123815e+02
50  2.979943e+03  -1.360388e+02
51  8.993115e+03  -7.249840e+01
52  1.382141e+04  -4.136237e+02
53  2.535967e+04  -6.233603e+02
54  2.820574e+04  -1.115177e+03
55  2.943089e+04  -1.266602e+03
56  2.026364e+04  -7.280939e+02
57  1.995190e+04  -3.821583e+02
58  3.093696e+04  -5.653089e+02
59  5.459197e+04  -8.804305e+01
60  1.068001e+05  1.931279e+02
61  2.066453e+05  -1.242246e+03
62  4.476821e+05  -2.397739e+03
63  1.227540e+06  -1.882914e+03
ENDPROP
STARTPROP
MASSES:  4.200000e-03   4.200000e-03
SOURCE: GAM_42
SINKS: GAM_42
0  -1.334688e+05  -1.988033e+03
1  1.282680e+06  8.756515e+02
2  5.606839e+05  3.163394e+03
3  3.200343e+05  2.625890e+03
4  2.153314e+05  8.088118e+02
5  1.472444e+05  4.061932e+02
6  1.099416e+05  7.421207e+02
7  8.493806e+04  2.093390e+02
8  6.748446e+04  -7.800913e+01
9  5.558582e+04  1.598264e+02
10  3.465798e+04  5.596592e-01
11  1.773481e+04  -1.683059e+02
12  1.074908e+04  -3.911602e+02
13  1.175221e+04  -4.467612e+02
14  6.560605e+03  -5.871630e+02
15  3.055837e+03  -6.367700e+02
16  6.939038e+02  -4.552130e+02
17  3.662708e+02  -6.124376e+02
18  -1.991642e+02  -4.758781e+02
19  2.723654e+02  -3.759430e+02
20  1.200251e+03  -2.193164e+02
21  1.340563e+02  -1.952937e+02
22  -1.985848e+02  -1.248878e+02
23  1.126482e+02  -5.995049e+01
24  2.872802e+02  -4.325087e+01
25  5.418082e+02  -5.121713e+01
26  1.139453e+02  -7.841461e+01
27  -1.301830e+01  -5.731930e+01
28  -1.394247e+02  -6.437795e+01
29  -7.027274e+01  -4.297171e+01
30  9.357784e+01  -8.616427e+00
31  1.336822e+02  3.969215e+00
32  2.210108e+02  -1.703648e+00
33  3.171566e+02  6.849962e+00
34  2.221198e+01  9.516478e+00
35  -3.529548e+02  3.099085e+01
36  -7.474790e+02  4.164548e+01
37  -6.367607e+02  4.016738e+01
38  -3.397991e+02  2.219893e+01
39  -1.832066e+01  2.953352e+01
40  1.621644e+02  1.794015e+01
41  2.930899e+01  -2.459687e+01
42  -1.328850e+02  -6.373615e+01
43  5.929854e+02  -5.015041e+01
44  1.280081e+03  -9.268779e+00
45  2.169888e+03  6.721985e+01
46  4.441143e+02  7.652186e+01
47  -7.448461e+02  1.212781e+02
48  -2.480023e+03  -4.587120e+01
49  -1.225365e+03  -1.123815e+02
50  2.979943e+03  -1.360388e+02
51  8.993115e+03  -7.249840e+01
52  1.382141e+04  -4.136237e+02
53  2.535967e+04  -6.233603e+02
54  2.820574e+04  -1.115177e+03
55  2.943089e+04  -1.266602e+03
56  2.026364e+04  -7.280939e+02
57  1.995190e+04  -3.821583e+02
58  3.093696e+04  -5.653089e+02
59  5.459197e+04  -8.804305e+01
60  1.068001e+05  1.931279e+02
61  2.066453e+05  -1.242246e+03
62  4.476821e+05  -2.397739e+03
63  1.227540e+06  -1.882914e+03
ENDPROP
STARTPROP
MASSES:  4.200000e-03   4.200000e-03
SOURCE: GAM_34
SINKS: GAM_34
0  -1.331565e+05  -1.987730e+03
1  1.297910e+06  -6.958565e+02
2  6.092770e+05  -2.984136e+03
3  3.267433e+05  -1.930974e+03
4  1.634846e+05  -7.333071e+02
5  7.286364e+04  -7.980912e+02
6  3.376328e+04  -5.465319e+02
7  7.620710e+03  -1.118226e+03
8  9.985096e+02  -5.436836e+02
9  7.224303e+03  -1.763357e+02
10  5.286272e+03  -5.123498e+02
11  3.201386e+03  -4.261800e+02
12  -3.977385e+03  -5.474570e+02
13  2.035718e+03  -5.794147e+02
14  2.562382e+03  -6.511877e+02
15  -3.225474e+03  -2.652324e+02
16  -5.551524e+03  4.425878e-02
17  -5.179030e+03  6.291214e+01
18  -4.433442e+03  1.125989e+02
19  -3.758032e+03  4.716934e+01
20  -3.243517e+03  4.346506e+00
21  -2.462161e+03  4.985936e+00
22  -1.488485e+03  2.714992e+01
23  -1.577753e+03  4.824591e+01
24  -2.054263e+03  -8.917836e+00
25  -2.514179e+03  -3.479368e+01
26  -1.930341e+03  -5.502677e+01
27  -1.360824e+03  -5.060281e+01
28  -1.053519e+03  7.594852e+00
29  -9.302520e+02  2.231975e+01
30  -8.585664e+02  1.339446e+01
31  -6.284090e+02  2.337173e+00
32  -2.851679e+02  -2.122082e+01
33  -2.165815e+02  -3.200637e+01
34  -1.271715e+02  -3.199725e+01
35  -1.011516e+02  -6.515647e+00
36  -8.498317e+01  2.499260e+01
37  3.907353e+02  2.271254e+01
38  8.402343e+02  -1.597267e+01
39  9.052099e+02  -1.286207e+01
40  1.675475e+02  -2.917127e+01
41  -5.389808e+02  -7.730038e+01
42  -1.418714e+03  -9.346069e+01
43  -1.676264e+03  -5.897570e+01
44  -1.201500e+03  -2.824005e+01
45  -9.993676e+02  7.711827e+01
46  -1.482458e+03  1.409189e+02
47  -2.557597e+03  2.637205e+02
48  -5.391604e+03  1.872049e+02
49  -6.862236e+03  2.821106e+01
50  -6.372907e+03  -1.885443e+02
51  -2.438071e+03  -9.113555e+01
52  -2.837851e+03  -2.326197e+02
53  1.862046e+02  -4.261744e+02
54  2.503508e+03  -3.975500e+02
55  2.823637e+03  -3.165388e+02
56  -6.241140e+03  -5.320396e+02
57  8.406002e+03  -3.049566e+02
58  3.078658e+04  -1.543269e+02
59  7.670734e+04  5.040799e+01
60  1.357385e+05  -6.522919e+02
61  2.897717e+05  -2.229420e+03
62  5.220954e+05  -4.081801e+03
63  1.242011e+06  -4.443327e+03
ENDPROP
STARTPROP
MASSES:  4.200000e-03   4.200000e-03
SOURCE: GAM_43
SINKS: GAM_43
0  -1.331565e+05  -1.987730e+03
1  1.297910e+06  -6.958565e+02
2  6.092770e+05  -2.984136e+03
3  3.267433e+05  -1.930974e+03
4  1.634846e+05  -7.333071e+02
5  7.286364e+04  -7.980912e+02
6  3.376328e+04  -5.465319e+02
7  7.620710e+03  -1.118226e+03
8  9.985096e+02  -5.436836e+02
9  7.224303e+03  -1.763357e+02
10  5.286272e+03  -5.123498e+02
11  3.201386e+03  -4.261800e+02
12  -3.977385e+03  -5.474570e+02
13  2.035718e+03  -5.794147e+02
14  2.562382e+03  -6.511877e+02
15  -3.225474e+03  -2.652324e+02
16  -5.551524e+03  4.425878e-02
17  -5.179030e+03  6.291214e+01
18  -4.433442e+03  1.125989e+02
19  -3.758032e+03  4.716934e+01
20  -3.243517e+03  4.346506e+00
21  -2.462161e+03  4.985936e+00
22  -1.488485e+03  2.714992e+01
23  -1.577753e+03  4.824591e+01
24  -2.054263e+03  -8.917836e+00
25  -2.514179e+03  -3.479368e+01
26  -1.930341e+03  -5.502677e+01
27  -1.360824e+03  -5.060281e+01
28  -1.053519e+03  7.594852e+00
29  -9.302520e+02  2.231975e+01
30  -8.585664e+02  1.339446e+01
31  -6.284090e+02  2.337173e+00
32  -2.851679e+02  -2.122082e+01
33  -2.165815e+02  -3.200637e+01
34  -1.271715e+02  -3.199725e+01
35  -1.011516e+02  -6.515647e+00
36  -8.498317e+01  2.499260e+01
37  3.907353e+02  2.271254e+01
38  8.402343e+02  -1.597267e+01
39  9.052099e+02  -1.286207e+01
40  1.675475e+02  -2.917127e+01
41  -5.389808e+02  -7.730038e+01
42  -1.418714e+03  -9.346069e+01
43  -1.676264e+03  -5.897570e+01
44  -1.201500e+03  -2.824005e+01
45  -9.993676e+02  7.711827e+01
46  -1.482458e+03  1.409189e+02
47  -2.557597e+03  2.637205e+02
48  -5.391604e+03  1.872049e+02
49  -6.862236e+03  2.821106e+01
50  -6.372907e+03  -1.885443e+02
51  -2.438071e+03  -9.113555e+01
52  -2.837851e+03  -2.326197e+02
53  1.862046e+02  -4.261744e+02
54  2.503508e+03  -3.975500e+02
55  2.823637e+03  -3.165388e+02
56  -6.241140e+03  -5.320396e+02
57  8.406002e+03  -3.049566e+02
58  3.078658e+04  -1.543269e+02
59  7.670734e+04  5.040799e+01
60  1.357385e+05  -6.522919e+02
61  2.897717e+05  -2.229420e+03
62  5.220954e+05  -4.081801e+03
63  1.242011e+06  -4.443327e+03
ENDPROP
STARTPROP
MASSES:  4.200000e-03   4.200000e-03
SOURCE: GAM_15
SINKS: GAM_15
0  -1.626887e+05  -2.629357e+03
1  -1.135509e+06  -3.920143e+03
2  -3.728830e+05  -2.409896e+03
3  -1.709924e+05  -1.387338e+03
4  -6.027070e+04  -2.304400e+02
5  -2.108323e+04  1.811566e+02
6  7.350424e+03  -9.897369e+01
7  1.151716e+04  -2.589549e+02
8  2.459859e+03  -2.150138e+02
9  -9.395982e+03  -2.981027e+02
10  -5.593224e+03  -2.107109e+02
11  -6.909367e+03  4.028112e+02
12  -1.021251e+04  9.031148e+02
13  -1.219895e+04  8.519890e+02
14  -4.931245e+03  5.494932e+02
15  2.434522e+03  4.673741e+02
16  3.898135e+03  4.469208e+02
17  5.358373e+03  3.122674e+02
18  4.855937e+03  2.500921e+02
19  4.456173e+03  2.436176e+02
20  6.570477e+03  1.466290e+02
21  4.578957e+03  3.724655e+01
22  2.912426e+03  -7.365866e+01
23  2.475865e+03  -4.515709e+01
24  1.643990e+03  -5.646713e+01
25  8.003023e+02  -6.184512e+01
26  5.226817e+02  -4.079997e+01
27  1.157273e+02  -3.343164e+00
28  9.935456e+01  -7.365692e+00
29  1.769334e+02  -6.350024e+01
30  2.258007e+01  -7.348490e+01
31  2.932650e+01  -5.838521e+01
32  -1.064772e+02  -4.616917e+01
33  -2.097985e+02  -3.778047e+01
34  -5.072082e+02  -6.814738e+00
35  -5.977340e+02  3.885457e+01
36  -2.708274e+02  5.653817e+01
37  -1.590129e+02  4.053880e+01
38  -3.979234e+01  8.988745e+00
39  -4.331226e+01  -6.218556e+01
40  -6.785446e+02  -1.160375e+02
41  -9.774246e+02  -1.459823e+02
42  -1.428021e+03  -1.319280e+02
43  -1.820204e+03  -1.031905e+02
44  -1.237833e+03  -6.257802e+00
45  -6.205188e+02  1.055503e+02
46  7.518026e+02  2.568779e+02
47  2.511646e+03  2.799049e+02
48  2.353888e+03  4.435950e+02
49  3.467271e+03  7.081168e+02
50  6.864538e+03  5.388776e+02
51  8.015860e+03  2.867439e+02
52  9.637222e+03  3.165568e+02
53  1.130502e+03  7.947823e+02
54  -4.167610e+03  1.300741e+03
55  -1.744866e+04  1.577835e+03
56  -3.333448e+04  1.701207e+03
57  -5.563889e+04  1.269924e+03
58  -7.481091e+04  8.788346e+02
59  -6.715388e+04  9.276931e+02
60  -8.492993e+04  1.712508e+03
61  -1.562763e+05  2.529501e+03
62  -3.553972e+05  1.403233e+02
63  -1.126120e+06  -2.070586e+03
ENDPROP
STARTPROP
MASSES:  4.200000e-03   4.200000e-03
SOURCE: GAM_25
SINKS: GAM_25
0  -2.866804e+05  -3.106039e+03
1  -1.274179e+06  -3.253937e+03
2  -4.647762e+05  -3.888552e+03
3  -1.979830e+05  -5.283717e+03
4  -7.689166e+04  -3.291293e+03
5  -4.066271e+04  -2.741214e+03
6  -2.275719e+04  -2.071490e+03
7  -2.711872e+04  -1.530336e+03
8  -3.042722e+04  -1.304282e+03
9  -2.021341e+04  -9.026271e+02
10  -9.528667e+03  -5.614852e+01
11  -1.632085e+04  2.387036e+02
12  -1.142807e+04  4.217983e+02
13  -8.621856e+03  5.355433e+02
14  -2.369136e+03  4.711670e+02
15  -1.067030e+03  4.513214e+02
16  -1.777003e+03  3.836138e+02
17  -4.502490e+03  1.521038e+02
18  -4.188409e+03  -9.647365e+01
19  -3.525233e+03  -1.597940e+02
20  -2.615978e+03  -1.021331e+02
21  -3.236025e+03  -1.226026e+02
22  -2.698077e+03  -2.097299e+02
23  -2.450119e+03  -1.135894e+02
24  -1.841942e+03  -5.387967e+01
25  -1.908356e+03  -2.373949e+01
26  -1.143709e+03  -2.024150e+01
27  -1.358347e+03  -4.466102e+01
28  -1.774997e+03  -4.507688e+01
29  -1.651145e+03  2.642324e+00
30  -1.135981e+03  3.761942e+01
31  -7.978844e+02  4.106917e+01
32  -7.155259e+02  4.934161e+01
33  -8.729317e+02  3.353909e+01
34  -8.459455e+02  -2.056066e+00
35  -3.594155e+02  -4.421978e+01
36  -3.084270e+02  -5.034992e+01
37  -7.244536e+01  -9.870278e+01
38  4.977798e+02  -1.109058e+02
39  3.051692e+02  -1.154429e+02
40  3.306678e+02  -9.708197e+01
41  1.160112e+02  -2.592135e+01
42  -3.043544e+02  1.785464e+01
43  -1.026268e+03  3.036983e+01
44  -7.511102e+02  7.976703e+01
45  -1.191618e+03  1.346679e+02
46  -2.700264e+03  1.617555e+02
47  -2.672026e+03  1.901311e+02
48  -3.490362e+03  1.203100e+02
49  -5.948562e+03  3.600509e+02
50  -6.322624e+03  5.216501e+02
51  -8.766221e+03  2.422120e+02
52  -9.864091e+03  -8.699250e+01
53  -4.623551e+03  -3.656061e+02
54  -3.913990e+03  -2.478115e+02
55  6.811263e+03  -3.798333e+02
56  2.004593e+04  8.725486e+01
57  2.410424e+04  -4.691825e+02
58  1.550351e+04  -1.250376e+03
59  -3.103954e+02  -2.791057e+02
60  -2.390921e+04  -2.896815e+02
61  -6.736386e+04  -1.200032e+03
62  -2.790860e+05  -1.357495e+03
63  -1.133451e+06  -2.145086e+03
ENDPROP
STARTPROP
MASSES:  4.200000e-03   4.200000e-03
SOURCE: GAM_35
SINKS: GAM_35
0  -2.106194e+05  6.895380e+02
1  -1.152063e+06  -8.464615e+02
2  -3.619459e+05  1.292116e+02
3  -1.797415e+05  1.368578e+03
4  -1.010617e+05  7.728173e+02
5  -3.618359e+04  7.563759e+01
6  8.139735e+03  5.031406e+02
7  9.608168e+03  6.739861e+02
8  -1.466098e+03  6.384685e+02
9  1.126973e+03  1.156675e+03
10  9.506696e+03  1.304646e+03
11  2.008477e+04  8.228636e+02
12  1.470219e+04  3.990308e+02
13  7.539309e+03  -2.797560e+01
14  -8.731424e+02  -3.356944e+01
15  -1.048467e+03  8.500062e+01
16  3.543109e+03  1.251942e+02
17  4.137546e+03  3.203233e+02
18  3.320773e+03  4.047189e+02
19  1.891648e+03  4.042857e+02
20  1.541279e+03  2.057545e+02
21  1.068403e+03  4.445417e+01
22  1.061648e+03  -5.541563e+01
23  8.657106e+02  -2.961608e+01
24  8.515205e+02  -5.690216e+01
25  8.167466e+02  -8.762150e+01
26  1.258782e+03  -3.521277e+01
27  1.200495e+03  -1.822471e+01
28  1.087438e+03  -5.311991e+01
29  5.992296e+02  -7.533583e+01
30  7.608742e+01  -4.996199e+01
31  -4.455222e+02  -1.170644e+01
32  -9.001216e+02  -2.925068e+00
33  -9.789818e+02  1.901062e+01
34  -9.725499e+02  1.695448e+01
35  -8.967966e+02  4.387988e+00
36  -6.217922e+02  6.410187e+00
37  -2.150013e+02  -2.701712e+01
38  2.400759e+02  -7.481990e+01
39  4.145891e+02  -1.026285e+02
40  1.798123e+02  -1.076425e+02
41  -7.508552e+01  -1.212403e+02
42  6.157275e+02  -1.744339e+02
43  1.418894e+03  -1.903276e+02
44  1.369432e+03  -2.228295e+02
45  1.333733e+03  -2.446914e+02
46  1.545985e+03  -1.065791e+02
47  7.297183e+02  -1.732924e+02
48  -1.137769e+03  -2.900437e+02
49  -4.650684e+03  -5.283458e+02
50  -7.518017e+03  -7.056360e+02
51  -5.164427e+03  -5.627355e+02
52  7.811441e+02  -8.511890e+02
53  6.319731e+03  -4.115638e+02
54  5.177017e+03  -1.665642e+02
55  3.465606e+03  -9.205110e+00
56  -3.809934e+03  5.187329e+02
57  -1.851816e+03  7.560230e+02
58  -4.996327e+03  2.430107e+02
59  -1.585091e+04  -2.403351e+02
60  -4.193197e+04  -1.864358e+02
61  -1.163900e+05  -6.025055e+02
62  -3.440128e+05  -1.706059e+03
63  -1.163682e+06  -9.878413e+02
ENDPROP
STARTPROP
MASSES:  4.200000e-03   4.200000e-03
SOURCE: GAM_45
SINKS: GAM_45
0  -1.762231e+06  1.985479e+03
1  6.388435e+05  1.830458e+03
2  2.902151e+05  7.272879e+01
3  2.341614e+05  -5.208161e+02
4  1.920545e+05  -5.656595e+02
5  1.677070e+05  -7.719788e+02
6  1.337400e+05  -6.241502e+02
7  1.115259e+05  -7.125446e+02
8  9.174564e+04  -5.277856e+02
9  7.261928e+04  -6.732344e+02
10  6.221734e+04  -4.627783e+02
11  4.887291e+04  -3.880249e+02
12  4.111071e+04  -3.624990e+02
13  3.178179e+04  -4.191494e+02
14  2.639856e+04  -3.997787e+02
15  2.236413e+04  -3.364235e+02
16  1.642403e+04  -2.332836e+02
17  1.505739e+04  -2.316677e+02
18  1.243673e+04  -2.053886e+02
19  9.401891e+03  -7.213592e+01
20  8.426805e+03  -2.770011e+01
21  6.863074e+03  -7.925843e+01
22  5.397304e+03  -1.204407e+02
23  4.578493e+03  -1.142328e+02
24  3.552396e+03  -1.292521e+02
25  2.929448e+03  -8.850316e+01
26  2.092274e+03  -8.418298e+01
27  1.743268e+03  -9.283701e+01
28  1.511029e+03  -1.022254e+02
29  1.300779e+03  -1.325999e+02
30  1.431521e+03  -1.285491e+02
31  1.341667e+03  -1.267687e+02
32  1.565213e+03  -1.059288e+02
33  1.430709e+03  -9.177571e+01
34  1.307099e+03  -6.306087e+01
35  1.479616e+03  -5.446873e+01
36  1.691408e+03  -3.403538e+01
37  1.869499e+03  -2.699496e+01
38  2.147296e+03  4.453446e+00
39  2.532280e+03  4.194778e+01
40  3.205675e+03  7.538853e+01
41  3.851805e+03  5.171865e+01
42  4.477695e+03  5.148465e+01
43  5.383885e+03  7.897491e+01
44  6.012904e+03  1.313955e+02
45  7.137441e+03  1.846802e+02
46  9.104209e+03  2.753237e+02
47  1.205380e+04  3.545852e+02
48  1.540024e+04  4.286779e+02
49  1.788121e+04  5.166804e+02
50  2.217244e+04  6.145033e+02
51  2.832822e+04  5.995014e+02
52  3.715843e+04  6.793092e+02
53  4.426392e+04  1.057803e+03
54  5.495763e+04  8.865340e+02
55  6.647872e+04  6.833532e+02
56  8.038267e+04  5.606865e+02
57  9.863265e+04  5.488771e+02
58  1.221700e+05  5.987562e+02
59  1.589097e+05  9.649746e+02
60  1.879751e+05  8.308782e+02
61  2.428810e+05  -5.287811e+01
62  2.964550e+05  5.036579e+02
63  6.373189e+05  1.472634e+03
ENDPROP
STARTPROP
MASSES:  4.200000e-03   4.200000e-03
SOURCE: PSAX4
SINKS: GAM_4
0  3.025488e+04  -4.290926e+02
1  1.716656e+06  -6.017445e+02
2  1.296782e+06  4.449451e+02
3  1.054049e+06  1.038110e+03
4  8.875219e+05  1.337987e+03
5  7.580529e+05  8.753523e+01
6  6.287140e+05  9.199417e+02
7  5.341819e+05  9.234041e+01
8  4.462235e+05  -7.491561e+02
9  3.730166e+05  -2.546841e+02
10  3.125154e+05  -2.353647e+02
11  2.612389e+05  -5.551664e+00
12  2.166723e+05  2.171704e+02
13  1.759047e+05  1.781801e+01
14  1.443886e+05  -1.283159e+01
15  1.194734e+05  -2.048291e+02
16  9.860760e+04  -4.098570e+02
17  8.470810e+04  -3.701132e+02
18  7.119564e+04  -1.618393e+02
19  5.738674e+04  -7.617391e+01
20  4.754499e+04  5.789510e+01
21  4.019445e+04  8.144359e+01
22  3.322127e+04  2.434233e+01
23  2.744293e+04  -3.005568e+01
24  2.254719e+04  -7.314134e+01
25  1.876133e+04  -7.711815e+01
26  1.446505e+04  -9.303345e+01
27  1.163681e+04  -8.777736e+01
28  9.270732e+03  -1.083655e+02
29  7.391494e+03  -9.325380e+01
30  5.537848e+03  -9.812904e+01
31  3.477320e+03  -9.463323e+01
32  1.491578e+03  -7.713826e+01
33  -3.736469e+02  -6.124374e+01
34  -2.411329e+03  -4.171794e+01
35  -4.425521e+03  -2.627490e+01
36  -6.649167e+03  -2.470342e+01
37  -9.118771e+03  -1.518125e+01
38  -1.161103e+04  -5.204266e+01
39  -1.448225e+04  -2.354431e+01
40  -1.896243e+04  -4.405131e+01
41  -2.244542e+04  -6.829992e+00
42  -2.687544e+04  -7.061306e+01
43  -3.217565e+04  -1.552856e+02
44  -3.893522e+04  -1.609069e+02
45  -4.734279e+04  -2.035498e+02
46  -5.717413e+04  -2.415958e+02
47  -7.011281e+04  -3.502672e+02
48  -8.295740e+04  -3.453397e+02
49  -1.000847e+05  -3.383795e+02
50  -1.199000e+05  -2.242565e+02
51  -1.465494e+05  -2.566534e+02
52  -1.804200e+05  2.913046e+00
53  -2.176587e+05  -1.294288e+02
54  -2.589299e+05  1.912922e+02
55  -3.098889e+05  4.932172e+02
56  -3.768192e+05  1.073509e+03
57  -4.520139e+05  1.249505e+03
58  -5.611516e+05  6.052065e+02
59  -6.994343e+05  -3.315848e+02
60  -8.397895e+05  -4.124173e+02
61  -1.037064e+06  1.117103e+02
62  -1.247441e+06  -6.128610e+02
63  -1.666823e+06  -4.414465e+02
ENDPROP
STARTPROP
MASSES:  4.200000e-03   4.200000e-03
SOURCE: WWPSAX4
SINKS: GAM_4
0  7.794689e+08  1.087913e+07
1  9.589682e+08  2.707273e+06
2  4.834461e+08  1.465052e+05
3  7.056011e+08  -2.220642e+07
4  4.187404e+08  -7.985070e+06
5  7.269444e+08  9.521960e+06
6  3.568752e+08  1.358367e+07
7  2.602721e+08  4.256766e+06
8  4.074952e+08  -1.185488e+06
9  3.156580e+08  8.885662e+05
10  7.822543e+07  -2.193670e+06
11  7.742305e+07  5.957078e+06
12  8.207376e+07  3.627986e+06
13  1.208566e+08  6.431767e+05
14  1.469233e+08  -5.861079e+05
15  1.095463e+08  2.773367e+06
16  3.904201e+07  -1.053763e+06
17  4.314383e+07  -6.468201e+05
18  3.177131e+07  -1.375087e+06
19  6.066425e+07  -1.407473e+06
20  2.672385e+07  3.443140e+05
21  3.619263e+07  2.043712e+04
22  2.191300e+07  -1.235145e+05
23  2.189630e+07  -2.959976e+05
24  1.790257e+07  -2.807161e+05
25  9.327595e+06  9.631694e+05
26  1.610343e+07  1.700569e+05
27  8.970022e+06  4.290776e+05
28  4.967481e+06  -4.642342e+05
29  1.899322e+06  -1.458045e+05
30  7.757498e+05  1.279592e+04
31  -3.837492e+06  3.258819e+05
32  1.644707e+06  -7.301803e+04
33  -6.786146e+05  -3.113622e+05
34  3.760408e+06  -1.517576e+03
35  -7.854204e+05  4.861702e+05
36  -7.624663e+06  -3.012058e+05
37  -1.116192e+07  -1.663855e+05
38  -4.808958e+06  -2.710500e+05
39  -7.389772e+06  1.182292e+05
40  -1.156969e+07  6.967062e+04
41  -1.676390e+07  -3.726453e+05
42  -2.194620e+06  3.639288e+05
43  -1.433329e+07  1.510188e+06
44  -2.839213e+07  9.148861e+05
45  -3.140221e+07  7.820761e+05
46  -3.398135e+07  8.377306e+05
47  -1.945794e+07  -1.915564e+06
48  -4.254906e+07  -3.165663e+06
49  -1.547995e+07  1.048075e+06
50  -1.050743e+08  1.818190e+06
51  -1.294443e+08  -3.690389e+05
52  -1.616982e+08  8.901879e+05
53  -1.197791e+08  2.221322e+06
54  -1.700792e+08  -2.325731e+06
55  -6.299348e+07  4.674076e+06
56  -2.670088e+08  -8.082223e+06
57  -9.165633e+07  -1.631052e+06
58  -2.163228e+08  3.443806e+06
59  -2.585137e+08  -5.057584e+05
60  -3.655137e+08  -7.886974e+06
61  -4.630450e+08  1.018593e+06
62  -8.749037e+08  -4.332843e+06
63  -2.181439e+09  2.072136e+07
ENDPROP
STARTPROP
MASSES:  4.200000e-03   4.200000e-03
SOURCE: WWGAM_5
SINKS: GAM_5
0  1.639482e+10  3.441481e+01
1  3.842477e+09  1.067892e+07
2  2.735592e+09  1.621579e+07
3  2.411863e+09  6.908115e+06
4  2.402321e+09  -1.396624e+07
5  2.223730e+09  1.720493e+07
6  1.932124e+09  1.070858e+07
7  1.329243e+09  -8.133924e+05
8  1.098419e+09  -8.549709e+06
9  1.007320e+09  -5.322956e+06
10  7.476590e+08  -3.621477e+05
11  8.106936e+08  1.510547e+06
12  5.432760e+08  2.164272e+06
13  3.924132e+08  1.003459e+06
14  4.292432e+08  1.203248e+06
15  4.273596e+08  2.328674e+06
16  2.447935e+08  -1.451308e+06
17  2.345000e+08  -1.511842e+06
18  1.841075e+08  -1.910957e+06
19  1.750230e+08  -1.648319e+06
20  1.268838e+08  -2.851526e+05
21  1.086588e+08  6.281535e+04
22  8.817301e+07  -7.530952e+05
23  8.115728e+07  -2.110968e+05
24  6.916495e+07  3.554390e+05
25  5.838518e+07  4.629879e+05
26  5.084021e+07  7.256521e+05
27  4.260500e+07  7.941873e+05
28  3.286771e+07  -2.951459e+05
29  3.008637e+07  2.482607e+05
30  3.172570e+07  -2.385750e+05
31  2.805608e+07  -3.750275e+05
32  2.961686e+07  -1.907116e+05
33  2.999540e+07  3.491191e+04
34  3.190981e+07  -2.528561e+05
35  3.104486e+07  -2.205535e+01
36  3.806053e+07  3.471393e+05
37  4.302173e+07  1.281985e+05
38  3.749581e+07  -1.535166e+05
39  3.381438e+07  7.113627e+04
40  5.259707e+07  1.283064e+05
41  5.772179e+07  2.434053e+05
42  6.425327e+07  4.195893e+05
43  1.012647e+08  -8.176645e+04
44  1.372869e+08  2.126462e+06
45  1.112908e+08  9.520397e+05
46  1.595980e+08  4.373036e+05
47  1.582768e+08  1.977380e+05
48  2.347252e+08  6.779547e+05
49  2.208484e+08  -1.716833e+06
50  3.185932e+08  3.098754e+06
51  4.007044e+08  -8.191144e+05
52  4.474715e+08  1.743854e+06
53  4.999066e+08  1.518781e+06
54  6.695256e+08  3.714957e+06
55  8.105419e+08  -9.221285e+06
56  1.059583e+09  -7.983206e+05
57  9.475616e+08  -3.271510e+05
58  1.283664e+09  -1.486173e+06
59  1.834158e+09  6.799804e+06
60  2.596262e+09  4.995572e+06
61  2.729423e+09  -2.447230e+06
62  3.203883e+09  2.849766e+06
63  5.627037e+09  1.476765e+07
ENDPROP
