STARTPROP
MASSES:  4.500000e-02   4.500000e-02
SOURCE: GAM_1
SINKS: GAM_1
0  1.353315e+06  7.140252e-14
1  1.965300e+06  -4.254861e-13
2  8.709942e+05  2.487500e-13
3  4.366022e+05  1.336264e-13
4  2.155494e+05  1.016009e-13
5  1.073520e+05  3.313298e-14
6  5.310968e+04  -6.592741e-14
7  2.538793e+04  1.631155e-14
8  1.231286e+04  -1.392849e-14
9  5.954304e+03  5.965098e-15
10  2.853821e+03  4.742373e-15
11  1.400202e+03  -3.600660e-15
12  7.320161e+02  -1.441175e-15
13  3.414223e+02  8.801875e-16
14  1.916714e+02  -8.169209e-17
15  1.132427e+02  -5.239666e-16
16  5.878462e+01  6.252532e-16
17  3.838648e+01  1.718417e-16
18  2.230261e+01  -1.753560e-16
19  1.114965e+01  -6.883348e-17
20  4.151072e+00  2.707631e-17
21  1.680001e+00  -2.617789e-17
22  6.430304e-01  8.416463e-19
23  1.987482e-01  4.615317e-18
24  1.164971e-02  -5.397437e-18
25  1.436119e-01  1.937042e-19
26  1.739890e-01  1.280342e-18
27  6.165792e-02  4.965379e-19
28  1.001686e-02  -4.792668e-19
29  -1.170999e-02  1.479009e-19
30  -1.532482e-02  3.755525e-19
31  -1.903507e-02  -1.770049e-19
32  -1.556554e-02  4.489673e-20
33  -1.141146e-02  -4.266176e-20
34  -2.062187e-02  2.610524e-19
35  -2.339767e-02  -2.919245e-19
36  -2.298216e-02  -1.252942e-18
37  -1.009572e-02  8.670536e-19
38  -3.140251e-03  1.465373e-18
39  8.658597e-02  -2.788666e-18
40  3.509656e-01  -4.135455e-18
41  7.955228e-01  2.247275e-18
42  2.355237e+00  -1.170254e-17
43  3.002719e+00  -2.843717e-17
44  4.393056e+00  -4.491182e-17
45  6.157386e+00  -3.847953e-17
46  7.373467e+00  7.310202e-17
47  1.419123e+01  9.821700e-17
48  1.428182e+01  -3.255441e-17
49  2.303212e+01  -5.734114e-16
50  9.489609e+01  -1.515005e-15
51  2.167401e+02  -3.588266e-16
52  4.845262e+02  1.941557e-15
53  1.231556e+03  3.233514e-16
54  2.818158e+03  -2.570032e-15
55  5.814372e+03  1.535558e-14
56  1.183494e+04  -1.301620e-14
57  2.422125e+04  5.719876e-14
58  4.980113e+04  -3.896582e-15
59  1.046168e+05  -7.185200e-14
60  2.161167e+05  5.854895e-14
61  4.419246e+05  1.695116e-13
62  8.993305e+05  3.075227e-13
63  2.013368e+06  1.643503e-13
ENDPROP
STARTPROP
MASSES:  4.500000e-02   4.500000e-02
SOURCE: GAM_2
SINKS: GAM_2
0  1.322372e+06  6.166781e-13
1  1.942578e+06  -4.282929e-13
2  8.694405e+05  -1.190686e-13
3  4.395057e+05  -9.563468e-14
4  2.181830e+05  -3.173780e-14
5  1.070757e+05  1.953708e-14
6  5.358761e+04  3.194200e-14
7  2.515583e+04  1.689496e-14
8  1.138399e+04  -4.256238e-14
9  4.946894e+03  -4.410066e-15
10  2.163521e+03  -1.753543e-15
11  1.067709e+03  -2.499002e-15
12  5.506599e+02  -1.172456e-15
13  2.491204e+02  1.058186e-15
14  1.113507e+02  -5.706673e-16
15  1.241704e+01  -1.876708e-16
16  -1.561076e+01  -2.318832e-16
17  -6.880448e+00  7.687578e-17
18  -2.522714e+00  -1.005935e-16
19  1.040735e+00  -1.622596e-17
20  1.668055e+00  2.541274e-17
21  7.110429e-01  8.281527e-18
22  1.987412e-01  1.865623e-17
23  -8.743685e-02  1.165278e-17
24  -2.475110e-02  8.237252e-18
25  -2.928129e-02  4.923007e-18
26  -9.650790e-02  1.782765e-18
27  -7.879949e-02  2.362883e-20
28  -3.621893e-02  1.873217e-19
29  -4.180559e-02  -3.693384e-19
30  -2.519688e-02  -1.160906e-19
31  -1.434821e-02  -1.903327e-20
32  3.021433e-03  -8.398132e-20
33  8.908328e-03  -1.913028e-19
34  2.137404e-02  2.646092e-19
35  3.903675e-02  -6.893087e-19
36  5.626999e-02  -9.271260e-19
37  7.067429e-02  1.050416e-19
38  1.072187e-01  1.164491e-18
39  9.043735e-02  -5.819455e-18
40  2.728539e-01  -4.977458e-18
41  2.081793e-01  -9.168400e-18
42  8.580605e-01  -2.371177e-17
43  2.338073e+00  5.407304e-18
44  2.677944e+00  -4.438651e-19
45  3.447662e+00  -8.789373e-17
46  5.474974e+00  -1.324983e-16
47  9.133821e+00  -1.315695e-16
48  1.653906e+01  1.848010e-16
49  3.340802e+01  2.625627e-16
50  5.880267e+01  -3.241984e-16
51  2.042239e+02  -1.673015e-15
52  4.504485e+02  -1.920886e-15
53  1.088817e+03  9.366321e-17
54  2.688574e+03  -6.839186e-15
55  5.794656e+03  5.239111e-15
56  1.217357e+04  9.960243e-16
57  2.492769e+04  -1.838531e-14
58  5.023551e+04  2.306189e-14
59  1.025108e+05  1.109987e-14
60  2.098809e+05  6.160380e-14
61  4.298494e+05  2.147323e-13
62  8.705289e+05  -1.357755e-13
63  1.967010e+06  1.753415e-13
ENDPROP
STARTPROP
MASSES:  4.500000e-02   4.500000e-02
SOURCE: GAM_3
SINKS: GAM_3
0  1.363961e+06  -2.750296e-13
1  1.963685e+06  3.247664e-13
2  8.691070e+05  -1.153034e-13
3  4.299941e+05  8.924549e-15
4  2.117179e+05  -1.132879e-13
5  1.023989e+05  5.769514e-15
6  5.062172e+04  1.776069e-15
7  2.539639e+04  2.042730e-14
8  1.253327e+04  8.568822e-15
9  5.991358e+03  -5.139681e-15
10  2.494603e+03  -3.004968e-16
11  1.057938e+03  -5.527883e-15
12  5.051300e+02  2.450890e-15
13  2.012825e+02  3.754101e-16
14  1.087036e+02  6.663603e-17
15  4.904812e+01  1.520740e-16
16  9.901768e+00  -1.116248e-16
17  -3.556429e+00  -4.492308e-17
18  -7.047631e+00  -1.596748e-16
19  -9.371102e+00  -1.034847e-17
20  -5.650516e+00  -5.700541e-17
21  -2.595402e+00  1.113759e-17
22  -1.606811e+00  2.022100e-17
23  -1.059273e+00  1.245201e-18
24  -6.717698e-01  -5.573608e-18
25  -4.185108e-01  2.100502e-18
26  -2.529540e-01  -4.171130e-18
27  -2.159904e-01  -9.116100e-19
28  -9.317987e-02  -5.136128e-19
29  -1.680634e-02  -6.257415e-21
30  1.425260e-02  4.521043e-19
31  1.709891e-02  1.514865e-21
32  7.421243e-03  1.714488e-19
33  4.502881e-04  7.299473e-20
34  -1.379512e-02  3.831503e-19
35  -3.477510e-02  -4.842695e-19
36  -7.363967e-02  -3.945947e-19
37  -7.501797e-02  -3.478367e-19
38  -9.021277e-02  1.427063e-18
39  -6.516579e-02  1.978496e-18
40  4.076643e-02  -4.866891e-18
41  1.211047e-01  9.327951e-18
42  1.717613e-01  1.572833e-17
43  5.207089e-01  1.569306e-17
44  2.557759e+00  1.547570e-17
45  4.994985e+00  4.310478e-18
46  3.271764e+00  -3.489311e-17
47  3.126040e+00  -1.775910e-17
48  1.634114e+01  -3.592241e-16
49  6.246167e+01  -7.840338e-17
50  1.344736e+02  -1.313574e-15
51  3.698419e+02  1.335558e-15
52  8.218499e+02  -1.731553e-15
53  1.691836e+03  6.402332e-15
54  3.273440e+03  -4.447471e-15
55  6.594192e+03  -1.173474e-14
56  1.296224e+04  -1.152490e-14
57  2.527199e+04  -1.456110e-14
58  5.083349e+04  -3.454123e-14
59  1.022837e+05  1.481200e-13
60  2.093905e+05  1.519793e-13
61  4.382620e+05  -4.645132e-13
62  8.944285e+05  -2.827651e-13
63  2.017926e+06  -2.062737e-13
ENDPROP
STARTPROP
MASSES:  4.500000e-02   4.500000e-02
SOURCE: GAM_4
SINKS: GAM_4
0  2.119059e+06  5.533217e-13
1  -2.627342e+05  -1.036134e-14
2  -3.312269e+03  -1.014117e-13
3  -2.003284e+03  -2.968552e-13
4  -5.157040e+00  -1.697818e-13
5  -1.467225e+02  8.415993e-14
6  1.967349e+02  4.844056e-14
7  7.438198e+01  1.820620e-14
8  -6.534796e+01  -2.112531e-14
9  -3.713231e+01  7.240499e-15
10  1.474546e+01  -1.526133e-15
11  -7.044824e-01  3.213226e-15
12  -9.360277e+00  3.532568e-16
13  2.813720e+00  2.404847e-15
14  -2.801519e+00  8.622846e-16
15  3.431296e-01  -5.048170e-16
16  -5.488889e-01  3.320782e-16
17  -7.433404e-01  -1.432111e-16
18  4.273452e-01  -3.828713e-16
19  -3.093238e-01  -1.272136e-16
20  2.149261e-02  -6.701903e-17
21  1.181716e-01  2.766790e-18
22  4.757966e-02  -2.381614e-17
23  -1.517419e-03  -3.892795e-18
24  -8.164443e-02  -1.954732e-17
25  -5.750080e-02  -1.280483e-18
26  -9.950395e-03  -7.348244e-18
27  -7.966038e-03  4.427824e-19
28  -2.212439e-02  -5.585850e-19
29  -1.809970e-02  -4.582223e-19
30  -2.058067e-02  -2.784517e-19
31  -1.916994e-02  3.201084e-19
32  -1.725227e-02  2.767456e-19
33  -1.716190e-02  -4.217618e-19
34  -1.937282e-02  -9.967170e-20
35  -2.012737e-02  2.702081e-20
36  -1.878799e-02  1.660007e-20
37  -1.714268e-02  -2.048720e-21
38  -1.701654e-02  8.251137e-19
39  9.267248e-03  1.739050e-18
40  1.080207e-02  1.291462e-18
41  -1.613468e-02  -3.086640e-18
42  5.057264e-02  -1.737572e-17
43  -8.084935e-02  -1.414834e-17
44  -1.550853e-01  1.875203e-17
45  -4.417499e-01  2.609871e-17
46  -7.535233e-02  -9.885935e-17
47  -4.134482e-01  7.649364e-17
48  -2.077615e+00  5.988523e-19
49  2.870795e+00  1.487878e-16
50  4.901944e+00  -8.117376e-16
51  2.985659e+00  -4.458676e-16
52  -4.338094e+00  3.337708e-16
53  -3.762128e+01  -2.363335e-15
54  -2.500635e+01  1.516725e-15
55  1.139355e+02  8.031029e-15
56  -3.675311e+01  -4.120786e-14
57  3.762213e+02  3.274655e-14
58  6.815958e+01  -1.343181e-14
59  3.903045e+02  -3.227907e-14
60  7.997256e+02  3.552207e-14
61  -9.529751e+02  3.803527e-13
62  -1.755341e+03  -3.360681e-14
63  -2.675468e+05  4.936178e-13
ENDPROP
STARTPROP
MASSES:  4.500000e-02   4.500000e-02
SOURCE: GAM_5
SINKS: GAM_5
0  5.518080e+06  0.000000e+00
1  5.404891e+06  0.000000e+00
2  3.389960e+06  0.000000e+00
3  2.151815e+06  0.000000e+00
4  1.347263e+06  0.000000e+00
5  8.296026e+05  0.000000e+00
6  5.090531e+05  0.000000e+00
7  3.115560e+05  0.000000e+00
8  1.921422e+05  0.000000e+00
9  1.173678e+05  0.000000e+00
10  7.155101e+04  0.000000e+00
11  4.420885e+04  0.000000e+00
12  2.756880e+04  0.000000e+00
13  1.716174e+04  0.000000e+00
14  1.067139e+04  0.000000e+00
15  6.548342e+03  0.000000e+00
16  3.886931e+03  0.000000e+00
17  2.293185e+03  0.000000e+00
18  1.376853e+03  0.000000e+00
19  8.374444e+02  0.000000e+00
20  5.185926e+02  0.000000e+00
21  3.217897e+02  0.000000e+00
22  1.963712e+02  0.000000e+00
23  1.169293e+02  0.000000e+00
24  7.231982e+01  0.000000e+00
25  4.370889e+01  0.000000e+00
26  2.665071e+01  0.000000e+00
27  1.642494e+01  0.000000e+00
28  1.008999e+01  0.000000e+00
29  6.216009e+00  0.000000e+00
30  3.987775e+00  0.000000e+00
31  2.893741e+00  0.000000e+00
32  2.571737e+00  0.000000e+00
33  2.903386e+00  0.000000e+00
34  3.995479e+00  0.000000e+00
35  6.084025e+00  0.000000e+00
36  9.688507e+00  0.000000e+00
37  1.534228e+01  0.000000e+00
38  2.494542e+01  0.000000e+00
39  4.154657e+01  0.000000e+00
40  6.904944e+01  0.000000e+00
41  1.147466e+02  0.000000e+00
42  1.882124e+02  0.000000e+00
43  3.095589e+02  0.000000e+00
44  5.049767e+02  0.000000e+00
45  8.204109e+02  0.000000e+00
46  1.337775e+03  0.000000e+00
47  2.213648e+03  0.000000e+00
48  3.659266e+03  0.000000e+00
49  6.069058e+03  0.000000e+00
50  9.925457e+03  0.000000e+00
51  1.639758e+04  0.000000e+00
52  2.726894e+04  0.000000e+00
53  4.502759e+04  0.000000e+00
54  7.334520e+04  0.000000e+00
55  1.195942e+05  0.000000e+00
56  1.929408e+05  0.000000e+00
57  3.156795e+05  0.000000e+00
58  5.118310e+05  0.000000e+00
59  8.335981e+05  0.000000e+00
60  1.340883e+06  0.000000e+00
61  2.142482e+06  0.000000e+00
62  3.397982e+06  0.000000e+00
63  5.435257e+06  0.000000e+00
ENDPROP
STARTPROP
MASSES:  4.500000e-02   4.500000e-02
SOURCE: GAM_12
SINKS: GAM_12
0  9.321717e+05  0.000000e+00
1  -6.014343e+05  0.000000e+00
2  -1.288360e+05  0.000000e+00
3  -4.629680e+04  0.000000e+00
4  -1.729353e+04  0.000000e+00
5  -5.911981e+03  0.000000e+00
6  -2.535811e+03  0.000000e+00
7  -7.578708e+02  0.000000e+00
8  -2.204057e+02  0.000000e+00
9  8.111468e+01  0.000000e+00
10  1.626707e+02  0.000000e+00
11  7.896846e+01  0.000000e+00
12  4.680734e+01  0.000000e+00
13  -3.048406e+01  0.000000e+00
14  -4.047254e+01  0.000000e+00
15  -1.504885e+01  0.000000e+00
16  -6.929937e+00  0.000000e+00
17  -4.518858e+00  0.000000e+00
18  -9.767039e-01  0.000000e+00
19  6.739876e-01  0.000000e+00
20  1.607458e+00  0.000000e+00
21  1.139229e+00  0.000000e+00
22  7.535864e-01  0.000000e+00
23  3.795385e-01  0.000000e+00
24  8.869343e-02  0.000000e+00
25  8.150446e-02  0.000000e+00
26  -1.061038e-02  0.000000e+00
27  -6.795511e-03  0.000000e+00
28  -8.922654e-03  0.000000e+00
29  -8.229966e-03  0.000000e+00
30  -3.989353e-03  0.000000e+00
31  -5.142230e-03  0.000000e+00
32  -9.726422e-04  0.000000e+00
33  -1.438457e-03  0.000000e+00
34  1.477187e-02  0.000000e+00
35  2.264666e-02  0.000000e+00
36  4.525706e-02  0.000000e+00
37  5.012727e-02  0.000000e+00
38  -3.625330e-03  0.000000e+00
39  -6.299852e-02  0.000000e+00
40  -3.224356e-02  0.000000e+00
41  4.171314e-02  0.000000e+00
42  3.867726e-01  0.000000e+00
43  7.376061e-01  0.000000e+00
44  2.393543e+00  0.000000e+00
45  4.190826e+00  0.000000e+00
46  5.912880e+00  0.000000e+00
47  3.954960e+00  0.000000e+00
48  -6.722929e+00  0.000000e+00
49  -7.257327e+00  0.000000e+00
50  -2.053526e+01  0.000000e+00
51  -4.399629e+01  0.000000e+00
52  -4.353982e+01  0.000000e+00
53  -2.326916e+00  0.000000e+00
54  7.886377e+01  0.000000e+00
55  -1.347687e+01  0.000000e+00
56  -1.397959e+02  0.000000e+00
57  1.404285e+02  0.000000e+00
58  -6.320337e+02  0.000000e+00
59  -3.645129e+03  0.000000e+00
60  -1.619486e+04  0.000000e+00
61  -4.908037e+04  0.000000e+00
62  -1.357441e+05  0.000000e+00
63  -6.157692e+05  0.000000e+00
ENDPROP
STARTPROP
MASSES:  4.500000e-02   4.500000e-02
SOURCE: GAM_21
SINKS: GAM_21
0  9.321717e+05  0.000000e+00
1  -6.014343e+05  0.000000e+00
2  -1.288360e+05  0.000000e+00
3  -4.629680e+04  0.000000e+00
4  -1.729353e+04  0.000000e+00
5  -5.911981e+03  0.000000e+00
6  -2.535811e+03  0.000000e+00
7  -7.578708e+02  0.000000e+00
8  -2.204057e+02  0.000000e+00
9  8.111468e+01  0.000000e+00
10  1.626707e+02  0.000000e+00
11  7.896846e+01  0.000000e+00
12  4.680734e+01  0.000000e+00
13  -3.048406e+01  0.000000e+00
14  -4.047254e+01  0.000000e+00
15  -1.504885e+01  0.000000e+00
16  -6.929937e+00  0.000000e+00
17  -4.518858e+00  0.000000e+00
18  -9.767039e-01  0.000000e+00
19  6.739876e-01  0.000000e+00
20  1.607458e+00  0.000000e+00
21  1.139229e+00  0.000000e+00
22  7.535864e-01  0.000000e+00
23  3.795385e-01  0.000000e+00
24  8.869343e-02  0.000000e+00
25  8.150446e-02  0.000000e+00
26  -1.061038e-02  0.000000e+00
27  -6.795511e-03  0.000000e+00
28  -8.922654e-03  0.000000e+00
29  -8.229966e-03  0.000000e+00
30  -3.989353e-03  0.000000e+00
31  -5.142230e-03  0.000000e+00
32  -9.726422e-04  0.000000e+00
33  -1.438457e-03  0.000000e+00
34  1.477187e-02  0.000000e+00
35  2.264666e-02  0.000000e+00
36  4.525706e-02  0.000000e+00
37  5.012727e-02  0.000000e+00
38  -3.625330e-03  0.000000e+00
39  -6.299852e-02  0.000000e+00
40  -3.224356e-02  0.000000e+00
41  4.171314e-02  0.000000e+00
42  3.867726e-01  0.000000e+00
43  7.376061e-01  0.000000e+00
44  2.393543e+00  0.000000e+00
45  4.190826e+00  0.000000e+00
46  5.912880e+00  0.000000e+00
47  3.954960e+00  0.000000e+00
48  -6.722929e+00  0.000000e+00
49  -7.257327e+00  0.000000e+00
50  -2.053526e+01  0.000000e+00
51  -4.399629e+01  0.000000e+00
52  -4.353982e+01  0.000000e+00
53  -2.326916e+00  0.000000e+00
54  7.886377e+01  0.000000e+00
55  -1.347687e+01  0.000000e+00
56  -1.397959e+02  0.000000e+00
57  1.404285e+02  0.000000e+00
58  -6.320337e+02  0.000000e+00
59  -3.645129e+03  0.000000e+00
60  -1.619486e+04  0.000000e+00
61  -4.908037e+04  0.000000e+00
62  -1.357441e+05  0.000000e+00
63  -6.157692e+05  0.000000e+00
ENDPROP
STARTPROP
MASSES:  4.500000e-02   4.500000e-02
SOURCE: GAM_13
SINKS: GAM_13
0  9.268441e+05  6.612755e-14
1  -6.095758e+05  2.479335e-13
2  -1.324904e+05  1.677215e-13
3  -5.027231e+04  2.984420e-13
4  -1.842511e+04  2.411166e-14
5  -7.124488e+03  2.118672e-14
6  -3.591149e+03  1.042732e-14
7  -1.696639e+03  1.763098e-14
8  -8.915449e+02  7.769498e-15
9  -7.239976e+02  -6.745806e-15
10  -3.598146e+02  2.449892e-15
11  -1.329017e+02  -8.787010e-16
12  4.867063e+00  -9.559940e-16
13  3.353008e+01  -2.994845e-16
14  3.484320e+01  1.898192e-16
15  1.583623e+01  -2.515984e-17
16  1.042402e+01  3.568926e-16
17  9.405569e-01  5.777425e-17
18  -1.977415e+00  1.246940e-17
19  -2.338033e+00  8.735279e-18
20  -1.214953e+00  -2.104260e-17
21  -5.352133e-01  -1.265467e-17
22  -1.599304e-01  2.730750e-18
23  -2.899566e-01  -8.045999e-18
24  -1.321537e-01  2.183575e-19
25  -1.430152e-03  1.190230e-18
26  -7.205635e-03  -3.558936e-19
27  -1.120724e-02  -6.114850e-20
28  1.153237e-03  2.857320e-20
29  1.620527e-02  -2.950967e-19
30  1.604577e-02  2.042491e-20
31  4.612846e-03  1.528688e-19
32  -1.872838e-03  -5.381828e-20
33  -8.376029e-03  -7.457617e-20
34  -6.943963e-03  -1.901021e-19
35  -9.607425e-03  2.515355e-19
36  -1.372783e-02  -1.293919e-18
37  -2.008891e-02  2.398880e-19
38  -9.849954e-03  1.693732e-18
39  -3.816191e-02  -4.329940e-18
40  -4.544874e-02  2.627681e-18
41  -6.810702e-02  -6.302504e-18
42  -6.325281e-02  1.110154e-17
43  2.757465e-01  1.004124e-17
44  5.418921e-01  -3.384221e-17
45  1.513986e+00  1.280130e-17
46  3.720597e+00  -2.954787e-17
47  7.305064e+00  8.084090e-17
48  1.637778e+01  4.441282e-16
49  1.970109e+01  2.699975e-16
50  -7.475704e+00  1.538900e-17
51  -3.677883e+01  -3.980864e-16
52  -7.066896e+01  9.458288e-16
53  -1.142881e+02  -6.614226e-16
54  -1.379171e+02  -1.498982e-15
55  -2.900558e+01  -2.531765e-15
56  1.517983e+02  1.372767e-14
57  6.807361e+01  -4.703987e-15
58  -1.517176e+03  -2.661581e-15
59  -4.960860e+03  -2.286006e-14
60  -1.643017e+04  -1.411235e-13
61  -4.828768e+04  9.568597e-14
62  -1.336782e+05  -6.796977e-14
63  -6.189809e+05  -1.904017e-13
ENDPROP
STARTPROP
MASSES:  4.500000e-02   4.500000e-02
SOURCE: GAM_31
SINKS: GAM_31
0  9.268441e+05  6.612755e-14
1  -6.095758e+05  2.479335e-13
2  -1.324904e+05  1.677215e-13
3  -5.027231e+04  2.984420e-13
4  -1.842511e+04  2.411166e-14
5  -7.124488e+03  2.118672e-14
6  -3.591149e+03  1.042732e-14
7  -1.696639e+03  1.763098e-14
8  -8.915449e+02  7.769498e-15
9  -7.239976e+02  -6.745806e-15
10  -3.598146e+02  2.449892e-15
11  -1.329017e+02  -8.787010e-16
12  4.867063e+00  -9.559940e-16
13  3.353008e+01  -2.994845e-16
14  3.484320e+01  1.898192e-16
15  1.583623e+01  -2.515984e-17
16  1.042402e+01  3.568926e-16
17  9.405569e-01  5.777425e-17
18  -1.977415e+00  1.246940e-17
19  -2.338033e+00  8.735279e-18
20  -1.214953e+00  -2.104260e-17
21  -5.352133e-01  -1.265467e-17
22  -1.599304e-01  2.730750e-18
23  -2.899566e-01  -8.045999e-18
24  -1.321537e-01  2.183575e-19
25  -1.430152e-03  1.190230e-18
26  -7.205635e-03  -3.558936e-19
27  -1.120724e-02  -6.114850e-20
28  1.153237e-03  2.857320e-20
29  1.620527e-02  -2.950967e-19
30  1.604577e-02  2.042491e-20
31  4.612846e-03  1.528688e-19
32  -1.872838e-03  -5.381828e-20
33  -8.376029e-03  -7.457617e-20
34  -6.943963e-03  -1.901021e-19
35  -9.607425e-03  2.515355e-19
36  -1.372783e-02  -1.293919e-18
37  -2.008891e-02  2.398880e-19
38  -9.849954e-03  1.693732e-18
39  -3.816191e-02  -4.329940e-18
40  -4.544874e-02  2.627681e-18
41  -6.810702e-02  -6.302504e-18
42  -6.325281e-02  1.110154e-17
43  2.757465e-01  1.004124e-17
44  5.418921e-01  -3.384221e-17
45  1.513986e+00  1.280130e-17
46  3.720597e+00  -2.954787e-17
47  7.305064e+00  8.084090e-17
48  1.637778e+01  4.441282e-16
49  1.970109e+01  2.699975e-16
50  -7.475704e+00  1.538900e-17
51  -3.677883e+01  -3.980864e-16
52  -7.066896e+01  9.458288e-16
53  -1.142881e+02  -6.614226e-16
54  -1.379171e+02  -1.498982e-15
55  -2.900558e+01  -2.531765e-15
56  1.517983e+02  1.372767e-14
57  6.807361e+01  -4.703987e-15
58  -1.517176e+03  -2.661581e-15
59  -4.960860e+03  -2.286006e-14
60  -1.643017e+04  -1.411235e-13
61  -4.828768e+04  9.568597e-14
62  -1.336782e+05  -6.796977e-14
63  -6.189809e+05  -1.904017e-13
ENDPROP
STARTPROP
MASSES:  4.500000e-02   4.500000e-02
SOURCE: GAM_14
SINKS: GAM_14
0  2.026755e+05  -4.499388e-13
1  1.393075e+06  -4.332230e-13
2  5.670189e+05  -1.479288e-13
3  2.798914e+05  9.194184e-15
4  1.385527e+05  1.033764e-13
5  6.834235e+04  -5.375594e-14
6  3.335814e+04  -3.112191e-14
7  1.646316e+04  8.466874e-15
8  8.174942e+03  -6.667521e-15
9  3.848722e+03  1.843013e-14
10  2.001826e+03  2.295339e-15
11  1.056399e+03  5.297972e-15
12  6.096078e+02  1.538782e-15
13  2.882232e+02  -8.673015e-16
14  1.633622e+02  -9.866282e-16
15  9.395539e+01  9.553219e-17
16  4.494078e+01  -2.397473e-16
17  2.390238e+01  -1.212375e-17
18  1.276104e+01  -1.893011e-17
19  8.589311e+00  -2.795480e-17
20  4.564742e+00  -4.501914e-17
21  2.299147e+00  -1.172061e-17
22  1.237548e+00  5.307848e-18
23  5.551639e-01  -6.416605e-19
24  1.314538e-01  2.919964e-19
25  8.687812e-02  -1.164310e-18
26  -4.455902e-02  9.630161e-19
27  -6.120347e-02  -2.535573e-19
28  -4.403070e-02  4.397415e-19
29  -2.512791e-02  2.253885e-19
30  -1.480819e-02  -2.084262e-19
31  -1.066644e-02  -2.659890e-19
32  1.961789e-03  -1.515960e-19
33  2.975991e-03  -2.262017e-19
34  -2.993763e-04  -1.766157e-19
35  -5.442757e-03  2.682776e-19
36  2.209252e-02  5.142127e-20
37  3.165550e-02  -1.584045e-18
38  5.259539e-02  -5.912978e-19
39  1.589114e-01  -1.833576e-18
40  2.021925e-01  -4.819539e-18
41  2.501808e-01  1.256198e-17
42  3.963039e-01  8.844619e-18
43  2.338111e-01  -2.246555e-17
44  -3.224591e-01  2.699127e-17
45  7.520013e-01  -9.610343e-18
46  5.432100e+00  -8.604751e-17
47  1.484154e+01  1.903470e-16
48  2.724855e+01  1.061383e-16
49  3.162754e+01  -3.259681e-16
50  4.397831e+01  5.588928e-16
51  1.219552e+02  7.941701e-16
52  3.331086e+02  3.539708e-17
53  8.142625e+02  3.991594e-15
54  1.687390e+03  1.727439e-17
55  3.412072e+03  3.848981e-15
56  7.600656e+03  1.602662e-14
57  1.547632e+04  -2.334858e-14
58  3.158646e+04  -4.039832e-14
59  6.499811e+04  2.547454e-14
60  1.337752e+05  3.447474e-14
61  2.759896e+05  6.112681e-14
62  5.685530e+05  -4.818800e-13
63  1.414519e+06  2.465888e-14
ENDPROP
STARTPROP
MASSES:  4.500000e-02   4.500000e-02
SOURCE: GAM_41
SINKS: GAM_41
0  2.026755e+05  -4.499388e-13
1  1.393075e+06  -4.332230e-13
2  5.670189e+05  -1.479288e-13
3  2.798914e+05  9.194184e-15
4  1.385527e+05  1.033764e-13
5  6.834235e+04  -5.375594e-14
6  3.335814e+04  -3.112191e-14
7  1.646316e+04  8.466874e-15
8  8.174942e+03  -6.667521e-15
9  3.848722e+03  1.843013e-14
10  2.001826e+03  2.295339e-15
11  1.056399e+03  5.297972e-15
12  6.096078e+02  1.538782e-15
13  2.882232e+02  -8.673015e-16
14  1.633622e+02  -9.866282e-16
15  9.395539e+01  9.553219e-17
16  4.494078e+01  -2.397473e-16
17  2.390238e+01  -1.212375e-17
18  1.276104e+01  -1.893011e-17
19  8.589311e+00  -2.795480e-17
20  4.564742e+00  -4.501914e-17
21  2.299147e+00  -1.172061e-17
22  1.237548e+00  5.307848e-18
23  5.551639e-01  -6.416605e-19
24  1.314538e-01  2.919964e-19
25  8.687812e-02  -1.164310e-18
26  -4.455902e-02  9.630161e-19
27  -6.120347e-02  -2.535573e-19
28  -4.403070e-02  4.397415e-19
29  -2.512791e-02  2.253885e-19
30  -1.480819e-02  -2.084262e-19
31  -1.066644e-02  -2.659890e-19
32  1.961789e-03  -1.515960e-19
33  2.975991e-03  -2.262017e-19
34  -2.993763e-04  -1.766157e-19
35  -5.442757e-03  2.682776e-19
36  2.209252e-02  5.142127e-20
37  3.165550e-02  -1.584045e-18
38  5.259539e-02  -5.912978e-19
39  1.589114e-01  -1.833576e-18
40  2.021925e-01  -4.819539e-18
41  2.501808e-01  1.256198e-17
42  3.963039e-01  8.844619e-18
43  2.338111e-01  -2.246555e-17
44  -3.224591e-01  2.699127e-17
45  7.520013e-01  -9.610343e-18
46  5.432100e+00  -8.604751e-17
47  1.484154e+01  1.903470e-16
48  2.724855e+01  1.061383e-16
49  3.162754e+01  -3.259681e-16
50  4.397831e+01  5.588928e-16
51  1.219552e+02  7.941701e-16
52  3.331086e+02  3.539708e-17
53  8.142625e+02  3.991594e-15
54  1.687390e+03  1.727439e-17
55  3.412072e+03  3.848981e-15
56  7.600656e+03  1.602662e-14
57  1.547632e+04  -2.334858e-14
58  3.158646e+04  -4.039832e-14
59  6.499811e+04  2.547454e-14
60  1.337752e+05  3.447474e-14
61  2.759896e+05  6.112681e-14
62  5.685530e+05  -4.818800e-13
63  1.414519e+06  2.465888e-14
ENDPROP
STARTPROP
MASSES:  4.500000e-02   4.500000e-02
SOURCE: GAM_23
SINKS: GAM_23
0  9.303701e+05  -8.246886e-14
1  -5.988095e+05  6.862555e-14
2  -1.244683e+05  -8.733839e-14
3  -4.439917e+04  1.009611e-13
4  -1.432128e+04  6.252682e-15
5  -6.737750e+03  1.311126e-15
6  -2.506811e+03  3.241754e-14
7  -1.231421e+03  -2.952811e-15
8  -6.734072e+02  4.409556e-15
9  -9.578829e+01  8.108522e-15
10  9.833561e+01  -3.436404e-15
11  7.477863e+01  7.634562e-17
12  3.120827e+01  -1.501537e-15
13  4.174987e+00  -6.173658e-16
14  -1.933247e+00  -5.632856e-17
15  -8.478345e-01  1.967221e-16
16  -9.204403e-01  5.774565e-16
17  3.322854e-01  8.934402e-17
18  -5.149635e-01  2.854778e-17
19  -1.154863e-01  6.285659e-18
20  2.216056e-01  -7.948742e-18
21  -1.617092e-01  -5.872056e-19
22  -4.004420e-01  1.131585e-17
23  -3.117547e-01  7.161333e-19
24  -2.554304e-01  -1.326895e-18
25  -1.396604e-01  1.984603e-19
26  -7.328906e-02  -4.354883e-19
27  -3.173281e-02  -1.247895e-18
28  -1.706481e-02  1.212738e-18
29  -7.651020e-03  3.838366e-19
30  -1.108461e-02  -3.420192e-19
31  -1.370361e-02  -2.270387e-19
32  -1.143522e-02  -2.968688e-19
33  -1.094891e-02  1.616732e-19
34  -2.292609e-02  1.200792e-20
35  -3.603304e-02  9.631670e-20
36  -4.347257e-02  4.529678e-19
37  -3.436160e-02  -7.060956e-19
38  -2.164533e-02  -1.726481e-18
39  2.893837e-02  -1.364002e-18
40  9.395864e-02  -6.899746e-18
41  -8.267087e-03  -5.273147e-18
42  3.476637e-01  2.348723e-18
43  2.673281e-01  -1.314649e-17
44  -4.216884e-01  -2.243225e-17
45  -1.092885e+00  -6.003677e-18
46  -1.133338e+00  6.277618e-17
47  2.001658e+00  -5.350699e-17
48  5.237627e+00  3.977161e-17
49  8.679414e+00  -1.999025e-16
50  1.356357e+00  -1.098283e-15
51  9.897921e+00  4.993755e-16
52  4.507721e+01  -9.147977e-16
53  7.012279e+01  1.592037e-15
54  1.318609e+02  -5.185595e-15
55  8.059709e+01  -3.113331e-15
56  2.438146e+02  6.111370e-15
57  -2.329882e+01  -6.288440e-15
58  -5.634593e+02  1.981393e-14
59  -3.591117e+03  -5.028257e-14
60  -1.056808e+04  -7.459773e-14
61  -3.887047e+04  1.373263e-13
62  -1.262783e+05  5.458671e-14
63  -6.094445e+05  -3.465858e-13
ENDPROP
STARTPROP
MASSES:  4.500000e-02   4.500000e-02
SOURCE: GAM_32
SINKS: GAM_32
0  9.303701e+05  -8.246886e-14
1  -5.988095e+05  6.862555e-14
2  -1.244683e+05  -8.733839e-14
3  -4.439917e+04  1.009611e-13
4  -1.432128e+04  6.252682e-15
5  -6.737750e+03  1.311126e-15
6  -2.506811e+03  3.241754e-14
7  -1.231421e+03  -2.952811e-15
8  -6.734072e+02  4.409556e-15
9  -9.578829e+01  8.108522e-15
10  9.833561e+01  -3.436404e-15
11  7.477863e+01  7.634562e-17
12  3.120827e+01  -1.501537e-15
13  4.174987e+00  -6.173658e-16
14  -1.933247e+00  -5.632856e-17
15  -8.478345e-01  1.967221e-16
16  -9.204403e-01  5.774565e-16
17  3.322854e-01  8.934402e-17
18  -5.149635e-01  2.854778e-17
19  -1.154863e-01  6.285659e-18
20  2.216056e-01  -7.948742e-18
21  -1.617092e-01  -5.872056e-19
22  -4.004420e-01  1.131585e-17
23  -3.117547e-01  7.161333e-19
24  -2.554304e-01  -1.326895e-18
25  -1.396604e-01  1.984603e-19
26  -7.328906e-02  -4.354883e-19
27  -3.173281e-02  -1.247895e-18
28  -1.706481e-02  1.212738e-18
29  -7.651020e-03  3.838366e-19
30  -1.108461e-02  -3.420192e-19
31  -1.370361e-02  -2.270387e-19
32  -1.143522e-02  -2.968688e-19
33  -1.094891e-02  1.616732e-19
34  -2.292609e-02  1.200792e-20
35  -3.603304e-02  9.631670e-20
36  -4.347257e-02  4.529678e-19
37  -3.436160e-02  -7.060956e-19
38  -2.164533e-02  -1.726481e-18
39  2.893837e-02  -1.364002e-18
40  9.395864e-02  -6.899746e-18
41  -8.267087e-03  -5.273147e-18
42  3.476637e-01  2.348723e-18
43  2.673281e-01  -1.314649e-17
44  -4.216884e-01  -2.243225e-17
45  -1.092885e+00  -6.003677e-18
46  -1.133338e+00  6.277618e-17
47  2.001658e+00  -5.350699e-17
48  5.237627e+00  3.977161e-17
49  8.679414e+00  -1.999025e-16
50  1.356357e+00  -1.098283e-15
51  9.897921e+00  4.993755e-16
52  4.507721e+01  -9.147977e-16
53  7.012279e+01  1.592037e-15
54  1.318609e+02  -5.185595e-15
55  8.059709e+01  -3.113331e-15
56  2.438146e+02  6.111370e-15
57  -2.329882e+01  -6.288440e-15
58  -5.634593e+02  1.981393e-14
59  -3.591117e+03  -5.028257e-14
60  -1.056808e+04  -7.459773e-14
61  -3.887047e+04  1.373263e-13
62  -1.262783e+05  5.458671e-14
63  -6.094445e+05  -3.465858e-13
ENDPROP
STARTPROP
MASSES:  4.500000e-02   4.500000e-02
SOURCE: GAM_24
SINKS: GAM_24
0  2.230531e+05  5.753869e-13
1  1.411444e+06  -5.627930e-13
2  5.698436e+05  -7.866478e-14
3  2.813203e+05  -5.778002e-14
4  1.381368e+05  -1.102343e-14
5  6.658852e+04  -6.370718e-14
6  3.342514e+04  4.567425e-15
7  1.624462e+04  2.258839e-14
8  7.232635e+03  -1.663494e-15
9  2.530139e+03  -7.075838e-15
10  9.670080e+02  1.108951e-15
11  4.069020e+02  -2.140116e-15
12  2.134708e+02  -1.497813e-16
13  1.219991e+02  8.589855e-16
14  6.509919e+01  -4.640089e-16
15  1.222870e+01  -1.871125e-16
16  7.333349e+00  -7.145540e-17
17  1.700566e+00  4.094201e-17
18  -1.625310e-01  -5.554057e-17
19  3.985703e-01  -3.765163e-17
20  1.820886e-01  -1.743085e-17
21  -3.573924e-01  1.004242e-17
22  -8.175473e-01  -2.626734e-18
23  -5.936080e-01  -4.042498e-18
24  -2.764196e-01  4.808853e-18
25  -1.073644e-01  -1.385809e-18
26  -1.392092e-01  -2.868299e-18
27  -1.370400e-01  -1.897916e-19
28  -5.801957e-02  5.794358e-19
29  -3.063157e-02  -2.072832e-19
30  -8.606174e-03  2.054403e-20
31  5.796575e-03  -9.496111e-20
32  1.112234e-02  9.971967e-20
33  1.229502e-02  -1.137514e-19
34  8.601990e-03  -3.061059e-19
35  3.075870e-03  -2.737043e-19
36  1.100969e-02  1.115996e-18
37  5.045533e-02  3.884999e-20
38  1.242295e-01  -9.917855e-19
39  2.378726e-01  -2.651862e-18
40  3.732115e-01  6.065576e-18
41  3.993190e-01  -2.380742e-18
42  4.390965e-01  5.509003e-18
43  1.143027e+00  -5.487410e-18
44  1.274985e+00  -2.511015e-17
45  7.941197e-01  1.427344e-17
46  3.309728e+00  -1.695353e-16
47  4.956323e+00  -7.485053e-17
48  7.032152e+00  -6.238719e-16
49  1.095975e+01  -1.724112e-16
50  1.348195e+01  -3.812122e-16
51  7.017230e+01  -2.365718e-17
52  2.522409e+02  -1.238134e-15
53  7.266045e+02  3.043730e-15
54  1.752439e+03  3.092614e-15
55  3.678030e+03  2.447108e-15
56  7.630456e+03  -5.079013e-16
57  1.581102e+04  -6.148145e-15
58  3.134451e+04  -6.142187e-14
59  6.609823e+04  7.121399e-14
60  1.376332e+05  -2.353007e-14
61  2.886554e+05  -1.039807e-13
62  5.950926e+05  -2.808828e-13
63  1.449022e+06  2.392407e-13
ENDPROP
STARTPROP
MASSES:  4.500000e-02   4.500000e-02
SOURCE: GAM_42
SINKS: GAM_42
0  2.230531e+05  5.753869e-13
1  1.411444e+06  -5.627930e-13
2  5.698436e+05  -7.866478e-14
3  2.813203e+05  -5.778002e-14
4  1.381368e+05  -1.102343e-14
5  6.658852e+04  -6.370718e-14
6  3.342514e+04  4.567425e-15
7  1.624462e+04  2.258839e-14
8  7.232635e+03  -1.663494e-15
9  2.530139e+03  -7.075838e-15
10  9.670080e+02  1.108951e-15
11  4.069020e+02  -2.140116e-15
12  2.134708e+02  -1.497813e-16
13  1.219991e+02  8.589855e-16
14  6.509919e+01  -4.640089e-16
15  1.222870e+01  -1.871125e-16
16  7.333349e+00  -7.145540e-17
17  1.700566e+00  4.094201e-17
18  -1.625310e-01  -5.554057e-17
19  3.985703e-01  -3.765163e-17
20  1.820886e-01  -1.743085e-17
21  -3.573924e-01  1.004242e-17
22  -8.175473e-01  -2.626734e-18
23  -5.936080e-01  -4.042498e-18
24  -2.764196e-01  4.808853e-18
25  -1.073644e-01  -1.385809e-18
26  -1.392092e-01  -2.868299e-18
27  -1.370400e-01  -1.897916e-19
28  -5.801957e-02  5.794358e-19
29  -3.063157e-02  -2.072832e-19
30  -8.606174e-03  2.054403e-20
31  5.796575e-03  -9.496111e-20
32  1.112234e-02  9.971967e-20
33  1.229502e-02  -1.137514e-19
34  8.601990e-03  -3.061059e-19
35  3.075870e-03  -2.737043e-19
36  1.100969e-02  1.115996e-18
37  5.045533e-02  3.884999e-20
38  1.242295e-01  -9.917855e-19
39  2.378726e-01  -2.651862e-18
40  3.732115e-01  6.065576e-18
41  3.993190e-01  -2.380742e-18
42  4.390965e-01  5.509003e-18
43  1.143027e+00  -5.487410e-18
44  1.274985e+00  -2.511015e-17
45  7.941197e-01  1.427344e-17
46  3.309728e+00  -1.695353e-16
47  4.956323e+00  -7.485053e-17
48  7.032152e+00  -6.238719e-16
49  1.095975e+01  -1.724112e-16
50  1.348195e+01  -3.812122e-16
51  7.017230e+01  -2.365718e-17
52  2.522409e+02  -1.238134e-15
53  7.266045e+02  3.043730e-15
54  1.752439e+03  3.092614e-15
55  3.678030e+03  2.447108e-15
56  7.630456e+03  -5.079013e-16
57  1.581102e+04  -6.148145e-15
58  3.134451e+04  -6.142187e-14
59  6.609823e+04  7.121399e-14
60  1.376332e+05  -2.353007e-14
61  2.886554e+05  -1.039807e-13
62  5.950926e+05  -2.808828e-13
63  1.449022e+06  2.392407e-13
ENDPROP
STARTPROP
MASSES:  4.500000e-02   4.500000e-02
SOURCE: GAM_34
SINKS: GAM_34
0  2.066913e+05  0.000000e+00
1  1.395107e+06  0.000000e+00
2  5.665787e+05  0.000000e+00
3  2.784248e+05  0.000000e+00
4  1.375569e+05  0.000000e+00
5  6.524527e+04  0.000000e+00
6  3.198139e+04  0.000000e+00
7  1.636423e+04  0.000000e+00
8  8.463478e+03  0.000000e+00
9  4.351452e+03  0.000000e+00
10  2.048335e+03  0.000000e+00
11  9.181321e+02  0.000000e+00
12  4.773624e+02  0.000000e+00
13  1.884932e+02  0.000000e+00
14  1.010896e+02  0.000000e+00
15  5.327495e+01  0.000000e+00
16  3.210504e+01  0.000000e+00
17  1.328515e+01  0.000000e+00
18  1.716315e+00  0.000000e+00
19  -9.249417e-02  0.000000e+00
20  9.415058e-01  0.000000e+00
21  9.939936e-01  0.000000e+00
22  4.476952e-01  0.000000e+00
23  2.064215e-01  0.000000e+00
24  -2.668492e-02  0.000000e+00
25  -1.067250e-01  0.000000e+00
26  -4.797181e-02  0.000000e+00
27  3.280441e-02  0.000000e+00
28  4.078988e-02  0.000000e+00
29  3.832646e-02  0.000000e+00
30  2.427417e-02  0.000000e+00
31  1.991893e-02  0.000000e+00
32  1.029124e-02  0.000000e+00
33  -5.924302e-04  0.000000e+00
34  -1.724097e-02  0.000000e+00
35  -2.892044e-02  0.000000e+00
36  -5.073939e-02  0.000000e+00
37  -1.009222e-01  0.000000e+00
38  -1.426552e-01  0.000000e+00
39  -1.598552e-01  0.000000e+00
40  -2.012374e-01  0.000000e+00
41  4.860465e-02  0.000000e+00
42  3.512028e-01  0.000000e+00
43  1.371638e+00  0.000000e+00
44  3.458569e+00  0.000000e+00
45  7.780045e+00  0.000000e+00
46  9.215878e+00  0.000000e+00
47  1.352223e+01  0.000000e+00
48  2.073204e+01  0.000000e+00
49  3.423851e+01  0.000000e+00
50  4.463925e+01  0.000000e+00
51  1.461665e+02  0.000000e+00
52  3.386661e+02  0.000000e+00
53  7.959222e+02  0.000000e+00
54  1.982756e+03  0.000000e+00
55  4.205159e+03  0.000000e+00
56  8.019412e+03  0.000000e+00
57  1.582480e+04  0.000000e+00
58  3.227736e+04  0.000000e+00
59  6.570415e+04  0.000000e+00
60  1.341675e+05  0.000000e+00
61  2.796367e+05  0.000000e+00
62  5.779684e+05  0.000000e+00
63  1.423694e+06  0.000000e+00
ENDPROP
STARTPROP
MASSES:  4.500000e-02   4.500000e-02
SOURCE: GAM_43
SINKS: GAM_43
0  2.066913e+05  0.000000e+00
1  1.395107e+06  0.000000e+00
2  5.665787e+05  0.000000e+00
3  2.784248e+05  0.000000e+00
4  1.375569e+05  0.000000e+00
5  6.524527e+04  0.000000e+00
6  3.198139e+04  0.000000e+00
7  1.636423e+04  0.000000e+00
8  8.463478e+03  0.000000e+00
9  4.351452e+03  0.000000e+00
10  2.048335e+03  0.000000e+00
11  9.181321e+02  0.000000e+00
12  4.773624e+02  0.000000e+00
13  1.884932e+02  0.000000e+00
14  1.010896e+02  0.000000e+00
15  5.327495e+01  0.000000e+00
16  3.210504e+01  0.000000e+00
17  1.328515e+01  0.000000e+00
18  1.716315e+00  0.000000e+00
19  -9.249417e-02  0.000000e+00
20  9.415058e-01  0.000000e+00
21  9.939936e-01  0.000000e+00
22  4.476952e-01  0.000000e+00
23  2.064215e-01  0.000000e+00
24  -2.668492e-02  0.000000e+00
25  -1.067250e-01  0.000000e+00
26  -4.797181e-02  0.000000e+00
27  3.280441e-02  0.000000e+00
28  4.078988e-02  0.000000e+00
29  3.832646e-02  0.000000e+00
30  2.427417e-02  0.000000e+00
31  1.991893e-02  0.000000e+00
32  1.029124e-02  0.000000e+00
33  -5.924302e-04  0.000000e+00
34  -1.724097e-02  0.000000e+00
35  -2.892044e-02  0.000000e+00
36  -5.073939e-02  0.000000e+00
37  -1.009222e-01  0.000000e+00
38  -1.426552e-01  0.000000e+00
39  -1.598552e-01  0.000000e+00
40  -2.012374e-01  0.000000e+00
41  4.860465e-02  0.000000e+00
42  3.512028e-01  0.000000e+00
43  1.371638e+00  0.000000e+00
44  3.458569e+00  0.000000e+00
45  7.780045e+00  0.000000e+00
46  9.215878e+00  0.000000e+00
47  1.352223e+01  0.000000e+00
48  2.073204e+01  0.000000e+00
49  3.423851e+01  0.000000e+00
50  4.463925e+01  0.000000e+00
51  1.461665e+02  0.000000e+00
52  3.386661e+02  0.000000e+00
53  7.959222e+02  0.000000e+00
54  1.982756e+03  0.000000e+00
55  4.205159e+03  0.000000e+00
56  8.019412e+03  0.000000e+00
57  1.582480e+04  0.000000e+00
58  3.227736e+04  0.000000e+00
59  6.570415e+04  0.000000e+00
60  1.341675e+05  0.000000e+00
61  2.796367e+05  0.000000e+00
62  5.779684e+05  0.000000e+00
63  1.423694e+06  0.000000e+00
ENDPROP
STARTPROP
MASSES:  4.500000e-02   4.500000e-02
SOURCE: GAM_15
SINKS: GAM_15
0  1.677287e+05  3.163594e-13
1  -8.608973e+05  2.523467e-13
2  -2.353646e+05  -2.140187e-13
3  -8.735149e+04  6.441784e-14
4  -3.181911e+04  4.510438e-14
5  -1.439739e+04  -1.027154e-14
6  -6.367578e+03  -2.053490e-14
7  -2.727757e+03  -7.668396e-15
8  -1.325555e+03  -2.801011e-14
9  -7.424354e+02  1.043471e-15
10  -3.043741e+02  -1.281997e-14
11  -2.253838e+01  -4.463684e-15
12  7.821550e+01  -1.506553e-15
13  1.050803e+02  3.944107e-16
14  5.239543e+01  2.305039e-16
15  1.971093e+01  -6.869657e-17
16  -5.475831e+00  -2.605942e-16
17  -9.608255e+00  -1.942391e-16
18  -4.932888e+00  -1.385542e-16
19  -2.907963e+00  4.732353e-17
20  -1.196305e+00  4.157582e-17
21  -1.431359e-01  -2.983834e-17
22  1.165238e-02  -1.530704e-17
23  -2.096604e-01  2.539134e-17
24  -6.183161e-02  -6.822782e-18
25  -6.066064e-02  -5.204505e-19
26  -4.415504e-02  1.004780e-19
27  -3.890338e-02  -1.264205e-18
28  -3.350305e-02  -1.065149e-18
29  -1.258141e-02  3.373319e-19
30  -4.688968e-03  -6.162834e-19
31  -3.278981e-03  -2.250476e-19
32  -4.813731e-03  5.304554e-21
33  -1.803500e-02  -3.206077e-19
34  -3.053579e-02  -2.388162e-19
35  -2.859636e-02  -3.118695e-19
36  -1.948843e-02  -1.594759e-19
37  -3.960030e-03  5.130997e-19
38  -1.800539e-02  1.390331e-18
39  -2.676719e-02  -6.154968e-19
40  2.311169e-02  -9.749589e-18
41  1.615741e-01  3.656314e-18
42  -2.500414e-01  8.725356e-18
43  -5.218913e-01  -1.656092e-17
44  1.089992e+00  3.003196e-17
45  4.209551e+00  6.903437e-17
46  9.393866e+00  -1.491967e-16
47  1.452825e+01  9.231111e-18
48  2.233980e+01  1.825784e-16
49  4.110828e+01  4.277816e-16
50  4.736164e+01  -9.653820e-16
51  5.048615e+01  3.797320e-16
52  -3.443530e+01  -2.262763e-15
53  -6.482071e+01  2.752857e-18
54  1.324153e+02  -8.017497e-15
55  8.377417e+02  3.385559e-15
56  1.362704e+03  4.267279e-15
57  1.649024e+03  -9.449317e-15
58  -7.045319e+02  -5.892895e-14
59  -7.911388e+03  -7.780210e-14
60  -2.953033e+04  -1.814188e-13
61  -9.182532e+04  -1.390888e-13
62  -2.433696e+05  1.882501e-13
63  -8.742524e+05  -1.184929e-13
ENDPROP
STARTPROP
MASSES:  4.500000e-02   4.500000e-02
SOURCE: GAM_25
SINKS: GAM_25
0  1.849400e+05  2.488821e-13
1  -8.271021e+05  -6.283689e-13
2  -2.158042e+05  -3.390177e-13
3  -7.820726e+04  1.560459e-13
4  -2.970517e+04  -2.637403e-14
5  -1.081418e+04  3.460489e-14
6  -3.685013e+03  6.501710e-14
7  -8.664757e+02  1.439653e-14
8  4.735495e+02  -3.405140e-16
9  5.519870e+02  -1.155040e-14
10  3.326063e+02  8.083206e-15
11  1.802856e+02  -3.189422e-15
12  8.728545e+01  -1.077805e-15
13  8.267712e+01  1.461347e-15
14  4.072285e+01  -1.899791e-15
15  2.358069e+01  -1.553616e-16
16  1.406256e+01  2.138696e-16
17  5.699809e+00  1.693139e-18
18  -3.016400e-01  -1.957357e-16
19  -2.958340e+00  1.339310e-16
20  -2.587876e+00  -1.942919e-17
21  -1.288440e+00  2.669348e-17
22  -3.873888e-01  1.717774e-17
23  -2.771284e-01  -1.148816e-17
24  -1.186500e-02  -4.365645e-18
25  5.859487e-02  2.708439e-18
26  -4.846120e-02  1.870645e-18
27  -5.223795e-02  -3.055998e-18
28  -2.079681e-02  -2.680644e-19
29  -9.713491e-03  6.662785e-19
30  -1.841994e-03  -6.517926e-19
31  -5.631749e-03  -4.580084e-20
32  -6.765722e-03  -1.147524e-19
33  -7.203099e-03  -1.173183e-20
34  6.721074e-03  -1.205393e-19
35  1.403958e-02  8.325152e-20
36  1.779590e-02  8.386466e-19
37  3.166324e-02  -9.359090e-19
38  7.960647e-02  -1.788107e-18
39  1.065354e-01  9.250444e-19
40  2.008191e-01  1.147013e-18
41  1.847222e-01  9.530700e-18
42  -3.596707e-04  4.329955e-17
43  -5.157196e-01  -1.901012e-17
44  -2.385921e-01  1.258774e-17
45  -4.281703e-01  -1.412225e-17
46  -1.622470e+00  4.643234e-17
47  -2.447965e+00  5.039966e-16
48  4.395797e-01  -5.642878e-16
49  2.226356e+00  1.660552e-16
50  2.478582e+01  1.870959e-15
51  5.231867e+01  -1.665426e-15
52  7.402781e+01  1.354976e-15
53  9.894623e+01  -3.471844e-15
54  2.593339e+02  2.101145e-15
55  5.109888e+02  2.382689e-14
56  8.963135e+02  2.484327e-14
57  6.798687e+02  -4.748703e-14
58  2.416454e+02  -3.107710e-14
59  -4.866933e+03  -3.151188e-14
60  -2.571687e+04  2.412683e-14
61  -8.293224e+04  -7.682611e-14
62  -2.286618e+05  -1.228691e-13
63  -8.495027e+05  4.048246e-13
ENDPROP
STARTPROP
MASSES:  4.500000e-02   4.500000e-02
SOURCE: GAM_35
SINKS: GAM_35
0  1.974857e+05  2.688201e-13
1  -8.259696e+05  1.625212e-13
2  -2.186271e+05  -1.575959e-13
3  -7.951990e+04  -4.942114e-14
4  -2.759979e+04  1.534527e-14
5  -9.048249e+03  6.206476e-14
6  -2.767244e+03  4.988689e-14
7  -1.015955e+03  -6.695973e-15
8  -3.281558e+02  -1.031841e-14
9  -2.800779e+02  1.344788e-14
10  -1.631003e+02  -6.812974e-15
11  -7.256577e+01  -4.004470e-15
12  -1.046355e+02  -4.270838e-15
13  -9.416329e+01  -8.840534e-16
14  -2.949919e+01  -3.042695e-16
15  1.077434e+01  3.631953e-16
16  9.624827e+00  9.007748e-17
17  7.006956e+00  -2.743354e-17
18  2.996712e+00  -1.225544e-16
19  1.398893e+00  1.821601e-16
20  2.353254e-01  -4.955235e-18
21  -5.467469e-02  2.650955e-17
22  5.030768e-01  -6.147391e-19
23  4.503837e-01  -2.934341e-19
24  9.708958e-02  4.264559e-19
25  -6.823949e-03  9.551012e-19
26  5.498492e-02  3.890453e-18
27  1.859992e-02  2.957031e-19
28  -1.197984e-03  1.872638e-18
29  -7.252196e-03  3.670459e-19
30  -1.714867e-02  1.985699e-21
31  -1.595089e-02  2.253849e-20
32  -1.073116e-02  1.574198e-19
33  -1.860465e-03  -9.976028e-20
34  1.320315e-02  -6.739733e-19
35  2.012672e-02  -4.212184e-19
36  2.581946e-02  1.195802e-18
37  1.574628e-03  -1.482281e-19
38  -2.347284e-03  -1.838348e-19
39  4.624559e-02  -9.734911e-18
40  8.653243e-02  8.861569e-19
41  3.742373e-02  6.768429e-18
42  -2.310536e-02  -8.162230e-18
43  -5.389239e-02  3.708386e-18
44  -1.317781e+00  4.229954e-17
45  -3.074081e+00  -6.522076e-17
46  -3.637895e+00  -6.503732e-17
47  -7.590225e+00  -7.370394e-17
48  -1.513891e+01  4.263074e-16
49  -2.871903e+01  8.183335e-16
50  -2.244024e+01  -1.466121e-15
51  2.948296e+00  9.874477e-16
52  -3.364217e+01  1.432068e-15
53  -7.278513e+01  -5.824108e-15
54  -2.233575e+01  -3.306131e-15
55  -1.175960e+02  3.067660e-15
56  -5.179721e+02  2.290286e-14
57  -1.248164e+03  -4.817156e-15
58  -3.452023e+03  -5.557475e-14
59  -9.465442e+03  2.141583e-14
60  -2.634097e+04  9.619749e-14
61  -8.007290e+04  3.257922e-13
62  -2.250766e+05  8.918200e-15
63  -8.484147e+05  2.783109e-13
ENDPROP
STARTPROP
MASSES:  4.500000e-02   4.500000e-02
SOURCE: GAM_45
SINKS: GAM_45
0  -9.439823e+05  3.628768e-13
1  1.137150e+06  8.498573e-15
2  5.505948e+05  3.809247e-13
3  3.476182e+05  -5.066320e-14
4  2.180409e+05  -5.072775e-14
5  1.328507e+05  -5.585986e-15
6  8.253825e+04  1.318578e-14
7  5.053141e+04  -1.049480e-14
8  3.132786e+04  1.456229e-14
9  1.938033e+04  1.988840e-15
10  1.186906e+04  5.835708e-15
11  7.414268e+03  -4.818432e-16
12  4.613635e+03  -9.839440e-16
13  2.821479e+03  8.193638e-16
14  1.700658e+03  6.791674e-17
15  1.033286e+03  -6.922484e-16
16  6.173270e+02  8.933887e-17
17  3.687956e+02  -2.002401e-16
18  2.254792e+02  -1.403861e-16
19  1.386810e+02  6.023479e-17
20  8.510537e+01  1.503474e-17
21  5.142294e+01  -2.432471e-17
22  3.142723e+01  -1.130969e-17
23  1.882144e+01  3.044653e-19
24  1.167185e+01  -1.480521e-17
25  7.023575e+00  4.324969e-18
26  4.221375e+00  1.771442e-18
27  2.599554e+00  2.128696e-18
28  1.566358e+00  -2.359448e-19
29  9.693216e-01  -3.136179e-19
30  6.291779e-01  1.201700e-19
31  4.721800e-01  -2.084534e-19
32  4.222849e-01  3.750742e-19
33  4.804974e-01  5.179575e-20
34  6.524784e-01  4.364737e-19
35  9.905837e-01  -1.579500e-19
36  1.587224e+00  -1.343306e-19
37  2.519437e+00  -4.114568e-19
38  4.050999e+00  3.470927e-18
39  6.667272e+00  -1.209895e-18
40  1.092260e+01  -3.572836e-18
41  1.810754e+01  -2.943915e-18
42  2.965234e+01  3.628678e-17
43  4.885664e+01  1.732258e-18
44  8.028282e+01  1.622871e-17
45  1.305594e+02  1.010374e-16
46  2.112608e+02  4.839225e-17
47  3.456894e+02  -3.929238e-17
48  5.661463e+02  -4.678849e-16
49  9.419050e+02  -2.215079e-16
50  1.540285e+03  7.455833e-16
51  2.553613e+03  -1.030280e-15
52  4.182099e+03  1.221895e-15
53  6.919705e+03  1.490245e-15
54  1.145324e+04  5.701095e-15
55  1.887599e+04  -1.675182e-15
56  3.093921e+04  6.385148e-15
57  5.098256e+04  4.709945e-15
58  8.296538e+04  7.369294e-14
59  1.358354e+05  8.273310e-14
60  2.183469e+05  2.085672e-14
61  3.540112e+05  -3.545733e-13
62  5.624429e+05  -4.687518e-13
63  1.158044e+06  -4.016105e-13
ENDPROP
STARTPROP
MASSES:  4.500000e-02   4.500000e-02
SOURCE: PSAX4
SINKS: GAM_4
0  -2.737655e+01  -1.263096e-14
1  1.754962e+06  -1.445873e-13
2  9.686469e+05  -1.022957e-13
3  5.998350e+05  6.659500e-14
4  3.710750e+05  -8.669206e-15
5  2.264630e+05  -6.132207e-15
6  1.395199e+05  -4.132315e-15
7  8.493156e+04  -1.076215e-14
8  5.241522e+04  1.044300e-14
9  3.233289e+04  -3.165016e-16
10  1.971922e+04  8.811320e-16
11  1.233368e+04  -1.773860e-15
12  7.643878e+03  9.125425e-16
13  4.683087e+03  5.292584e-16
14  2.809097e+03  -1.090400e-16
15  1.693886e+03  -5.916920e-17
16  1.012633e+03  2.035011e-16
17  6.087612e+02  -1.151102e-16
18  3.731324e+02  -1.100697e-16
19  2.294448e+02  -2.357081e-17
20  1.407061e+02  -1.900863e-17
21  8.509780e+01  4.450099e-18
22  5.190081e+01  -7.020384e-18
23  3.111212e+01  -9.736635e-19
24  1.931259e+01  -2.568481e-18
25  1.166185e+01  1.426972e-18
26  7.025089e+00  6.477258e-19
27  4.270813e+00  -3.703920e-19
28  2.524947e+00  -3.428922e-19
29  1.462956e+00  1.101952e-19
30  7.945083e-01  -1.081172e-19
31  3.491740e-01  1.242121e-19
32  -1.386696e-02  4.633602e-20
33  -3.704024e-01  -2.149581e-20
34  -8.219761e-01  1.321829e-20
35  -1.478072e+00  -2.747504e-20
36  -2.512245e+00  -1.892170e-20
37  -4.114101e+00  8.937976e-20
38  -6.741999e+00  -5.067442e-19
39  -1.117249e+01  1.055612e-18
40  -1.832613e+01  8.963892e-19
41  -3.045362e+01  1.220838e-18
42  -4.997051e+01  7.534533e-18
43  -8.262327e+01  -1.856016e-17
44  -1.359659e+02  -1.892648e-17
45  -2.217135e+02  -4.238738e-19
46  -3.603100e+02  5.811563e-17
47  -5.919808e+02  -1.160852e-17
48  -9.734345e+02  7.275590e-18
49  -1.617726e+03  -3.905410e-17
50  -2.657287e+03  3.063981e-16
51  -4.399633e+03  -7.264193e-16
52  -7.216595e+03  -1.438665e-15
53  -1.197373e+04  -3.883794e-16
54  -1.979887e+04  1.721281e-15
55  -3.239988e+04  1.604657e-16
56  -5.260322e+04  -7.867008e-15
57  -8.611083e+04  -5.751235e-15
58  -1.400323e+05  -2.179192e-15
59  -2.285843e+05  2.652867e-14
60  -3.695843e+05  8.296369e-15
61  -6.028560e+05  1.215651e-14
62  -9.734052e+05  5.118567e-14
63  -1.768584e+06  1.885923e-13
ENDPROP
STARTPROP
MASSES:  4.500000e-02   4.500000e-02
SOURCE: WWPSAX4
SINKS: GAM_4
0  -9.499284e+07  -1.490116e-08
1  1.261761e+09  3.841706e-09
2  5.765987e+08  3.725290e-09
3  3.653610e+08  0.000000e+00
4  1.842895e+08  6.984919e-10
5  7.274806e+07  -4.656613e-10
6  9.054167e+07  -1.746230e-10
7  4.572173e+07  2.037268e-10
8  3.010427e+07  -1.455192e-11
9  1.391895e+07  0.000000e+00
10  1.182664e+07  1.455192e-11
11  5.535781e+06  0.000000e+00
12  5.080050e+06  9.094947e-12
13  2.119819e+06  1.818989e-11
14  6.460195e+05  1.227818e-11
15  8.987207e+05  -8.185452e-12
16  3.915570e+05  -3.126388e-12
17  2.482165e+05  0.000000e+00
18  1.358030e+05  4.547474e-13
19  1.538842e+05  1.136868e-13
20  8.694450e+04  3.979039e-13
21  4.168930e+04  1.563194e-13
22  3.206736e+04  -2.842171e-14
23  1.159544e+04  8.526513e-14
24  1.224755e+04  -1.136868e-13
25  5.024932e+03  1.421085e-14
26  3.579935e+03  3.552714e-15
27  2.367992e+03  3.907985e-14
28  1.224144e+03  -2.664535e-15
29  5.823275e+02  -3.552714e-15
30  4.420233e+02  -8.881784e-16
31  1.070703e+02  4.329870e-15
32  1.080079e+01  -1.998401e-15
33  -1.886368e+02  3.552714e-15
34  -4.407289e+02  1.443290e-15
35  -7.333422e+02  -1.776357e-15
36  -1.237033e+03  -1.332268e-15
37  -2.238678e+03  -3.552714e-15
38  -2.870766e+03  -3.108624e-15
39  -6.893458e+03  -5.684342e-14
40  -7.666121e+03  3.552714e-14
41  -1.122087e+04  -1.705303e-13
42  -2.889324e+04  -1.136868e-13
43  -3.937796e+04  0.000000e+00
44  -7.335413e+04  6.821210e-13
45  -1.098066e+05  0.000000e+00
46  -1.762125e+05  -1.705303e-12
47  -2.780182e+05  -3.410605e-13
48  -5.766008e+05  -9.094947e-13
49  -9.414808e+05  -3.069545e-12
50  -9.205251e+05  1.796252e-11
51  -2.001750e+06  -3.637979e-11
52  -3.434500e+06  -3.637979e-11
53  -4.575498e+06  3.637979e-12
54  -8.097685e+06  -3.819878e-11
55  -2.159198e+07  0.000000e+00
56  -1.695447e+07  -1.455192e-10
57  -2.510648e+07  -1.236913e-10
58  -6.714860e+07  8.155894e-10
59  -1.231043e+08  1.164153e-10
60  -2.080559e+08  0.000000e+00
61  -2.040808e+08  -2.328306e-10
62  -5.425082e+08  -2.793968e-09
63  -2.379944e+09  -2.328306e-09
ENDPROP
STARTPROP
MASSES:  4.500000e-02   4.500000e-02
SOURCE: WWGAM_5
SINKS: GAM_5
0  2.192739e+10  0.000000e+00
1  1.826656e+09  0.000000e+00
2  8.653551e+08  0.000000e+00
3  5.085458e+08  0.000000e+00
4  2.753423e+08  0.000000e+00
5  1.577036e+08  0.000000e+00
6  1.366260e+08  0.000000e+00
7  7.323387e+07  0.000000e+00
8  4.149181e+07  0.000000e+00
9  2.611383e+07  0.000000e+00
10  1.758042e+07  0.000000e+00
11  8.927967e+06  0.000000e+00
12  7.306213e+06  0.000000e+00
13  3.786432e+06  0.000000e+00
14  1.615130e+06  0.000000e+00
15  1.474241e+06  0.000000e+00
16  8.096592e+05  0.000000e+00
17  4.684624e+05  0.000000e+00
18  2.828324e+05  0.000000e+00
19  2.117488e+05  0.000000e+00
20  1.267541e+05  0.000000e+00
21  6.836815e+04  0.000000e+00
22  5.107714e+04  0.000000e+00
23  2.292406e+04  0.000000e+00
24  1.894555e+04  0.000000e+00
25  8.736844e+03  0.000000e+00
26  6.043636e+03  0.000000e+00
27  3.871334e+03  0.000000e+00
28  2.227652e+03  0.000000e+00
29  1.240111e+03  0.000000e+00
30  9.827681e+02  0.000000e+00
31  6.295954e+02  0.000000e+00
32  4.820755e+02  0.000000e+00
33  6.061286e+02  0.000000e+00
34  7.533198e+02  0.000000e+00
35  1.272959e+03  0.000000e+00
36  2.091102e+03  0.000000e+00
37  3.697747e+03  0.000000e+00
38  5.265790e+03  0.000000e+00
39  9.361354e+03  0.000000e+00
40  1.408358e+04  0.000000e+00
41  2.093796e+04  0.000000e+00
42  4.624189e+04  0.000000e+00
43  6.633834e+04  0.000000e+00
44  1.109209e+05  0.000000e+00
45  1.848386e+05  0.000000e+00
46  2.578782e+05  0.000000e+00
47  4.449993e+05  0.000000e+00
48  8.728741e+05  0.000000e+00
49  1.399959e+06  0.000000e+00
50  1.838156e+06  0.000000e+00
51  3.732506e+06  0.000000e+00
52  6.176862e+06  0.000000e+00
53  9.094925e+06  0.000000e+00
54  1.354321e+07  0.000000e+00
55  3.089441e+07  0.000000e+00
56  3.853830e+07  0.000000e+00
57  5.176991e+07  0.000000e+00
58  1.101467e+08  0.000000e+00
59  1.985442e+08  0.000000e+00
60  3.155290e+08  0.000000e+00
61  3.661750e+08  0.000000e+00
62  8.359468e+08  0.000000e+00
63  2.837113e+09  0.000000e+00
ENDPROP
